0 1 351
0 2 122
0 3 43
0 4 113
0 5 55
0 6 22
0 7 34
0 8 24
0 9 45
0 10 11
0 11 10
0 12 18
0 13 15
0 14 23
0 15 16
0 16 49
0 17 15
0 18 28
0 19 16
0 21 26
0 23 10
0 24 5
0 25 26
0 26 20
0 27 6
0 28 7
0 29 4
0 30 2
0 31 3
0 32 7
0 33 7
0 34 6
0 35 10
0 37 13
0 38 3
0 39 7
0 40 1
0 41 5
0 42 4
0 43 32
0 44 2
0 45 10
0 46 1
0 47 2
0 48 6
0 49 7
0 51 12
0 52 4
0 53 9
0 55 10
0 56 9
0 57 11
0 58 4
0 59 2
0 60 9
0 61 13
0 62 5
0 63 1
0 64 1
0 65 3
0 66 10
0 68 12
0 69 1
0 70 2
0 71 13
0 72 4
0 73 5
0 75 8
0 77 10
0 79 3
0 81 5
0 84 7
0 85 14
0 86 1
0 87 8
0 88 1
0 89 1
0 90 4
0 91 1
0 94 2
0 96 3
0 97 9
0 98 2
0 99 1
0 100 4
0 101 9
0 103 2
0 105 5
0 106 8
0 110 5
0 116 5
0 117 2
0 118 2
0 121 6
0 125 1
0 128 1
0 129 2
0 131 2
0 133 7
0 134 1
0 141 1
0 142 1
0 143 4
0 147 2
0 148 1
0 150 3
0 151 4
0 154 1
0 156 7
0 157 3
0 158 1
0 160 3
0 161 1
0 162 1
0 163 2
0 166 3
0 167 4
0 170 1
0 171 3
0 173 5
0 174 8
0 175 1
0 177 1
0 178 1
0 180 1
0 181 1
0 182 2
0 190 2
0 194 3
0 195 1
0 196 1
0 197 2
0 199 3
0 200 3
0 202 2
0 205 1
0 206 3
0 207 1
0 208 1
0 209 1
0 211 3
0 216 4
0 218 6
0 219 1
0 224 1
0 226 3
0 227 3
0 230 3
0 233 1
0 234 2
0 235 3
0 238 1
0 240 2
0 243 1
0 244 2
0 246 1
0 249 2
0 250 1
0 252 2
0 255 6
0 256 2
0 259 3
0 261 1
0 262 1
0 265 1
0 270 2
0 273 1
0 275 1
0 276 1
0 277 4
0 278 4
0 280 1
0 284 1
0 287 4
0 288 3
0 291 1
0 292 1
0 295 1
0 297 1
0 298 2
0 299 5
0 300 2
0 302 3
0 303 4
0 306 4
0 314 1
0 317 1
0 318 1
0 322 1
0 326 4
0 328 3
0 331 2
0 332 1
0 333 1
0 335 1
0 337 1
0 338 1
0 341 1
0 342 3
0 343 2
0 347 3
0 349 1
0 350 3
0 360 2
0 361 3
0 362 2
0 373 2
0 375 2
0 379 1
0 381 2
0 388 1
0 405 2
0 414 5
0 420 1
0 421 2
0 427 2
0 429 2
0 440 4
0 447 2
0 457 1
0 460 3
0 461 1
0 474 2
0 475 1
0 479 1
0 487 3
0 495 1
0 503 1
0 510 1
0 512 1
0 514 1
0 517 2
0 519 2
0 524 1
0 525 1
0 527 3
0 532 2
0 536 1
0 540 2
0 547 1
0 551 1
0 554 2
0 563 1
0 570 4
0 572 3
0 579 1
0 587 1
0 589 3
0 590 1
0 601 1
0 602 2
0 603 1
0 608 2
0 610 1
0 613 2
0 614 1
0 619 1
0 620 1
0 635 1
0 638 3
0 640 1
0 645 1
0 647 2
0 654 2
0 656 1
0 663 2
0 664 1
0 667 4
0 669 1
0 671 2
0 677 2
0 682 1
0 684 2
0 692 1
0 702 1
0 703 2
0 705 1
0 706 1
0 712 1
0 720 2
0 725 1
0 729 2
0 756 2
0 771 2
0 784 2
0 789 2
0 809 1
0 812 1
0 814 2
0 816 1
0 830 1
0 844 1
0 845 2
0 866 2
0 868 1
0 871 1
0 878 2
0 888 2
0 894 1
0 912 2
0 916 1
0 918 2
0 922 1
0 923 1
0 929 1
0 934 2
0 938 1
0 947 1
0 950 2
0 952 1
0 953 2
0 972 1
0 975 1
0 983 2
0 989 2
0 992 1
0 1007 2
0 1008 2
0 1012 1
0 1013 2
0 1023 2
0 1035 1
0 1046 1
0 1056 1
0 1057 2
0 1060 2
0 1073 1
0 1089 1
0 1094 2
0 1101 1
0 1106 1
0 1110 1
0 1114 2
0 1115 2
0 1120 1
0 1123 1
0 1131 1
0 1133 1
0 1135 2
0 1144 1
0 1145 1
0 1150 1
0 1152 1
0 1154 1
0 1156 1
0 1163 1
0 1171 1
0 1172 1
0 1181 1
0 1182 1
0 1190 1
0 1191 1
0 1224 1
0 1227 1
0 1228 1
0 1246 1
0 1253 1
0 1282 1
0 1294 1
0 1302 1
0 1308 1
0 1309 1
0 1319 1
0 1346 1
0 1351 1
0 1358 1
0 1366 1
0 1375 1
0 1379 1
0 1380 1
0 1400 1
0 1402 1
0 1424 1
0 1450 1
0 1452 1
0 1455 1
0 1457 1
0 1464 1
0 1469 1
0 1476 1
0 1482 1
0 1483 1
0 1506 1
0 1526 1
0 1530 1
0 1531 1
0 1555 1
0 1557 1
0 1566 1
0 1580 1
0 1627 1
0 1661 1
0 1671 1
0 1672 1
0 1677 1
0 1680 1
0 1694 1
0 1702 1
0 1706 1
0 1708 1
0 1723 1
0 1725 1
0 1729 1
0 1736 1
0 1741 1
0 1747 1
0 1749 1
0 1758 1
0 1760 1
0 1763 1
0 1766 1
0 1771 1
0 1772 1
0 1775 1
0 1777 1
0 1792 1
0 1804 1
0 1810 1
0 1835 1
0 1836 1
0 1843 1
0 1852 1
0 1859 1
0 1863 1
0 1868 1
0 1883 1
0 1896 1
0 1899 1
0 1914 1
0 1924 1
0 1933 1
1 2 376
1 3 17
1 4 122
1 5 78
1 6 44
1 7 55
1 8 62
1 9 90
1 10 68
1 11 27
1 12 98
1 13 15
1 14 99
1 15 21
1 16 107
1 17 61
1 18 30
1 19 8
1 21 54
1 22 2
1 23 12
1 24 14
1 25 30
1 26 5
1 27 11
1 28 13
1 29 7
1 30 35
1 31 21
1 32 9
1 33 35
1 34 10
1 35 8
1 36 18
1 37 3
1 38 11
1 39 36
1 40 5
1 41 7
1 42 6
1 43 10
1 44 5
1 45 6
1 46 13
1 47 30
1 48 6
1 50 8
1 51 1
1 52 14
1 55 20
1 56 12
1 57 1
1 58 15
1 59 9
1 61 6
1 62 12
1 63 5
1 64 47
1 65 3
1 67 2
1 69 15
1 70 2
1 71 7
1 72 3
1 73 4
1 74 2
1 75 4
1 76 5
1 77 29
1 79 1
1 81 11
1 84 5
1 86 14
1 88 3
1 89 6
1 90 3
1 91 1
1 92 1
1 94 7
1 95 1
1 96 1
1 97 3
1 98 1
1 99 3
1 100 9
1 101 4
1 102 7
1 103 8
1 104 2
1 105 2
1 106 8
1 107 5
1 109 4
1 115 1
1 116 3
1 117 5
1 120 1
1 121 2
1 122 2
1 124 2
1 127 2
1 128 1
1 129 7
1 130 3
1 134 1
1 135 7
1 137 2
1 138 2
1 140 4
1 143 3
1 144 3
1 145 2
1 147 2
1 148 9
1 150 1
1 154 2
1 155 7
1 157 4
1 158 1
1 159 2
1 161 3
1 162 1
1 164 12
1 169 1
1 170 2
1 172 5
1 174 3
1 175 1
1 178 1
1 179 2
1 181 9
1 182 4
1 183 3
1 185 2
1 188 1
1 190 1
1 191 1
1 194 3
1 195 2
1 196 2
1 197 4
1 199 11
1 201 5
1 203 6
1 210 8
1 211 3
1 212 2
1 215 1
1 221 2
1 222 2
1 224 6
1 225 1
1 226 2
1 229 3
1 230 1
1 231 7
1 233 3
1 235 5
1 236 2
1 237 1
1 239 3
1 240 1
1 241 5
1 243 2
1 244 2
1 245 2
1 246 5
1 251 1
1 254 6
1 255 4
1 256 7
1 260 2
1 263 1
1 264 4
1 266 2
1 275 4
1 276 2
1 278 1
1 281 2
1 286 2
1 290 2
1 293 4
1 295 2
1 296 2
1 300 2
1 304 1
1 307 1
1 308 4
1 309 2
1 311 3
1 313 1
1 314 2
1 315 4
1 316 1
1 317 4
1 321 1
1 323 4
1 325 4
1 329 2
1 331 1
1 333 4
1 334 1
1 337 1
1 340 1
1 341 3
1 342 2
1 343 1
1 348 1
1 349 1
1 351 1
1 352 3
1 353 1
1 355 3
1 363 2
1 364 2
1 365 1
1 368 1
1 372 2
1 373 2
1 375 4
1 376 2
1 379 5
1 381 3
1 382 5
1 383 1
1 385 3
1 386 3
1 393 2
1 394 1
1 396 1
1 398 1
1 406 2
1 408 1
1 409 1
1 410 3
1 411 2
1 417 2
1 421 1
1 422 3
1 426 1
1 430 1
1 431 2
1 434 6
1 435 1
1 438 2
1 439 2
1 441 2
1 443 2
1 446 1
1 448 4
1 455 3
1 456 1
1 462 3
1 466 1
1 470 2
1 472 2
1 476 1
1 478 2
1 479 1
1 480 1
1 489 2
1 491 1
1 498 1
1 501 1
1 504 2
1 505 1
1 510 3
1 512 2
1 513 1
1 514 1
1 521 1
1 524 1
1 527 1
1 530 1
1 531 1
1 534 3
1 538 1
1 539 1
1 541 2
1 542 3
1 545 2
1 546 2
1 551 2
1 553 3
1 555 1
1 557 2
1 559 1
1 561 1
1 563 1
1 564 2
1 565 2
1 566 1
1 567 3
1 568 3
1 569 3
1 574 1
1 575 3
1 579 2
1 580 4
1 585 1
1 586 2
1 591 3
1 600 2
1 601 1
1 602 1
1 605 2
1 606 4
1 608 1
1 619 2
1 622 3
1 624 1
1 625 2
1 626 4
1 630 1
1 632 2
1 633 2
1 639 1
1 641 2
1 644 2
1 649 3
1 651 1
1 652 1
1 653 3
1 655 1
1 656 1
1 657 3
1 665 2
1 666 1
1 670 1
1 676 4
1 685 3
1 691 2
1 692 2
1 694 2
1 695 3
1 696 1
1 699 1
1 714 3
1 725 2
1 731 1
1 734 1
1 736 1
1 740 1
1 741 1
1 742 1
1 746 3
1 747 1
1 748 2
1 751 2
1 753 1
1 754 1
1 755 3
1 757 1
1 760 3
1 764 2
1 770 2
1 779 2
1 787 1
1 794 1
1 795 2
1 796 2
1 798 1
1 801 1
1 807 1
1 811 1
1 828 1
1 832 2
1 839 1
1 842 1
1 844 1
1 849 2
1 854 1
1 858 1
1 862 1
1 863 1
1 871 1
1 874 2
1 877 2
1 886 2
1 887 1
1 894 1
1 903 1
1 910 1
1 915 1
1 921 1
1 922 1
1 923 1
1 925 1
1 926 2
1 929 1
1 931 1
1 935 1
1 941 2
1 948 1
1 955 1
1 956 1
1 960 1
1 962 2
1 971 1
1 972 1
1 975 1
1 981 2
1 985 1
1 987 2
1 1000 2
1 1001 1
1 1005 1
1 1010 1
1 1014 2
1 1015 1
1 1021 2
1 1024 1
1 1031 1
1 1033 1
1 1036 2
1 1037 1
1 1038 1
1 1045 2
1 1048 1
1 1051 1
1 1052 1
1 1053 1
1 1062 1
1 1066 1
1 1075 1
1 1082 2
1 1091 1
1 1095 1
1 1096 1
1 1098 1
1 1099 2
1 1101 1
1 1102 1
1 1103 1
1 1104 1
1 1105 1
1 1122 1
1 1127 1
1 1128 2
1 1129 2
1 1134 2
1 1137 2
1 1138 1
1 1141 1
1 1155 2
1 1162 2
1 1165 2
1 1169 1
1 1170 1
1 1172 1
1 1180 1
1 1181 1
1 1182 1
1 1183 1
1 1185 2
1 1187 1
1 1192 1
1 1201 1
1 1212 1
1 1215 1
1 1236 1
1 1239 1
1 1244 1
1 1250 1
1 1251 1
1 1260 1
1 1263 1
1 1264 1
1 1268 1
1 1273 1
1 1283 1
1 1285 1
1 1296 1
1 1299 1
1 1300 1
1 1306 1
1 1311 1
1 1320 1
1 1324 1
1 1325 1
1 1327 1
1 1340 1
1 1343 1
1 1349 1
1 1350 1
1 1354 1
1 1360 1
1 1371 1
1 1372 1
1 1386 1
1 1391 1
1 1393 1
1 1404 1
1 1413 1
1 1414 1
1 1420 1
1 1425 1
1 1427 1
1 1428 1
1 1453 1
1 1467 1
1 1470 1
1 1475 1
1 1491 1
1 1497 1
1 1511 1
1 1524 1
1 1529 1
1 1534 1
1 1535 1
1 1543 1
1 1552 1
1 1556 1
1 1560 1
1 1562 1
1 1568 1
1 1571 1
1 1572 1
1 1574 1
1 1582 1
1 1589 1
1 1590 1
1 1599 1
1 1605 1
1 1608 1
1 1615 1
1 1616 1
1 1618 1
1 1621 1
1 1622 1
1 1637 1
1 1638 1
1 1642 1
1 1648 1
1 1649 1
1 1651 1
1 1653 1
1 1654 1
1 1664 1
1 1667 1
1 1669 1
1 1679 1
1 1685 1
1 1686 1
1 1689 1
1 1693 1
1 1696 1
1 1697 1
1 1699 1
1 1703 1
1 1715 1
1 1716 1
1 1721 1
1 1731 1
1 1738 1
1 1748 1
1 1752 1
1 1755 1
1 1765 1
1 1767 1
1 1785 1
1 1788 1
1 1798 1
1 1800 1
1 1809 1
1 1819 1
1 1823 1
1 1832 1
1 1838 1
1 1840 1
1 1844 1
1 1846 1
1 1851 1
1 1853 1
1 1854 1
1 1858 1
1 1866 1
1 1872 1
1 1881 1
1 1884 1
1 1895 1
1 1897 1
1 1905 1
1 1912 1
1 1918 1
1 1920 1
1 1927 1
1 1930 1
2 3 5
2 4 39
2 5 19
2 6 3
2 7 20
2 8 10
2 9 38
2 10 6
2 11 5
2 12 11
2 13 5
2 14 41
2 15 5
2 16 44
2 17 11
2 18 8
2 19 2
2 21 6
2 23 2
2 25 7
2 26 7
2 27 2
2 28 1
2 29 1
2 30 12
2 31 8
2 32 7
2 33 7
2 34 19
2 35 2
2 39 5
2 43 14
2 44 1
2 46 8
2 47 5
2 48 2
2 51 2
2 55 2
2 56 4
2 57 8
2 59 1
2 61 3
2 64 1
2 65 1
2 67 10
2 69 4
2 71 1
2 72 2
2 77 7
2 78 1
2 79 9
2 81 11
2 82 1
2 83 2
2 84 2
2 85 3
2 86 1
2 87 12
2 89 6
2 91 1
2 94 2
2 99 1
2 102 5
2 104 3
2 106 4
2 108 3
2 109 1
2 110 2
2 116 1
2 117 2
2 119 5
2 120 1
2 121 2
2 122 1
2 128 3
2 129 4
2 130 3
2 135 1
2 137 1
2 145 2
2 148 1
2 152 2
2 153 3
2 154 2
2 160 3
2 163 1
2 168 1
2 169 1
2 171 1
2 172 2
2 174 2
2 175 3
2 178 3
2 180 1
2 182 1
2 185 7
2 191 7
2 209 2
2 219 2
2 222 2
2 230 1
2 233 1
2 235 2
2 237 4
2 239 3
2 246 1
2 259 1
2 270 2
2 271 2
2 273 1
2 274 1
2 283 1
2 284 6
2 297 1
2 300 2
2 303 1
2 304 1
2 305 1
2 307 1
2 315 1
2 326 1
2 327 2
2 334 1
2 359 6
2 366 7
2 385 1
2 390 4
2 394 2
2 411 2
2 430 1
2 431 2
2 441 1
2 443 1
2 446 2
2 453 2
2 463 2
2 466 1
2 468 1
2 481 3
2 491 3
2 502 3
2 505 2
2 511 1
2 523 1
2 541 2
2 544 2
2 547 1
2 557 1
2 588 2
2 598 1
2 660 2
2 663 1
2 672 2
2 702 2
2 710 1
2 734 1
2 750 1
2 763 2
2 766 1
2 776 1
2 778 2
2 780 1
2 785 1
2 792 2
2 804 2
2 806 2
2 827 1
2 828 1
2 836 1
2 852 1
2 859 2
2 862 1
2 864 1
2 896 2
2 900 1
2 920 1
2 925 1
2 935 1
2 966 1
2 970 2
2 992 1
2 1003 2
2 1027 2
2 1030 2
2 1046 1
2 1052 1
2 1064 1
2 1066 1
2 1120 1
2 1138 1
2 1141 1
2 1148 1
2 1159 2
2 1168 1
2 1191 1
2 1198 1
2 1214 1
2 1218 1
2 1252 1
2 1304 1
2 1315 1
2 1383 1
2 1444 1
2 1477 1
2 1501 1
2 1512 1
2 1522 1
2 1527 1
2 1550 1
2 1613 1
2 1620 1
2 1644 1
2 1668 1
2 1684 1
2 1690 1
2 1720 1
2 1761 1
2 1780 1
2 1797 1
2 1799 1
2 1802 1
2 1807 1
2 1830 1
2 1831 1
2 1845 1
2 1885 1
2 1891 1
2 1906 1
3 4 1
3 5 1
3 7 3
3 8 7
3 9 2
3 10 4
3 11 1
3 12 1
3 15 5
3 18 1
3 19 3
3 22 1
3 23 6
3 25 1
3 26 13
3 29 2
3 31 3
3 36 1
3 38 7
3 40 4
3 45 1
3 50 3
3 51 2
3 59 1
3 62 2
3 77 1
3 88 2
3 97 2
3 101 2
3 117 1
3 128 1
3 131 1
3 143 1
3 163 2
3 201 1
3 215 2
3 303 1
3 334 1
3 344 1
3 365 1
3 395 2
3 417 1
3 429 1
3 471 2
3 520 2
3 631 2
3 661 2
3 722 1
3 758 2
3 826 2
3 830 1
3 892 1
3 1107 1
3 1255 1
3 1378 1
3 1408 1
3 1429 1
3 1673 1
3 1773 1
3 1834 1
4 5 31
4 6 7
4 7 33
4 8 24
4 9 19
4 10 3
4 11 6
4 12 7
4 13 8
4 14 13
4 15 4
4 16 3
4 17 2
4 18 4
4 19 1
4 21 3
4 22 1
4 23 1
4 25 6
4 26 2
4 27 4
4 28 9
4 29 2
4 30 4
4 33 6
4 34 1
4 35 6
4 37 3
4 38 4
4 39 2
4 42 3
4 43 1
4 45 2
4 46 1
4 47 3
4 48 1
4 49 4
4 50 2
4 51 2
4 55 1
4 56 1
4 57 3
4 58 3
4 60 1
4 71 11
4 72 1
4 73 2
4 79 1
4 80 2
4 83 1
4 84 1
4 85 1
4 89 1
4 90 1
4 95 3
4 98 1
4 101 2
4 116 3
4 118 1
4 119 2
4 123 1
4 125 5
4 130 1
4 133 6
4 134 1
4 137 4
4 139 1
4 141 1
4 147 1
4 150 4
4 152 5
4 154 2
4 157 1
4 160 2
4 161 1
4 162 1
4 165 2
4 170 1
4 173 6
4 180 3
4 189 3
4 199 1
4 200 1
4 202 2
4 203 4
4 208 4
4 219 1
4 223 2
4 238 1
4 241 1
4 249 3
4 254 1
4 261 2
4 264 2
4 270 6
4 274 1
4 281 2
4 284 1
4 285 2
4 286 1
4 297 1
4 305 1
4 309 3
4 310 1
4 328 2
4 332 1
4 337 2
4 338 3
4 339 2
4 345 1
4 363 4
4 367 1
4 372 3
4 375 1
4 378 3
4 388 3
4 394 1
4 397 1
4 408 2
4 417 1
4 418 2
4 425 1
4 432 4
4 443 1
4 459 4
4 461 1
4 463 1
4 475 3
4 477 1
4 483 1
4 494 2
4 504 2
4 521 1
4 556 3
4 562 1
4 565 1
4 582 2
4 595 2
4 634 2
4 654 2
4 677 2
4 684 1
4 700 1
4 705 2
4 711 3
4 721 1
4 723 1
4 736 1
4 743 3
4 747 1
4 750 1
4 780 1
4 785 1
4 818 1
4 864 1
4 895 1
4 906 2
4 930 1
4 936 2
4 949 1
4 951 2
4 959 2
4 973 2
4 988 2
4 1009 2
4 1011 1
4 1012 1
4 1026 1
4 1034 1
4 1038 1
4 1039 1
4 1049 1
4 1063 1
4 1090 1
4 1095 1
4 1113 1
4 1143 1
4 1147 2
4 1149 1
4 1152 1
4 1160 1
4 1177 1
4 1194 1
4 1203 1
4 1209 1
4 1235 1
4 1237 1
4 1258 1
4 1262 1
4 1272 1
4 1286 1
4 1316 1
4 1397 1
4 1401 1
4 1417 1
4 1421 1
4 1449 1
4 1454 1
4 1460 1
4 1461 1
4 1487 1
4 1538 1
4 1551 1
4 1596 1
4 1601 1
4 1607 1
4 1656 1
4 1665 1
4 1676 1
4 1682 1
4 1692 1
4 1724 1
4 1770 1
4 1848 1
4 1867 1
4 1876 1
4 1900 1
4 1909 1
4 1916 1
5 6 4
5 7 4
5 8 14
5 9 7
5 10 11
5 11 41
5 12 13
5 13 9
5 14 2
5 15 6
5 16 3
5 18 4
5 19 1
5 21 2
5 22 1
5 23 1
5 24 5
5 25 12
5 26 1
5 27 5
5 28 2
5 29 6
5 31 1
5 32 2
5 33 2
5 35 5
5 39 2
5 40 1
5 42 1
5 43 1
5 45 7
5 47 1
5 48 7
5 50 2
5 51 2
5 52 1
5 55 1
5 56 2
5 58 7
5 61 1
5 62 1
5 63 4
5 64 1
5 65 1
5 72 1
5 73 1
5 75 1
5 76 2
5 81 1
5 86 1
5 88 5
5 89 1
5 100 1
5 103 7
5 107 4
5 109 1
5 116 4
5 123 3
5 135 2
5 137 2
5 141 1
5 142 1
5 150 1
5 157 1
5 158 3
5 163 2
5 165 1
5 169 7
5 170 1
5 174 3
5 175 2
5 181 1
5 193 1
5 215 3
5 216 2
5 226 1
5 233 1
5 238 1
5 240 1
5 245 1
5 247 2
5 249 1
5 250 1
5 264 1
5 268 2
5 277 2
5 280 3
5 284 1
5 289 1
5 293 2
5 301 2
5 310 1
5 314 2
5 348 4
5 355 1
5 369 6
5 376 1
5 387 3
5 424 2
5 425 2
5 427 1
5 438 1
5 453 1
5 473 2
5 477 2
5 478 2
5 484 2
5 489 1
5 497 1
5 515 1
5 561 2
5 566 1
5 594 1
5 609 1
5 632 1
5 641 1
5 694 1
5 704 2
5 721 1
5 729 1
5 732 2
5 737 2
5 739 2
5 831 2
5 837 2
5 848 2
5 857 2
5 891 2
5 905 2
5 907 1
5 916 1
5 939 2
5 961 2
5 998 2
5 999 2
5 1004 2
5 1043 2
5 1049 1
5 1061 1
5 1063 1
5 1085 2
5 1104 1
5 1109 2
5 1111 1
5 1118 1
5 1123 1
5 1144 1
5 1160 1
5 1163 1
5 1164 1
5 1179 2
5 1207 1
5 1223 1
5 1238 1
5 1247 1
5 1256 1
5 1259 1
5 1303 1
5 1323 1
5 1344 1
5 1410 1
5 1416 1
5 1430 1
5 1513 1
5 1561 1
5 1579 1
5 1585 1
5 1611 1
5 1614 1
5 1639 1
5 1735 1
5 1743 1
5 1786 1
5 1789 1
5 1812 1
5 1822 1
5 1869 1
5 1902 1
5 1907 1
5 1913 1
6 7 22
6 9 5
6 12 10
6 14 6
6 15 4
6 17 2
6 21 1
6 22 1
6 23 1
6 24 1
6 29 4
6 33 1
6 39 2
6 41 22
6 43 1
6 46 1
6 48 1
6 57 1
6 58 1
6 59 1
6 65 5
6 73 4
6 77 5
6 83 1
6 87 1
6 89 1
6 111 6
6 114 2
6 116 2
6 119 1
6 128 5
6 142 1
6 154 4
6 156 2
6 168 12
6 170 1
6 188 2
6 193 2
6 213 2
6 221 1
6 240 1
6 258 3
6 275 2
6 292 1
6 303 2
6 310 2
6 318 3
6 321 2
6 324 3
6 350 2
6 353 3
6 376 1
6 396 2
6 444 2
6 451 2
6 458 3
6 463 1
6 464 1
6 495 1
6 512 1
6 513 3
6 523 1
6 535 4
6 571 2
6 577 4
6 648 1
6 655 2
6 668 4
6 681 2
6 687 1
6 716 1
6 717 1
6 731 2
6 740 1
6 772 1
6 833 1
6 860 2
6 869 1
6 932 1
6 937 2
6 946 2
6 960 1
6 968 1
6 1047 1
6 1131 1
6 1267 1
6 1269 1
6 1288 1
6 1298 1
6 1381 1
6 1411 1
6 1554 1
6 1600 1
6 1604 1
6 1727 1
6 1829 1
7 8 7
7 9 1
7 10 4
7 11 7
7 12 4
7 13 6
7 14 12
7 15 6
7 16 7
7 17 1
7 21 3
7 22 2
7 23 2
7 25 1
7 26 3
7 27 3
7 32 1
7 33 2
7 34 1
7 40 1
7 41 7
7 47 3
7 50 1
7 55 3
7 60 1
7 62 1
7 63 1
7 67 2
7 71 13
7 72 1
7 74 1
7 76 1
7 77 3
7 83 2
7 85 3
7 87 1
7 91 3
7 92 4
7 94 7
7 97 1
7 100 1
7 108 1
7 111 3
7 116 7
7 121 2
7 124 4
7 132 2
7 135 1
7 138 1
7 143 1
7 144 2
7 146 1
7 147 7
7 150 3
7 153 2
7 159 1
7 161 2
7 162 2
7 163 4
7 169 1
7 188 2
7 189 2
7 191 3
7 192 3
7 214 9
7 232 2
7 244 1
7 255 1
7 256 1
7 259 1
7 266 2
7 274 1
7 276 2
7 286 1
7 289 2
7 299 1
7 304 4
7 312 3
7 339 1
7 343 2
7 404 2
7 461 1
7 470 1
7 480 3
7 485 1
7 490 2
7 496 3
7 590 1
7 593 1
7 616 1
7 620 1
7 644 1
7 658 2
7 681 1
7 688 2
7 689 1
7 708 1
7 718 3
7 720 1
7 752 1
7 761 2
7 781 1
7 817 1
7 821 1
7 835 1
7 873 2
7 883 2
7 966 1
7 996 1
7 1010 1
7 1035 1
7 1056 1
7 1096 1
7 1112 2
7 1125 1
7 1140 2
7 1157 2
7 1158 1
7 1206 1
7 1318 1
7 1347 1
7 1547 1
7 1577 1
7 1619 1
7 1628 1
7 1709 1
7 1734 1
7 1871 1
7 1877 1
7 1887 1
7 1888 1
7 1890 1
7 1917 1
8 9 8
8 10 5
8 11 7
8 12 4
8 13 5
8 14 4
8 15 1
8 16 17
8 17 4
8 18 7
8 20 23
8 21 1
8 22 18
8 23 2
8 24 2
8 25 1
8 26 1
8 27 1
8 28 4
8 31 5
8 32 1
8 33 1
8 34 1
8 35 2
8 39 3
8 40 8
8 44 1
8 45 1
8 47 4
8 50 3
8 59 1
8 61 2
8 64 1
8 65 1
8 70 1
8 74 7
8 77 2
8 86 2
8 88 1
8 91 10
8 92 3
8 94 3
8 97 1
8 99 4
8 105 4
8 108 2
8 113 3
8 117 1
8 118 1
8 122 1
8 125 8
8 130 4
8 131 3
8 132 2
8 133 1
8 139 5
8 143 1
8 144 2
8 163 5
8 180 4
8 189 3
8 192 2
8 215 1
8 216 1
8 245 1
8 261 3
8 267 5
8 283 1
8 306 2
8 309 1
8 313 1
8 322 1
8 342 2
8 384 1
8 395 1
8 397 3
8 413 3
8 422 1
8 423 2
8 426 1
8 476 1
8 489 1
8 518 3
8 546 1
8 576 3
8 598 1
8 621 2
8 639 2
8 650 1
8 656 1
8 728 1
8 744 3
8 753 1
8 757 1
8 767 2
8 769 1
8 775 1
8 803 1
8 900 1
8 909 1
8 957 2
8 963 2
8 964 2
8 971 1
8 984 2
8 993 1
8 996 1
8 1034 1
8 1055 1
8 1079 1
8 1126 1
8 1178 1
8 1184 1
8 1189 1
8 1192 1
8 1195 1
8 1281 1
8 1328 1
8 1370 1
8 1384 1
8 1443 1
8 1488 1
8 1521 1
8 1539 1
8 1540 1
8 1564 1
8 1633 1
8 1643 1
8 1650 1
8 1687 1
8 1705 1
8 1722 1
8 1751 1
8 1841 1
8 1847 1
8 1864 1
8 1893 1
9 11 1
9 12 4
9 13 8
9 14 11
9 15 5
9 16 35
9 17 5
9 18 6
9 19 1
9 21 2
9 22 3
9 23 5
9 24 1
9 25 6
9 26 5
9 27 1
9 29 2
9 31 3
9 33 1
9 34 3
9 35 2
9 36 32
9 38 1
9 39 4
9 40 1
9 43 1
9 47 2
9 48 3
9 51 1
9 55 1
9 60 1
9 61 1
9 64 1
9 84 1
9 88 1
9 90 3
9 96 8
9 101 6
9 103 4
9 104 5
9 115 1
9 142 1
9 145 2
9 190 1
9 191 7
9 209 4
9 216 3
9 226 1
9 235 1
9 244 2
9 249 2
9 252 1
9 259 2
9 283 2
9 336 1
9 346 2
9 376 1
9 401 1
9 445 1
9 484 3
9 496 1
9 539 2
9 599 2
9 625 1
9 647 2
9 733 1
9 747 1
9 753 1
9 801 1
9 825 1
9 915 1
9 920 1
9 930 1
9 980 1
9 1062 1
9 1074 2
9 1092 1
9 1126 1
9 1335 1
9 1338 1
9 1376 1
9 1510 1
9 1563 1
9 1776 1
9 1882 1
10 11 3
10 12 7
10 14 1
10 15 8
10 16 3
10 18 2
10 23 1
10 26 2
10 28 4
10 29 4
10 31 2
10 33 1
10 34 1
10 35 3
10 39 1
10 42 1
10 43 2
10 44 2
10 47 3
10 49 2
10 54 1
10 55 1
10 65 7
10 67 3
10 70 5
10 71 1
10 74 2
10 77 8
10 79 1
10 95 4
10 103 1
10 120 4
10 127 1
10 138 1
10 149 1
10 161 2
10 163 1
10 165 2
10 173 1
10 181 2
10 183 3
10 185 1
10 186 2
10 195 4
10 201 1
10 220 1
10 232 2
10 233 3
10 244 4
10 247 3
10 249 1
10 271 6
10 277 1
10 282 2
10 289 2
10 290 2
10 302 1
10 334 6
10 364 2
10 369 4
10 389 2
10 437 2
10 442 2
10 454 2
10 473 4
10 487 1
10 520 1
10 526 1
10 540 1
10 563 1
10 566 1
10 604 2
10 614 1
10 618 3
10 633 1
10 640 2
10 662 2
10 674 3
10 679 3
10 683 2
10 697 2
10 701 4
10 794 1
10 808 1
10 812 1
10 840 1
10 851 2
10 858 1
10 863 1
10 865 1
10 898 2
10 908 2
10 919 1
10 924 2
10 1053 1
10 1083 1
10 1091 1
10 1111 1
10 1117 2
10 1219 1
10 1240 1
10 1278 1
10 1279 1
10 1284 1
10 1295 1
10 1313 1
10 1321 1
10 1322 1
10 1363 1
10 1377 1
10 1394 1
10 1412 1
10 1415 1
10 1431 1
10 1434 1
10 1472 1
10 1474 1
10 1505 1
10 1544 1
10 1631 1
10 1646 1
10 1670 1
10 1675 1
10 1681 1
10 1714 1
10 1754 1
10 1818 1
10 1908 1
11 12 4
11 13 12
11 16 1
11 22 1
11 24 1
11 27 15
11 28 1
11 29 1
11 30 4
11 31 2
11 32 2
11 33 1
11 42 10
11 52 1
11 55 1
11 58 3
11 70 1
11 80 1
11 82 1
11 91 1
11 94 1
11 136 17
11 140 2
11 155 6
11 165 8
11 178 1
11 187 1
11 190 6
11 202 5
11 234 1
11 266 4
11 272 3
11 329 4
11 348 1
11 358 2
11 367 6
11 395 2
11 424 1
11 425 1
11 453 1
11 477 1
11 485 3
11 497 4
11 500 2
11 508 4
11 543 3
11 548 2
11 590 1
11 596 2
11 675 2
11 719 2
11 728 1
11 732 1
11 737 1
11 768 2
11 805 2
11 807 1
11 813 2
11 819 2
11 855 2
11 890 2
11 919 1
11 994 2
11 1042 2
11 1065 2
11 1277 1
11 1387 1
11 1439 1
11 1448 1
11 1459 1
11 1504 1
11 1517 1
11 1536 1
11 1578 1
11 1588 1
11 1625 1
11 1634 1
11 1636 1
11 1678 1
11 1726 1
11 1778 1
11 1779 1
11 1793 1
11 1860 1
11 1873 1
11 1879 1
11 1892 1
11 1904 1
11 1919 1
12 13 1
12 14 5
12 15 6
12 16 5
12 17 2
12 18 4
12 19 1
12 21 1
12 22 1
12 24 13
12 25 2
12 26 1
12 27 3
12 28 7
12 29 1
12 30 1
12 31 3
12 32 9
12 33 2
12 34 2
12 39 3
12 43 3
12 44 1
12 45 2
12 47 1
12 48 6
12 52 5
12 56 3
12 58 5
12 61 1
12 64 3
12 65 5
12 69 1
12 70 4
12 72 1
12 76 1
12 83 1
12 89 1
12 101 3
12 105 4
12 116 3
12 118 1
12 122 1
12 123 2
12 124 4
12 133 3
12 181 1
12 185 2
12 193 2
12 207 1
12 240 1
12 242 1
12 321 2
12 344 2
12 357 5
12 391 2
12 428 1
12 457 1
12 468 2
12 476 2
12 479 1
12 574 1
12 584 1
12 600 1
12 610 1
12 624 1
12 637 1
12 660 1
12 666 1
12 686 1
12 739 1
12 741 1
12 793 1
12 798 1
12 847 2
12 879 2
12 885 2
12 990 1
12 991 2
12 995 1
12 1006 2
12 1016 2
12 1022 2
12 1054 2
12 1058 1
12 1068 2
12 1078 2
12 1088 2
12 1132 1
12 1151 2
12 1164 1
12 1205 1
12 1232 1
12 1310 1
12 1361 1
12 1426 1
12 1442 1
12 1465 1
12 1493 1
12 1494 1
12 1514 1
12 1515 1
12 1549 1
12 1658 1
12 1659 1
12 1782 1
12 1796 1
12 1875 1
12 1894 1
13 15 11
13 19 3
13 21 1
13 22 2
13 24 1
13 27 4
13 31 3
13 33 1
13 34 1
13 35 2
13 41 1
13 47 2
13 51 1
13 80 1
13 87 1
13 91 4
13 101 1
13 103 2
13 120 4
13 169 1
13 198 6
13 217 2
13 223 4
13 242 5
13 272 1
13 312 3
13 324 1
13 337 2
13 345 5
13 389 1
13 400 4
13 403 2
13 456 3
13 488 2
13 524 1
13 530 2
13 593 2
13 611 2
13 624 1
13 652 2
13 673 1
13 736 1
13 841 1
13 852 1
13 882 1
13 897 1
13 899 1
13 913 2
13 944 2
13 1018 1
13 1073 1
13 1089 1
13 1097 2
13 1173 2
13 1210 1
13 1211 1
13 1234 1
13 1242 1
13 1348 1
13 1359 1
13 1368 1
13 1471 1
13 1500 1
13 1502 1
13 1641 1
13 1874 1
13 1925 1
13 1934 1
14 15 1
14 16 8
14 17 4
14 18 1
14 21 1
14 23 5
14 24 8
14 25 1
14 32 1
14 33 3
14 35 1
14 38 3
14 39 7
14 42 2
14 46 2
14 52 5
14 56 1
14 64 1
14 69 3
14 70 1
14 71 4
14 72 1
14 73 2
14 74 2
14 77 1
14 84 1
14 87 3
14 89 1
14 90 4
14 116 2
14 121 1
14 133 1
14 148 2
14 172 2
14 181 1
14 182 1
14 191 1
14 237 1
14 246 1
14 249 3
14 287 3
14 293 2
14 323 1
14 347 1
14 348 1
14 354 2
14 401 2
14 421 1
14 430 1
14 447 1
14 451 2
14 515 2
14 531 2
14 533 3
14 538 1
14 559 1
14 613 1
14 635 2
14 659 3
14 678 3
14 715 1
14 740 1
14 769 1
14 774 2
14 839 1
14 843 2
14 850 1
14 901 2
14 956 1
14 967 1
14 1041 1
14 1051 1
14 1071 1
14 1200 1
14 1226 1
14 1355 1
14 1364 1
14 1399 1
14 1419 1
14 1509 1
14 1548 1
14 1666 1
14 1728 1
15 19 1
15 23 7
15 25 1
15 29 1
15 31 5
15 37 2
15 41 2
15 42 7
15 46 1
15 50 2
15 51 3
15 57 14
15 65 3
15 70 1
15 71 1
15 79 2
15 87 1
15 96 4
15 97 1
15 98 4
15 110 1
15 117 1
15 128 1
15 134 6
15 148 5
15 152 2
15 171 3
15 185 4
15 194 7
15 197 2
15 211 1
15 219 3
15 226 1
15 232 1
15 253 2
15 262 2
15 275 2
15 285 3
15 361 1
15 371 1
15 384 1
15 564 1
15 599 1
15 616 2
15 691 2
15 706 2
15 730 2
15 752 1
15 762 2
15 773 1
15 782 2
15 823 1
15 825 1
15 840 1
15 869 1
15 889 2
15 917 2
15 921 1
15 928 1
15 931 1
15 943 1
15 947 1
15 982 2
15 997 2
15 1084 1
15 1093 2
15 1167 1
15 1204 1
15 1293 1
15 1331 1
15 1352 1
15 1392 1
15 1418 1
15 1516 1
15 1573 1
15 1630 1
15 1698 1
15 1719 1
15 1742 1
15 1753 1
15 1795 1
15 1821 1
16 17 3
16 18 6
16 23 4
16 24 2
16 25 2
16 26 1
16 27 1
16 30 4
16 31 1
16 36 1
16 39 3
16 43 1
16 52 2
16 55 1
16 56 1
16 61 15
16 62 6
16 70 1
16 77 1
16 84 2
16 86 2
16 89 1
16 90 3
16 96 2
16 105 2
16 115 2
16 129 1
16 130 5
16 132 2
16 135 1
16 145 1
16 148 1
16 156 3
16 157 1
16 176 2
16 179 2
16 182 1
16 190 3
16 219 2
16 307 3
16 311 1
16 327 4
16 362 1
16 405 1
16 406 1
16 426 1
16 442 1
16 490 2
16 511 2
16 517 1
16 519 1
16 525 1
16 528 2
16 588 2
16 612 1
16 615 2
16 645 2
16 669 2
16 670 1
16 727 2
16 733 1
16 741 1
16 745 3
16 750 1
16 868 1
16 872 2
16 980 1
16 1005 1
16 1087 1
16 1102 1
16 1168 1
16 1174 2
16 1202 1
16 1241 1
16 1307 1
16 1567 1
16 1597 1
16 1635 1
16 1750 1
16 1759 1
16 1878 1
17 18 2
17 21 1
17 22 1
17 23 1
17 25 1
17 43 2
17 44 1
17 52 1
17 55 3
17 61 1
17 71 2
17 73 4
17 76 1
17 84 3
17 89 2
17 95 2
17 107 1
17 129 1
17 139 1
17 158 10
17 211 1
17 264 1
17 313 2
17 499 3
17 723 2
17 734 1
17 1090 1
17 1187 1
17 1231 1
17 1290 1
17 1624 1
17 1790 1
18 21 3
18 23 2
18 24 2
18 29 1
18 33 4
18 35 3
18 38 3
18 39 2
18 43 1
18 48 1
18 62 3
18 66 1
18 77 1
18 87 1
18 89 3
18 115 1
18 220 1
18 222 1
18 231 1
18 232 3
18 361 1
18 479 1
18 603 1
18 615 1
18 650 1
18 757 1
18 815 1
18 911 1
18 977 2
18 978 1
18 1087 1
18 1130 2
18 1145 1
18 1149 1
18 1176 1
18 1180 1
18 1447 1
18 1466 1
18 1745 1
18 1791 1
19 23 7
19 25 2
19 26 6
19 28 1
19 40 1
19 42 2
19 44 1
19 48 1
19 57 1
19 60 7
19 66 9
19 87 2
19 101 5
19 110 3
19 122 1
19 154 1
19 164 1
19 176 2
19 195 2
19 208 2
19 248 6
19 272 2
19 316 3
19 344 1
19 362 4
19 370 1
19 412 4
19 415 2
19 429 1
19 504 1
19 573 1
19 592 2
19 752 1
19 1478 1
19 1507 1
19 1518 1
19 1889 1
21 24 1
21 29 1
21 35 1
21 77 1
21 90 1
21 133 1
21 300 1
21 378 1
21 441 1
21 446 1
21 451 2
21 505 2
21 532 2
21 544 1
21 665 1
21 887 1
21 1018 1
21 1508 1
21 1541 1
21 1569 1
21 1598 1
22 31 1
22 33 1
22 39 2
22 43 3
22 50 4
22 65 1
22 84 1
22 120 3
22 163 2
22 403 1
22 455 3
22 468 1
22 884 1
22 1079 1
22 1230 1
22 1341 1
22 1801 1
22 1837 1
23 24 1
23 31 1
23 38 3
23 39 1
23 40 2
23 43 1
23 57 1
23 61 2
23 73 3
23 81 1
23 87 1
23 96 4
23 109 1
23 115 1
23 138 7
23 140 1
23 156 1
23 174 1
23 197 2
23 216 2
23 219 3
23 243 5
23 368 1
23 401 1
23 550 1
23 578 2
23 631 2
23 661 2
23 790 2
23 892 1
23 928 1
23 1084 1
23 1105 1
23 1107 1
23 1167 1
23 1249 1
24 43 1
24 97 1
24 141 2
24 157 1
24 212 3
24 246 1
24 324 1
24 811 1
24 876 2
24 907 1
24 1037 1
24 1437 1
24 1606 1
24 1662 1
24 1811 1
25 26 7
25 37 2
25 38 1
25 39 4
25 44 1
25 47 1
25 48 2
25 49 2
25 74 1
25 77 3
25 90 2
25 113 4
25 169 1
25 219 2
25 227 2
25 234 1
25 239 1
25 331 1
25 336 3
25 344 1
25 355 1
25 392 1
25 617 1
25 791 1
25 797 2
25 820 1
25 856 1
25 1071 1
25 1110 1
25 1156 1
25 1317 1
25 1345 1
25 1362 1
25 1432 1
25 1645 1
25 1828 1
25 1911 1
26 30 2
26 31 1
26 49 1
26 78 5
26 81 3
26 83 3
26 85 3
26 101 4
26 108 2
26 113 3
26 114 3
26 116 5
26 117 1
26 122 4
26 124 1
26 183 5
26 219 1
26 250 1
26 288 4
26 336 1
26 372 2
26 423 1
26 435 1
26 449 1
26 461 1
26 519 1
26 532 1
26 549 1
26 636 3
26 671 1
26 724 4
26 781 1
26 856 1
26 1028 1
26 1177 1
26 1216 1
26 1261 1
26 1326 1
26 1332 1
26 1342 1
26 1480 1
26 1523 1
26 1559 1
26 1774 1
26 1861 1
27 41 1
27 63 3
27 73 1
27 79 3
27 111 8
27 140 7
27 171 2
27 211 1
27 249 1
27 312 1
27 345 1
27 380 3
27 389 2
27 398 2
27 482 3
27 495 1
27 562 1
27 841 1
27 854 1
27 958 1
27 1024 1
27 1070 1
27 1100 2
27 1553 1
27 1623 1
27 1711 1
28 29 1
28 32 2
28 33 1
28 34 1
28 44 10
28 47 1
28 97 4
28 99 1
28 111 1
28 118 1
28 120 4
28 133 1
28 141 1
28 297 3
28 319 1
28 349 2
28 356 4
28 384 4
28 393 3
28 419 3
28 450 4
28 595 1
28 621 1
28 682 1
28 690 4
28 710 1
28 808 1
28 875 1
28 895 1
28 904 2
28 927 1
28 1011 1
28 1076 2
28 1220 1
28 1243 1
28 1337 1
28 1576 1
28 1626 1
28 1826 1
28 1921 1
29 31 1
29 41 1
29 43 1
29 45 1
29 51 2
29 58 3
29 94 3
29 97 1
29 113 1
29 122 1
29 142 1
29 202 1
29 273 3
29 281 3
29 301 3
29 367 1
29 444 1
29 467 2
29 537 4
29 586 2
29 597 2
29 674 1
29 704 1
29 911 1
29 949 1
29 968 1
29 974 2
29 1017 1
29 1041 1
29 1080 2
29 1121 1
29 1124 2
29 1136 1
29 1139 1
29 1213 1
29 1374 1
29 1485 1
29 1528 1
29 1591 1
29 1730 1
29 1931 1
30 31 2
30 41 1
30 44 1
30 71 1
30 77 1
30 117 1
30 121 1
30 150 2
30 160 1
30 179 1
30 183 1
30 211 1
30 326 2
30 330 2
30 501 1
30 548 2
30 670 1
30 735 1
30 818 1
30 1044 1
30 1069 1
30 1610 1
30 1700 1
31 32 1
31 62 4
31 64 2
31 76 1
31 77 1
31 79 7
31 108 1
31 115 1
31 124 1
31 131 1
31 145 2
31 230 1
31 284 1
31 371 3
31 403 1
31 444 1
31 488 1
31 529 1
31 823 1
31 945 2
31 976 2
31 1020 1
31 1092 1
31 1108 1
31 1221 1
31 1274 1
31 1287 1
31 1333 1
31 1357 1
31 1451 1
31 1695 1
31 1781 1
31 1803 1
32 42 8
32 43 2
32 65 2
32 83 1
32 85 1
32 86 2
32 87 4
32 89 2
32 111 1
32 118 8
32 153 1
32 217 2
32 294 1
32 353 2
32 502 2
32 515 1
32 584 1
32 610 1
32 627 2
32 646 1
32 927 1
32 969 1
32 1067 1
32 1132 1
32 1148 1
32 1389 1
32 1484 1
32 1592 1
32 1691 1
32 1816 1
32 1825 1
33 38 2
33 39 4
33 47 1
33 89 7
33 97 1
33 108 4
33 111 3
33 303 1
33 351 2
33 421 1
33 436 1
33 486 4
33 560 1
33 623 3
33 754 1
33 756 1
33 824 2
33 897 1
33 955 1
33 979 2
33 1002 2
33 1199 1
33 1583 1
33 1602 1
33 1827 1
34 62 1
34 81 1
34 84 3
34 99 2
34 185 2
34 247 1
34 263 1
34 264 2
34 268 2
34 318 3
34 319 1
34 320 1
34 386 2
34 391 2
34 428 3
34 507 3
34 530 1
34 846 2
34 853 2
34 1382 1
34 1595 1
35 37 1
35 38 2
35 41 1
35 43 2
35 47 2
35 49 1
35 71 3
35 77 2
35 142 1
35 152 1
35 153 3
35 168 1
35 213 2
35 230 2
35 282 3
35 291 2
35 407 2
35 465 1
35 467 1
35 558 2
35 643 1
35 809 1
35 952 1
35 1039 1
35 1133 1
35 1154 1
35 1194 1
35 1396 1
35 1398 1
36 210 2
36 471 2
37 116 1
37 407 3
37 993 1
37 1197 1
37 1712 1
38 50 5
38 87 2
38 88 4
38 113 6
38 169 5
38 382 1
38 581 1
38 629 2
38 1169 1
38 1171 1
38 1257 1
38 1762 1
39 43 1
39 44 1
39 46 1
39 48 2
39 73 1
39 90 2
39 163 2
39 406 1
39 587 1
39 703 1
39 765 1
39 833 1
39 850 1
39 948 1
40 101 1
40 215 1
40 267 5
40 355 1
40 800 2
40 1116 2
40 1609 1
40 1612 1
41 43 1
41 65 3
41 77 1
41 104 4
41 111 2
41 114 2
41 119 5
41 168 2
41 170 2
41 171 5
41 200 2
41 230 1
41 234 1
41 303 1
41 371 1
41 374 4
41 410 1
41 467 1
41 628 4
41 717 1
41 799 2
41 1017 1
41 1040 2
41 1106 1
41 1193 1
41 1533 1
41 1663 1
41 1717 1
41 1744 1
41 1915 1
42 66 2
42 99 1
42 116 2
42 216 2
42 294 3
42 646 2
42 1275 1
42 1537 1
43 57 1
43 61 1
43 64 1
43 94 1
43 116 1
43 119 2
43 193 1
43 465 2
43 522 1
43 523 1
43 584 1
43 637 1
43 697 1
43 765 1
43 902 2
43 969 1
43 1435 1
43 1558 1
43 1652 1
43 1713 1
43 1740 1
43 1769 1
44 73 1
44 87 2
44 92 8
44 107 1
44 189 2
44 196 1
44 280 2
44 330 2
44 709 3
44 822 2
44 1119 1
44 1388 1
45 47 1
45 79 2
45 88 1
45 97 3
45 102 1
45 128 1
45 207 1
45 228 2
45 250 3
45 280 1
45 368 3
45 371 1
45 433 1
45 687 2
45 1033 1
45 1139 1
45 1486 1
45 1575 1
45 1674 1
45 1688 1
45 1707 1
45 1710 1
45 1783 1
46 47 1
46 194 3
46 430 1
46 503 1
46 965 2
47 71 3
47 89 1
47 98 1
47 107 2
47 121 1
47 150 1
47 159 6
47 254 1
47 282 1
47 333 1
47 383 2
47 454 2
47 545 1
47 559 1
47 673 2
47 698 2
47 710 1
47 1406 1
47 1532 1
47 1910 1
48 62 1
48 96 1
48 97 1
48 107 2
48 120 4
48 365 3
48 603 1
48 810 2
48 881 2
48 1086 1
48 1233 1
48 1525 1
49 57 1
49 83 1
49 90 1
49 93 3
49 205 1
49 227 1
49 233 1
49 263 3
49 291 1
49 296 1
49 399 3
49 492 2
49 516 3
49 552 3
49 802 1
49 1655 1
49 1842 1
50 88 3
50 131 1
50 215 1
50 470 1
50 803 1
50 942 2
50 1142 1
50 1146 1
50 1248 1
50 1353 1
50 1369 1
50 1458 1
50 1481 1
50 1492 1
50 1519 1
50 1545 1
50 1603 1
50 1764 1
50 1839 1
51 76 1
51 80 11
51 90 1
51 116 3
51 225 1
51 261 1
51 338 2
51 384 1
51 642 2
51 773 1
51 1029 1
51 1059 2
51 1254 1
51 1520 1
51 1586 1
51 1926 1
52 70 1
52 1405 1
54 1395 1
54 1446 1
55 157 1
55 194 2
55 201 2
55 249 1
55 1640 1
55 1880 1
55 1898 1
56 122 1
56 788 1
56 1565 1
57 166 6
57 205 1
57 246 1
57 522 1
57 571 2
57 712 1
57 802 1
57 1026 1
57 1166 2
58 87 1
58 310 1
58 427 1
58 596 2
58 1025 1
58 1061 1
59 1103 1
59 1175 1
59 1403 1
59 1490 1
59 1932 1
60 75 1
60 152 2
60 167 2
60 208 4
61 86 2
61 126 2
61 136 1
61 156 4
61 179 1
61 219 3
61 225 2
61 405 1
61 511 1
61 514 1
61 650 1
61 775 1
61 1276 1
61 1856 1
62 435 1
63 71 2
63 83 5
63 170 1
63 224 4
63 680 1
63 738 2
63 986 1
63 1225 1
63 1229 1
63 1334 1
64 116 2
64 185 1
64 275 1
64 637 1
64 1594 1
65 79 1
65 156 1
65 157 1
65 303 2
65 458 3
65 501 1
65 648 2
65 793 1
65 884 1
65 995 1
65 1058 1
65 1301 1
65 1423 1
65 1806 1
66 208 2
66 258 3
66 1176 1
66 1265 1
66 1903 1
67 97 1
67 776 1
67 783 2
69 77 1
69 538 1
70 76 1
70 77 1
70 89 1
70 125 1
70 213 1
70 943 1
70 1044 1
70 1055 1
70 1069 1
70 1161 2
70 1314 1
70 1329 1
71 87 1
71 95 1
71 112 1
71 121 3
71 147 4
71 161 2
71 170 1
71 254 1
71 260 1
71 279 1
71 325 4
71 354 3
71 554 1
71 607 4
71 644 1
71 735 1
71 880 1
71 978 1
71 1015 1
71 1280 1
71 1495 1
71 1768 1
73 92 1
73 184 2
73 198 2
73 363 2
73 587 1
73 1032 1
73 1266 1
73 1270 1
73 1733 1
73 1886 1
76 147 2
76 291 2
76 574 1
76 715 2
76 1019 1
76 1356 1
76 1440 1
77 79 2
77 82 1
77 84 1
77 89 1
77 104 1
77 138 1
77 140 1
77 154 2
77 176 3
77 213 3
77 283 1
77 305 2
77 307 1
77 322 1
77 693 2
77 717 1
77 836 1
77 893 2
77 1445 1
77 1657 1
78 238 2
78 472 2
78 834 2
78 1186 1
79 111 1
79 114 1
79 240 2
79 482 1
79 787 1
79 1433 1
80 82 1
80 634 1
80 1312 1
80 1901 1
80 1928 1
83 205 3
83 503 2
83 509 1
83 680 1
83 738 1
83 986 1
83 1113 1
83 1217 1
83 1422 1
83 1456 1
84 101 1
84 127 2
84 252 1
84 526 3
84 1385 1
84 1479 1
84 1546 1
85 436 1
85 1188 2
85 1862 1
86 136 1
87 156 1
87 197 2
87 278 1
87 815 1
88 204 3
88 218 6
88 629 1
88 758 1
88 786 1
89 90 2
89 115 1
89 137 1
89 213 2
89 447 1
89 1291 1
90 110 3
90 123 7
90 145 2
90 239 1
90 492 2
90 816 1
91 97 1
91 99 1
91 147 1
91 312 1
91 728 1
91 909 1
92 117 2
92 135 1
92 399 2
92 409 3
92 471 1
92 585 3
92 1125 1
92 1542 1
92 1617 1
92 1660 1
93 1813 1
95 683 1
95 865 1
95 1083 1
96 107 2
97 143 1
97 533 1
97 597 2
97 713 3
97 954 2
97 1222 1
97 1441 1
98 279 2
98 749 2
99 1178 1
100 276 2
101 283 6
101 592 1
101 882 1
101 1297 1
101 1438 1
103 257 10
103 346 3
103 1850 1
104 188 2
104 206 1
104 374 4
104 630 2
104 1581 1
108 146 1
108 583 3
108 1468 1
110 134 2
110 177 1
110 474 1
110 1815 1
111 356 3
111 380 1
111 1070 1
111 1794 1
112 940 2
112 1245 1
112 1647 1
113 163 1
113 227 1
113 237 1
113 252 3
113 392 3
113 1390 1
113 1833 1
115 842 1
116 232 2
116 260 1
116 452 1
116 461 1
116 558 1
116 688 1
116 1367 1
116 1473 1
117 1463 1
118 177 2
118 286 2
118 290 1
118 861 2
118 1127 1
118 1271 1
118 1305 1
118 1865 1
119 308 3
119 321 1
119 492 1
119 495 1
119 932 1
119 1787 1
120 222 1
120 1077 2
121 160 2
121 933 2
122 124 4
122 390 2
122 788 1
124 177 3
124 1153 1
127 151 3
127 829 2
128 192 3
131 1683 1
132 146 1
132 835 1
133 1496 1
133 1849 1
134 147 1
134 289 2
134 1407 1
138 144 2
138 176 2
138 1757 1
141 469 4
141 1593 1
142 242 1
144 547 1
145 733 1
145 1704 1
145 1855 1
146 193 1
146 404 2
146 1805 1
146 1929 1
148 521 2
151 1737 1
154 223 2
154 246 1
154 377 2
154 529 2
154 573 1
154 693 1
154 1067 1
154 1462 1
155 531 1
155 838 1
155 1498 1
156 179 2
156 303 2
157 1183 1
157 1814 1
158 699 1
159 286 1
162 620 1
162 1170 1
162 1499 1
163 766 1
163 1196 1
163 1330 1
163 1746 1
164 316 1
164 419 1
165 549 1
165 721 1
168 188 1
168 396 2
168 1808 1
170 416 4
170 867 2
170 1629 1
170 1817 1
171 1064 1
174 1118 1
176 1072 2
181 211 1
190 387 2
191 209 1
195 292 5
195 415 1
198 389 1
198 524 1
198 1732 1
198 1820 1
202 1587 1
202 1870 1
206 1292 1
216 1584 1
216 1923 1
219 1028 1
220 1503 1
221 1756 1
225 642 2
226 445 2
226 1081 1
227 392 3
227 1409 1
232 289 1
233 424 1
241 1701 1
242 328 1
244 903 1
246 1050 2
246 1570 1
250 870 1
251 1208 1
251 1739 1
254 382 2
254 726 3
254 1436 1
255 707 2
255 1824 1
256 985 1
264 506 2
269 274 1
274 598 1
274 1001 1
277 493 1
278 402 3
278 1336 1
278 1718 1
284 716 2
284 914 2
290 1373 1
304 366 2
304 759 1
305 549 1
305 1489 1
305 1784 1
312 899 1
330 1119 1
369 433 1
369 1289 1
372 494 1
396 1632 1
452 1922 1
573 1339 1
573 1365 1
675 1857 1
682 777 2
