0 1 23
0 2 76
0 3 18
0 4 32
0 5 35
0 6 3
0 7 23
0 8 86
0 9 15
0 10 11
0 11 16
0 12 5
0 13 20
0 14 43
0 15 17
0 16 4
0 17 4
0 18 3
0 19 6
0 20 14
0 21 21
0 22 1
0 23 19
0 25 7
0 26 25
0 27 1
0 28 8
0 29 7
0 30 1
0 31 1
0 32 20
0 34 16
0 35 7
0 36 7
0 37 2
0 38 9
0 39 6
0 43 16
0 44 4
0 45 2
0 46 13
0 47 3
0 48 1
0 49 9
0 52 2
0 53 3
0 54 5
0 58 1
0 59 8
0 60 2
0 63 2
0 64 8
0 65 1
0 66 3
0 67 2
0 74 7
0 77 1
0 79 2
0 80 7
0 84 1
0 85 5
0 86 3
0 87 5
0 88 2
0 91 2
0 93 2
0 95 6
0 100 4
0 101 4
0 103 3
0 104 1
0 105 1
0 106 5
0 110 1
0 116 1
0 117 2
0 122 3
0 125 1
0 127 4
0 128 7
0 130 3
0 133 1
0 134 1
0 135 2
0 136 5
0 137 2
0 142 1
0 149 2
0 153 2
0 154 6
0 177 2
0 179 1
0 181 4
0 184 1
0 201 1
0 202 1
0 204 2
0 207 2
0 209 2
0 211 4
0 212 4
0 214 3
0 219 1
0 221 3
0 222 2
0 225 3
0 228 1
0 233 2
0 235 3
0 238 3
0 240 2
0 251 3
0 252 2
0 255 4
0 257 3
0 262 1
0 264 4
0 268 1
0 269 4
0 272 1
0 276 2
0 278 1
0 282 1
0 290 1
0 291 3
0 302 3
0 308 3
0 309 1
0 310 1
0 311 2
0 312 4
0 314 1
0 317 3
0 320 1
0 326 3
0 327 2
0 342 1
0 343 2
0 345 1
0 350 2
0 353 1
0 355 2
0 360 1
0 362 2
0 371 1
0 372 1
0 374 1
0 377 2
0 384 2
0 388 1
0 389 1
0 391 1
0 392 1
0 395 2
0 404 1
0 410 1
0 414 2
0 416 2
0 417 2
0 422 2
0 424 1
0 427 1
0 429 2
0 430 1
0 431 2
0 434 1
0 440 1
0 443 1
0 445 2
0 447 2
0 450 1
0 454 2
0 460 2
0 461 2
0 465 1
0 467 2
0 468 1
0 469 1
0 471 1
0 473 1
0 474 2
0 476 2
0 477 2
0 483 1
0 488 2
0 492 1
0 495 2
0 498 1
0 499 1
0 500 1
0 508 1
0 515 1
0 516 1
0 531 1
0 533 1
0 538 1
0 542 1
0 546 1
0 553 1
0 554 1
0 557 1
0 560 1
0 571 1
0 580 1
0 581 1
0 582 1
0 583 1
0 592 1
0 593 1
0 598 1
0 601 1
0 602 1
0 605 1
0 607 1
0 609 1
0 611 1
0 614 1
0 616 1
0 621 1
0 622 1
0 624 1
0 625 1
0 629 1
0 631 1
0 634 1
0 636 1
0 639 1
0 649 1
0 650 1
0 651 1
0 653 1
0 662 1
0 667 1
0 671 1
0 678 1
0 682 1
0 690 1
0 697 1
0 698 1
0 704 1
0 706 1
0 711 1
0 716 1
0 720 1
0 723 1
0 726 1
0 727 1
0 731 1
0 745 1
0 749 1
0 753 1
0 764 1
0 765 1
0 777 1
0 792 1
0 808 1
0 814 1
0 818 1
1 2 51
1 4 1
1 5 39
1 6 4
1 7 2
1 8 4
1 9 5
1 10 11
1 11 19
1 13 24
1 15 8
1 16 8
1 17 6
1 18 7
1 19 1
1 21 1
1 24 3
1 31 1
1 32 1
1 34 5
1 35 6
1 36 7
1 39 4
1 40 1
1 42 2
1 44 2
1 48 3
1 55 8
1 59 2
1 61 5
1 64 2
1 73 2
1 90 6
1 97 6
1 99 2
1 109 6
1 114 2
1 119 4
1 125 9
1 129 1
1 142 3
1 151 2
1 153 1
1 154 1
1 161 1
1 163 3
1 168 1
1 179 2
1 185 3
1 188 1
1 195 4
1 196 5
1 198 1
1 217 3
1 224 2
1 227 1
1 242 2
1 243 2
1 244 3
1 246 1
1 247 3
1 249 1
1 259 2
1 260 1
1 276 1
1 281 2
1 288 2
1 289 2
1 303 2
1 304 1
1 315 3
1 318 1
1 328 1
1 329 1
1 358 1
1 373 1
1 379 1
1 387 1
1 394 1
1 396 1
1 402 1
1 403 2
1 409 2
1 426 1
1 451 2
1 457 2
1 481 2
1 482 1
1 485 1
1 489 1
1 497 1
1 503 2
1 512 1
1 514 1
1 525 1
1 526 1
1 528 1
1 532 1
1 545 1
1 555 1
1 569 1
1 572 1
1 586 1
1 594 1
1 608 1
1 615 1
1 626 1
1 643 1
1 652 1
1 654 1
1 668 1
1 670 1
1 673 1
1 675 1
1 688 1
1 699 1
1 712 1
1 728 1
1 750 1
1 767 1
1 800 1
2 3 6
2 4 1
2 5 24
2 7 6
2 8 26
2 9 4
2 10 2
2 11 4
2 13 14
2 15 3
2 16 2
2 17 12
2 18 1
2 19 3
2 20 2
2 21 5
2 22 14
2 24 2
2 25 2
2 27 3
2 28 4
2 29 1
2 31 1
2 33 7
2 34 5
2 37 15
2 39 1
2 41 2
2 42 4
2 47 1
2 48 10
2 57 5
2 60 4
2 61 7
2 62 1
2 63 1
2 65 1
2 66 6
2 69 9
2 70 1
2 71 2
2 78 6
2 91 1
2 94 8
2 107 7
2 108 7
2 112 2
2 124 4
2 125 2
2 129 2
2 136 1
2 137 3
2 138 4
2 140 2
2 145 6
2 146 5
2 151 1
2 153 3
2 168 3
2 170 5
2 171 5
2 172 1
2 173 4
2 176 6
2 179 1
2 187 1
2 194 4
2 203 1
2 206 1
2 213 2
2 217 1
2 239 3
2 241 1
2 248 1
2 249 1
2 260 2
2 266 3
2 268 1
2 271 1
2 281 2
2 304 2
2 305 3
2 306 2
2 311 1
2 325 3
2 336 2
2 358 1
2 361 2
2 368 1
2 369 2
2 373 1
2 375 1
2 387 1
2 394 1
2 396 1
2 397 2
2 408 1
2 412 2
2 423 1
2 450 1
2 455 1
2 459 2
2 462 2
2 465 1
2 472 1
2 478 1
2 491 2
2 504 1
2 552 1
2 559 1
2 565 1
2 567 1
2 570 1
2 576 1
2 600 1
2 617 1
2 618 1
2 619 1
2 630 1
2 665 1
2 674 1
2 679 1
2 681 1
2 683 1
2 694 1
2 710 1
2 737 1
2 744 1
2 776 1
2 813 1
3 13 2
3 25 3
3 48 2
3 85 1
3 137 1
3 323 3
3 434 1
3 487 1
3 568 1
3 656 1
3 763 1
4 5 1
4 8 3
4 13 2
4 15 3
4 16 4
4 20 1
4 24 1
4 27 1
4 35 2
4 39 1
4 40 1
4 51 1
4 62 7
4 69 1
4 88 1
4 104 1
4 115 2
4 123 2
4 158 2
4 205 2
4 215 1
4 216 1
4 258 3
4 297 1
4 363 1
4 389 1
4 406 2
4 442 1
4 556 1
4 577 1
4 666 1
4 734 1
4 739 1
4 748 1
5 6 14
5 7 24
5 8 7
5 9 1
5 10 2
5 11 7
5 13 18
5 15 6
5 16 5
5 17 1
5 19 6
5 20 4
5 21 8
5 23 1
5 27 1
5 28 3
5 31 3
5 32 5
5 35 1
5 37 3
5 39 1
5 40 4
5 44 1
5 48 3
5 58 2
5 65 3
5 68 4
5 69 3
5 70 4
5 71 1
5 72 1
5 73 3
5 75 1
5 79 4
5 81 3
5 89 2
5 102 1
5 110 2
5 121 1
5 133 1
5 139 1
5 142 3
5 148 1
5 153 1
5 157 1
5 159 1
5 162 3
5 166 1
5 169 3
5 199 3
5 200 4
5 234 4
5 263 2
5 265 2
5 268 2
5 277 2
5 280 1
5 294 2
5 300 1
5 316 2
5 324 1
5 329 1
5 340 1
5 342 1
5 359 1
5 366 1
5 380 1
5 401 2
5 407 1
5 411 2
5 415 1
5 418 2
5 423 1
5 456 1
5 478 1
5 501 1
5 509 1
5 520 1
5 521 1
5 522 1
5 529 1
5 530 1
5 536 1
5 541 1
5 587 1
5 590 1
5 591 1
5 672 1
5 676 1
5 686 1
5 691 1
5 692 1
5 724 1
5 732 1
5 740 1
5 741 1
5 742 1
5 743 1
5 773 1
5 783 1
5 784 1
5 790 1
5 797 1
5 803 1
5 810 1
6 18 44
6 35 2
6 43 7
6 47 1
6 49 1
6 50 5
6 93 2
6 147 8
6 393 2
6 441 2
6 610 1
6 641 1
6 793 1
7 8 1
7 9 2
7 10 4
7 11 6
7 13 3
7 15 4
7 16 1
7 17 6
7 19 1
7 20 1
7 21 1
7 22 2
7 25 1
7 28 3
7 31 2
7 32 5
7 34 1
7 38 1
7 39 1
7 44 3
7 47 4
7 49 6
7 52 12
7 56 3
7 63 1
7 70 5
7 72 3
7 76 4
7 79 5
7 89 1
7 90 1
7 91 1
7 92 5
7 105 2
7 110 1
7 113 2
7 117 2
7 141 6
7 143 1
7 178 4
7 184 1
7 192 1
7 199 3
7 231 3
7 232 3
7 245 4
7 267 3
7 271 2
7 274 3
7 283 3
7 290 1
7 300 2
7 307 1
7 320 2
7 334 2
7 347 1
7 359 1
7 407 1
7 420 2
7 438 1
7 448 2
7 453 1
7 501 1
7 524 1
7 561 1
7 606 1
7 632 1
7 633 1
7 635 1
7 638 1
7 695 1
7 701 1
7 717 1
7 751 1
7 761 1
7 770 1
7 775 1
7 787 1
7 799 1
7 816 1
8 17 1
8 20 3
8 22 1
8 36 1
8 41 4
8 43 13
8 44 1
8 45 1
8 50 7
8 67 1
8 80 1
8 83 1
8 88 1
8 95 2
8 107 1
8 256 1
8 259 2
8 261 3
8 290 1
8 310 1
8 360 1
8 363 1
8 385 2
8 458 2
8 470 1
8 548 1
8 595 1
8 599 1
8 747 1
8 786 1
8 802 1
8 807 1
9 11 6
9 13 6
9 15 2
9 16 5
9 17 2
9 22 16
9 23 7
9 25 1
9 34 5
9 45 2
9 47 2
9 59 2
9 60 1
9 64 5
9 67 2
9 70 2
9 74 1
9 109 4
9 188 1
9 203 1
9 218 2
9 222 1
9 293 3
9 314 1
9 337 2
9 353 1
9 370 2
9 436 1
9 444 1
9 486 1
9 498 1
9 500 1
9 578 1
9 603 1
9 680 1
9 759 1
9 768 1
9 817 1
10 11 4
10 13 7
10 15 1
10 17 1
10 23 6
10 32 1
10 39 2
10 44 1
10 45 2
10 59 1
10 117 1
10 118 6
10 120 4
10 161 1
10 209 1
10 236 2
10 242 2
10 243 2
10 296 2
10 339 2
10 349 1
10 378 1
10 383 1
10 399 2
10 402 1
10 432 2
10 433 2
10 494 2
10 543 1
10 562 1
10 589 1
10 613 1
10 661 1
10 684 1
10 685 1
10 707 1
10 708 1
10 709 1
10 729 1
10 730 1
10 746 1
10 791 1
10 819 1
11 13 3
11 16 6
11 19 2
11 21 1
11 34 6
11 48 3
11 56 1
11 59 2
11 66 3
11 67 2
11 68 1
11 69 1
11 84 1
11 89 2
11 97 5
11 104 5
11 113 3
11 119 1
11 127 3
11 156 2
11 165 1
11 166 1
11 167 3
11 174 1
11 175 2
11 178 2
11 188 1
11 190 1
11 197 2
11 209 1
11 216 2
11 237 2
11 280 2
11 294 2
11 314 1
11 319 2
11 321 2
11 366 1
11 424 1
11 427 1
11 437 2
11 452 1
11 463 2
11 506 1
11 507 1
11 518 1
11 527 1
11 579 1
11 696 1
11 788 1
12 117 2
12 262 2
12 782 1
13 15 2
13 16 1
13 19 1
13 20 4
13 21 2
13 25 1
13 31 3
13 32 2
13 35 1
13 39 2
13 40 5
13 45 10
13 51 6
13 57 3
13 61 2
13 62 2
13 67 3
13 68 3
13 69 4
13 73 2
13 77 1
13 111 3
13 119 1
13 121 1
13 122 1
13 129 2
13 130 1
13 132 1
13 151 2
13 185 1
13 188 1
13 191 6
13 193 3
13 197 2
13 204 3
13 208 1
13 210 1
13 215 1
13 222 2
13 248 1
13 273 1
13 279 1
13 288 1
13 289 2
13 298 2
13 299 1
13 324 1
13 332 2
13 346 1
13 379 1
13 382 2
13 449 2
13 455 1
13 466 1
13 475 1
13 485 1
13 574 1
13 660 1
13 700 1
13 721 1
13 725 1
13 801 1
14 499 1
15 18 1
15 20 5
15 22 3
15 27 3
15 34 7
15 36 1
15 37 2
15 38 5
15 46 1
15 51 1
15 54 2
15 56 1
15 60 3
15 74 1
15 77 2
15 86 5
15 115 2
15 120 2
15 160 4
15 182 2
15 183 2
15 192 1
15 219 1
15 316 1
15 331 2
15 371 1
15 381 2
15 392 1
15 404 1
15 421 2
15 426 1
15 480 1
15 505 1
15 534 1
15 547 1
15 564 1
15 566 1
15 628 1
15 640 1
15 693 1
15 733 1
15 754 1
15 785 1
15 789 1
15 798 1
15 812 1
15 815 1
16 19 1
16 20 8
16 23 3
16 38 1
16 45 2
16 65 6
16 67 1
16 69 1
16 156 2
16 173 1
16 224 2
16 297 1
16 341 2
16 364 1
16 464 1
16 490 2
16 519 1
16 647 1
16 756 1
17 19 1
17 20 1
17 21 1
17 22 4
17 69 1
17 79 1
17 84 1
17 96 10
17 111 1
17 114 6
17 116 3
17 137 1
17 168 1
17 186 6
17 203 2
17 214 3
17 372 1
17 390 2
17 400 2
17 405 1
17 430 1
17 453 1
17 513 1
17 796 1
18 38 4
18 46 5
18 286 2
18 328 1
18 705 1
18 805 1
19 20 3
19 21 6
19 24 2
19 27 1
19 34 1
19 38 3
19 59 2
19 84 1
19 148 1
19 150 2
19 206 2
19 270 1
19 273 2
19 368 1
19 375 1
19 439 2
19 479 1
19 597 1
19 780 1
20 21 6
20 23 1
20 31 1
20 41 1
20 45 2
20 48 2
20 53 1
20 54 4
20 88 1
20 129 1
20 160 3
20 183 1
20 197 1
20 220 2
20 309 1
20 364 1
20 428 1
20 466 1
20 469 1
20 487 1
20 493 1
20 510 1
20 511 1
20 523 1
20 537 1
20 575 1
20 588 1
20 735 1
21 23 1
21 25 1
21 29 8
21 33 2
21 37 5
21 40 1
21 44 1
21 53 1
21 73 2
21 79 1
21 84 5
21 126 2
21 163 3
21 180 3
21 201 3
21 215 1
21 226 1
21 278 1
21 405 1
21 428 1
21 443 1
21 492 1
21 502 1
21 644 1
21 663 1
21 781 1
21 809 1
22 27 8
22 73 2
22 115 1
22 131 2
22 138 1
22 229 1
22 367 2
22 376 2
22 755 1
23 25 5
23 31 3
23 36 1
23 44 2
23 45 2
23 71 2
23 85 1
23 98 7
23 130 1
23 164 1
23 228 1
23 310 1
23 335 2
23 349 1
23 442 1
23 493 1
23 550 1
23 558 1
23 612 1
23 702 1
23 713 1
23 722 1
24 48 2
24 57 3
24 496 2
24 806 1
25 42 1
25 192 2
25 287 3
25 677 1
25 718 1
25 762 1
27 67 2
27 77 4
27 82 2
28 31 1
28 32 2
28 34 2
28 38 1
28 49 1
28 166 1
28 187 3
28 254 2
28 285 3
28 301 2
29 48 1
29 230 4
29 278 1
29 374 1
29 413 2
29 502 1
29 642 1
29 794 1
31 36 2
31 39 2
31 41 2
31 44 6
31 54 4
31 70 1
31 88 1
31 100 1
31 152 2
31 157 2
31 246 1
31 250 2
31 596 1
31 757 1
31 769 1
32 34 1
32 47 4
32 67 3
32 166 1
32 181 2
32 221 2
32 233 2
32 254 1
32 475 1
34 36 2
34 45 2
34 53 1
34 60 2
34 78 2
34 93 1
34 106 2
34 127 1
34 219 2
34 354 1
34 435 2
34 436 1
34 584 1
34 766 1
34 774 1
35 98 4
35 205 4
35 284 2
35 573 1
36 43 1
36 60 1
36 398 2
38 59 3
38 275 1
38 648 1
39 47 1
39 63 3
39 72 2
39 77 4
39 111 3
39 127 1
39 155 4
39 227 1
39 241 2
39 292 3
39 446 2
39 752 1
39 779 1
40 61 3
41 54 2
41 58 2
41 88 2
41 100 7
41 123 2
42 72 4
42 90 2
42 585 1
42 623 1
42 655 1
42 689 1
42 714 1
42 771 1
44 46 2
44 470 1
44 489 1
44 535 1
44 544 1
44 620 1
44 719 1
44 738 1
44 811 1
45 144 4
45 383 1
45 549 1
46 100 2
46 313 3
46 517 1
48 75 8
48 116 2
48 164 2
48 167 2
48 297 1
48 322 2
48 330 1
48 471 1
48 484 2
48 604 1
48 637 1
49 135 2
49 189 2
49 252 1
49 284 1
49 301 2
49 438 1
49 627 1
49 715 1
51 58 2
51 59 1
51 338 2
56 365 2
56 452 1
56 659 1
56 778 1
56 795 1
58 100 1
58 210 2
58 295 3
58 658 1
58 687 1
59 71 1
61 69 1
61 172 1
61 482 1
61 646 1
62 68 1
64 352 2
64 551 1
65 130 1
67 82 1
67 135 1
67 804 1
68 165 1
68 253 3
69 166 1
69 172 3
69 386 2
70 380 1
71 539 1
72 357 2
72 563 1
72 703 1
73 645 1
76 84 1
76 772 1
77 101 2
77 193 3
77 657 1
79 265 1
84 240 2
88 419 2
90 303 1
90 497 1
91 184 2
91 425 1
97 105 4
97 758 1
100 123 2
100 760 1
102 540 1
121 324 1
121 344 2
121 664 1
126 348 2
131 229 2
140 173 4
159 356 1
159 736 1
169 351 2
174 820 1
192 223 2
223 669 1
296 333 2
