4772 5495
5495 1228
5495 1379
5495 4772
1379 5495
1228 4225
1228 5495
1228 2111
4225 1228
4225 2435
4225 5350
4225 4967
2435 5350
2435 4225
5350 2111
5350 2435
5350 4225
5350 4893
5350 8194
5350 6273
5350 8466
5350 8287
5350 5888
8287 5350
2111 1228
2111 1255
2111 1849
2111 5888
2111 5350
2111 3282
2111 2969
2111 3773
3282 178
3282 1545
3282 1849
3282 2111
3282 5061
3282 6216
3282 3290
1545 6
1545 178
1545 662
1545 1255
1545 5061
1545 5641
1545 2890
1545 8460
1545 3282
1545 8216
1545 4570
1545 3314
1545 3704
1545 3953
4570 1545
4570 7424
4570 6202
4570 5509
5509 4570
5509 7424
7424 1383
7424 2223
7424 3048
7424 4570
7424 4897
7424 5201
7424 5509
3048 7424
3048 5201
2223 7424
2223 5390
2223 5607
5607 2223
5607 5390
5390 604
5390 2223
5390 5607
5390 6012
5390 5611
6012 604
6012 3447
6012 5390
6012 5611
6012 6903
6012 8055
6012 6718
6012 6391
6903 3447
6903 6012
6903 6391
6903 8055
6391 604
6391 3447
6391 5611
6391 6012
6391 6903
6391 8055
6391 6718
3447 3314
3447 8055
3447 8526
3447 5174
3447 6903
3447 6012
3447 6718
3447 6391
6718 3447
6718 5174
6718 6012
6718 6391
6718 8055
8055 3314
8055 3447
8055 5174
8055 6012
8055 6391
8055 6718
8055 6903
8055 8526
3314 896
3314 980
3314 1545
3314 6087
3314 8055
3314 8526
3314 3384
3314 5174
3314 3447
3314 6877
6087 896
6087 3314
6087 7548
7548 6087
980 3314
980 2758
2758 980
2758 5809
2758 7026
2758 2777
5809 2758
5809 5090
5809 7026
5090 5809
5090 8629
8629 231
8629 471
8629 968
8629 1193
8629 2042
8629 2336
8629 2474
8629 3204
8629 3997
8629 4870
8629 5090
8629 6084
8629 6264
8629 6544
8629 6661
8629 7917
8629 8214
3997 471
3997 935
3997 2447
3997 2796
3997 3479
3997 6084
3997 4070
3997 4870
3997 8629
3997 4022
3997 4031
935 2796
935 3997
2796 935
2796 1269
2796 4022
2796 8253
2796 3997
8253 2796
1269 200
1269 662
1269 1032
1269 8263
1269 1935
1269 3290
1269 8157
1269 4529
1269 8359
1269 2796
1269 7408
1269 2824
1269 6835
1269 3704
1269 6841
1269 8574
8574 200
8574 716
8574 1269
8574 3926
8574 4495
8574 5678
3926 1170
3926 1478
3926 8624
3926 4814
3926 8574
3926 7756
3926 5678
7756 1478
7756 2045
7756 2650
7756 2969
7756 3384
7756 3926
7756 4814
7756 5678
7756 8624
3384 3300
3384 3314
3384 6385
3384 7756
3384 4274
3384 6877
6877 3314
6877 3384
6877 3417
6877 3830
8526 3314
8526 3447
8526 5174
8526 8055
8526 8148
5174 3314
5174 3447
5174 8526
5174 6718
5174 8055
8148 8526
6385 3300
6385 3384
6385 3624
6385 7778
3300 2757
3300 6385
3300 4274
3300 7778
3300 3384
3300 4631
3300 5596
5596 3300
5596 7026
5596 7774
7026 2171
7026 2745
7026 2758
7026 5596
7026 5809
7026 8460
7026 7774
8460 1545
8460 2745
8460 3953
8460 5825
8460 7026
5825 6629
5825 8460
5825 6412
6629 1022
6629 3007
6629 5825
6629 6412
6629 7715
6412 114
6412 1330
6412 1339
6412 2628
6412 3624
6412 3893
6412 4350
6412 5825
6412 7195
6412 6629
4350 1330
4350 3624
4350 5080
4350 6412
1330 676
1330 1120
1330 6412
1330 1491
1330 5080
1330 1339
1330 4009
1330 4350
676 1330
4009 471
4009 1330
4009 2447
4009 6579
4009 4804
4009 6288
6288 4009
471 231
471 287
471 1154
471 3204
471 4870
471 7944
471 907
471 3347
471 3997
471 2336
471 1193
471 7584
471 8629
471 2745
471 8245
471 7757
471 8404
471 4441
471 4204
471 7538
471 4009
471 6264
471 2042
471 4991
2447 3746
2447 4009
2447 6579
2447 2969
2447 3997
2969 66
2969 214
2969 440
2969 1255
2969 1905
2969 2111
2969 2239
2969 2447
2969 3607
2969 7756
2969 5974
2969 6106
2969 3616
2969 3746
2969 5736
2969 4468
2969 5678
2969 3893
5736 2331
5736 2969
5736 3616
5736 6952
5736 7532
5736 7890
5736 8347
5736 6620
7890 5736
7890 8347
8347 393
8347 2235
8347 2336
8347 2374
8347 4795
8347 5288
8347 5736
8347 7584
8347 7890
8347 8517
8347 8431
2374 2022
2374 7692
2374 3704
2374 7764
2374 8347
2022 6
2022 6785
2022 6661
2022 2824
2022 3567
2022 2374
2022 3820
2022 7408
2022 4070
7408 662
7408 1089
7408 1269
7408 2022
7408 2327
7408 3074
7408 3567
7408 3704
7408 4070
7408 4343
7408 5813
7408 6661
3567 2022
3567 7408
3567 6259
6259 3567
2327 1089
2327 1278
2327 7408
2327 2824
2327 6841
6841 1269
6841 2079
6841 2327
6841 2824
6841 4595
6841 5813
6841 7692
5813 6
5813 576
5813 662
5813 1089
5813 1278
5813 2473
5813 2824
5813 3074
5813 3704
5813 3820
5813 3928
5813 4070
5813 4491
5813 4595
5813 6661
5813 6477
5813 7124
5813 7408
5813 6841
5813 5813
5813 5813
6477 1089
6477 3074
6477 3928
6477 5813
6477 7692
3928 5813
3928 6477
3820 6
3820 1278
3820 2022
3820 6919
3820 5813
1278 4070
1278 3820
1278 5813
1278 2327
1278 7692
4070 1278
4070 2022
4070 3997
4070 6661
4070 7408
4070 7692
4070 5813
6661 66
6661 786
6661 1068
6661 2022
6661 3246
6661 3618
6661 3704
6661 3723
6661 4070
6661 4107
6661 4820
6661 5813
6661 7692
6661 8324
6661 8466
6661 7408
6661 8629
4343 662
4343 7408
662 6
662 576
662 1089
662 7747
662 2824
662 1545
662 2350
662 7408
662 1265
662 1269
662 4343
662 3704
662 5813
576 5813
576 662
2473 5813
4595 1089
4595 2824
4595 6841
4595 5813
4595 7692
1089 6
1089 662
1089 1089
1089 1089
1089 6477
1089 2327
1089 7408
1089 4595
1089 5222
1089 5813
5222 6
5222 1089
6 1089
6 8583
6 2824
6 1545
6 662
6 5222
6 3820
6 5813
6 3704
6 2022
8583 6
2824 6
2824 662
2824 1269
2824 2022
2824 2327
2824 7584
2824 4595
2824 5813
2824 6841
6785 2022
6785 3074
3074 6785
3074 3704
3074 7692
3074 6477
3074 7408
3074 5813
4491 5813
4491 7124
4491 6261
6261 4491
7124 4491
7124 5813
3704 6
3704 662
3704 1269
3704 1545
3704 2374
3704 3074
3704 6661
3704 7692
3704 7408
3704 5813
6835 1269
6835 2545
6835 3290
6835 3347
6835 4529
6835 8157
8157 373
8157 1269
8157 2545
8157 3290
8157 4198
8157 4201
8157 4529
8157 4895
8157 4973
8157 5861
8157 6835
4973 8157
4973 5861
4201 4198
4201 5861
4201 8157
4529 1269
4529 3290
4529 6835
4529 8157
373 8157
373 5861
5861 192
5861 373
5861 4198
5861 4201
5861 4895
5861 4953
5861 4973
5861 8157
4953 192
4953 5861
192 4953
192 5861
4895 5861
4895 8157
2545 1265
2545 6835
2545 8346
2545 8540
2545 8157
2545 8191
8540 1265
8540 2545
8540 5298
8540 8346
8346 1265
8346 1406
8346 1849
8346 2545
8346 4824
8346 4934
8346 8540
1265 662
1265 7747
1265 6157
1265 4824
1265 8346
1265 3813
1265 8540
1265 2350
1265 2545
1265 4917
4917 1265
4917 1994
3813 1265
3813 2350
3813 3313
3813 7633
7633 3313
7633 3813
3313 7633
3313 3813
7747 662
7747 1265
7747 2350
7747 6549
6549 1533
6549 3951
6549 6168
6549 7747
1533 6168
1533 6549
1533 3951
6168 1533
6168 3951
6168 6549
3951 1533
3951 2432
3951 3187
3951 5201
3951 8341
3951 6168
3951 5465
3951 4474
3951 5242
3951 6549
4474 1794
4474 3951
4474 6488
4474 4888
6488 4474
4888 1794
4888 4474
1794 47
1794 8550
1794 5997
1794 4888
1794 7442
1794 4474
7442 47
7442 1794
7442 2640
7442 5158
7442 5997
7442 6919
2640 1948
2640 5345
2640 7442
2640 7303
2640 8040
2640 5515
2640 5997
8040 1948
8040 2640
1948 8040
1948 2640
5345 2640
5345 5242
5345 8210
5345 7985
5345 7707
7707 2113
7707 5345
7707 7707
7707 7707
2113 3109
2113 6544
2113 3029
2113 7707
2113 8341
3029 2113
3029 8341
8341 2113
8341 3029
8341 3951
8341 4948
8341 6979
4948 1110
4948 2175
4948 6979
4948 8341
2175 1110
2175 3939
2175 4948
2175 6714
2175 8389
8389 1110
8389 2175
8389 6714
6714 1110
6714 2175
6714 8389
1110 8389
1110 3939
1110 4948
1110 6714
1110 2175
3939 1110
3939 2175
6979 4948
6979 8341
5997 47
5997 1794
5997 2640
5997 5158
5997 5824
5997 6213
5997 7442
47 7442
47 1794
47 5997
6213 77
6213 1007
6213 4327
6213 4609
6213 5824
6213 5997
6213 6506
77 6213
77 7574
4327 3648
4327 5824
4327 6213
4327 8278
4327 7774
8278 3648
8278 4327
8278 5824
3648 5824
3648 8278
3648 4327
5824 3648
5824 4327
5824 6213
5824 5997
5824 8278
1007 6506
1007 6213
6506 1007
6506 6213
7574 77
7574 1298
7574 3417
7574 4342
7574 6895
7574 8032
7574 8597
3417 1298
3417 2627
3417 8032
3417 7574
3417 4710
3417 3830
3417 8597
3417 4342
3417 6877
4342 1298
4342 1535
4342 3417
4342 8032
4342 4355
4342 4814
4342 4527
4342 8597
4342 7574
4355 3542
4355 4342
4355 8597
8597 1298
8597 1535
8597 3417
8597 4342
8597 4355
8597 4527
8597 4814
8597 7574
8597 8032
8032 1298
8032 3417
8032 4342
8032 7574
8032 8597
4814 1036
4814 1083
4814 1535
4814 1628
4814 1829
4814 2757
4814 3926
4814 4342
4814 4631
4814 7756
4814 8597
4814 5425
4814 5678
4814 8624
1829 1083
1829 6432
1829 3140
1829 4814
1628 797
1628 6432
1628 2884
1628 1642
1628 3479
1628 6732
1628 4814
1628 2204
2884 797
2884 1628
797 2884
797 2054
797 7985
797 5362
797 6424
797 1628
6424 797
6424 2054
6424 5555
6424 5878
6424 6073
6424 8161
6424 7793
7793 5555
7793 5878
7793 6073
7793 6424
7793 8161
6073 4241
6073 4799
6073 4834
6073 5030
6073 7793
6073 6424
8161 219
8161 4034
8161 5555
8161 5878
8161 6424
8161 7793
5878 5555
5878 7793
5878 8161
5878 6424
219 8161
219 5555
5555 219
5555 7793
5555 5878
5555 8161
5555 6424
4799 157
4799 897
4799 2941
4799 3174
4799 3307
4799 3329
4799 4034
4799 4241
4799 5785
4799 6496
4799 4897
4799 4834
4799 5030
4799 5804
4799 6073
4834 114
4834 1221
4834 4423
4834 4799
4834 6496
4834 5793
4834 7193
4834 8404
4834 6073
1221 530
1221 4834
1221 5793
1221 2376
1221 4745
1221 3410
1221 8404
1221 7193
1221 5661
1221 5874
1221 2171
5793 1221
5793 4503
5793 4834
5793 6638
4745 1221
4745 4380
4380 66
4380 3110
4380 3850
4380 6912
4380 4745
4380 7193
4380 8230
8230 1414
8230 1519
8230 3891
8230 4031
8230 4380
8230 4890
8230 4967
8230 5717
8230 6234
8230 6995
8230 7164
8230 7947
4890 8230
6995 8230
4967 66
4967 1414
4967 1925
4967 2706
4967 3285
4967 3616
4967 3618
4967 3891
4967 4225
4967 8324
4967 8395
4967 8595
4967 8230
4967 7164
3616 2331
3616 2969
3616 7532
3616 8395
3616 3981
3616 5974
3616 6620
3616 4967
3616 5736
3616 6952
3616 3893
3893 2331
3893 2890
3893 2969
3893 3616
3893 8395
3893 6412
3893 3981
3893 5974
3893 8215
3981 2331
3981 3168
3981 3322
3981 3616
3981 3893
3981 5989
3981 7764
3981 5974
440 2969
440 3607
4468 66
4468 715
4468 1490
4468 2969
4468 6122
4468 4818
6122 659
6122 3038
6122 3479
6122 3597
6122 3746
6122 4468
6122 4818
6122 4993
6122 5514
6122 6226
5514 3479
5514 3607
5514 3746
5514 4455
5514 6496
5514 6122
5514 8216
6496 897
6496 4423
6496 4455
6496 4799
6496 4834
6496 4991
6496 4993
6496 5514
6496 5661
6496 5874
6496 6857
6496 7193
6857 6496
5874 1221
5874 3324
5874 4993
5874 5661
5874 6496
5874 6159
5874 7193
5661 1221
5661 3324
5661 4993
5661 6496
5661 6159
5661 5874
5661 8404
5661 7193
3324 2324
3324 2349
3324 5874
3324 3688
3324 6159
3324 7754
3324 4571
3324 5661
4571 3324
4571 6159
6159 1703
6159 3324
6159 4571
6159 4993
6159 5661
6159 5874
6159 8596
6159 7754
7754 659
7754 949
7754 3324
7754 6159
7754 7240
7754 7412
7754 7532
1703 6159
4993 659
4993 1354
4993 4423
4993 6496
4993 6122
4993 6159
4993 5874
4993 5661
4423 114
4423 6496
4423 4993
4423 7193
4423 4834
114 4834
114 6919
114 4423
114 6412
2628 7195
2628 6412
7195 2628
7195 6412
1339 1120
1339 1330
1339 6412
1339 5080
1339 7380
4804 4009
6579 2447
6579 4009
3624 759
3624 2412
3624 6385
3624 7720
3624 6412
3624 4350
759 282
759 7720
759 3624
759 2412
2412 759
2412 7720
2412 3624
7720 759
7720 2412
7720 3624
282 3140
282 759
282 6432
3140 282
3140 1642
3140 1829
3140 2966
3140 8293
3140 6432
2966 1150
2966 2079
2966 3140
2966 3383
3383 2079
3383 2350
3383 2966
3383 3070
3383 6051
3383 4505
4505 2079
4505 2350
4505 3383
2079 4035
2079 6731
2079 2966
2079 5465
2079 4505
2079 2079
2079 2079
2079 6051
2079 2420
2079 3383
2079 5880
2079 6841
4035 2079
4035 5880
4035 5465
3070 6051
3070 3383
6051 2079
6051 3070
6051 3383
1150 2966
1150 3758
3758 1150
3758 4762
4762 1837
4762 3758
4762 4447
4447 1837
4447 4762
1837 4762
1837 6222
1837 4447
6222 1837
6222 2602
6222 2929
6222 4216
6222 4818
6222 6467
6222 8415
8415 3708
8415 5473
8415 6222
8415 6346
8415 6467
8415 7565
6467 6222
6467 8415
6346 5473
6346 8624
6346 7715
6346 7818
6346 7565
6346 8415
5473 6346
5473 7565
5473 8415
7565 5473
7565 6346
7565 8415
3708 7162
3708 8415
7162 1849
7162 3708
7162 6216
6216 1518
6216 1849
6216 3282
6216 6611
6216 7162
1518 6216
6611 1849
6611 6216
6611 8624
8624 1036
8624 1849
8624 3806
8624 3926
8624 4814
8624 5678
8624 6346
8624 6611
8624 6832
8624 7756
8624 7894
8624 8217
5678 1478
5678 1657
5678 2650
5678 2969
5678 3926
5678 4814
5678 7756
5678 8624
5678 7192
5678 8574
2650 1383
2650 2045
2650 5678
2650 4870
2650 5288
2650 7756
2045 1301
2045 3494
2045 2650
2045 7756
2045 7741
1301 715
1301 776
1301 1170
1301 2848
1301 8216
1301 3494
1301 2045
1301 7741
8216 786
8216 1255
8216 1301
8216 1545
8216 1714
8216 2324
8216 2331
8216 2349
8216 2934
8216 3168
8216 3494
8216 3638
8216 3714
8216 4173
8216 4635
8216 4991
8216 5425
8216 5514
8216 6273
8216 6832
8216 7741
8216 7764
8216 7953
8216 8194
2934 1238
2934 8216
1238 3688
1238 2349
1238 3891
1238 2324
1238 2934
3891 1238
3891 2324
3891 3204
3891 3688
3891 8230
3891 4967
3891 7164
7164 1701
7164 3891
7164 4606
7164 4967
7164 8230
1701 7164
4606 7164
4031 214
4031 920
4031 2042
4031 3997
4031 6084
4031 4870
4031 6544
4031 7953
4031 6234
4031 6613
4031 7584
4031 8230
4031 6838
4031 6204
4031 7485
4022 688
4022 2148
4022 2428
4022 2456
4022 2796
4022 3451
4022 3997
4022 6523
4022 7944
4022 8522
2428 2456
2428 3451
2428 4022
688 2881
688 7944
688 5456
688 7953
688 4022
688 3451
5456 688
5456 786
5456 1406
5456 2349
5456 2456
5456 3451
5456 3618
5456 4361
5456 4578
5456 6544
5456 7953
5456 7775
4361 3451
4361 3672
4361 3993
4361 5456
3993 4361
3451 393
3451 596
3451 688
3451 2391
3451 2428
3451 2456
3451 2881
3451 3109
3451 3204
3451 4869
3451 7944
3451 6069
3451 4022
3451 4361
3451 6204
3451 7107
3451 6084
3451 5456
3451 3672
3451 7655
3451 4204
3451 7443
3451 6264
7775 1642
7775 2456
7775 5456
2456 2428
2456 6273
2456 8194
2456 3204
2456 5061
2456 7944
2456 5456
2456 7953
2456 7443
2456 7775
2456 3618
2456 4455
2456 4022
2456 3451
6273 178
6273 1344
6273 1714
6273 1925
6273 2456
6273 2937
6273 3285
6273 3618
6273 5350
6273 5987
6273 8194
6273 6937
6273 8206
6273 7764
6273 8216
6273 8356
6937 6273
6937 8194
8194 178
8194 1344
8194 1714
8194 1925
8194 2456
8194 2937
8194 3285
8194 3618
8194 5350
8194 5987
8194 6273
8194 6937
8194 7764
8194 8206
8194 8216
8194 8356
8356 1714
8356 1849
8356 6273
8356 8194
1849 1032
1849 1714
1849 3282
1849 6611
1849 8346
1849 8624
1849 8356
1849 6216
1849 6962
1849 7162
1849 2111
2239 2969
2239 5974
1905 214
1905 2969
1905 8153
1905 5030
214 8153
214 4567
214 5030
214 1905
214 6613
214 2969
214 863
214 4031
863 214
863 7176
863 1133
863 6006
7176 863
7176 4286
7176 6006
4286 4487
4286 8071
4286 7176
4286 7418
8071 4286
8071 4487
8071 7418
7418 1642
7418 4286
7418 4487
7418 8071
4487 2812
4487 4286
4487 8071
4487 7418
2812 4899
2812 4820
2812 4487
4899 2812
4899 4820
4820 132
4820 2812
4820 4899
4820 6661
132 2899
132 4820
2899 132
2899 2339
2899 3618
2899 4764
2339 469
2339 8454
2339 2899
2339 4764
2339 8422
2339 5288
2339 8635
2339 7485
8635 2339
8422 2339
8422 2376
8422 2392
8422 3542
8422 3718
8422 3898
8422 5822
8422 7485
8422 8454
2392 8422
2392 8454
2392 4059
2392 6140
6140 2392
6140 5461
5461 7530
5461 6140
7530 659
7530 2376
7530 3410
7530 5461
7530 6234
6234 4031
6234 4059
6234 8230
6234 7530
1414 8230
1414 4967
2706 228
2706 2451
2706 4967
2706 3031
2706 8395
228 5800
228 2706
228 2451
228 8449
228 3031
228 2360
228 7003
228 8395
7003 139
7003 228
7003 530
7003 1587
7003 2451
7003 3031
7003 5800
7003 8449
3031 139
3031 228
3031 530
3031 2164
3031 2451
3031 2706
3031 8449
3031 5800
3031 7003
3031 7185
3031 8202
8202 530
8202 3031
7185 530
7185 1587
7185 2360
7185 2663
7185 3031
7185 5663
7185 5800
7185 8449
7185 8135
7185 7509
7509 1587
7509 5800
7509 7185
7509 8449
8449 139
8449 168
8449 228
8449 530
8449 1324
8449 1587
8449 2360
8449 2451
8449 2663
8449 2846
8449 3031
8449 3503
8449 5298
8449 5800
8449 5910
8449 6617
8449 7003
8449 7185
8449 7509
8449 8173
1587 1011
1587 1324
1587 1363
1587 8449
1587 3746
1587 7185
1587 7509
1587 7003
1587 5982
1587 5800
1587 4330
5982 1587
1363 1587
2846 530
2846 8449
2846 8173
8173 530
8173 2846
8173 8449
530 139
530 168
530 8449
530 8202
530 7185
530 8215
530 2846
530 5663
530 3746
530 7003
530 5800
530 3503
530 2360
530 7839
530 1221
530 8173
530 3618
530 3031
530 6617
530 571
530 2663
530 1642
168 6617
168 530
168 2663
168 8449
2663 168
2663 530
2663 7185
2663 8449
2663 5663
5663 530
5663 2360
5663 2663
5663 4546
5663 7050
5663 7185
4546 297
4546 5663
2360 228
2360 530
2360 8449
2360 3404
2360 7185
2360 5663
2360 3454
5800 228
5800 530
5800 1011
5800 1324
5800 1587
5800 2451
5800 3031
5800 4034
5800 4781
5800 5298
5800 8449
5800 7692
5800 7185
5800 7509
5800 7003
1324 1011
1324 8449
1324 3746
1324 5800
1324 4330
1324 7692
1324 1587
1324 6842
3746 66
3746 139
3746 530
3746 1324
3746 1587
3746 2331
3746 2447
3746 2969
3746 3479
3746 3607
3746 5514
3746 5974
3746 6106
3746 6122
3746 4330
2331 66
2331 786
2331 1255
2331 1714
2331 2249
2331 2324
2331 3850
2331 3981
2331 3086
2331 8216
2331 7193
2331 4635
2331 3616
2331 3746
2331 6952
2331 3893
2331 2366
2331 5974
2331 6106
2331 3110
2331 6620
2331 3168
2331 5989
2331 5736
2331 7532
2331 7443
2331 7764
2331 3322
6106 66
6106 2331
6106 2969
6106 3746
6106 4635
6106 5394
6106 6238
6106 8214
4635 66
4635 786
4635 2331
4635 3168
4635 5394
4635 8216
4635 6106
4635 6238
6238 66
6238 3285
6238 4635
6238 5394
6238 6106
66 8324
66 6661
66 8133
66 5394
66 5974
66 2969
66 6106
66 2331
66 4380
66 6238
66 3746
66 4635
66 4967
66 3307
66 786
66 4468
66 3038
8324 66
8324 786
8324 3285
8324 4967
8324 6661
8324 8133
8133 66
8133 8324
5974 66
5974 2239
5974 2331
5974 2645
5974 2890
5974 2969
5974 3038
5974 3347
5974 3616
5974 3638
5974 3746
5974 3893
5974 3981
5974 4455
5974 8215
4204 471
4204 2101
4204 3451
4204 4107
4204 7655
4204 8305
8305 4204
7655 231
7655 310
7655 2101
7655 2838
7655 3451
7655 4204
7655 6419
7655 8169
7655 7917
7917 231
7917 2391
7917 7655
7917 8629
2391 231
2391 2042
2391 7944
2391 6069
2391 7917
2391 6264
2391 3451
2101 4204
2101 7655
8169 231
8169 5314
8169 7240
8169 7584
8169 7655
8169 7944
8169 8551
8169 8595
7944 231
7944 471
7944 688
7944 1406
7944 2039
7944 2391
7944 2456
7944 3204
7944 3451
7944 4022
7944 5314
7944 6069
7944 6613
7944 7193
7944 7240
7944 7443
7944 7584
7944 7953
7944 8169
2039 7944
2039 2420
2039 5263
5263 2039
5263 5880
5263 6731
6731 1133
6731 2079
6731 2420
6731 2898
6731 5263
6731 5465
6731 5880
6731 6078
6731 7271
2420 2039
2420 2079
2420 5880
2420 6731
5880 1133
5880 2079
5880 2420
5880 4035
5880 5263
5880 5465
5880 6731
1133 863
1133 6731
1133 5880
6006 863
6006 2023
6006 4798
6006 4869
6006 7176
6006 7413
7413 2023
7413 4798
7413 4869
7413 6006
4798 1106
4798 2023
4798 6006
4798 7413
4798 5658
4798 4869
1106 5658
1106 4798
5658 1106
5658 4798
2023 7413
2023 6006
2023 4798
2023 4869
4869 2023
4869 3451
4869 3672
4869 4798
4869 7413
4869 6006
4869 5944
5944 4869
3672 596
3672 3451
3672 4361
3672 4869
596 200
596 3672
596 3451
200 6500
200 7538
200 4848
200 8466
200 596
200 1269
200 393
200 8574
200 4028
4848 200
4848 4311
4848 7538
4848 6613
7538 200
7538 471
7538 4848
7538 5314
7538 5528
7538 6204
7538 6613
7538 6898
5528 4028
5528 4795
5528 7886
5528 7538
4028 200
4028 604
4028 2336
4028 2350
4028 2745
4028 3415
4028 3522
4028 6500
4028 5528
4028 4795
3415 393
3415 1519
3415 4028
393 200
393 3451
393 4455
393 584
393 8522
393 8466
393 7764
393 2838
393 3415
393 8347
393 3325
2838 393
2838 4455
2838 7655
2838 3325
2838 7757
4455 393
4455 446
4455 752
4455 1437
4455 2456
4455 2838
4455 3325
4455 4059
4455 6496
4455 5512
4455 7953
4455 6595
4455 5061
4455 7080
4455 5974
4455 5514
752 2417
752 8257
752 2967
752 5512
752 4455
752 1437
2967 752
8257 752
2417 752
5512 752
5512 1222
5512 3007
5512 4455
5512 5141
5512 5298
5512 8336
5512 7080
5512 7351
7080 1222
7080 3007
7080 4455
7080 5298
7080 5512
7080 5558
7080 8336
7080 7351
7351 3007
7351 5298
7351 5512
7351 7080
5298 1107
5298 3007
5298 3458
5298 5800
5298 8449
5298 5512
5298 7351
5298 8540
5298 7080
1107 5298
1107 6405
1107 5804
5804 937
5804 1107
5804 2941
5804 4432
5804 4604
5804 4799
5804 6405
4604 937
4604 2947
4604 5804
4604 8534
937 4432
937 2947
937 8534
937 8470
937 5804
937 4604
2947 937
2947 4604
8534 937
8534 4604
8470 937
8470 4432
4432 937
4432 1929
4432 4449
4432 5795
4432 8004
4432 8470
4432 5804
1929 4432
1929 5795
5795 1929
5795 4432
8004 4432
8004 4449
4449 4432
4449 8004
6405 1107
6405 5804
2941 5804
2941 4799
3174 3329
3174 4799
3329 3174
3329 4799
5030 214
5030 868
5030 1083
5030 1149
5030 1729
5030 1905
5030 2213
5030 2390
5030 2510
5030 3607
5030 3730
5030 4182
5030 4241
5030 4567
5030 4799
5030 7617
5030 8153
5030 6702
5030 6073
4567 214
4567 5030
4567 6702
4567 8153
8153 214
8153 868
8153 1149
8153 1535
8153 1905
8153 1947
8153 2078
8153 4567
8153 4982
8153 5030
8153 6271
8153 6702
8153 7693
8153 8191
8153 8166
7617 1729
7617 4182
7617 4241
7617 5030
4241 1083
4241 1729
4241 2213
4241 3404
4241 3607
4241 4182
4241 5030
4241 7617
4241 6073
4241 4799
4182 1729
4182 3404
4182 5030
4182 7617
4182 4241
3404 1729
3404 2170
3404 2360
3404 7818
3404 7203
3404 4182
3404 8217
3404 4008
3404 4241
8217 138
8217 742
8217 3404
8217 5384
8217 7894
8217 8624
138 8217
5384 742
5384 8217
742 5384
742 8217
3806 1036
3806 8624
3806 6157
3806 6962
3806 6832
6962 1849
6962 3806
4824 1265
4824 8346
4824 6842
4824 8191
6842 1324
6842 4824
6842 8191
1011 1587
1011 5800
1011 1324
1011 4781
4781 1011
4781 5800
139 8449
139 8376
139 530
139 3031
139 3746
139 7003
139 3618
139 8215
139 571
2451 228
2451 2164
2451 8449
2451 2706
2451 7003
2451 3031
2451 5800
2164 744
2164 2451
2164 3031
744 2164
744 5404
5404 744
5404 890
5404 1083
5404 3953
890 3953
890 5404
3953 890
3953 1545
3953 3830
3953 8460
3953 5404
3953 7774
3953 4991
5061 1545
5061 2456
5061 3282
5061 4455
5061 7953
6595 659
6595 2727
6595 4455
2727 500
2727 6595
2727 4185
4185 500
4185 2727
4185 2757
4185 3333
4185 6432
4185 4631
2757 6432
2757 3300
2757 3333
2757 4814
2757 4631
2757 4185
6432 282
6432 1628
6432 1642
6432 1781
6432 1829
6432 2204
6432 2757
6432 2900
6432 3140
6432 3290
6432 4185
6432 4631
6432 6732
6432 6505
2900 6432
2900 8596
1642 204
1642 530
1642 1628
1642 6432
1642 3140
1642 6732
1642 7775
1642 8293
1642 2204
1642 7217
1642 1781
1642 7418
1642 4923
4923 1642
4923 2007
2007 1154
2007 4923
1154 471
1154 2007
1154 3277
3277 1154
3277 3325
3325 393
3325 446
3325 1437
3325 2838
3325 3088
3325 3277
3325 4455
1437 446
1437 752
1437 4455
1437 3325
446 4455
446 1003
446 1437
446 3325
1003 91
1003 287
1003 446
91 8097
91 7715
91 868
91 7240
91 1003
91 6036
91 478
91 287
868 91
868 5030
868 8153
868 6702
2078 1535
2078 1947
2078 8153
2078 7693
1947 1535
1947 8153
1947 8166
1947 8191
1947 6271
1947 7693
1947 4982
1947 2078
8166 1947
8166 4982
8166 7693
8166 8153
8166 8191
8191 1457
8191 1947
8191 2545
8191 4578
8191 4824
8191 4982
8191 5499
8191 6271
8191 6842
8191 7693
8191 8153
8191 8166
5499 3013
5499 8191
3013 5499
4578 3472
4578 4897
4578 5836
4578 5456
4578 8191
5836 3088
5836 3307
5836 4578
5836 4897
5836 7005
5836 6800
5836 6461
3307 66
3307 1433
3307 3088
3307 4897
3307 5836
3307 7005
3307 6800
3307 6461
3307 4799
4897 3088
4897 3307
4897 4578
4897 4799
4897 7424
4897 5836
4897 7005
4897 6800
4897 6461
7005 1750
7005 2269
7005 3307
7005 4897
7005 5836
7005 6800
7005 7050
1750 7050
1750 5186
1750 7005
5186 1750
7050 1750
7050 5663
7050 7005
2269 7005
6800 3307
6800 4897
6800 5836
6800 7005
6461 3088
6461 3307
6461 4897
6461 5836
3088 716
3088 4897
3088 3307
3088 5836
3088 4495
3088 3325
3088 3446
3088 6461
4495 716
4495 3088
4495 7380
4495 8574
716 3088
716 3607
716 4216
716 8574
716 4495
4216 716
4216 3377
4216 3607
4216 6222
3377 1017
3377 1282
3377 2336
3377 4216
3377 5501
1017 5229
1017 5072
1017 3377
1017 4628
1017 3607
1017 5501
1017 3038
5501 1017
5501 3377
4628 1017
5229 968
5229 1017
968 231
968 5229
968 7245
968 6927
968 3285
968 6264
968 3610
968 8629
3610 968
3610 7245
7245 968
7245 3610
3285 231
3285 968
3285 1036
3285 6273
3285 8194
3285 8324
3285 6927
3285 8206
3285 7692
3285 6238
3285 3618
3285 4967
1036 4814
1036 3285
1036 3806
1036 8624
4631 2757
4631 3300
4631 4185
4631 6432
4631 5611
4631 4814
5611 604
5611 2627
5611 3932
5611 4631
5611 5390
5611 6012
5611 6380
5611 5891
5611 7545
5611 6391
5891 5611
7545 604
7545 5611
7545 6604
7545 8376
6604 7545
8376 139
8376 7545
3618 139
3618 178
3618 469
3618 530
3618 1344
3618 1925
3618 2324
3618 2456
3618 2899
3618 3285
3618 8194
3618 6661
3618 6273
3618 5456
3618 5987
3618 4967
3618 7764
469 817
469 2898
469 2339
469 3618
2898 469
2898 817
2898 8517
2898 3718
2898 6731
817 469
817 2898
7271 6731
5465 2079
5465 2795
5465 2861
5465 3951
5465 4035
5465 5242
5465 6731
5465 8210
5465 5880
2795 5465
2795 5242
2795 2861
5242 261
5242 2432
5242 2795
5242 2861
5242 2890
5242 3187
5242 3951
5242 5201
5242 8210
5242 5465
5242 5345
2432 1722
2432 7163
2432 5242
2432 7070
2432 3951
2890 261
2890 611
2890 996
2890 1545
2890 1936
2890 8594
2890 5974
2890 8215
2890 3932
2890 5285
2890 6638
2890 3893
2890 5242
5201 3048
5201 3951
5201 7424
5201 5242
3187 5242
3187 3951
2861 2795
2861 5465
2861 5242
261 2890
261 5242
261 4159
4159 261
3932 996
3932 2627
3932 2890
3932 5611
3932 7518
996 2890
996 3932
7518 359
7518 2627
7518 3932
2627 359
2627 6380
2627 3417
2627 6202
2627 5611
2627 3932
2627 7518
6380 2627
6380 5611
359 2627
359 7518
6895 1658
6895 3119
6895 3903
6895 7574
3119 2222
3119 6895
2222 3119
3903 6895
1658 6895
1298 8032
1298 8597
1298 4342
1298 3417
1298 7574
4527 4342
4527 7953
4527 8597
7953 688
7953 920
7953 2336
7953 2456
7953 2745
7953 3638
7953 4031
7953 4311
7953 4455
7953 4527
7953 5061
7953 5456
7953 6069
7953 6123
7953 6264
7953 6544
7953 6613
7953 7584
7953 7764
7953 7944
7953 8216
7953 8435
2745 231
2745 471
2745 1193
2745 2336
2745 6838
2745 3688
2745 8460
2745 7026
2745 7953
2745 6264
2745 8214
2745 4028
231 3204
231 4870
231 7944
231 6927
231 6544
231 7584
231 1193
231 8245
231 2745
231 3898
231 2235
231 7485
231 2336
231 5314
231 471
231 968
231 5717
231 2391
231 7655
231 8169
231 7917
231 8629
231 6264
231 6069
231 2042
231 3285
3204 231
3204 471
3204 2456
3204 4870
3204 7944
3204 5641
3204 6544
3204 8215
3204 7584
3204 3891
3204 3898
3204 7485
3204 8629
3204 7757
3204 8404
3204 6069
3204 3451
6069 231
6069 310
6069 786
6069 1406
6069 1519
6069 2042
6069 2391
6069 3204
6069 3451
6069 3898
6069 5822
6069 7944
6069 6613
6069 7443
6069 6204
6069 6544
6069 6898
6069 6264
6069 7953
6898 2119
6898 2474
6898 5717
6898 6069
6898 8595
6898 7538
2474 6898
2474 8629
2474 8214
2474 5717
8214 584
8214 2042
8214 2474
8214 2745
8214 6084
8214 6106
8214 6838
8214 7276
8214 8629
6838 310
6838 1519
6838 1547
6838 2042
6838 2336
6838 2376
6838 2745
6838 4031
6838 4870
6838 5822
6838 6084
6838 7947
6838 7276
6838 8214
1547 96
1547 1519
1547 2336
1547 4870
1547 5288
1547 6805
1547 6838
1547 2235
1547 5717
1519 310
1519 7947
1519 8230
1519 4870
1519 3415
1519 6838
1519 1547
1519 6069
7947 1519
7947 2042
7947 5717
7947 5822
7947 6838
7947 8230
5717 96
5717 231
5717 1547
5717 2042
5717 2235
5717 2474
5717 4870
5717 8230
5717 8431
5717 7947
5717 6898
5717 7485
2235 231
2235 1109
2235 1547
2235 7584
2235 8431
2235 4870
2235 3479
2235 8347
2235 2336
2235 5717
2235 3898
2235 6805
1109 2881
1109 3347
1109 4934
1109 2645
1109 3898
1109 2235
4934 786
4934 1109
4934 2881
4934 3322
4934 3898
4934 5888
4934 7692
4934 8346
5888 1068
5888 2111
5888 2296
5888 2881
5888 3246
5888 4934
5888 5350
5888 6651
1068 5888
1068 8466
1068 4900
1068 6661
1068 1383
1068 2296
1068 5418
1068 8551
1068 3246
8466 200
8466 393
8466 1068
8466 2881
8466 3246
8466 4900
8466 5350
8466 6200
8466 6661
8466 7276
8466 7764
3246 1068
3246 2032
3246 2296
3246 5888
3246 4900
3246 6661
3246 8551
3246 8466
6200 204
6200 4034
6200 8466
4034 204
4034 2801
4034 3367
4034 8161
4034 5800
4034 6200
4034 4799
2801 297
2801 1022
2801 4034
1022 777
1022 4803
1022 2390
1022 7715
1022 6629
1022 2801
1022 3007
777 1022
4803 1022
4803 3007
7715 91
7715 1022
7715 1908
7715 2390
7715 2574
7715 2737
7715 3007
7715 4597
7715 6346
7715 6629
7715 7240
7715 7834
7715 7818
6702 868
6702 1149
6702 4567
6702 5030
6702 8153
1149 8153
1149 6702
1149 5030
7693 1535
7693 1947
7693 2078
7693 4982
7693 6271
7693 8166
7693 8191
7693 8153
4982 1457
4982 1947
4982 8166
4982 8191
4982 8153
4982 7693
4982 6271
6271 1947
6271 4982
6271 8191
6271 8153
6271 7693
1535 7894
1535 7693
1535 4814
1535 8597
1535 2078
1535 4342
1535 8153
1535 1947
7894 119
7894 1535
7894 8624
7894 8217
119 7894
119 3454
3454 119
3454 481
3454 1406
3454 1659
3454 2360
3454 4065
3454 4791
4065 3454
4065 4791
1659 481
1659 3494
1659 3454
481 4304
481 2816
481 3138
481 3494
481 1659
481 3454
2816 481
2816 7234
2816 3138
2816 3714
2816 4045
2816 2937
2816 5082
3138 481
3138 2816
3138 4304
4304 481
4304 3138
3494 481
3494 715
3494 1170
3494 1301
3494 1593
3494 1659
3494 2045
3494 2349
3494 7741
3494 5425
3494 8216
7741 715
7741 776
7741 1170
7741 1301
7741 1593
7741 2045
7741 2848
7741 3494
7741 8216
776 646
776 2848
776 4162
776 1301
776 4061
776 6798
776 7741
646 776
646 4162
4162 646
4162 776
4162 2848
4162 4061
4162 6798
6798 776
6798 2848
6798 4061
6798 4162
6798 5362
4061 776
4061 2848
4061 4162
4061 6798
2848 776
2848 1301
2848 4162
2848 7741
2848 6798
2848 4061
715 1170
715 4468
715 1301
715 3494
715 4818
715 7741
4818 715
4818 1490
4818 2602
4818 2929
4818 4468
4818 6222
4818 7764
4818 6122
2602 4931
2602 7596
2602 4818
2602 3522
2602 2929
2602 6222
2602 6116
2602 7998
7596 230
7596 1705
7596 2602
7596 5081
7596 6116
1705 7596
1705 3410
1705 7829
7829 1705
7829 2000
7829 3312
7829 3410
7829 8207
2000 3410
2000 7829
3410 1221
3410 1705
3410 2000
3410 2376
3410 3312
3410 7829
3410 6651
3410 7530
3410 5822
6651 2336
6651 2390
6651 3410
6651 3688
6651 5888
3688 157
3688 1014
3688 1193
3688 1238
3688 2745
3688 3324
3688 7584
3688 3891
3688 6613
3688 6264
3688 5785
3688 6651
1014 157
1014 3110
1014 3688
1014 7532
1014 5072
1014 5785
1014 1354
1014 3850
5072 370
5072 1014
5072 1017
5072 1354
5072 3030
5072 3110
5072 3590
5072 3607
5072 3850
5072 7532
5072 5394
5072 5989
3030 370
3030 5072
3030 3590
3030 7532
370 5072
370 7532
370 3030
370 3590
7532 208
7532 370
7532 592
7532 659
7532 949
7532 1014
7532 1354
7532 2224
7532 2331
7532 2366
7532 3030
7532 3086
7532 3109
7532 3110
7532 3590
7532 3616
7532 3850
7532 3892
7532 5072
7532 5394
7532 5736
7532 5989
7532 6620
7532 6839
7532 6952
7532 7193
7532 7240
7532 7412
7532 7754
7532 8404
5394 66
5394 1354
5394 3590
5394 4635
5394 5072
5394 7532
5394 6106
5394 6238
3590 370
3590 1354
3590 3030
3590 7532
3590 5394
3590 5072
3590 6620
1354 208
1354 949
1354 1014
1354 4993
1354 3589
1354 3590
1354 7532
1354 3850
1354 5072
1354 5394
1354 8404
1354 7193
1354 3109
1354 5989
1354 3110
1354 6952
1354 2224
1354 6839
1354 3892
208 5282
208 3110
208 5610
208 7532
208 7193
208 1354
208 3850
2224 949
2224 1354
2224 1690
2224 1939
2224 3714
2224 3109
2224 7532
2224 8274
2224 6839
2224 2937
1690 2224
1690 8274
1690 1939
1690 3109
1690 2937
1690 3714
1939 35
1939 1690
1939 2224
1939 8274
1939 2937
1939 3714
8274 1690
8274 1939
8274 2224
8274 2937
8274 3542
8274 3714
3714 35
3714 1690
3714 1939
3714 2224
3714 2816
3714 2937
3714 3109
3714 8274
3714 8216
3714 6832
3714 6839
6839 949
6839 1354
6839 2224
6839 2937
6839 3109
6839 3290
6839 3714
6839 5217
6839 8451
6839 7532
949 592
949 659
949 7240
949 7532
949 7754
949 7193
949 5989
949 3109
949 3110
949 6952
949 3850
949 3884
949 2224
949 7412
949 6839
949 7932
949 1354
7932 592
7932 949
7932 3109
7932 3884
7932 5277
7932 6952
5277 592
5277 7932
5277 6620
6620 592
6620 1313
6620 2331
6620 2366
6620 3086
6620 3110
6620 3590
6620 3616
6620 3850
6620 3884
6620 3892
6620 5277
6620 5736
6620 6952
6620 7193
6620 7532
3850 208
3850 786
3850 949
3850 1014
3850 1354
3850 2331
3850 2366
3850 3086
3850 3110
3850 5072
3850 5989
3850 6620
3850 7532
3850 7193
3850 4380
3086 173
3086 2331
3086 2366
3086 6620
3086 3110
3086 7193
3086 7465
3086 3850
3086 7532
7465 3086
2366 592
2366 2331
2366 3892
2366 3110
2366 7193
2366 6620
2366 3850
2366 7532
2366 3086
7193 208
7193 786
7193 949
7193 1221
7193 1354
7193 2331
7193 2366
7193 3086
7193 3110
7193 3850
7193 3892
7193 4380
7193 4423
7193 4834
7193 5661
7193 5874
7193 5989
7193 6496
7193 6620
7193 7944
7193 7584
7193 7764
7193 7532
7193 8404
3892 592
3892 1354
3892 2366
3892 6952
3892 7532
3892 7193
3892 6620
592 7932
592 6952
592 7532
592 3884
592 3892
592 2366
592 6620
592 5277
592 949
7412 659
7412 949
7412 1013
7412 1406
7412 3109
7412 7240
7412 7754
7412 7532
7412 8451
659 4993
659 6595
659 7240
659 7532
659 7530
659 3884
659 6122
659 7412
659 949
659 7754
3884 592
3884 659
3884 949
3884 7932
3884 6952
3884 4795
3884 6620
6952 592
6952 949
6952 1354
6952 2331
6952 3616
6952 3884
6952 3892
6952 5736
6952 6620
6952 7932
6952 7532
3110 208
3110 949
3110 1014
3110 1354
3110 2331
3110 2366
3110 3086
3110 5072
3110 8404
3110 7193
3110 4380
3110 6620
3110 5989
3110 7532
3110 3850
5610 208
5610 5282
5282 208
5282 5610
5282 7886
7886 36
7886 1170
7886 4795
7886 5282
7886 5528
36 7886
4795 1593
4795 1714
4795 3884
4795 4028
4795 7886
4795 5528
4795 8347
4795 6826
4795 5425
1593 7741
1593 3494
1593 6826
1593 6765
1593 6832
1593 4795
6832 1255
6832 1528
6832 1593
6832 3714
6832 3806
6832 5641
6832 6157
6832 8216
6832 8624
6157 1265
6157 1994
6157 3806
6157 6832
6157 8135
6157 7763
1994 6157
1994 4917
7763 1417
7763 1572
7763 3078
7763 4273
7763 6157
7763 8135
1572 7763
1572 3078
3078 165
3078 1407
3078 1572
3078 4273
3078 7763
3078 7174
4273 1407
4273 1417
4273 3078
4273 7763
7174 165
7174 1407
7174 3078
1407 165
1407 6820
1407 7174
1407 4273
1407 1417
1407 3078
165 7174
165 3078
165 1407
6820 1407
6820 1417
1417 1407
1417 4273
1417 7763
1417 6820
8135 5558
8135 6157
8135 7185
8135 7763
5558 8135
5558 8336
5558 7080
8336 1222
8336 5141
8336 5512
8336 5558
8336 6381
8336 7080
5141 5512
5141 8336
6381 8336
1222 5512
1222 7080
1222 8336
3007 1022
3007 1908
3007 2737
3007 4803
3007 5512
3007 7240
3007 7715
3007 6629
3007 7080
3007 5298
3007 7351
7240 91
7240 478
7240 659
7240 949
7240 1018
7240 2390
7240 2737
7240 3007
7240 6036
7240 6805
7240 8097
7240 7944
7240 7754
7240 7834
7240 7583
7240 7715
7240 8551
7240 8169
7240 7532
7240 7412
7583 1018
7583 6805
7583 7240
1018 7240
1018 7583
6805 1547
6805 2235
6805 2645
6805 5288
6805 6483
6805 6912
6805 7240
6805 7583
6912 2645
6912 4380
6912 6483
6912 6805
6912 7221
6912 8261
6483 2645
6483 3347
6483 6912
6483 8261
6483 6805
6483 7221
8261 2645
8261 6483
8261 6912
8261 7221
7221 2645
7221 6483
7221 6912
7221 8261
7221 7637
7637 2645
7637 7221
2645 1109
2645 6912
2645 6805
2645 3347
2645 5974
2645 8261
2645 5288
2645 7637
2645 6483
2645 7221
2645 3638
5288 1547
5288 2339
5288 2645
5288 2650
5288 4870
5288 6805
5288 8347
4764 2339
4764 2899
7485 231
7485 1264
7485 2336
7485 2339
7485 2376
7485 3204
7485 3239
7485 4031
7485 5717
7485 6204
7485 6613
7485 7584
7485 8454
7485 8422
8454 1264
8454 2339
8454 2392
8454 3638
8454 7485
8454 8422
3898 231
3898 1109
3898 2235
3898 3204
3898 3479
3898 4934
3898 8422
3898 6069
3898 4991
4991 471
4991 897
4991 1193
4991 1255
4991 2171
4991 2324
4991 2336
4991 2349
4991 3898
4991 3953
4991 5314
4991 8263
4991 8216
4991 8595
4991 6496
4991 6544
4991 6264
4991 7764
6264 231
6264 471
6264 968
6264 2042
6264 2336
6264 2391
6264 2745
6264 2912
6264 3451
6264 3688
6264 4991
6264 5235
6264 6069
6264 7953
6264 7584
6264 8629
6264 8245
5235 2336
5235 2912
5235 6264
2912 2336
2912 6264
2912 5235
8245 231
8245 471
8245 6264
6036 91
6036 478
6036 8097
6036 7240
8097 91
8097 478
8097 6036
8097 7240
478 91
478 7240
478 8097
478 6036
2737 2390
2737 7240
2737 7715
2737 3007
1908 7715
1908 7834
1908 3007
1908 7818
1908 2574
1908 4597
7834 1908
7834 2574
7834 4597
7834 7240
7834 7715
7834 7818
7818 1908
7818 2170
7818 3404
7818 4008
7818 6346
7818 7203
7818 7715
7818 7834
4008 2170
4008 3404
4008 7203
4008 7818
2170 1729
2170 7203
2170 4008
2170 7818
2170 3404
7203 2170
7203 3404
7203 4008
7203 7818
1729 1083
1729 7617
1729 4182
1729 3404
1729 2510
1729 4241
1729 3730
1729 2390
1729 3607
1729 2213
1729 5030
1729 2170
2390 1022
2390 1729
2390 7240
2390 7715
2390 5030
2390 2737
2390 6651
2510 1729
2510 5030
3730 1729
3730 5030
2213 1729
2213 5030
2213 4241
2213 3607
3607 364
3607 440
3607 716
3607 1017
3607 1729
3607 2213
3607 2969
3607 3038
3607 3597
3607 5514
3607 4241
3607 3746
3607 5030
3607 5072
3607 4216
3607 4597
3038 66
3038 1017
3038 5974
3038 3607
3038 6122
8395 228
8395 2706
8395 2929
8395 3616
8395 3893
8395 4967
2929 2602
2929 7828
2929 8395
2929 4818
2929 6222
7828 2929
7828 7764
7764 393
7764 786
7764 1925
7764 2324
7764 2331
7764 2349
7764 2374
7764 3017
7764 3168
7764 3322
7764 3597
7764 3618
7764 3981
7764 4173
7764 4597
7764 4609
7764 4818
7764 4991
7764 5081
7764 5989
7764 6123
7764 6273
7764 7193
7764 8194
7764 8216
7764 7839
7764 7953
7764 8466
7764 7828
4173 1255
4173 7764
4173 8216
3322 786
3322 2331
3322 3168
3322 7764
3322 4934
3322 3981
3322 5989
3168 786
3168 1255
3168 2331
3168 4635
3168 3981
3168 7764
3168 8216
3168 3322
3168 5989
7839 530
7839 7764
2324 1238
2324 1255
2324 2249
2324 2336
2324 5641
2324 3618
2324 2349
2324 8216
2324 2777
2324 2331
2324 3891
2324 7764
2324 3324
2324 3773
2324 4991
2249 746
2249 786
2249 1255
2249 1569
2249 3458
2249 2349
2249 7443
2249 2324
2249 2777
2249 2331
2249 4893
2777 1255
2777 1383
2777 2249
2777 2324
2777 2758
2777 3458
2777 3773
2777 4893
3458 1383
3458 1569
3458 2249
3458 2777
3458 2955
3458 4931
3458 5298
3458 7476
4931 2602
4931 3458
4931 7476
7476 2955
7476 3458
7476 4105
7476 4329
7476 4535
7476 4931
7476 5447
7476 6358
4105 4535
4105 7476
4105 5447
4535 4105
4535 7476
4535 5447
5447 4105
5447 4535
5447 7476
5447 6358
6358 5447
6358 7476
4329 2955
4329 4960
4329 4369
4329 7476
4329 5775
5775 2955
5775 4329
2955 2094
2955 4960
2955 3458
2955 4329
2955 5775
2955 4369
2955 7476
4369 2955
4369 4329
4369 4960
4960 2955
4960 3340
4960 4329
4960 4369
3340 4960
2094 1457
2094 4561
2094 2955
4561 2094
1457 1282
1457 4982
1457 8191
1457 2094
1282 3377
1282 7404
1282 1457
1282 8451
1282 3290
8451 1282
8451 2359
8451 2636
8451 3047
8451 3290
8451 5217
8451 6729
8451 6839
8451 7412
6729 2218
6729 2359
6729 2636
6729 3601
6729 7475
6729 8451
6729 7918
2359 2218
2359 3601
2359 8451
2359 7475
2359 6729
2359 2636
2359 7918
2636 1360
2636 2218
2636 2359
2636 3601
2636 7475
2636 8451
2636 6729
2636 8185
2636 7918
8185 2636
1360 7303
1360 5515
1360 2636
1360 7129
1360 6161
1360 2218
1360 3051
1360 3570
1360 7475
1360 1721
7129 1360
1721 1360
1721 3570
3570 1360
3570 1721
6161 1360
7475 1360
7475 2218
7475 2359
7475 2636
7475 3051
7475 3601
7475 6729
7475 7918
3051 1360
3051 2218
3051 7475
2218 1360
2218 3601
2218 7475
2218 6729
2218 2359
2218 3051
2218 2636
2218 7918
3601 2218
3601 2359
3601 2636
3601 7475
3601 6729
3601 7918
7918 2218
7918 2359
7918 2636
7918 3601
7918 6729
7918 7475
7404 1282
7404 5655
7404 6334
7404 8479
5655 5636
5655 7404
5636 5655
6334 7404
6334 8479
8479 4924
8479 6334
8479 7404
4924 8479
3290 1269
3290 1282
3290 3282
3290 6432
3290 6839
3290 8157
3290 5217
3290 8451
3290 4529
3290 6835
8359 1269
8359 1935
8359 8263
8263 1269
8263 1935
8263 4991
8263 8535
8263 8595
8263 8359
8535 8263
1935 1269
1935 8359
1935 8263
1032 1714
1032 1269
1032 1849
1714 1032
1714 1255
1714 1528
1714 6273
1714 8194
1714 5817
1714 8216
1714 2331
1714 8356
1714 5425
1714 1849
1714 4795
5817 1528
5817 1714
5817 5425
1528 6832
1528 5425
1528 1714
1528 5817
5425 1528
5425 1714
5425 2349
5425 3494
5425 4795
5425 4814
5425 5641
5425 8216
5425 5817
2349 786
2349 1238
2349 1255
2349 1406
2349 2249
2349 2324
2349 5456
2349 3494
2349 3324
2349 5425
2349 8216
2349 7764
2349 3773
2349 4991
786 66
786 6661
786 4934
786 7584
786 2249
786 3850
786 5456
786 7443
786 8216
786 7193
786 2331
786 3322
786 3168
786 4635
786 8324
786 1255
786 2349
786 6069
786 7764
2881 688
2881 1109
2881 5888
2881 5314
2881 3451
2881 4934
2881 8466
2296 1068
2296 5888
2296 4900
2296 3246
4900 1068
4900 2296
4900 3246
4900 8466
4900 8551
5418 584
5418 1068
5418 1383
5418 6084
5418 8404
1383 287
1383 907
1383 1068
1383 7424
1383 3458
1383 2777
1383 2650
1383 5418
287 91
287 96
287 471
287 1383
287 1003
287 7584
287 8404
287 1193
96 2336
96 8405
96 5717
96 1547
96 287
8405 96
8405 2204
8405 8242
8242 2204
8242 8405
2204 1628
2204 1642
2204 6432
2204 6732
2204 8242
2204 8405
500 4185
500 2727
3333 2757
3333 4185
7778 3300
7778 6385
4274 3300
4274 3384
7774 3830
7774 3953
7774 4327
7774 5596
7774 7026
3830 3417
3830 4710
3830 3953
3830 6877
3830 7774
4710 604
4710 3417
4710 3830
604 6500
604 4710
604 6012
604 5611
604 5390
604 6391
604 4028
604 7545
6500 200
6500 604
6500 2074
6500 2119
6500 3585
6500 3723
6500 4028
3585 2074
3585 2119
3585 6500
3585 3723
3723 2074
3723 2119
3723 3585
3723 6500
3723 6661
2074 3585
2074 3723
2074 6500
2074 2119
2119 2074
2119 3585
2119 6898
2119 6500
2119 3723
1193 231
1193 287
1193 471
1193 3688
1193 8431
1193 8629
1193 2745
1193 4991
1193 5180
8431 1193
8431 2235
8431 3312
8431 4870
8431 5641
8431 5717
8431 7757
8431 8244
8431 8347
5641 1545
5641 2324
5641 2574
5641 3204
5641 5425
5641 7757
5641 8431
5641 6832
5641 8244
8244 5641
8244 7757
8244 8431
7757 471
7757 2336
7757 2838
7757 3204
7757 5641
7757 8431
7757 8244
2574 1908
2574 4597
2574 5641
2574 7834
2574 7715
4597 364
4597 1908
4597 2574
4597 3017
4597 3607
4597 7715
4597 7764
4597 7834
364 4597
364 3607
364 3597
3597 364
3597 6123
3597 6226
3597 7764
3597 3607
3597 6122
6226 3597
6226 6122
6123 3597
6123 7764
6123 7953
5081 230
5081 7764
5081 7596
230 3522
230 6116
230 5081
230 7596
6116 230
6116 2602
6116 7596
6116 7998
7998 2602
7998 6116
3522 153
3522 230
3522 2602
3522 3212
3522 8517
3522 3718
3522 7401
3522 4028
3212 643
3212 3165
3212 3522
3212 7401
643 5562
643 3212
643 6927
5562 643
6927 231
6927 643
6927 968
6927 3285
6927 4330
4330 385
4330 699
4330 1324
4330 1587
4330 3746
4330 4106
4330 6927
4330 6421
385 6421
385 4330
385 699
385 4106
699 385
699 6421
699 4106
699 4330
6421 385
6421 699
6421 4106
6421 4330
4106 385
4106 699
4106 6421
4106 5217
4106 4330
5217 893
5217 3290
5217 4106
5217 8451
5217 6839
893 3665
893 6339
893 5217
893 1800
893 4791
893 1451
3665 893
3665 1800
3665 6339
3665 4791
4791 893
4791 1451
4791 1800
4791 3454
4791 3665
4791 4065
4791 6339
4791 8209
4791 7889
4791 6206
6339 893
6339 1800
6339 3665
6339 4791
6339 8209
1800 893
1800 3665
1800 6339
1800 4791
1451 893
1451 4791
6206 3266
6206 4791
6206 6078
6206 8209
6206 7889
6078 3266
6078 6206
6078 6731
3266 6206
3266 6078
8209 4791
8209 6206
8209 6339
8209 7889
7889 1769
7889 3718
7889 4791
7889 6206
7889 6613
7889 8209
1769 7889
1769 6613
6613 214
6613 1769
6613 2336
6613 3638
6613 3688
6613 3718
6613 4031
6613 4107
6613 4848
6613 6069
6613 6204
6613 6544
6613 7944
6613 7443
6613 7485
6613 8517
6613 7953
6613 7538
6613 7584
6613 7889
4311 3638
4311 4848
4311 7953
3638 920
3638 1233
3638 2645
3638 3017
3638 3347
3638 5974
3638 8454
3638 4311
3638 7584
3638 7953
3638 7443
3638 8435
3638 6419
3638 8216
3638 5822
3638 6613
6419 3638
6419 8595
6419 7655
1264 8454
1264 3239
1264 7485
1264 3312
1264 4728
3239 1264
3239 7485
4728 1264
4728 3312
3312 1264
3312 5597
3312 3410
3312 7829
3312 4728
3312 8431
5597 3312
5597 3589
3589 1354
3589 5597
5989 949
5989 1354
5989 2331
5989 3110
5989 3168
5989 3322
5989 3850
5989 3981
5989 5072
5989 7532
5989 7764
5989 7193
5989 8404
1255 786
1255 1545
1255 4173
1255 2969
1255 2324
1255 3479
1255 8216
1255 2777
1255 2331
1255 4893
1255 3168
1255 6832
1255 2349
1255 1714
1255 2249
1255 4991
1255 3773
1255 2111
1569 746
1569 5026
1569 2249
1569 4893
1569 3458
5026 1569
4893 746
4893 1255
4893 1569
4893 2249
4893 2777
4893 3773
4893 5350
4893 8436
3773 1255
3773 2111
3773 2324
3773 2349
3773 2777
3773 4893
746 1569
746 8436
746 4893
746 2249
8436 746
8436 3718
8436 4893
8436 6044
8436 8435
3718 310
3718 2898
3718 3165
3718 3522
3718 7889
3718 6613
3718 8422
3718 8435
3718 8436
3718 5822
8435 920
8435 1233
8435 3638
8435 3718
8435 4363
8435 7443
8435 7953
8435 8436
920 584
920 6084
920 8435
920 7953
920 7443
920 3638
920 3479
920 4031
6084 584
6084 920
6084 3451
6084 3479
6084 3997
6084 4031
6084 5314
6084 5418
6084 8214
6084 7276
6084 6838
6084 8629
3479 584
3479 920
3479 1255
3479 1628
3479 2171
3479 2235
3479 6084
3479 5514
3479 3997
3479 3746
3479 6122
3479 3898
584 393
584 6084
584 5418
584 3854
584 7107
584 8214
584 3479
584 920
3854 584
3854 7107
3854 5733
3854 7516
7516 1013
7516 3109
7516 3854
7516 7107
3109 949
3109 1013
3109 1354
3109 1690
3109 2113
3109 2224
3109 2937
3109 7107
3109 3714
3109 7516
3109 5733
3109 7532
3109 7412
3109 6839
3109 3451
3109 7932
2937 35
2937 1690
2937 1939
2937 2224
2937 2816
2937 6273
2937 3714
2937 8194
2937 8274
2937 3109
2937 6839
35 2937
35 3714
35 1939
35 4109
4109 35
4109 297
297 2801
297 4546
297 7228
297 4109
7228 297
7228 5138
7228 5733
5138 5733
5138 7228
5733 3109
5733 3854
5733 5138
5733 7107
5733 7228
7107 584
7107 1013
7107 3109
7107 3451
7107 3854
7107 5733
7107 7516
1013 7107
1013 7412
1013 3109
1013 7516
1013 4047
4047 1013
4047 3472
4047 6505
4047 5955
5955 3472
5955 4047
3472 3446
3472 4578
3472 5955
3472 4047
3446 3088
3446 3472
7380 1339
7380 4433
7380 4495
7380 5296
7380 6307
7380 7267
7380 7872
7380 7911
7380 8488
4433 7872
4433 7380
4433 6307
4433 5083
5083 4433
5083 6307
6307 896
6307 4433
6307 5083
6307 5180
6307 7876
6307 7380
896 3314
896 6307
896 6087
896 7876
896 4148
4148 896
4148 7876
4148 7711
7711 4148
7711 6202
6202 1016
6202 2532
6202 2627
6202 4570
6202 7711
1016 2532
1016 4117
1016 6202
1016 6814
6814 525
6814 1016
6814 4117
6814 4609
6814 8589
525 8589
525 6814
8589 525
8589 1438
8589 3245
8589 6547
8589 6814
8589 8069
1438 6547
1438 8589
6547 1438
6547 8069
6547 8589
8069 6547
8069 8589
3245 8589
4117 1016
4117 4609
4117 6814
4609 4117
4609 7764
4609 6814
4609 6213
5158 7442
5158 5997
6919 114
6919 3240
6919 3820
6919 7442
3240 1313
3240 6919
1313 1083
1313 3240
1313 6620
1083 1729
1083 5030
1083 1313
1083 4814
1083 1936
1083 4241
1083 4503
1083 5404
1083 1829
4503 1083
4503 1936
4503 5793
4503 6638
6638 1936
6638 2890
6638 4503
6638 5793
1936 1083
1936 6638
1936 4503
1936 2890
611 2890
611 5285
611 8594
8594 611
8594 1399
8594 2890
8594 4175
8594 5285
8594 5921
5921 8594
5285 611
5285 1399
5285 2890
5285 4175
5285 8594
1399 8594
1399 5285
1399 4175
4175 1399
4175 8594
4175 5285
8215 139
8215 530
8215 571
8215 2890
8215 3204
8215 3893
8215 5974
571 139
571 530
571 8215
3503 530
3503 8449
5910 8449
6617 168
6617 530
6617 1964
6617 2751
6617 8449
2751 204
2751 349
2751 1964
2751 4490
2751 6617
204 4034
204 5892
204 7804
204 4490
204 6200
204 1642
204 2751
4490 204
4490 2751
349 1964
349 2751
1964 349
1964 6617
1964 2751
7804 204
2054 797
2054 7053
2054 6424
2054 8121
2054 5180
2054 3837
8121 2054
8121 2056
8121 3837
8121 7053
3837 2054
3837 8121
2056 8121
2056 7053
7053 2054
7053 2056
7053 5180
7053 8121
5180 1193
5180 1573
5180 2054
5180 5080
5180 6307
5180 7911
5180 7053
7911 1573
7911 5080
7911 5180
7911 7267
7911 7380
7267 7380
7267 7911
7872 4433
7872 5080
7872 7380
8488 7380
5296 7380
7876 896
7876 4148
7876 5953
7876 6307
7876 6732
5953 7876
6732 1573
6732 1628
6732 1642
6732 2204
6732 5392
6732 6432
6732 7876
6732 7903
7903 5392
7903 6732
5392 1573
5392 7903
5392 6732
1573 5392
1573 7911
1573 5080
1573 6732
1573 5180
5080 1120
5080 1330
5080 1339
5080 1573
5080 4350
5080 7911
5080 7872
5080 5180
1120 5080
1120 1330
1120 1339
1491 1330
1491 2722
1491 6283
1491 1893
6283 1491
1893 1491
1893 2722
2722 1491
2722 1893
2722 2350
2722 7610
7610 2722
2350 662
2350 1265
2350 6833
2350 8210
2350 7747
2350 4505
2350 2722
2350 3813
2350 3383
2350 4028
6833 2350
6833 8210
8210 860
8210 1925
8210 2350
8210 5242
8210 5345
8210 5465
8210 5771
8210 6833
8210 6991
860 8210
860 1925
860 5771
860 6991
6991 860
6991 1925
6991 5771
6991 8210
5771 860
5771 1925
5771 8210
5771 6991
1925 178
1925 860
1925 1344
1925 8194
1925 6273
1925 5771
1925 6991
1925 8210
1925 7764
1925 3618
1925 5987
1925 4967
1925 8404
178 1344
178 3618
178 5987
178 1925
178 6273
178 1545
178 8194
178 3282
178 8404
1344 178
1344 6273
1344 3618
1344 1925
1344 5987
1344 8194
5987 178
5987 1344
5987 1925
5987 3618
5987 8194
5987 6273
8206 3285
8206 6273
8206 7692
8206 8194
7692 1278
7692 1324
7692 2032
7692 2374
7692 3074
7692 3285
7692 3704
7692 4070
7692 4595
7692 4934
7692 5800
7692 6477
7692 6661
7692 6841
7692 7692
7692 7692
7692 8206
2032 7692
2032 7276
2032 3246
7276 634
7276 2032
7276 3542
7276 4870
7276 6084
7276 6838
7276 7584
7276 8214
7276 8466
634 7584
634 7276
634 3542
3542 634
3542 7584
3542 4355
3542 8422
3542 7276
3542 8274
5082 2816
5082 7668
7668 1961
7668 5082
1961 7234
1961 7668
7234 1961
7234 2816
4045 173
4045 2816
173 4045
173 3086
157 1296
157 1014
157 5785
157 3688
157 1657
157 4799
5785 157
5785 1014
5785 1296
5785 1657
5785 3688
5785 4799
1296 157
1296 5785
1296 1657
1657 157
1657 1296
1657 1478
1657 6660
1657 7435
1657 7192
1657 5785
1657 5678
6660 1657
6660 7192
6660 7435
7435 1657
7435 6660
7435 7192
7192 1478
7192 1657
7192 5678
7192 6660
7192 7435
1478 1170
1478 7756
1478 5678
1478 7192
1478 3926
1478 1657
1170 715
1170 7886
1170 3926
1170 1478
1170 3494
1170 3693
1170 1301
1170 7741
3693 1170
3693 5362
5362 797
5362 1433
5362 3693
5362 4224
5362 6798
5362 6826
4224 6826
4224 5362
1433 4004
1433 5362
1433 3307
4004 1433
6826 1377
6826 1593
6826 2488
6826 4224
6826 4795
6826 5362
6826 6765
6826 7104
6826 8174
8174 1377
8174 6826
1377 6826
1377 8174
2488 6826
7104 6826
6765 1593
6765 6826
7985 797
7985 5345
7303 1360
7303 2640
7303 5515
5515 1360
5515 2640
5515 6976
5515 7303
6976 5515
6976 6523
6523 2148
6523 2532
6523 4022
6523 6976
6523 7986
6523 8522
2532 1016
2532 2148
2532 7986
2532 8522
2532 6523
2532 6202
2148 1806
2148 1817
2148 4950
2148 4022
2148 4420
2148 7785
2148 8522
2148 2532
2148 5133
2148 7986
2148 8596
2148 6523
5133 2148
5133 4420
5133 4950
5133 7785
5133 8522
8522 393
8522 2148
8522 2532
8522 4022
8522 4420
8522 4950
8522 5133
8522 6523
8522 7785
8522 7986
4950 2148
4950 4420
4950 7785
4950 8522
4950 5133
1817 1806
1817 8596
1817 2148
8596 1817
8596 2148
8596 2900
8596 5125
8596 6159
8596 7986
7785 2148
7785 4420
7785 4950
7785 5133
7785 8522
4420 2148
4420 7986
4420 4950
4420 7785
4420 8522
4420 5133
1806 2148
1806 1817
5125 52
5125 1727
5125 3654
5125 7986
5125 8596
1727 52
1727 5125
1727 3654
52 5125
52 3654
52 1727
3654 52
3654 1636
3654 1727
3654 5125
7986 2148
7986 2532
7986 4420
7986 5125
7986 6523
7986 8596
7986 8522
1636 85
1636 6691
1636 3654
1636 4263
1636 7217
1636 4067
1636 5236
5236 1636
5236 4067
7217 1636
7217 1642
7217 1781
7217 8293
1781 1642
1781 6432
1781 8293
1781 4198
1781 7217
1781 6505
6505 1781
6505 4047
6505 6432
4263 1636
4263 4067
85 4067
85 1636
4067 85
4067 1636
4067 5206
4067 6691
4067 4263
4067 5236
5206 4067
5206 7364
6691 1636
6691 3014
6691 4067
3014 708
3014 6691
3014 6044
708 3014
708 6044
6044 708
6044 3014
6044 8436
6044 8207
8207 3147
8207 6044
8207 7829
3147 156
3147 8207
156 5892
156 3147
156 8301
8301 156
5892 156
5892 204
8293 1642
8293 1781
8293 3140
8293 7217
4198 1781
4198 7364
4198 5861
4198 4201
4198 8157
7364 2944
7364 4198
7364 5206
7364 5414
5414 7364
2944 7364
2944 3047
3047 613
3047 2944
3047 8451
3047 4692
3047 3367
4692 613
4692 3047
4692 3367
613 3367
613 4692
613 3047
3367 613
3367 3047
3367 4034
3367 4692
897 6496
897 4991
897 4799
2336 96
2336 231
2336 471
2336 907
2336 1490
2336 1547
2336 2042
2336 2171
2336 2235
2336 2324
2336 4991
2336 6544
2336 7953
2336 8347
2336 7584
2336 3377
2336 6838
2336 2745
2336 4028
2336 7485
2336 8629
2336 7757
2336 4107
2336 6613
2336 2912
2336 6651
2336 5235
2336 6264
2042 231
2042 471
2042 7584
2042 2391
2042 8629
2042 4107
2042 5717
2042 8214
2042 2336
2042 6544
2042 7947
2042 6069
2042 6838
2042 6264
2042 5822
2042 4031
4107 2042
4107 2336
4107 6661
4107 4204
4107 6613
7443 786
7443 920
7443 2249
7443 2331
7443 2456
7443 3451
7443 3638
7443 6069
7443 6204
7443 6544
7443 6613
7443 7944
7443 7584
7443 8435
4363 4021
4363 8435
4021 4363
1233 3347
1233 3638
1233 4441
1233 8435
4441 471
4441 1233
4441 3347
3347 471
3347 1109
3347 1233
3347 2645
3347 3165
3347 6483
3347 5974
3347 4441
3347 6835
3347 3638
3165 3718
3165 3347
3165 3212
310 6544
310 6838
310 4870
310 7655
310 6069
310 1519
310 3718
310 5822
5822 310
5822 2042
5822 2376
5822 3410
5822 3638
5822 3718
5822 4059
5822 4870
5822 7947
5822 8422
5822 6838
5822 6069
4870 231
4870 310
4870 471
4870 1519
4870 1547
4870 2235
4870 2376
4870 2650
4870 3204
4870 3997
4870 4031
4870 8431
4870 6544
4870 5717
4870 5288
4870 7276
4870 8629
4870 6838
4870 5822
6544 231
6544 310
6544 2042
6544 2113
6544 2336
6544 3204
6544 4031
6544 4870
6544 4991
6544 5456
6544 6069
6544 6204
6544 8629
6544 7443
6544 6613
6544 7584
6544 7953
2376 1221
2376 8422
2376 7485
2376 6838
2376 3410
2376 7530
2376 5822
2376 4870
907 471
907 2336
907 1383
8404 178
8404 287
8404 471
8404 1221
8404 1354
8404 1490
8404 1925
8404 3110
8404 3204
8404 4834
8404 5418
8404 5661
8404 5989
8404 7193
8404 7532
8404 7584
1490 2336
1490 4818
1490 8404
1490 4468
1490 2171
2171 1221
2171 1490
2171 3479
2171 2336
2171 7026
2171 4991
8595 4967
8595 4991
8595 6419
8595 6898
8595 7584
8595 8169
8595 8263
8595 8551
8551 1068
8551 3246
8551 4900
8551 7240
8551 8169
8551 8595
5314 231
5314 2881
5314 4991
5314 7584
5314 6084
5314 7944
5314 7538
5314 8169
7584 231
7584 287
7584 471
7584 634
7584 786
7584 2042
7584 2235
7584 2336
7584 2824
7584 3204
7584 3542
7584 3638
7584 3688
7584 4031
7584 5314
7584 6204
7584 6264
7584 6544
7584 6613
7584 7193
7584 7276
7584 7443
7584 7485
7584 7953
7584 8595
7584 8347
7584 7944
7584 8404
7584 8169
6204 1406
6204 3451
6204 4031
6204 6069
6204 7584
6204 6544
6204 7538
6204 7443
6204 6613
6204 7485
1406 7944
1406 2349
1406 5456
1406 7412
1406 6069
1406 8346
1406 4059
1406 6204
1406 3454
4059 1406
4059 2392
4059 3017
4059 6234
4059 4455
4059 5822
3017 153
3017 4059
3017 6312
3017 4597
3017 3638
3017 7764
6312 153
6312 3017
153 8517
153 6312
153 3017
153 7401
153 3522
7401 153
7401 3212
7401 3522
7401 8517
8517 153
8517 243
8517 2898
8517 3522
8517 6613
8517 7401
8517 8347
243 8517
243 4744
4744 243
4744 1466
4744 3136
3136 1466
3136 4744
1466 3136
1466 4744
1466 5538
5538 1466
5538 2265
5538 2444
5538 6816
5538 8613
5538 8550
6816 5538
6816 7649
6816 8550
8550 1794
8550 5538
8550 6816
8550 7649
7649 1722
7649 6816
7649 7163
7649 8550
7163 510
7163 1039
7163 1368
7163 1722
7163 2432
7163 2514
7163 3123
7163 7649
7163 7255
7163 7369
1039 2514
1039 7163
1039 7255
2514 1039
2514 7163
2514 7255
7369 7163
1722 1368
1722 2432
1722 7163
1722 7649
3123 7163
7255 1039
7255 2514
7255 7163
510 7163
1368 1722
1368 7163
7070 2432
8613 1511
8613 2265
8613 2444
8613 4842
8613 5538
2444 2265
2444 4842
2444 5538
2444 8123
2444 8613
8123 2444
8123 5490
2265 1511
2265 5538
2265 8613
2265 2444
1511 2265
1511 8613
4842 2444
4842 8613
5490 8123
