2757 3333
2757 4185
2757 5557
2757 5042
2757 2631
6807 8045
6807 2689
6807 7400
6807 163
6807 8065
5883 3304
5883 1657
5883 2053
5883 71
5883 1990
1293 7780
1293 5591
1920 7894
1920 6077
1920 7284
4384 2899
6960 5706
6960 2554
6960 7230
6960 7842
6960 3098
3247 7065
3247 6781
2477 6565
2477 3708
2477 2759
2477 7162
4743 7715
4743 1011
4743 2061
4743 131
4743 1021
7284 1920
7284 4293
7284 3878
7284 3056
7284 5376
2631 2757
2631 6385
2631 8333
2631 6556
2631 4889
1990 3157
1990 1657
1990 5883
1990 1558
1990 2053
2554 7886
2554 6960
2554 3460
2554 1365
2554 5282
7780 1293
7780 5591
2053 2683
2053 5883
2053 2317
2053 3304
2053 1558
2899 2578
2899 2924
2899 3980
2899 3852
2899 5649
6565 8393
6565 2477
6565 3708
6565 1286
6565 2759
1657 7776
1657 1478
1657 2844
1657 5853
1657 7435
6077 7284
6077 4531
6077 6262
6077 1920
6077 5412
3304 2054
3304 4914
3304 5883
3304 5444
3304 6934
7894 1920
7894 6250
7894 4136
7894 3276
7894 8333
5591 7364
5591 1293
5591 4707
5591 6319
5591 1938
5042 3038
5042 1820
5042 7066
5042 4553
5042 2524
6781 3247
6781 7065
7230 2882
7230 6095
7230 4795
7230 4592
7230 8507
7065 4589
7065 8153
7065 7693
7065 8166
7065 1947
3708 7162
3708 2477
3708 2759
3708 1286
3708 2723
7162 3708
7162 6777
7162 6216
7162 5739
7162 2477
1021 4743
1021 1011
1021 2061
1021 131
5557 2757
7715 7961
7715 2737
7715 6629
7715 7240
7715 3668
2061 1642
2061 3167
2061 4781
2061 5800
2061 1021
7842 7230
7842 2315
7842 5602
7842 1369
7842 3098
2759 6565
2759 5847
2759 6643
2759 4368
2759 3708
4185 2757
4185 4631
4185 6432
4185 4136
4185 2587
131 1021
131 2061
131 4743
131 1011
163 2689
163 8065
163 8631
163 1303
163 5938
1011 5800
1011 7683
1011 4781
1011 2829
1011 1587
71 7470
71 1657
71 1812
71 5715
71 2100
5706 7230
5706 4592
5706 6172
5706 3098
5706 6960
7400 8045
7400 6807
7400 8322
7400 3669
7400 7118
3098 2315
3098 5602
3098 5706
3098 3335
3098 7842
3333 2757
3333 4185
2689 8631
2689 415
2689 8065
2689 8466
2689 946
8065 6807
8065 415
8065 3738
8065 163
8065 2689
8045 6807
8045 6387
8045 7400
8045 3445
1369 8384
1369 7886
1369 2315
1369 3335
1369 7230
4553 7927
4553 2205
4553 5042
4553 637
4553 2953
4781 5800
4781 1011
4781 2829
4781 245
4781 2061
1642 3140
1642 7379
1642 3513
1642 3977
1642 2784
1587 1324
1587 3746
1587 7308
1587 8449
1587 7386
6216 3282
6216 6777
6216 5254
6216 4516
6216 6773
6556 2631
6556 4185
8466 8024
8466 2881
8466 7137
8466 7564
8466 4851
5282 7480
5282 1365
5282 2554
5282 208
5282 1369
3167 1642
3167 2061
7435 7192
7435 6660
7435 1657
2100 2924
2100 8532
2100 2845
2100 3916
2100 3677
1558 8420
1558 5144
1558 7766
1558 7052
1558 1657
5412 4531
5412 8346
5412 7532
5412 7284
5412 370
8322 7873
8322 3960
8322 6330
8322 658
8322 4416
4707 5591
4707 386
4707 7364
4707 8604
4707 4198
8393 6565
8393 2759
8393 1286
4589 7065
4589 3311
4589 4818
4589 1031
4589 3686
7693 4582
7693 8166
7693 7065
7693 6458
7693 8153
2829 4781
2829 5800
2829 1011
4293 7850
4293 1445
4293 4802
4293 483
4293 4054
5739 4295
5739 1199
5739 7867
5739 7162
5739 2549
5938 5842
5938 474
5938 4486
5938 163
5938 1303
6432 1781
6432 3140
6432 8511
6432 2757
6432 4185
2054 8121
2054 6861
2054 3304
2054 797
2054 7053
7776 6595
7776 2966
7776 5444
7776 5836
7776 4167
4592 7230
4592 6172
4592 5706
5853 4509
5853 1657
5853 3774
5853 1219
5853 2712
2317 5883
2317 1657
2317 2053
2317 71
2317 1990
6629 5825
6629 1625
6629 7961
6629 7060
6629 2606
3445 8045
3445 6268
3445 5350
3445 6387
5376 7284
5376 5412
5376 4531
6172 5706
6172 8191
6172 8507
6172 7527
6172 4592
2882 7230
2683 1558
2683 2434
2683 5493
2683 1815
2683 4370
2924 3387
2924 2899
2924 6618
2924 6058
2924 3852
4914 3304
4914 5853
4914 4520
4914 4363
4914 1657
1478 3697
1478 5332
1478 4624
1478 5678
1478 1657
4531 7356
4531 5376
4531 5412
4531 1171
4531 7284
7118 7625
7118 7400
7118 1180
3335 8067
3335 1369
3335 3587
3335 687
3335 3098
6262 6077
6262 6600
4631 3752
4631 2292
4631 5611
4631 6432
4631 2631
8631 8065
8631 2919
8631 6876
8631 7457
8631 4912
3878 3428
3878 8624
3878 4524
3878 4746
3878 4666
1938 5591
1938 7176
1938 4981
1938 1198
1938 7364
1303 4486
1303 5938
1303 163
6250 4241
6250 7894
6250 7688
6250 6278
6250 1729
7683 2355
7683 960
7683 2061
7683 842
7683 1011
5602 3098
5602 2315
5602 7842
5602 1369
6319 7732
6319 3051
6319 5591
6319 2711
6319 4052
2737 7715
2737 7240
2737 3007
2737 2390
946 5363
946 8466
946 1228
946 4139
946 6522
4368 5333
4368 2759
4368 2146
7470 6872
7470 3381
7470 4996
7470 71
7470 3528
1812 3095
1812 5329
1812 7121
1812 71
1812 7986
5715 4370
5715 1951
5715 7121
5715 71
3669 7400
415 4265
415 2689
415 8631
415 448
415 2085
6385 3301
6385 7778
6385 4365
6385 3624
6385 2631
8333 4136
8333 2419
8333 7474
8333 6294
8333 2631
2578 2899
3980 4043
3980 7701
3980 8218
3980 6030
3980 2440
2587 1113
2587 4185
5649 2339
5649 2899
3460 7886
3460 6960
3460 3831
3460 2554
3157 3063
3157 3243
3157 4257
3157 8555
3157 5720
1365 7886
1365 2554
1365 5282
1365 1976
1365 8354
7364 1938
7364 4707
7364 2973
7364 2944
7364 5398
7961 6921
7961 1022
7961 5031
7961 847
7961 2390
2844 5210
2844 1796
2844 6809
2844 1657
2844 4467
3038 1074
3038 7301
3038 3752
3038 1823
3038 3607
1947 8191
1947 7065
1947 4982
1947 4114
1947 7231
3738 8631
3738 2689
3738 5684
3738 762
3738 5600
4136 2757
4136 5232
4136 8170
4136 5427
4136 7894
5847 2014
5847 5027
5847 4217
5847 2954
5847 6999
7240 8551
7240 3007
7240 7754
7240 7521
7240 5120
6643 2558
6643 5847
6643 4704
6643 3184
6643 6849
6934 4621
6934 1657
6934 3415
6934 393
6934 3304
4795 2136
4795 4028
4795 3435
4795 3209
4795 6172
6387 2633
6387 5350
6387 3960
6387 3445
6387 8045
7066 5042
7066 3270
7066 4365
7066 1820
7066 3624
1286 978
1286 3281
1286 7148
1286 7162
1286 5913
3276 7894
3276 6999
5800 861
5800 2829
5800 7185
5800 6953
5800 4034
1820 7253
1820 7066
1820 5042
1820 3624
4889 2631
2723 4289
2723 7162
2723 6865
2723 3404
2723 3708
2524 2757
2524 5042
2524 6927
2524 1238
7886 1365
7886 5282
7886 3831
7886 3460
7886 6960
6095 7230
6095 1571
6095 6562
6095 526
6095 2310
8507 8191
8507 7230
8507 6172
8153 7992
8153 3515
8153 7065
8153 7428
8153 4911
8166 8153
8166 4982
8166 7231
8166 1947
8166 7065
6777 7825
6777 2486
6777 4351
6777 1849
6777 3607
2315 7842
2315 750
2315 1790
2315 433
2315 1369
3852 2924
3852 2899
3852 2339
3056 6884
3056 7284
5444 1698
5444 5380
5444 3553
5444 3304
5444 7786
3668 8068
3668 4790
3668 8451
3668 7599
3668 3007
3007 2737
3007 4881
3007 5512
3007 4167
3007 7080
4052 6319
4052 2597
4052 7732
4052 314
4052 3350
8551 7240
8551 1068
8551 3246
8551 1002
8551 1637
2711 6319
2711 2897
2711 4664
2711 118
2711 3785
3752 3930
3752 824
3752 3038
3752 305
3752 1400
1729 6727
1729 3730
1729 4815
1729 2510
1729 5030
3774 2683
3774 7410
3774 4914
3774 4938
3774 6934
7176 1938
7176 4981
7176 4053
7176 3278
7176 5410
4524 7716
4524 1159
4524 3878
4524 1036
4524 3806
3428 3878
3428 1036
3428 1199
3428 257
3428 1159
7927 637
7927 4553
4912 4790
4912 3574
4912 7405
4912 8631
4912 3882
7457 7715
7457 8306
7457 8631
7457 3599
2549 4516
2549 2723
2549 5739
2549 6727
2549 7867
6876 6387
6876 8631
6058 8288
6058 2924
6058 2380
5031 7715
5031 7961
5031 1022
2919 4829
2919 2655
2919 3574
2919 1854
2919 8631
6600 6199
6600 1282
6600 7765
6600 8100
6600 1457
5611 3100
5611 5390
5611 4631
5611 3932
5611 5891
2339 2272
2339 5649
2339 8635
2339 5768
2339 4764
2292 6937
2292 6273
2292 4788
2292 7838
2292 8194
4746 3806
4746 1159
4746 3878
4746 1036
8067 3587
8067 1211
8067 3098
8067 687
8067 1369
3977 7931
3977 8299
3977 1642
1180 4074
1180 970
1180 5871
1180 7118
1180 6561
4043 2427
4043 3718
4043 3195
4043 3193
4043 6232
8218 5252
8218 2087
8218 7726
8218 7375
8218 2899
5332 5096
5332 1385
5332 1909
5332 28
5332 1478
8604 5591
8604 4707
8604 6695
8604 345
7786 5444
3697 2982
3697 1478
3697 4498
3697 8201
3697 1878
5333 2266
5333 4127
5333 3513
5333 3410
5333 6152
4363 4520
4363 3805
4363 4914
4363 1702
4363 4021
4520 2731
4520 5003
4520 4363
4520 4256
4520 4914
4217 8495
4217 5847
4217 7883
6618 2924
483 4293
483 7284
483 4802
4982 8191
4982 1947
4982 6271
4982 7693
4982 4582
3916 2100
3916 7121
3916 6599
3916 3677
3916 4437
1198 2851
1198 2120
1198 1485
1198 2825
1198 4981
3243 7291
3243 5498
3243 3157
3387 2924
3387 2593
3387 1601
4370 7392
4370 7313
4370 7121
4370 6571
4370 5398
1815 2683
1815 1608
1815 2434
1815 997
1815 1857
2633 6124
2633 1228
2633 6080
2633 1016
2633 2133
8511 6432
8511 3896
8511 8293
8511 3140
8191 2935
8191 4824
8191 8507
8191 4317
8191 6172
1238 3891
1238 3838
1238 6042
1238 6260
1238 3688
1171 4250
1171 4531
1171 5337
1171 4689
1171 8564
762 3738
762 5600
762 27
4034 3367
4034 4799
4034 5864
4034 5800
4034 2060
5350 2435
5350 7083
5350 8194
5350 4893
5350 6387
6268 3445
6268 6387
1625 6412
1625 1628
1625 3479
1625 1878
1625 6629
5825 7357
5825 1625
5825 8460
5825 674
5825 6629
7052 1558
7052 5784
7625 1180
7625 7118
1219 5444
1219 5853
1219 3585
1219 7827
1219 8047
7356 6461
7356 4257
7356 4839
7356 3307
7356 4531
5720 2036
5720 6437
5720 3938
5720 3330
5720 1097
4509 5853
4509 3880
4509 7419
4509 845
4509 7170
3282 1545
3282 2523
3282 2133
3282 2111
3282 7602
7599 1299
7599 3704
7599 3101
7599 2555
7599 6928
8451 2498
8451 3668
8451 3047
8451 2703
8451 6729
4790 4881
4790 2139
4790 7599
4790 5224
4790 3574
3553 5444
3553 3960
3553 8399
3553 5129
3553 5075
2558 4141
2558 298
2558 6643
2558 242
2558 1849
1698 5643
1698 4897
1698 5444
1698 6800
1698 8034
6872 7470
6872 1657
6872 5678
6872 1478
6872 4996
7867 8260
7867 2549
7867 5739
7867 380
7867 4516
5678 2650
5678 7045
5678 4814
5678 4249
5678 6872
1790 2315
750 2315
750 7886
4351 5419
4351 1849
4351 6777
4351 6216
4351 2439
7137 5448
7137 8466
7825 4351
7825 6777
8024 2350
8024 6184
8024 4763
8024 4337
8024 8466
4911 8153
4911 6753
7428 7688
7428 4567
7428 5030
7428 214
7428 4738
861 2469
861 4488
861 6621
861 3513
861 5333
3515 7992
3515 1245
3515 6285
3515 868
3515 1791
7992 5519
7992 1791
7992 8607
7992 6702
7992 1912
526 6095
526 6562
526 919
526 2608
526 7238
1571 7156
1571 729
1571 6095
1571 7230
1571 4834
6927 968
6927 3530
6927 3285
6927 3194
6927 5042
8121 7053
8121 2054
8121 2533
8121 1951
8121 2056
3404 6642
3404 4997
3404 4521
3404 8317
3404 4114
4996 7470
4996 1657
4996 3528
4996 7192
4996 3368
4289 3404
4289 2723
4289 4521
4289 2471
7185 1587
7185 4962
7185 3105
7185 3031
7185 5800
3095 1812
7253 1820
7253 3920
7850 6345
7850 3404
7850 4293
7850 1445
7850 4114
6953 7185
6953 5246
6953 8449
6953 1587
6953 5800
8346 1531
8346 2710
8346 8540
8346 1958
8346 4406
386 6362
386 4707
386 5398
386 977
386 7364
4167 7930
4167 3007
4167 6595
4167 93
4167 7776
3281 1286
3281 2670
3270 2165
3270 3814
3270 6177
3270 5312
3270 4437
4265 415
4265 2085
4028 2745
4028 6500
4028 5152
4028 3522
4028 8266
393 584
393 4819
393 4621
393 754
393 8347
4621 1916
4621 6934
4621 7068
4621 8476
4621 5535
6865 2723
6865 700
6865 8392
6865 5441
6865 806
3184 3285
3184 2920
3184 3618
3184 6643
3184 6093
7754 7412
7754 949
7754 6159
7754 659
7754 3324
2136 6208
2136 5528
2136 4795
2136 2079
2954 2014
2954 635
2954 7112
2954 5847
2954 1849
5027 7358
5027 5156
5027 5847
5027 4676
1445 7850
1445 4293
2440 7740
2440 1696
2440 8175
2440 281
2440 6031
3435 3810
3435 4622
3435 7941
3435 6923
3435 4059
2014 1828
2014 8492
2014 3520
2014 1896
2014 7225
8170 4136
8170 2507
8170 2419
5232 8165
5232 3275
5232 4136
5232 2419
5232 3534
5600 5761
5600 762
5600 3599
5600 404
5600 3574
7192 6872
7192 1657
7192 8012
7192 7435
7192 4996
6595 4167
6595 6378
6595 5076
6595 4952
6595 7403
5684 8631
5684 2689
5684 3999
5684 331
5684 3738
7873 7043
7873 6994
7873 8322
7873 6888
3607 8332
3607 1516
3607 4352
3607 6777
3607 2213
1823 7344
1823 1496
1823 3038
1823 598
5913 7582
5913 3426
5913 7600
5913 1286
5913 3836
7301 3038
2310 6095
2310 6925
2310 5228
6809 3824
6809 1796
6809 8461
6809 5558
6809 2599
4467 7405
4467 2844
4467 4441
4467 471
4467 3347
6921 5438
6921 2004
6921 4096
6921 7961
6921 3538
5329 4024
5329 1351
5329 2779
5329 6376
5329 1812
3140 2966
3140 4782
3140 6662
3140 8293
3140 4121
5398 4198
5398 7364
5398 5102
5398 4833
5398 6362
2944 3047
2944 8127
2944 6246
2944 7084
2944 7364
5210 5512
5210 2844
5210 4453
5210 2696
5210 3748
1849 6777
1849 4141
1849 2026
1849 6216
1849 6294
1031 3223
1031 7772
1031 3686
1031 362
1031 4589
8354 2303
8354 4370
8354 3600
8354 3597
8354 6274
1113 5796
1113 1339
1113 1431
1113 4433
1113 723
6884 3056
6884 7284
1976 6234
1976 2308
1976 7719
1976 2911
1976 8230
3063 3157
3063 2031
3063 6181
3063 8172
3063 2035
4666 5904
4666 257
4666 1224
4666 105
4666 1036
4257 3157
4257 5172
4257 4839
4257 7431
4257 6461
3831 8459
3831 2554
3831 3460
3831 2261
3831 3081
6030 3024
6030 8175
6030 3976
6030 3652
6030 1546
7701 3980
7701 7644
7701 6030
7701 5992
7701 2103
7521 7080
7521 553
7521 2480
7521 287
7521 2409
6294 6786
6294 1849
6294 8333
6294 6733
6294 1876
2712 5853
2419 2757
2419 3534
2419 2507
2419 8170
2419 7894
4365 3093
4365 3475
4365 6385
4365 6275
4365 6923
7778 4365
7778 3300
7778 6385
7778 3083
847 7358
847 7412
847 7961
847 6921
3301 4365
3301 7634
3301 6385
7480 3869
7480 5069
7480 4216
7480 4213
7480 8450
2085 415
2085 4265
3677 3032
3677 5478
3677 5488
3677 3916
3677 2601
6562 7533
6562 4191
6562 6095
6562 526
6562 4332
2881 2701
2881 4622
2881 4934
2881 3451
2881 6203
6861 5180
6861 2054
6861 4157
6861 1386
6861 3502
7060 4743
7060 2390
7060 3235
7060 1022
7060 3007
7986 4420
7986 8596
7986 6376
7986 5329
7986 2532
4802 6886
4802 3159
4802 7284
4802 483
4802 4293
7121 3639
7121 253
7121 5715
7121 5342
7121 830
2146 5024
2146 4368
2146 3591
2146 690
1074 3038
1074 6952
1074 66
3528 7470
3528 2254
3528 8035
3528 6297
3528 2673
5120 7715
5120 7834
5120 7240
3381 7470
3381 3327
3381 6078
3381 1450
3381 6019
2784 1642
2784 8414
8555 3157
8555 1324
8555 410
6522 4165
6522 1228
6522 946
4139 6111
4139 1228
4139 5888
4139 946
4139 1785
1228 2633
1228 5495
1228 6387
1228 6124
1228 3626
6999 6643
6999 8297
6999 8624
6999 7849
6999 3276
5363 946
1781 7217
1781 6432
1781 8293
1781 1642
1781 4833
2390 1729
2390 4815
2390 6727
2390 6533
2390 3238
7564 2881
7564 8466
1199 2298
1199 2801
1199 3428
1199 1159
1199 4882
4582 8191
4582 8153
4582 4982
4582 1947
4582 7693
7766 8420
7766 1558
7766 2053
7766 288
7766 1657
3587 8067
3587 1369
3587 3335
3587 687
3587 3098
1951 3278
1951 2841
1951 4246
1951 2622
1951 5410
8384 3761
8384 433
8384 2315
8384 213
8384 1369
1022 7060
1022 3040
1022 7961
1022 7833
1022 5031
6773 1518
6773 6216
5380 1657
5380 5076
5380 3623
5380 3553
5380 6176
4818 2857
4818 6222
4818 4589
4818 4468
4818 7836
448 2648
448 2496
448 1261
448 415
448 465
3311 4818
3311 4589
6330 5448
6330 2703
6330 3197
6330 8092
6330 2837
7148 4342
7148 6327
7148 5850
7148 5663
7148 7880
4704 5456
4704 984
4704 3618
4704 6493
4704 3184
4295 4516
4295 5739
4295 2549
4198 5861
4198 1781
4198 8157
4198 6362
4198 4833
2606 6629
2606 4530
2606 4679
2606 5931
2606 8392
797 2379
797 3382
797 7985
797 7437
797 1628
658 8368
658 8322
5493 2434
5493 4288
5493 3707
5493 3377
5493 7525
2486 6777
5144 7711
5144 1290
5144 6202
5144 384
5144 1558
7532 6839
7532 2331
7532 5394
7532 5989
7532 3109
8420 7766
8420 1558
8420 2053
8420 288
8420 1657
4241 2720
4241 7617
4241 5826
4241 4182
4241 6295
1324 3563
1324 7692
1324 4330
1324 8524
1324 6966
3513 1642
3513 6464
3513 3106
3513 2905
3513 5333
3686 1982
3686 7848
3686 8419
3686 8033
3686 3833
4486 3754
4486 1029
4486 1680
4486 163
4486 1303
8068 7403
8068 3668
8068 5398
8068 298
8068 4455
6458 6285
6458 1535
6458 2078
6458 7693
6458 1947
687 3335
687 3098
687 8067
687 1369
687 3587
7231 8153
7231 4982
7231 8166
7231 1947
7231 6271
8624 3778
8624 5678
8624 4299
8624 3926
8624 6832
6849 6643
6849 2759
6849 5847
6849 984
6849 3047
1796 6809
1796 6834
1796 2844
1796 1475
1796 3749
978 736
978 1286
2205 2033
2205 7660
2205 8007
2205 6378
2205 4553
4054 4293
4054 874
4054 7480
4054 6442
4054 3869
2953 7442
2953 4553
2953 2205
3051 3342
3051 2218
3051 7475
3051 1360
3051 7810
7474 5439
7474 3675
7474 8333
7474 397
474 3754
474 6207
474 5938
474 7086
474 6083
3746 4825
3746 2166
3746 4352
3746 4809
3746 2515
7527 6172
7527 3098
7527 562
960 5257
960 3602
960 975
960 5802
960 7339
6660 7435
6660 7192
6660 1657
5842 2063
5842 7240
5842 7803
5842 7296
5842 5938
3209 5664
3209 5488
3209 6571
3209 4227
3209 5342
5254 6216
5254 1780
5254 4351
5254 572
5254 2099
637 2040
637 398
637 723
637 287
637 7602
245 4781
245 1587
245 5800
245 226
245 5253
2434 1857
2434 5292
2434 2601
2434 2790
2434 8532
3624 3386
3624 5838
3624 7479
3624 7720
3624 5042
8532 2434
8532 3916
8532 2839
8532 2792
8532 5819
4851 8466
4851 1280
4851 5448
4851 946
4851 5765
4416 3164
4416 6350
4416 6216
4416 8322
4416 7965
7688 2372
7688 4814
7688 4114
7688 3895
7688 6753
5836 4578
5836 7752
5836 7172
5836 7776
5836 6461
2973 4655
2973 362
2973 7364
2973 0
2973 8033
5427 4136
5427 2631
5427 8333
5427 2419
7308 5988
7308 5115
7308 6474
7308 1587
8449 7003
8449 1983
8449 5367
8449 5910
8449 2846
7379 8414
7379 1642
7379 111
4516 4345
4516 8349
4516 4882
4516 5739
4516 2549
3960 6387
3960 404
3960 3553
3960 255
3960 1331
2355 7683
2355 202
2355 2219
2355 51
2355 960
4624 4498
4624 1478
4624 2982
4624 54
4624 2402
2845 2924
2845 2100
2845 4437
2845 1601
842 7683
433 6630
433 1369
433 2315
433 8384
433 3098
4114 3404
4114 6231
4114 6345
4114 7688
4114 8217
7386 1587
4981 6989
4981 7423
4981 5431
4981 8086
4981 2354
208 5610
208 3850
208 7193
208 7480
208 7236
3415 6934
3415 1519
3415 4621
3415 4028
3415 1916
6278 6250
6278 5030
6278 1729
7732 4052
7732 6319
370 3030
370 185
370 7284
370 5412
370 5072
7053 3775
7053 2054
7053 8121
7053 5883
7053 2056
2966 3140
2966 7776
2966 7123
2966 4657
2966 2079
