2705 3585
2705 462
2705 4091
2705 1970
2705 1606
2099 1551
2099 1089
2099 2802
2462 1691
2501 956
2501 3617
2501 3333
2501 907
2501 3033
2112 2240
2112 147
2112 1857
2112 453
311 853
311 540
1502 2734
1502 1160
1502 3206
4021 1413
4021 116
4021 3026
3048 2198
3048 3243
3048 2893
3048 2178
3048 3175
3939 1730
540 853
540 311
540 1021
453 2112
453 91
453 2240
453 3391
453 1262
1857 2112
147 3743
147 100
147 817
147 1183
147 843
2240 4116
2240 453
2240 1262
2240 3858
2240 3791
3333 2397
3333 185
3333 1822
3333 3479
3333 3517
1970 2705
1970 841
1970 1296
1970 4091
1970 3442
3617 2633
3617 2501
3617 3517
2802 1551
2802 1089
2802 2099
2734 3206
2734 571
2734 1502
2734 1160
1089 2099
1089 2802
1089 1551
1606 3303
1606 462
1606 1073
1606 4063
1606 4007
1691 2475
1691 4010
1691 2703
1691 1643
1691 4027
3206 1502
3206 1160
3206 2734
1413 2488
1413 116
1413 3178
1413 4021
1413 2484
907 2004
907 48
907 3388
907 3997
907 2377
1160 3206
1160 1502
1160 2734
116 536
116 1697
116 4021
116 1749
116 3796
3026 2748
3026 116
3026 1916
3026 1413
3026 4021
2198 3136
2198 2801
2198 3488
2198 2178
2198 4079
3175 1270
3175 2566
3175 2044
3175 1252
3175 2916
2893 2198
2893 3438
2893 3136
2893 2178
2893 3243
1730 2707
1730 606
1730 4081
1730 3939
1551 2099
1551 1089
1551 2802
1551 2251
1551 3735
3243 2198
3243 3415
3243 2893
3243 2178
3243 3345
462 1606
462 2705
462 831
462 635
462 2367
853 540
853 311
853 1021
956 2397
956 185
956 3391
956 2194
956 2792
2178 2566
2178 2801
2178 2212
2178 3136
2178 4079
3585 1534
3585 3528
3585 2115
3585 1390
3585 3826
4091 3359
4091 366
4091 1077
4091 2950
4091 2705
3033 2827
3033 185
3033 3407
3033 2824
3033 2501
1534 3892
1534 1102
1534 3585
1534 2160
1534 3143
2194 1632
2194 956
2194 3135
3388 907
3388 2792
3388 1426
3388 720
3388 3621
2367 831
2367 462
2566 2198
2566 2801
2566 3488
2566 2178
2566 4079
635 2705
635 178
635 528
635 3037
635 1493
2824 3703
2824 516
2824 1460
2824 3504
2824 3727
2004 907
2004 25
2004 3144
2004 677
2004 578
606 1509
606 2417
606 1364
606 805
606 2057
2397 3333
2397 185
2397 956
2397 2501
2397 3033
4081 1730
2044 3345
2044 2801
2044 2212
2044 2893
2044 4079
2801 3488
2801 1081
2801 3438
2801 2566
2801 2198
3796 1625
3796 3775
3796 2113
3796 1552
3796 3682
831 1606
831 462
831 2367
1916 3026
1916 1413
2212 2198
2212 2893
2212 3048
2212 2178
2212 3175
2115 3585
2115 563
3743 900
3743 2603
3743 1977
3743 743
3743 2987
3735 1315
3735 3134
3735 1869
3735 1096
3735 3606
2377 2148
2377 907
2377 1241
2377 934
2377 2998
1183 147
1183 100
1183 389
1697 3315
1697 116
1697 583
1697 2353
1697 3568
48 811
48 3648
48 4136
48 782
48 1212
2484 1952
2484 3246
2484 2580
2484 1777
2484 4127
2488 3178
2488 1413
2488 2815
3407 3388
3407 272
3407 1250
3407 3210
3407 3033
2950 3585
2950 542
2950 2705
2950 4091
2950 3559
1077 4091
1077 483
1077 584
1077 1577
1077 1699
3359 4091
3359 366
3359 542
3359 3915
3359 2884
3136 2198
3136 3243
3136 2893
3136 2178
3136 3175
2748 2094
2748 27
2748 1413
2748 3731
2748 3026
1390 3585
1390 3796
1390 3030
1390 2945
1390 1593
1296 1970
1296 2705
1296 3442
4116 1567
4116 155
4116 1929
4116 1430
4116 3988
3528 1791
3528 1102
3528 3585
4010 3546
4010 1691
4007 2705
4007 132
4007 1606
4007 3442
4007 3735
4063 1606
4063 1073
4063 3331
571 2734
571 212
571 1945
571 1067
571 650
3488 1997
3488 3048
3488 2212
3488 1404
3488 3345
3391 2900
3391 91
3391 189
3391 2542
3391 1729
4079 2198
4079 3345
4079 2893
4079 2178
4079 3243
3303 2958
3303 200
3303 3307
3303 2705
3303 1665
843 1671
843 3894
843 2652
843 918
843 1148
1822 3333
1822 243
1822 3517
2792 1791
2792 956
2792 3388
3438 2801
3438 1081
3438 3175
3438 2566
3438 2198
3826 3585
3826 563
3826 1190
3826 3070
3826 2953
841 2151
841 1970
100 389
100 147
100 1183
1749 1697
1749 116
1749 2353
1262 2240
1262 453
536 297
536 116
536 2944
1021 1144
1021 83
1021 853
1021 540
1021 3046
366 2039
366 3359
366 1655
366 3539
366 2846
3858 2240
3858 1567
3479 3033
3479 185
3479 2501
3479 3517
3479 3333
2703 1691
3345 2198
3345 3488
3345 2893
3345 2178
3345 3243
3442 1970
3442 1031
3442 1606
3442 3735
3442 4007
2251 1943
2251 322
2251 4040
2251 1928
2251 1602
3997 2423
3997 477
3997 907
3997 782
3997 3648
3415 3488
3415 3243
3791 2240
817 3882
817 66
817 2926
817 1545
817 3015
91 2343
91 123
91 453
91 1423
91 3391
1643 3669
1643 502
1643 1691
1643 1071
1270 2067
1270 2932
1270 3175
1270 3345
1270 2801
2827 3843
2827 725
2827 3033
2827 3968
2827 2824
2633 3613
2633 492
2633 595
2633 3426
2633 3617
2475 2244
2475 1691
4027 3546
4027 1691
185 3479
185 3517
185 3333
185 2501
185 2397
1252 3048
1252 2178
1252 2067
1252 3175
1252 2893
2707 1730
2707 1076
2916 3175
2916 203
2916 1081
2916 1010
1073 1606
1073 3331
1073 4063
3517 3479
3517 185
3517 1822
3517 3333
3517 3033
3178 2488
3178 1413
3178 2815
2067 2893
2067 2801
2067 2212
2067 2566
2067 4079
1071 3669
1071 1643
3669 1643
3669 1071
1423 91
3015 1994
3015 27
3015 2922
3015 1565
3015 1559
2926 817
2926 66
2926 2446
1602 2251
1602 1304
1602 1688
1602 3137
1545 817
1943 1304
1943 415
1943 1228
1943 2251
1943 3235
3988 923
3988 216
3988 4116
1031 1970
1031 2705
1031 3442
3894 999
3894 3227
3894 1979
3894 843
3894 3482
4040 1626
4040 315
4040 815
4040 1340
4040 1335
2846 3735
2846 285
2846 2526
2846 366
2039 2406
2039 101
2039 406
2039 2754
2039 2944
3046 1021
3046 83
83 3451
83 130
83 1893
83 472
83 3986
492 2633
492 3549
492 530
492 3152
492 2923
1190 2601
1190 706
1190 2822
1190 3614
1190 1407
243 1822
918 843
918 114
918 1424
2652 1068
2652 843
1671 843
1671 817
1671 1424
477 782
477 3388
477 3997
477 907
477 3575
2958 3303
2958 795
1928 2251
1729 2900
1729 956
1729 3391
189 3195
189 323
189 3674
189 3391
189 956
2900 1729
2900 956
2900 3391
1404 3488
1997 2067
1997 2932
1997 3175
1997 3345
1997 2801
2417 1853
2417 606
2417 1364
2417 1222
2815 2601
2815 943
2815 2488
2815 1413
2815 3178
650 2848
650 571
650 1978
1067 571
1067 435
1067 1978
2343 235
2343 91
2542 3391
2542 169
2542 1611
2542 1107
1945 2972
1945 571
1945 1978
1945 2129
1945 3857
1148 1712
1148 285
1148 3405
1148 2508
1148 2955
132 4007
132 3735
3546 2992
3546 886
3546 2649
3546 4010
3546 4027
1791 3528
1791 1102
1791 3585
1791 3388
1791 2295
155 3058
155 4
155 2974
155 2798
155 1357
528 542
528 3359
528 1493
528 635
528 3559
1430 4116
203 3477
203 1376
203 1010
203 1132
203 1081
1567 3858
1567 148
1567 3007
1567 3473
1567 3119
3606 2640
3606 1630
3606 2516
3606 1959
3606 3735
200 1670
200 72
200 3303
1593 1513
1593 3171
1593 3021
1593 1390
1593 3069
3030 1533
3030 245
3030 2942
3030 1390
3030 3105
1076 1095
1076 2707
3210 3407
3210 294
3210 3388
3210 1320
4127 1285
4127 3079
4127 1924
4127 1148
4127 3355
3331 1606
3331 1073
3331 4063
2580 2484
2580 51
2580 3097
2580 2448
2580 2375
3843 2981
3843 27
3843 860
3843 2834
3843 2827
3246 1903
3246 14
3246 3568
3246 1627
3246 1413
1212 48
3648 907
3648 48
3648 782
3648 4136
3648 3997
66 2926
66 817
66 2446
66 610
516 3577
516 3968
516 2678
516 1365
516 4030
3426 2839
3426 2633
3135 1632
3135 956
3135 2194
1655 2678
1655 71
1655 366
1655 3181
1655 4076
389 1536
389 100
389 2128
389 3566
389 1183
3568 2763
3568 2498
3568 2830
3568 422
3568 3257
1777 2580
1777 51
1777 2648
1777 3507
1777 3529
782 4136
782 48
782 3648
782 3997
782 907
583 1584
583 295
583 520
583 3087
583 1697
1250 2155
1250 272
1250 1537
1250 3407
1250 3388
1241 2231
1241 18
1241 2148
1241 1954
1241 2377
2987 1692
2987 53
2987 900
2987 2716
2987 3743
3613 2633
1977 4096
1977 1000
1977 3316
1977 1968
1977 1954
584 2788
584 542
584 2338
584 812
584 1077
542 2944
542 1827
542 3585
542 528
542 3639
1509 3775
1509 606
1509 2085
1509 805
502 1380
502 333
502 1691
502 893
502 1643
2094 2316
2094 27
2094 209
2094 3879
2094 1647
900 2987
900 53
900 1424
900 3435
900 2089
27 1878
27 3843
27 3848
27 533
27 179
3144 2004
3144 1226
3144 3296
1552 2384
1552 258
1552 3775
1552 3883
1552 2474
2945 1533
2945 245
2945 2942
2945 1390
2945 3030
1010 3175
1010 203
1010 2916
1010 1081
1010 1576
811 4136
811 48
1699 1077
1699 483
1102 1806
1102 366
1102 4091
1102 2014
1102 2086
3915 2486
3915 425
3915 2355
3915 4123
3915 3419
2244 2475
2244 2962
595 3289
595 1624
595 3934
595 2633
1081 1997
1081 3243
1081 2198
1081 2566
1081 2932
2148 1241
2148 934
2148 2377
3143 2160
3143 1483
3143 1878
3143 1534
3143 2661
2944 1091
2944 2694
2944 1954
2944 1049
2944 3527
3315 2452
3315 2316
3315 2458
3315 418
3315 3103
3703 2824
3703 1838
3703 2827
1315 3735
1315 1887
1315 2787
1315 1738
1315 3134
3504 2824
3504 725
3504 3033
2151 1970
2151 841
1952 2580
1952 51
1952 2648
1952 3507
1952 3529
3892 3585
3892 1102
3892 1738
3892 1534
178 1493
178 635
2603 2520
2603 234
2603 3097
2603 2504
2603 2408
3775 1523
3775 3034
3775 2085
3775 1509
3775 3712
2423 3804
2423 136
2423 477
2423 3997
2423 2344
677 2004
1632 2194
1632 956
1632 3135
743 3743
743 278
743 625
743 2385
743 3023
2932 2198
2932 3243
2932 2893
2932 2178
2932 3048
805 1509
805 606
3882 1136
3882 817
3882 2922
1096 1647
1096 176
1096 682
1096 4030
1096 1977
725 2415
725 236
725 3504
725 2589
725 2827
1493 1644
1493 178
1493 635
1493 528
1493 3037
3682 2906
3682 2524
3682 3014
3682 627
3682 3257
578 1978
578 496
578 510
578 1110
578 830
3727 2824
3727 725
3727 2827
3307 3303
3307 759
3307 2749
3307 837
2113 3796
2113 97
2113 1180
2113 3151
2113 3164
322 2251
720 3388
720 294
720 956
123 344
123 91
123 2315
1869 3134
1869 685
1869 3735
1869 1315
1869 1887
1364 2417
1364 606
1364 2607
2160 1550
2160 261
2160 1534
2160 2335
2160 3143
3621 294
3621 108
3621 3388
3539 4091
3539 366
3539 3706
3539 1096
3539 3735
4136 811
4136 48
4136 782
4136 3648
4136 907
3731 1762
3731 623
3731 760
3731 4045
3731 3776
1144 1021
3134 3385
3134 90
3134 485
3134 3987
3134 1887
3037 1514
3037 3225
3037 2043
3037 1493
3037 3577
1426 2501
1426 3388
1625 3796
563 1577
563 3585
563 771
563 2749
563 2115
2353 2348
2353 116
2353 1749
2353 3342
2353 2809
25 1878
25 3633
25 2422
25 303
25 3581
1577 3585
1577 563
1577 1077
1577 771
1577 4091
2057 1448
2057 119
2057 1330
2057 2930
2057 3786
1460 3832
1460 2824
1460 2827
3968 1149
3968 466
3968 725
3968 2827
3968 3033
2998 2377
2998 65
2998 907
2998 3630
2998 2641
212 3920
212 3505
212 2840
212 1100
212 2899
1929 2724
1929 1567
1929 1881
1929 4116
1929 3119
934 1241
934 3024
934 2148
934 2377
272 294
272 1250
272 3388
272 2155
272 3407
1665 1924
1665 222
1665 3090
1665 837
1665 3303
3559 3119
3559 76
3559 399
3559 2995
3559 2950
483 1077
483 1699
483 1102
3070 3826
2953 3631
2953 225
2953 1169
2953 3349
2953 3826
297 2944
297 536
2884 3915
2884 775
2884 3359
2884 2355
65 2998
65 2641
466 1115
466 3968
466 600
466 2494
466 1149
1149 3684
1149 466
1149 2003
1149 3968
2930 1448
2930 119
2930 1330
2930 3786
2930 2057
1448 2057
1448 119
1448 1330
1448 1471
1448 3786
2422 523
2422 25
2422 429
2422 1878
2422 3633
2809 3959
2809 1400
2809 2353
2809 1697
90 3134
90 1068
3776 2694
3776 745
3776 3731
623 3077
623 124
623 3731
623 1951
623 3720
2335 3484
2335 117
2335 338
2335 3382
2335 2774
261 2774
261 2160
261 2335
261 553
261 3113
685 1887
685 1597
685 1133
685 1691
685 1596
3164 3151
3164 1180
3164 2457
3164 2113
3164 3272
771 1577
771 415
771 2318
771 2630
771 3692
3225 2647
3225 284
3225 888
3225 706
3225 3037
1180 3272
1180 2457
1180 3164
1180 2113
1180 3151
97 694
97 88
97 1156
97 3570
97 3343
837 3303
837 222
837 3090
837 3307
837 3639
14 2830
14 3568
14 3315
14 3246
14 717
759 2166
759 406
759 2285
759 2477
759 2749
830 578
830 298
830 510
830 1196
830 1978
1110 1360
1110 504
1110 578
1110 1686
1110 3537
627 997
627 1416
627 2052
627 2277
627 3032
3832 1460
3832 302
3832 506
3832 2824
3832 2827
3014 3682
3014 973
3014 1641
3014 1344
3014 3677
3342 3357
3342 414
3342 2353
3342 2348
2524 2052
2524 627
2524 1416
2524 3032
2524 2277
2906 3563
2906 280
2906 557
2906 3754
2906 3042
1644 1312
1644 201
1644 709
1644 1688
1644 1493
236 2589
236 2729
236 2059
236 1564
236 3611
3023 487
3023 278
3023 743
2385 2126
2385 11
2385 2715
2385 1884
2385 1391
278 487
278 3023
278 743
2344 2423
2344 136
2344 907
2344 477
136 2423
136 2344
136 477
136 907
3804 3458
3804 673
3804 1152
3804 2465
3804 2423
2981 2569
2981 2414
2981 3843
3034 1952
3034 2888
3034 2448
3034 1817
3034 3097
2408 2603
2408 1600
2504 2603
2504 53
2504 625
2504 2987
2504 1831
18 2231
18 1241
18 1269
18 1954
1738 3704
1738 657
1738 1068
1738 3639
1738 3525
2415 1045
2415 236
2415 3750
2415 981
2415 2590
418 1560
418 3245
418 2085
418 1172
418 2498
2043 3169
2043 1514
2043 3037
2452 1016
2452 3711
2452 1467
2452 958
2452 2214
1049 2944
1049 366
1049 1016
1049 699
3103 958
3103 1849
3103 1467
3103 842
3103 2214
2694 1267
2694 985
2694 1154
2694 3869
2694 2843
225 3463
225 45
225 3349
225 1709
225 2172
1924 1242
1924 2041
1924 3848
1924 1184
1924 2152
3151 2113
3151 3991
3151 2847
3151 1930
3151 3272
682 3735
682 176
682 1405
682 1096
1091 1846
1091 224
1091 2694
1091 3869
1091 1664
2661 3143
2661 1483
3289 3921
3289 141
3289 595
3289 3189
3289 3117
2962 2244
4123 2849
4123 34
4123 3288
4123 2835
4123 4083
425 3915
425 91
425 1443
425 405
425 453
2486 3915
2486 260
2486 3585
2486 3408
2486 3245
2086 1102
2086 412
2086 3558
2014 1102
2014 542
2014 3585
2129 1978
2129 571
2129 1945
2129 2972
2129 3857
2474 1817
2474 4088
2474 2770
2474 1744
2474 3817
1838 2827
1838 2824
1838 3703
3883 3817
3883 795
3883 3529
3883 1552
258 1941
258 3568
258 643
258 3796
258 3315
2384 1552
2384 415
2384 2474
2384 1387
2384 3775
3296 2004
3296 1226
3296 3144
533 3366
533 27
533 1971
533 3564
533 2152
1647 1683
1647 522
1647 1917
1647 4072
1647 2094
3879 1647
3879 522
3879 2094
209 2094
2316 2003
2316 3690
2316 3716
2316 1935
2316 2405
893 1380
893 333
893 1938
893 502
2787 1315
2787 1051
2787 1544
333 1938
333 52
333 502
333 3756
333 1599
1979 2512
1979 730
1979 1893
1979 2238
1979 2101
3021 2188
3021 196
3021 2823
3021 1840
3021 1637
2607 2549
2607 1364
1380 1599
1380 333
1380 502
1380 1938
1380 3756
2085 3275
2085 2498
2085 3042
2085 636
2085 3563
3639 1315
3639 3735
3639 2392
3639 1133
3639 3799
1827 1657
1827 2552
1827 3789
1827 1356
1827 3639
2338 1077
2338 584
2338 896
2338 2395
2338 2725
1000 1204
1000 1977
1000 1086
775 2884
760 2748
760 3731
1169 3757
1169 1082
1169 3826
1169 2601
1169 2953
3631 2191
3631 219
3631 3349
3631 2172
3631 1892
2995 3559
3090 3735
3090 222
3090 837
3090 3303
3090 3442
1100 2834
1100 8
1100 3633
1100 1844
1100 3577
222 837
222 0
222 3061
222 2445
222 2949
3024 2247
3024 195
3024 934
3024 2077
3024 1773
2315 2828
2315 123
2315 1206
2315 490
2315 4106
2724 1881
2724 1485
2724 1567
2724 3049
2724 1929
1132 3829
1132 203
1132 3477
2923 1635
2923 127
2923 492
2923 3162
2923 3478
2899 1249
2899 212
2899 571
2899 3975
2899 2345
2641 3295
2641 65
2641 2050
2641 953
2641 2998
3505 212
2834 1100
2834 212
2834 3843
71 1655
71 581
71 326
71 366
860 2700
860 3843
860 3319
1320 3210
1320 294
1320 3388
1320 660
1320 3407
4030 2678
4030 326
4030 1096
4030 2569
4030 2442
1576 2149
1576 203
1576 2424
1576 1601
1576 1376
2942 1533
2942 245
2942 2945
2942 1390
2942 3030
472 568
472 83
472 3688
472 796
472 2508
3987 3134
3987 437
1533 1234
1533 3565
1533 2775
1533 1044
1533 2582
3069 1960
3069 1443
3069 1593
3069 3431
3069 3463
3435 1593
3435 3743
3435 2478
3435 1513
3435 3817
2526 2846
2526 285
72 2580
72 2728
72 3355
72 1233
72 3954
2155 3388
2155 272
2155 1250
2155 294
2155 3407
3181 1686
3181 1655
3181 4030
1954 2238
1954 18
1954 1241
1954 3290
1954 1977
1136 2922
1136 817
1136 3882
3706 4091
3706 366
3706 3539
3706 542
1959 2516
1959 1630
1959 3606
323 2444
323 189
323 3495
323 401
323 2351
1550 2160
1550 341
1550 962
1550 1789
1550 2967
2516 1816
2516 1282
2516 1630
2516 3606
2516 1959
2839 2881
2839 840
2839 1909
2839 3921
2839 3239
53 3743
53 2987
53 2504
53 900
53 2089
2640 1630
2640 27
2640 3999
2640 1626
2640 1596
2231 2741
2231 11
2231 293
2231 3503
2231 1241
3119 4116
3119 1567
3119 3054
3119 1929
3119 3559
1483 2661
1483 2733
1483 3143
886 1691
886 3921
886 1395
886 3546
886 3834
148 1567
148 937
1376 1576
1376 203
1376 1081
1376 1010
1376 3175
3473 1567
610 3733
610 66
610 327
610 610
610 610
3477 1132
3477 203
3477 3829
625 813
625 2118
625 984
625 843
625 2987
3079 4127
216 4116
216 1920
216 923
216 3988
216 973
1514 2043
1514 3169
1514 3037
496 510
496 2386
496 578
496 2004
1365 3577
1365 516
1365 2729
2128 2464
2128 389
2128 1638
2128 3566
2128 3101
3355 827
3355 2580
3355 1777
3355 597
3355 4127
3405 1148
3405 285
3405 4127
3007 1567
1357 230
1357 4
1357 210
1357 2729
1357 2584
130 3923
130 83
130 689
130 3352
130 179
3712 3775
3712 1827
3712 3564
3712 3271
1523 2478
1523 34
1523 631
1523 2348
1523 3813
2798 609
2798 155
2798 517
2798 3513
2798 1264
344 123
344 91
344 2327
2992 3546
2992 1691
3934 1624
3934 595
3934 3873
1513 3431
1513 70
1513 3435
1513 4025
1513 2429
2508 3271
2508 179
2508 543
2508 2808
2508 1827
3105 1533
3105 245
3105 2942
3105 1390
3105 3635
1878 892
1878 2640
1878 1677
1878 799
1878 3143
76 397
76 1648
76 2867
76 1612
76 1707
1712 1148
1712 75
1712 895
1712 2426
1712 3848
485 3134
2375 3507
2375 51
2375 3097
2375 3529
2375 3355
2972 1978
2972 571
2972 1945
2972 3857
2972 2129
3171 3867
3171 50
3171 1373
3171 3461
3171 3032
3920 3319
3920 212
1903 3246
3097 1328
3097 2415
3097 1777
3097 1230
3097 2580
234 2041
234 163
234 1221
234 1411
234 3250
1627 258
1627 3315
1627 3750
1627 2348
1627 1927
1107 2542
1107 3391
1107 169
1107 1611
3152 232
3152 492
2754 1629
2754 1769
2754 497
2754 2864
2754 2227
2955 1113
2955 1148
2955 310
2955 2414
2955 4053
169 1611
169 2542
169 1827
169 2552
169 601
435 830
435 2634
435 2848
435 1978
435 510
315 932
315 599
315 37
315 1340
315 701
415 1898
415 2251
415 2557
415 542
415 2134
4096 1977
4096 2767
510 2848
510 578
510 435
510 2004
510 1207
101 1347
101 2406
101 0
101 1167
101 476
2406 1809
2406 2039
2406 101
2406 3585
2406 4026
3633 121
3633 3751
3633 2096
3633 2175
3633 894
3235 1304
3235 1898
3235 415
3235 2251
3235 2398
51 573
51 2484
51 3355
51 2332
51 2580
3848 1219
3848 1442
3848 27
3848 1924
3848 3349
1407 2822
1407 2601
1407 706
1407 3614
1407 3826
2601 489
2601 706
2601 2815
2601 3614
2601 2217
3419 680
3419 3915
3507 274
3507 3111
3507 2484
3507 2580
3507 1777
235 294
235 2343
235 91
235 3388
2822 1190
2822 1407
2822 192
2822 706
2822 2601
1611 390
1611 1107
1611 169
1611 2542
1611 3391
815 1971
815 998
815 173
815 4040
815 2445
406 2039
406 748
406 3488
406 1876
406 759
520 2705
520 4066
520 468
520 583
520 3087
2974 463
2974 262
2974 155
4076 1655
4076 1131
4076 326
1688 709
1688 1312
1688 23
1688 3336
1688 4041
1887 1446
1887 1869
1887 685
1887 3134
1887 3735
1424 434
1424 2556
1424 1671
1424 1546
1424 1116
3227 579
3227 999
3227 384
3227 3894
3227 3259
4045 3731
1806 1102
2678 374
2678 3577
2678 2729
2678 3411
2678 1166
3087 520
3087 583
3087 449
3087 2052
3087 3142
3529 3507
3529 3355
3529 2375
3529 2448
3529 1657
1893 1015
1893 1873
1893 83
1893 3131
1893 3787
1285 4127
1226 3144
1226 3296
1624 595
1624 4024
1624 2642
1624 1796
1624 1369
3195 2449
3195 3674
3195 189
3195 1530
1559 3460
1559 1565
1559 542
1559 1994
1559 3015
1968 2944
1968 1977
1968 1028
1968 1954
3482 2603
3482 3894
2446 2926
2446 817
2446 66
1228 1943
1335 4040
108 3621
108 294
108 3524
108 3388
1340 315
1340 4040
3385 843
3385 1068
3385 546
3385 2777
3385 2826
2788 966
2788 1077
2788 584
2788 3526
2788 2427
2589 725
2589 3968
2589 236
2589 2940
2589 2824
3614 1407
3614 2601
3614 563
3614 3585
3614 3826
1978 443
1978 2972
1978 2225
1978 2978
1978 1067
3674 2449
3674 3195
3674 189
3674 1530
2448 281
2448 3507
2448 2648
2448 3097
2448 1952
1630 3068
1630 3952
1630 3606
1630 3735
1630 2560
812 2788
812 1077
812 584
812 2338
812 3783
4 155
4 1357
2458 1941
2458 3746
2458 356
2458 3750
2458 3315
3857 1945
3857 1978
3857 571
3857 2972
3857 2129
176 3735
176 682
176 1096
999 3894
999 3227
999 3747
3630 2250
3630 2998
3630 675
3630 1561
1994 3015
1994 1565
1994 1559
2922 2820
2922 2709
2922 1586
2922 1642
2922 948
1330 231
1330 744
1330 119
1330 1471
1330 2057
1565 542
1565 1120
1565 103
1565 4073
1565 1994
3349 755
3349 3417
3349 2594
3349 2953
3349 1709
1304 619
1304 1971
1304 2581
1304 1943
1304 4040
3137 1688
3137 1818
3137 954
3137 1995
3137 1960
3575 1685
3575 3587
3575 477
3575 1240
2348 3315
2348 3746
2348 1736
2348 2085
2348 1523
303 1570
303 3222
303 2556
303 3581
303 3248
3527 1216
3527 2211
3527 809
3527 3869
3527 2944
2355 282
2355 1068
2355 3359
2355 2347
2355 3915
1537 3388
1537 1250
1537 294
2295 1791
2295 3404
2295 1449
2295 1683
1068 320
1068 340
1068 3385
1068 2652
1068 1738
1881 2724
1881 1929
1881 1567
245 773
245 1533
245 878
245 2582
245 1390
530 1290
530 2633
530 492
2089 900
2089 915
2089 53
2089 3435
2089 3461
2498 2214
2498 1908
2498 1436
2498 1467
2498 842
3316 436
3316 1108
3316 211
3316 2786
3316 3577
2520 2603
3986 558
3986 832
3986 83
3986 3841
3986 3849
3577 4030
3577 3316
3577 2382
3577 2393
3577 1341
285 3405
285 3246
285 2434
285 2680
285 1657
114 918
114 843
114 1424
3058 534
3058 925
3058 149
3058 2963
3058 3114
2649 2073
2649 3546
2649 1614
2649 1691
3257 2268
3257 2085
3257 1467
3257 1547
3257 958
2848 443
2848 510
2848 420
2848 1978
2848 2225
1853 3124
1853 2417
1853 1222
2840 1374
2840 1088
2840 212
795 2228
795 3095
795 1552
795 3303
795 2958
119 2057
119 1306
119 2930
119 1471
119 1330
706 2738
706 1190
706 192
706 2647
706 2237
1626 1310
1626 2640
1626 179
1626 1971
1626 2508
399 3559
1222 557
1222 758
1222 1853
1222 3754
1222 3563
943 2815
2763 3750
2763 3568
2763 511
3581 2471
3581 303
3581 25
1536 389
1536 469
1536 147
1536 3024
1536 3734
3566 1638
3566 2128
3566 389
3566 3101
3566 3743
294 272
294 1537
294 3033
294 3388
294 956
3786 1330
3786 1448
3786 231
3786 2930
3786 2057
923 3730
923 4116
923 216
923 3988
923 1060
1670 72
1670 200
2830 1172
2830 1627
2830 14
2830 3315
2830 3245
422 2159
422 3470
422 3568
1762 1368
1762 3731
1762 124
1762 3022
1762 2879
3451 1587
3451 2221
3451 83
3451 3059
3451 3365
179 169
179 892
179 1313
179 1827
179 3923
2648 281
2648 827
2648 3507
2648 3954
2648 2448
1584 468
1584 583
295 1224
295 583
2749 3307
2749 759
2749 563
3549 1761
3549 1772
3549 111
3549 3082
3549 2768
1095 884
1095 1022
1095 76
1095 3095
1095 3343
1692 2987
1692 2199
2716 553
2716 652
2716 3056
2716 3327
2716 2855
