0.0000 0.0017 0.0451 0.3114 0.4197 0.1886 0.0320 0.0014 0.0000 0.0000 0.0000 0.0000 0.0000 0.0000 0.0000 0.0000 0.0000 0.0000 0.0000 0.0000 0.0000 0.0000 0.0000 0.0000 0.0000 0.0000 LCC_Landmark_Degree_1000_subset.txt
0.0000 0.0016 0.0419 0.3009 0.4223 0.1976 0.0344 0.0013 0.0000 0.0000 0.0000 0.0000 0.0000 0.0000 0.0000 0.0000 0.0000 0.0000 0.0000 0.0000 0.0000 0.0000 0.0000 0.0000 0.0000 0.0000 LCC_Landmark_Degree_2000_subset.txt
0.0000 0.0017 0.0471 0.3208 0.4188 0.1796 0.0305 0.0015 0.0000 0.0000 0.0000 0.0000 0.0000 0.0000 0.0000 0.0000 0.0000 0.0000 0.0000 0.0000 0.0000 0.0000 0.0000 0.0000 0.0000 0.0000 LCC_Landmark_Degree_500_subset.txt
0.0000 0.0000 0.0008 0.0132 0.1470 0.4717 0.3418 0.0251 0.0003 0.0000 0.0000 0.0000 0.0000 0.0000 0.0000 0.0000 0.0000 0.0000 0.0000 0.0000 0.0000 0.0000 0.0000 0.0000 0.0000 0.0000 LCC_Landmark_Uniform_1000_subset.txt
0.0000 0.0000 0.0009 0.0147 0.1557 0.4767 0.3286 0.0231 0.0004 0.0000 0.0000 0.0000 0.0000 0.0000 0.0000 0.0000 0.0000 0.0000 0.0000 0.0000 0.0000 0.0000 0.0000 0.0000 0.0000 0.0000 LCC_Landmark_Uniform_2000_subset.txt
0.0000 0.0000 0.0009 0.0139 0.1546 0.4761 0.3295 0.0246 0.0004 0.0000 0.0000 0.0000 0.0000 0.0000 0.0000 0.0000 0.0000 0.0000 0.0000 0.0000 0.0000 0.0000 0.0000 0.0000 0.0000 0.0000 LCC_Landmark_Uniform_500_subset.txt
0.0000 0.0035 0.0451 0.2798 0.4111 0.2152 0.0437 0.0016 0.0000 0.0000 0.0000 0.0000 0.0000 0.0000 0.0000 0.0000 0.0000 0.0000 0.0000 0.0000 0.0000 0.0000 0.0000 0.0000 0.0000 0.0000 LCC_Randomwalk_1000_subset.txt
0.0000 0.0024 0.0426 0.2723 0.4089 0.2222 0.0492 0.0023 0.0000 0.0000 0.0000 0.0000 0.0000 0.0000 0.0000 0.0000 0.0000 0.0000 0.0000 0.0000 0.0000 0.0000 0.0000 0.0000 0.0000 0.0000 LCC_Randomwalk_2000_subset.txt
0.0000 0.0056 0.0492 0.2790 0.4082 0.2121 0.0437 0.0022 0.0000 0.0000 0.0000 0.0000 0.0000 0.0000 0.0000 0.0000 0.0000 0.0000 0.0000 0.0000 0.0000 0.0000 0.0000 0.0000 0.0000 0.0000 LCC_Randomwalk_500_subset.txt
0.0000 0.0042 0.0632 0.3429 0.4082 0.1584 0.0226 0.0007 0.0000 0.0000 0.0000 0.0000 0.0000 0.0000 0.0000 0.0000 0.0000 0.0000 0.0000 0.0000 0.0000 0.0000 0.0000 0.0000 0.0000 0.0000 LCC_Snowball_1000_subset.txt
0.0000 0.0028 0.0538 0.3303 0.4226 0.1681 0.0221 0.0004 0.0000 0.0000 0.0000 0.0000 0.0000 0.0000 0.0000 0.0000 0.0000 0.0000 0.0000 0.0000 0.0000 0.0000 0.0000 0.0000 0.0000 0.0000 LCC_Snowball_2000_subset.txt
0.0000 0.0065 0.0760 0.3627 0.3941 0.1421 0.0182 0.0004 0.0000 0.0000 0.0000 0.0000 0.0000 0.0000 0.0000 0.0000 0.0000 0.0000 0.0000 0.0000 0.0000 0.0000 0.0000 0.0000 0.0000 0.0000 LCC_Snowball_500_subset.txt
