2925 149834 1
149834 110104 1
149834 31877 1
149834 71545 1
149834 95756 1
149834 122786 1
122786 84136 1
84136 125447 1
125447 21912 1
21912 130407 1
130407 138637 1
130407 70656 1
70656 72250 1
72250 103134 1
103134 20696 1
103134 119321 1
119321 44029 1
44029 30796 1
30796 118104 1
118104 153824 1
153824 32978 1
32978 99926 1
99926 81858 1
81858 82432 1
82432 92906 1
82432 95902 1
82432 134344 1
134344 40348 1
40348 65130 1
65130 49237 1
49237 101536 1
49237 133575 1
49237 124431 1
49237 18888 1
49237 30007 1
49237 57396 1
49237 100937 1
49237 4649 1
49237 13608 1
49237 63267 1
49237 26835 1
49237 73387 1
49237 19270 1
19270 48965 1
48965 115121 1
48965 7588 1
7588 128493 1
128493 18589 1
18589 67141 1
67141 24760 1
24760 95258 1
95258 88238 1
88238 31318 1
31318 118081 1
31318 70637 1
70637 72192 1
72192 137329 1
137329 139142 1
137329 1202 1
1202 145742 1
1202 10403 1
1202 12455 1
1202 132010 1
1202 23868 1
1202 151910 1
151910 74706 1
74706 33839 1
74706 83255 1
83255 74239 1
74239 91297 1
91297 70406 1
91297 54212 1
91297 128591 1
128591 117757 1
117757 30004 1
117757 16129 1
117757 39844 1
39844 24992 1
24992 92502 1
24992 46167 1
24992 4914 1
4914 42308 1
4914 114823 1
114823 151982 1
151982 107012 1
107012 21607 1
21607 65593 1
65593 51789 1
51789 109428 1
109428 124592 1
124592 18980 1
18980 65829 1
18980 112095 1
18980 70829 1
70829 87860 1
87860 33749 1
33749 125408 1
33749 77443 1
77443 95537 1
95537 2938 1
2938 47736 1
47736 49649 1
49649 124499 1
124499 13308 1
13308 92840 1
92840 88655 1
88655 15704 1
15704 40109 1
15704 42254 1
42254 71254 1
71254 698 1
698 45518 1
45518 38373 1
38373 31188 1
31188 14367 1
14367 88023 1
88023 24760 1
24760 145373 1
145373 144254 1
144254 92829 1
144254 106171 1
144254 79871 1
79871 13693 1
13693 90119 1
90119 152907 1
152907 153855 1
152907 149203 1
152907 65616 1
65616 28825 1
28825 4578 1
4578 134969 1
134969 27431 1
134969 76524 1
134969 36702 1
36702 99538 1
99538 23605 1
23605 13350 1
23605 46613 1
46613 103548 1
103548 141566 1
141566 71390 1
71390 79432 1
79432 91957 1
91957 56212 1
56212 136606 1
136606 3079 1
3079 61588 1
61588 17728 1
61588 105554 1
105554 32670 1
32670 44730 1
44730 16940 1
16940 72109 1
72109 56182 1
56182 52848 1
52848 56624 1
56624 31214 1
56624 98263 1
98263 81091 1
81091 91808 1
91808 57608 1
57608 50592 1
50592 83513 1
50592 152488 1
152488 20076 1
20076 99544 1
20076 21388 1
21388 119784 1
21388 103516 1
103516 39135 1
39135 117999 1
117999 111977 1
111977 114606 1
114606 144848 1
144848 46634 1
144848 28015 1
28015 34124 1
34124 52409 1
52409 25745 1
52409 54624 1
52409 141424 1
52409 52769 1
52769 82343 1
82343 15914 1
82343 70496 1
82343 98844 1
82343 75310 1
75310 58743 1
58743 37322 1
58743 28863 1
28863 37249 1
37249 43210 1
43210 13745 1
13745 35823 1
35823 130159 1
130159 119670 1
119670 52013 1
52013 48581 1
48581 131930 1
131930 129768 1
131930 52734 1
52734 20428 1
20428 66013 1
66013 26716 1
26716 29653 1
26716 88494 1
88494 131538 1
131538 67029 1
131538 114248 1
114248 135479 1
114248 121417 1
121417 110702 1
110702 1244 1
1244 28896 1
28896 66231 1
28896 150459 1
28896 77099 1
28896 35722 1
28896 8714 1
1244 558 1
558 76679 1
76679 34748 1
34748 76627 1
34748 122901 1
34748 128681 1
34748 128860 1
128860 82400 1
82400 137852 1
137852 132977 1
132977 103421 1
132977 149605 1
132977 6870 1
6870 100432 1
100432 10799 1
10799 46239 1
46239 127599 1
127599 75455 1
127599 92355 1
92355 128097 1
128097 2745 1
2745 33003 1
33003 25614 1
25614 55757 1
25614 15128 1
15128 92415 1
92415 65990 1
65990 30575 1
30575 116840 1
30575 84828 1
30575 133715 1
30575 103144 1
30575 28475 1
30575 68343 1
68343 88633 1
88633 91929 1
91929 34912 1
91929 8799 1
8799 7667 1
7667 77417 1
7667 97431 1
97431 61562 1
61562 72594 1
61562 113889 1
113889 58872 1
113889 51859 1
113889 71669 1
113889 130935 1
113889 84558 1
84558 115867 1
115867 61818 1
61818 57669 1
61818 152940 1
152940 15627 1
15627 46390 1
15627 110737 1
110737 22669 1
22669 14540 1
14540 18506 1
18506 119279 1
119279 28257 1
28257 5788 1
28257 139654 1
28257 1466 1
1466 131214 1
131214 15434 1
15434 95490 1
95490 1273 1
1273 76894 1
76894 66532 1
66532 40650 1
40650 5438 1
40650 115059 1
115059 8820 1
8820 57226 1
57226 74375 1
74375 106508 1
106508 89322 1
106508 144691 1
144691 7392 1
7392 35 1
35 22473 1
35 53212 1
35 43219 1
7392 80066 1
80066 11563 1
11563 37977 1
37977 66080 1
66080 36798 1
36798 28634 1
28634 109885 1
109885 76963 1
109885 129335 1
129335 95229 1
95229 26365 1
95229 54966 1
95229 109430 1
109430 127886 1
127886 27566 1
127886 5718 1
5718 20445 1
20445 120102 1
20445 28885 1
20445 57162 1
57162 62761 1
57162 132328 1
57162 143909 1
143909 2044 1
2044 48145 1
48145 123164 1
123164 26558 1
123164 70033 1
70033 5523 1
5523 66514 1
66514 50437 1
50437 11844 1
11844 108026 1
108026 107120 1
107120 83293 1
107120 93933 1
107120 84331 1
84331 92702 1
92702 29142 1
29142 3163 1
3163 120888 1
120888 96782 1
96782 58970 1
58970 67162 1
58970 142458 1
58970 82578 1
82578 56099 1
56099 137664 1
137664 110896 1
110896 100225 1
100225 132878 1
132878 115338 1
115338 90455 1
90455 66375 1
66375 54307 1
54307 52190 1
52190 136582 1
136582 118197 1
136582 11901 1
11901 67574 1
67574 71092 1
71092 111394 1
111394 14804 1
14804 146892 1
146892 66031 1
146892 102108 1
146892 108202 1
108202 16107 1
16107 15704 1
42254 67813 1
67813 134040 1
134040 123091 1
123091 37249 1
37249 102344 1
102344 51932 1
51932 82321 1
82321 90563 1
90563 26124 1
26124 92918 1
92918 66200 1
66200 4335 1
4335 124112 1
124112 14684 1
124112 93696 1
93696 39265 1
39265 68181 1
39265 133903 1
133903 97476 1
97476 98146 1
98146 147078 1
98146 119073 1
98146 124125 1
98146 85915 1
98146 42440 1
42440 67116 1
67116 40996 1
67116 36396 1
36396 19429 1
19429 39944 1
39944 92822 1
92822 31316 1
92822 55261 1
55261 119877 1
119877 54686 1
119877 115501 1
115501 124230 1
124230 23754 1
23754 120544 1
120544 69651 1
69651 32873 1
32873 85328 1
85328 141802 1
141802 29235 1
29235 9013 1
29235 128277 1
128277 123666 1
128277 97548 1
97548 39717 1
39717 62377 1
39717 19160 1
19160 66413 1
66413 6131 1
6131 119102 1
119102 35879 1
35879 133468 1
35879 4139 1
4139 8724 1
8724 115023 1
115023 13745 1
35823 14647 1
14647 66125 1
66125 70209 1
70209 122188 1
70209 48544 1
48544 108083 1
108083 55545 1
108083 66842 1
108083 33673 1
108083 36780 1
108083 8541 1
108083 2057 1
108083 69769 1
108083 3323 1
108083 16317 1
108083 10260 1
108083 69381 1
69381 87238 1
87238 64409 1
87238 153285 1
87238 38161 1
38161 33126 1
33126 98980 1
33126 57177 1
33126 25625 1
25625 16767 1
16767 12485 1
12485 80925 1
80925 111928 1
111928 96758 1
96758 17865 1
17865 56594 1
56594 50669 1
50669 124038 1
124038 21177 1
21177 83496 1
83496 111064 1
111064 60065 1
111064 123946 1
111064 60851 1
111064 144350 1
111064 590 1
111064 52991 1
111064 93644 1
93644 78118 1
78118 114605 1
114605 45069 1
45069 1510 1
45069 11680 1
45069 125358 1
125358 21461 1
21461 59147 1
21461 7298 1
7298 96891 1
96891 121678 1
96891 102900 1
96891 126842 1
96891 115520 1
96891 87219 1
87219 153203 1
153203 40006 1
40006 7365 1
7365 50191 1
50191 110393 1
110393 143619 1
110393 119270 1
110393 33448 1
110393 19054 1
110393 80721 1
110393 131585 1
110393 154058 1
110393 58633 1
110393 153323 1
110393 139056 1
110393 36878 1
110393 11793 1
110393 126325 1
110393 48339 1
110393 104095 1
50191 91422 1
50191 42429 1
42429 34669 1
34669 48171 1
48171 91053 1
91053 148147 1
91053 55393 1
55393 99212 1
99212 24992 1
24992 29166 1
24992 53593 1
24992 132818 1
132818 118791 1
118791 6718 1
6718 54473 1
54473 60924 1
60924 98950 1
60924 136872 1
60924 21101 1
60924 6659 1
60924 13349 1
13349 27583 1
27583 21360 1
27583 131471 1
131471 148465 1
131471 27369 1
131471 58385 1
58385 59510 1
59510 9294 1
59510 16072 1
16072 93964 1
16072 108349 1
108349 18957 1
18957 12364 1
12364 23297 1
23297 67841 1
23297 100844 1
100844 10817 1
10817 99783 1
10817 58969 1
10817 109136 1
10817 153220 1
10817 58531 1
10817 137329 1
137329 13752 1
13752 17809 1
17809 111791 1
17809 102217 1
17809 122481 1
17809 123724 1
123724 91109 1
91109 82987 1
91109 146846 1
91109 45627 1
45627 35165 1
35165 87422 1
87422 119977 1
87422 82538 1
87422 33336 1
33336 103311 1
103311 119207 1
103311 107126 1
107126 37519 1
37519 20130 1
20130 97632 1
97632 7051 1
7051 105584 1
105584 17773 1
17773 27367 1
27367 144178 1
144178 25056 1
144178 20130 1
20130 122910 1
122910 13142 1
122910 114655 1
114655 15626 1
15626 98127 1
98127 58512 1
58512 116209 1
58512 30034 1
58512 123606 1
123606 103645 1
103645 119493 1
119493 151287 1
151287 13510 1
13510 148531 1
148531 71808 1
71808 51135 1
51135 52424 1
52424 27339 1
27339 7630 1
27339 118344 1
118344 105623 1
105623 90598 1
90598 94778 1
94778 152934 1
94778 145621 1
145621 152842 1
145621 129799 1
145621 107365 1
145621 114453 1
114453 124579 1
124579 123106 1
123106 44049 1
44049 29807 1
29807 50480 1
50480 49918 1
50480 116242 1
116242 95353 1
95353 206 1
95353 41331 1
41331 39817 1
39817 59628 1
39817 9690 1
9690 147433 1
147433 16945 1
16945 57934 1
57934 135241 1
135241 6087 1
6087 113015 1
113015 135321 1
135321 150987 1
150987 3438 1
3438 130159 1
130159 120291 1
120291 32028 1
32028 51784 1
51784 61582 1
51784 61633 1
61633 138525 1
138525 62891 1
62891 87509 1
87509 108940 1
108940 5800 1
108940 120440 1
120440 124285 1
124285 105516 1
105516 1834 1
1834 38606 1
38606 98648 1
38606 3462 1
3462 42173 1
42173 72899 1
72899 27862 1
72899 6909 1
6909 82109 1
82109 11706 1
82109 33604 1
82109 33797 1
33797 91665 1
91665 86239 1
86239 64145 1
64145 30741 1
30741 17231 1
17231 40524 1
17231 148806 1
17231 122201 1
122201 116697 1
116697 33221 1
116697 105564 1
105564 135191 1
135191 51901 1
135191 106975 1
135191 133150 1
135191 112951 1
135191 154009 1
51901 3340 1
3340 141802 1
141802 27727 1
27727 81048 1
81048 25738 1
25738 93220 1
93220 37055 1
37055 142942 1
37055 124995 1
124995 93020 1
93020 68689 1
68689 125179 1
125179 127310 1
127310 111206 1
111206 10751 1
111206 98744 1
111206 16078 1
111206 91646 1
91646 28512 1
28512 32635 1
32635 28776 1
28776 12645 1
12645 154346 1
12645 40604 1
40604 151964 1
151964 100941 1
151964 61276 1
151964 33893 1
151964 12451 1
12451 94958 1
12451 1220 1
151964 50064 1
50064 35273 1
35273 144933 1
144933 90558 1
90558 21433 1
90558 4672 1
144933 75081 1
75081 30487 1
30487 3422 1
3422 37731 1
37731 84631 1
3422 111018 1
3422 47899 1
47899 135044 1
135044 94024 1
47899 19676 1
19676 62682 1
62682 88293 1
88293 43015 1
88293 70220 1
70220 39239 1
70220 33546 1
70220 48727 1
70220 33594 1
70220 31610 1
31610 139666 1
31610 29498 1
31610 135524 1
31610 65099 1
31610 17275 1
17275 69793 1
17275 23682 1
23682 11915 1
11915 112843 1
112843 57039 1
112843 86836 1
112843 7004 1
112843 15625 1
112843 49578 1
49578 109043 1
109043 38644 1
38644 31591 1
31591 54123 1
54123 114170 1
114170 58576 1
58576 52190 1
52190 48157 1
48157 16582 1
48157 123314 1
123314 8987 1
8987 42869 1
8987 119339 1
8987 137986 1
8987 48956 1
8987 2265 1
2265 2833 1
2833 9026 1
2833 81096 1
2833 27605 1
27605 78177 1
78177 123790 1
78177 94851 1
78177 28668 1
28668 47090 1
47090 101524 1
101524 121158 1
121158 93096 1
93096 61748 1
61748 97572 1
97572 134614 1
97572 58432 1
58432 103370 1
103370 12306 1
103370 49069 1
49069 116426 1
116426 111677 1
111677 39687 1
39687 11163 1
39687 97926 1
97926 19395 1
19395 7887 1
7887 37401 1
37401 84334 1
84334 123515 1
123515 111793 1
123515 120541 1
120541 84063 1
84063 74565 1
84063 90969 1
84063 71231 1
71231 80394 1
80394 113493 1
113493 115528 1
115528 66781 1
66781 46239 1
46239 23342 1
46239 38803 1
38803 83345 1
38803 114018 1
114018 66589 1
66589 15873 1
66589 22931 1
22931 4991 1
4991 41463 1
41463 128463 1
128463 91328 1
128463 143835 1
128463 36377 1
36377 22973 1
22973 79224 1
22973 82355 1
82355 121334 1
121334 75029 1
75029 52172 1
52172 59592 1
52172 8072 1
8072 104302 1
104302 40018 1
40018 135551 1
135551 75949 1
75949 33170 1
33170 10032 1
33170 10888 1
10888 66664 1
66664 93370 1
93370 20990 1
20990 124978 1
124978 111927 1
124978 103259 1
103259 55841 1
55841 126434 1
55841 55710 1
55841 13078 1
13078 127830 1
127830 19471 1
127830 105324 1
105324 113861 1
105324 90271 1
90271 140089 1
90271 144933 1
144933 22937 1
144933 26296 1
26296 78966 1
144933 26721 1
26721 117920 1
117920 52072 1
52072 53388 1
52072 53562 1
52072 144831 1
52072 88240 1
52072 97096 1
52072 148604 1
52072 63460 1
63460 141214 1
63460 55861 1
63460 64568 1
64568 110333 1
110333 92606 1
92606 96257 1
96257 148702 1
148702 104008 1
104008 9180 1
9180 131483 1
9180 66080 1
66080 44470 1
44470 133555 1
133555 140407 1
140407 2945 1
2945 7933 1
7933 58332 1
58332 1345 1
58332 114832 1
114832 49473 1
49473 526 1
526 39437 1
526 96390 1
526 14118 1
526 146241 1
146241 123820 1
123820 54851 1
54851 106486 1
106486 72288 1
72288 51527 1
51527 26356 1
51527 29756 1
51527 135944 1
135944 20196 1
20196 54297 1
20196 80594 1
80594 124579 1
124579 63119 1
124579 13591 1
13591 31120 1
31120 62349 1
31120 107036 1
107036 26030 1
26030 146171 1
146171 90788 1
146171 130643 1
146171 46399 1
146171 90310 1
90310 150404 1
150404 78336 1
78336 133412 1
78336 151620 1
78336 72462 1
78336 51301 1
78336 126789 1
78336 95013 1
95013 97596 1
97596 100639 1
100639 58911 1
58911 48323 1
48323 91649 1
48323 111977 1
111977 62889 1
62889 132615 1
132615 65495 1
65495 83271 1
83271 92682 1
83271 151960 1
151960 47084 1
47084 144283 1
144283 123080 1
123080 134844 1
134844 118362 1
118362 145862 1
118362 121561 1
121561 126219 1
126219 150767 1
150767 78855 1
150767 137294 1
137294 479 1
479 25622 1
479 39129 1
39129 968 1
968 50464 1
50464 114574 1
114574 13452 1
114574 114379 1
114379 9461 1
9461 90160 1
90160 60032 1
90160 6562 1
6562 121515 1
121515 78881 1
78881 108315 1
108315 131033 1
131033 123589 1
123589 13160 1
123589 120608 1
123589 144021 1
144021 103259 1
103259 89882 1
103259 86709 1
86709 89676 1
89676 45971 1
89676 134991 1
134991 133511 1
133511 49421 1
133511 95393 1
133511 29610 1
133511 28891 1
133511 9997 1
133511 78237 1
133511 128427 1
133511 114247 1
133511 153589 1
133511 98580 1
133511 135015 1
133511 22344 1
133511 127268 1
133511 112672 1
133511 15093 1
133511 22434 1
133511 59199 1
133511 100943 1
133511 63241 1
133511 34160 1
133511 77695 1
133511 1902 1
133511 18633 1
133511 2884 1
2884 36455 1
36455 82383 1
82383 98028 1
98028 12211 1
98028 95647 1
98028 77749 1
77749 105707 1
105707 123352 1
123352 128998 1
128998 54822 1
54822 78036 1
78036 3053 1
3053 117853 1
117853 100026 1
100026 113278 1
113278 121427 1
121427 17748 1
17748 50759 1
50759 137817 1
137817 35823 1
35823 95306 1
95306 30289 1
95306 11844 1
11844 111094 1
11844 95970 1
11844 78125 1
78125 4959 1
78125 30123 1
78125 143909 1
143909 98617 1
98617 118792 1
118792 72941 1
118792 44372 1
44372 96767 1
96767 130955 1
130955 47023 1
47023 139997 1
139997 15064 1
15064 80252 1
15064 20896 1
15064 19619 1
19619 22179 1
22179 146179 1
146179 52503 1
52503 150533 1
150533 112169 1
112169 109014 1
112169 110896 1
110896 17028 1
110896 42048 1
42048 27860 1
42048 38018 1
38018 120751 1
120751 20869 1
20869 20371 1
20371 842 1
842 103662 1
103662 72329 1
72329 113553 1
113553 95092 1
95092 137018 1
137018 150638 1
150638 17138 1
17138 63005 1
63005 114367 1
114367 37910 1
37910 60768 1
37910 122922 1
122922 81854 1
81854 45679 1
81854 128675 1
81854 62515 1
62515 89759 1
89759 59667 1
89759 98658 1
89759 104175 1
89759 1884 1
1884 122157 1
122157 99616 1
99616 24302 1
99616 52152 1
99616 11971 1
11971 150845 1
150845 82376 1
82376 114052 1
82376 63032 1
82376 40750 1
82376 32366 1
82376 102674 1
82376 45094 1
82376 106277 1
82376 115519 1
115519 82365 1
82365 119464 1
82365 24760 1
24760 106994 1
106994 149633 1
149633 31201 1
149633 81041 1
81041 129922 1
129922 12002 1
12002 116258 1
12002 122907 1
122907 12107 1
122907 77719 1
77719 58819 1
58819 25809 1
25809 37125 1
37125 68370 1
68370 13806 1
13806 78634 1
13806 43528 1
13806 44730 1
44730 67076 1
67076 119955 1
67076 134040 1
134040 44284 1
44284 43712 1
43712 100683 1
100683 118300 1
118300 92117 1
92117 26238 1
26238 64227 1
26238 62073 1
62073 152979 1
152979 104640 1
104640 113623 1
113623 33562 1
113623 128407 1
128407 73691 1
73691 11761 1
73691 25755 1
73691 115573 1
115573 27592 1
27592 81570 1
81570 81587 1
81587 24379 1
24379 105764 1
105764 25418 1
25418 113967 1
113967 140243 1
140243 153122 1
140243 101385 1
101385 107728 1
107728 7144 1
7144 50892 1
50892 102070 1
102070 88282 1
88282 56274 1
88282 84613 1
88282 81599 1
81599 93975 1
93975 108175 1
108175 117856 1
117856 141575 1
117856 143334 1
117856 108717 1
108717 29300 1
29300 31071 1
29300 65224 1
29300 56795 1
29300 64931 1
29300 147248 1
29300 27509 1
27509 148316 1
27509 125258 1
27509 149465 1
149465 88552 1
149465 90547 1
90547 118657 1
118657 2683 1
2683 123515 1
123515 130160 1
130160 110016 1
130160 17440 1
130160 122135 1
122135 13573 1
13573 128785 1
13573 139428 1
13573 27729 1
27729 141630 1
27729 101955 1
101955 58662 1
58662 37366 1
37366 37609 1
37366 81317 1
81317 24468 1
24468 61124 1
24468 63982 1
63982 107126 1
107126 16753 1
16753 122506 1
16753 98330 1
16753 108740 1
16753 60191 1
60191 103070 1
103070 44008 1
44008 11584 1
11584 109550 1
11584 152048 1
152048 99917 1
99917 106010 1
106010 48563 1
48563 154354 1
154354 106037 1
106037 81393 1
106037 13310 1
13310 57316 1
57316 4598 1
4598 148757 1
148757 101898 1
148757 133514 1
148757 152329 1
152329 84106 1
84106 34559 1
34559 25111 1
25111 77455 1
77455 136041 1
136041 136420 1
136420 61345 1
61345 134575 1
61345 65661 1
65661 29263 1
65661 62577 1
62577 3451 1
62577 1862 1
1862 129670 1
129670 94054 1
94054 57497 1
57497 135521 1
57497 131733 1
131733 92293 1
131733 81221 1
131733 22641 1
131733 150919 1
131733 126237 1
126237 142656 1
142656 50079 1
50079 131565 1
131565 18716 1
131565 31375 1
31375 40899 1
40899 16279 1
16279 43022 1
43022 102525 1
102525 111246 1
111246 54126 1
111246 125954 1
125954 22341 1
22341 48115 1
48115 30095 1
30095 74018 1
74018 100362 1
100362 18052 1
100362 127803 1
127803 21186 1
21186 126542 1
21186 77479 1
77479 98731 1
98731 122369 1
98731 149654 1
149654 14627 1
14627 47858 1
47858 62686 1
47858 33923 1
33923 35553 1
35553 20400 1
35553 44535 1
35553 99248 1
99248 24085 1
24085 71496 1
24085 144250 1
144250 138802 1
138802 87508 1
87508 23455 1
23455 76990 1
23455 26760 1
26760 26432 1
26760 83971 1
83971 110055 1
110055 69632 1
110055 54987 1
110055 147398 1
110055 106550 1
110055 5075 1
110055 139690 1
110055 107322 1
110055 11317 1
11317 24787 1
24787 31320 1
31320 144961 1
144961 35269 1
144961 98263 1
98263 84136 1
84136 150582 1
84136 16931 1
16931 112880 1
112880 40567 1
40567 134040 1
134040 60770 1
60770 45254 1
45254 125999 1
125999 108219 1
108219 50519 1
50519 59162 1
59162 100740 1
100740 149209 1
149209 72171 1
72171 15795 1
15795 96337 1
15795 110313 1
15795 57372 1
15795 92278 1
92278 36609 1
36609 83367 1
83367 56519 1
56519 71390 1
71390 14863 1
71390 88856 1
88856 104009 1
104009 37197 1
37197 106117 1
106117 49899 1
49899 101602 1
101602 15103 1
15103 131038 1
15103 127961 1
15103 69494 1
15103 75083 1
75083 61592 1
61592 47927 1
47927 18838 1
18838 33480 1
33480 23438 1
33480 97208 1
33480 146821 1
33480 42142 1
33480 102546 1
33480 1732 1
33480 55884 1
33480 26777 1
33480 61080 1
33480 122682 1
33480 624 1
33480 107432 1
33480 17642 1
33480 116691 1
33480 102502 1
33480 17416 1
33480 58313 1
33480 19811 1
19811 142134 1
142134 115257 1
142134 127519 1
142134 65243 1
65243 148508 1
148508 154788 1
148508 74689 1
148508 125005 1
125005 128055 1
128055 11235 1
11235 153613 1
153613 44 1
44 90795 1
90795 104268 1
104268 129475 1
104268 114202 1
114202 76115 1
76115 58583 1
58583 92470 1
92470 125799 1
125799 77332 1
77332 123560 1
123560 50759 1
50759 40858 1
40858 82599 1
82599 26040 1
26040 54644 1
54644 153156 1
54644 128813 1
54644 101467 1
54644 79076 1
79076 71680 1
79076 36864 1
36864 121034 1
121034 17194 1
17194 140298 1
140298 61488 1
61488 46171 1
46171 154686 1
154686 98291 1
98291 153935 1
98291 128833 1
128833 12416 1
12416 123555 1
123555 99087 1
99087 76362 1
99087 56537 1
99087 96143 1
96143 116057 1
116057 13186 1
13186 85895 1
85895 23244 1
23244 29766 1
29766 29472 1
29472 121045 1
121045 78118 1
78118 63579 1
78118 138785 1
78118 154010 1
154010 78174 1
78174 61634 1
78174 49139 1
49139 123641 1
123641 62143 1
62143 148922 1
148922 9838 1
9838 55343 1
55343 133761 1
133761 28192 1
133761 28240 1
133761 63219 1
133761 84114 1
55343 96393 1
96393 88847 1
96393 57738 1
96393 28821 1
96393 83410 1
96393 17908 1
96393 91262 1
96393 86475 1
96393 16331 1
55343 149119 1
149119 130967 1
149119 127464 1
149119 21020 1
149119 129166 1
149119 136816 1
136816 70210 1
70210 86665 1
70210 124669 1
70210 137136 1
137136 150867 1
150867 8744 1
8744 91874 1
91874 45930 1
45930 147704 1
147704 78400 1
78400 127061 1
127061 48145 1
48145 109945 1
109945 133552 1
133552 71772 1
71772 135404 1
71772 125310 1
71772 72735 1
71772 842 1
842 49767 1
49767 15528 1
15528 937 1
937 79917 1
79917 6006 1
6006 30871 1
30871 121456 1
121456 130538 1
130538 34938 1
34938 99184 1
34938 141657 1
141657 6448 1
6448 73984 1
6448 119843 1
141657 96914 1
96914 40575 1
40575 24093 1
24093 32846 1
32846 46587 1
46587 60080 1
60080 23570 1
23570 68327 1
23570 86819 1
86819 3615 1
3615 102467 1
102467 76972 1
76972 117610 1
76972 153684 1
76972 82874 1
76972 100418 1
100418 114401 1
114401 49501 1
49501 135736 1
135736 128208 1
128208 65486 1
65486 20275 1
20275 100509 1
100509 985 1
985 12136 1
12136 73296 1
73296 3718 1
3718 135263 1
3718 89991 1
3718 55628 1
3718 139538 1
139538 111049 1
111049 38985 1
38985 6755 1
6755 151944 1
151944 150697 1
150697 151399 1
151399 91470 1
91470 36933 1
36933 74907 1
74907 8725 1
8725 129608 1
8725 58773 1
58773 93794 1
93794 152803 1
152803 83531 1
83531 124714 1
124714 75093 1
75093 103057 1
75093 10926 1
75093 16800 1
16800 69316 1
69316 32957 1
32957 91582 1
91582 2760 1
2760 78840 1
2760 65588 1
2760 144933 1
144933 135370 1
135370 1114 1
1114 22847 1
22847 97348 1
97348 56023 1
56023 3981 1
3981 7215 1
7215 10690 1
10690 103493 1
10690 51629 1
51629 91109 1
91109 37002 1
37002 114063 1
114063 66108 1
66108 43451 1
43451 2510 1
2510 93087 1
93087 617 1
617 68343 1
68343 142137 1
68343 47636 1
47636 10823 1
10823 25137 1
25137 64283 1
64283 118901 1
118901 45556 1
45556 54111 1
54111 43751 1
43751 98681 1
43751 2494 1
43751 56097 1
43751 90455 1
90455 74489 1
90455 102108 1
102108 47275 1
47275 47562 1
47562 63485 1
63485 17084 1
17084 89911 1
89911 153955 1
89911 70884 1
70884 130160 1
130160 88548 1
88548 15317 1
15317 62933 1
62933 2807 1
2807 42733 1
42733 151537 1
151537 149667 1
149667 15810 1
15810 92314 1
92314 26177 1
92314 84198 1
84198 137598 1
137598 14793 1
14793 52837 1
52837 104471 1
104471 15086 1
15086 151953 1
151953 16800 1
16800 36295 1
36295 132099 1
36295 64705 1
64705 97741 1
97741 25557 1
25557 49105 1
49105 85680 1
85680 68286 1
85680 56794 1
56794 119962 1
119962 58891 1
119962 58695 1
58695 32915 1
32915 128023 1
32915 51275 1
51275 88689 1
88689 13799 1
88689 111467 1
88689 35823 1
35823 47736 1
47736 150472 1
47736 83735 1
83735 117330 1
117330 35823 1
35823 33288 1
33288 6734 1
33288 104479 1
33288 151630 1
151630 62077 1
62077 88633 1
88633 7629 1
7629 81550 1
7629 120314 1
7629 96679 1
96679 10093 1
10093 153006 1
153006 76621 1
76621 47480 1
47480 103090 1
103090 32963 1
32963 152898 1
152898 60278 1
60278 64382 1
64382 100571 1
100571 153399 1
153399 7478 1
7478 124484 1
124484 77854 1
124484 111879 1
124484 82825 1
124484 99586 1
99586 78868 1
78868 17714 1
78868 60399 1
60399 80858 1
80858 93744 1
93744 97926 1
97926 130508 1
130508 20797 1
20797 58847 1
58847 54473 1
54473 69781 1
69781 7922 1
69781 82470 1
82470 37782 1
37782 111117 1
111117 111384 1
111384 37694 1
37694 10541 1
10541 27443 1
27443 94839 1
27443 1484 1
1484 7366 1
7366 72071 1
72071 35835 1
35835 115712 1
115712 55489 1
55489 113595 1
113595 120708 1
120708 49534 1
49534 91948 1
91948 142401 1
142401 23476 1
142401 13125 1
142401 45846 1
142401 119966 1
142401 117963 1
142401 25142 1
142401 84745 1
142401 55807 1
55807 34242 1
34242 107521 1
107521 14794 1
14794 95005 1
14794 48638 1
14794 21523 1
14794 7139 1
7139 59455 1
59455 6891 1
6891 11915 1
11915 131247 1
131247 120666 1
120666 99251 1
99251 51253 1
51253 101941 1
51253 86490 1
86490 29625 1
29625 19255 1
29625 110714 1
29625 26186 1
29625 134014 1
134014 5292 1
5292 107042 1
107042 131991 1
131991 148128 1
131991 148302 1
148302 21535 1
21535 92599 1
92599 67440 1
67440 86302 1
67440 70751 1
70751 43597 1
43597 117585 1
43597 13909 1
13909 61362 1
61362 23340 1
61362 13097 1
61362 52048 1
52048 47090 1
47090 56089 1
47090 22957 1
47090 31768 1
47090 63482 1
63482 96848 1
96848 80715 1
80715 42078 1
42078 47888 1
42078 55282 1
55282 135430 1
135430 127549 1
135430 76203 1
135430 1603 1
135430 50535 1
50535 97469 1
97469 79129 1
97469 110896 1
110896 2086 1
2086 7272 1
7272 35922 1
35922 57717 1
57717 71314 1
71314 102505 1
102505 126752 1
126752 76862 1
76862 106245 1
106245 131848 1
131848 10625 1
10625 55852 1
10625 42788 1
42788 103548 1
103548 24887 1
24887 16284 1
16284 145253 1
145253 154020 1
154020 104013 1
104013 76869 1
76869 61653 1
76869 43208 1
76869 124925 1
124925 154020 1
154020 80488 1
76869 74690 1
76869 154153 1
154153 27452 1
154153 140140 1
140140 107869 1
107869 119962 1
119962 65082 1
65082 99239 1
99239 51809 1
99239 132018 1
99239 89862 1
99239 136397 1
136397 88689 1
88689 2591 1
88689 104074 1
104074 135642 1
135642 81854 1
81854 130351 1
130351 148708 1
148708 60035 1
60035 35466 1
35466 34028 1
35466 87856 1
35466 86827 1
86827 32325 1
32325 54856 1
54856 14647 1
14647 3407 1
3407 51276 1
51276 35822 1
35822 54136 1
54136 40287 1
40287 84464 1
84464 154410 1
154410 114735 1
114735 64401 1
64401 123326 1
123326 83924 1
83924 64401 1
64401 92632 1
92632 127205 1
127205 98263 1
98263 33851 1
33851 52550 1
52550 153006 1
153006 77864 1
77864 36148 1
77864 145684 1
145684 90455 1
90455 43109 1
90455 111384 1
111384 34234 1
34234 110702 1
34234 137810 1
34234 133540 1
133540 82068 1
82068 130530 1
130530 74383 1
130530 85682 1
85682 52739 1
85682 90422 1
85682 23827 1
85682 34278 1
85682 59244 1
85682 131905 1
131905 126266 1
126266 51253 1
51253 114244 1
51253 43815 1
43815 59029 1
59029 55691 1
55691 86306 1
86306 136679 1
136679 85459 1
85459 42391 1
42391 98343 1
98343 97789 1
42391 106066 1
106066 114313 1
114313 144000 1
144000 94410 1
94410 67133 1
67133 28473 1
28473 100150 1
100150 91248 1
100150 68179 1
100150 40727 1
40727 115713 1
115713 25710 1
25710 54739 1
54739 85398 1
54739 151805 1
151805 32672 1
32672 67691 1
32672 65044 1
32672 11134 1
32672 6545 1
6545 2425 1
2425 5881 1
2425 12428 1
2425 149556 1
2425 21964 1
21964 91772 1
91772 15086 1
15086 58577 1
15086 92585 1
15086 88091 1
15086 115720 1
115720 75688 1
75688 121415 1
75688 113825 1
113825 121583 1
121583 61291 1
121583 149995 1
149995 83511 1
149995 698 1
121583 68688 1
121583 106042 1
121583 118170 1
121583 105156 1
121583 97236 1
97236 122955 1
122955 77809 1
77809 128882 1
77809 100593 1
100593 128245 1
128245 91931 1
91931 95072 1
95072 33100 1
95072 85489 1
95072 23621 1
95072 107134 1
107134 152046 1
152046 88152 1
152046 42356 1
107134 86720 1
86720 86276 1
86276 47824 1
47824 4743 1
4743 75867 1
75867 110066 1
110066 97926 1
97926 91933 1
91933 151697 1
151697 92339 1
92339 58992 1
58992 103144 1
103144 93664 1
93664 83451 1
93664 367 1
93664 72329 1
93664 28243 1
28243 144375 1
144375 28189 1
28189 145305 1
145305 70085 1
70085 89086 1
89086 118901 1
118901 11291 1
11291 9452 1
9452 16501 1
16501 45627 1
45627 45189 1
45189 69934 1
69934 130447 1
69934 5167 1
5167 114426 1
114426 108544 1
108544 8427 1
8427 142383 1
142383 15434 1
15434 60555 1
60555 33019 1
33019 18104 1
33019 152466 1
152466 87315 1
87315 110431 1
87315 127853 1
127853 1543 1
1543 67347 1
67347 102260 1
102260 127331 1
127331 82080 1
82080 60769 1
60769 88871 1
60769 47396 1
47396 128898 1
128898 87060 1
128898 20553 1
20553 37976 1
37976 101295 1
101295 151210 1
151210 71668 1
71668 18138 1
18138 104593 1
104593 42254 1
42254 59508 1
59508 56097 1
43751 137990 1
137990 78094 1
78094 59556 1
59556 7887 1
37401 92043 1
37401 44158 1
44158 97954 1
97954 42429 1
42429 154025 1
154025 64202 1
64202 117632 1
117632 114714 1
114714 88882 1
88882 140752 1
140752 70814 1
70814 132997 1
70814 36262 1
70814 49498 1
49498 107300 1
49498 90109 1
90109 122329 1
122329 67667 1
67667 33520 1
33520 134267 1
33520 81591 1
81591 147301 1
147301 38702 1
38702 40388 1
40388 120696 1
40388 66908 1
66908 65612 1
66908 31946 1
31946 94259 1
31946 114517 1
114517 81592 1
114517 51619 1
51619 116118 1
116118 7933 1
7933 70220 1
70220 119169 1
119169 66108 1
66108 88633 1
88633 110066 1
110066 98879 1
98879 147656 1
147656 86735 1
86735 110063 1
110063 49837 1
49837 79667 1
79667 64558 1
64558 70196 1
70196 50444 1
50444 73584 1
73584 101778 1
101778 9868 1
9868 154425 1
154425 121652 1
121652 133005 1
133005 8078 1
8078 108142 1
108142 153053 1
153053 56980 1
56980 131715 1
131715 55153 1
55153 14314 1
14314 149640 1
14314 4517 1
14314 108361 1
14314 53849 1
14314 79934 1
79934 47524 1
47524 136397 1
136397 3188 1
3188 139442 1
139442 7920 1
7920 62506 1
7920 46960 1
46960 142396 1
142396 61210 1
61210 31003 1
31003 70203 1
31003 80631 1
80631 88806 1
80631 10025 1
31003 130017 1
130017 22956 1
22956 38147 1
38147 144130 1
144130 143452 1
143452 29919 1
29919 41739 1
41739 92940 1
41739 41539 1
41739 23983 1
23983 78141 1
23983 127942 1
23983 84370 1
23983 94030 1
23983 130423 1
130423 98352 1
98352 148234 1
148234 142966 1
142966 134799 1
134799 71344 1
71344 127399 1
71344 129049 1
129049 39104 1
129049 142185 1
142185 71445 1
71445 121496 1
121496 10814 1
121496 141930 1
121496 56084 1
121496 109466 1
109466 109990 1
109990 91470 1
91470 28115 1
28115 97000 1
97000 118264 1
97000 10381 1
10381 103468 1
10381 54117 1
54117 144691 1
144691 95510 1
95510 8045 1
8045 147147 1
147147 39325 1
39325 13257 1
13257 143576 1
147147 117090 1
117090 149328 1
149328 19128 1
