24267 2710 1
2710 67577 1
2710 47330 1
47330 101037 1
47330 113912 1
47330 50994 1
47330 38715 1
38715 24352 1
24352 122635 1
122635 6000 1
6000 11921 1
11921 12737 1
12737 75243 1
75243 26394 1
26394 132301 1
132301 135020 1
135020 99668 1
99668 124892 1
99668 58584 1
99668 15436 1
15436 142485 1
142485 93458 1
142485 41580 1
142485 110230 1
142485 32143 1
32143 15039 1
15039 141458 1
15039 92012 1
92012 122178 1
122178 46077 1
46077 65280 1
46077 30940 1
30940 48870 1
48870 9495 1
48870 152599 1
152599 79205 1
152599 5773 1
152599 148467 1
148467 44419 1
44419 90817 1
90817 145100 1
145100 2158 1
2158 33288 1
33288 153477 1
153477 126072 1
126072 46969 1
46969 88078 1
46969 1325 1
1325 71680 1
71680 105213 1
105213 79091 1
79091 4598 1
4598 5682 1
5682 136816 1
136816 66710 1
66710 76166 1
76166 95571 1
95571 35637 1
35637 97446 1
97446 69733 1
69733 86615 1
86615 142421 1
142421 139565 1
139565 1392 1
1392 45673 1
45673 36564 1
36564 117346 1
117346 20804 1
20804 87974 1
87974 50663 1
87974 42548 1
42548 49101 1
49101 123194 1
123194 52770 1
52770 71538 1
71538 101144 1
101144 105417 1
105417 35050 1
35050 148617 1
148617 7938 1
148617 50256 1
50256 114170 1
114170 25120 1
25120 5022 1
25120 143418 1
25120 121769 1
121769 91400 1
91400 11068 1
11068 114426 1
114426 6697 1
114426 9690 1
9690 122187 1
122187 40373 1
40373 41221 1
41221 35896 1
35896 7165 1
7165 10857 1
10857 126489 1
126489 33247 1
33247 57304 1
57304 105118 1
105118 154403 1
154403 153640 1
153640 140386 1
140386 37298 1
37298 136397 1
136397 119962 1
119962 114313 1
114313 69304 1
114313 5773 1
152599 36199 1
36199 16847 1
16847 103390 1
103390 14473 1
14473 118137 1
118137 51606 1
51606 11921 1
11921 15430 1
15430 124367 1
124367 51142 1
51142 43862 1
51142 127840 1
51142 32839 1
51142 40697 1
40697 82181 1
82181 1638 1
82181 51222 1
51222 71568 1
71568 68103 1
71568 127753 1
127753 88055 1
88055 46068 1
88055 26247 1
88055 62240 1
62240 30634 1
30634 134658 1
134658 14792 1
14792 134587 1
14792 147343 1
14792 46318 1
14792 58118 1
14792 37368 1
37368 114832 1
114832 142841 1
114832 55547 1
55547 43042 1
55547 12911 1
12911 12013 1
12911 67340 1
12911 68446 1
68446 60388 1
60388 65412 1
60388 58139 1
60388 147666 1
60388 5378 1
147666 103259 1
103259 54653 1
103259 4390 1
12911 139290 1
139290 105232 1
105232 37470 1
105232 103225 1
105232 148271 1
148271 79182 1
79182 82251 1
79182 153011 1
79182 87459 1
79182 90588 1
90588 140797 1
90588 71006 1
71006 97333 1
97333 36391 1
97333 41891 1
97333 114268 1
97333 18584 1
97333 154080 1
154080 27509 1
27509 87351 1
27509 79041 1
27509 121104 1
27509 48536 1
48536 45421 1
45421 105362 1
45421 135339 1
135339 40711 1
40711 83702 1
135339 104598 1
104598 53626 1
104598 81858 1
81858 37574 1
37574 151447 1
151447 41282 1
41282 48148 1
48148 148 1
148 153979 1
153979 63943 1
63943 64066 1
63943 104822 1
63943 127849 1
127849 109447 1
109447 38235 1
109447 63288 1
109447 76041 1
76041 24490 1
24490 141657 1
141657 36717 1
36717 136829 1
136829 54984 1
54984 144285 1
144285 101190 1
54984 85393 1
54984 120837 1
120837 148485 1
120837 136949 1
136949 14360 1
136949 144889 1
136949 6091 1
136949 69029 1
69029 115863 1
115863 116776 1
115863 88874 1
115863 137717 1
115863 74140 1
74140 135736 1
135736 111730 1
111730 65143 1
65143 32212 1
32212 144549 1
144549 128087 1
128087 40784 1
40784 48013 1
48013 21499 1
21499 23109 1
23109 98183 1
98183 18934 1
18934 70915 1
70915 68978 1
68978 37198 1
68978 53576 1
68978 98376 1
68978 28127 1
28127 138612 1
138612 26447 1
138612 51808 1
138612 114775 1
114775 85474 1
114775 106824 1
114775 4159 1
114775 102715 1
102715 101059 1
101059 125842 1
125842 148173 1
148173 114693 1
148173 133528 1
133528 74284 1
74284 59605 1
74284 89892 1
74284 103853 1
74284 109440 1
148173 3687 1
3687 124484 1
124484 23383 1
124484 99586 1
99586 39900 1
39900 9082 1
9082 24213 1
9082 86703 1
86703 64368 1
64368 113592 1
113592 88889 1
88889 1565 1
1565 103434 1
103434 30345 1
88889 11873 1
11873 53750 1
53750 65400 1
65400 146193 1
65400 151370 1
151370 31958 1
151370 74626 1
74626 40076 1
40076 150005 1
40076 74980 1
74980 142279 1
142279 6142 1
142279 147699 1
142279 52573 1
142279 118344 1
118344 82037 1
82037 29735 1
29735 21662 1
21662 140932 1
140932 75081 1
75081 65384 1
75081 30487 1
75081 152139 1
152139 51684 1
51684 99947 1
99947 149166 1
149166 125005 1
125005 116896 1
116896 52274 1
52274 145440 1
145440 29414 1
29414 117522 1
145440 14647 1
14647 55231 1
55231 88523 1
55231 96263 1
96263 55426 1
96263 54194 1
96263 24004 1
24004 149217 1
149217 38537 1
38537 44110 1
44110 108046 1
108046 52550 1
52550 105546 1
52550 138193 1
138193 78578 1
78578 126968 1
78578 114076 1
78578 101996 1
78578 122407 1
122407 88551 1
88551 55666 1
55666 59467 1
59467 144925 1
144925 134172 1
144925 25121 1
144925 97708 1
144925 47341 1
144925 33461 1
144925 120214 1
120214 42446 1
42446 81722 1
42446 21036 1
21036 140138 1
140138 40769 1
40769 40397 1
40397 127837 1
127837 62521 1
127837 110112 1
110112 138169 1
138169 147450 1
147450 147314 1
147314 139351 1
139351 86108 1
86108 23078 1
23078 145367 1
23078 66312 1
66312 127886 1
127886 75203 1
127886 3244 1
127886 69457 1
69457 131841 1
69457 30176 1
30176 115406 1
115406 120129 1
115406 114867 1
115406 95337 1
95337 131399 1
95337 54231 1
54231 152005 1
152005 20775 1
20775 65840 1
65840 67964 1
65840 110849 1
65840 53825 1
65840 102867 1
65840 100908 1
100908 44414 1
44414 55687 1
44414 851 1
851 102600 1
102600 40348 1
40348 100551 1
100551 78754 1
78754 82375 1
78754 51660 1
51660 94284 1
94284 3567 1
94284 90502 1
90502 94932 1
90502 110307 1
110307 85313 1
85313 87889 1
87889 88932 1
87889 128879 1
128879 146601 1
146601 132324 1
132324 28154 1
28154 80747 1
80747 36270 1
36270 114059 1
114059 14436 1
14436 130207 1
14436 46564 1
46564 80100 1
80100 70684 1
80100 99015 1
80100 153475 1
153475 77366 1
77366 118196 1
118196 40556 1
40556 61058 1
61058 80066 1
80066 8780 1
8780 2807 1
2807 50509 1
2807 60904 1
2807 102316 1
102316 71640 1
71640 106419 1
106419 78689 1
78689 7267 1
78689 81347 1
81347 122505 1
122505 88570 1
88570 136088 1
136088 756 1
756 33297 1
33297 71953 1
33297 65877 1
65877 22307 1
22307 70961 1
22307 48442 1
48442 31788 1
31788 82596 1
48442 139454 1
139454 71359 1
71359 131008 1
131008 35822 1
35822 55271 1
55271 136775 1
136775 97467 1
97467 117806 1
97467 121985 1
121985 44948 1
44948 53784 1
53784 145473 1
145473 17665 1
17665 40592 1
40592 55559 1
55559 132676 1
55559 3592 1
55559 111097 1
55559 43727 1
43727 150291 1
150291 56906 1
56906 1421 1
1421 47842 1
47842 4763 1
4763 84469 1
84469 83985 1
83985 21511 1
83985 55099 1
55099 4932 1
4932 133587 1
133587 132382 1
133587 153991 1
153991 14828 1
14828 53855 1
53855 113966 1
113966 70664 1
70664 154552 1
70664 91772 1
91772 56281 1
56281 60912 1
60912 50326 1
50326 37694 1
37694 79738 1
79738 62695 1
62695 137990 1
137990 129760 1
129760 117742 1
117742 96367 1
96367 18955 1
18955 18568 1
18955 72759 1
18955 87145 1
87145 14535 1
14535 140874 1
14535 121038 1
14535 42397 1
42397 83226 1
83226 86402 1
83226 107791 1
83226 143971 1
143971 24774 1
24774 44 1
44 74628 1
74628 892 1
892 44660 1
892 3207 1
3207 6070 1
6070 110941 1
6070 82768 1
6070 480 1
480 66420 1
66420 77710 1
