25482 121555 1
121555 77691 1
121555 6003 1
6003 129933 1
129933 99438 1
129933 118922 1
118922 98729 1
98729 26881 1
26881 28716 1
28716 10919 1
10919 13575 1
13575 31144 1
13575 73364 1
73364 70829 1
70829 12234 1
12234 66759 1
12234 82669 1
12234 70522 1
70522 102534 1
102534 125457 1
102534 24249 1
102534 29482 1
29482 103505 1
103505 49072 1
103505 47871 1
47871 126486 1
126486 20683 1
20683 89257 1
89257 35255 1
35255 111585 1
35255 31691 1
31691 43249 1
43249 10844 1
10844 71344 1
71344 45069 1
45069 58060 1
45069 12095 1
45069 137553 1
45069 97582 1
45069 21388 1
21388 57077 1
57077 102107 1
57077 83816 1
83816 66495 1
66495 89922 1
89922 37548 1
37548 148163 1
37548 78329 1
37548 108392 1
108392 18542 1
18542 86376 1
18542 39013 1
18542 16297 1
16297 99777 1
99777 121561 1
121561 30963 1
121561 93981 1
121561 22778 1
121561 74637 1
121561 126219 1
126219 13874 1
13874 84265 1
84265 21481 1
21481 48017 1
48017 80594 1
80594 124579 1
124579 123106 1
123106 98927 1
98927 137175 1
137175 21185 1
21185 154184 1
154184 85987 1
85987 39413 1
85987 98879 1
98879 117617 1
117617 61639 1
117617 130813 1
130813 80968 1
80968 1845 1
1845 97993 1
97993 21536 1
97993 136254 1
136254 45672 1
136254 104225 1
136254 39666 1
136254 78324 1
78324 9666 1
9666 103001 1
103001 101782 1
101782 11400 1
101782 136343 1
136343 58793 1
58793 80594 1
80594 6312 1
6312 23013 1
6312 152998 1
152998 36342 1
36342 118948 1
118948 52792 1
118948 68465 1
118948 70247 1
118948 48113 1
48113 124130 1
48113 99022 1
48113 127418 1
127418 98803 1
98803 71759 1
71759 83956 1
83956 27435 1
27435 53406 1
53406 104980 1
104980 143674 1
143674 73798 1
73798 16597 1
16597 58332 1
58332 40388 1
40388 84390 1
40388 66908 1
66908 33596 1
33596 83373 1
83373 10541 1
10541 112839 1
112839 69203 1
112839 129478 1
112839 53855 1
53855 150261 1
150261 42549 1
42549 110102 1
110102 109939 1
109939 11066 1
109939 84397 1
84397 23434 1
23434 40014 1
40014 154089 1
154089 30363 1
30363 141139 1
141139 57919 1
57919 73516 1
73516 86135 1
73516 111650 1
73516 130057 1
130057 99556 1
99556 30090 1
30090 132633 1
132633 57316 1
57316 7933 1
7933 15434 1
15434 8247 1
8247 54851 1
54851 65856 1
65856 97144 1
97144 143641 1
97144 3297 1
3297 11479 1
11479 14552 1
14552 101904 1
101904 29324 1
29324 27334 1
27334 80887 1
27334 5417 1
5417 15365 1
27334 142627 1
27334 103207 1
27334 29502 1
27334 142799 1
142799 10900 1
10900 40835 1
10900 60433 1
60433 11616 1
60433 46120 1
46120 68054 1
46120 5049 1
5049 91109 1
91109 14852 1
91109 139707 1
91109 89704 1
89704 127917 1
127917 127205 1
127205 30385 1
30385 3579 1
3579 100913 1
100913 52121 1
52121 22759 1
22759 148785 1
148785 111700 1
111700 62505 1
111700 131035 1
111700 140072 1
111700 25139 1
25139 30384 1
25139 18644 1
18644 98263 1
98263 37666 1
37666 37025 1
37025 120708 1
120708 8420 1
8420 72348 1
72348 118866 1
118866 144728 1
144728 27727 1
27727 13896 1
13896 16945 1
16945 13860 1
13860 98166 1
98166 37270 1
98166 124995 1
124995 53729 1
53729 20379 1
53729 60260 1
60260 66781 1
66781 135339 1
135339 7710 1
135339 104598 1
104598 140386 1
140386 42125 1
42125 140651 1
42125 108843 1
108843 108909 1
108909 95225 1
108909 2531 1
2531 55278 1
55278 133246 1
133246 59556 1
59556 37976 1
37976 77936 1
77936 137507 1
137507 38375 1
38375 23188 1
23188 1701 1
1701 49501 1
49501 80576 1
80576 31971 1
31971 41823 1
41823 47124 1
41823 51742 1
41823 105718 1
105718 97603 1
97603 25256 1
97603 115810 1
97603 109853 1
97603 40276 1
97603 143185 1
143185 133092 1
133092 22340 1
22340 21388 1
21388 112423 1
112423 22926 1
22926 64838 1
64838 87149 1
87149 152574 1
87149 68968 1
68968 63485 1
63485 67638 1
67638 148393 1
148393 37792 1
37792 109700 1
37792 18699 1
37792 57439 1
37792 67736 1
37792 98552 1
98552 51793 1
51793 7213 1
7213 119091 1
7213 16484 1
16484 132324 1
132324 66781 1
66781 104246 1
104246 83479 1
83479 68499 1
68499 57304 1
57304 59111 1
59111 40592 1
40592 47873 1
40592 80002 1
40592 19997 1
40592 137912 1
40592 125246 1
125246 73270 1
73270 91472 1
91472 136853 1
91472 118966 1
118966 18148 1
18148 6422 1
18148 39417 1
39417 11436 1
39417 67010 1
67010 130683 1
130683 136657 1
136657 131517 1
131517 78257 1
78257 134272 1
134272 1342 1
1342 93926 1
93926 27367 1
27367 122014 1
122014 60060 1
60060 10161 1
10161 41133 1
41133 108567 1
108567 28512 1
28512 6036 1
6036 56151 1
56151 108466 1
56151 65700 1
56151 8313 1
56151 57378 1
56151 9281 1
9281 41763 1
41763 98263 1
98263 67076 1
67076 23575 1
67076 101287 1
101287 75366 1
101287 39403 1
101287 93027 1
101287 45988 1
45988 50666 1
50666 116270 1
50666 92830 1
92830 132573 1
132573 66401 1
66401 109487 1
109487 63583 1
63583 40846 1
63583 117911 1
117911 12142 1
117911 61574 1
61574 46613 1
46613 96549 1
96549 29879 1
29879 119279 1
119279 148037 1
148037 129580 1
129580 35105 1
129580 8472 1
129580 54011 1
54011 32260 1
32260 75815 1
75815 95092 1
95092 81180 1
95092 100310 1
100310 3923 1
100310 96386 1
96386 27732 1
27732 48413 1
48413 30126 1
30126 98240 1
98240 76083 1
98240 122917 1
122917 78391 1
122917 58914 1
58914 27991 1
27991 31575 1
27991 57284 1
57284 5510 1
5510 12040 1
12040 24770 1
24770 142811 1
142811 52695 1
142811 46411 1
46411 26543 1
26543 81684 1
26543 40721 1
40721 81858 1
81858 82432 1
82432 113977 1
113977 49927 1
49927 142046 1
49927 110681 1
49927 45724 1
45724 144815 1
144815 88936 1
88936 18611 1
18611 87307 1
87307 90529 1
90529 33966 1
90529 77532 1
90529 48598 1
48598 92998 1
92998 118486 1
92998 108 1
92998 128908 1
128908 43984 1
43984 71605 1
71605 32140 1
32140 103662 1
103662 120666 1
120666 3422 1
3422 25921 1
3422 29458 1
29458 136738 1
136738 146884 1
146884 55039 1
55039 154321 1
154321 78425 1
78425 113720 1
78425 124254 1
78425 62752 1
154321 68113 1
154321 81825 1
154321 71036 1
78425 29567 1
78425 12926 1
78425 37310 1
37310 114735 1
114735 9532 1
9532 2238 1
2238 34337 1
34337 42614 1
34337 51056 1
34337 33900 1
34337 7728 1
7728 127131 1
127131 118288 1
127131 42486 1
127131 117476 1
127131 123333 1
127131 125209 1
127131 135314 1
135314 3760 1
3760 73258 1
73258 61058 1
61058 10937 1
10937 50423 1
50423 77964 1
77964 15043 1
15043 49366 1
15043 119319 1
119319 152810 1
152810 121042 1
121042 132407 1
132407 110484 1
110484 149731 1
149731 73995 1
73995 97452 1
97452 22726 1
22726 25377 1
22726 83328 1
83328 100981 1
100981 63903 1
63903 124185 1
124185 119435 1
119435 11591 1
11591 10817 1
10817 51578 1
10817 126736 1
10817 119314 1
10817 9517 1
10817 137329 1
137329 49333 1
137329 7709 1
7709 115798 1
115798 104210 1
104210 141759 1
104210 121696 1
104210 126820 1
126820 45673 1
45673 45620 1
45673 67514 1
67514 21624 1
21624 94137 1
94137 10559 1
10559 11903 1
11903 146601 1
146601 147822 1
147822 107412 1
147822 149785 1
149785 37489 1
37489 70210 1
70210 130155 1
130155 40661 1
40661 80863 1
80863 4140 1
4140 92713 1
92713 74140 1
74140 110127 1
110127 75807 1
75807 44008 1
44008 66856 1
66856 29271 1
29271 59185 1
59185 75076 1
59185 54976 1
54976 117447 1
117447 142742 1
142742 13547 1
13547 143199 1
143199 74237 1
74237 91715 1
74237 70618 1
70618 143818 1
143818 2884 1
2884 57871 1
57871 6198 1
6198 110064 1
110064 149244 1
110064 24599 1
24599 6087 1
6087 17984 1
17984 52944 1
52944 50232 1
50232 84918 1
84918 42953 1
