6991 4152 1
4152 40014 1
40014 154089 1
154089 10098 1
154089 154587 1
154089 94375 1
94375 7588 1
7588 81872 1
81872 90918 1
90918 45926 1
90918 121979 1
81872 60540 1
81872 29465 1
29465 136397 1
136397 54284 1
54284 74371 1
74371 22302 1
22302 10676 1
10676 112076 1
112076 35342 1
35342 19339 1
19339 9718 1
19339 7304 1
7304 34971 1
7304 94796 1
94796 82376 1
82376 106277 1
82376 114052 1
82376 9320 1
9320 88908 1
88908 122285 1
122285 128463 1
128463 136945 1
136945 14891 1
14891 6924 1
6924 124526 1
6924 107484 1
107484 9461 1
9461 49407 1
9461 18184 1
9461 52758 1
52758 61467 1
61467 52163 1
52163 22669 1
22669 13702 1
13702 149369 1
149369 76373 1
76373 21535 1
21535 144005 1
21535 10444 1
21535 120554 1
120554 30054 1
30054 149779 1
30054 130624 1
130624 104867 1
104867 142205 1
104867 70113 1
104867 140074 1
104867 91513 1
91513 74424 1
74424 109945 1
109945 119987 1
119987 154434 1
154434 18635 1
18635 41167 1
41167 63089 1
63089 129118 1
129118 3777 1
129118 91951 1
91951 54598 1
54598 8815 1
8815 72008 1
72008 53707 1
53707 81460 1
81460 80644 1
80644 95550 1
95550 83717 1
95550 30157 1
30157 146997 1
146997 146902 1
146997 675 1
675 148173 1
148173 77855 1
148173 81093 1
148173 144856 1
148173 145416 1
148173 109494 1
148173 131425 1
148173 50116 1
148173 72965 1
148173 54297 1
148173 65361 1
148173 30807 1
148173 119565 1
148173 25809 1
25809 18747 1
18747 24687 1
24687 131696 1
131696 20303 1
20303 146171 1
146171 23654 1
146171 84493 1
146171 28538 1
28538 93451 1
93451 64959 1
64959 144284 1
144284 153471 1
153471 54848 1
153471 45518 1
45518 4335 1
4335 152499 1
4335 24093 1
24093 151296 1
24093 107554 1
107554 51789 1
51789 84611 1
84611 49051 1
49051 35823 1
35823 102739 1
102739 36357 1
102739 11915 1
11915 86269 1
86269 13860 1
13860 1336 1
1336 137363 1
137363 45426 1
45426 148757 1
148757 139704 1
139704 89201 1
89201 37734 1
89201 94981 1
89201 77338 1
89201 85629 1
85629 28815 1
28815 138996 1
138996 48954 1
48954 87255 1
87255 17194 1
17194 16600 1
17194 110451 1
110451 105879 1
105879 123194 1
123194 96606 1
123194 3552 1
110451 26952 1
26952 145862 1
145862 146439 1
146439 92214 1
92214 81630 1
81630 31318 1
31318 141815 1
141815 16763 1
16763 52662 1
16763 96795 1
96795 53729 1
53729 132249 1
53729 37376 1
37376 5835 1
5835 4152 1
4152 153006 1
153006 74220 1
74220 84650 1
74220 36214 1
36214 28905 1
28905 73041 1
73041 376 1
376 26776 1
26776 150497 1
150497 84426 1
84426 106306 1
106306 70254 1
106306 45349 1
45349 62950 1
62950 4535 1
4535 97975 1
97975 39323 1
39323 57210 1
57210 131777 1
131777 89068 1
131777 27207 1
131777 51145 1
131777 111297 1
111297 58591 1
111297 113066 1
113066 10085 1
113066 62975 1
62975 28382 1
28382 83895 1
83895 28532 1
28532 18025 1
18025 140950 1
18025 83768 1
18025 15704 1
15704 101168 1
15704 1176 1
15704 144197 1
15704 107741 1
15704 132241 1
132241 154080 1
154080 27509 1
27509 93585 1
93585 71306 1
71306 80394 1
80394 5535 1
5535 16925 1
16925 40958 1
40958 25750 1
25750 132503 1
132503 45806 1
45806 147389 1
147389 56509 1
56509 149720 1
149720 118344 1
149720 25780 1
25780 16484 1
16484 70810 1
70810 43447 1
43447 103470 1
103470 117891 1
117891 137629 1
137629 956 1
956 151396 1
151396 99874 1
99874 23078 1
23078 11067 1
11067 52526 1
52526 85703 1
52526 23078 1
23078 99872 1
23078 42823 1
23078 81523 1
81523 148121 1
148121 40867 1
148121 85895 1
85895 37298 1
37298 98768 1
37298 105136 1
105136 81858 1
81858 134266 1
134266 131538 1
131538 112026 1
112026 15896 1
112026 105702 1
105702 41986 1
41986 99204 1
99204 25139 1
25139 30384 1
25139 88508 1
88508 62993 1
62993 126029 1
126029 105437 1
105437 87279 1
87279 3407 1
3407 14647 1
14647 28874 1
28874 91887 1
91887 64693 1
91887 78595 1
91887 121734 1
121734 22862 1
22862 38177 1
38177 22302 1
22302 10765 1
10765 62650 1
62650 81627 1
81627 22862 1
22862 60504 1
60504 108952 1
108952 4275 1
108952 112465 1
108952 126832 1
126832 115838 1
126832 95320 1
108952 64163 1
64163 54701 1
64163 51435 1
51435 59448 1
59448 108553 1
108553 51435 1
51435 7405 1
7405 86346 1
86346 89923 1
89923 107554 1
107554 7518 1
7518 142745 1
142745 35399 1
35399 112867 1
35399 55562 1
35399 50772 1
50772 55763 1
55763 128994 1
55763 42921 1
42921 22507 1
22507 33742 1
33742 94396 1
94396 96230 1
96230 114596 1
114596 58132 1
58132 56147 1
58132 107112 1
58132 151897 1
58132 98615 1
98615 83385 1
83385 72029 1
83385 89070 1
89070 84450 1
84450 112843 1
112843 57039 1
112843 108633 1
112843 6522 1
112843 80390 1
80390 151619 1
151619 48609 1
48609 21145 1
48609 141894 1
141894 44499 1
44499 144756 1
144756 51155 1
51155 102050 1
102050 22847 1
22847 21042 1
21042 32333 1
32333 146733 1
146733 151100 1
151100 51064 1
51064 151786 1
151786 44195 1
44195 136846 1
136846 112059 1
112059 125954 1
125954 60389 1
125954 92611 1
125954 11510 1
125954 30344 1
125954 51287 1
51287 16800 1
16800 61446 1
61446 48406 1
48406 107006 1
48406 20206 1
48406 144050 1
48406 31430 1
31430 74220 1
84650 67133 1
67133 127713 1
67133 111169 1
111169 109457 1
111169 116747 1
111169 87780 1
111169 55400 1
55400 59455 1
59455 40520 1
40520 31473 1
40520 132668 1
132668 119672 1
119672 74439 1
74439 125162 1
119672 109032 1
109032 49717 1
109032 94440 1
94440 50450 1
50450 49558 1
49558 17270 1
17270 77547 1
77547 73894 1
73894 48581 1
48581 87516 1
87516 88821 1
87516 35637 1
35637 97446 1
97446 92706 1
92706 114401 1
114401 70296 1
70296 842 1
842 85885 1
842 18257 1
18257 61362 1
61362 3559 1
3559 99538 1
99538 84650 1
84650 132905 1
132905 24822 1
24822 40744 1
40744 137355 1
137355 96807 1
96807 18934 1
18934 134217 1
134217 21355 1
21355 114610 1
114610 111160 1
111160 25137 1
25137 35971 1
35971 124234 1
124234 36564 1
36564 147696 1
36564 76014 1
76014 50326 1
50326 93451 1
93451 100545 1
100545 35823 1
35823 14647 1
14647 107243 1
14647 99291 1
14647 49047 1
49047 104691 1
49047 102915 1
102915 22726 1
22726 127290 1
127290 45306 1
45306 45125 1
45306 95212 1
95212 97853 1
95212 153802 1
95212 21367 1
95212 14511 1
153802 53406 1
53406 51433 1
53406 55921 1
53406 66080 1
66080 26004 1
26004 48326 1
48326 41185 1
41185 5285 1
5285 138802 1
138802 149438 1
149438 150625 1
150625 36207 1
150625 42148 1
42148 58970 1
58970 43267 1
58970 32937 1
32937 135339 1
135339 104598 1
135339 97005 1
97005 83271 1
83271 113392 1
83271 38104 1
38104 21786 1
21786 95189 1
95189 79738 1
79738 47121 1
47121 112397 1
112397 126305 1
126305 35726 1
35726 38715 1
38715 121427 1
121427 134586 1
121427 98851 1
98851 87941 1
87941 87462 1
87462 85086 1
85086 26504 1
26504 95588 1
26504 101116 1
101116 80517 1
80517 46216 1
80517 95355 1
80517 153591 1
80517 54067 1
80517 76013 1
76013 52451 1
52451 78461 1
78461 141787 1
141787 14089 1
141787 133959 1
141787 52848 1
52848 93451 1
93451 103185 1
103185 141049 1
141049 16563 1
141049 60963 1
60963 45955 1
45955 71379 1
71379 9431 1
9431 140922 1
9431 102941 1
102941 51733 1
51733 134339 1
134339 51932 1
51932 14843 1
51932 141894 1
141894 76306 1
76306 83188 1
141894 147686 1
147686 95905 1
95905 92217 1
92217 147276 1
92217 86178 1
86178 16945 1
16945 106066 1
106066 125844 1
125844 48606 1
48606 114606 1
114606 109366 1
114606 104100 1
104100 72409 1
72409 68385 1
68385 150763 1
150763 104857 1
104857 69104 1
69104 111186 1
111186 140182 1
140182 98263 1
98263 83717 1
83717 130813 1
130813 91582 1
91582 72035 1
91582 16501 1
16501 19477 1
19477 19722 1
19722 63138 1
19722 39070 1
39070 4238 1
4238 6399 1
6399 153773 1
6399 31656 1
31656 69121 1
69121 87725 1
69121 50053 1
69121 128460 1
69121 15185 1
69121 80518 1
69121 18506 1
18506 100173 1
100173 25775 1
25775 88293 1
88293 86170 1
86170 145813 1
145813 50981 1
50981 49228 1
49228 60433 1
60433 136481 1
60433 10282 1
10282 122307 1
10282 37641 1
10282 80894 1
80894 132716 1
132716 2035 1
2035 88494 1
88494 40283 1
40283 60668 1
40283 51936 1
51936 7212 1
7212 45526 1
45526 29802 1
29802 63982 1
63982 153872 1
153872 43913 1
43913 68488 1
43913 6647 1
43913 61367 1
61367 83532 1
83532 40298 1
40298 46631 1
46631 61495 1
61495 65194 1
65194 142287 1
65194 142901 1
65194 102507 1
102507 86233 1
86233 86309 1
86233 115406 1
86233 113817 1
113817 27727 1
27727 144052 1
144052 956 1
956 123448 1
123448 34234 1
34234 51860 1
34234 148836 1
148836 80104 1
80104 20027 1
80104 57800 1
57800 75026 1
75026 125287 1
125287 19323 1
19323 60050 1
60050 128352 1
60050 14825 1
60050 30871 1
30871 121456 1
121456 41767 1
121456 15159 1
15159 54123 1
54123 82117 1
82117 84556 1
84556 130745 1
130745 62821 1
62821 17579 1
17579 23657 1
23657 101782 1
101782 120464 1
120464 69979 1
120464 50733 1
50733 99686 1
99686 48965 1
48965 131247 1
131247 27443 1
27443 129388 1
129388 52492 1
52492 75019 1
75019 103741 1
103741 96386 1
96386 11109 1
11109 49549 1
96386 128493 1
128493 60555 1
60555 436 1
436 131613 1
436 105994 1
436 91772 1
91772 63485 1
63485 121846 1
63485 96251 1
63485 54851 1
54851 121810 1
121810 72908 1
121810 123452 1
121810 101701 1
121810 70499 1
121810 134748 1
121810 126350 1
126350 31546 1
31546 60027 1
60027 66707 1
66707 118104 1
118104 37705 1
37705 41289 1
41289 111684 1
111684 75718 1
111684 90779 1
90779 101073 1
101073 70484 1
70484 17820 1
17820 56488 1
17820 58773 1
58773 135436 1
135436 40721 1
40721 101956 1
101956 91917 1
91917 70543 1
70543 18480 1
18480 87279 1
87279 12591 1
87279 145009 1
87279 19971 1
19971 143615 1
18480 52944 1
52944 17984 1
52944 105798 1
105798 78765 1
78765 42297 1
42297 152819 1
152819 46708 1
46708 121540 1
121540 135923 1
135923 16462 1
16462 121276 1
121276 83554 1
83554 25433 1
25433 97397 1
97397 90220 1
97397 16560 1
97397 36781 1
36781 143821 1
36781 149199 1
36781 148426 1
148426 30153 1
30153 42718 1
30153 189 1
189 20634 1
20634 80045 1
80045 49029 1
49029 67051 1
49029 122117 1
122117 82900 1
82900 39636 1
39636 6078 1
6078 23570 1
23570 128221 1
128221 47394 1
47394 87353 1
87353 114588 1
114588 113676 1
114588 14835 1
114588 86049 1
86049 47253 1
47253 113366 1
113366 97651 1
97651 139915 1
113366 67178 1
67178 132818 1
132818 93087 1
93087 6819 1
6819 122250 1
122250 142329 1
142329 67643 1
67643 153935 1
153935 134972 1
134972 50535 1
50535 25828 1
25828 136397 1
136397 110621 1
110621 16800 1
16800 112942 1
112942 141815 1
141815 104432 1
141815 141513 1
141513 145785 1
145785 110450 1
145785 35305 1
35305 33003 1
145785 77494 1
77494 96890 1
96890 52340 1
52340 137024 1
137024 10965 1
10965 6312 1
6312 23013 1
6312 8599 1
6312 20592 1
6312 151054 1
6312 127291 1
6312 152998 1
152998 135497 1
135497 123150 1
123150 46613 1
46613 32189 1
32189 21173 1
32189 24922 1
32189 22753 1
22753 82100 1
82100 5683 1
82100 144552 1
82100 144149 1
144149 95602 1
95602 143644 1
95602 52642 1
52642 27635 1
27635 17892 1
27635 43073 1
27635 1532 1
1532 94894 1
94894 96961 1
94894 71921 1
71921 100983 1
100983 74707 1
74707 52116 1
52116 97944 1
97944 52085 1
52085 20356 1
52085 117771 1
52085 3039 1
52085 85061 1
85061 76444 1
76444 70537 1
70537 1342 1
1342 64770 1
64770 66059 1
66059 124882 1
124882 42935 1
42935 90837 1
42935 75595 1
75595 90257 1
90257 103473 1
103473 69015 1
103473 43263 1
103473 112327 1
103473 43759 1
103473 19345 1
19345 80326 1
80326 129955 1
129955 37740 1
37740 123732 1
37740 121298 1
121298 149713 1
149713 81887 1
149713 100731 1
100731 36157 1
36157 131889 1
36157 119483 1
36157 62012 1
62012 71242 1
71242 7624 1
7624 95105 1
95105 76030 1
76030 137496 1
137496 101050 1
137496 114612 1
137496 78987 1
137496 150222 1
137496 1239 1
137496 112148 1
112148 57601 1
112148 153826 1
112148 20785 1
112148 101041 1
112148 22260 1
112148 134480 1
112148 107135 1
107135 33524 1
107135 78257 1
78257 44380 1
44380 130181 1
130181 82609 1
82609 114453 1
114453 79840 1
79840 78822 1
79840 75639 1
75639 11694 1
11694 45233 1
45233 18249 1
18249 130058 1
130058 126264 1
126264 113268 1
126264 136199 1
136199 82799 1
136199 77557 1
136199 105549 1
105549 152175 1
105549 72614 1
72614 129374 1
129374 123776 1
123776 32741 1
32741 113161 1
113161 88184 1
88184 53750 1
53750 35835 1
35835 29919 1
29919 131584 1
29919 104165 1
29919 15703 1
29919 75811 1
75811 34259 1
34259 132028 1
132028 101782 1
101782 55315 1
101782 103001 1
103001 61854 1
61854 5000 1
5000 66080 1
66080 44419 1
44419 63921 1
63921 83007 1
83007 13547 1
13547 145796 1
145796 113331 1
145796 41633 1
145796 20791 1
145796 24390 1
145796 69001 1
69001 75801 1
75801 125082 1
125082 121010 1
125082 99538 1
99538 54415 1
54415 86544 1
86544 40368 1
40368 103555 1
40368 15209 1
15209 76444 1
76444 117735 1
117735 153983 1
117735 3760 1
3760 31650 1
31650 127494 1
127494 150834 1
127494 77490 1
127494 83874 1
127494 82509 1
127494 5425 1
5425 78300 1
78300 76973 1
76973 48373 1
48373 40738 1
40738 65611 1
40738 106537 1
40738 118961 1
40738 45265 1
45265 5707 1
5707 122211 1
122211 19098 1
19098 79769 1
79769 44256 1
44256 19023 1
44256 150253 1
44256 14790 1
14790 5449 1
5449 125463 1
125463 87287 1
87287 144753 1
144753 131091 1
144753 45232 1
144753 144756 1
144753 60165 1
60165 59556 1
59556 98546 1
98546 58362 1
58362 91665 1
91665 26274 1
91665 29879 1
29879 27137 1
27137 58951 1
27137 137998 1
27137 97797 1
97797 124725 1
124725 57219 1
57219 147822 1
147822 40663 1
40663 139798 1
139798 83971 1
83971 42137 1
83971 23760 1
23760 117085 1
23760 75310 1
75310 21497 1
21497 56327 1
56327 109058 1
109058 82068 1
82068 127573 1
82068 21155 1
21155 102097 1
21155 41988 1
41988 26443 1
26443 36242 1
36242 90386 1
90386 49019 1
49019 92702 1
92702 102459 1
92702 45391 1
45391 54524 1
45391 125987 1
125987 102848 1
102848 38161 1
38161 79890 1
79890 89552 1
79890 74751 1
79890 131604 1
131604 107328 1
107328 11960 1
107328 7682 1
107328 151106 1
151106 128569 1
128569 49160 1
128569 38163 1
128569 49042 1
128569 63821 1
128569 25024 1
25024 64261 1
64261 32994 1
32994 147564 1
147564 124438 1
124438 103261 1
103261 107016 1
107016 77786 1
77786 93234 1
77786 12200 1
12200 103048 1
103048 89549 1
89549 109135 1
109135 153904 1
153904 72307 1
72307 117971 1
117971 118978 1
117971 17820 1
17820 71959 1
17820 58445 1
17820 22851 1
17820 25861 1
17820 9531 1
17820 20718 1
17820 151370 1
151370 104553 1
104553 83373 1
83373 36709 1
36709 103548 1
103548 12394 1
12394 112942 1
112942 29913 1
112942 60788 1
112942 107976 1
107976 62105 1
62105 138185 1
62105 40036 1
62105 22952 1
62105 141862 1
62105 48254 1
62105 6236 1
6236 87928 1
6236 137426 1
137426 119354 1
119354 14426 1
119354 98401 1
119354 100732 1
119354 69721 1
69721 34118 1
34118 123751 1
123751 52880 1
52880 142209 1
52880 57192 1
57192 143186 1
143186 64356 1
64356 79207 1
64356 128984 1
128984 2825 1
2825 134903 1
2825 64036 1
64036 59094 1
59094 56788 1
56788 94668 1
94668 19006 1
19006 50089 1
50089 82346 1
50089 30474 1
30474 6968 1
6968 32652 1
32652 51763 1
51763 141894 1
141894 48748 1
48748 42969 1
42969 40445 1
42969 77822 1
42969 27042 1
42969 83077 1
42969 26315 1
42969 48900 1
48900 3763 1
3763 138736 1
138736 28359 1
28359 29822 1
29822 18506 1
18506 6236 1
137426 36781 1
36781 46719 1
36781 126210 1
126210 5113 1
5113 99855 1
99855 78305 1
99855 92818 1
99855 146127 1
99855 152712 1
99855 78647 1
78647 139940 1
139940 117279 1
139940 138718 1
139940 22827 1
139940 72666 1
72666 75986 1
75986 33112 1
33112 70361 1
70361 19309 1
70361 57743 1
57743 28318 1
28318 5835 1
5835 59877 1
5835 10703 1
10703 148458 1
148458 28581 1
148458 74420 1
148458 98263 1
98263 79056 1
79056 88012 1
88012 122187 1
122187 56720 1
122187 76216 1
76216 125287 1
75026 87579 1
87579 38054 1
87579 98162 1
98162 82871 1
82871 140580 1
82871 48751 1
48751 64118 1
64118 149799 1
149799 117998 1
149799 96458 1
96458 38646 1
38646 154307 1
154307 80948 1
80948 11234 1
80948 13582 1
80948 21867 1
80948 17241 1
17241 99616 1
99616 74098 1
99616 79890 1
79890 119646 1
119646 133092 1
133092 1414 1
133092 24854 1
24854 50603 1
50603 84636 1
50603 8092 1
50603 34634 1
34634 117783 1
117783 77719 1
77719 122277 1
122277 19352 1
122277 13832 1
13832 22802 1
22802 37460 1
37460 123548 1
123548 47933 1
47933 64163 1
64163 59038 1
64163 128333 1
128333 92610 1
92610 31610 1
31610 65099 1
31610 135524 1
31610 33296 1
31610 59031 1
59031 17530 1
17530 47328 1
17530 135176 1
17530 49564 1
49564 26004 1
26004 19866 1
26004 20686 1
20686 126752 1
126752 132742 1
126752 28149 1
28149 40650 1
40650 93087 1
132818 74162 1
132818 109269 1
67178 75025 1
67178 61193 1
61193 52121 1
52121 141986 1
52121 81069 1
81069 2689 1
2689 94156 1
94156 80917 1
80917 96143 1
96143 1027 1
96143 47879 1
96143 110611 1
96143 54559 1
96143 7295 1
7295 91961 1
91961 91196 1
91196 133643 1
91196 44893 1
91196 137182 1
91961 127482 1
127482 70664 1
70664 154163 1
154163 239 1
239 9106 1
9106 87960 1
87960 134988 1
134988 17388 1
17388 25738 1
25738 16566 1
25738 37354 1
25738 152686 1
152686 67181 1
152686 135090 1
152686 49021 1
49021 1493 1
1493 127954 1
127954 111246 1
111246 94388 1
111246 96539 1
96539 101956 1
101956 76598 1
76598 67178 1
67178 99107 1
99107 86587 1
86587 94441 1
94441 58735 1
94441 150669 1
94441 61000 1
61000 53963 1
53963 152005 1
152005 119721 1
152005 104471 1
104471 96767 1
96767 32270 1
32270 61633 1
61633 26952 1
61633 51784 1
51784 30029 1
30029 55654 1
55654 116969 1
55654 124352 1
124352 33170 1
33170 118268 1
118268 137091 1
137091 43643 1
43643 123666 1
43643 29424 1
29424 40198 1
40198 25539 1
25539 88238 1
88238 110386 1
110386 74476 1
74476 91959 1
91959 13421 1
91959 56096 1
91959 9215 1
9215 123577 1
9215 86768 1
9215 49622 1
9215 123242 1
123242 121106 1
123242 121888 1
123242 16222 1
123242 151250 1
151250 127094 1
127094 22570 1
22570 129032 1
129032 137948 1
129032 81630 1
81630 140657 1
140657 36702 1
36702 93327 1
93327 126752 1
126752 122917 1
122917 24568 1
122917 128167 1
122917 91447 1
91447 107163 1
107163 45654 1
45654 96137 1
45654 11557 1
45654 109135 1
109135 76862 1
76862 145770 1
145770 75755 1
75755 98598 1
98598 103118 1
103118 3025 1
3025 43643 1
43643 114370 1
114370 37298 1
37298 98723 1
98723 83686 1
83686 34953 1
34953 99659 1
99659 57497 1
57497 135521 1
57497 148874 1
148874 16723 1
148874 90406 1
148874 83195 1
148874 133446 1
148874 65878 1
65878 93718 1
93718 81960 1
93718 108346 1
93718 146022 1
93718 56072 1
93718 132845 1
93718 80783 1
93718 26154 1
26154 138099 1
138099 26251 1
138099 114286 1
114286 131565 1
131565 49328 1
131565 71608 1
131565 119370 1
131565 48375 1
48375 111225 1
111225 50600 1
50600 116391 1
116391 20077 1
20077 124314 1
124314 47222 1
47222 122086 1
47222 48138 1
47222 73844 1
73844 136451 1
136451 93280 1
93280 73106 1
73106 60317 1
73106 27760 1
73106 18138 1
18138 116239 1
116239 68231 1
68231 75807 1
75807 70624 1
70624 99833 1
70624 115944 1
115944 99012 1
99012 77598 1
99012 107021 1
107021 84435 1
84435 45647 1
45647 121515 1
121515 10621 1
10621 93794 1
93794 75243 1
75243 113926 1
113926 114493 1
114493 89476 1
89476 15627 1
15627 18506 1
18506 77656 1
77656 51929 1
51929 11354 1
51929 14218 1
14218 35801 1
35801 75096 1
35801 77940 1
77940 25625 1
25625 47910 1
47910 97732 1
97732 66585 1
97732 52163 1
52163 36252 1
36252 19221 1
19221 47415 1
47415 78299 1
78299 109161 1
109161 114799 1
114799 42161 1
42161 69644 1
69644 75188 1
75188 18677 1
75188 119644 1
119644 105979 1
105979 2404 1
105979 96800 1
96800 146254 1
146254 14196 1
14196 99087 1
99087 96143 1
96143 98679 1
98679 41323 1
41323 105659 1
105659 55615 1
55615 148726 1
55615 52275 1
55615 34552 1
34552 134972 1
134972 24149 1
24149 28815 1
28815 56931 1
56931 76869 1
76869 130623 1
76869 154153 1
154153 17579 1
17579 2531 1
2531 108909 1
108909 55632 1
108909 66505 1
66505 102026 1
102026 87806 1
87806 18347 1
87806 88284 1
88284 20543 1
20543 40697 1
40697 65732 1
65732 48313 1
65732 20141 1
65732 63238 1
65732 46072 1
65732 150558 1
150558 124641 1
124641 87924 1
124641 60019 1
124641 27383 1
124641 20145 1
20145 71668 1
71668 54111 1
54111 19260 1
19260 132736 1
132736 27891 1
27891 99548 1
99548 8771 1
8771 70362 1
70362 119672 1
119672 74117 1
74117 154608 1
74117 122128 1
74117 101885 1
74117 20137 1
122128 3030 1
3030 100371 1
100371 39045 1
39045 5687 1
5687 27339 1
27339 9690 1
9690 146649 1
9690 108254 1
108254 32684 1
32684 67879 1
32684 91413 1
32684 59281 1
59281 42372 1
42372 99263 1
99263 12433 1
12433 152833 1
152833 121427 1
121427 49266 1
49266 149226 1
49266 138970 1
138970 5398 1
138970 126343 1
126343 4152 1
4152 53406 1
53406 53591 1
53406 104980 1
104980 64108 1
64108 119670 1
119670 130159 1
130159 1798 1
1798 57177 1
57177 2807 1
2807 57335 1
57335 83531 1
83531 8725 1
8725 35963 1
35963 123560 1
123560 2488 1
2488 11971 1
11971 37009 1
37009 24583 1
24583 132545 1
132545 46219 1
46219 119746 1
119746 48862 1
48862 103922 1
103922 142329 1
122250 131024 1
131024 44049 1
44049 153449 1
153449 102848 1
102848 69270 1
102848 23296 1
38161 101239 1
101239 99107 1
99107 83585 1
99107 102335 1
102335 134988 1
134988 3952 1
3952 17674 1
17674 140734 1
17674 77634 1
77634 109474 1
109474 45344 1
109474 52197 1
52197 114893 1
114893 74377 1
74377 132789 1
132789 117380 1
132789 129261 1
129261 130456 1
130456 127645 1
130456 87297 1
130456 125057 1
130456 38887 1
130456 479 1
479 90581 1
479 15504 1
15504 115321 1
115321 116048 1
116048 35245 1
35245 106502 1
35245 151916 1
151916 75807 1
75807 90838 1
90838 47661 1
90838 52121 1
52121 53406 1
53406 82798 1
82798 61523 1
61523 143197 1
61523 106723 1
61523 64994 1
53406 130962 1
53406 148615 1
148615 114059 1
114059 84136 1
114059 153865 1
153865 75755 1
75755 135825 1
135825 119716 1
119716 7344 1
7344 40314 1
40314 16871 1
40314 128357 1
128357 55847 1
128357 151080 1
151080 20683 1
20683 16972 1
20683 120157 1
20683 112461 1
20683 40634 1
20683 38106 1
38106 134933 1
134933 77615 1
134933 701 1
701 124154 1
701 131920 1
131920 123386 1
123386 43815 1
43815 73390 1
73390 102116 1
102116 61716 1
102116 64270 1
64270 9189 1
9189 53444 1
53444 25235 1
25235 33248 1
25235 111304 1
25235 72026 1
25235 112782 1
25235 77348 1
77348 19291 1
19291 25359 1
19291 38349 1
38349 10815 1
10815 89023 1
10815 116612 1
116612 68719 1
116612 137334 1
137334 9868 1
9868 61252 1
61252 11508 1
11508 21609 1
21609 17956 1
17956 154761 1
154761 89343 1
89343 148617 1
148617 34013 1
34013 30582 1
30582 94687 1
94687 121456 1
121456 36389 1
121456 117882 1
117882 86294 1
86294 107862 1
107862 141386 1
141386 4806 1
4806 97379 1
97379 85252 1
85252 4899 1
85252 98081 1
97379 54379 1
54379 67774 1
67774 102453 1
102453 145642 1
145642 57717 1
57717 107126 1
107126 35884 1
35884 88636 1
88636 129399 1
129399 117605 1
117605 123560 1
123560 135338 1
135338 65614 1
65614 72977 1
72977 46239 1
46239 38803 1
38803 5873 1
38803 44381 1
38803 23841 1
38803 35080 1
38803 10286 1
38803 83345 1
38803 27367 1
27367 101956 1
101956 136750 1
136750 80678 1
80678 7366 1
7366 93243 1
7366 145813 1
145813 88783 1
88783 39474 1
39474 130753 1
39474 21036 1
21036 48518 1
21036 127737 1
127737 138671 1
138671 85 1
85 34753 1
34753 48030 1
48030 148165 1
34753 117022 1
117022 129966 1
117022 118798 1
118798 1904 1
118798 150626 1
150626 81069 1
81069 8571 1
81069 37298 1
37298 33399 1
33399 46013 1
33399 145066 1
145066 149209 1
149209 88494 1
88494 116672 1
116672 96997 1
116672 11539 1
116672 10696 1
116672 95207 1
95207 74479 1
74479 65661 1
65661 41669 1
41669 55151 1
55151 47025 1
47025 73894 1
73894 127917 1
127917 98498 1
98498 36782 1
36782 53559 1
53559 18845 1
18845 154678 1
154678 28927 1
154678 122938 1
154678 52053 1
154678 137992 1
154678 81872 1
81872 13754 1
13754 53091 1
13754 60840 1
60840 95072 1
95072 43827 1
43827 53005 1
53005 68160 1
68160 131877 1
68160 49810 1
68160 123038 1
123038 73815 1
73815 103173 1
103173 14312 1
14312 53567 1
14312 103303 1
14312 134072 1
134072 152661 1
152661 140171 1
152661 45183 1
45183 89718 1
89718 141980 1
141980 40017 1
40017 139287 1
139287 125329 1
125329 70760 1
70760 842 1
842 24581 1
24581 25139 1
25139 42900 1
42900 61343 1
61343 26523 1
26523 52060 1
52060 97336 1
97336 58920 1
58920 75310 1
75310 20889 1
20889 51235 1
20889 84044 1
20889 4531 1
4531 142185 1
142185 129049 1
129049 113342 1
113342 112763 1
112763 53578 1
53578 103048 1
103048 28456 1
103048 4619 1
4619 149555 1
149555 125891 1
125891 81208 1
81208 2105 1
2105 59065 1
59065 4862 1
4862 123373 1
123373 45130 1
45130 49101 1
49101 11032 1
11032 37204 1
37204 26560 1
37204 60800 1
60800 91325 1
91325 28426 1
91325 39546 1
39546 46183 1
46183 146682 1
146682 138758 1
138758 46950 1
46950 145643 1
145643 4671 1
4671 149273 1
149273 21626 1
21626 21023 1
21023 133861 1
133861 77129 1
77129 27918 1
27918 105971 1
105971 151447 1
151447 37574 1
37574 40620 1
37574 48424 1
37574 38366 1
37574 87530 1
37574 132002 1
132002 52977 1
52977 123416 1
123416 62456 1
62456 21198 1
62456 92061 1
92061 122586 1
122586 24537 1
24537 83163 1
83163 63353 1
63353 47604 1
63353 96760 1
63353 32608 1
32608 98664 1
98664 25826 1
98664 72798 1
72798 47713 1
47713 23330 1
23330 96623 1
96623 34248 1
96623 73258 1
73258 5806 1
5806 99239 1
99239 153521 1
153521 9461 1
9461 14877 1
14877 45995 1
45995 87889 1
87889 108959 1
108959 72603 1
72603 10566 1
72603 127374 1
72603 45865 1
72603 70541 1
70541 30714 1
30714 114139 1
114139 25236 1
25236 2710 1
2710 105342 1
105342 57162 1
57162 14334 1
14334 81686 1
81686 83971 1
83971 95013 1
95013 39844 1
39844 138196 1
138196 116273 1
138196 95595 1
95595 72826 1
72826 151659 1
151659 81630 1
81630 139652 1
81630 75093 1
75093 96795 1
96795 31118 1
31118 15393 1
15393 95207 1
95207 130019 1
95207 3236 1
95207 52190 1
52190 80843 1
80843 97467 1
97467 121985 1
121985 97133 1
97133 75394 1
75394 42852 1
42852 1221 1
1221 22726 1
22726 123066 1
123066 9725 1
9725 81091 1
81091 139891 1
81091 1474 1
1474 114495 1
114495 151874 1
151874 62332 1
62332 47314 1
47314 143384 1
143384 38957 1
38957 76091 1
76091 65215 1
65215 22743 1
65215 20929 1
20929 42312 1
42312 50030 1
42312 154096 1
42312 78936 1
78936 96758 1
96758 68385 1
68385 91238 1
68385 24940 1
24940 124579 1
124579 131538 1
131538 3647 1
3647 89709 1
89709 1774 1
1774 93137 1
1774 90715 1
90715 103065 1
103065 123166 1
123166 128969 1
128969 101778 1
101778 8605 1
8605 127575 1
127575 30579 1
30579 154159 1
30579 8771 1
99548 6919 1
99548 107257 1
107257 88282 1
88282 115228 1
88282 10491 1
10491 61045 1
61045 55897 1
55897 31430 1
31430 115557 1
115557 11853 1
11853 122430 1
122430 57820 1
122430 472 1
122430 62579 1
122430 97858 1
122430 73671 1
122430 126289 1
122430 149962 1
149962 120328 1
120328 70006 1
120328 7415 1
7415 44406 1
44406 146956 1
44406 136556 1
44406 23865 1
44406 36159 1
36159 99310 1
99310 35460 1
99310 122926 1
36159 67183 1
67183 61136 1
61136 90544 1
90544 5388 1
5388 65578 1
65578 43151 1
43151 76642 1
76642 20625 1
76642 58206 1
76642 4113 1
76642 58035 1
58035 4651 1
4651 129750 1
129750 104288 1
104288 88141 1
88141 851 1
851 7836 1
851 41958 1
41958 34217 1
34217 8512 1
34217 81452 1
34217 135991 1
34217 148845 1
34217 146273 1
34217 73713 1
34217 139810 1
34217 120395 1
34217 152545 1
34217 63248 1
34217 63180 1
34217 11658 1
34217 123869 1
34217 48791 1
34217 52065 1
34217 122292 1
34217 7404 1
34217 41021 1
41021 37465 1
37465 93802 1
37465 114532 1
37465 24335 1
37465 91808 1
91808 76235 1
76235 97651 1
97651 3615 1
3615 88523 1
88523 128997 1
128997 3615 1
97651 82182 1
97651 48699 1
97651 5754 1
5754 94060 1
94060 140395 1
94060 60300 1
94060 84977 1
84977 121799 1
84977 91957 1
91957 39504 1
91957 40289 1
40289 88856 1
88856 148495 1
148495 117024 1
117024 85280 1
85280 133017 1
133017 26306 1
26306 7113 1
7113 62861 1
62861 133454 1
133454 14501 1
133454 146499 1
146499 107224 1
107224 59029 1
59029 87570 1
87570 69187 1
69187 91477 1
91477 21388 1
21388 31593 1
21388 76465 1
76465 113599 1
76465 141667 1
76465 23262 1
76465 152921 1
76465 7801 1
7801 35241 1
35241 154088 1
35241 22988 1
22988 20076 1
20076 95723 1
20076 53400 1
20076 30797 1
20076 35276 1
20076 58159 1
20076 142243 1
20076 134382 1
134382 4427 1
4427 57077 1
57077 26739 1
26739 118720 1
26739 15049 1
26739 137779 1
26739 24909 1
24909 71183 1
71183 86277 1
86277 44380 1
44380 16026 1
44380 67409 1
44380 62150 1
62150 65787 1
65787 130355 1
65787 75046 1
65787 26526 1
26526 83924 1
83924 81280 1
81280 93938 1
93938 93736 1
93736 62187 1
93736 107941 1
93736 135244 1
93736 126741 1
93736 103402 1
103402 59004 1
59004 147720 1
147720 96230 1
96230 108208 1
108208 71858 1
71858 106088 1
106088 80151 1
106088 56610 1
106088 76695 1
106088 103987 1
106088 63933 1
106088 62330 1
106088 41775 1
106088 13052 1
13052 104319 1
104319 133253 1
104319 9476 1
9476 57029 1
57029 34512 1
34512 103065 1
103065 141278 1
103065 116444 1
116444 19098 1
19098 144629 1
144629 116444 1
116444 97483 1
97483 91959 1
91959 64082 1
91959 125572 1
125572 46460 1
46460 413 1
413 52345 1
52345 114420 1
114420 121034 1
121034 125215 1
121034 147765 1
121034 89704 1
89704 104527 1
104527 32770 1
104527 121513 1
121513 95276 1
95276 7017 1
95276 126300 1
126300 135191 1
135191 36938 1
36938 49068 1
49068 7588 1
7588 58432 1
58432 80290 1
80290 135096 1
135096 99053 1
135096 103459 1
103459 59467 1
59467 63009 1
63009 110639 1
110639 102508 1
102508 112693 1
112693 104319 1
104319 53858 1
53858 93811 1
53858 84736 1
84736 67434 1
67434 86948 1
67434 113968 1
67434 116428 1
67434 141495 1
141495 60565 1
141495 147218 1
141495 81630 1
81630 63179 1
63179 95228 1
95228 6755 1
6755 141205 1
141205 115590 1
115590 67473 1
115590 34392 1
34392 144109 1
144109 135554 1
34392 15900 1
15900 52393 1
52393 80997 1
80997 109511 1
109511 132211 1
132211 130469 1
130469 56213 1
56213 47727 1
47727 141203 1
47727 113027 1
113027 30908 1
113027 54856 1
54856 52424 1
52424 35822 1
35822 76696 1
35822 84111 1
84111 120076 1
84111 82445 1
82445 76221 1
76221 51160 1
51160 154163 1
154163 9461 1
9461 99297 1
99297 80550 1
9461 1443 1
1443 79018 1
79018 126858 1
126858 154434 1
154434 89973 1
154434 40135 1
40135 140129 1
140129 126834 1
126834 92448 1
126834 7194 1
7194 146160 1
146160 107740 1
107740 54117 1
54117 16009 1
16009 449 1
449 67002 1
67002 80969 1
80969 104022 1
104022 106386 1
106386 733 1
733 4635 1
733 64060 1
64060 46171 1
46171 35158 1
46171 150524 1
150524 137664 1
137664 58179 1
137664 15436 1
15436 23626 1
23626 30385 1
30385 53760 1
30385 154257 1
30385 1466 1
1466 33131 1
33131 110811 1
110811 8919 1
8919 107730 1
8919 88419 1
88419 78179 1
78179 11638 1
11638 72613 1
72613 135321 1
