27647 84422 1
84422 50944 1
50944 67638 1
67638 63538 1
63538 148595 1
148595 53464 1
148595 33872 1
33872 94728 1
94728 112514 1
112514 150697 1
150697 105798 1
105798 139484 1
139484 14217 1
14217 54589 1
54589 124486 1
54589 13897 1
13897 103475 1
103475 114596 1
114596 143552 1
143552 76639 1
143552 54819 1
54819 123463 1
123463 84353 1
84353 18957 1
18957 55000 1
18957 93889 1
93889 51325 1
51325 68801 1
68801 141779 1
141779 91981 1
141779 108116 1
108116 61328 1
61328 45311 1
45311 47869 1
47869 56189 1
47869 148615 1
148615 51221 1
51221 91346 1
91346 113891 1
113891 87435 1
113891 14371 1
14371 64825 1
64825 44256 1
44256 146836 1
146836 126752 1
126752 6974 1
6974 15449 1
15449 58296 1
58296 96501 1
58296 57686 1
57686 33650 1
33650 31789 1
31789 104188 1
104188 67103 1
67103 18303 1
67103 108694 1
67103 27499 1
27499 139454 1
139454 37666 1
37666 18589 1
18589 9461 1
9461 27627 1
27627 79055 1
79055 6218 1
6218 1616 1
6218 32479 1
6218 78967 1
6218 31796 1
31796 97572 1
97572 23831 1
97572 40478 1
97572 102831 1
97572 11851 1
97572 6816 1
97572 97978 1
97572 116815 1
97572 32002 1
97572 61047 1
97572 145462 1
97572 23237 1
23237 134821 1
134821 88755 1
134821 118769 1
134821 39759 1
134821 140946 1
134821 22522 1
134821 104185 1
134821 133814 1
134821 74020 1
74020 135138 1
135138 100440 1
100440 9532 1
9532 114735 1
114735 43386 1
43386 25616 1
25616 23157 1
23157 94448 1
94448 114596 1
114596 101809 1
114596 148246 1
114596 126928 1
114596 55769 1
114596 3331 1
3331 96084 1
3331 33521 1
3331 89831 1
89831 38715 1
38715 39974 1
39974 100545 1
100545 21299 1
100545 20428 1
20428 32401 1
32401 106123 1
106123 49512 1
49512 71365 1
71365 80947 1
71365 115245 1
115245 134976 1
134976 4598 1
4598 60399 1
60399 147433 1
147433 120550 1
147433 21676 1
21676 68005 1
68005 81591 1
81591 53169 1
53169 74619 1
53169 85303 1
85303 45654 1
45654 45609 1
45609 127559 1
45609 146412 1
45609 26880 1
26880 7964 1
7964 35691 1
7964 101101 1
101101 69934 1
69934 91380 1
69934 12261 1
69934 33072 1
69934 49775 1
49775 111590 1
111590 122765 1
122765 91130 1
122765 115174 1
115174 43022 1
43022 54935 1
54935 104730 1
104730 128934 1
104730 103243 1
103243 93020 1
93020 35423 1
93020 53026 1
53026 107134 1
107134 42805 1
42805 88500 1
42805 39980 1
39980 78698 1
78698 68160 1
68160 102445 1
68160 60408 1
60408 11800 1
11800 15226 1
15226 66664 1
66664 136968 1
136968 8257 1
8257 12986 1
12986 94488 1
94488 98306 1
94488 51863 1
94488 58987 1
94488 154149 1
94488 111854 1
111854 154678 1
154678 21546 1
154678 81756 1
154678 85418 1
154678 138654 1
154678 133447 1
154678 109624 1
154678 97147 1
154678 154356 1
154678 48019 1
48019 143774 1
143774 90119 1
90119 91427 1
91427 141815 1
141815 13866 1
141815 81170 1
141815 108087 1
108087 93833 1
93833 118179 1
118179 119093 1
119093 150011 1
150011 65708 1
65708 49219 1
150011 153599 1
153599 4839 1
153599 54064 1
54064 452 1
452 77611 1
77611 74706 1
74706 87179 1
87179 147590 1
147590 58236 1
147590 143474 1
143474 6968 1
6968 18707 1
6968 9659 1
9659 82106 1
82106 47700 1
47700 6131 1
6131 18057 1
18057 14127 1
18057 150249 1
150249 87839 1
87839 47306 1
47306 77430 1
47306 19135 1
19135 151835 1
151835 31625 1
31625 109250 1
109250 71336 1
109250 143465 1
143465 114669 1
114669 81364 1
143465 27137 1
27137 2564 1
2564 37055 1
37055 47632 1
37055 24822 1
24822 146217 1
146217 153143 1
146217 24673 1
146217 88257 1
88257 145549 1
145549 57924 1
57924 57970 1
57970 102288 1
57970 92891 1
57970 79783 1
57970 114798 1
57970 2208 1
2208 15159 1
15159 54123 1
54123 107469 1
107469 98157 1
98157 69937 1
98157 106870 1
98157 126184 1
98157 55760 1
98157 42970 1
42970 25158 1
25158 27732 1
27732 53009 1
27732 142279 1
142279 133420 1
142279 75486 1
75486 124962 1
124962 733 1
733 30296 1
30296 142397 1
142397 138864 1
138864 11497 1
11497 29944 1
11497 98803 1
11497 61210 1
61210 146884 1
146884 1437 1
1437 97732 1
97732 148514 1
148514 147719 1
147719 72278 1
72278 146465 1
72278 150157 1
150157 41569 1
41569 137660 1
137660 84239 1
137660 7708 1
7708 34530 1
7708 56946 1
137660 105304 1
105304 22858 1
22858 124381 1
22858 4374 1
4374 92078 1
92078 61005 1
92078 36270 1
36270 99266 1
99266 34236 1
34236 20869 1
20869 74140 1
74140 147686 1
147686 23040 1
147686 54292 1
54292 32140 1
32140 13682 1
13682 102181 1
102181 113217 1
113217 51052 1
51052 25385 1
25385 31971 1
31971 88198 1
88198 128523 1
128523 112942 1
112942 139064 1
112942 71731 1
71731 128097 1
128097 134627 1
128097 10768 1
10768 134972 1
134972 127917 1
127917 98498 1
98498 49493 1
49493 139109 1
139109 19412 1
19412 71160 1
71160 63507 1
63507 112278 1
63507 11195 1
63507 114463 1
114463 76527 1
76527 2532 1
2532 60590 1
60590 7889 1
7889 136478 1
136478 102177 1
102177 4076 1
4076 83373 1
83373 99161 1
99161 74480 1
74480 17138 1
17138 86735 1
86735 81886 1
86735 120660 1
86735 87810 1
87810 49525 1
49525 31232 1
49525 139798 1
139798 96751 1
96751 117402 1
117402 142155 1
142155 84816 1
142155 6480 1
6480 72510 1
72510 152412 1
152412 150127 1
150127 138085 1
138085 28644 1
138085 1920 1
1920 63213 1
63213 118833 1
118833 103146 1
118833 80893 1
80893 43643 1
43643 67382 1
67382 85669 1
85669 64163 1
64163 43984 1
43984 35226 1
35226 14877 1
14877 64574 1
64574 144848 1
144848 94414 1
94414 19822 1
19822 57077 1
57077 152329 1
152329 62583 1
62583 72142 1
72142 124217 1
124217 87707 1
87707 15357 1
15357 7113 1
7113 11209 1
11209 36864 1
36864 79076 1
79076 49546 1
49546 3304 1
49546 97610 1
97610 130559 1
97610 125018 1
97610 62759 1
97610 47676 1
97610 12691 1
97610 119038 1
49546 141677 1
141677 60912 1
60912 56281 1
56281 97241 1
97241 53890 1
53890 124837 1
124837 87422 1
87422 126182 1
87422 119872 1
87422 100462 1
100462 74927 1
74927 125270 1
125270 83532 1
83532 16268 1
16268 54846 1
54846 67445 1
54846 35369 1
54846 102657 1
54846 36597 1
54846 75785 1
54846 71492 1
71492 4961 1
4961 139298 1
4961 102863 1
4961 42437 1
4961 139615 1
4961 124179 1
4961 2602 1
2602 39265 1
39265 68181 1
39265 154093 1
154093 7607 1
154093 122057 1
154093 58761 1
154093 3733 1
154093 69753 1
154093 35277 1
154093 149877 1
154093 146449 1
154093 105056 1
105056 49686 1
49686 95905 1
95905 118703 1
118703 100317 1
100317 100297 1
100297 102294 1
102294 121629 1
121629 76996 1
121629 17042 1
17042 112763 1
112763 72719 1
112763 152251 1
112763 132005 1
112763 23907 1
23907 79056 1
79056 72200 1
72200 9219 1
9219 145863 1
145863 31752 1
31752 36753 1
31752 90119 1
31752 66924 1
66924 33742 1
33742 5762 1
5762 11848 1
5762 30569 1
5762 148698 1
5762 119795 1
5762 57769 1
57769 133063 1
133063 98743 1
98743 64567 1
64567 87747 1
87747 88166 1
87747 103962 1
103962 96131 1
96131 21885 1
21885 23181 1
23181 66538 1
23181 7464 1
23181 19121 1
19121 122518 1
122518 37800 1
122518 106081 1
122518 43017 1
43017 15304 1
43017 68270 1
43017 110893 1
43017 95255 1
43017 93464 1
43017 14466 1
14466 91315 1
91315 86631 1
91315 139215 1
91315 112121 1
91315 120837 1
120837 96026 1
120837 30099 1
120837 84375 1
84375 133156 1
84375 37171 1
84375 36319 1
36319 17883 1
17883 94278 1
17883 44977 1
44977 24693 1
24693 111225 1
111225 139230 1
139230 145483 1
145483 26085 1
26085 40548 1
26085 90910 1
26085 64257 1
26085 109137 1
26085 148815 1
148815 101073 1
101073 44737 1
101073 55294 1
101073 49314 1
101073 112483 1
101073 15823 1
101073 30690 1
101073 22746 1
101073 44890 1
101073 70547 1
101073 123608 1
101073 129357 1
101073 93370 1
93370 37829 1
37829 141831 1
141831 103307 1
103307 54517 1
103307 26890 1
26890 23801 1
23801 35842 1
35842 126247 1
35842 130826 1
130826 90832 1
90832 98983 1
98983 24149 1
24149 114997 1
114997 6266 1
6266 75408 1
75408 38578 1
75408 44205 1
75408 47078 1
75408 50 1
50 112296 1
112296 67705 1
112296 92686 1
92686 17218 1
17218 1187 1
17218 94621 1
92686 141554 1
141554 55001 1
141554 35996 1
35996 94414 1
94414 7268 1
7268 12488 1
12488 79063 1
79063 87245 1
87245 17206 1
17206 870 1
870 96256 1
96256 41905 1
41905 12702 1
12702 154410 1
154410 92529 1
154410 125347 1
125347 131638 1
131638 1106 1
1106 106994 1
106994 61217 1
61217 48326 1
48326 100631 1
100631 116083 1
116083 151958 1
151958 91446 1
91446 105090 1
91446 128215 1
91446 30836 1
30836 52880 1
52880 137829 1
137829 43042 1
43042 76785 1
43042 99106 1
43042 76979 1
43042 69312 1
69312 55107 1
55107 77180 1
55107 128091 1
55107 39323 1
39323 125223 1
55107 97774 1
97774 48870 1
48870 4598 1
4598 51298 1
51298 13897 1
13897 51155 1
51155 106245 1
106245 120451 1
120451 2023 1
2023 42535 1
42535 75103 1
75103 72656 1
72656 51519 1
51519 34753 1
34753 48030 1
34753 128523 1
128523 100394 1
100394 90456 1
90456 146064 1
146064 85013 1
146064 5520 1
146064 53633 1
146064 114621 1
146064 53130 1
146064 61506 1
146064 111019 1
146064 17763 1
146064 127660 1
146064 123809 1
123809 105250 1
105250 21743 1
105250 95644 1
105250 154355 1
154355 19705 1
19705 27444 1
27444 3061 1
3061 25547 1
3061 84066 1
84066 6623 1
6623 40964 1
6623 71214 1
71214 10645 1
71214 79287 1
71214 113373 1
113373 72540 1
72540 142700 1
142700 140960 1
140960 98070 1
98070 129277 1
129277 88926 1
88926 38442 1
88926 125878 1
88926 3110 1
88926 66295 1
88926 100387 1
100387 26853 1
26853 145838 1
26853 66316 1
66316 92525 1
92525 81485 1
81485 48406 1
48406 133730 1
133730 95889 1
95889 136964 1
136964 66514 1
66514 143870 1
66514 130530 1
130530 10989 1
10989 136151 1
136151 98011 1
98011 73134 1
73134 126913 1
126913 59098 1
59098 81759 1
81759 96986 1
96986 87944 1
87944 24149 1
24149 129760 1
129760 40860 1
40860 25385 1
25385 33264 1
33264 81468 1
81468 99060 1
81468 139418 1
139418 144949 1
144949 42910 1
139418 92822 1
92822 87944 1
87944 117605 1
117605 116048 1
116048 140407 1
140407 24077 1
24077 22457 1
22457 17246 1
17246 5336 1
5336 91005 1
91005 72314 1
91005 117605 1
117605 90135 1
90135 80804 1
90135 84003 1
84003 27443 1
27443 110595 1
110595 119683 1
119683 65900 1
119683 127260 1
127260 29554 1
29554 14850 1
29554 44918 1
29554 12394 1
12394 101991 1
101991 28109 1
28109 57598 1
28109 141657 1
141657 18514 1
18514 129760 1
129760 41005 1
41005 89704 1
89704 89270 1
89270 83531 1
83531 79791 1
79791 128969 1
128969 92944 1
128969 144191 1
128969 144945 1
128969 73315 1
128969 72270 1
72270 87365 1
87365 56172 1
87365 48276 1
48276 81414 1
81414 85452 1
81414 89194 1
81414 116013 1
116013 148230 1
148230 5909 1
5909 54512 1
54512 90800 1
90800 28113 1
28113 47942 1
90800 101716 1
101716 69205 1
101716 117419 1
101716 99191 1
99191 37083 1
37083 46613 1
46613 58438 1
58438 110239 1
58438 52046 1
52046 118997 1
118997 22669 1
22669 49101 1
49101 130813 1
130813 89086 1
130813 19221 1
130813 14877 1
14877 118983 1
118983 124011 1
124011 49782 1
49782 87210 1
49782 89585 1
89585 9215 1
9215 46663 1
9215 29662 1
9215 33874 1
33874 122936 1
122936 51819 1
122936 153006 1
153006 152810 1
152810 70448 1
152810 51474 1
51474 37976 1
37976 77936 1
77936 74992 1
74992 121082 1
121082 73909 1
73909 126222 1
73909 32751 1
32751 72347 1
72347 75065 1
75065 2380 1
2380 109235 1
2380 76491 1
2380 121170 1
76491 34513 1
34513 13749 1
34513 57004 1
34513 102732 1
34513 1750 1
34513 8345 1
34513 88512 1
34513 60589 1
60589 58823 1
58823 51543 1
58823 140453 1
58823 147573 1
58823 63778 1
58823 38162 1
58823 126726 1
126726 53640 1
53640 19508 1
19508 72109 1
72109 54457 1
54457 67348 1
67348 22950 1
22950 26598 1
26598 23098 1
26598 129665 1
26598 44127 1
26598 99070 1
99070 98166 1
98166 36360 1
36360 57609 1
57609 101867 1
101867 18934 1
18934 115791 1
115791 97467 1
97467 80863 1
80863 51219 1
51219 955 1
955 98070 1
98070 91831 1
98070 59909 1
59909 61740 1
61740 108510 1
108510 135564 1
135564 126752 1
126752 146277 1
146277 149463 1
149463 30740 1
30740 24938 1
30740 75121 1
75121 44405 1
44405 138085 1
138085 75103 1
75103 41644 1
41644 142485 1
142485 125518 1
125518 46960 1
46960 89777 1
46960 7450 1
7450 109291 1
7450 48954 1
48954 35806 1
48954 20846 1
48954 8691 1
48954 5899 1
48954 79018 1
79018 101878 1
79018 71344 1
71344 39510 1
71344 45069 1
45069 102591 1
102591 37654 1
37654 139794 1
37654 139145 1
139145 32733 1
32733 74505 1
32733 13555 1
13555 114133 1
114133 148529 1
114133 132002 1
114133 148060 1
148060 59029 1
59029 61193 1
61193 81558 1
81558 125382 1
125382 13670 1
13670 150694 1
150694 85252 1
85252 120734 1
120734 23330 1
23330 62728 1
62728 9838 1
9838 51668 1
9838 52548 1
9838 112514 1
112514 90547 1
90547 64568 1
64568 74538 1
64568 96823 1
64568 50915 1
50915 46888 1
46888 69476 1
69476 82773 1
82773 47449 1
82773 140863 1
82773 82163 1
82163 23309 1
23309 81091 1
81091 62091 1
62091 140697 1
140697 26022 1
140697 71717 1
71717 98750 1
98750 139707 1
139707 91109 1
91109 24693 1
24693 2760 1
2760 72839 1
2760 116731 1
2760 1861 1
1861 144933 1
144933 100268 1
144933 15639 1
15639 11091 1
11091 13132 1
13132 114550 1
13132 31230 1
13132 108508 1
13132 33761 1
13132 72279 1
72279 54608 1
54608 84091 1
84091 51784 1
51784 132069 1
132069 116118 1
116118 51619 1
116118 62944 1
62944 16936 1
16936 96767 1
96767 22613 1
22613 126305 1
126305 94137 1
94137 54552 1
54552 134217 1
134217 18934 1
18934 135460 1
18934 15488 1
15488 8147 1
8147 93087 1
93087 100432 1
100432 22609 1
100432 72723 1
72723 25267 1
72723 117447 1
117447 86049 1
86049 81188 1
81188 54512 1
54512 50759 1
50759 41313 1
41313 32169 1
32169 60260 1
60260 3438 1
3438 74276 1
74276 120174 1
74276 43927 1
74276 142490 1
74276 115962 1
115962 143199 1
143199 50358 1
143199 80715 1
80715 140243 1
80715 135699 1
135699 60562 1
60562 134040 1
134040 59508 1
59508 88736 1
88736 146592 1
146592 124240 1
146592 111642 1
111642 6020 1
6020 18498 1
18498 116444 1
116444 42372 1
42372 28532 1
28532 135749 1
135749 128322 1
135749 59830 1
59830 148034 1
148034 110614 1
110614 67145 1
67145 139706 1
67145 150290 1
67145 132651 1
67145 99321 1
99321 125954 1
125954 71544 1
125954 151904 1
125954 47472 1
47472 40480 1
40480 113738 1
113738 88633 1
88633 120294 1
120294 152344 1
152344 18957 1
18957 96123 1
18957 44275 1
44275 38185 1
38185 133312 1
133312 72588 1
133312 58370 1
133312 2787 1
133312 101024 1
133312 42588 1
133312 93551 1
133312 117442 1
133312 12837 1
12837 37740 1
37740 42140 1
37740 47226 1
37740 66924 1
66924 85814 1
66924 105014 1
66924 4034 1
66924 113364 1
66924 116741 1
116741 123410 1
123410 32415 1
32415 53150 1
53150 114971 1
53150 1707 1
53150 71314 1
71314 49058 1
49058 87714 1
87714 50156 1
50156 11844 1
11844 152527 1
11844 20038 1
20038 99624 1
99624 53403 1
53403 87937 1
87937 10277 1
87937 17209 1
17209 49036 1
49036 63843 1
49036 81460 1
81460 25346 1
25346 23582 1
25346 51532 1
51532 33244 1
51532 89995 1
89995 63590 1
63590 113769 1
113769 52196 1
52196 128303 1
52196 103688 1
52196 52734 1
52734 1342 1
1342 40559 1
40559 99266 1
99266 79621 1
79621 92241 1
92241 5181 1
