427 47706 1
47706 45137 1
47706 114454 1
47706 63276 1
63276 27137 1
27137 35996 1
35996 108308 1
108308 34301 1
108308 23175 1
23175 142379 1
142379 128357 1
128357 40786 1
40786 140526 1
140526 86952 1
140526 87888 1
87888 18644 1
18644 15758 1
15758 108554 1
108554 47730 1
47730 13693 1
13693 55985 1
55985 76903 1
76903 51758 1
51758 17366 1
51758 13232 1
13232 140598 1
140598 62499 1
62499 92332 1
62499 114466 1
114466 87149 1
87149 53677 1
53677 30842 1
30842 44158 1
44158 142762 1
142762 18268 1
18268 140298 1
140298 63089 1
63089 31120 1
31120 127578 1
127578 46348 1
46348 128310 1
128310 5755 1
5755 7522 1
7522 45638 1
7522 46224 1
46224 3559 1
3559 18148 1
18148 76972 1
76972 13806 1
13806 56340 1
13806 48112 1
48112 17579 1
17579 58332 1
58332 70695 1
70695 131638 1
131638 42957 1
42957 147738 1
147738 842 1
842 29919 1
29919 62292 1
62292 60074 1
62292 115649 1
62292 152850 1
62292 124592 1
124592 59094 1
59094 32784 1
32784 60917 1
60917 39221 1
60917 55180 1
55180 72255 1
72255 1698 1
72255 141249 1
141249 11873 1
11873 10475 1
10475 95577 1
95577 62987 1
95577 12744 1
12744 127198 1
127198 102883 1
102883 84911 1
84911 126765 1
126765 16484 1
16484 2750 1
2750 36233 1
36233 111384 1
111384 119746 1
119746 51435 1
51435 123416 1
123416 62456 1
62456 96238 1
96238 46854 1
46854 3462 1
3462 104280 1
104280 50938 1
50938 17499 1
17499 105941 1
105941 86426 1
86426 25346 1
25346 98872 1
98872 136520 1
136520 39174 1
39174 89585 1
89585 90971 1
90971 7561 1
90971 144590 1
144590 66144 1
66144 98352 1
98352 65840 1
65840 75128 1
65840 89324 1
65840 24679 1
24679 127830 1
127830 10241 1
127830 91771 1
91771 52734 1
52734 1342 1
1342 70537 1
70537 76444 1
76444 13939 1
76444 117735 1
117735 3760 1
3760 85141 1
85141 114997 1
114997 29596 1
29596 52116 1
52116 83677 1
52116 53802 1
52116 143634 1
52116 30395 1
52116 68412 1
52116 137784 1
137784 96094 1
96094 107610 1
96094 17118 1
96094 104655 1
96094 41993 1
41993 52116 1
52116 96215 1
52116 29830 1
29830 57495 1
57495 19304 1
57495 55582 1
57495 71368 1
71368 82405 1
71368 82365 1
82365 120264 1
82365 89920 1
82365 68021 1
68021 18747 1
18747 89709 1
89709 88306 1
88306 84525 1
84525 114793 1
114793 76221 1
76221 68498 1
76221 10219 1
10219 115591 1
115591 14165 1
14165 118018 1
118018 12976 1
12976 34972 1
12976 11125 1
12976 27781 1
27781 22849 1
22849 58625 1
22849 10672 1
10672 25731 1
25731 48335 1
25731 151370 1
151370 146131 1
146131 91732 1
146131 13456 1
146131 32643 1
32643 46893 1
46893 97382 1
97382 21023 1
21023 33362 1
33362 18934 1
18934 109174 1
109174 112489 1
112489 91947 1
112489 47148 1
112489 44029 1
44029 20744 1
20744 108400 1
108400 51929 1
51929 144690 1
144690 65716 1
65716 81091 1
81091 137203 1
137203 103645 1
103645 142801 1
142801 103369 1
103369 91370 1
91370 61623 1
61623 21886 1
61623 110756 1
110756 83898 1
83898 120754 1
83898 10734 1
10734 6060 1
6060 127245 1
6060 92971 1
92971 122936 1
122936 153131 1
153131 33636 1
153131 25510 1
25510 16126 1
16126 93177 1
16126 25022 1
25022 46614 1
46614 131930 1
131930 143186 1
143186 16597 1
16597 114596 1
114596 55769 1
114596 58132 1
58132 115756 1
115756 13457 1
13457 15334 1
15334 120566 1
120566 92006 1
120566 83514 1
120566 43386 1
43386 84529 1
84529 114193 1
114193 132211 1
132211 110720 1
110720 125169 1
125169 81280 1
81280 100835 1
81280 58382 1
81280 132528 1
132528 94516 1
94516 107768 1
107768 17922 1
17922 103094 1
103094 82518 1
82518 64261 1
64261 86170 1
86170 97367 1
97367 77656 1
77656 15226 1
15226 8623 1
8623 71691 1
8623 130338 1
8623 13169 1
13169 151673 1
13169 80134 1
13169 70203 1
70203 71478 1
71478 123326 1
123326 130159 1
130159 132241 1
132241 119000 1
119000 92788 1
92788 121051 1
121051 86588 1
86588 2619 1
2619 93305 1
93305 9099 1
9099 75587 1
75587 136385 1
75587 119767 1
75587 113821 1
75587 144498 1
144498 37706 1
37706 111070 1
111070 131940 1
131940 54321 1
131940 47123 1
47123 153012 1
153012 73467 1
73467 103019 1
103019 32475 1
32475 36600 1
36600 24442 1
36600 21444 1
21444 154089 1
154089 42540 1
154089 10098 1
10098 126493 1
126493 153031 1
126493 99728 1
99728 125149 1
99728 16751 1
16751 34990 1
34990 29068 1
34990 152055 1
34990 330 1
330 65181 1
65181 143157 1
65181 46345 1
65181 23167 1
65181 14459 1
14459 108543 1
108543 104195 1
104195 132977 1
132977 20850 1
132977 9832 1
9832 54117 1
54117 143186 1
143186 140197 1
140197 114735 1
114735 148492 1
148492 27671 1
27671 62077 1
62077 122474 1
62077 98438 1
98438 17820 1
17820 5883 1
5883 62890 1
62890 51424 1
51424 11073 1
11073 79076 1
79076 114379 1
114379 14680 1
114379 33848 1
114379 119711 1
119711 112594 1
119711 15357 1
15357 144375 1
144375 60562 1
60562 54453 1
54453 30987 1
30987 42276 1
42276 67136 1
42276 93197 1
93197 12804 1
12804 87937 1
87937 76509 1
87937 136993 1
87937 101199 1
101199 6889 1
6889 145455 1
145455 117363 1
117363 100919 1
100919 117233 1
117233 7725 1
117233 94908 1
94908 64288 1
64288 99037 1
99037 141350 1
141350 11967 1
141350 110233 1
110233 113116 1
113116 91507 1
113116 21395 1
113116 99928 1
113116 121959 1
121959 139798 1
139798 11568 1
139798 27443 1
27443 7887 1
7887 48872 1
48872 27436 1
27436 54386 1
54386 25552 1
54386 99004 1
99004 52190 1
52190 116620 1
116620 52081 1
52081 82599 1
82599 131915 1
82599 61854 1
61854 109939 1
109939 2311 1
2311 119711 1
119711 54856 1
54856 6020 1
6020 87599 1
6020 47187 1
47187 89709 1
89709 114976 1
114976 144710 1
144710 40348 1
40348 144600 1
144600 46307 1
46307 141635 1
46307 51039 1
51039 107324 1
107324 145430 1
145430 100081 1
100081 84397 1
84397 58965 1
58965 134735 1
134735 84535 1
84535 69580 1
69580 60770 1
60770 28829 1
60770 57204 1
57204 142762 1
142762 20990 1
20990 93828 1
93828 61045 1
61045 56776 1
56776 3095 1
3095 115515 1
115515 3579 1
3579 50772 1
50772 55763 1
55763 83120 1
55763 81682 1
81682 81558 1
81558 107403 1
107403 3613 1
3613 5557 1
5557 1899 1
1899 74356 1
74356 147147 1
147147 134581 1
74356 16620 1
16620 68049 1
68049 105978 1
68049 82372 1
82372 121 1
121 50710 1
121 89211 1
121 37629 1
121 74238 1
121 73296 1
73296 102505 1
102505 50149 1
102505 92877 1
102505 24760 1
24760 135736 1
135736 108954 1
108954 6436 1
108954 138758 1
138758 114059 1
114059 49022 1
49022 115413 1
115413 9010 1
9010 91605 1
91605 70026 1
70026 13640 1
70026 8109 1
70026 92623 1
92623 149155 1
149155 76006 1
76006 1041 1
1041 37587 1
37587 89770 1
89770 80066 1
89770 69086 1
69086 8701 1
8701 53607 1
53607 44605 1
44605 142762 1
44158 90098 1
90098 154866 1
90098 28138 1
28138 108553 1
108553 49803 1
108553 63203 1
63203 134068 1
134068 38590 1
134068 75801 1
75801 106458 1
75801 15528 1
15528 4435 1
4435 93215 1
4435 125210 1
125210 119062 1
119062 62633 1
119062 122665 1
122665 71356 1
71356 119874 1
119874 26209 1
26209 21915 1
26209 78723 1
78723 85012 1
85012 80495 1
85012 115630 1
85012 24288 1
85012 61584 1
61584 42275 1
42275 11521 1
11521 58432 1
58432 89084 1
89084 133972 1
133972 82888 1
82888 74188 1
74188 108914 1
108914 61981 1
108914 37256 1
108914 3924 1
3924 36199 1
36199 125542 1
125542 125938 1
125938 32067 1
32067 95384 1
95384 33288 1
33288 123025 1
123025 8780 1
8780 100991 1
100991 83717 1
83717 72779 1
72779 68477 1
68477 51929 1
51929 70176 1
70176 138525 1
138525 94467 1
138525 87509 1
87509 122713 1
87509 52758 1
52758 108758 1
108758 106820 1
106820 81227 1
106820 50512 1
50512 103561 1
103561 40520 1
40520 46271 1
46271 71469 1
71469 115371 1
115371 138075 1
115371 68255 1
68255 54386 1
54386 1072 1
1072 40520 1
40520 42372 1
42372 98070 1
98070 35822 1
35822 70210 1
70210 39287 1
39287 130891 1
130891 110310 1
130891 12756 1
12756 69889 1
69889 49413 1
69889 105943 1
69889 103546 1
103546 84198 1
84198 76243 1
84198 78780 1
78780 128094 1
128094 5708 1
5708 58180 1
58180 75673 1
75673 62288 1
75673 119102 1
119102 6131 1
6131 97630 1
97630 147048 1
147048 58743 1
58743 8627 1
58743 54568 1
54568 114997 1
114997 42254 1
42254 142872 1
42254 64841 1
42254 127333 1
127333 49760 1
127333 154793 1
127333 135742 1
127333 98263 1
98263 46758 1
46758 65593 1
65593 14746 1
65593 20196 1
20196 22334 1
22334 63240 1
63240 1862 1
1862 99591 1
99591 35286 1
99591 65486 1
65486 100918 1
65486 84862 1
84862 112252 1
112252 27266 1
27266 87413 1
87413 116861 1
116861 26296 1
26296 5943 1
26296 257 1
257 91150 1
257 133981 1
257 139457 1
257 134167 1
257 142835 1
142835 6581 1
6581 38796 1
6581 88407 1
6581 97464 1
6581 95786 1
6581 69460 1
69460 138123 1
138123 44299 1
138123 123963 1
123963 104229 1
104229 76527 1
76527 114463 1
114463 103452 1
114463 39435 1
39435 81831 1
39435 8156 1
39435 104455 1
104455 150335 1
150335 7762 1
7762 35585 1
35585 26135 1
26135 9838 1
9838 26106 1
9838 90771 1
90771 50560 1
90771 29555 1
90771 43928 1
43928 127329 1
127329 72614 1
72614 95668 1
72614 121450 1
72614 140091 1
140091 102398 1
102398 112636 1
112636 88736 1
88736 146592 1
146592 64599 1
64599 12667 1
12667 59198 1
59198 69128 1
69128 95529 1
69128 32325 1
32325 58027 1
58027 18527 1
18527 57908 1
57908 18861 1
18861 100560 1
100560 56281 1
56281 124947 1
56281 62754 1
62754 54416 1
54416 101265 1
101265 45278 1
101265 130904 1
101265 5762 1
5762 103662 1
103662 52321 1
52321 73548 1
73548 19676 1
19676 32260 1
32260 24378 1
24378 103510 1
103510 151447 1
151447 74992 1
74992 37705 1
74992 37976 1
37976 20553 1
20553 128898 1
128898 88427 1
128898 47396 1
47396 9180 1
9180 66908 1
66908 45940 1
66908 96256 1
96256 16484 1
16484 68582 1
68582 58914 1
58914 8820 1
8820 126579 1
126579 35562 1
35562 41254 1
41254 56567 1
56567 89364 1
56567 108933 1
108933 84106 1
84106 46950 1
46950 120651 1
46950 145545 1
46950 13310 1
13310 110109 1
110109 2945 1
2945 143811 1
2945 4435 1
4435 42549 1
42549 130947 1
130947 47196 1
47196 132045 1
132045 93521 1
93521 116048 1
116048 139951 1
139951 61676 1
61676 29533 1
29533 15456 1
15456 87324 1
87324 112950 1
87324 77043 1
77043 105906 1
105906 58589 1
58589 64820 1
64820 143319 1
64820 12481 1
64820 33648 1
64820 23894 1
64820 124985 1
64820 7468 1
7468 95750 1
95750 14790 1
14790 135877 1
135877 53384 1
53384 67199 1
67199 50169 1
50169 103654 1
103654 52121 1
52121 138969 1
138969 9127 1
138969 21343 1
21343 52409 1
52409 31486 1
52409 91452 1
91452 123820 1
123820 83924 1
83924 99592 1
99592 55029 1
55029 150035 1
55029 11140 1
11140 56281 1
56281 69670 1
69670 84184 1
84184 114313 1
114313 53150 1
53150 29863 1
29863 6470 1
29863 129747 1
129747 81240 1
81240 126812 1
126812 39767 1
126812 19491 1
19491 104730 1
104730 91646 1
91646 131016 1
131016 90191 1
131016 34558 1
131016 49886 1
131016 110191 1
131016 114357 1
131016 26303 1
131016 119688 1
131016 62489 1
131016 17900 1
131016 48330 1
131016 35814 1
131016 126443 1
126443 55434 1
55434 6136 1
55434 37298 1
37298 49008 1
49008 124820 1
124820 119863 1
124820 94209 1
124820 34373 1
49008 120155 1
120155 96049 1
96049 140760 1
96049 102233 1
96049 143934 1
96049 51382 1
96049 88300 1
88300 99855 1
99855 24956 1
99855 79076 1
79076 2300 1
2300 52526 1
52526 11067 1
11067 23078 1
23078 22184 1
22184 105892 1
105892 123354 1
123354 75674 1
75674 37298 1
37298 85895 1
85895 83895 1
83895 73270 1
73270 81034 1
81034 77085 1
77085 112717 1
112717 8834 1
8834 108202 1
108202 144690 1
144690 12200 1
12200 100301 1
100301 120440 1
120440 132215 1
132215 30463 1
30463 23329 1
23329 12512 1
12512 127879 1
12512 75763 1
12512 142455 1
12512 90091 1
12512 37941 1
37941 41352 1
41352 7096 1
7096 124217 1
124217 28736 1
28736 103804 1
28736 99947 1
99947 7144 1
7144 56217 1
56217 147409 1
56217 19182 1
19182 1620 1
1620 82629 1
82629 81854 1
81854 26815 1
26815 89704 1
89704 45061 1
45061 134972 1
134972 148232 1
134972 96795 1
96795 31118 1
31118 24082 1
31118 154090 1
31118 131902 1
131902 97555 1
97555 121462 1
121462 38863 1
38863 61960 1
61960 95228 1
95228 12470 1
95228 142145 1
95228 13885 1
13885 108195 1
13885 38576 1
13885 72902 1
72902 101222 1
101222 42070 1
101222 36785 1
101222 28803 1
101222 103608 1
103608 28 1
28 95470 1
28 98444 1
28 142810 1
28 106921 1
28 71752 1
28 93735 1
28 2955 1
2955 124113 1
124113 11021 1
11021 129444 1
129444 40602 1
129444 118725 1
129444 127414 1
127414 112908 1
112908 3760 1
3760 22305 1
22305 95841 1
95841 88441 1
88441 133131 1
88441 68655 1
68655 46960 1
46960 146275 1
46960 121556 1
46960 139973 1
139973 125110 1
125110 148815 1
148815 116891 1
148815 114596 1
114596 3331 1
3331 76846 1
3331 84666 1
3331 154464 1
3331 35913 1
3331 134112 1
3331 38983 1
38983 35281 1
35281 19237 1
35281 101411 1
101411 105451 1
105451 105601 1
105601 57965 1
57965 36994 1
36994 93511 1
93511 24216 1
24216 19434 1
19434 25247 1
19434 136397 1
136397 87612 1
87612 54416 1
54416 113334 1
113334 31971 1
31971 75349 1
75349 31307 1
31307 41851 1
41851 126948 1
126948 96478 1
126948 108081 1
108081 21797 1
21797 34926 1
21797 35027 1
21797 492 1
21797 123771 1
21797 43313 1
43313 137259 1
137259 103290 1
103290 90011 1
90011 97060 1
97060 19654 1
19654 88494 1
88494 42276 1
42276 44139 1
44139 34026 1
44139 74987 1
74987 101094 1
101094 86771 1
86771 101933 1
101933 75429 1
75429 127414 1
127414 125629 1
125629 153159 1
153159 20486 1
20486 7887 1
7887 57307 1
57307 101447 1
101447 130387 1
130387 58693 1
58693 71751 1
71751 99198 1
99198 23146 1
99198 45313 1
99198 65746 1
65746 72199 1
72199 81381 1
81381 2103 1
2103 75617 1
75617 126337 1
126337 69870 1
126337 113295 1
126337 129090 1
126337 97114 1
97114 49029 1
49029 15881 1
49029 90665 1
90665 108888 1
108888 28886 1
28886 72328 1
72328 33004 1
72328 106630 1
106630 134271 1
106630 147004 1
147004 126239 1
126239 5449 1
5449 44961 1
44961 2103 1
2103 35912 1
35912 48046 1
48046 110954 1
48046 102820 1
102820 71552 1
71552 78520 1
78520 85086 1
85086 125844 1
125844 96293 1
125844 25191 1
125844 43983 1
43983 81900 1
81900 144098 1
144098 34378 1
34378 54111 1
54111 130505 1
54111 19260 1
54111 5874 1
5874 143199 1
143199 114210 1
114210 64382 1
64382 60278 1
60278 76306 1
76306 41313 1
41313 62600 1
62600 32329 1
32329 71317 1
32329 76679 1
76679 142887 1
142887 66496 1
66496 133424 1
66496 36109 1
36109 27443 1
27443 52081 1
52081 66496 1
66496 52126 1
52126 40565 1
52126 23849 1
52126 3030 1
3030 99874 1
99874 23078 1
23078 154476 1
154476 62105 1
62105 126996 1
62105 35485 1
62105 5219 1
62105 121513 1
121513 118135 1
118135 122 1
118135 101347 1
101347 83367 1
83367 9529 1
9529 117191 1
117191 118988 1
118988 231 1
231 90836 1
231 2955 1
2955 86052 1
86052 3079 1
3079 136606 1
136606 106539 1
106539 44633 1
106539 143494 1
143494 17539 1
143494 28606 1
143494 95497 1
143494 75180 1
143494 51793 1
51793 34656 1
34656 148142 1
34656 64339 1
34656 14448 1
34656 10898 1
34656 17542 1
34656 143887 1
34656 68456 1
34656 74738 1
34656 103062 1
34656 820 1
34656 121055 1
34656 105171 1
34656 21272 1
34656 44368 1
34656 50405 1
34656 7514 1
7514 40373 1
40373 122187 1
122187 33675 1
33675 56879 1
56879 7272 1
7272 2023 1
2023 144254 1
144254 19079 1
144254 143394 1
143394 18138 1
18138 100868 1
100868 66108 1
66108 92849 1
66108 21607 1
21607 74140 1
74140 77059 1
77059 80747 1
80747 92121 1
80747 29778 1
80747 131012 1
80747 15483 1
80747 62966 1
80747 57304 1
57304 25189 1
25189 108954 1
108954 147971 1
147971 111017 1
111017 118270 1
111017 102255 1
102255 69145 1
111017 93878 1
111017 48875 1
48875 144000 1
144000 114313 1
114313 106066 1
106066 116980 1
116980 58509 1
58509 139113 1
139113 128003 1
128003 143186 1
143186 66990 1
143186 23569 1
143186 82841 1
82841 74330 1
82841 33617 1
82841 92469 1
92469 93756 1
93756 143715 1
93756 109010 1
109010 35308 1
35308 55773 1
55773 20875 1
20875 109717 1
20875 58460 1
58460 93061 1
93061 1444 1
1444 54284 1
54284 34252 1
34252 14366 1
34252 37078 1
37078 132578 1
37078 110338 1
37078 104235 1
37078 69220 1
69220 67920 1
67920 107189 1
67920 80145 1
67920 137349 1
137349 128463 1
128463 91328 1
91328 11800 1
11800 117175 1
117175 147806 1
117175 15254 1
117175 136369 1
117175 68907 1
68907 102187 1
102187 150643 1
150643 124110 1
150643 147684 1
150643 116040 1
150643 56975 1
150643 79748 1
79748 10310 1
10310 143340 1
10310 106376 1
150643 11229 1
150643 123299 1
150643 61391 1
147684 132326 1
132326 11085 1
132326 78834 1
132326 143081 1
143081 36342 1
36342 126098 1
126098 153397 1
153397 90119 1
90119 27509 1
27509 82227 1
27509 21988 1
21988 843 1
843 57565 1
57565 30153 1
30153 10569 1
10569 79571 1
79571 49525 1
49525 22524 1
22524 43012 1
22524 110127 1
110127 7276 1
7276 37694 1
37694 114403 1
114403 145992 1
145992 40518 1
40518 119755 1
119755 111160 1
111160 116444 1
116444 9136 1
9136 96208 1
96208 32032 1
32032 1184 1
32032 88790 1
88790 12713 1
12713 106426 1
12713 126563 1
126563 112233 1
112233 18767 1
112233 50765 1
112233 4737 1
112233 8158 1
112233 123129 1
123129 77809 1
77809 16590 1
77809 12800 1
12800 136183 1
136183 43639 1
43639 48808 1
48808 135998 1
135998 97010 1
97010 83277 1
83277 80782 1
83277 21520 1
21520 104383 1
104383 19271 1
19271 99740 1
19271 153358 1
19271 72419 1
72419 143215 1
143215 4937 1
4937 131055 1
131055 94572 1
94572 36918 1
36918 96897 1
36918 47251 1
47251 76178 1
76178 3795 1
47251 140766 1
140766 142431 1
142431 80027 1
142431 152518 1
142431 81785 1
142431 119860 1
119860 113029 1
113029 119481 1
119481 128310 1
128310 62158 1
128310 58228 1
58228 23867 1
23867 54257 1
54257 70026 1
70026 82575 1
82575 105729 1
105729 37729 1
105729 13228 1
13228 63033 1
63033 46004 1
63033 91280 1
91280 58218 1
58218 32689 1
32689 126924 1
32689 17461 1
32689 114451 1
32689 40481 1
32689 112361 1
112361 108931 1
108931 28318 1
28318 37919 1
37919 116118 1
116118 24770 1
24770 12040 1
12040 22367 1
12040 36431 1
36431 73995 1
73995 1736 1
1736 15627 1
15627 855 1
855 75688 1
75688 40220 1
40220 140810 1
40220 131351 1
131351 101447 1
101447 55640 1
55640 10064 1
55640 78082 1
55640 37433 1
37433 152907 1
152907 31538 1
152907 89709 1
89709 52290 1
89709 75489 1
75489 60555 1
60555 145028 1
145028 43712 1
43712 79948 1
79948 10212 1
10212 108510 1
108510 114313 1
114313 13873 1
13873 83328 1
83328 22155 1
83328 142035 1
142035 81686 1
81686 144896 1
144896 126728 1
126728 31430 1
31430 76903 1
76903 26030 1
26030 143494 1
143494 92918 1
92918 66200 1
66200 98146 1
98146 133903 1
133903 110512 1
110512 111814 1
110512 119047 1
119047 119230 1
119230 125037 1
125037 84751 1
125037 79667 1
125037 85195 1
85195 22833 1
85195 111639 1
85195 42718 1
85195 46461 1
85195 74461 1
74461 73894 1
73894 141815 1
141815 47294 1
141815 68477 1
68477 25268 1
68477 27346 1
68477 37298 1
37298 66080 1
66080 132693 1
132693 56347 1
56347 78689 1
78689 135201 1
78689 114538 1
114538 4093 1
4093 102094 1
4093 5285 1
5285 136846 1
136846 114071 1
136846 135021 1
135021 99230 1
99230 5719 1
99230 125160 1
125160 71536 1
125160 38364 1
125160 42701 1
125160 68939 1
125160 1845 1
1845 72510 1
72510 12416 1
12416 52758 1
52758 58773 1
58773 51140 1
51140 70296 1
70296 116672 1
116672 45533 1
45533 85895 1
85895 6131 1
6131 58647 1
58647 143260 1
143260 150533 1
150533 122250 1
122250 63009 1
63009 150012 1
150012 30094 1
150012 10355 1
10355 148173 1
148173 81093 1
148173 109494 1
109494 50444 1
50444 8203 1
8203 58901 1
58901 112916 1
58901 46389 1
58901 89001 1
58901 153028 1
58901 65359 1
65359 30402 1
65359 146472 1
146472 26555 1
26555 28758 1
28758 114881 1
114881 33952 1
33952 122505 1
122505 127157 1
127157 17138 1
17138 130756 1
130756 52848 1
52848 56182 1
56182 72109 1
72109 137190 1
72109 78381 1
72109 9695 1
9695 112169 1
112169 51062 1
112169 12576 1
12576 57162 1
57162 76792 1
76792 57629 1
57629 87059 1
87059 58369 1
58369 47971 1
47971 146767 1
146767 21155 1
21155 109730 1
109730 26443 1
26443 108205 1
108205 135699 1
135699 49255 1
49255 108543 1
108543 82531 1
108543 2990 1
108543 69256 1
69256 39717 1
39717 109494 1
39717 24313 1
24313 97689 1
24313 116492 1
24313 24482 1
24482 107324 1
107324 3334 1
3334 141103 1
141103 146851 1
146851 129344 1
129344 31414 1
31414 86241 1
86241 129586 1
86241 151925 1
151925 26555 1
26555 114623 1
114623 69116 1
114623 132824 1
114623 127141 1
132824 95363 1
95363 99004 1
99004 126298 1
99004 38185 1
38185 45903 1
45903 26579 1
26579 1327 1
1327 9879 1
9879 27379 1
27379 24366 1
24366 93853 1
24366 76851 1
24366 24780 1
9879 68304 1
9879 60880 1
60880 128094 1
128094 46813 1
46813 17591 1
17591 24051 1
24051 112397 1
112397 143218 1
17591 67765 1
17591 83707 1
83707 48352 1
48352 65089 1
48352 1110 1
1110 96605 1
96605 86143 1
86143 95750 1
95750 5600 1
95750 129502 1
95750 34669 1
34669 8801 1
8801 89834 1
89834 151447 1
151447 145028 1
145028 53026 1
53026 74480 1
74480 46823 1
46823 75949 1
75949 61193 1
61193 71640 1
71640 26890 1
26890 105142 1
26890 58992 1
58992 97254 1
58992 50637 1
58992 81077 1
81077 23175 1
58992 22483 1
22483 26055 1
26055 37377 1
37377 31511 1
37377 134738 1
37377 118276 1
37377 53035 1
53035 142056 1
142056 81031 1
81031 16469 1
16469 150370 1
16469 27943 1
16469 66063 1
16469 48414 1
16469 82492 1
82492 107130 1
107130 106309 1
106309 28422 1
106309 96485 1
96485 591 1
96485 3340 1
3340 131033 1
131033 104890 1
104890 62583 1
62583 61619 1
61619 91331 1
91331 140361 1
140361 16041 1
16041 77395 1
77395 12866 1
77395 96266 1
96266 3267 1
96266 22726 1
22726 8118 1
22726 110733 1
110733 70957 1
70957 78125 1
78125 95212 1
95212 47006 1
95212 61942 1
61942 92007 1
92007 5493 1
5493 103261 1
103261 99428 1
103261 105743 1
105743 1935 1
1935 6015 1
6015 77833 1
77833 87595 1
87595 63902 1
63902 133670 1
133670 69751 1
69751 32095 1
69751 26272 1
69751 11318 1
69751 130419 1
130419 24217 1
24217 8247 1
8247 120816 1
120816 72766 1
120816 112697 1
120816 66192 1
66192 11073 1
11073 146835 1
146835 46120 1
46120 115222 1
11073 99539 1
11073 22002 1
11073 88585 1
11073 72576 1
11073 8546 1
11073 26776 1
26776 43398 1
43398 31411 1
31411 46532 1
46532 99365 1
99365 85280 1
85280 36945 1
36945 18092 1
18092 130320 1
130320 49043 1
49043 12394 1
12394 126210 1
126210 15430 1
15430 78187 1
78187 57573 1
57573 142185 1
142185 136329 1
136329 37279 1
37279 97545 1
97545 92654 1
92654 85710 1
85710 114300 1
114300 15534 1
15534 5214 1
5214 151411 1
5214 22180 1
22180 51532 1
51532 50357 1
50357 3957 1
3957 130508 1
130508 108208 1
108208 96230 1
96230 125246 1
125246 118572 1
118572 126610 1
126610 40520 1
46271 104148 1
104148 1330 1
1330 84324 1
84324 91419 1
91419 137792 1
137792 21943 1
21943 76583 1
21943 92137 1
92137 97025 1
92137 59828 1
59828 21943 1
21943 122078 1
122078 62750 1
122078 18095 1
122078 42975 1
122078 74531 1
122078 104546 1
104546 122309 1
104546 93744 1
93744 61956 1
93744 154821 1
154821 29405 1
29405 43907 1
43907 14414 1
43907 101239 1
101239 7272 1
7272 35922 1
35922 92241 1
92241 99444 1
99444 129959 1
129959 101075 1
101075 28360 1
28360 123776 1
123776 96208 1
96208 78382 1
78382 113358 1
96208 75184 1
96208 53722 1
53722 147369 1
147369 25776 1
25776 35823 1
35823 74375 1
74375 13768 1
13768 138679 1
138679 57539 1
57539 15103 1
15103 142085 1
15103 84977 1
84977 109655 1
109655 98945 1
109655 154319 1
154319 149555 1
149555 49107 1
49107 54829 1
54829 106630 1
106630 126049 1
126049 44889 1
44889 70665 1
44889 141856 1
44889 8378 1
8378 19722 1
19722 137898 1
137898 74593 1
74593 65317 1
65317 96397 1
96397 113620 1
96397 83467 1
83467 110966 1
110966 77864 1
77864 32689 1
32689 98263 1
98263 42152 1
42152 152707 1
152707 32329 1
32329 48897 1
48897 17773 1
17773 14473 1
14473 13670 1
13670 147883 1
13670 38803 1
38803 7993 1
7993 86446 1
86446 98817 1
98817 49068 1
49068 93744 1
104546 85569 1
104546 86845 1
86845 62933 1
62933 127205 1
127205 83367 1
83367 3988 1
3988 62890 1
62890 114644 1
62890 134689 1
62890 88259 1
88259 153281 1
153281 60322 1
153281 26705 1
26705 70104 1
70104 7668 1
70104 55890 1
55890 131733 1
131733 88593 1
88593 13866 1
13866 28115 1
28115 137334 1
137334 135282 1
135282 84265 1
84265 86211 1
86211 109545 1
109545 29839 1
29839 111609 1
29839 38119 1
38119 24004 1
24004 9799 1
9799 148044 1
9799 138568 1
138568 115633 1
115633 21260 1
21260 114273 1
114273 130396 1
114273 126189 1
126189 23307 1
23307 121483 1
23307 18829 1
23307 2627 1
23307 26000 1
23307 108751 1
108751 60048 1
60048 75800 1
60048 114685 1
60048 66002 1
66002 147561 1
147561 143568 1
147561 93976 1
93976 21579 1
21579 15042 1
21579 55106 1
21579 48456 1
21579 25463 1
21579 76907 1
21579 38853 1
21579 105335 1
105335 130525 1
130525 7969 1
7969 141298 1
141298 34343 1
141298 149954 1
141298 112671 1
141298 29674 1
141298 64516 1
141298 150615 1
141298 88885 1
141298 117881 1
141298 114285 1
141298 58191 1
141298 28946 1
141298 119661 1
141298 141996 1
141996 141980 1
141980 68728 1
141980 102965 1
141980 87190 1
87190 11611 1
87190 23462 1
23462 74024 1
74024 34988 1
34988 116623 1
116623 21662 1
21662 14588 1
21662 51302 1
51302 143909 1
143909 85358 1
143909 106639 1
106639 109316 1
109316 120030 1
109316 66375 1
66375 92465 1
92465 22243 1
22243 49474 1
49474 106689 1
49474 51916 1
51916 48170 1
48170 78145 1
48170 29280 1
48170 111160 1
111160 108142 1
111160 102108 1
102108 54080 1
54080 78094 1
78094 141513 1
141513 92632 1
92632 143081 1
143081 104188 1
104188 128696 1
104188 121935 1
121935 21359 1
21359 148571 1
148571 45152 1
45152 57077 1
57077 68689 1
68689 47121 1
47121 12459 1
12459 151466 1
151466 119837 1
119837 78094 1
78094 59556 1
59556 7887 1
7887 122635 1
122635 66108 1
66108 143929 1
66108 83153 1
83153 100173 1
100173 77336 1
100173 154406 1
83153 65393 1
65393 142585 1
65393 145314 1
65393 9612 1
9612 58773 1
58773 47636 1
47636 109881 1
47636 738 1
47636 100991 1
100991 49752 1
49752 36882 1
36882 51264 1
51264 24696 1
51264 41691 1
51264 148956 1
51264 15573 1
15573 93296 1
93296 157 1
93296 105298 1
105298 67907 1
67907 9521 1
9521 104332 1
104332 67272 1
67272 23430 1
23430 21314 1
23430 83503 1
23430 83070 1
83070 96108 1
83070 13058 1
13058 63129 1
63129 99266 1
99266 100675 1
100675 3607 1
3607 97265 1
3607 61884 1
3607 55209 1
3607 10044 1
10044 153336 1
153336 141717 1
141717 58992 1
58992 14071 1
58992 53014 1
58992 67829 1
67829 51936 1
51936 138226 1
138226 120835 1
120835 22317 1
120835 31125 1
31125 17725 1
17725 16931 1
16931 139681 1
139681 13835 1
13835 72409 1
72409 130762 1
130762 139565 1
139565 66997 1
66997 132238 1
132238 86734 1
86734 88141 1
88141 119599 1
119599 85797 1
85797 134479 1
134479 139973 1
139973 5181 1
5181 132383 1
132383 115369 1
115369 20152 1
132383 149273 1
149273 73663 1
73663 104713 1
104713 21626 1
21626 24646 1
24646 21607 1
21607 38924 1
38924 130573 1
38924 93079 1
38924 119877 1
119877 114507 1
114507 62668 1
62668 30269 1
30269 19305 1
19305 75017 1
75017 102696 1
102696 28479 1
28479 25782 1
25782 138969 1
138969 109671 1
109671 30188 1
30188 19828 1
30188 22980 1
30188 150020 1
30188 49043 1
49043 83153 1
66108 38843 1
66108 138085 1
138085 13860 1
13860 98166 1
98166 126210 1
126210 107801 1
107801 68770 1
68770 144690 1
65716 110161 1
110161 98803 1
98803 128802 1
128802 11497 1
11497 80173 1
80173 1530 1
1530 89924 1
89924 67415 1
89924 122684 1
89924 124246 1
89924 122632 1
122632 81286 1
81286 101705 1
81286 57789 1
81286 34609 1
34609 75429 1
75429 88636 1
88636 138758 1
138758 14436 1
14436 50169 1
50169 15528 1
15528 87444 1
87444 30582 1
30582 104076 1
30582 112947 1
30582 64107 1
30582 87834 1
87834 129844 1
129844 18611 1
18611 110531 1
18611 91071 1
91071 16940 1
16940 72109 1
72109 55428 1
16940 140315 1
140315 137996 1
140315 81113 1
16940 100486 1
100486 100545 1
100545 18532 1
100545 58687 1
58687 8928 1
58687 2309 1
2309 29271 1
29271 96256 1
96256 3422 1
3422 37984 1
37984 16072 1
16072 81476 1
81476 60540 1
81476 58687 1
58687 126713 1
58687 137632 1
58687 38680 1
38680 7051 1
7051 141467 1
141467 31476 1
31476 131332 1
31476 129991 1
31476 34947 1
34947 24537 1
24537 136880 1
136880 53627 1
136880 100720 1
100720 94054 1
94054 34372 1
94054 122003 1
122003 11903 1
11903 111868 1
111868 75005 1
75005 52451 1
52451 110565 1
110565 84006 1
84006 79164 1
79164 23434 1
23434 17138 1
17138 25804 1
25804 52308 1
52308 140390 1
140390 113542 1
113542 83250 1
113542 134278 1
113542 144204 1
113542 135818 1
113542 103548 1
103548 14872 1
103548 83191 1
83191 24352 1
24352 91665 1
91665 95562 1
95562 41477 1
41477 43029 1
43029 51219 1
51219 121985 1
121985 97133 1
97133 151186 1
97133 79422 1
97133 33812 1
97133 13718 1
13718 98374 1
98374 68343 1
68343 120449 1
120449 32228 1
32228 146892 1
146892 66031 1
146892 87404 1
87404 94571 1
94571 108548 1
94571 55837 1
94571 153202 1
94571 35900 1
94571 52848 1
52848 36864 1
36864 100486 1
100486 126450 1
126450 96143 1
96143 147267 1
147267 119653 1
119653 92272 1
119653 14952 1
14952 111548 1
111548 11338 1
111548 43021 1
43021 24787 1
24787 21408 1
21408 33612 1
33612 138111 1
138111 104593 1
104593 36872 1
104593 17043 1
17043 140600 1
140600 51140 1
51140 120566 1
120566 62471 1
120566 148060 1
120566 38920 1
120566 116740 1
116740 1628 1
116740 120759 1
120759 105667 1
105667 121607 1
105667 105511 1
105667 73733 1
105667 98297 1
98297 145643 1
145643 13783 1
13783 56994 1
56994 144866 1
144866 94277 1
94277 60890 1
94277 138749 1
94277 67559 1
94277 111973 1
111973 72840 1
72840 131568 1
131568 116200 1
116200 98851 1
98851 137475 1
98851 127198 1
127198 316 1
316 112943 1
112943 123881 1
112943 124176 1
124176 8780 1
8780 15626 1
15626 114248 1
114248 78662 1
78662 73270 1
73270 56319 1
56319 80113 1
80113 20447 1
20447 27732 1
27732 76838 1
76838 937 1
937 29554 1
29554 86702 1
86702 129991 1
129991 64499 1
64499 15504 1
15504 37401 1
37401 89213 1
89213 153906 1
89213 131033 1
131033 123589 1
123589 99827 1
99827 107728 1
107728 49120 1
107728 95726 1
95726 72015 1
72015 71562 1
72015 53785 1
72015 122647 1
72015 35366 1
35366 132123 1
132123 107736 1
107736 128011 1
128011 18424 1
128011 118665 1
128011 3023 1
128011 103326 1
128011 136771 1
136771 58910 1
58910 122449 1
122449 41200 1
41200 23124 1
23124 91556 1
91556 35823 1
35823 39499 1
39499 33990 1
39499 136039 1
39499 15073 1
15073 69250 1
69250 13547 1
13547 149597 1
149597 40364 1
40364 39623 1
39623 140017 1
39623 118165 1
118165 35557 1
118165 102739 1
102739 124154 1
124154 109744 1
124154 80644 1
80644 26952 1
26952 58712 1
58712 126610 1
126610 95594 1
95594 76972 1
76972 68987 1
76972 90791 1
76972 71510 1
71510 87558 1
87558 47331 1
47331 140971 1
140971 10151 1
10151 121629 1
121629 105051 1
121629 76996 1
121629 81459 1
81459 54829 1
54829 152294 1
152294 37910 1
