28911 10917 1
10917 85447 1
85447 142453 1
142453 49076 1
49076 147561 1
147561 21748 1
21748 101241 1
101241 29266 1
101241 108296 1
101241 136331 1
101241 44047 1
101241 73815 1
73815 103173 1
103173 86724 1
86724 109207 1
109207 38415 1
38415 92286 1
38415 36862 1
38415 15449 1
15449 123326 1
123326 121036 1
121036 14754 1
14754 10888 1
10888 32346 1
32346 44414 1
44414 24141 1
44414 17178 1
44414 17423 1
17423 25044 1
25044 108554 1
108554 122207 1
108554 15758 1
15758 18644 1
18644 115122 1
115122 37829 1
37829 135704 1
135704 100991 1
100991 59802 1
59802 22142 1
22142 61730 1
61730 12500 1
12500 142472 1
142472 67167 1
142472 56273 1
142472 109609 1
109609 7096 1
7096 87509 1
87509 53859 1
53859 118003 1
118003 37692 1
37692 39483 1
39483 917 1
39483 94862 1
94862 36211 1
94862 92756 1
92756 53921 1
92756 88591 1
92756 128666 1
128666 143315 1
143315 152147 1
152147 137944 1
137944 132674 1
132674 1377 1
1377 111017 1
111017 69123 1
69123 91637 1
91637 41934 1
41934 84556 1
41934 51731 1
41934 51465 1
51465 34880 1
34880 130463 1
34880 144716 1
144716 84136 1
84136 122884 1
84136 45287 1
45287 88016 1
88016 113891 1
113891 76457 1
113891 145373 1
113891 11915 1
11915 4614 1
11915 138036 1
138036 75846 1
75846 8019 1
8019 122635 1
122635 111728 1
111728 71254 1
71254 124592 1
124592 73364 1
73364 13163 1
13163 104149 1
104149 112703 1
112703 87509 1
87509 80050 1
80050 54080 1
54080 78737 1
78737 94778 1
94778 42549 1
42549 81182 1
42549 105882 1
42549 30861 1
30861 50747 1
50747 127399 1
127399 71344 1
71344 21265 1
71344 137327 1
137327 51788 1
51788 38323 1
38323 32818 1
32818 38244 1
38244 105892 1
105892 88712 1
105892 30440 1
30440 152140 1
152140 2955 1
2955 44977 1
44977 15089 1
15089 17579 1
17579 105347 1
105347 138462 1
138462 152119 1
152119 23598 1
152119 46823 1
46823 116118 1
116118 88238 1
88238 42923 1
42923 43290 1
42923 120666 1
120666 6131 1
6131 101933 1
101933 76156 1
101933 49748 1
49748 64891 1
64891 40550 1
40550 139224 1
139224 109640 1
139224 6021 1
6021 49104 1
49104 66816 1
66816 59000 1
59000 139156 1
139156 9962 1
139156 35099 1
139156 87319 1
139156 50638 1
139156 126332 1
126332 94451 1
94451 150931 1
150931 96343 1
96343 5026 1
5026 62012 1
62012 84198 1
84198 94717 1
84198 126609 1
126609 118737 1
118737 146884 1
146884 141139 1
141139 130660 1
141139 150164 1
141139 142217 1
141139 149984 1
141139 99561 1
141139 124310 1
124310 131395 1
131395 48593 1
48593 131528 1
131528 132249 1
132249 85778 1
85778 72328 1
72328 72824 1
72824 97536 1
97536 107339 1
107339 150224 1
107339 126469 1
126469 74992 1
74992 111374 1
111374 103134 1
103134 20696 1
20696 95 1
95 71375 1
71375 92840 1
92840 152635 1
152635 19122 1
19122 114983 1
114983 12890 1
12890 51404 1
51404 1668 1
1668 152699 1
1668 20570 1
1668 72590 1
1668 146719 1
146719 127414 1
127414 11749 1
11749 88494 1
88494 53170 1
53170 143563 1
53170 134146 1
53170 31430 1
31430 40520 1
40520 42372 1
42372 111751 1
42372 119300 1
42372 18114 1
42372 28532 1
28532 40126 1
40126 130783 1
130783 59315 1
59315 150297 1
150297 123164 1
123164 101899 1
101899 79746 1
79746 52849 1
79746 142764 1
79746 143939 1
79746 27925 1
79746 64518 1
79746 70326 1
79746 121004 1
121004 86544 1
86544 29863 1
29863 48124 1
48124 106066 1
106066 31849 1
106066 101152 1
101152 133404 1
133404 27056 1
27056 82748 1
27056 78795 1
27056 53354 1
53354 77068 1
77068 39961 1
77068 131049 1
131049 28804 1
28804 72192 1
72192 23710 1
23710 2884 1
2884 127753 1
127753 98028 1
98028 98564 1
98028 84682 1
98028 28197 1
28197 107324 1
107324 52729 1
107324 65130 1
65130 26548 1
26548 98295 1
98295 40348 1
40348 56774 1
40348 2884 1
2884 109161 1
109161 3451 1
3451 37298 1
37298 136606 1
136606 3079 1
3079 52421 1
52421 49283 1
52421 84360 1
84360 72240 1
72240 43499 1
43499 66710 1
66710 77308 1
77308 17076 1
17076 59519 1
59519 108007 1
59519 14845 1
59519 18288 1
18288 128433 1
128433 112690 1
128433 52604 1
128433 58931 1
128433 45426 1
45426 14993 1
45426 67582 1
67582 31261 1
31261 47865 1
31261 114353 1
31261 45075 1
31261 47421 1
47421 133005 1
133005 58504 1
133005 25261 1
133005 69647 1
69647 116085 1
116085 54342 1
116085 122577 1
122577 94956 1
94956 113738 1
113738 133170 1
133170 140634 1
140634 54552 1
54552 19092 1
19092 73571 1
73571 150098 1
150098 99471 1
99471 29722 1
29722 95535 1
95535 103651 1
103651 69812 1
69812 51561 1
69812 119350 1
119350 81091 1
81091 124199 1
124199 142884 1
142884 122917 1
142884 76411 1
76411 139484 1
139484 98960 1
98960 38464 1
38464 137206 1
38464 11901 1
11901 130407 1
130407 151651 1
151651 79038 1
79038 78489 1
79038 122562 1
122562 53768 1
122562 78275 1
122562 8682 1
122562 2219 1
122562 56166 1
122562 24323 1
122562 19240 1
122562 81760 1
122562 94265 1
94265 39360 1
39360 31381 1
31381 128569 1
128569 124598 1
128569 63821 1
128569 92734 1
92734 76642 1
92734 23104 1
23104 99741 1
23104 125154 1
125154 82871 1
82871 56052 1
82871 136613 1
136613 67166 1
67166 83807 1
67166 58337 1
58337 30842 1
30842 73588 1
73588 10928 1
10928 93308 1
93308 4776 1
4776 25539 1
25539 62944 1
62944 83470 1
83470 135471 1
135471 80588 1
135471 35287 1
135471 131758 1
131758 115413 1
115413 24140 1
115413 17565 1
17565 2866 1
17565 46923 1
17565 85146 1
17565 68002 1
17565 107430 1
17565 1197 1
17565 50570 1
50570 43911 1
43911 15933 1
15933 2051 1
2051 46885 1
2051 6202 1
2051 139580 1
2051 72009 1
2051 115052 1
115052 148508 1
148508 138329 1
148508 123626 1
148508 154788 1
154788 149731 1
149731 22828 1
22828 112076 1
112076 49813 1
112076 107689 1
107689 24931 1
24931 6280 1
6280 69485 1
69485 6300 1
6300 138802 1
138802 110470 1
110470 34748 1
34748 128860 1
128860 82400 1
82400 118493 1
82400 79861 1
79861 75951 1
75951 26362 1
26362 40934 1
40934 17167 1
40934 148220 1
148220 63058 1
148220 73097 1
73097 107973 1
107973 95622 1
107973 124117 1
124117 49144 1
49144 154213 1
154213 124962 1
124962 25136 1
25136 5214 1
5214 33679 1
33679 91937 1
91937 131055 1
131055 4457 1
4457 151495 1
151495 111424 1
151495 125241 1
125241 497 1
125241 153081 1
153081 130206 1
153081 136261 1
136261 125746 1
125746 152297 1
152297 99087 1
99087 88012 1
88012 53063 1
53063 124432 1
124432 47664 1
124432 25075 1
124432 22327 1
22327 5510 1
5510 36270 1
36270 63414 1
63414 26504 1
26504 90095 1
26504 138736 1
138736 138836 1
138836 149571 1
149571 66251 1
149571 152189 1
149571 23091 1
23091 123356 1
123356 32246 1
123356 128861 1
128861 139012 1
128861 48124 1
48124 51763 1
51763 77673 1
77673 36877 1
77673 6280 1
6280 121280 1
121280 8117 1
121280 75338 1
75338 43705 1
43705 151370 1
151370 137286 1
137286 6302 1
137286 136451 1
136451 149631 1
136451 67261 1
136451 76598 1
136451 53929 1
53929 103505 1
103505 36199 1
36199 112942 1
112942 105790 1
105790 129810 1
129810 89923 1
89923 144590 1
144590 129355 1
129355 102566 1
102566 41007 1
41007 56897 1
56897 85086 1
85086 122896 1
122896 37694 1
37694 106632 1
106632 87570 1
87570 144375 1
144375 87352 1
144375 114507 1
114507 106163 1
106163 108782 1
108782 54022 1
108782 18380 1
18380 116796 1
116796 24847 1
116796 147206 1
147206 124113 1
124113 118941 1
118941 154863 1
154863 72963 1
72963 108002 1
108002 8390 1
108002 69152 1
108002 18706 1
18706 135321 1
135321 26915 1
26915 31752 1
31752 62726 1
31752 134443 1
134443 132465 1
132465 82086 1
132465 56947 1
56947 124432 1
124432 32032 1
32032 34533 1
34533 142507 1
142507 37901 1
142507 133216 1
133216 114893 1
114893 78161 1
114893 70716 1
70716 102108 1
102108 2884 1
2884 97460 1
2884 148186 1
148186 141319 1
148186 25395 1
25395 80825 1
80825 49432 1
80825 137951 1
80825 115903 1
80825 19468 1
19468 58402 1
58402 95984 1
58402 119639 1
58402 111543 1
58402 9871 1
9871 55271 1
55271 130604 1
130604 69742 1
69742 102725 1
69742 83734 1
83734 6974 1
6974 1123 1
1123 67076 1
67076 13530 1
13530 92304 1
92304 61474 1
92304 103261 1
103261 53477 1
53477 142091 1
142091 38675 1
38675 11218 1
38675 135436 1
135436 2945 1
2945 93699 1
93699 136816 1
136816 114926 1
136816 153715 1
153715 81476 1
81476 12702 1
12702 13457 1
13457 100748 1
100748 132671 1
132671 73471 1
132671 152683 1
152683 75801 1
75801 73600 1
73600 831 1
831 153094 1
153094 149617 1
149617 18176 1
18176 28666 1
28666 91083 1
91083 121810 1
121810 137397 1
137397 101398 1
101398 49781 1
101398 153646 1
153646 91665 1
91665 62954 1
62954 35050 1
62954 15858 1
62954 81128 1
62954 9033 1
9033 119962 1
9033 17465 1
17465 4335 1
4335 79018 1
79018 53144 1
53144 125169 1
125169 133422 1
133422 144807 1
133422 54311 1
133422 100683 1
100683 75639 1
75639 33736 1
33736 132095 1
33736 33277 1
33277 106052 1
106052 52216 1
106052 136651 1
136651 37666 1
37666 150074 1
150074 14336 1
14336 139058 1
139058 106630 1
106630 44124 1
106630 129789 1
129789 73546 1
73546 90482 1
73546 128804 1
73546 123147 1
73546 152794 1
73546 117282 1
73546 132045 1
132045 20182 1
132045 5837 1
5837 103227 1
5837 54760 1
5837 102912 1
102912 90011 1
90011 69249 1
69249 144198 1
69249 64924 1
64924 33749 1
33749 77443 1
77443 154500 1
154500 114334 1
154500 142831 1
142831 91392 1
142831 65490 1
142831 124473 1
142831 141362 1
141362 16109 1
16109 39752 1
39752 56533 1
56533 129046 1
56533 144580 1
56533 111386 1
56533 114549 1
56533 7097 1
56533 9948 1
9948 123095 1
9948 146608 1
9948 37422 1
37422 72141 1
72141 85002 1
72141 61000 1
61000 129612 1
129612 79501 1
79501 136111 1
79501 32741 1
32741 150636 1
150636 10846 1
150636 119650 1
150636 42254 1
42254 70866 1
70866 3083 1
3083 70294 1
70294 70866 1
70866 24010 1
24010 136329 1
136329 73634 1
73634 25189 1
25189 116081 1
116081 144566 1
116081 57769 1
57769 86694 1
86694 75633 1
86694 11490 1
86694 30897 1
86694 125388 1
125388 101913 1
125388 94927 1
125388 112106 1
125388 46488 1
125388 93375 1
125388 78569 1
125388 49961 1
49961 120885 1
120885 57763 1
120885 103999 1
120885 101908 1
101908 63795 1
63795 14981 1
63795 127868 1
127868 130154 1
130154 9147 1
130154 31458 1
130154 132145 1
132145 140697 1
140697 143389 1
140697 120719 1
140697 8299 1
140697 71717 1
71717 119176 1
119176 110844 1
119176 18528 1
18528 45654 1
45654 54881 1
45654 126290 1
126290 70099 1
70099 87616 1
87616 48595 1
87616 139116 1
139116 24217 1
24217 120116 1
24217 97778 1
24217 33445 1
33445 47871 1
47871 145043 1
47871 142222 1
47871 24653 1
47871 58600 1
47871 77331 1
47871 112442 1
112442 110842 1
110842 63960 1
110842 70300 1
110842 50228 1
110842 75121 1
75121 10690 1
10690 103493 1
103493 25110 1
25110 28716 1
28716 111250 1
111250 112186 1
112186 32863 1
32863 146912 1
146912 47090 1
47090 86359 1
47090 14122 1
14122 126469 1
126469 107740 1
107740 57717 1
57717 76306 1
76306 54822 1
54822 118380 1
54822 38572 1
38572 96767 1
96767 39313 1
39313 18199 1
18199 24782 1
18199 111160 1
111160 38134 1
38134 65486 1
65486 114041 1
114041 123003 1
123003 99869 1
99869 35137 1
35137 141894 1
141894 59020 1
59020 146601 1
146601 3780 1
3780 19408 1
3780 5511 1
5511 24789 1
24789 7635 1
7635 55355 1
7635 101743 1
7635 91427 1
91427 109945 1
109945 96778 1
96778 15073 1
15073 131562 1
131562 114420 1
114420 36287 1
36287 18275 1
18275 29329 1
29329 101145 1
101145 40126 1
40126 124217 1
124217 70412 1
70412 105446 1
105446 32783 1
32783 42192 1
32783 54136 1
54136 21624 1
21624 90160 1
90160 97887 1
97887 62927 1
62927 120434 1
62927 56551 1
62927 42034 1
62927 145005 1
62927 3836 1
62927 149348 1
62927 87969 1
87969 125179 1
125179 1487 1
125179 112721 1
112721 105147 1
105147 106105 1
106105 1543 1
1543 127100 1
1543 53446 1
53446 94643 1
53446 9137 1
9137 91033 1
91033 5167 1
91033 68369 1
68369 95841 1
95841 110188 1
95841 93991 1
95841 22305 1
22305 80663 1
80663 89241 1
80663 69821 1
80663 142972 1
142972 45421 1
142972 103505 1
103505 19687 1
19687 120292 1
120292 35801 1
35801 154179 1
35801 95353 1
95353 97792 1
95353 51260 1
51260 57495 1
57495 84651 1
84651 21461 1
21461 100343 1
100343 133548 1
100343 49105 1
49105 149120 1
149120 86978 1
86978 136880 1
136880 12031 1
12031 32627 1
32627 61349 1
32627 31775 1
31775 102087 1
102087 37364 1
102087 5307 1
5307 130219 1
130219 151226 1
151226 74927 1
74927 148764 1
74927 99535 1
74927 14138 1
74927 82120 1
82120 8279 1
8279 115338 1
115338 154647 1
154647 26952 1
26952 33237 1
33237 20878 1
20878 41763 1
41763 137636 1
41763 49434 1
49434 96986 1
96986 82332 1
82332 154500 1
154500 33363 1
33363 152313 1
33363 108353 1
108353 149123 1
149123 20633 1
149123 119275 1
119275 99124 1
119275 93305 1
93305 144766 1
144766 17867 1
17867 70769 1
17867 48198 1
48198 1015 1
1015 1107 1
1015 142432 1
142432 61619 1
61619 135143 1
135143 46183 1
46183 2561 1
2561 120955 1
120955 30028 1
30028 116239 1
116239 76551 1
76551 140600 1
140600 28864 1
28864 107862 1
107862 141329 1
107862 141803 1
107862 106481 1
107862 112058 1
107862 101094 1
101094 97965 1
97965 84778 1
84778 24244 1
24244 5123 1
24244 152863 1
152863 70220 1
70220 33546 1
70220 74992 1
74992 109059 1
109059 84611 1
84611 50256 1
50256 18688 1
18688 71668 1
71668 35 1
35 95266 1
35 99921 1
35 73074 1
73074 61224 1
61224 58378 1
61224 126400 1
126400 23099 1
23099 46985 1
23099 22179 1
22179 135792 1
135792 58829 1
58829 37366 1
37366 29735 1
29735 66858 1
66858 48485 1
48485 74424 1
74424 13449 1
74424 84504 1
84504 88012 1
88012 96767 1
96767 62383 1
62383 78094 1
78094 71134 1
71134 125677 1
71134 87615 1
71134 143947 1
143947 92078 1
92078 103090 1
103090 21036 1
21036 16763 1
16763 136585 1
16763 66541 1
66541 129580 1
129580 52695 1
52695 142811 1
142811 2328 1
142811 11130 1
11130 78004 1
78004 8753 1
78004 60555 1
60555 49020 1
49020 121667 1
49020 26372 1
49020 87182 1
49020 22620 1
49020 110978 1
110978 11800 1
11800 125063 1
11800 28929 1
28929 24554 1
24554 116212 1
116212 312 1
312 111441 1
312 1631 1
1631 122635 1
122635 109680 1
109680 19395 1
19395 7887 1
7887 111803 1
111803 142569 1
142569 20674 1
20674 36866 1
36866 130677 1
36866 9871 1
9871 96674 1
96674 123525 1
96674 21113 1
96674 82575 1
82575 7588 1
7588 114463 1
114463 141963 1
141963 123325 1
141963 44652 1
141963 18644 1
18644 57162 1
57162 79534 1
79534 4522 1
4522 78174 1
78174 129321 1
78174 83368 1
83368 137028 1
137028 15047 1
137028 32267 1
32267 154583 1
154583 115669 1
115669 19339 1
19339 97589 1
19339 78271 1
19339 72091 1
19339 62462 1
19339 106357 1
19339 83701 1
83701 21461 1
21461 126190 1
21461 109925 1
109925 119535 1
119535 6236 1
6236 32783 1
32783 101406 1
101406 5762 1
5762 47150 1
47150 18018 1
18018 12394 1
12394 39417 1
39417 3063 1
3063 136835 1
136835 137463 1
136835 65639 1
136835 87003 1
136835 56490 1
56490 82150 1
82150 138085 1
138085 58312 1
58312 111144 1
58312 141519 1
58312 98450 1
98450 34015 1
34015 125431 1
125431 5902 1
125431 102713 1
125431 44754 1
125431 29704 1
125431 36764 1
125431 28007 1
125431 73739 1
73739 9215 1
9215 151874 1
151874 25822 1
151874 40006 1
40006 58077 1
58077 103259 1
