23663 119693 1
119693 60177 1
119693 146247 1
119693 21550 1
119693 126310 1
119693 133734 1
119693 129522 1
119693 4082 1
119693 58837 1
119693 108472 1
119693 57573 1
57573 99869 1
99869 48748 1
48748 53747 1
53747 86999 1
53747 93214 1
53747 69229 1
53747 133851 1
133851 68109 1
68109 18715 1
18715 8121 1
18715 58169 1
18715 26209 1
26209 135282 1
135282 126525 1
126525 29538 1
126525 75867 1
75867 112852 1
112852 55489 1
55489 29630 1
55489 14268 1
14268 73735 1
73735 150011 1
73735 153594 1
153594 52881 1
52881 75571 1
75571 99354 1
99354 10175 1
10175 109839 1
109839 35685 1
35685 81294 1
35685 40917 1
40917 115752 1
40917 1581 1
115752 49491 1
49491 41929 1
41929 76649 1
41929 4106 1
41929 2831 1
2831 68299 1
68299 54626 1
68299 117300 1
117300 18996 1
18996 110098 1
110098 129213 1
129213 44207 1
44207 44575 1
44575 3796 1
3796 47897 1
47897 25750 1
25750 110066 1
110066 4776 1
4776 132818 1
132818 109269 1
109269 85349 1
85349 123034 1
123034 62583 1
62583 150557 1
62583 46467 1
46467 141513 1
141513 25614 1
25614 56192 1
56192 90455 1
90455 17687 1
90455 21492 1
90455 104389 1
90455 43109 1
90455 80014 1
90455 48770 1
48770 144629 1
144629 37774 1
37774 46071 1
37774 88540 1
88540 146499 1
146499 63734 1
63734 131055 1
131055 93032 1
131055 64231 1
131055 124873 1
124873 137426 1
137426 89770 1
89770 10759 1
10759 85491 1
10759 7096 1
7096 77833 1
77833 140830 1
77833 326 1
326 143877 1
143877 42942 1
143877 137893 1
326 83385 1
83385 63975 1
83385 17538 1
83385 51629 1
51629 125536 1
125536 111319 1
125536 131329 1
131329 9064 1
9064 17275 1
17275 110637 1
110637 100503 1
100503 49009 1
100503 116118 1
116118 1566 1
1566 117860 1
117860 112865 1
112865 137685 1
112865 32605 1
112865 91172 1
91172 123402 1
123402 132871 1
132871 97546 1
132871 120205 1
132871 81665 1
132871 94862 1
94862 9532 1
94862 39483 1
39483 109530 1
109530 67827 1
67827 117470 1
117470 55435 1
55435 130792 1
55435 484 1
484 70011 1
70011 131288 1
70011 103111 1
103111 154685 1
154685 65732 1
65732 148797 1
148797 132818 1
132818 104357 1
104357 118508 1
118508 65716 1
65716 80675 1
80675 98535 1
80675 68040 1
80675 119759 1
119759 146590 1
146590 36270 1
36270 75350 1
75350 63824 1
63824 47469 1
47469 83864 1
83864 124242 1
124242 133654 1
133654 24159 1
24159 20400 1
20400 116081 1
116081 129934 1
129934 123463 1
123463 82117 1
82117 54123 1
54123 31591 1
31591 110314 1
110314 123494 1
123494 51527 1
51527 95413 1
51527 93465 1
51527 75870 1
51527 32938 1
51527 33259 1
51527 18457 1
51527 4720 1
4720 133851 1
133851 120243 1
133851 133347 1
133851 117375 1
133851 102986 1
133851 12945 1
12945 37574 1
37574 40168 1
37574 80598 1
37574 55532 1
37574 9871 1
9871 149785 1
149785 128632 1
149785 114059 1
114059 134240 1
134240 58876 1
58876 14899 1
14899 34222 1
14899 63894 1
14899 115976 1
115976 11226 1
11226 120714 1
11226 4407 1
4407 35823 1
35823 4636 1
4636 53979 1
4636 42087 1
42087 131940 1
131940 11971 1
11971 83869 1
83869 32260 1
32260 120566 1
120566 152005 1
152005 84324 1
84324 114976 1
114976 78209 1
114976 71534 1
71534 113358 1
113358 144717 1
113358 120762 1
113358 118342 1
113358 51268 1
51268 137507 1
137507 50773 1
50773 10049 1
10049 108968 1
108968 46622 1
108968 10392 1
10392 77865 1
10392 129760 1
129760 2211 1
2211 91346 1
91346 33217 1
33217 124509 1
124509 31298 1
124509 94477 1
124509 3792 1
3792 116444 1
116444 91447 1
91447 79738 1
79738 30740 1
30740 52526 1
52526 85601 1
85601 81872 1
81872 122812 1
122812 8043 1
8043 43768 1
43768 27334 1
27334 150428 1
27334 80887 1
27334 3325 1
27334 137496 1
137496 99340 1
137496 101856 1
137496 151410 1
151410 98372 1
98372 56528 1
56528 135223 1
135223 68804 1
135223 44028 1
44028 103336 1
103336 84649 1
84649 128154 1
128154 83000 1
83000 69750 1
69750 114030 1
114030 42768 1
114030 5896 1
5896 143082 1
143082 35366 1
35366 154647 1
154647 114379 1
114379 129831 1
114379 78867 1
78867 130437 1
130437 57336 1
57336 95101 1
95101 84614 1
95101 151994 1
151994 106619 1
106619 128648 1
106619 88596 1
106619 140067 1
106619 52628 1
52628 56511 1
56511 35095 1
56511 13140 1
56511 75419 1
56511 37562 1
37562 131528 1
131528 102353 1
131528 98807 1
37562 55434 1
55434 152060 1
55434 72779 1
72779 6175 1
6175 108968 1
108968 135460 1
135460 3903 1
3903 77885 1
3903 7889 1
7889 136478 1
7889 57782 1
7889 139454 1
139454 25137 1
25137 143674 1
143674 99253 1
99253 150814 1
99253 63026 1
99253 125659 1
99253 132499 1
99253 61060 1
61060 146499 1
146499 101950 1
101950 95844 1
95844 114893 1
114893 3235 1
114893 35671 1
35671 154153 1
154153 117074 1
117074 35671 1
35671 1225 1
1225 138163 1
138163 59065 1
59065 40283 1
40283 121756 1
121756 106061 1
40283 60668 1
40283 98895 1
40283 50000 1
40283 71742 1
71742 103662 1
103662 84368 1
84368 78754 1
78754 80133 1
78754 32215 1
32215 56980 1
56980 100981 1
100981 137934 1
137934 48920 1
48920 114988 1
114988 137116 1
137116 13547 1
13547 130488 1
130488 126951 1
126951 145232 1
126951 101067 1
101067 9109 1
101067 52126 1
52126 22969 1
22969 80045 1
80045 20634 1
20634 43588 1
43588 9745 1
9745 154374 1
154374 28815 1
28815 36233 1
36233 153904 1
153904 117605 1
117605 107753 1
107753 94778 1
94778 7551 1
7551 53617 1
7551 111196 1
7551 57384 1
57384 72266 1
72266 45586 1
72266 150044 1
72266 90731 1
90731 122095 1
90731 110896 1
110896 65631 1
65631 126529 1
126529 138578 1
138578 78429 1
138578 47024 1
138578 42114 1
42114 144949 1
144949 10337 1
144949 117601 1
117601 90271 1
90271 9845 1
9845 126204 1
126204 99869 1
99869 49885 1
49885 40667 1
49885 73198 1
73198 76289 1
76289 20461 1
76289 110868 1
110868 21177 1
21177 110618 1
21177 24462 1
21177 10218 1
21177 51793 1
51793 133812 1
133812 51006 1
133812 139375 1
133812 28331 1
28331 93534 1
93534 116786 1
93534 111238 1
93534 145056 1
145056 76628 1
76628 82089 1
82089 5435 1
5435 130938 1
5435 13873 1
13873 9725 1
9725 94609 1
94609 83640 1
94609 153354 1
94609 143888 1
143888 2942 1
2942 11906 1
2942 29600 1
29600 146999 1
146999 21451 1
29600 95871 1
95871 141805 1
95871 21511 1
21511 83985 1
83985 142017 1
83985 61253 1
61253 89641 1
89641 66448 1
89641 67444 1
67444 112360 1
67444 32927 1
32927 63655 1
63655 5241 1
5241 14025 1
14025 111498 1
14025 9028 1
9028 13483 1
13483 76182 1
13483 76792 1
76792 57629 1
57629 84249 1
84249 152192 1
152192 12912 1
152192 80179 1
152192 26022 1
26022 140697 1
140697 118966 1
118966 84174 1
84174 123373 1
123373 89709 1
89709 43270 1
43270 85007 1
43270 144925 1
144925 101780 1
101780 112186 1
112186 127837 1
127837 62521 1
127837 27494 1
112186 91772 1
91772 2211 1
2211 148273 1
2211 85710 1
85710 58180 1
58180 145265 1
58180 119625 1
119625 1798 1
1798 117706 1
1798 22403 1
117706 111981 1
111981 146635 1
111981 64937 1
64937 129679 1
129679 105777 1
105777 23605 1
23605 26079 1
23605 109682 1
109682 99207 1
109682 27163 1
109682 79746 1
79746 41678 1
79746 89335 1
79746 27925 1
27925 4636 1
4636 98729 1
98729 58564 1
58564 9484 1
9484 145877 1
145877 30010 1
30010 119599 1
119599 108955 1
108955 84092 1
84092 14735 1
14735 86145 1
14735 91150 1
14735 7096 1
7096 133092 1
133092 103953 1
133092 73647 1
73647 78754 1
78754 73790 1
73790 137136 1
137136 45654 1
45654 81168 1
81168 112839 1
112839 59489 1
112839 99060 1
99060 81468 1
81468 148502 1
81468 36684 1
36684 75619 1
75619 86097 1
75619 98286 1
75619 60393 1
75619 105665 1
75619 104100 1
104100 146592 1
146592 147174 1
147174 138085 1
