31353 54482 1
54482 84149 1
84149 14735 1
14735 119653 1
119653 67561 1
119653 18872 1
119653 109365 1
109365 105054 1
105054 74745 1
74745 34669 1
34669 38924 1
38924 60006 1
60006 100239 1
60006 22309 1
22309 77090 1
77090 102326 1
102326 18570 1
102326 23983 1
23983 904 1
23983 118624 1
102326 148764 1
102326 98126 1
102326 25113 1
25113 45183 1
45183 55898 1
55898 89343 1
89343 3976 1
3976 80173 1
80173 33642 1
80173 152945 1
152945 109236 1
109236 2311 1
2311 30463 1
30463 89709 1
89709 96230 1
96230 39717 1
39717 88178 1
39717 11844 1
11844 28100 1
28100 6710 1
28100 11451 1
11451 7920 1
7920 89674 1
89674 133546 1
133546 90144 1
133546 89869 1
133546 133812 1
133812 118002 1
133812 147045 1
133812 88651 1
133812 140205 1
133812 23137 1
133812 78526 1
133812 59168 1
133812 602 1
133812 402 1
133812 97574 1
133812 54442 1
54442 134224 1
54442 72838 1
72838 11520 1
11520 92918 1
92918 66200 1
92918 145862 1
145862 123820 1
123820 116102 1
123820 34880 1
34880 50304 1
34880 3358 1
34880 91017 1
91017 103134 1
103134 76598 1
76598 67178 1
67178 71557 1
71557 20431 1
20431 148495 1
148495 12134 1
12134 46888 1
46888 25330 1
46888 39441 1
39441 65250 1
65250 16671 1
65250 37104 1
37104 141815 1
141815 1089 1
1089 88335 1
88335 118194 1
118194 80092 1
80092 83624 1
83624 41748 1
83624 58797 1
83624 78616 1
78616 75556 1
75556 57086 1
57086 44242 1
44242 114340 1
114340 128261 1
114340 2828 1
114340 154603 1
114340 51873 1
2828 12713 1
12713 134029 1
12713 127241 1
12713 129773 1
129773 56650 1
56650 40196 1
56650 77146 1
77146 54829 1
54829 141170 1
54829 3811 1
54829 137426 1
137426 111590 1
111590 111789 1
111789 35281 1
35281 49043 1
49043 146601 1
146601 2300 1
2300 86544 1
86544 17949 1
17949 66453 1
66453 91933 1
91933 131991 1
131991 117236 1
117236 104845 1
104845 74630 1
104845 29472 1
29472 372 1
372 75011 1
75011 116422 1
116422 20323 1
20323 79356 1
20323 128310 1
128310 142472 1
142472 53973 1
53973 99593 1
53973 34015 1
34015 152885 1
152885 154410 1
154410 136880 1
136880 100720 1
100720 52438 1
52438 8744 1
8744 55268 1
8744 96416 1
96416 102715 1
102715 5557 1
5557 130891 1
130891 52878 1
52878 143574 1
52878 47147 1
47147 121614 1
121614 150987 1
150987 74140 1
74140 112943 1
112943 70879 1
112943 36638 1
36638 9745 1
9745 41075 1
41075 41986 1
41986 6552 1
6552 51733 1
51733 83682 1
83682 125011 1
125011 56952 1
56952 59184 1
59184 107224 1
107224 123003 1
123003 56897 1
56897 22565 1
22565 73106 1
73106 60195 1
73106 9519 1
73106 104687 1
104687 47038 1
47038 150534 1
47038 79862 1
79862 96878 1
96878 117831 1
96878 94102 1
94102 123515 1
123515 1157 1
123515 118266 1
118266 142762 1
142762 107681 1
107681 52536 1
52536 6966 1
52536 21484 1
52536 57866 1
57866 25231 1
25231 38541 1
38541 30575 1
30575 117267 1
117267 111160 1
111160 103134 1
103134 34939 1
103134 52929 1
52929 84106 1
84106 1377 1
1377 94582 1
94582 9385 1
9385 109637 1
109637 62830 1
62830 20407 1
62830 136598 1
136598 50519 1
50519 82883 1
50519 104188 1
104188 40271 1
40271 31789 1
31789 86996 1
86996 37829 1
86996 57077 1
57077 4427 1
4427 32483 1
4427 4691 1
4691 88689 1
88689 99468 1
99468 75838 1
75838 119299 1
75838 80502 1
75838 149431 1
75838 74486 1
74486 9272 1
9272 62306 1
62306 95633 1
95633 139511 1
139511 143140 1
139511 108528 1
108528 92998 1
92998 108 1
92998 75304 1
92998 39826 1
39826 29896 1
29896 81421 1
81421 132728 1
132728 14816 1
14816 123799 1
123799 10889 1
123799 100291 1
100291 149166 1
149166 139770 1
149166 94381 1
94381 20924 1
20924 92704 1
20924 47456 1
20924 154623 1
154623 65315 1
65315 72327 1
65315 35768 1
65315 35968 1
35968 92443 1
35968 78682 1
78682 139069 1
139069 27116 1
27116 59198 1
59198 106880 1
106880 18934 1
59198 23341 1
23341 13172 1
59198 7236 1
7236 92399 1
92399 31971 1
31971 8247 1
8247 121523 1
121523 68730 1
68730 124217 1
124217 144254 1
144254 15534 1
15534 114300 1
114300 19514 1
114300 49900 1
114300 18012 1
18012 3796 1
3796 125987 1
125987 45391 1
45391 127920 1
127920 122430 1
122430 127561 1
127561 19291 1
19291 14250 1
14250 92788 1
92788 104452 1
104452 120531 1
120531 114821 1
114821 86686 1
86686 87509 1
87509 49752 1
49752 26890 1
26890 32198 1
32198 26067 1
32198 22433 1
22433 60924 1
60924 6659 1
60924 66971 1
66971 78662 1
78662 108338 1
108338 71359 1
71359 3760 1
3760 43874 1
43874 68343 1
68343 33170 1
33170 54532 1
54532 137120 1
137120 90398 1
90398 149187 1
149187 151466 1
151466 46417 1
46417 32962 1
32962 52085 1
52085 117771 1
117771 19765 1
19765 121615 1
121615 119902 1
119902 133584 1
133584 151459 1
151459 127414 1
127414 146719 1
127414 38120 1
38120 114059 1
114059 125880 1
125880 58878 1
58878 36694 1
36694 66852 1
66852 23157 1
23157 65315 1
65315 141143 1
65315 27588 1
27588 88946 1
88946 17883 1
17883 116081 1
116081 54257 1
54257 10314 1
54257 6834 1
6834 153580 1
153580 10875 1
10875 23366 1
10875 17378 1
10875 45595 1
10875 4147 1
10875 147641 1
147641 100064 1
100064 19590 1
100064 119215 1
100064 75571 1
75571 91288 1
91288 12964 1
91288 41782 1
91288 67305 1
91288 131221 1
91288 7867 1
91288 152123 1
91288 103534 1
103534 107388 1
107388 13604 1
107388 100632 1
107388 144273 1
107388 101766 1
107388 59227 1
59227 83373 1
83373 134093 1
83373 122750 1
122750 148847 1
148847 44961 1
44961 4744 1
4744 148672 1
4744 86650 1
4744 4225 1
4225 105001 1
105001 91746 1
105001 138741 1
105001 139113 1
139113 63824 1
63824 75350 1
75350 103070 1
103070 20275 1
20275 7051 1
7051 97632 1
97632 7887 1
7887 1164 1
1164 51940 1
51940 67199 1
67199 911 1
911 115360 1
911 33415 1
911 32162 1
911 109310 1
911 64385 1
64385 128147 1
128147 32152 1
32152 50981 1
50981 49228 1
49228 5113 1
5113 33851 1
33851 98263 1
98263 15726 1
15726 31430 1
31430 135001 1
135001 22719 1
22719 134133 1
134133 23840 1
134133 106521 1
106521 77656 1
77656 11782 1
11782 25920 1
25920 25418 1
25418 52164 1
52164 86615 1
86615 9461 1
9461 2023 1
2023 94858 1
2023 47578 1
47578 51772 1
51772 93532 1
93532 125300 1
125300 41005 1
41005 149932 1
41005 22243 1
22243 136550 1
136550 68545 1
68545 21036 1
21036 7179 1
7179 112076 1
112076 22631 1
112076 111717 1
111717 57835 1
57835 37705 1
37705 94535 1
94535 111825 1
111825 72681 1
111825 109189 1
109189 136002 1
136002 56785 1
136002 87368 1
136002 51833 1
51833 123932 1
51833 27674 1
27674 95940 1
95940 22652 1
22652 29417 1
29417 53013 1
53013 104229 1
104229 130682 1
104229 138588 1
138588 92822 1
92822 153281 1
153281 114905 1
153281 37962 1
153281 9759 1
9759 29813 1
29813 27687 1
27687 144582 1
144582 43213 1
43213 153170 1
153170 112370 1
153170 140180 1
153170 27902 1
153170 28154 1
28154 52843 1
52843 31978 1
31978 49767 1
49767 53080 1
53080 146750 1
146750 147229 1
147229 49767 1
49767 102641 1
49767 22326 1
22326 124230 1
124230 415 1
124230 121345 1
121345 24160 1
121345 74444 1
74444 118706 1
118706 49043 1
49043 30463 1
30463 127808 1
30463 4155 1
4155 105413 1
105413 116740 1
116740 66226 1
66226 106830 1
106830 116672 1
116672 39490 1
116672 71251 1
116672 18538 1
116672 138077 1
138077 105118 1
105118 110537 1
105118 89661 1
89661 5227 1
5227 50326 1
50326 72279 1
72279 48954 1
48954 144986 1
48954 75121 1
75121 100868 1
100868 13049 1
13049 23944 1
23944 141815 1
141815 74425 1
74425 114556 1
114556 70412 1
70412 32506 1
32506 96086 1
96086 23109 1
23109 57973 1
23109 32247 1
23109 114403 1
114403 49146 1
49146 78165 1
78165 43666 1
78165 84567 1
78165 32876 1
84567 127109 1
127109 130872 1
127109 14331 1
14331 152833 1
152833 138894 1
138894 82101 1
82101 130326 1
130326 93787 1
93787 50264 1
93787 110472 1
93787 63793 1
93787 5890 1
93787 14755 1
14755 7809 1
7809 114648 1
7809 53868 1
53868 121464 1
121464 110587 1
121464 7272 1
7272 77972 1
77972 128144 1
128144 115996 1
115996 123140 1
123140 68056 1
123140 131006 1
123140 112789 1
123140 106183 1
123140 40399 1
123140 31542 1
31542 80192 1
80192 6831 1
80192 120749 1
80192 74463 1
80192 29127 1
29127 51761 1
51761 76116 1
51761 118484 1
51761 106105 1
106105 1543 1
1543 142710 1
142710 65635 1
142710 129467 1
142710 26968 1
26968 124404 1
124404 106462 1
106462 8554 1
8554 35324 1
8554 24983 1
8554 96129 1
8554 154115 1
8554 92923 1
92923 37224 1
37224 65232 1
65232 122999 1
122999 144046 1
144046 47540 1
47540 46417 1
46417 20145 1
20145 231 1
231 20417 1
20417 93718 1
93718 132845 1
93718 119714 1
119714 111700 1
111700 94587 1
94587 88035 1
88035 152119 1
152119 109493 1
109493 3763 1
3763 100825 1
100825 145140 1
100825 90083 1
100825 53014 1
53014 58992 1
58992 83467 1
83467 138206 1
138206 6218 1
6218 100585 1
6218 99777 1
99777 96651 1
96651 5875 1
5875 121831 1
5875 1663 1
5875 134494 1
134494 84035 1
84035 978 1
978 123820 1
123820 83924 1
83924 26959 1
83924 81280 1
81280 64296 1
64296 133049 1
133049 130571 1
130571 8724 1
8724 37519 1
37519 29247 1
29247 93523 1
29247 84398 1
84398 139287 1
139287 84236 1
84236 101067 1
101067 69149 1
101067 36760 1
101067 66273 1
101067 146750 1
146750 71835 1
101067 41643 1
41643 78698 1
78698 94454 1
94454 3059 1
3059 34322 1
3059 61463 1
3059 20777 1
3059 139870 1
3059 151488 1
151488 22449 1
22449 45930 1
45930 10687 1
45930 131305 1
45930 47469 1
47469 146254 1
146254 3271 1
146254 89679 1
89679 82332 1
82332 134408 1
82332 128848 1
82332 154500 1
154500 77443 1
77443 148198 1
77443 77599 1
77599 134116 1
134116 151545 1
151545 113858 1
113858 25123 1
113858 144855 1
144855 96343 1
96343 113612 1
113612 16322 1
16322 65177 1
65177 123579 1
123579 84324 1
84324 15528 1
15528 52421 1
52421 44110 1
44110 142454 1
142454 14754 1
14754 98983 1
98983 11361 1
11361 100225 1
100225 1462 1
1462 79401 1
1462 68499 1
1462 3019 1
3019 104970 1
3019 114059 1
114059 110127 1
110127 103558 1
103558 87864 1
87864 122750 1
103558 76291 1
103558 76088 1
76088 70836 1
70836 128418 1
70836 52121 1
52121 56114 1
56114 94448 1
94448 75188 1
75188 13530 1
13530 72954 1
13530 138015 1
13530 85778 1
85778 142200 1
142200 77904 1
77904 54568 1
54568 15811 1
15811 71571 1
15811 37194 1
37194 51287 1
51287 16800 1
16800 35010 1
16800 44823 1
44823 4413 1
44823 40373 1
40373 42852 1
42852 136816 1
136816 19477 1
19477 60792 1
60792 113334 1
113334 24196 1
24196 17194 1
17194 97122 1
17194 18781 1
17194 89673 1
17194 22965 1
22965 87612 1
87612 35137 1
35137 58538 1
58538 111797 1
111797 112642 1
112642 66931 1
66931 75340 1
75340 94401 1
75340 80333 1
80333 110901 1
110901 55765 1
110901 73291 1
110901 67053 1
67053 54913 1
54913 137543 1
54913 154085 1
54913 1023 1
54913 131896 1
54913 148359 1
54913 102962 1
54913 804 1
804 122426 1
122426 32153 1
32153 106532 1
106532 131475 1
106532 123065 1
106532 106117 1
106117 88856 1
88856 58414 1
58414 135564 1
135564 40198 1
40198 76239 1
76239 106306 1
106306 68801 1
68801 116564 1
116564 64830 1
64830 116085 1
116085 154287 1
154287 832 1
154287 146870 1
146870 30469 1
146870 46079 1
46079 70957 1
70957 52029 1
70957 33028 1
70957 41650 1
41650 45052 1
45052 104632 1
104632 29235 1
29235 123850 1
123850 73118 1
73118 151768 1
151768 66520 1
66520 42148 1
42148 151407 1
42148 152707 1
152707 46630 1
152707 21050 1
21050 53160 1
53160 31779 1
53160 97663 1
97663 99998 1
99998 121686 1
99998 94471 1
94471 51276 1
51276 9028 1
9028 147824 1
147824 51219 1
51219 20280 1
51219 1409 1
51219 121985 1
121985 31971 1
31971 41823 1
41823 27351 1
41823 83635 1
41823 115840 1
115840 114116 1
114116 87443 1
114116 100291 1
114116 45242 1
114116 60965 1
114116 50008 1
50008 37204 1
37204 14632 1
37204 120232 1
120232 144098 1
144098 92000 1
92000 32683 1
32683 119716 1
119716 23309 1
23309 81587 1
81587 42078 1
42078 42373 1
42078 91772 1
91772 93699 1
93699 154181 1
154181 56650 1
56650 82425 1
56650 23009 1
23009 63485 1
63485 49948 1
49948 150249 1
150249 114795 1
150249 112711 1
150249 9812 1
9812 34121 1
34121 53144 1
53144 75103 1
75103 72656 1
72656 51519 1
51519 10355 1
10355 18747 1
18747 54294 1
18747 22669 1
22669 29697 1
29697 65194 1
65194 60796 1
65194 76586 1
76586 26890 1
76586 15639 1
15639 91757 1
15639 21752 1
15639 125499 1
125499 143390 1
143390 31110 1
31110 67893 1
67893 7385 1
67893 47524 1
47524 24016 1
24016 31400 1
31400 112118 1
112118 44414 1
44414 96386 1
96386 19266 1
19266 30029 1
30029 20931 1
20931 39290 1
39290 50196 1
50196 36990 1
36990 98617 1
98617 60608 1
60608 63089 1
63089 78048 1
78048 114007 1
78048 78093 1
78093 24468 1
24468 89395 1
89395 16149 1
24468 15625 1
15625 24277 1
24277 78331 1
78331 94789 1
94789 14340 1
94789 52174 1
52174 46219 1
46219 130079 1
130079 109402 1
109402 152845 1
152845 59258 1
59258 8361 1
8361 134230 1
134230 108270 1
108270 120708 1
120708 54292 1
54292 125681 1
125681 107853 1
107853 134341 1
107853 47738 1
107853 12952 1
12952 76030 1
76030 128098 1
128098 38415 1
38415 22423 1
22423 57382 1
57382 112764 1
112764 10815 1
10815 33241 1
10815 67255 1
10815 111216 1
10815 105258 1
105258 1935 1
1935 40301 1
1935 69316 1
69316 14056 1
14056 14336 1
14336 132447 1
132447 120237 1
120237 1276 1
120237 83116 1
83116 130219 1
130219 24093 1
24093 64825 1
64825 109758 1
109758 43141 1
43141 65662 1
65662 44242 1
44242 76313 1
76313 567 1
76313 60260 1
60260 38383 1
38383 57093 1
38383 69685 1
69685 53477 1
53477 66375 1
66375 51514 1
51514 67846 1
51514 122084 1
122084 92028 1
92028 7885 1
7885 109990 1
109990 56785 1
136002 149521 1
149521 61430 1
61430 134487 1
134487 2356 1
2356 123961 1
2356 1355 1
2356 77972 1
77972 133103 1
133103 120989 1
120989 36431 1
36431 115503 1
120989 115765 1
115765 18103 1
18103 7113 1
7113 131695 1
131695 137827 1
137827 154168 1
154168 108003 1
108003 18934 1
18934 127128 1
127128 20744 1
20744 46077 1
46077 61572 1
46077 72424 1
72424 8420 1
8420 93339 1
93339 53170 1
53170 134432 1
134432 2750 1
2750 151708 1
2750 140158 1
140158 101986 1
101986 114619 1
114619 123038 1
114619 119325 1
114619 115770 1
114619 57248 1
57248 29732 1
29732 137785 1
137785 152407 1
152407 39487 1
152407 124004 1
152407 119061 1
152407 76678 1
76678 63902 1
63902 36503 1
36503 121629 1
121629 139675 1
121629 32433 1
121629 44080 1
44080 69316 1
69316 79720 1
79720 99855 1
99855 143131 1
143131 65000 1
65000 72953 1
65000 71519 1
71519 64163 1
64163 117347 1
117347 43066 1
43066 11497 1
11497 88723 1
88723 44621 1
88723 108483 1
108483 126501 1
126501 74438 1
126501 14055 1
126501 66741 1
126501 16344 1
126501 125539 1
126501 14378 1
126501 1275 1
126501 60988 1
126501 56896 1
126501 153122 1
153122 140243 1
140243 99082 1
140243 73749 1
73749 46960 1
46960 56766 1
46960 121556 1
46960 36233 1
36233 91582 1
91582 91346 1
91346 1774 1
1774 36782 1
36782 85698 1
85698 11032 1
11032 26098 1
26098 90699 1
90699 12737 1
12737 30865 1
30865 94609 1
94609 63572 1
63572 67829 1
67829 69128 1
69128 19992 1
19992 136816 1
136816 150127 1
150127 25137 1
25137 103842 1
103842 117556 1
117556 58273 1
