26416 27849 1
27849 104982 1
27849 110203 1
110203 98439 1
98439 733 1
733 151884 1
733 76973 1
76973 19947 1
19947 104024 1
104024 60260 1
60260 99267 1
99267 128074 1
99267 131693 1
99267 37750 1
37750 139454 1
139454 30554 1
139454 12416 1
12416 54415 1
54415 97483 1
54415 56016 1
56016 114014 1
56016 24716 1
56016 131788 1
131788 35245 1
35245 126309 1
35245 101457 1
35245 131638 1
131638 61217 1
61217 6974 1
6974 108400 1
108400 48145 1
48145 125420 1
125420 132301 1
132301 70276 1
70276 114493 1
114493 89753 1
114493 48328 1
48328 9553 1
9553 59350 1
9553 148255 1
148255 84464 1
84464 111382 1
84464 83340 1
83340 142819 1
142819 36431 1
36431 49101 1
49101 29879 1
29879 85242 1
85242 65875 1
85242 112137 1
85242 20005 1
85242 33651 1
85242 129725 1
85242 117782 1
117782 105458 1
105458 141081 1
105458 107609 1
105458 24634 1
105458 130544 1
130544 32045 1
32045 47421 1
47421 117818 1
117818 61676 1
61676 123194 1
123194 145473 1
145473 109163 1
109163 14955 1
145473 55271 1
55271 61665 1
61665 23078 1
23078 52526 1
52526 11067 1
52526 47557 1
52526 123548 1
123548 107976 1
107976 78789 1
78789 100545 1
100545 21299 1
100545 129740 1
129740 126264 1
126264 100755 1
126264 142882 1
126264 21609 1
21609 89343 1
89343 937 1
937 80612 1
80612 142887 1
142887 50031 1
142887 21996 1
142887 148522 1
142887 36109 1
36109 12965 1
12965 139117 1
139117 1243 1
1243 22234 1
22234 36871 1
36871 37130 1
37130 15900 1
15900 77476 1
15900 23921 1
23921 97965 1
97965 121623 1
121623 70108 1
70108 13389 1
70108 95766 1
70108 111230 1
111230 30504 1
30504 36970 1
30504 137203 1
137203 67927 1
67927 152192 1
152192 37937 1
37937 60707 1
60707 122562 1
122562 115215 1
122562 120276 1
120276 26611 1
120276 117234 1
120276 26944 1
120276 28142 1
28142 60924 1
60924 11122 1
11122 121636 1
121636 146734 1
146734 79860 1
79860 41313 1
41313 27653 1
41313 111100 1
111100 146217 1
146217 16725 1
146217 151235 1
146217 80052 1
146217 17725 1
17725 11209 1
11209 103646 1
103646 128265 1
128265 45483 1
45483 46587 1
46587 32611 1
46587 63174 1
46587 43814 1
46587 133897 1
133897 126262 1
126262 125502 1
126262 18071 1
18071 70957 1
70957 65709 1
65709 28142 1
28142 112437 1
112437 35195 1
35195 105856 1
105856 12459 1
12459 51789 1
51789 62806 1
62806 95363 1
95363 51454 1
95363 100683 1
100683 123049 1
123049 144645 1
144645 150314 1
150314 23289 1
23289 16130 1
23289 27712 1
23289 37273 1
23289 59330 1
23289 19666 1
23289 30893 1
23289 124990 1
23289 28 1
28 72497 1
72497 71045 1
71045 64154 1
64154 11800 1
11800 69722 1
11800 11032 1
11032 81802 1
81802 153006 1
153006 73481 1
73481 63835 1
63835 7841 1
7841 131588 1
131588 128082 1
128082 117228 1
128082 110817 1
110817 28142 1
60924 54079 1
54079 101986 1
101986 44242 1
44242 133818 1
133818 146469 1
146469 127643 1
127643 93828 1
93828 145877 1
145877 30010 1
30010 1079 1
1079 63601 1
1079 30842 1
30842 18051 1
30842 102684 1
30842 9598 1
30842 36600 1
36600 120231 1
36600 30637 1
36600 147199 1
36600 26080 1
36600 66080 1
66080 59438 1
66080 92241 1
92241 74461 1
74461 144645 1
144645 60237 1
60237 32140 1
32140 22388 1
32140 1377 1
1377 50892 1
50892 91335 1
91335 17362 1
17362 97912 1
97912 123585 1
97912 46692 1
46692 80858 1
80858 60399 1
60399 91342 1
91342 135138 1
135138 73841 1
73841 48485 1
48485 109621 1
109621 101716 1
101716 117419 1
117419 43705 1
43705 148426 1
148426 4247 1
4247 67804 1
4247 32003 1
148426 151982 1
151982 133892 1
133892 134773 1
133892 49290 1
49290 18807 1
18807 129905 1
129905 139028 1
139028 124606 1
139028 130538 1
130538 57304 1
57304 92061 1
92061 127630 1
92061 62456 1
62456 85764 1
85764 3020 1
3020 33612 1
33612 77523 1
33612 64163 1
64163 148060 1
148060 116048 1
116048 18018 1
18018 83971 1
83971 98664 1
98664 72798 1
98664 90651 1
90651 117336 1
117336 109074 1
117336 111417 1
117336 33980 1
117336 2194 1
117336 2611 1
90651 37339 1
37339 95076 1
37339 66943 1
37339 51879 1
37339 149507 1
37339 19733 1
37339 100412 1
37339 112507 1
37339 146643 1
37339 128602 1
37339 53324 1
53324 131080 1
131080 15392 1
131080 88697 1
88697 84635 1
84635 26857 1
26857 53729 1
53729 121448 1
53729 106770 1
106770 33520 1
33520 88303 1
88303 94726 1
94726 24384 1
94726 20395 1
94726 123398 1
123398 73663 1
73663 145185 1
145185 154020 1
154020 136659 1
154020 83884 1
83884 130753 1
130753 46718 1
46718 154020 1
154020 80488 1
154020 51681 1
154020 1193 1
154020 145253 1
154020 98421 1
98421 69958 1
69958 84977 1
84977 137727 1
137727 49899 1
49899 139747 1
139747 62890 1
62890 109794 1
109794 117191 1
117191 9611 1
9611 29472 1
29472 2821 1
2821 76075 1
76075 85325 1
85325 1474 1
1474 18235 1
18235 102715 1
102715 46771 1
46771 70463 1
46771 12372 1
12372 31772 1
31772 127798 1
127798 15811 1
15811 51071 1
15811 152063 1
15811 139858 1
139858 103558 1
103558 2482 1
2482 117024 1
117024 34234 1
34234 101290 1
101290 80863 1
80863 108178 1
108178 14106 1
14106 64391 1
64391 70859 1
70859 69153 1
70859 74083 1
74083 85082 1
85082 132872 1
132872 110720 1
110720 63902 1
63902 34194 1
34194 47837 1
47837 59899 1
59899 49144 1
49144 154213 1
49144 89309 1
89309 93738 1
89309 5345 1
89309 17881 1
17881 141507 1
141507 96468 1
96468 123399 1
123399 28498 1
28498 37125 1
37125 25809 1
25809 93925 1
93925 18931 1
93925 149128 1
93925 27439 1
27439 120422 1
120422 42148 1
42148 120369 1
120369 98315 1
98315 937 1
937 48866 1
48866 135195 1
135195 68021 1
68021 86687 1
86687 54012 1
86687 29952 1
86687 20375 1
86687 151336 1
86687 103954 1
86687 138349 1
86687 112210 1
29952 72645 1
72645 114087 1
72645 4676 1
72645 141248 1
72645 67226 1
67226 41569 1
41569 15044 1
15044 7708 1
7708 116825 1
116825 4335 1
4335 93467 1
93467 62306 1
62306 15305 1
15305 137988 1
15305 18585 1
18585 130753 1
130753 122055 1
122055 95306 1
95306 21626 1
21626 54853 1
54853 3219 1
3219 34579 1
34579 100476 1
100476 90121 1
90121 84877 1
90121 17091 1
17091 54853 1
54853 89571 1
89571 48095 1
48095 121802 1
121802 121750 1
121750 31514 1
31514 133 1
133 99267 1
99267 96965 1
99267 63009 1
63009 114660 1
114660 151066 1
151066 33439 1
33439 101029 1
101029 154042 1
101029 152697 1
101029 8930 1
8930 21155 1
21155 36242 1
36242 123066 1
123066 132260 1
132260 47090 1
47090 56089 1
56089 76221 1
76221 114379 1
114379 92706 1
92706 102710 1
92706 54822 1
54822 18148 1
18148 101309 1
18148 138163 1
138163 144961 1
138163 92632 1
92632 98062 1
98062 32346 1
32346 30053 1
30053 31005 1
31005 17130 1
17130 112044 1
112044 27737 1
112044 121689 1
112044 91836 1
91836 92376 1
92376 97250 1
97250 5954 1
5954 86615 1
86615 116619 1
116619 11089 1
11089 78754 1
78754 113246 1
78754 4239 1
4239 37658 1
37658 41383 1
37658 63202 1
63202 24490 1
24490 117871 1
117871 47234 1
117871 42259 1
42259 90098 1
90098 141657 1
141657 55763 1
55763 80379 1
80379 34862 1
34862 72186 1
34862 49141 1
34862 92955 1
92955 123153 1
123153 120942 1
120942 76221 1
76221 51160 1
51160 111206 1
111206 37667 1
37667 34694 1
34694 98263 1
98263 140942 1
140942 14022 1
14022 49047 1
49047 27364 1
49047 11669 1
49047 147012 1
147012 46077 1
46077 16859 1
46077 100312 1
46077 142013 1
142013 30560 1
30560 61600 1
30560 80206 1
30560 75121 1
75121 8793 1
8793 114170 1
114170 102648 1
102648 7588 1
7588 8793 1
8793 104526 1
8793 57073 1
57073 118901 1
118901 89086 1
89086 85856 1
85856 40042 1
40042 53144 1
53144 20371 1
20371 46403 1
46403 1617 1
1617 4806 1
4806 99210 1
4806 25923 1
25923 102619 1
102619 36227 1
36227 11691 1
11691 78400 1
78400 141765 1
78400 107976 1
107976 88689 1
88689 38540 1
88689 111467 1
88689 154728 1
154728 137934 1
137934 151286 1
137934 58443 1
58443 45627 1
45627 20455 1
45627 130038 1
58443 100981 1
100981 1975 1
1975 8815 1
8815 135303 1
135303 71422 1
71422 83213 1
83213 42148 1
42148 72645 1
72645 47879 1
47879 96143 1
96143 62456 1
62456 4806 1
4806 120975 1
120975 81416 1
81416 45419 1
45419 136373 1
136373 31418 1
45419 117999 1
117999 99361 1
99361 94414 1
94414 86996 1
86996 23101 1
23101 30796 1
30796 135597 1
135597 67839 1
135597 1610 1
135597 49884 1
30796 44029 1
44029 137062 1
44029 102108 1
102108 118003 1
118003 63179 1
63179 92440 1
63179 119837 1
119837 66502 1
66502 11102 1
11102 57119 1
11102 130336 1
130336 48728 1
130336 79897 1
130336 123872 1
123872 36564 1
36564 124215 1
36564 18955 1
18955 140558 1
18955 42378 1
42378 14435 1
14435 53101 1
14435 90119 1
90119 51519 1
51519 10355 1
10355 117742 1
117742 21515 1
21515 148193 1
148193 46841 1
46841 68003 1
68003 102348 1
102348 59510 1
59510 116463 1
59510 86575 1
86575 80029 1
59510 9294 1
59510 2647 1
59510 69252 1
59510 154529 1
154529 132123 1
132123 122911 1
122911 21140 1
122911 78737 1
78737 88184 1
88184 37694 1
37694 142185 1
142185 144143 1
144143 143186 1
143186 19126 1
143186 35842 1
35842 40358 1
40358 55637 1
55637 28336 1
28336 92822 1
92822 72464 1
72464 126264 1
126264 52800 1
52800 26352 1
26352 119792 1
119792 148510 1
148510 2014 1
2014 25691 1
2014 69262 1
2014 153946 1
2014 26361 1
2014 96529 1
96529 149713 1
149713 29076 1
29076 17665 1
17665 126494 1
126494 90668 1
126494 51160 1
51160 154163 1
154163 36653 1
36653 58414 1
58414 138752 1
138752 138570 1
138570 9153 1
9153 128501 1
9153 52606 1
9153 7278 1
9153 111977 1
111977 136816 1
136816 876 1
876 114130 1
876 89520 1
876 143359 1
143359 56842 1
56842 115101 1
115101 116852 1
116852 15959 1
15959 103839 1
103839 138216 1
103839 131033 1
131033 108308 1
108308 60011 1
108308 75949 1
75949 121519 1
121519 151139 1
151139 149972 1
149972 77190 1
77190 21662 1
21662 8420 1
8420 109731 1
8420 129822 1
129822 23124 1
23124 91556 1
23124 45593 1
45593 102505 1
102505 98132 1
98132 25794 1
25794 71222 1
25794 145189 1
145189 142185 1
142185 112426 1
112426 128310 1
128310 81091 1
81091 55557 1
55557 82443 1
82443 6371 1
82443 60888 1
60888 18057 1
18057 64225 1
18057 109466 1
109466 23468 1
23468 115483 1
115483 67638 1
67638 111489 1
111489 46183 1
46183 33508 1
46183 37694 1
37694 134187 1
134187 63179 1
63179 29264 1
63179 154168 1
154168 50189 1
154168 97926 1
97926 92840 1
92840 133363 1
133363 94883 1
94883 15220 1
94883 93569 1
93569 111728 1
111728 107908 1
107908 1929 1
1929 130745 1
130745 150350 1
150350 50089 1
50089 144866 1
144866 132430 1
132430 60260 1
60260 28895 1
28895 114379 1
114379 111374 1
111374 71668 1
71668 3081 1
3081 30740 1
30740 63174 1
63174 94156 1
94156 3790 1
3790 22613 1
22613 88238 1
88238 35481 1
35481 143699 1
143699 124971 1
143699 21035 1
21035 11334 1
11334 42682 1
11334 47079 1
11334 104107 1
11334 74179 1
11334 28789 1
11334 24920 1
24920 45550 1
24920 59227 1
59227 51488 1
51488 48284 1
51488 149972 1
149972 112596 1
149972 78207 1
149972 71596 1
149972 95666 1
95666 89717 1
89717 13530 1
13530 67076 1
67076 102971 1
67076 98240 1
98240 2704 1
98240 147259 1
147259 75755 1
75755 121271 1
75755 146682 1
146682 30538 1
30538 88994 1
88994 43351 1
43351 60124 1
60124 135320 1
135320 50169 1
50169 108885 1
50169 120313 1
120313 39147 1
120313 61058 1
61058 80066 1
80066 12948 1
80066 124913 1
124913 111507 1
124913 14793 1
14793 88077 1
88077 60463 1
60463 114290 1
114290 103206 1
103206 4839 1
103206 115692 1
103206 126092 1
103206 41537 1
103206 57677 1
57677 1684 1
1684 15434 1
15434 3957 1
3957 12436 1
3957 17199 1
17199 110720 1
110720 43564 1
110720 145483 1
145483 79904 1
145483 35643 1
35643 2807 1
2807 133393 1
133393 108202 1
108202 96467 1
108202 68265 1
68265 29111 1
29111 92858 1
92858 13090 1
13090 153104 1
13090 47014 1
47014 3387 1
3387 150811 1
13090 54415 1
54415 10541 1
10541 135497 1
135497 62154 1
62154 4005 1
4005 29720 1
29720 57074 1
57074 119075 1
119075 32865 1
32865 74731 1
74731 50420 1
50420 107973 1
107973 53441 1
53441 65890 1
53441 59992 1
59992 7813 1
59992 16711 1
59992 53871 1
53871 81560 1
81560 105341 1
53871 98753 1
98753 154300 1
154300 31528 1
154300 34740 1
154300 82008 1
154300 132366 1
132366 53729 1
53729 75868 1
53729 72384 1
72384 110896 1
110896 149119 1
149119 31155 1
31155 138639 1
138639 139720 1
139720 51793 1
51793 11915 1
11915 85349 1
85349 119329 1
85349 77864 1
77864 54415 1
54415 46101 1
46101 84211 1
46101 40518 1
40518 131743 1
131743 93975 1
93975 32552 1
93975 37069 1
93975 127580 1
93975 87394 1
87394 30191 1
30191 62428 1
30191 115296 1
115296 110280 1
110280 1327 1
1327 123515 1
123515 99003 1
99003 154163 1
154163 50392 1
154163 14165 1
14165 122073 1
122073 140808 1
140808 96782 1
96782 107569 1
96782 121567 1
96782 107126 1
107126 72426 1
72426 110766 1
110766 76006 1
76006 91331 1
91331 140361 1
140361 149109 1
140361 111297 1
111297 18199 1
18199 117635 1
117635 106462 1
106462 36270 1
36270 63824 1
63824 93964 1
93964 16072 1
16072 26301 1
16072 137228 1
137228 870 1
870 105732 1
137228 101075 1
101075 29269 1
29269 149785 1
149785 105001 1
105001 67605 1
67605 150117 1
150117 52673 1
52673 84695 1
84695 154218 1
154218 130721 1
130721 113366 1
130721 24760 1
24760 46587 1
46587 107021 1
107021 55228 1
107021 91646 1
91646 23109 1
23109 80863 1
80863 4140 1
80863 69718 1
69718 48748 1
48748 118807 1
118807 38322 1
38322 100906 1
100906 134266 1
134266 51929 1
51929 130701 1
130701 26952 1
26952 137778 1
137778 81858 1
81858 49058 1
49058 26955 1
26955 102181 1
102181 37700 1
37700 35968 1
35968 72679 1
72679 41384 1
41384 23095 1
23095 137742 1
137742 117022 1
117022 148162 1
148162 150127 1
150127 11591 1
11591 119435 1
119435 147025 1
147025 119877 1
119877 10716 1
10716 17674 1
17674 40520 1
17674 44893 1
44893 144629 1
144629 39651 1
144629 49474 1
49474 9305 1
9305 72240 1
72240 10758 1
10758 49501 1
49501 127550 1
127550 98494 1
98494 20196 1
20196 135944 1
20196 82176 1
82176 2677 1
2677 63534 1
2677 142332 1
2677 17254 1
17254 64901 1
64901 31365 1
64901 40568 1
64901 116949 1
64901 73165 1
64901 66388 1
64901 69868 1
64901 253 1
253 148458 1
148458 81772 1
81772 128247 1
128247 132260 1
132260 65664 1
132260 82787 1
82787 22340 1
22340 82899 1
82899 5525 1
5525 48095 1
48095 72358 1
48095 138000 1
138000 24760 1
24760 733 1
98439 42006 1
98439 52590 1
98439 53249 1
53249 55434 1
55434 97346 1
55434 50548 1
50548 49051 1
49051 67992 1
49051 120667 1
120667 18342 1
18342 80715 1
80715 151137 1
151137 21337 1
151137 94131 1
151137 62761 1
62761 57162 1
57162 100228 1
100228 10928 1
10928 122188 1
122188 75252 1
75252 18851 1
75252 125453 1
125453 80969 1
80969 93024 1
93024 134988 1
134988 70209 1
70209 15312 1
15312 46622 1
46622 4311 1
4311 107715 1
4311 59899 1
59899 149187 1
59899 31473 1
31473 34006 1
31473 74244 1
74244 28322 1
28322 37366 1
37366 37609 1
37366 98376 1
37366 104449 1
37366 153592 1
37366 7559 1
7559 57053 1
57053 114460 1
114460 14840 1
14840 64112 1
14840 84046 1
14840 125335 1
14840 127327 1
14840 71616 1
14840 136189 1
136189 73275 1
73275 44289 1
73275 47442 1
73275 102579 1
102579 47253 1
47253 36214 1
36214 19971 1
19971 87279 1
87279 66754 1
87279 59973 1
87279 76732 1
76732 66908 1
66908 16391 1
16391 55823 1
55823 43177 1
43177 64825 1
64825 14371 1
14371 42648 1
42648 133415 1
133415 44789 1
133415 40902 1
40902 30157 1
