24881 153824 1
24881 86256 1
86256 141479 1
86256 152329 1
152329 102177 1
102177 151427 1
151427 138729 1
138729 106066 1
106066 111384 1
111384 24482 1
24482 42078 1
42078 80268 1
80268 149667 1
149667 50618 1
149667 78154 1
78154 42427 1
42427 66362 1
66362 135001 1
135001 45764 1
45764 46587 1
46587 97400 1
97400 125179 1
125179 112721 1
112721 150535 1
150535 46121 1
150535 127914 1
127914 7151 1
7151 111462 1
7151 34338 1
34338 32959 1
32959 17202 1
32959 48309 1
48309 132973 1
132973 95535 1
95535 7574 1
7574 27963 1
27963 57357 1
57357 108586 1
57357 104447 1
57357 48091 1
57357 108385 1
108385 149896 1
149896 114717 1
114717 79078 1
114717 119849 1
114717 6249 1
6249 32745 1
32745 30485 1
30485 128357 1
128357 52684 1
128357 76021 1
76021 96054 1
96054 71233 1
76021 42308 1
42308 124714 1
124714 115515 1
115515 20145 1
20145 88347 1
88347 78660 1
88347 50210 1
50210 124913 1
124913 127985 1
124913 6869 1
124913 131538 1
131538 44029 1
44029 50287 1
44029 7982 1
7982 23400 1
23400 21881 1
21881 135372 1
135372 102753 1
102753 6924 1
6924 1680 1
6924 100379 1
6924 24920 1
24920 42675 1
24920 147608 1
24920 77706 1
24920 70903 1
70903 153486 1
153486 27825 1
153486 123103 1
153486 9980 1
9980 72054 1
9980 39540 1
39540 46779 1
39540 122907 1
122907 58135 1
122907 77719 1
77719 122277 1
122277 69130 1
122277 124855 1
122277 137426 1
137426 113479 1
137426 121035 1
121035 100795 1
121035 45055 1
121035 26115 1
26115 137110 1
121035 122155 1
121035 85199 1
121035 89709 1
89709 19322 1
19322 84184 1
84184 131084 1
84184 123535 1
123535 52340 1
52340 103421 1
103421 139028 1
139028 124922 1
124922 29879 1
29879 31960 1
31960 52451 1
52451 129745 1
129745 118165 1
118165 96230 1
96230 7795 1
7795 121985 1
121985 130783 1
130783 57594 1
57594 3331 1
3331 154154 1
154154 2825 1
2825 5166 1
2825 96102 1
2825 14530 1
2825 39583 1
2825 104707 1
2825 20018 1
2825 116707 1
2825 29690 1
2825 61077 1
2825 70062 1
2825 81761 1
81761 75162 1
75162 92333 1
92333 10994 1
92333 102495 1
92333 51894 1
92333 109524 1
75162 95691 1
75162 50580 1
75162 134861 1
134861 60352 1
60352 67112 1
67112 73312 1
60352 130029 1
130029 53772 1
53772 94820 1
94820 129722 1
129722 86100 1
86100 24359 1
24359 42188 1
24359 23265 1
24359 17631 1
24359 43948 1
43948 132818 1
132818 134588 1
132818 5510 1
5510 99998 1
99998 94471 1
94471 123650 1
123650 44698 1
123650 140286 1
140286 115765 1
115765 121723 1
115765 101488 1
115765 127482 1
127482 39313 1
39313 18199 1
18199 111160 1
111160 87509 1
87509 113459 1
113459 51565 1
51565 54135 1
51565 100071 1
100071 50847 1
50847 14106 1
14106 88589 1
88589 61676 1
61676 37981 1
61676 122635 1
122635 63949 1
63949 131638 1
131638 70695 1
70695 58332 1
58332 131908 1
131908 109520 1
131908 29320 1
131908 51191 1
131908 15264 1
15264 86979 1
86979 6697 1
6697 40269 1
40269 18138 1
18138 94746 1
94746 152119 1
152119 2945 1
2945 141571 1
141571 38383 1
38383 136027 1
136027 106168 1
106168 19230 1
106168 15571 1
106168 113663 1
106168 104519 1
106168 54957 1
54957 13199 1
13199 31447 1
31447 2442 1
2442 93525 1
93525 19625 1
93525 316 1
316 80747 1
80747 81286 1
81286 83385 1
83385 34389 1
34389 113973 1
113973 101534 1
101534 135551 1
135551 21039 1
21039 79184 1
79184 119230 1
119230 85086 1
85086 69766 1
69766 26895 1
69766 110536 1
69766 77342 1
69766 47754 1
47754 20634 1
20634 68041 1
20634 90722 1
90722 63805 1
63805 111017 1
111017 52878 1
52878 47147 1
47147 136129 1
136129 34392 1
34392 115590 1
115590 17121 1
115590 27500 1
27500 113370 1
27500 105777 1
105777 28257 1
28257 137399 1
137399 134799 1
134799 11809 1
134799 109945 1
109945 86554 1
86554 40650 1
40650 103553 1
103553 137696 1
137696 12792 1
137696 38910 1
38910 116391 1
116391 18068 1
18068 1508 1
1508 13860 1
13860 114026 1
114026 99548 1
99548 100019 1
100019 29201 1
29201 62084 1
62084 135350 1
62084 81486 1
62084 35949 1
62084 36268 1
62084 136395 1
136395 97694 1
97694 135619 1
135619 78400 1
78400 105603 1
105603 105232 1
105232 3904 1
105232 42510 1
42510 138758 1
138758 119991 1
119991 103545 1
103545 59769 1
59769 129886 1
129886 81091 1
81091 18593 1
18593 58027 1
58027 58537 1
58537 109990 1
109990 51093 1
109990 104845 1
104845 121496 1
121496 106737 1
106737 69593 1
69593 96916 1
96916 141574 1
141574 20394 1
141574 48620 1
48620 25174 1
48620 29438 1
48620 46385 1
46385 44682 1
44682 37106 1
37106 4076 1
4076 62724 1
62724 102177 1
102177 10799 1
10799 117653 1
117653 68003 1
68003 151495 1
151495 79018 1
79018 105289 1
105289 5523 1
5523 89355 1
5523 96812 1
96812 5167 1
96812 55228 1
55228 107021 1
107021 68495 1
68495 62705 1
62705 52457 1
52457 71529 1
71529 94980 1
94980 3234 1
94980 140214 1
140214 141237 1
140214 112192 1
140214 58802 1
58802 114474 1
114474 77204 1
114474 119388 1
119388 78400 1
78400 18595 1
18595 124185 1
124185 17348 1
17348 75188 1
75188 92709 1
75188 92795 1
92795 74811 1
74811 51959 1
51959 120972 1
120972 39764 1
120972 130466 1
120972 114991 1
120972 89715 1
89715 124594 1
124594 9399 1
124594 29759 1
124594 79613 1
124594 145625 1
124594 103541 1
89715 140826 1
140826 79568 1
140826 80235 1
140826 144776 1
80235 149073 1
149073 2240 1
149073 41308 1
149073 67730 1
149073 94367 1
149073 128554 1
128554 112318 1
112318 81728 1
112318 85895 1
85895 21259 1
21259 125208 1
125208 81908 1
81908 5666 1
5666 77600 1
5666 58685 1
58685 99935 1
99935 90469 1
90469 12890 1
12890 63009 1
63009 21193 1
21193 70716 1
70716 11252 1
11252 103729 1
103729 46307 1
46307 80768 1
80768 26772 1
26772 87907 1
26772 98864 1
98864 25058 1
25058 105695 1
25058 110063 1
110063 87864 1
87864 99894 1
87864 73609 1
87864 122750 1
122750 152885 1
152885 78748 1
78748 148396 1
78748 126116 1
126116 25058 1
25058 39736 1
39736 140214 1
140214 62387 1
62387 15639 1
15639 91757 1
15639 110708 1
110708 128223 1
128223 108866 1
108866 21421 1
21421 121802 1
121802 105377 1
105377 120430 1
120430 118595 1
120430 48373 1
48373 56994 1
56994 74542 1
74542 120566 1
120566 77728 1
77728 143199 1
143199 9431 1
9431 32209 1
9431 22093 1
22093 84796 1
84796 129999 1
129999 98240 1
98240 2704 1
98240 97026 1
97026 84599 1
97026 104444 1
97026 101895 1
97026 87674 1
97026 117396 1
97026 132601 1
97026 28520 1
97026 150987 1
150987 88294 1
88294 48897 1
48897 61217 1
61217 131638 1
131638 15625 1
15625 7051 1
7051 101784 1
101784 133291 1
133291 70713 1
70713 134976 1
134976 127704 1
127704 78868 1
78868 78104 1
78104 134946 1
134946 149713 1
149713 149187 1
149187 8453 1
8453 143921 1
143921 103048 1
103048 88198 1
88198 95973 1
95973 107620 1
95973 46434 1
46434 86295 1
86295 131528 1
131528 21815 1
21815 116212 1
116212 50984 1
116212 131448 1
131448 91905 1
91905 61488 1
61488 153472 1
153472 111473 1
153472 28945 1
153472 133128 1
133128 39135 1
39135 81467 1
81467 19255 1
81467 94312 1
94312 44414 1
44414 88920 1
44414 851 1
851 128786 1
128786 140472 1
128786 47869 1
47869 138461 1
47869 43983 1
43983 82294 1
43983 152327 1
152327 1120 1
152327 58200 1
58200 9082 1
9082 36324 1
9082 19758 1
9082 68091 1
9082 134119 1
9082 86703 1
86703 64368 1
64368 61712 1
61712 16443 1
16443 15555 1
16443 127355 1
16443 145882 1
145882 151066 1
151066 66697 1
66697 52424 1
52424 124373 1
124373 117718 1
117718 123118 1
123118 75659 1
123118 135905 1
123118 91491 1
91491 100503 1
100503 19755 1
19755 120420 1
120420 59658 1
120420 152633 1
120420 154466 1
