12470 95228 1
95228 138208 1
95228 121778 1
95228 44687 1
95228 58670 1
95228 150987 1
138208 98123 1
138208 66226 1
138208 4961 1
138208 129049 1
138208 95228 1
150987 73258 1
150987 69781 1
150987 124389 1
150987 31118 1
150987 71134 1
44687 54415 1
44687 97333 1
44687 114370 1
44687 95228 1
58670 115378 1
58670 143863 1
58670 58246 1
58670 65186 1
58670 62741 1
121778 95228 1
121778 107030 1
121778 23307 1
121778 95363 1
121778 71359 1
31118 99003 1
31118 142233 1
31118 72279 1
31118 70170 1
31118 105496 1
69781 106404 1
69781 129099 1
69781 60213 1
69781 127507 1
69781 108553 1
73258 143452 1
73258 111384 1
73258 101094 1
73258 36990 1
73258 144414 1
124389 86323 1
124389 57066 1
124389 47046 1
124389 62515 1
124389 55688 1
98123 83828 1
98123 64144 1
98123 60841 1
98123 64270 1
98123 62540 1
95363 100206 1
95363 136816 1
95363 52190 1
95363 68385 1
95363 99004 1
23307 65215 1
23307 126189 1
23307 87619 1
23307 28709 1
23307 122490 1
71134 32905 1
71134 78094 1
71134 87615 1
71134 102122 1
71134 120827 1
129049 149974 1
129049 130272 1
129049 68186 1
129049 80058 1
129049 149456 1
4961 129570 1
4961 34493 1
4961 137636 1
4961 151106 1
4961 145211 1
66226 131885 1
66226 85502 1
66226 66104 1
66226 72857 1
66226 90768 1
71359 108338 1
71359 154538 1
71359 36233 1
71359 45104 1
71359 108458 1
107030 100104 1
107030 115064 1
107030 69481 1
107030 83911 1
107030 80715 1
65186 62820 1
65186 83007 1
65186 10989 1
65186 103015 1
65186 58670 1
143863 58670 1
58246 58670 1
58246 128082 1
115378 58670 1
114370 147916 1
114370 142884 1
114370 35996 1
114370 43643 1
114370 126539 1
97333 86109 1
97333 63930 1
97333 52492 1
97333 66080 1
97333 59165 1
62741 58670 1
54415 83799 1
54415 116048 1
54415 24352 1
54415 43908 1
54415 147542 1
80058 72181 1
80058 129049 1
80058 12833 1
36990 60481 1
36990 86582 1
36990 73258 1
36990 98617 1
36990 124597 1
130272 129049 1
130272 83531 1
47046 124389 1
47046 69128 1
103015 112183 1
103015 106662 1
103015 40447 1
103015 50823 1
103015 113160 1
129570 4961 1
102122 85623 1
102122 148220 1
102122 46171 1
102122 63149 1
102122 54136 1
144414 101398 1
144414 89084 1
144414 72838 1
144414 73258 1
87615 71134 1
87615 7289 1
28709 23307 1
65215 141229 1
65215 100104 1
65215 53600 1
65215 129042 1
65215 86151 1
142233 22498 1
142233 150784 1
142233 119837 1
142233 153604 1
142233 132283 1
99004 85368 1
99004 74660 1
99004 32751 1
99004 38185 1
99004 83271 1
43908 80414 1
43908 53026 1
43908 96539 1
43908 103971 1
43908 86640 1
68385 72409 1
68385 136973 1
68385 44284 1
68385 58081 1
68385 132824 1
100104 135294 1
100104 121968 1
100104 57509 1
100104 71043 1
100104 117162 1
52190 114059 1
52190 77209 1
52190 79076 1
52190 18199 1
52190 58362 1
100206 122400 1
100206 93511 1
100206 40729 1
100206 154863 1
100206 95363 1
24352 126264 1
24352 83191 1
24352 128659 1
24352 153006 1
24352 137990 1
147542 72426 1
147542 54415 1
147542 26822 1
147542 53909 1
60841 98123 1
32905 71134 1
32905 125103 1
32905 66856 1
32905 65614 1
32905 77864 1
115064 83271 1
115064 70303 1
115064 57070 1
115064 70836 1
115064 69250 1
78094 95924 1
78094 119837 1
78094 137225 1
78094 150533 1
78094 120988 1
35996 41005 1
35996 95714 1
35996 134428 1
35996 46182 1
35996 153824 1
83828 98123 1
101094 97965 1
101094 96396 1
101094 30080 1
101094 41881 1
101094 97547 1
60213 103828 1
60213 99832 1
60213 48349 1
60213 54935 1
60213 51231 1
90768 118977 1
90768 66226 1
105496 35562 1
105496 126800 1
105496 1225 1
105496 96208 1
105496 31118 1
126189 114273 1
126189 23307 1
129099 151050 1
129099 69781 1
111384 117024 1
111384 130721 1
111384 41228 1
111384 50512 1
111384 151351 1
87619 23307 1
10989 91246 1
10989 19431 1
10989 136197 1
10989 127917 1
10989 123352 1
149456 129049 1
149456 130017 1
149456 40738 1
122490 94746 1
122490 140315 1
122490 23307 1
122490 146117 1
122490 87974 1
127507 69781 1
151106 150012 1
151106 144859 1
151106 36073 1
151106 51852 1
151106 149260 1
145211 4961 1
62820 151802 1
62820 154228 1
62820 42498 1
62820 54567 1
62820 79316 1
85502 81858 1
85502 90621 1
85502 51234 1
85502 64087 1
85502 52452 1
69481 107030 1
126539 114370 1
83911 107030 1
80715 42078 1
80715 96848 1
80715 148 1
80715 101988 1
80715 37702 1
128082 28527 1
128082 111328 1
128082 10317 1
128082 96866 1
128082 24746 1
147916 86108 1
147916 128265 1
147916 62899 1
147916 73236 1
147916 150861 1
83799 52086 1
83799 122348 1
83799 8776 1
83799 121070 1
83799 47884 1
66080 60103 1
66080 56232 1
66080 69292 1
66080 31476 1
66080 59438 1
36233 92000 1
36233 117328 1
36233 107740 1
36233 28815 1
36233 42078 1
142884 91048 1
142884 142233 1
142884 66375 1
142884 77393 1
142884 147547 1
34493 91183 1
34493 4961 1
86109 97333 1
116048 59020 1
116048 57614 1
116048 148146 1
116048 25776 1
116048 58970 1
52492 42257 1
52492 129388 1
52492 669 1
52492 112186 1
52492 85061 1
72279 145583 1
72279 89201 1
72279 31118 1
72279 51929 1
72279 88238 1
154538 97480 1
154538 83987 1
154538 34005 1
154538 71359 1
45104 76724 1
45104 59293 1
45104 140814 1
45104 62110 1
45104 123164 1
63930 97333 1
57066 105032 1
57066 116796 1
57066 40902 1
57066 48900 1
57066 79265 1
143452 120705 1
143452 101411 1
143452 91356 1
143452 107103 1
143452 99036 1
108338 78662 1
108338 66707 1
108338 2753 1
108338 56650 1
108338 71359 1
86323 124389 1
43643 60222 1
43643 67382 1
43643 31118 1
43643 34984 1
43643 123579 1
137636 54532 1
137636 40784 1
137636 4961 1
137636 27220 1
137636 41763 1
108458 121515 1
108458 149121 1
108458 44924 1
108458 53499 1
108458 154485 1
149974 129049 1
149974 75408 1
70170 105723 1
70170 146514 1
70170 46298 1
70170 56083 1
70170 121786 1
136816 132818 1
136816 154687 1
136816 99998 1
136816 18937 1
136816 51135 1
99003 111684 1
99003 114606 1
99003 33327 1
99003 43595 1
99003 118901 1
64270 112026 1
64270 63982 1
64270 42341 1
64270 110092 1
64270 62806 1
62515 63655 1
62515 84093 1
62515 41167 1
62515 64775 1
62515 55615 1
66104 49687 1
66104 146399 1
66104 38139 1
66104 66226 1
66104 48047 1
131885 83956 1
131885 122955 1
131885 66226 1
120827 71134 1
120827 49043 1
64144 98123 1
72857 66226 1
55688 36736 1
55688 80999 1
55688 116444 1
55688 99559 1
55688 86437 1
108553 103144 1
108553 87579 1
108553 26383 1
108553 30497 1
108553 95463 1
83007 111741 1
83007 99828 1
83007 50281 1
83007 65186 1
83007 141759 1
62540 98123 1
106404 69781 1
68186 129049 1
59165 97676 1
59165 54512 1
59165 15627 1
59165 77933 1
59165 97333 1
89201 87306 1
89201 78931 1
89201 69710 1
89201 79576 1
89201 77338 1
91246 40314 1
91246 103639 1
91246 9725 1
91246 80631 1
91246 40006 1
87974 86615 1
87974 83971 1
87974 26686 1
87974 32945 1
87974 86208 1
669 52492 1
669 153296 1
63655 79554 1
63655 74173 1
63655 32927 1
63655 42852 1
63655 145473 1
129388 32189 1
129388 131638 1
129388 107275 1
129388 153865 1
129388 133587 1
59020 124294 1
59020 50169 1
59020 38924 1
59020 51935 1
59020 48109 1
141229 65215 1
77393 142884 1
77393 22698 1
10317 128082 1
146514 70170 1
66375 109316 1
66375 151802 1
66375 54111 1
66375 58970 1
66375 56511 1
112183 48110 1
112183 150249 1
112183 1474 1
112183 104074 1
112183 114717 1
117328 72911 1
117328 54905 1
117328 51349 1
117328 55890 1
117328 54446 1
57614 140407 1
57614 145645 1
57614 48581 1
57614 102529 1
57614 95092 1
107103 78510 1
107103 143452 1
107103 7629 1
107103 93279 1
107103 71631 1
92000 59508 1
92000 122800 1
92000 23767 1
92000 145796 1
92000 36287 1
149260 90860 1
149260 123623 1
149260 13254 1
149260 145862 1
149260 76680 1
59438 139454 1
59438 117783 1
59438 66080 1
31476 150341 1
31476 64029 1
31476 43642 1
31476 131252 1
31476 149273 1
69292 108024 1
69292 140549 1
69292 72212 1
69292 94755 1
69292 131435 1
60103 136451 1
60103 58261 1
60103 53563 1
60103 132995 1
60103 56137 1
47884 83799 1
47884 34953 1
32751 114420 1
32751 131562 1
32751 72347 1
32751 129834 1
32751 72307 1
122348 83799 1
122348 35868 1
150861 89519 1
150861 147916 1
150861 68369 1
150861 77344 1
150861 73981 1
128265 77586 1
128265 131389 1
128265 58514 1
128265 68672 1
128265 61877 1
84093 62515 1
84093 44194 1
96866 128082 1
111328 128082 1
101988 86724 1
101988 77833 1
101988 24490 1
101988 33646 1
101988 83717 1
148 130886 1
148 152767 1
148 37562 1
148 103360 1
148 18237 1
38185 105798 1
38185 44153 1
38185 77571 1
38185 99861 1
38185 47121 1
54136 91916 1
54136 59198 1
54136 24599 1
54136 28768 1
54136 118344 1
96848 91074 1
96848 63482 1
96848 41655 1
96848 64782 1
96848 62990 1
135294 100104 1
135294 43486 1
93511 95456 1
93511 114516 1
93511 41254 1
93511 64450 1
93511 149983 1
96396 101094 1
96396 122250 1
90621 85502 1
90621 61263 1
90621 46784 1
90621 60601 1
36073 151106 1
46298 70170 1
46298 63824 1
144859 151106 1
144859 21592 1
146117 67071 1
146117 150820 1
146117 49771 1
146117 60705 1
146117 52848 1
8776 83799 1
140315 78912 1
140315 144894 1
140315 52977 1
140315 67857 1
140315 63213 1
55615 59046 1
55615 70147 1
55615 51321 1
55615 144269 1
55615 55535 1
94746 129374 1
94746 152119 1
94746 37705 1
94746 46970 1
94746 122490 1
41167 18635 1
41167 98031 1
41167 151432 1
41167 87144 1
41167 45405 1
40738 75243 1
40738 84826 1
40738 38941 1
40738 54719 1
40738 127328 1
24746 85572 1
24746 128082 1
28527 128082 1
67382 74776 1
67382 60329 1
67382 52457 1
67382 60555 1
67382 56128 1
130017 69718 1
130017 130916 1
130017 38957 1
130017 54386 1
130017 48581 1
70303 143114 1
70303 68022 1
70303 46728 1
70303 68937 1
70303 54517 1
123352 31728 1
123352 108637 1
123352 9725 1
123352 102274 1
123352 25614 1
28815 64574 1
28815 95793 1
28815 81951 1
28815 72883 1
28815 96937 1
127917 124163 1
127917 95629 1
127917 87944 1
127917 96706 1
127917 94746 1
88238 112943 1
88238 95258 1
88238 29735 1
88238 35481 1
88238 126752 1
107740 75949 1
107740 74375 1
107740 32215 1
107740 35671 1
107740 75498 1
136197 29781 1
136197 137012 1
136197 152095 1
136197 77244 1
136197 136862 1
119837 87830 1
119837 66502 1
119837 63179 1
119837 68169 1
119837 66013 1
42498 62820 1
151351 126261 1
151351 112636 1
151351 37298 1
151351 46077 1
151351 121032 1
53600 65215 1
53600 81854 1
150533 87653 1
150533 80584 1
150533 38924 1
150533 49254 1
150533 86256 1
150012 75933 1
150012 60555 1
150012 47332 1
150012 62055 1
150012 50035 1
51852 151106 1
50512 23188 1
50512 73258 1
50512 97880 1
50512 121515 1
50512 66664 1
97547 80308 1
97547 101094 1
97547 37279 1
86640 90449 1
86640 120708 1
86640 4852 1
86640 43908 1
86640 145878 1
69128 133001 1
69128 118344 1
69128 55779 1
69128 68559 1
69128 63346 1
136973 73894 1
136973 68385 1
136973 2964 1
136973 45306 1
136973 69766 1
118977 105798 1
118977 71668 1
118977 58914 1
118977 72655 1
118977 65676 1
72409 140410 1
72409 151787 1
72409 34320 1
72409 64145 1
72409 120440 1
41763 124820 1
41763 88056 1
41763 151041 1
41763 96140 1
41763 130753 1
122955 91810 1
122955 72958 1
122955 49464 1
122955 77809 1
122955 72043 1
58081 101205 1
58081 68385 1
22498 91447 1
22498 46012 1
22498 122547 1
22498 32957 1
22498 123579 1
41005 141815 1
41005 89704 1
41005 93320 1
41005 137120 1
41005 71668 1
96208 134777 1
96208 134138 1
96208 51332 1
96208 66107 1
96208 128620 1
132824 111717 1
132824 68385 1
132824 41901 1
132824 114623 1
132824 95363 1
83531 81872 1
83531 95212 1
83531 54345 1
83531 66144 1
83531 124714 1
117162 100104 1
117162 41709 1
51234 85502 1
122400 89704 1
122400 72279 1
122400 62170 1
122400 76457 1
122400 72266 1
91356 125327 1
91356 143452 1
91356 13163 1
91356 70793 1
91356 144006 1
79076 61210 1
79076 52190 1
79076 40927 1
79076 54644 1
79076 49546 1
148146 116048 1
18199 103360 1
18199 50231 1
18199 124714 1
18199 111160 1
18199 104557 1
129042 65215 1
26383 125880 1
26383 115015 1
26383 62754 1
26383 76973 1
26383 110250 1
52452 93799 1
52452 85502 1
52452 126800 1
52452 104326 1
40729 66663 1
40729 47910 1
40729 52126 1
40729 87593 1
40729 51621 1
50281 83007 1
50281 147150 1
42078 89770 1
42078 105539 1
42078 80268 1
42078 151960 1
42078 112018 1
83271 135699 1
83271 76021 1
83271 71895 1
83271 81748 1
83271 75917 1
49043 82700 1
49043 61630 1
49043 30188 1
49043 36689 1
49043 60360 1
53909 140356 1
53909 108510 1
53909 113639 1
53909 27569 1
53909 83467 1
89084 81857 1
89084 63610 1
89084 56201 1
89084 64955 1
89084 60303 1
26822 51514 1
26822 36365 1
26822 77327 1
26822 33945 1
26822 40592 1
27220 60222 1
27220 87210 1
27220 80035 1
27220 152363 1
27220 78121 1
57070 67365 1
57070 99086 1
57070 126469 1
57070 124176 1
57070 142091 1
34984 147048 1
34984 72141 1
34984 31980 1
34984 43643 1
34984 105892 1
48349 144815 1
48349 60213 1
48349 18611 1
48349 35042 1
48349 121181 1
66856 67582 1
66856 76289 1
66856 44725 1
66856 54295 1
66856 113277 1
70836 139699 1
70836 107936 1
70836 108417 1
70836 128418 1
70836 115612 1
57509 32215 1
57509 60562 1
57509 97944 1
57509 105032 1
57509 99926 1
62899 64808 1
62899 59800 1
62899 53201 1
62899 107791 1
62899 59118 1
106662 103015 1
106662 20323 1
121786 101287 1
121786 132818 1
121786 70170 1
140814 80390 1
140814 45104 1
85368 81931 1
85368 95228 1
85368 48020 1
85368 70412 1
85368 65009 1
153006 80716 1
153006 82900 1
153006 61301 1
153006 10491 1
153006 91446 1
66707 154012 1
66707 91772 1
66707 116612 1
66707 118104 1
66707 135306 1
153824 72935 1
153824 148463 1
153824 49771 1
153824 61993 1
153824 56718 1
77209 110602 1
77209 62880 1
77209 53800 1
77209 64002 1
77209 61611 1
123164 91346 1
123164 81237 1
123164 26952 1
123164 35227 1
123164 90716 1
58362 58593 1
58362 98546 1
58362 42935 1
58362 48466 1
58362 62456 1
40902 98421 1
40902 138085 1
40902 21816 1
40902 33327 1
40902 79730 1
101398 90486 1
101398 55818 1
101398 45443 1
101398 55831 1
101398 52121 1
86437 85359 1
86437 126957 1
86437 63474 1
86437 72993 1
86437 71668 1
97480 83510 1
97480 53748 1
97480 46634 1
97480 56342 1
97480 52145 1
78662 76541 1
78662 60660 1
78662 47542 1
78662 63969 1
78662 55542 1
60222 43643 1
60222 142453 1
60222 27220 1
123579 152613 1
123579 117407 1
123579 48917 1
123579 59486 1
123579 145796 1
71043 140697 1
71043 100104 1
25776 87420 1
25776 111728 1
25776 39826 1
25776 74140 1
25776 26490 1
128659 21686 1
128659 24352 1
128659 20371 1
121515 85320 1
121515 62908 1
121515 56874 1
121515 67449 1
121515 62216 1
7289 48877 1
7289 51509 1
7289 70766 1
7289 49590 1
7289 99699 1
46182 92339 1
46182 133210 1
46182 139605 1
46182 85535 1
46182 96408 1
44924 108458 1
112186 123354 1
112186 151106 1
112186 58491 1
112186 64572 1
112186 113358 1
44284 60573 1
44284 121079 1
44284 44136 1
44284 140888 1
44284 70412 1
53499 108458 1
114606 99003 1
114606 141815 1
114606 63009 1
114606 85989 1
114606 80020 1
121968 26822 1
121968 149794 1
121968 4943 1
121968 102715 1
121968 26135 1
116796 67673 1
116796 57066 1
116796 42203 1
116796 57531 1
116796 51513 1
30497 66291 1
30497 108553 1
30497 14634 1
30497 23175 1
40447 103015 1
40447 113358 1
40447 81034 1
40447 58027 1
40447 109990 1
75408 95528 1
75408 100745 1
75408 59236 1
75408 102544 1
75408 71286 1
105723 89159 1
105723 70170 1
132818 128998 1
132818 126752 1
132818 38565 1
132818 44893 1
132818 128985 1
18937 122169 1
18937 129704 1
18937 30740 1
18937 148780 1
18937 26367 1
114059 53707 1
114059 125880 1
114059 134240 1
114059 22759 1
114059 53396 1
99998 63644 1
99998 52764 1
99998 46685 1
99998 52770 1
99998 51789 1
64775 87320 1
64775 62515 1
64775 59594 1
64775 63089 1
64775 62306 1
112026 85671 1
112026 132593 1
112026 58476 1
112026 62240 1
112026 60706 1
40784 52145 1
40784 140178 1
40784 118018 1
40784 132119 1
40784 48013 1
63982 89580 1
63982 150242 1
63982 28607 1
63982 41228 1
63982 112485 1
118901 141815 1
118901 122424 1
118901 71883 1
118901 83200 1
118901 121453 1
154485 83816 1
154485 150563 1
154485 57097 1
154485 73065 1
154485 69733 1
126264 122505 1
126264 112606 1
126264 46351 1
126264 55021 1
126264 113268 1
59293 45104 1
59293 21259 1
146399 96835 1
146399 74602 1
146399 67125 1
146399 75755 1
146399 73167 1
54532 55112 1
54532 116589 1
54532 78094 1
54532 137120 1
54532 65284 1
80999 91697 1
80999 107433 1
80999 39837 1
80999 52057 1
80999 131245 1
38139 79797 1
38139 45093 1
38139 60825 1
38139 117361 1
38139 42783 1
141759 83007 1
141759 104210 1
141759 77751 1
149121 108458 1
48047 141365 1
48047 105775 1
48047 85902 1
48047 109220 1
48047 80153 1
51231 103828 1
51231 60213 1
51231 16940 1
147547 38464 1
147547 142884 1
147547 254 1
147547 149983 1
147547 35132 1
85061 76444 1
85061 124163 1
85061 24233 1
85061 146160 1
85061 52492 1
83956 83971 1
83956 74780 1
83956 61601 1
83956 79055 1
83956 72043 1
49687 66104 1
49687 92322 1
49687 99605 1
49687 144036 1
49687 144481 1
33327 138804 1
33327 99365 1
33327 56087 1
33327 113831 1
33327 79265 1
36736 66941 1
36736 67824 1
36736 77833 1
36736 145047 1
36736 60280 1
116444 91640 1
116444 89953 1
116444 21815 1
116444 39817 1
116444 91447 1
2753 22085 1
2753 83510 1
2753 114574 1
2753 133434 1
2753 51891 1
97676 73946 1
97676 59227 1
97676 53675 1
97676 62420 1
97676 59165 1
111684 75121 1
111684 121379 1
111684 50345 1
111684 68021 1
111684 131562 1
110092 64270 1
110092 133752 1
110092 6931 1
110092 77798 1
110092 58859 1
99559 77186 1
99559 125151 1
99559 54411 1
99559 61038 1
99559 55688 1
103144 112763 1
103144 136932 1
103144 43351 1
103144 57598 1
103144 109682 1
95463 96251 1
95463 122075 1
95463 44136 1
95463 49265 1
95463 147048 1
99828 83007 1
99828 67574 1
99828 10759 1
99828 30861 1
43595 82202 1
43595 133390 1
43595 95211 1
43595 45455 1
43595 88130 1
76724 141849 1
76724 45104 1
111741 116666 1
111741 125040 1
111741 50450 1
111741 62082 1
111741 132910 1
54512 113574 1
54512 78733 1
54512 62891 1
54512 153006 1
54512 135564 1
15627 86389 1
15627 46390 1
15627 130600 1
15627 29879 1
15627 64558 1
154687 91582 1
154687 136816 1
154687 90502 1
103971 64730 1
103971 138286 1
103971 49594 1
103971 56020 1
103971 149491 1
151802 85513 1
151802 151447 1
151802 53909 1
151802 67667 1
151802 62820 1
125103 76454 1
125103 130930 1
125103 43447 1
125103 54599 1
125103 48215 1
60481 121511 1
60481 116317 1
60481 26728 1
60481 65631 1
60481 75093 1
83191 67382 1
83191 103548 1
83191 24352 1
54935 60213 1
54935 116391 1
54935 6931 1
54935 125831 1
54935 58337 1
69250 148895 1
69250 68588 1
69250 58827 1
69250 69118 1
69250 65004 1
151050 129099 1
151050 97512 1
151050 58096 1
151050 110557 1
151050 87130 1
83987 72181 1
83987 105385 1
83987 43939 1
83987 58736 1
83987 50388 1
85623 47434 1
85623 98921 1
85623 37680 1
85623 41201 1
85623 39815 1
72181 80935 1
72181 83987 1
72181 73633 1
72181 105495 1
72181 119570 1
65614 114735 1
65614 138132 1
65614 79621 1
65614 140440 1
65614 72977 1
54567 106105 1
54567 62820 1
54567 7841 1
54567 51176 1
91183 119282 1
91183 136147 1
91183 117920 1
91183 111590 1
91183 120216 1
77864 66080 1
77864 49501 1
77864 38702 1
77864 54415 1
77864 44778 1
12833 114559 1
12833 30334 1
12833 146844 1
12833 47780 1
12833 21502 1
120988 154863 1
120988 141513 1
120988 43499 1
120988 61858 1
120988 125798 1
41881 101094 1
41881 43128 1
41881 3053 1
41881 92968 1
41881 85396 1
63149 110740 1
63149 134783 1
63149 51476 1
63149 131971 1
63149 62729 1
37702 114089 1
37702 118544 1
37702 67723 1
37702 101295 1
37702 106510 1
58970 108092 1
58970 82578 1
58970 42148 1
58970 48268 1
58970 72123 1
46171 61488 1
46171 112668 1
46171 142397 1
46171 116512 1
46171 151577 1
154228 96230 1
154228 145440 1
154228 17591 1
154228 100019 1
154228 83757 1
134428 98263 1
134428 81745 1
134428 63311 1
134428 86099 1
134428 71983 1
113160 111169 1
113160 70170 1
113160 12890 1
113160 36455 1
113160 103015 1
56650 100537 1
56650 88990 1
56650 56599 1
56650 154181 1
56650 94230 1
19431 10989 1
64087 129044 1
64087 130683 1
64087 19018 1
64087 99230 1
64087 124002 1
86582 36990 1
86582 66781 1
86582 1123 1
86582 57819 1
86582 21007 1
150784 43552 1
150784 120837 1
150784 8936 1
150784 111199 1
150784 142233 1
62806 137377 1
62806 106632 1
62806 84225 1
62806 152329 1
62806 83462 1
48900 84254 1
48900 57066 1
48900 46450 1
48900 65802 1
48900 90119 1
153604 90121 1
153604 73407 1
153604 63331 1
153604 75682 1
153604 72431 1
97965 90068 1
97965 74987 1
97965 64065 1
97965 83460 1
97965 74237 1
42341 78765 1
42341 64270 1
42341 58564 1
50823 95908 1
50823 103015 1
50823 59 1
50823 145031 1
50823 103307 1
121070 84728 1
121070 125141 1
121070 67365 1
121070 75310 1
121070 69527 1
98617 126906 1
98617 118792 1
98617 87149 1
98617 132238 1
98617 94734 1
154863 142485 1
154863 135020 1
154863 48113 1
154863 72963 1
154863 141513 1
124597 68217 1
124597 36990 1
86151 65215 1
99832 60213 1
99832 120798 1
99832 18611 1
99832 103138 1
99832 49927 1
72838 74987 1
72838 133724 1
72838 56348 1
72838 70318 1
72838 145508 1
73236 95579 1
73236 93389 1
73236 41701 1
73236 47123 1
73236 91861 1
87579 94982 1
87579 75026 1
87579 46683 1
87579 76338 1
87579 70119 1
96539 88417 1
96539 85778 1
96539 37937 1
96539 45090 1
96539 88409 1
137990 149808 1
137990 151944 1
137990 47121 1
137990 56458 1
137990 143406 1
99036 143452 1
34005 129760 1
34005 154538 1
34005 69279 1
34005 78928 1
34005 59967 1
81858 66881 1
81858 91640 1
81858 83373 1
81858 26232 1
81858 66165 1
42257 52492 1
95714 86615 1
95714 71623 1
95714 59537 1
95714 72406 1
95714 71524 1
132283 66349 1
132283 137304 1
132283 48121 1
132283 56247 1
132283 140407 1
52086 83799 1
137225 79229 1
137225 71357 1
137225 51656 1
137225 71470 1
137225 70939 1
79316 151139 1
79316 98028 1
79316 1117 1
79316 103662 1
79316 133761 1
56232 103428 1
56232 66080 1
74660 100096 1
74660 54028 1
74660 45884 1
74660 55461 1
74660 50178 1
105032 78094 1
105032 73894 1
105032 33327 1
105032 42078 1
105032 77278 1
41228 97632 1
41228 93962 1
41228 15159 1
41228 21007 1
41228 53855 1
79265 113795 1
79265 133365 1
79265 57066 1
79265 72823 1
79265 71367 1
72426 107126 1
72426 116444 1
72426 39645 1
72426 63313 1
72426 129235 1
51929 121464 1
51929 66664 1
51929 31742 1
51929 39652 1
51929 110451 1
53026 91979 1
53026 56891 1
53026 22212 1
53026 26433 1
53026 136008 1
77933 110240 1
77933 136579 1
77933 66069 1
77933 78853 1
77933 75642 1
30080 101094 1
30080 72507 1
1225 98787 1
1225 70750 1
1225 152988 1
1225 110855 1
1225 56756 1
51135 72102 1
51135 144374 1
51135 89472 1
51135 98263 1
51135 102654 1
126800 73111 1
126800 132548 1
126800 53963 1
126800 62170 1
126800 58007 1
103828 92998 1
103828 67355 1
103828 57509 1
103828 67780 1
103828 65285 1
62110 45104 1
101411 39636 1
101411 104115 1
101411 124323 1
101411 112252 1
101411 148040 1
145583 72279 1
145583 96706 1
145583 64215 1
35562 114100 1
35562 61733 1
35562 124828 1
35562 41254 1
35562 83492 1
95924 76977 1
95924 147184 1
95924 58994 1
95924 72098 1
95924 64383 1
86108 143703 1
86108 103561 1
86108 53068 1
86108 63179 1
86108 149842 1
148220 73811 1
148220 154254 1
148220 48802 1
148220 67331 1
148220 64221 1
114273 85222 1
114273 77834 1
114273 57282 1
114273 79174 1
114273 73419 1
56083 70526 1
56083 70170 1
56083 2227 1
56083 4168 1
56083 83269 1
120705 21840 1
120705 71958 1
120705 136373 1
120705 51772 1
120705 150778 1
117024 148090 1
117024 134558 1
117024 103662 1
117024 16892 1
117024 44791 1
91048 104730 1
91048 108940 1
91048 76788 1
91048 100301 1
91048 140361 1
130721 132532 1
130721 128638 1
130721 50570 1
130721 64676 1
130721 144816 1
80414 110969 1
80414 132719 1
80414 45421 1
80414 60360 1
80414 84341 1
88990 56650 1
12890 21686 1
12890 112183 1
71983 134428 1
86099 134428 1
54446 117328 1
108417 70836 1
151577 46171 1
116512 77327 1
116512 46171 1
37937 126264 1
37937 151351 1
101295 35671 1
118544 37702 1
131971 63149 1
131562 101988 1
110740 103561 1
110740 63149 1
61858 120988 1
21815 114735 1
141513 65631 1
136147 91183 1
136147 41201 1
119282 91183 1
133210 46182 1
87944 77278 1
72977 65614 1
66013 74987 1
66013 54345 1
66013 79730 1
138132 65614 1
85902 22085 1
85902 48047 1
119570 72181 1
96937 48900 1
112606 126264 1
105495 72181 1
73633 72181 1
39815 85623 1
39815 77209 1
47434 85623 1
50388 83987 1
58736 83987 1
87130 151050 1
69118 69250 1
148895 69250 1
116391 53909 1
62420 29781 1
79174 114273 1
140440 65614 1
84728 121070 1
121511 60481 1
130930 125103 1
76454 125103 1
62729 63149 1
67667 120216 1
49594 103971 1
91582 54345 1
55021 126264 1
72431 153604 1
46390 15627 1
62082 111741 1
50450 111741 1
43486 112018 1
43486 105496 1
125040 111741 1
96835 146399 1
86389 15627 1
45455 43595 1
83757 140178 1
133390 43595 1
82202 43595 1
56087 76021 1
96251 95463 1
112763 78928 1
61038 99559 1
113268 126264 1
6931 54935 1
133752 83971 1
50345 65631 1
97512 151050 1
121379 56087 1
121379 111684 1
75121 39817 1
53675 54512 1
53675 82700 1
53675 61210 1
67673 132719 1
89953 116444 1
56874 121515 1
91640 75949 1
113831 33327 1
61601 83956 1
138286 103971 1
99605 49687 1
89159 105723 1
92322 49687 1
79055 83956 1
79055 29781 1
73946 97676 1
74780 83956 1
90449 86640 1
41701 73236 1
24233 117024 1
130600 15627 1
95211 43595 1
67355 103828 1
38464 147547 1
16940 60213 1
16940 144815 1
60303 89084 1
3053 40006 1
3053 62456 1
109220 48047 1
91810 122955 1
105775 48047 1
151041 41763 1
141365 48047 1
66502 119837 1
18635 41167 1
18635 149983 1
53201 62899 1
116666 111741 1
148463 153824 1
69710 89201 1
136373 58337 1
51349 117328 1
131435 69292 1
77586 128265 1
51513 116796 1
51513 120708 1
60825 38139 1
78931 89201 1
71524 95714 1
8936 150784 1
31980 104115 1
31980 34984 1
27569 95228 1
27569 1123 1
51935 59020 1
104074 81858 1
48110 50345 1
107936 70836 1
140549 69292 1
104557 18199 1
104557 126752 1
85222 114273 1
53563 60103 1
87306 89201 1
72212 69292 1
110602 77209 1
48877 7289 1
43939 83987 1
43939 60562 1
55461 74660 1
76680 149260 1
39645 72426 1
39645 107126 1
150820 146117 1
95528 75408 1
68369 150861 1
68369 72409 1
95092 66781 1
95092 66080 1
128418 70836 1
67449 121515 1
98787 154485 1
98787 1225 1
50231 18199 1
64955 89084 1
89580 43447 1
72098 95924 1
69279 34005 1
59236 75408 1
38565 154181 1
55535 55615 1
21007 86582 1
103307 54517 1
146844 12833 1
16892 117024 1
16892 66856 1
2964 41901 1
117361 38139 1
21502 12833 1
41254 35562 1
22698 77393 1
114420 49254 1
99365 120440 1
125798 154863 1
125798 120988 1
125798 89704 1
67365 151106 1
67365 41228 1
129235 72426 1
42783 38139 1
40314 127917 1
40314 107740 1
65004 69250 1
1474 112183 1
58261 60103 1
132995 95363 1
102544 75408 1
58564 40738 1
149273 31476 1
102274 71631 1
102274 53675 1
81951 28815 1
81951 72838 1
74987 97965 1
74987 48581 1
74987 57070 1
91447 26367 1
111199 150784 1
117783 147048 1
117783 59438 1
124163 85061 1
65676 118977 1
95629 81872 1
70939 137225 1
77338 89201 1
59046 55615 1
52764 99998 1
80631 130017 1
93799 52452 1
54295 66856 1
126752 88238 1
126752 26367 1
126752 91772 1
23188 117024 1
43642 31476 1
26232 79621 1
77244 136197 1
51332 96208 1
32927 63655 1
63179 125798 1
63179 36233 1
64002 77209 1
52457 80999 1
56137 60103 1
122800 131562 1
122800 55112 1
80268 42078 1
30334 12833 1
37298 79076 1
37298 111384 1
37298 74375 1
76021 91582 1
76021 68021 1
118104 74987 1
118104 128998 1
118104 53396 1
87653 141513 1
87653 97333 1
96706 88238 1
80584 150533 1
86256 69718 1
62055 150012 1
97632 62170 1
136862 136197 1
111717 68385 1
67780 103828 1
71895 83271 1
71895 150778 1
120708 51513 1
1117 154863 1
88409 96539 1
77186 99559 1
115612 70836 1
26728 55831 1
145878 86640 1
73894 127917 1
118344 54136 1
50035 150012 1
82700 53675 1
82700 68169 1
58827 69250 1
90502 144894 1
90502 154687 1
87210 27220 1
70750 1225 1
78121 27220 1
48215 125103 1
71357 137225 1
56891 53026 1
13163 51772 1
96140 41763 1
48268 58970 1
72958 122955 1
72655 118977 1
144036 49687 1
93320 41005 1
61210 68021 1
134138 54644 1
114623 71668 1
124294 59020 1
62170 112943 1
62170 122400 1
47910 122400 1
47910 40729 1
133001 69128 1
45884 74660 1
64574 43595 1
81857 89084 1
72043 83956 1
72043 122955 1
136579 77933 1
132719 67673 1
132719 91640 1
68937 70303 1
32945 87974 1
91697 138085 1
87593 40729 1
151787 128265 1
72406 95714 1
77344 150861 1
151960 85396 1
151960 74987 1
151960 53707 1
151960 76788 1
149491 103971 1
137304 132283 1
54905 117328 1
63610 89084 1
152363 27220 1
76289 50169 1
150341 31476 1
124828 35562 1
56201 89084 1
95579 73236 1
45090 16892 1
45090 22698 1
45090 96539 1
66881 60555 1
77327 48581 1
98031 41167 1
47542 78662 1
56247 132283 1
44725 66856 1
44725 22085 1
72307 135699 1
60555 66881 1
67582 254 1
72935 153824 1
126906 98617 1
56128 67382 1
46012 22498 1
56458 101295 1
56458 137990 1
60573 128265 1
94230 56650 1
36365 26822 1
64221 148220 1
128638 130721 1
68559 69128 1
60329 67382 1
130683 81858 1
99230 57509 1
56020 103971 1
152329 64450 1
84254 118901 1
84254 33327 1
84254 48900 1
90119 126469 1
73407 153604 1
73407 1225 1
73407 64450 1
105539 42078 1
75682 153604 1
50169 116048 1
149842 86108 1
149842 49771 1
35671 101295 1
35671 137012 1
35671 88238 1
130886 148 1
120440 108940 1
71883 118901 1
90068 97965 1
90860 149260 1
145047 36736 1
64065 97965 1
83460 97965 1
83460 154485 1
95908 73111 1
130916 130017 1
46970 94746 1
124176 112943 1
138804 83271 1
138804 33327 1
135020 137012 1
135020 9725 1
135020 154863 1
49265 95463 1
72963 154863 1
26433 53026 1
133724 72838 1
56348 72838 1
70318 21007 1
70318 72838 1
145508 72838 1
144269 55615 1
135564 70412 1
135564 128998 1
125880 111684 1
145031 81858 1
145031 81872 1
91861 73236 1
71286 75408 1
88417 96539 1
78733 54512 1
142453 99365 1
78510 62170 1
71623 37298 1
108024 69292 1
59537 95714 1
152095 136197 1
44153 38185 1
80935 72181 1
66349 132283 1
142091 57070 1
75933 150012 1
48121 126469 1
51656 137225 1
71470 116391 1
71470 137225 1
60660 78662 1
98028 79316 1
98028 60562 1
134240 83971 1
134240 62456 1
54028 74660 1
50178 74660 1
131245 80999 1
63346 63655 1
63346 69128 1
93962 41228 1
45405 41167 1
48917 123579 1
133365 82700 1
133365 79265 1
78928 112763 1
51509 7289 1
110451 66375 1
91979 53026 1
60705 44284 1
22212 53026 1
110240 77933 1
129044 63009 1
136008 68021 1
66069 77933 1
78853 77933 1
67331 104074 1
67331 148220 1
77278 105032 1
77278 59508 1
75642 77933 1
55890 80631 1
56756 50345 1
72102 59020 1
72102 51135 1
89472 51135 1
64782 96848 1
102654 51135 1
73111 95908 1
110969 80414 1
22085 71631 1
22085 28756 1
22085 140828 1
22085 79576 1
92998 82153 1
92998 143605 1
92998 43983 1
92998 52213 1
92998 49663 1
65285 103828 1
61993 153824 1
140178 97000 1
140178 31552 1
140178 154863 1
81745 134428 1
39636 28929 1
39636 35835 1
72911 117328 1
72911 65181 1
125141 121070 1
62908 88095 1
62908 121515 1
132548 126800 1
132548 20955 1
124323 96082 1
124323 66883 1
124323 68483 1
148040 122694 1
148040 94414 1
148040 101411 1
114100 35562 1
113277 66856 1
76977 128310 1
76977 95924 1
76977 17552 1
4852 152653 1
147184 95924 1
147184 4535 1
147184 59 1
147184 137158 1
55831 101398 1
55831 26728 1
58994 95924 1
66781 132324 1
66781 57965 1
66781 96112 1
64383 95924 1
80020 114606 1
74173 154089 1
74173 84006 1
74173 13949 1
74173 70361 1
53068 23078 1
53068 147976 1
53068 146499 1
53068 78698 1
154254 116796 1
154254 148220 1
48802 148220 1
48802 34669 1
134777 96208 1
94734 105214 1
94734 38680 1
94734 53398 1
94734 44008 1
77834 95276 1
77834 86455 1
77834 114273 1
121453 18937 1
121453 123164 1
121453 118901 1
74237 114893 1
74237 113351 1
74237 41964 1
74237 54345 1
73419 114273 1
73419 97676 1
73419 60050 1
52121 105704 1
52121 132728 1
52121 21592 1
70526 146650 1
70526 58022 1
70526 144619 1
70526 124926 1
110855 1225 1
20323 132796 1
20323 89466 1
20323 33320 1
20323 53554 1
20323 143919 1
76457 84019 1
76457 136402 1
71958 152337 1
71958 69899 1
71958 70275 1
71958 66356 1
87149 125843 1
87149 124636 1
87149 50747 1
148090 101067 1
148090 54644 1
148090 71211 1
148090 63046 1
49254 133492 1
49254 95229 1
49254 60555 1
49254 62999 1
66664 86428 1
66664 62754 1
66664 51929 1
66664 65158 1
125151 135932 1
125151 145862 1
125151 33036 1
125151 43152 1
125151 153851 1
53707 136816 1
53707 52156 1
53707 114059 1
111160 58712 1
111160 116444 1
111160 18199 1
69527 121070 1
122547 103630 1
122547 97652 1
122547 10815 1
122547 22498 1
131252 115669 1
131252 31476 1
134558 146129 1
134558 49768 1
134558 63009 1
44791 47261 1
44791 117024 1
44791 109469 1
108940 70104 1
108940 54379 1
108940 70207 1
108940 68313 1
140361 140370 1
140361 136582 1
34953 32245 1
34953 47884 1
34953 137312 1
34953 103541 1
43552 150784 1
81854 69313 1
81854 122922 1
81854 49896 1
81854 62515 1
75310 94970 1
75310 87954 1
75310 59725 1
75310 97144 1
58027 117775 1
58027 103015 1
58027 42134 1
64676 130721 1
15159 54123 1
15159 27367 1
79576 98450 1
79576 79730 1
86208 90386 1
86208 20251 1
86208 122250 1
86208 51789 1
54111 143199 1
54111 148260 1
54111 147934 1
32957 143101 1
32957 97138 1
32957 150697 1
70793 48191 1
70793 60601 1
151447 89834 1
151447 84184 1
151447 152702 1
151447 37574 1
149794 70927 1
149794 50184 1
149794 38969 1
63474 86437 1
61733 35562 1
49546 42767 1
48109 96343 1
48109 5113 1
48109 37666 1
29735 102014 1
29735 126963 1
29735 50297 1
37562 78118 1
37562 57070 1
66144 72903 1
71367 79265 1
36287 114420 1
36287 101031 1
36287 31188 1
124820 45965 1
124820 59050 1
79554 63655 1
79554 107801 1
116589 145440 1
116589 54532 1
116589 42125 1
60562 66013 1
60562 135699 1
60562 49043 1
60562 58777 1
44893 132818 1
44893 95714 1
46634 84918 1
46634 87420 1
46634 118572 1
46634 137120 1
46634 115483 1
70147 55615 1
70147 36866 1
112943 55756 1
112943 73118 1
112943 70879 1
76973 78300 1
76973 78155 1
76973 35062 1
76973 49079 1
32215 72142 1
32215 109254 1
32215 73037 1
7841 15434 1
7841 28283 1
72883 142330 1
72883 65356 1
153865 75755 1
153865 130800 1
153865 58623 1
84225 62806 1
108092 58970 1
140697 71043 1
140697 53655 1
140697 38806 1
140697 55906 1
46683 87579 1
51621 146131 1
51621 81091 1
72266 132514 1
72266 91788 1
72266 117248 1
63213 140315 1
63213 52977 1
150249 64270 1
150249 72860 1
43447 48502 1
43447 94382 1
43447 66995 1
43447 115965 1
132238 54136 1
126957 86437 1
62990 96848 1
59508 52850 1
59508 116326 1
24599 122681 1
24599 54136 1
24599 144422 1
24599 45744 1
24599 34005 1
48466 77090 1
48466 62456 1
48466 38985 1
48466 153090 1
48466 107853 1
75917 123548 1
75917 70176 1
60280 108429 1
60280 51176 1
60280 41313 1
60280 53854 1
75949 107740 1
75949 51833 1
45306 82861 1
45306 91197 1
45306 114330 1
45306 52004 1
45306 140356 1
86615 150850 1
150778 93820 1
150778 46611 1
150778 66013 1
121181 110531 1
121181 2186 1
121181 99832 1
121181 88936 1
75093 122663 1
75093 83467 1
18611 131141 1
18611 88636 1
54644 116090 1
54644 82058 1
54644 84322 1
98263 80100 1
98263 82959 1
98263 56650 1
98263 17196 1
98263 93268 1
135699 115570 1
135699 108205 1
135699 49821 1
123354 67776 1
123354 150577 1
123354 46150 1
123354 61619 1
33646 38011 1
33646 98263 1
78912 106811 1
78912 23430 1
110250 124002 1
110250 9082 1
110250 145861 1
35868 121998 1
35868 78122 1
35868 146374 1
81748 49181 1
81748 83271 1
122075 52321 1
122075 95463 1
89519 150861 1
56599 56650 1
132593 112026 1
132593 70300 1
73981 150861 1
100096 74660 1
74602 137360 1
74602 6060 1
74602 29839 1
74602 146399 1
67071 13897 1
67071 41450 1
89704 72510 1
89704 140178 1
61877 116697 1
61877 52536 1
61877 128265 1
61877 96598 1
46728 144600 1
46728 70303 1
46728 2227 1
46728 70300 1
46728 134307 1
148780 38565 1
148780 3262 1
148780 56879 1
148780 18937 1
120798 95711 1
120798 140407 1
120798 59527 1
44194 60938 1
44194 128998 1
140410 72409 1
77833 69256 1
77833 51176 1
77833 45489 1
77833 58656 1
62891 32489 1
62891 128120 1
101287 63414 1
101287 103153 1
101287 40315 1
101287 45988 1
106510 53160 1
106510 50825 1
106510 37574 1
106510 37702 1
92339 58992 1
92339 29732 1
92339 46182 1
83717 149004 1
83717 101988 1
103360 42308 1
103360 139028 1
111590 137883 1
111590 35265 1
111590 125348 1
99861 40650 1
99861 6020 1
99861 38185 1
66941 36736 1
66941 4943 1
28607 146160 1
28607 130508 1
28607 67717 1
82578 58970 1
82578 151388 1
82578 96908 1
66663 40729 1
113574 54512 1
63331 153604 1
38957 89585 1
38957 112629 1
38957 77728 1
38957 143384 1
38957 129810 1
59800 62899 1
23175 74035 1
23175 30497 1
23175 123163 1
91074 96848 1
115015 26383 1
38941 147477 1
38941 136834 1
38941 80791 1
47121 70957 1
47121 61245 1
103561 75949 1
103561 114806 1
103561 70412 1
103561 66375 1
49590 143288 1
49590 7289 1
49590 12645 1
91916 105084 1
91916 107371 1
91916 53767 1
65284 54532 1
80035 27220 1
66107 96208 1
94755 69292 1
105798 150697 1
105798 42308 1
105798 54345 1
105798 121070 1
31728 121213 1
31728 61240 1
31728 110513 1
81931 58296 1
81931 85368 1
81931 133820 1
113639 135282 1
75243 51766 1
75243 113926 1
75243 66376 1
122250 83430 1
122250 63009 1
140356 57629 1
140356 123373 1
140356 45306 1
140356 111160 1
140356 53909 1
83269 108392 1
83269 60499 1
83269 125411 1
72823 79265 1
72823 49051 1
95456 93580 1
95456 87153 1
95456 69321 1
95456 87938 1
95456 85163 1
57598 103144 1
57598 9812 1
57598 65000 1
70766 7289 1
72507 130393 1
72507 68928 1
72507 71174 1
114516 93511 1
38924 70760 1
38924 128354 1
38924 37450 1
38924 150533 1
36455 40483 1
36455 68015 1
36455 146090 1
83462 62806 1
100745 75408 1
60601 88808 1
60601 70793 1
60601 77443 1
60601 71631 1
60601 152264 1
72123 58970 1
89770 121959 1
89770 93008 1
89770 36001 1
89770 43983 1
89770 115160 1
95212 118798 1
95212 45306 1
21592 72890 1
21592 139562 1
21592 41632 1
21592 80173 1
21592 102313 1
154012 47008 1
154012 40488 1
147048 130109 1
147048 43920 1
147048 61329 1
49464 153399 1
49464 122955 1
137012 113140 1
137012 111089 1
137012 35896 1
137012 112895 1
65631 118699 1
65631 62465 1
124002 67788 1
124002 39089 1
124002 52225 1
124002 51517 1
64808 62899 1
144894 140315 1
144894 90502 1
68672 84019 1
68672 128265 1
84341 80414 1
84341 95337 1
84341 16892 1
47780 12833 1
67857 39660 1
67857 115371 1
67857 36001 1
51321 71458 1
51321 55615 1
145645 130431 1
145645 118658 1
145645 54392 1
145645 62319 1
145645 126876 1
58914 65306 1
58914 118968 1
4943 103464 1
4943 36233 1
4943 119153 1
54719 40738 1
55542 78662 1
64029 31476 1
37705 83554 1
37705 31118 1
37705 96896 1
37705 110451 1
76444 86686 1
76444 73542 1
76444 49546 1
58337 153486 1
58337 126374 1
79229 137225 1
79229 121280 1
40927 134040 1
40927 136451 1
40927 35132 1
40927 79076 1
82900 64198 1
87144 41167 1
34320 30987 1
34320 72409 1
34320 2380 1
143114 140361 1
143114 145862 1
70119 87579 1
125831 69503 1
125831 135282 1
125831 62306 1
84826 40738 1
97880 84051 1
97880 50512 1
97880 71631 1
97880 64993 1
85535 46182 1
127328 40738 1
61488 98781 1
61488 107370 1
61488 54111 1
68022 27220 1
68022 70303 1
68022 4943 1
10759 49017 1
10759 108985 1
10759 24109 1
10759 99828 1
144816 130721 1
144816 67631 1
144816 9532 1
144816 17953 1
144816 84911 1
64730 103971 1
99086 57070 1
99086 30861 1
107791 83226 1
107791 62899 1
83492 35562 1
59118 62899 1
59118 9236 1
48020 125219 1
48020 45869 1
48020 135372 1
65009 93511 1
65009 95101 1
65009 113858 1
61301 153006 1
61301 34849 1
61301 4806 1
61301 13949 1
61301 88701 1
57819 118679 1
73167 58111 1
73167 52335 1
81872 108510 1
81872 54011 1
10491 92222 1
10491 153006 1
10491 131103 1
10491 45108 1
10491 149291 1
91446 153006 1
91446 81621 1
54411 99559 1
25614 123352 1
25614 40784 1
25614 124759 1
91772 95687 1
91772 102181 1
91772 18644 1
91772 50169 1
151432 154647 1
151432 119402 1
116612 140298 1
116612 37705 1
116612 50096 1
116612 118104 1
144374 51135 1
41655 118792 1
41655 92553 1
41655 28517 1
41655 96848 1
72993 86437 1
135306 66707 1
43128 41881 1
43128 150739 1
43128 37758 1
61611 77209 1
61611 3796 1
131389 128265 1
131389 152407 1
131389 57016 1
91346 60562 1
91346 53854 1
91346 125849 1
91346 21686 1
35227 63020 1
35227 132694 1
35227 10491 1
35227 129118 1
35227 123164 1
29781 23244 1
29781 26952 1
29781 121959 1
90716 110554 1
90716 123164 1
90716 61619 1
76788 134040 1
76788 68021 1
76788 87145 1
81237 26555 1
81237 88508 1
42935 103463 1
42935 47380 1
42935 65679 1
62456 55597 1
62456 27664 1
62456 58362 1
152988 1225 1
105385 83987 1
107126 86724 1
107126 39645 1
107126 96405 1
98421 40902 1
98421 73258 1
98421 138085 1
98421 136932 1
54517 70303 1
54517 103307 1
138085 150249 1
112018 135767 1
112018 151953 1
132910 132447 1
132910 111741 1
57097 154485 1
65802 136046 1
65802 48900 1
65802 41739 1
65802 66747 1
79730 76014 1
79730 132509 1
79730 58992 1
79730 66013 1
79730 63128 1
90486 101398 1
55818 101398 1
45443 23049 1
45443 53170 1
45443 101398 1
85359 107728 1
85359 19221 1
85359 86437 1
46784 152230 1
46784 85778 1
53748 97480 1
113795 79265 1
113795 9219 1
113795 114193 1
80716 54379 1
80716 54415 1
80716 48051 1
56342 97480 1
64572 104963 1
64572 44789 1
45421 115999 1
45421 109721 1
45421 122725 1
45421 80414 1
52145 9082 1
52145 74626 1
52145 66710 1
52145 50326 1
52145 60973 1
76541 78662 1
145796 78325 1
145796 150730 1
145796 41633 1
63969 139274 1
63969 129670 1
63969 123164 1
152613 32636 1
152613 109922 1
152613 123579 1
72141 33494 1
72141 86708 1
117407 123579 1
63089 73095 1
63089 49871 1
63089 140298 1
59486 123579 1
59486 98146 1
103138 99479 1
103138 53654 1
103138 78565 1
103138 71375 1
139699 16967 1
139699 150350 1
139699 142480 1
42203 116796 1
87420 37091 1
87420 539 1
87420 147369 1
87420 25776 1
39826 144000 1
39826 126423 1
39826 18812 1
39826 29896 1
80153 48047 1
55779 69128 1
74140 86544 1
74140 80577 1
74140 94734 1
141815 63746 1
141815 54608 1
141815 118901 1
141815 27849 1
141815 61263 1
21686 80478 1
21686 99926 1
21686 35219 1
21686 128666 1
21686 47965 1
85320 43479 1
85320 121515 1
85320 7176 1
85320 97138 1
62216 121515 1
62216 51891 1
99699 7289 1
139605 46182 1
47332 150012 1
47332 5877 1
136451 76598 1
96408 46182 1
96408 4763 1
37680 85623 1
37680 26166 1
113358 88198 1
113358 70303 1
113358 59341 1
113358 71534 1
113358 66954 1
121079 72645 1
129374 130530 1
129374 124113 1
129374 117683 1
52770 123194 1
52770 9385 1
52770 59065 1
19018 98374 1
19018 111677 1
19018 93370 1
140888 44284 1
63009 66537 1
63009 20152 1
85989 101788 1
85989 114606 1
58096 151050 1
88056 41763 1
93279 101271 1
93279 69626 1
48013 150108 1
48013 64418 1
48013 29087 1
48013 40784 1
48013 135001 1
56718 153824 1
68588 77956 1
68588 80894 1
68588 49357 1
68588 56213 1
99926 67668 1
99926 125169 1
99926 50808 1
99926 62143 1
99926 57509 1
73811 148220 1
69718 104047 1
69718 80863 1
69718 48748 1
62754 114334 1
62754 142708 1
62754 39526 1
62754 95101 1
57531 116796 1
57531 16310 1
62880 77209 1
62880 40191 1
85513 150533 1
85513 115338 1
85513 151802 1
44136 97467 1
44136 44284 1
44136 148356 1
44136 104100 1
95258 43047 1
95258 54644 1
95258 50664 1
144006 39636 1
144006 125327 1
144006 9786 1
144006 103898 1
112668 46171 1
109990 151236 1
109990 130392 1
109990 46248 1
110557 151050 1
128998 73571 1
128998 52698 1
128998 58721 1
128998 55112 1
128985 132818 1
128985 120216 1
128985 84525 1
46685 75949 1
46685 49534 1
122169 123164 1
122169 18937 1
129704 53396 1
129704 122505 1
129704 9679 1
129704 121456 1
26367 126752 1
26367 15312 1
26367 110451 1
69766 136973 1
69766 47405 1
69766 62084 1
22759 135282 1
22759 124831 1
60360 125053 1
60360 50169 1
53396 71934 1
94982 117341 1
94982 87579 1
63644 99998 1
100537 56650 1
152767 148 1
51789 151467 1
51789 64599 1
104730 76894 1
104730 122490 1
104730 61428 1
104730 73462 1
68169 145085 1
68169 88756 1
68169 116796 1
87320 91005 1
87320 64775 1
38702 17275 1
38702 77864 1
38702 110454 1
59594 64775 1
59594 138295 1
41709 117162 1
41709 97171 1
41709 117505 1
41709 56087 1
41709 80652 1
67824 36736 1
67824 30263 1
57282 94504 1
57282 114273 1
57282 3313 1
57282 74439 1
57282 132103 1
53800 77209 1
114735 33678 1
114735 40663 1
85671 112026 1
85671 1079 1
49771 87937 1
49771 47087 1
49771 100354 1
49771 123004 1
58476 112026 1
62240 67723 1
62240 112026 1
62240 154012 1
62240 88055 1
114089 69292 1
114089 46120 1
114089 37702 1
21816 40902 1
60706 112026 1
60706 153399 1
120216 154872 1
120216 44944 1
85396 98654 1
85396 36578 1
85396 52197 1
85396 129756 1
62306 93467 1
62306 88530 1
118018 26579 1
118018 126494 1
118018 12976 1
118018 40784 1
118018 15312 1
132119 40784 1
150242 83547 1
150242 13199 1
150242 63982 1
144481 76080 1
144481 49687 1
144481 56290 1
58514 128265 1
112485 104613 1
112485 95101 1
112485 63982 1
112485 73236 1
58007 126800 1
122424 118901 1
122424 14877 1
122424 114669 1
83200 118901 1
83816 28736 1
83816 99261 1
83816 133407 1
83816 96758 1
26952 110451 1
26952 60886 1
26952 122635 1
26952 125052 1
150563 145031 1
150563 12890 1
150563 100179 1
73065 46460 1
73065 1474 1
73065 92840 1
73065 17552 1
69733 115591 1
69733 101654 1
69733 86615 1
75498 49641 1
75498 54557 1
63311 134428 1
63311 69485 1
63311 112252 1
63311 107332 1
122505 91743 1
122505 67839 1
122505 84250 1
122505 149233 1
43499 120988 1
43499 31802 1
43499 66710 1
21259 127482 1
21259 135961 1
21259 120440 1
77571 38185 1
67125 139699 1
67125 37301 1
67125 44531 1
67125 82292 1
55112 46171 1
55112 128998 1
55112 72142 1
59227 83373 1
59227 47844 1
64450 154153 1
64450 52190 1
64450 68741 1
64450 58335 1
107433 122187 1
107433 80999 1
39837 104565 1
39837 108960 1
39837 142774 1
39837 146546 1
45093 90174 1
45093 68266 1
45093 38139 1
45093 70361 1
52057 106833 1
52057 60049 1
52057 149328 1
