142482 35884 1
35884 22856 1
35884 89489 1
35884 109152 1
35884 26420 1
35884 89429 1
89489 129429 1
89489 35884 1
89489 112943 1
89489 132430 1
89489 51342 1
89429 2313 1
89429 16892 1
89429 18384 1
89429 35884 1
109152 74140 1
109152 135877 1
109152 106462 1
109152 101075 1
109152 145349 1
22856 35884 1
26420 47868 1
26420 42435 1
26420 35884 1
74140 74375 1
74140 24760 1
74140 60433 1
74140 120398 1
74140 106123 1
16892 16512 1
16892 117024 1
16892 53474 1
16892 102148 1
16892 64726 1
135877 12798 1
135877 34748 1
135877 107924 1
135877 13686 1
135877 95498 1
51342 17534 1
51342 43501 1
51342 66747 1
51342 18384 1
51342 59699 1
42435 110590 1
42435 26420 1
42435 137024 1
42435 98263 1
42435 98494 1
47868 29642 1
47868 118610 1
47868 136300 1
47868 36165 1
47868 84961 1
145349 13797 1
145349 57665 1
145349 131405 1
145349 25420 1
145349 103779 1
106462 17838 1
106462 51171 1
106462 125451 1
106462 22373 1
106462 105428 1
129429 13664 1
129429 48041 1
129429 124423 1
129429 24488 1
129429 115853 1
18384 54257 1
18384 129816 1
18384 64356 1
18384 64710 1
18384 83373 1
101075 26205 1
101075 54813 1
101075 107073 1
101075 29269 1
101075 122924 1
112943 8762 1
112943 55756 1
112943 129485 1
112943 15317 1
112943 119586 1
2313 30988 1
2313 17440 1
2313 58970 1
2313 54415 1
2313 13652 1
132430 20480 1
132430 49131 1
132430 153006 1
132430 27150 1
132430 112084 1
115853 5479 1
115853 153255 1
115853 129429 1
13664 129429 1
24488 11073 1
24488 129429 1
24488 43398 1
24488 145645 1
59699 78789 1
59699 40799 1
59699 120693 1
59699 123003 1
59699 48748 1
22373 22141 1
22373 35884 1
22373 124154 1
22373 61058 1
22373 109428 1
125451 88023 1
125451 18092 1
125451 138970 1
125451 106462 1
125451 18807 1
129816 12744 1
129816 52734 1
129816 136332 1
129816 15865 1
129816 118844 1
17838 136484 1
17838 51446 1
17838 118322 1
17838 80747 1
17838 89523 1
129485 62820 1
129485 44110 1
129485 78174 1
129485 65514 1
129485 106820 1
27150 132430 1
25420 8427 1
25420 134040 1
25420 86437 1
25420 145349 1
25420 54080 1
131405 3030 1
131405 8279 1
131405 145349 1
131405 146399 1
131405 74793 1
57665 9759 1
57665 10248 1
57665 77068 1
57665 103390 1
57665 145349 1
36165 47868 1
136300 47868 1
136300 65896 1
26205 44 1
26205 49209 1
26205 101075 1
26205 126493 1
84961 134972 1
84961 47868 1
84961 83895 1
84961 135430 1
84961 61197 1
103779 54257 1
103779 100026 1
103779 145349 1
103779 136675 1
103779 111017 1
105428 15118 1
105428 70104 1
105428 131226 1
105428 106462 1
105428 119810 1
29642 47296 1
29642 105458 1
29642 109238 1
29642 51253 1
29642 47868 1
118610 47868 1
98494 42435 1
98494 20196 1
98494 126210 1
98494 87570 1
98494 107194 1
117024 85349 1
117024 12394 1
117024 37260 1
117024 149785 1
117024 60306 1
95498 135877 1
83373 13132 1
83373 34270 1
83373 83079 1
83373 15913 1
83373 75188 1
15317 139262 1
15317 16431 1
15317 31846 1
15317 62933 1
15317 21686 1
48041 137312 1
48041 129429 1
48041 98407 1
66747 20107 1
66747 51342 1
66747 79814 1
66747 20511 1
66747 141752 1
64710 61058 1
64710 89770 1
64710 115528 1
64710 105584 1
64710 125938 1
13686 135877 1
107073 68005 1
107073 101075 1
119586 36540 1
119586 94726 1
119586 143288 1
119586 125037 1
119586 104229 1
20480 11975 1
20480 132430 1
64726 16892 1
53474 16892 1
51171 10383 1
51171 44758 1
51171 84575 1
51171 15326 1
51171 97224 1
29269 34990 1
29269 32067 1
29269 33655 1
29269 149785 1
29269 146117 1
13652 120464 1
13652 2771 1
13652 70296 1
13652 42900 1
13652 58693 1
54813 101075 1
54813 18018 1
54813 99266 1
54813 75595 1
54813 35050 1
55756 125883 1
55756 112943 1
124423 40663 1
124423 53058 1
124423 129429 1
124423 66165 1
124423 66080 1
8762 72329 1
8762 95748 1
8762 112943 1
110590 42435 1
17440 26760 1
17440 72561 1
17440 43061 1
17440 113612 1
17440 19512 1
17534 51342 1
54415 138462 1
54415 24352 1
54415 118322 1
54415 131743 1
54415 62367 1
112084 135372 1
112084 32140 1
112084 132146 1
112084 128003 1
112084 69912 1
49131 129064 1
49131 134413 1
49131 132430 1
153006 52526 1
153006 134428 1
153006 95456 1
153006 64331 1
153006 94789 1
74375 20234 1
74375 43412 1
74375 126144 1
74375 24012 1
74375 102108 1
34748 16912 1
34748 153621 1
34748 127847 1
34748 18542 1
34748 142863 1
16512 16892 1
16512 72909 1
30988 137184 1
30988 47899 1
30988 97880 1
30988 92549 1
30988 123150 1
64356 16948 1
64356 152896 1
64356 79207 1
64356 25189 1
64356 36730 1
43501 13896 1
43501 65165 1
43501 84827 1
43501 16367 1
43501 72333 1
13797 154753 1
13797 139174 1
13797 46823 1
13797 26760 1
13797 79076 1
12798 130756 1
12798 135877 1
12798 39743 1
12798 116239 1
12798 75687 1
58970 83479 1
58970 42148 1
58970 117788 1
58970 111604 1
58970 80348 1
24760 134240 1
24760 88023 1
24760 124230 1
24760 84132 1
24760 66881 1
122924 126423 1
122924 26490 1
122924 73691 1
122924 129598 1
122924 115701 1
54257 92065 1
54257 16968 1
54257 44933 1
54257 147813 1
54257 85040 1
120398 4991 1
120398 8724 1
120398 77434 1
120398 74140 1
120398 9010 1
106123 12394 1
106123 24468 1
106123 148801 1
106123 12945 1
106123 100988 1
102148 16892 1
102148 130384 1
137024 15640 1
137024 50345 1
137024 127292 1
137024 22669 1
137024 114379 1
107924 35884 1
107924 100509 1
107924 105584 1
107924 135877 1
60433 103353 1
60433 32860 1
60433 119837 1
60433 15697 1
60433 98803 1
98263 50345 1
98263 103786 1
98263 141828 1
98263 60514 1
98263 95734 1
117788 58970 1
83479 11745 1
83479 54552 1
83479 100543 1
83479 19341 1
83479 137680 1
116239 30028 1
116239 119441 1
116239 120629 1
4991 114507 1
4991 99869 1
4991 154292 1
4991 120398 1
4991 22931 1
39743 38304 1
39743 79013 1
39743 113724 1
39743 72330 1
39743 77541 1
130756 17746 1
130756 45671 1
130756 129209 1
130756 21193 1
130756 113698 1
35050 2333 1
35050 22969 1
35050 59184 1
35050 5612 1
35050 47127 1
103353 65902 1
103353 19412 1
103353 101447 1
103353 46969 1
46823 47115 1
46823 100991 1
46823 26716 1
46823 124234 1
154753 7981 1
154753 13797 1
154753 14735 1
154753 132510 1
84827 4535 1
84827 43501 1
84827 63557 1
147813 54257 1
147813 148617 1
16948 64356 1
97880 16520 1
97880 50512 1
97880 106442 1
97880 23312 1
97880 151794 1
49209 95753 1
49209 78168 1
49209 32270 1
49209 130294 1
47899 19545 1
47899 46057 1
47899 143186 1
47899 22449 1
47899 141003 1
79076 9759 1
79076 40927 1
79076 83411 1
79076 11073 1
79076 152119 1
36540 48274 1
36540 119586 1
36540 112636 1
36540 37298 1
36540 64163 1
139174 85252 1
139174 27395 1
139174 43451 1
139174 49101 1
139174 29472 1
11975 56835 1
11975 48897 1
11975 152325 1
11975 16322 1
137184 42546 1
137184 79644 1
137184 141820 1
137184 50146 1
137184 63431 1
72909 12505 1
72909 60006 1
72909 89726 1
72909 16512 1
72909 111338 1
142863 21103 1
142863 34748 1
127847 34748 1
43412 14849 1
43412 122625 1
43412 74725 1
43412 24862 1
43412 117605 1
10248 7026 1
10248 68251 1
10248 79621 1
10248 93534 1
62820 8975 1
62820 42498 1
62820 15361 1
62820 111169 1
95456 24404 1
95456 69321 1
95456 114507 1
95456 33931 1
95456 153006 1
58693 16367 1
58693 48195 1
58693 101444 1
58693 23754 1
58693 134193 1
126493 10098 1
126493 41860 1
126493 101562 1
126493 16613 1
126493 89761 1
11073 152582 1
11073 143904 1
11073 79076 1
11073 46475 1
11073 49627 1
100026 18808 1
100026 67286 1
100026 136880 1
100026 25243 1
100026 137766 1
132146 23694 1
132146 64491 1
132146 153293 1
132146 31307 1
132146 138763 1
12945 96060 1
12945 19763 1
12945 35050 1
12945 92606 1
12945 52196 1
98803 35695 1
98803 94912 1
98803 15456 1
98803 117617 1
118844 18200 1
118844 48095 1
118844 129816 1
86437 10940 1
86437 63474 1
86437 145987 1
86437 13941 1
86437 97926 1
143288 26362 1
143288 65331 1
143288 29947 1
143288 121063 1
12744 54292 1
12744 75595 1
12744 129816 1
12744 145643 1
12744 34234 1
20107 66747 1
102108 10690 1
102108 47080 1
102108 17076 1
102108 92291 1
99266 16367 1
99266 45948 1
99266 100675 1
99266 20869 1
99266 105868 1
134972 15844 1
134972 45061 1
134972 123326 1
134972 24149 1
134972 114244 1
125037 26968 1
125037 74461 1
125037 150590 1
125037 38919 1
94789 14340 1
94789 52174 1
94789 139424 1
94789 19477 1
94789 153006 1
88023 19491 1
88023 65661 1
88023 24760 1
88023 95562 1
134240 21808 1
134240 45377 1
134240 132488 1
134240 117605 1
105584 7792 1
105584 52734 1
105584 104786 1
105584 17773 1
36730 64356 1
124154 20538 1
124154 74987 1
124154 121523 1
124154 22584 1
124154 114030 1
85349 143998 1
85349 24693 1
85349 14338 1
85349 141169 1
123003 21950 1
123003 66898 1
123003 130474 1
123003 24248 1
123003 146707 1
124230 11380 1
124230 24760 1
124230 84031 1
124230 12987 1
124230 144220 1
64331 68495 1
64331 129763 1
64331 18589 1
64331 149713 1
109428 20130 1
109428 49473 1
109428 92822 1
109428 23657 1
109428 81872 1
34990 21624 1
34990 88344 1
34990 144621 1
34990 26379 1
34990 95383 1
13896 30054 1
13896 90398 1
13896 27727 1
13896 43501 1
13896 100827 1
75188 18677 1
75188 62594 1
75188 92795 1
75188 22698 1
75188 144211 1
8279 127191 1
8279 96096 1
8279 144639 1
8279 143191 1
16912 34748 1
65896 28754 1
65896 57492 1
65896 129646 1
65896 33954 1
65896 131298 1
31846 15317 1
31846 102187 1
31846 128094 1
31846 154020 1
31846 95043 1
44758 51171 1
138970 18877 1
138970 49608 1
138970 126957 1
138970 35912 1
138970 123579 1
113612 116740 1
113612 25202 1
113612 56952 1
113612 154015 1
113612 96343 1
18092 101761 1
18092 20253 1
18092 129754 1
18092 84487 1
18092 110546 1
118322 13860 1
118322 36864 1
118322 117021 1
118322 21500 1
118322 112769 1
83895 123373 1
83895 24033 1
83895 57714 1
83895 98376 1
83895 84961 1
61197 22212 1
61197 50246 1
61197 123858 1
61197 22946 1
61197 88643 1
135430 17234 1
135430 55282 1
135430 132083 1
135430 20182 1
135430 127418 1
51253 52190 1
51253 32325 1
51253 101941 1
51253 118948 1
51253 99981 1
111017 10541 1
111017 34234 1
111017 73571 1
111017 12256 1
111017 66059 1
152896 79368 1
152896 154575 1
152896 90722 1
152896 86233 1
152896 106291 1
75595 12744 1
75595 38924 1
75595 111658 1
75595 17838 1
75595 152751 1
131226 131582 1
131226 31202 1
131226 80510 1
131226 16448 1
131226 143994 1
66165 43908 1
66165 63431 1
66165 118706 1
66165 47652 1
66165 147545 1
20196 120708 1
20196 35634 1
20196 24693 1
20196 124298 1
20196 126589 1
15697 80039 1
15697 77375 1
15697 153741 1
15697 57134 1
15697 128725 1
141752 66520 1
141752 66747 1
32140 153816 1
32140 26253 1
32140 62012 1
32140 131247 1
32140 63634 1
126210 148589 1
126210 25976 1
126210 82201 1
126210 7874 1
126210 136147 1
24012 74375 1
107194 17032 1
107194 53162 1
107194 143534 1
107194 21607 1
107194 133913 1
12394 126493 1
12394 6834 1
12394 87444 1
12394 122117 1
12394 128493 1
60306 47521 1
60306 63931 1
60306 10758 1
60306 150350 1
77068 24439 1
77068 45311 1
77068 136765 1
77068 27474 1
77068 116032 1
9010 122913 1
9010 57614 1
9010 43356 1
42148 29731 1
42148 136977 1
42148 31422 1
42148 117732 1
16367 58693 1
16367 1342 1
16367 65902 1
16367 99266 1
16367 86544 1
129598 25479 1
129598 54847 1
129598 122924 1
129598 28835 1
129598 117670 1
111604 58970 1
111604 96112 1
111604 105458 1
62933 16452 1
62933 38863 1
62933 80505 1
62933 24149 1
62933 70217 1
70296 10207 1
70296 38408 1
70296 83373 1
70296 11915 1
70296 148548 1
120693 24245 1
120693 60260 1
120693 138183 1
120693 153006 1
50345 98263 1
50345 39499 1
50345 55873 1
50345 131538 1
50345 60562 1
136675 22967 1
136675 55692 1
136675 120707 1
136675 26673 1
136675 99897 1
139262 96779 1
139262 15317 1
139262 88232 1
139262 128094 1
139262 24277 1
21686 35219 1
21686 91335 1
21686 110337 1
21686 54645 1
40799 22036 1
40799 133908 1
40799 116067 1
40799 23901 1
40799 74588 1
9759 63791 1
9759 16666 1
9759 92998 1
9759 23796 1
9759 49804 1
44933 4806 1
44933 10381 1
44933 54257 1
44933 82518 1
44933 78737 1
66881 24693 1
66881 53750 1
66881 106967 1
66881 33380 1
66881 74692 1
77434 41815 1
77434 74927 1
77434 51622 1
26490 25776 1
26490 79906 1
26490 142689 1
26490 80390 1
26490 120666 1
141828 20357 1
141828 43222 1
141828 110840 1
141828 23783 1
141828 104115 1
115701 135865 1
115701 122924 1
92065 13860 1
92065 45187 1
92065 125891 1
92065 18506 1
92065 92222 1
85040 9759 1
85040 43643 1
85040 54257 1
85040 138639 1
126144 74375 1
40663 121034 1
40663 28497 1
40663 77096 1
40663 50074 1
40663 151175 1
24468 58414 1
24468 69123 1
24468 110127 1
24468 89594 1
148801 27663 1
148801 50718 1
148801 128223 1
148801 31144 1
148801 115914 1
100988 13725 1
100988 92655 1
100988 18025 1
100988 135295 1
66080 95092 1
66080 25120 1
66080 49888 1
66080 93496 1
15640 125011 1
15640 72240 1
15640 135195 1
15640 149209 1
15640 101988 1
127292 2750 1
127292 93279 1
127292 137024 1
44110 21072 1
44110 108046 1
44110 69214 1
44110 28115 1
44110 46697 1
109238 82759 1
109238 42115 1
109238 59310 1
114379 65631 1
114379 15013 1
114379 120154 1
114379 85911 1
114379 138048 1
149785 13165 1
149785 37489 1
149785 108275 1
149785 17530 1
100509 17491 1
100509 42001 1
100509 142909 1
100509 20428 1
100509 105811 1
20511 66747 1
92549 98593 1
92549 16917 1
92549 25731 1
92549 93071 1
92549 19270 1
32860 60433 1
32860 63590 1
19512 13807 1
19512 79662 1
19512 147825 1
19512 17440 1
153255 22243 1
153255 110189 1
153255 50529 1
153255 28115 1
153255 71289 1
119837 29879 1
119837 63179 1
119837 131214 1
119837 41405 1
119837 121985 1
103786 19383 1
103786 41579 1
103786 152005 1
103786 143375 1
60514 122730 1
95734 98263 1
95734 138660 1
79814 66747 1
83079 83373 1
72333 43501 1
115528 29781 1
115528 34669 1
75687 12798 1
75687 40902 1
75687 83971 1
75687 18514 1
18018 119378 1
18018 62273 1
5479 7588 1
5479 60260 1
5479 20113 1
136332 7887 1
136332 21626 1
136332 47652 1
8724 16532 1
8724 61058 1
8724 109428 1
48748 139513 1
48748 26760 1
48748 135160 1
15913 27671 1
15913 143406 1
15913 55637 1
153621 34748 1
84132 34609 1
84132 68005 1
84132 107237 1
84132 39743 1
136484 20634 1
136484 54178 1
136484 29968 1
136484 106123 1
87570 153006 1
13132 41732 1
13132 34423 1
13132 66002 1
43398 17725 1
43398 24488 1
43398 101064 1
65514 11983 1
65514 19491 1
65514 114265 1
15118 139651 1
15118 80416 1
89523 17838 1
78174 17551 1
78174 61634 1
78174 28910 1
78174 129485 1
22141 22373 1
18807 16877 1
18807 25193 1
18807 101761 1
18807 90106 1
135372 32623 1
2771 75026 1
2771 153405 1
2771 24468 1
34270 83373 1
15865 129816 1
15865 18384 1
130384 22849 1
130384 42900 1
130384 105458 1
130384 25111 1
130384 103786 1
103390 120666 1
98407 20717 1
98407 30134 1
98407 134085 1
94726 22931 1
94726 64163 1
94726 27492 1
94726 105698 1
8427 32325 1
8427 21643 1
120464 147543 1
120464 78882 1
120464 152144 1
104229 138588 1
104229 30464 1
104229 137918 1
80348 58970 1
73691 11761 1
73691 49104 1
73691 80863 1
73691 19491 1
73691 122924 1
16431 15317 1
106820 18509 1
106820 60385 1
3030 20744 1
146399 67125 1
146399 137247 1
146399 42858 1
74793 16668 1
74793 111920 1
123150 30988 1
123150 63931 1
123150 116572 1
123150 112803 1
145645 26305 1
37260 117024 1
37260 76450 1
37260 87830 1
51446 22973 1
51446 58693 1
51446 101047 1
84575 41860 1
84575 51171 1
125938 38523 1
125938 118388 1
68005 17883 1
68005 18083 1
10383 15626 1
10383 140983 1
10383 61554 1
10383 94992 1
10383 43452 1
18542 88545 1
18542 65165 1
18542 107224 1
20234 17465 1
20234 108510 1
20234 74375 1
15326 150297 1
15326 131743 1
15326 59909 1
97224 32285 1
97224 51171 1
129064 52397 1
129064 14077 1
129064 127890 1
70104 19612 1
70104 105428 1
70104 21797 1
70104 80924 1
32067 124770 1
32067 29269 1
32067 106967 1
61058 13860 1
61058 33488 1
61058 18589 1
61058 76053 1
33655 26760 1
33655 81041 1
33655 29619 1
33655 89476 1
146117 49771 1
146117 109694 1
42900 64341 1
125883 24029 1
125883 106073 1
25189 123463 1
25189 60306 1
137312 18254 1
137312 20899 1
134040 60770 1
134040 111089 1
134040 97944 1
53058 31894 1
53058 128508 1
53058 59300 1
53058 81858 1
53058 109387 1
105458 21766 1
105458 48103 1
105458 150465 1
105458 22704 1
105458 141081 1
72329 8762 1
72329 43351 1
72329 94396 1
72329 12195 1
72329 122588 1
65165 60306 1
65165 24352 1
65165 146121 1
65165 112213 1
65165 25582 1
126423 29533 1
126423 51607 1
126423 121978 1
126423 33555 1
126423 119441 1
95748 9871 1
95748 34938 1
95748 134591 1
95748 16477 1
95748 153992 1
26760 91000 1
26760 79644 1
26760 36270 1
26760 153742 1
72561 21735 1
72561 46219 1
72561 107976 1
72561 28529 1
72561 146733 1
43061 17440 1
43061 133995 1
43061 74971 1
43061 19654 1
43061 120734 1
138462 38086 1
138462 147824 1
138462 22243 1
24352 14371 1
24352 128659 1
24352 102715 1
24352 23120 1
24352 127451 1
131743 11122 1
131743 47415 1
131743 128277 1
131743 15326 1
131743 115547 1
79207 64356 1
89770 11850 1
89770 36001 1
89770 103065 1
89770 13860 1
89770 83582 1
16968 6060 1
16968 12394 1
16968 54257 1
62367 15697 1
62367 63414 1
62367 129844 1
62367 25481 1
128003 30983 1
128003 69336 1
128003 37793 1
128003 120324 1
119810 35940 1
119810 89395 1
119810 133634 1
119810 49646 1
119810 59352 1
52734 25776 1
52734 60055 1
52734 107126 1
52734 37782 1
52734 76289 1
69912 31220 1
69912 57069 1
69912 124754 1
69912 32207 1
69912 112084 1
78789 21171 1
78789 50570 1
78789 81872 1
78789 22698 1
78789 81476 1
47296 137092 1
47296 99947 1
47296 25020 1
47296 106463 1
134413 45802 1
134413 136254 1
134413 33753 1
134413 116672 1
22669 100251 1
22669 15726 1
22669 43061 1
22669 31691 1
80747 11021 1
80747 36270 1
80747 92858 1
80747 17838 1
80747 84890 1
52526 18277 1
52526 42823 1
52526 148965 1
52526 20378 1
52526 95753 1
134428 63311 1
134428 135314 1
134428 35996 1
134428 128317 1
