126668 47126 1
47126 146682 1
47126 116870 1
47126 64003 1
47126 74651 1
47126 109641 1
146682 150013 1
146682 54416 1
146682 52307 1
146682 72825 1
146682 124796 1
109641 138540 1
109641 67537 1
109641 64867 1
109641 78181 1
109641 108700 1
74651 47126 1
64003 62825 1
64003 50003 1
64003 49051 1
64003 71425 1
64003 106083 1
116870 47126 1
108700 109641 1
78181 109641 1
71425 64003 1
49051 74987 1
49051 74112 1
49051 126592 1
49051 99592 1
49051 50548 1
52307 146682 1
50003 64003 1
50003 81947 1
50003 109758 1
50003 95243 1
50003 89086 1
67537 109641 1
62825 64003 1
138540 65621 1
138540 109641 1
64867 109641 1
72825 146682 1
150013 146682 1
106083 141513 1
106083 17910 1
106083 93279 1
106083 1330 1
106083 90161 1
54416 101265 1
54416 115221 1
54416 57411 1
54416 62754 1
54416 85195 1
124796 146682 1
124796 137404 1
62754 142708 1
62754 46307 1
62754 44142 1
62754 56649 1
62754 143674 1
90161 109669 1
90161 53160 1
90161 49194 1
90161 68491 1
90161 90994 1
101265 75556 1
101265 65442 1
101265 65395 1
101265 77847 1
101265 119329 1
1330 88857 1
1330 92222 1
1330 149111 1
1330 40587 1
1330 127593 1
115221 54416 1
115221 115321 1
93279 86490 1
93279 69626 1
93279 69522 1
93279 143114 1
93279 135241 1
57411 61592 1
57411 68495 1
57411 106442 1
57411 149983 1
57411 132510 1
85195 133466 1
85195 65516 1
85195 61227 1
85195 74461 1
85195 131116 1
17910 104148 1
17910 50161 1
17910 49156 1
17910 10327 1
17910 56815 1
95243 124242 1
95243 71999 1
95243 71928 1
95243 80919 1
95243 154552 1
126592 78672 1
126592 70608 1
126592 59811 1
126592 84907 1
126592 104792 1
74112 5143 1
74112 49051 1
89086 136816 1
89086 62017 1
89086 57132 1
89086 72266 1
89086 153006 1
74987 84069 1
74987 57066 1
74987 54111 1
74987 66375 1
74987 152588 1
141513 54405 1
141513 107030 1
141513 30979 1
141513 36736 1
141513 130530 1
50548 55434 1
50548 49051 1
50548 56650 1
50548 32672 1
50548 152482 1
65621 138540 1
65621 131696 1
65621 52944 1
109758 145828 1
109758 43141 1
109758 42900 1
109758 55925 1
109758 93009 1
99592 82773 1
99592 128596 1
99592 62890 1
99592 14794 1
99592 95243 1
137404 150120 1
137404 56580 1
137404 54623 1
137404 66265 1
137404 127849 1
81947 75290 1
81947 65442 1
81947 62889 1
81947 77802 1
81947 122999 1
124242 75940 1
124242 153834 1
124242 26745 1
124242 30723 1
124242 49254 1
54111 148260 1
54111 49051 1
54111 48106 1
54111 135539 1
54111 71668 1
56815 88199 1
56815 22301 1
56815 87558 1
56815 17910 1
56815 103206 1
69522 93279 1
69522 89948 1
69522 27627 1
36736 67824 1
36736 116117 1
36736 112909 1
36736 103077 1
36736 70157 1
49156 17910 1
49156 50161 1
74461 103428 1
74461 87222 1
74461 25541 1
74461 37055 1
74461 63819 1
65516 85195 1
65516 24537 1
65516 9021 1
40587 1330 1
131116 85195 1
61227 85195 1
133466 97789 1
133466 46708 1
133466 45987 1
133466 51722 1
133466 71811 1
132510 140041 1
132510 48897 1
132510 43911 1
132510 58712 1
132510 98717 1
90994 90161 1
90994 145100 1
77802 54853 1
77802 31476 1
77802 81947 1
77802 30582 1
77802 120464 1
149983 151758 1
149983 60800 1
149983 59894 1
149983 80230 1
149983 109269 1
80919 95243 1
142708 47415 1
142708 40006 1
142708 39904 1
142708 62754 1
142708 119334 1
10327 17910 1
10327 52901 1
10327 50161 1
106442 151447 1
106442 55231 1
106442 53246 1
106442 64697 1
106442 94676 1
62889 97026 1
62889 118628 1
62889 27758 1
62889 35137 1
62889 81128 1
61592 151925 1
61592 58672 1
61592 57934 1
61592 91302 1
61592 88641 1
135241 118146 1
135241 105892 1
135241 97480 1
135241 124432 1
135241 137983 1
143114 49752 1
143114 140361 1
143114 125891 1
143114 1015 1
143114 94789 1
107030 115064 1
107030 82176 1
107030 80715 1
107030 99003 1
107030 123194 1
69626 99728 1
69626 93279 1
86490 50657 1
86490 29625 1
86490 51253 1
86490 27627 1
86490 93279 1
49194 139028 1
49194 46460 1
49194 90161 1
49194 20558 1
49194 113763 1
71999 95243 1
143674 93451 1
143674 40663 1
143674 40078 1
143674 53602 1
143674 73798 1
65395 100649 1
65395 62426 1
65395 59734 1
65395 116619 1
65395 72105 1
68495 75093 1
68495 90583 1
68495 46990 1
68495 60146 1
68495 92695 1
44142 154403 1
44142 105118 1
44142 103065 1
44142 124714 1
44142 95562 1
152588 130129 1
152588 111684 1
152588 110656 1
152588 137469 1
152588 94213 1
104148 90588 1
104148 8793 1
104148 63590 1
104148 1330 1
104148 46271 1
84069 141728 1
84069 99121 1
84069 61471 1
84069 5874 1
84069 114840 1
131696 65621 1
131696 54764 1
131696 51892 1
131696 71375 1
131696 122942 1
119329 101265 1
119329 99869 1
119329 85349 1
56649 98240 1
56649 57979 1
56649 140386 1
56649 7819 1
56649 78556 1
72266 124922 1
72266 90731 1
72266 117248 1
72266 154352 1
72266 116048 1
53160 130331 1
53160 84111 1
53160 106510 1
53160 132642 1
53160 104538 1
71928 95243 1
109669 90161 1
59811 126592 1
65442 71447 1
65442 16484 1
65442 64558 1
65442 11209 1
65442 69912 1
55434 145676 1
55434 53249 1
55434 50548 1
55434 153503 1
55434 111181 1
128596 145419 1
128596 60049 1
128596 58773 1
128596 80100 1
128596 105516 1
153006 107438 1
153006 154447 1
153006 143366 1
153006 149123 1
153006 82900 1
145828 148533 1
145828 109758 1
145828 10491 1
32672 77091 1
32672 69882 1
32672 75003 1
32672 82598 1
32672 43452 1
30979 111160 1
30979 22085 1
30979 144690 1
30979 9948 1
30979 106811 1
52944 106903 1
52944 76298 1
52944 78981 1
52944 114972 1
52944 71894 1
43141 85797 1
43141 32325 1
43141 109758 1
43141 32067 1
43141 55654 1
66265 137404 1
66375 151802 1
66375 57316 1
66375 56511 1
66375 93699 1
66375 80863 1
130530 74383 1
130530 116078 1
130530 30794 1
130530 43520 1
130530 134266 1
93009 80622 1
93009 72561 1
93009 140995 1
93009 37458 1
93009 119502 1
75290 104127 1
75290 81947 1
75290 95889 1
57066 116796 1
57066 47713 1
57066 47253 1
57066 56687 1
57066 103111 1
92222 126610 1
92222 44068 1
92222 43815 1
92222 59425 1
92222 88198 1
42900 53610 1
42900 96540 1
42900 125210 1
42900 138027 1
42900 63949 1
14794 107323 1
14794 29214 1
14794 67528 1
14794 69184 1
14794 105702 1
150120 137404 1
56580 137404 1
152482 67392 1
152482 58538 1
152482 54385 1
152482 78696 1
152482 113469 1
70608 37078 1
70608 126592 1
127849 137404 1
127849 109447 1
127849 148638 1
127849 63943 1
122999 144046 1
122999 54123 1
122999 52734 1
122999 64308 1
122999 101499 1
62890 88856 1
62890 127884 1
62890 130775 1
62890 134563 1
62890 64087 1
62017 35584 1
62017 89086 1
136816 49101 1
136816 81460 1
136816 17246 1
136816 19992 1
136816 154687 1
55925 40028 1
55925 37377 1
55925 109758 1
55925 13026 1
77847 101265 1
77847 81332 1
56650 83624 1
56650 88990 1
56650 94230 1
56650 76984 1
56650 78421 1
5143 141766 1
5143 13247 1
5143 27709 1
5143 131149 1
5143 10989 1
82773 101575 1
82773 91493 1
82773 91323 1
82773 104264 1
82773 140863 1
104792 126592 1
84907 126592 1
154552 95243 1
154552 70664 1
154552 108194 1
154552 12410 1
54405 143904 1
54405 55451 1
54405 78104 1
54405 128547 1
54405 140748 1
115321 150350 1
115321 39465 1
115321 38554 1
115321 51760 1
115321 82289 1
57132 132241 1
57132 104022 1
57132 137509 1
57132 9180 1
57132 69085 1
149111 18138 1
149111 9349 1
149111 102274 1
149111 1330 1
149111 99591 1
75556 150419 1
75556 44458 1
75556 125891 1
75556 40861 1
75556 137514 1
88857 1330 1
78672 126592 1
127593 1330 1
127593 23491 1
46307 133372 1
46307 130008 1
46307 83477 1
46307 107042 1
46307 72145 1
68491 110122 1
68491 90161 1
68491 149070 1
68491 30054 1
54623 137404 1
50161 68894 1
50161 75428 1
50161 111441 1
50161 144810 1
50161 49156 1
32325 68173 1
32325 59858 1
32325 30076 1
32325 153097 1
32325 86827 1
71894 52944 1
76298 52944 1
145419 128596 1
145419 56392 1
145419 113768 1
145419 52200 1
145419 102617 1
27627 143998 1
27627 118941 1
27627 63659 1
27627 64570 1
27627 34362 1
22085 28756 1
22085 109135 1
22085 149785 1
22085 140486 1
22085 69187 1
111160 53026 1
111160 93020 1
111160 17665 1
111160 22085 1
111160 126261 1
77091 32672 1
77091 133812 1
90588 91627 1
90588 73307 1
90588 72887 1
90588 82257 1
90588 134959 1
93451 83398 1
93451 68599 1
93451 64959 1
93451 88320 1
93451 100545 1
10491 87224 1
10491 153006 1
10491 149291 1
10491 20028 1
10491 40803 1
84111 115744 1
84111 151802 1
84111 41603 1
84111 49254 1
84111 70210 1
149123 92124 1
149123 83014 1
149123 79338 1
149123 103176 1
149123 136928 1
150350 139699 1
150350 61854 1
150350 60360 1
150350 74837 1
150350 112186 1
80100 126934 1
80100 76818 1
80100 75319 1
80100 144013 1
80100 128596 1
64558 75769 1
64558 60404 1
64558 59427 1
64558 150211 1
64558 141003 1
143904 132716 1
143904 114623 1
143904 109459 1
143904 149123 1
143904 91109 1
58773 93794 1
58773 118997 1
58773 128596 1
58773 106534 1
58773 65661 1
91493 82773 1
44458 104985 1
44458 134417 1
44458 99728 1
44458 45979 1
44458 53963 1
153503 72779 1
153503 18967 1
153503 40006 1
153503 1349 1
153503 114420 1
51253 126029 1
51253 81872 1
51253 37481 1
51253 45441 1
51253 119814 1
82900 74476 1
82900 64198 1
82900 63992 1
82900 144639 1
82900 146238 1
53249 91902 1
53249 48870 1
53249 137225 1
53249 39330 1
53249 98439 1
71447 102396 1
71447 60665 1
71447 55066 1
71447 81286 1
71447 80117 1
69912 85252 1
69912 78720 1
69912 65442 1
69912 153241 1
69912 112084 1
52734 154410 1
52734 103070 1
52734 63005 1
52734 84269 1
52734 90410 1
104538 100854 1
104538 45887 1
104538 43696 1
104538 51977 1
104538 79861 1
46460 115245 1
46460 73379 1
46460 28318 1
46460 33736 1
46460 75019 1
130331 53160 1
130331 35308 1
130331 17057 1
47713 108939 1
47713 46708 1
47713 45208 1
47713 134040 1
47713 72798 1
131149 132977 1
131149 5143 1
131149 89661 1
131149 3438 1
131149 81630 1
116048 57614 1
116048 94734 1
116048 23711 1
116048 32463 1
116048 126800 1
154352 72266 1
13247 71368 1
13247 1117 1
13247 136197 1
13247 1072 1
13247 98011 1
90731 147706 1
90731 72266 1
90731 70263 1
90731 84273 1
90731 137660 1
111181 63668 1
111181 123899 1
111181 119929 1
111181 15560 1
111181 132025 1
114972 52944 1
103111 75808 1
103111 71112 1
103111 70011 1
103111 78689 1
103111 143123 1
67528 14794 1
124922 72266 1
124922 61477 1
124922 60912 1
124922 76728 1
124922 137523 1
29625 52472 1
29625 122394 1
29625 57113 1
29625 73309 1
29625 55890 1
7819 116078 1
7819 103475 1
7819 123657 1
7819 48352 1
7819 56649 1
30723 124242 1
140386 151399 1
140386 74911 1
140386 74176 1
140386 86588 1
140386 116842 1
78981 66193 1
78981 61362 1
78981 89709 1
78981 52944 1
78981 120844 1
107438 81476 1
107438 63618 1
107438 62712 1
107438 84620 1
107438 148250 1
85349 123034 1
85349 31960 1
85349 31085 1
85349 47380 1
85349 78461 1
99869 57573 1
99869 99666 1
99869 18886 1
99869 27828 1
99869 149741 1
51892 7626 1
51892 131696 1
54764 131696 1
60049 128596 1
60049 7841 1
60049 145473 1
60049 6974 1
60049 134040 1
78556 56649 1
144690 68770 1
144690 64499 1
144690 63404 1
144690 70713 1
144690 108458 1
114840 113351 1
114840 84069 1
114840 115515 1
114840 57894 1
75003 47122 1
75003 44786 1
75003 147361 1
75003 32672 1
61471 84069 1
72105 65395 1
128547 54405 1
128547 91427 1
99121 84069 1
94213 72928 1
94213 69751 1
94213 67552 1
94213 75556 1
94213 141110 1
101575 153247 1
101575 82773 1
101575 47214 1
106903 74857 1
106903 52944 1
106903 103922 1
106903 50345 1
141728 84422 1
141728 84069 1
141728 146892 1
141728 51282 1
141728 144285 1
5874 75673 1
5874 23162 1
5874 103111 1
5874 79172 1
5874 84069 1
43911 142463 1
43911 78638 1
43911 59412 1
43911 85476 1
43911 79958 1
98717 154454 1
98717 132510 1
98717 108085 1
98717 105689 1
46271 104148 1
46271 14111 1
46271 145770 1
46271 7113 1
46271 80863 1
116619 87556 1
116619 77327 1
116619 75926 1
116619 104774 1
116619 125750 1
117248 72266 1
8793 91447 1
8793 93256 1
8793 15023 1
8793 81723 1
8793 98263 1
99591 83627 1
99591 79340 1
99591 78505 1
99591 87338 1
99591 149180 1
122942 131696 1
137469 147039 1
137469 60004 1
137469 58092 1
137469 72715 1
137469 117920 1
110656 104815 1
110656 92279 1
110656 91400 1
110656 109796 1
110656 123750 1
48897 57965 1
48897 43230 1
48897 40661 1
48897 83971 1
48897 113964 1
51760 115321 1
51760 139134 1
51760 87257 1
106510 50825 1
106510 37702 1
106510 53160 1
106510 37574 1
111684 121379 1
111684 63946 1
111684 55215 1
111684 73329 1
111684 101174 1
124714 146870 1
124714 60608 1
124714 9879 1
124714 16148 1
124714 101239 1
104264 130231 1
104264 4020 1
104264 82773 1
104264 549 1
104264 45769 1
130129 130407 1
130129 68343 1
130129 58712 1
130129 79576 1
130129 112983 1
101499 60760 1
101499 134469 1
101499 122999 1
101499 3763 1
101499 112289 1
103065 146714 1
103065 50412 1
103065 47187 1
103065 61633 1
103065 95363 1
24537 105125 1
24537 83163 1
24537 122586 1
24537 119780 1
24537 39326 1
105516 141802 1
105516 60399 1
105516 55608 1
105516 75949 1
105516 110835 1
105118 125036 1
105118 59029 1
105118 57304 1
105118 81476 1
105118 153640 1
154403 121647 1
154403 153646 1
154403 67125 1
154403 7588 1
154403 138570 1
60146 68495 1
53602 148070 1
53602 41440 1
53602 40917 1
53602 122244 1
53602 109939 1
9021 11034 1
9021 63036 1
9021 73465 1
9021 2767 1
9021 65516 1
46990 33691 1
46990 68495 1
90583 66086 1
90583 60924 1
90583 58634 1
90583 67789 1
90583 146328 1
138027 42900 1
149070 78820 1
149070 72546 1
149070 71614 1
149070 85406 1
149070 117986 1
43452 32672 1
43452 10383 1
43452 3163 1
57979 56649 1
94789 70591 1
94789 62764 1
94789 60792 1
94789 74466 1
94789 153006 1
75093 115864 1
75093 83467 1
75093 128833 1
75093 141985 1
75093 131538 1
100649 65395 1
73798 135675 1
73798 135223 1
73798 138612 1
73798 4152 1
73798 76306 1
23491 96827 1
23491 101854 1
23491 24114 1
23491 35646 1
23491 140514 1
40663 80716 1
40663 85425 1
40663 31278 1
40663 39526 1
40663 70176 1
75428 50161 1
113763 123132 1
113763 53776 1
113763 52362 1
113763 72926 1
113763 106880 1
20558 104883 1
20558 130096 1
20558 90671 1
20558 107318 1
20558 57066 1
38554 47164 1
38554 50169 1
38554 77990 1
38554 115321 1
38554 53287 1
22301 80765 1
22301 32430 1
22301 70444 1
22301 96703 1
22301 123616 1
82598 27650 1
82598 32672 1
63943 59184 1
63943 55147 1
63943 49038 1
63943 117628 1
63943 131411 1
53246 54198 1
53246 81416 1
53246 78912 1
53246 117999 1
53246 125660 1
35137 37923 1
35137 113820 1
35137 108954 1
35137 58538 1
35137 98263 1
16484 70810 1
16484 31730 1
16484 106539 1
16484 43839 1
16484 108392 1
58672 102382 1
58672 53672 1
58672 50570 1
58672 79016 1
58672 122824 1
52901 93487 1
52901 145422 1
52901 116483 1
52901 89594 1
52901 118359 1
12410 92663 1
12410 53298 1
12410 54577 1
12410 31930 1
12410 121999 1
123194 120554 1
123194 59838 1
123194 57005 1
123194 66882 1
123194 105847 1
154687 136816 1
154687 91582 1
154687 90502 1
137509 151247 1
137509 57132 1
137509 56319 1
137509 68180 1
137509 114420 1
92695 126834 1
92695 15229 1
92695 68495 1
92695 9343 1
92695 93828 1
29214 14794 1
143366 73285 1
143366 59748 1
143366 53528 1
143366 82347 1
143366 122035 1
88641 17922 1
88641 61592 1
140361 136582 1
140361 46587 1
140361 45593 1
140361 70543 1
140361 102658 1
119502 79206 1
119502 75321 1
119502 70307 1
119502 83078 1
119502 115785 1
88856 82040 1
88856 71390 1
88856 70176 1
88856 106117 1
88856 149073 1
88199 80153 1
88199 71591 1
88199 71427 1
88199 110081 1
88199 153420 1
55654 60424 1
55654 113795 1
55654 48328 1
55654 82317 1
55654 107094 1
119334 142708 1
71375 70176 1
71375 137470 1
71375 37115 1
71375 42389 1
71375 57221 1
82289 131758 1
82289 3053 1
82289 96096 1
82289 937 1
82289 115321 1
98240 52920 1
98240 92065 1
98240 22451 1
98240 27116 1
98240 114402 1
91302 61592 1
64308 122999 1
64308 75950 1
64308 956 1
118628 98664 1
118628 33932 1
118628 33573 1
118628 50613 1
118628 76306 1
115064 73046 1
115064 70303 1
115064 69250 1
115064 78510 1
115064 112169 1
54123 122999 1
54123 33655 1
54123 32751 1
54123 43351 1
54123 72874 1
103077 36736 1
37377 70198 1
37377 65202 1
37377 105905 1
37377 135610 1
37377 110806 1
67824 50657 1
67824 36736 1
67824 30263 1
151925 86241 1
151925 61592 1
151925 26555 1
151802 151447 1
151802 66375 1
151802 62820 1
151802 84111 1
151802 106490 1
69184 89473 1
69184 133503 1
69184 52383 1
69184 2227 1
69184 94284 1
113469 126050 1
113469 152482 1
113469 62583 1
134563 62890 1
134563 148292 1
134563 132447 1
134563 19098 1
134563 114370 1
134266 152393 1
134266 54095 1
134266 52190 1
134266 68582 1
134266 100906 1
50657 86490 1
50657 50247 1
50657 47115 1
50657 95629 1
50657 56107 1
81332 82128 1
81332 59074 1
81332 57573 1
81332 68003 1
81332 96549 1
80622 115674 1
80622 126339 1
80622 93009 1
80622 82461 1
80622 139835 1
72561 98788 1
72561 53230 1
72561 51412 1
72561 65286 1
72561 146733 1
78696 152482 1
13026 91646 1
13026 113974 1
13026 85429 1
13026 151108 1
13026 44767 1
140995 105257 1
140995 93009 1
140995 90472 1
140995 117987 1
140995 144074 1
37458 107135 1
37458 49834 1
37458 105508 1
37458 92984 1
37458 133216 1
126610 154012 1
126610 70656 1
126610 66707 1
126610 76006 1
126610 97412 1
95562 103966 1
95562 46956 1
95562 46403 1
95562 54847 1
95562 88023 1
57934 147681 1
57934 37100 1
57934 36293 1
57934 43617 1
57934 130190 1
59425 76903 1
59425 58864 1
59425 56947 1
59425 79576 1
59425 68057 1
125891 60783 1
125891 100446 1
125891 23341 1
125891 35481 1
125891 137607 1
116078 138622 1
116078 49282 1
116078 48461 1
116078 53917 1
116078 143905 1
53610 153895 1
53610 103390 1
53610 108567 1
53610 104427 1
53610 117583 1
40078 53406 1
40078 147822 1
40078 143674 1
40078 32689 1
40078 146377 1
63949 110174 1
63949 137411 1
63949 138000 1
63949 125347 1
63949 139739 1
82176 78765 1
82176 107030 1
82176 139454 1
82176 2677 1
82176 146277 1
58538 145885 1
58538 58626 1
58538 145537 1
58538 90386 1
58538 144181 1
130775 62890 1
69085 146433 1
69085 72052 1
69085 119409 1
69085 4769 1
69085 103771 1
109447 68172 1
109447 64370 1
109447 63288 1
109447 73307 1
109447 123619 1
148638 67635 1
148638 64373 1
148638 54492 1
148638 73338 1
148638 118474 1
43815 110334 1
43815 133931 1
43815 120234 1
43815 66362 1
43815 109277 1
140748 146377 1
140748 130320 1
140748 54405 1
144046 81908 1
144046 72779 1
144046 70543 1
144046 88494 1
144046 119432 1
64087 99230 1
64087 62890 1
64087 85502 1
64087 19018 1
64087 129044 1
35584 134655 1
35584 54442 1
35584 103360 1
35584 125371 1
35584 103010 1
56511 105468 1
56511 74567 1
56511 99648 1
56511 153362 1
56511 96721 1
81460 103639 1
81460 53022 1
81460 49036 1
81460 54604 1
81460 143704 1
80863 95258 1
80863 46538 1
80863 46271 1
80863 51464 1
80863 73691 1
17246 94298 1
17246 75801 1
17246 44824 1
17246 74272 1
17246 68158 1
88990 56650 1
76984 56650 1
76984 90961 1
140863 82773 1
25541 151492 1
25541 41425 1
25541 31501 1
25541 86170 1
25541 107976 1
95889 149617 1
95889 64572 1
95889 63687 1
95889 79091 1
95889 139318 1
30794 151921 1
30794 70557 1
30794 124202 1
30794 124714 1
30794 52697 1
78421 56650 1
137983 144674 1
137983 73557 1
137983 71905 1
137983 91346 1
137983 119350 1
141766 5143 1
11209 119571 1
11209 98603 1
11209 26922 1
11209 22839 1
11209 125010 1
43520 84354 1
43520 130530 1
43520 31307 1
27709 131733 1
27709 13026 1
27709 149217 1
27709 5143 1
27709 106811 1
91323 82773 1
49101 150297 1
49101 151960 1
49101 84111 1
49101 120734 1
49101 79449 1
48106 54111 1
106811 78913 1
106811 68280 1
106811 67392 1
106811 83721 1
106811 131691 1
78104 96812 1
78104 6076 1
78104 134946 1
78104 5910 1
78104 86049 1
83477 114765 1
83477 8820 1
83477 134872 1
83477 1117 1
83477 89201 1
39465 36781 1
39465 11446 1
39465 100988 1
39465 937 1
39465 115321 1
44068 53544 1
44068 129991 1
44068 92222 1
44068 2337 1
44068 123916 1
132241 145442 1
132241 64368 1
132241 61045 1
132241 81797 1
132241 114119 1
37078 111358 1
37078 92848 1
37078 114077 1
37078 104235 1
37078 148954 1
60800 80869 1
60800 85638 1
60800 99589 1
60800 141657 1
60800 123713 1
127884 62890 1
89948 67777 1
89948 63702 1
89948 57769 1
89948 76806 1
89948 100877 1
139028 135697 1
139028 66896 1
139028 64163 1
139028 81558 1
139028 110739 1
104022 137735 1
104022 46171 1
104022 46120 1
104022 54847 1
104022 75635 1
140041 132510 1
9180 36287 1
9180 15152 1
9180 57132 1
9180 43075 1
9180 73952 1
68894 50161 1
9349 43260 1
9349 65338 1
9349 61624 1
9349 98374 1
9349 79208 1
125210 139598 1
125210 59804 1
125210 55810 1
125210 79668 1
125210 114112 1
57316 128222 1
57316 55622 1
57316 53750 1
57316 57871 1
57316 101988 1
102274 146554 1
102274 54977 1
102274 53675 1
102274 70828 1
102274 115883 1
144810 50161 1
54385 152482 1
137514 75556 1
137514 62985 1
137514 62597 1
137514 81187 1
137514 110440 1
148260 54111 1
107323 14794 1
32067 44158 1
32067 104219 1
32067 95384 1
32067 64426 1
32067 106967 1
97026 73285 1
97026 61880 1
97026 52278 1
97026 83929 1
97026 101895 1
71668 67079 1
71668 130159 1
71668 30385 1
71668 40047 1
71668 53868 1
107042 131991 1
107042 126473 1
107042 112514 1
107042 130159 1
107042 91335 1
72145 124002 1
72145 70543 1
72145 88783 1
72145 46307 1
110122 125559 1
110122 50956 1
110122 47891 1
110122 68491 1
110122 101180 1
111441 101718 1
111441 50161 1
111441 312 1
96540 75755 1
96540 52321 1
96540 135044 1
96540 42900 1
96540 122639 1
55231 130160 1
55231 14647 1
55231 96263 1
55231 937 1
55231 139028 1
132642 53160 1
132642 99538 1
116796 63009 1
116796 57066 1
116796 51513 1
116796 66733 1
116796 99004 1
39904 142708 1
40006 74211 1
40006 77395 1
40006 112213 1
40006 22669 1
40006 110332 1
153834 124242 1
58712 131168 1
58712 49029 1
58712 47786 1
58712 145438 1
58712 103561 1
45987 47899 1
45987 133466 1
45987 15813 1
99728 73037 1
99728 67723 1
99728 60924 1
99728 87439 1
99728 149808 1
145100 113403 1
145100 57594 1
145100 52526 1
145100 74140 1
145100 97398 1
18138 111804 1
18138 130508 1
18138 153613 1
18138 134319 1
18138 79948 1
80715 101988 1
80715 106619 1
80715 57225 1
80715 148 1
80715 96848 1
151758 149983 1
69882 32672 1
69882 20875 1
69882 146429 1
69882 11696 1
69882 88199 1
59894 68049 1
59894 49766 1
59894 109682 1
59894 23637 1
59894 149983 1
105702 112026 1
105702 14794 1
105702 144600 1
105702 2227 1
105702 63795 1
148533 153741 1
148533 55208 1
148533 54084 1
148533 74625 1
148533 114766 1
109269 152595 1
109269 51219 1
109269 50733 1
109269 59804 1
109269 87131 1
80230 135282 1
80230 16241 1
80230 102116 1
80230 10815 1
80230 87509 1
30054 50741 1
30054 38059 1
30054 116444 1
30054 139351 1
30054 153571 1
94676 53506 1
94676 50444 1
94676 106442 1
94676 33027 1
94676 107862 1
1015 135241 1
1015 48198 1
1015 36293 1
1015 150479 1
1015 113681 1
94230 61730 1
94230 57609 1
94230 146829 1
94230 56650 1
94230 95550 1
26745 97149 1
26745 136741 1
26745 104612 1
26745 119094 1
26745 94430 1
135539 54111 1
135539 76450 1
124432 58992 1
124432 47664 1
124432 47187 1
124432 71359 1
124432 120294 1
47415 37298 1
47415 110639 1
47415 107370 1
47415 35 1
47415 53150 1
64697 69187 1
64697 50149 1
64697 114574 1
64697 12645 1
64697 106442 1
97480 68878 1
97480 53748 1
97480 52145 1
97480 79576 1
97480 112696 1
103206 72898 1
103206 64216 1
103206 63013 1
103206 76478 1
103206 109001 1
87222 55261 1
87222 51064 1
87222 50871 1
87222 74461 1
87222 103509 1
87558 107145 1
87558 83789 1
87558 73683 1
87558 90379 1
87558 89178 1
9948 143089 1
9948 44592 1
9948 75310 1
9948 18237 1
9948 47969 1
74383 130530 1
118146 59425 1
118146 53452 1
118146 50953 1
118146 62459 1
118146 111446 1
63819 74461 1
62426 65395 1
62426 106105 1
62426 89431 1
62426 25202 1
112909 36736 1
99003 114606 1
99003 42135 1
99003 42078 1
99003 48900 1
99003 88023 1
40861 75556 1
40861 85252 1
40861 81558 1
40861 130219 1
40861 100239 1
105892 80999 1
105892 74628 1
105892 61985 1
105892 82722 1
105892 123354 1
116117 36736 1
103428 66338 1
103428 60260 1
103428 57831 1
103428 74461 1
103428 135342 1
19992 80858 1
19992 109211 1
19992 84506 1
19992 109474 1
19992 135541 1
88198 125244 1
88198 59909 1
88198 59488 1
88198 68021 1
88198 149378 1
49752 100904 1
49752 123164 1
49752 151447 1
49752 52057 1
49752 124217 1
104127 103173 1
104127 13444 1
104127 75290 1
104127 4377 1
104127 22825 1
51722 115834 1
51722 108690 1
51722 55823 1
51722 112032 1
51722 97109 1
83624 75162 1
83624 60219 1
83624 58797 1
83624 80092 1
83624 132424 1
130008 125160 1
130008 104845 1
130008 46307 1
40028 90908 1
40028 62914 1
40028 45708 1
40028 133279 1
40028 55379 1
10989 19431 1
10989 34472 1
10989 65186 1
10989 135483 1
10989 153935 1
27758 62889 1
27758 85195 1
75940 135160 1
75940 124242 1
49254 95229 1
49254 60399 1
49254 62999 1
49254 100019 1
49254 52190 1
154447 90650 1
154447 71185 1
154447 68368 1
154447 93088 1
154447 133259 1
46708 152819 1
46708 126744 1
46708 48406 1
46708 104866 1
46708 133466 1
85797 122929 1
85797 148458 1
85797 40095 1
85797 46587 1
85797 71344 1
150419 75556 1
150419 47551 1
150419 43733 1
150419 80307 1
150419 130219 1
70664 66514 1
70664 152898 1
70664 27232 1
70664 31958 1
70664 138969 1
67392 148696 1
67392 9236 1
67392 152482 1
67392 3438 1
67392 106811 1
30582 49139 1
30582 74140 1
30582 87834 1
30582 146673 1
30582 94687 1
81128 89343 1
81128 98419 1
81128 130032 1
81128 1530 1
81128 137817 1
120464 90727 1
120464 141546 1
120464 34559 1
120464 47380 1
120464 77560 1
108194 66303 1
108194 53696 1
108194 52027 1
108194 79012 1
108194 148241 1
47253 119164 1
47253 119721 1
47253 102054 1
47253 130527 1
47253 89445 1
70157 36736 1
70157 37587 1
63590 104517 1
63590 47383 1
63590 43908 1
63590 55730 1
63590 152863 1
151447 84184 1
151447 126469 1
151447 34461 1
151447 43244 1
151447 61058 1
145676 55434 1
37055 80475 1
37055 47632 1
37055 40585 1
37055 94435 1
37055 55766 1
56687 97561 1
56687 115720 1
56687 113795 1
56687 135452 1
56687 127449 1
133372 46307 1
93699 81485 1
93699 66887 1
93699 66375 1
93699 87876 1
93699 154416 1
97789 101075 1
97789 82742 1
97789 81060 1
97789 144800 1
97789 133466 1
71811 133466 1
55451 124962 1
55451 86040 1
55451 104471 1
55451 76973 1
55451 142811 1
31476 68414 1
31476 64029 1
31476 149273 1
31476 66883 1
31476 125934 1
59734 65395 1
54853 101411 1
54853 88087 1
54853 81558 1
54853 72358 1
54853 117083 1
83929 97026 1
143123 103111 1
61880 97026 1
75808 103111 1
95384 32067 1
110440 137514 1
81187 137514 1
70828 102274 1
53675 131991 1
74567 549 1
74567 56511 1
105905 37377 1
54977 102274 1
106619 80715 1
106619 89709 1
114112 125210 1
79208 9349 1
62985 137514 1
98374 41440 1
61624 9349 1
65338 9349 1
73952 9180 1
15152 9180 1
39526 57831 1
39526 98240 1
76806 89948 1
101180 110122 1
63702 89948 1
2767 9021 1
80869 60800 1
148954 37078 1
148954 100019 1
104235 37078 1
79861 149073 1
79861 104538 1
123916 44068 1
85638 60800 1
46956 95562 1
11446 39465 1
89201 83477 1
93088 154447 1
93088 98374 1
104219 32067 1
96812 78104 1
53287 81558 1
131691 106811 1
83721 106811 1
64570 40661 1
64570 146328 1
64570 27627 1
68280 106811 1
151960 74987 1
151960 133503 1
149217 80092 1
84354 43520 1
125010 11209 1
81485 66707 1
81485 76006 1
81485 150297 1
71905 137983 1
122394 29625 1
79449 49101 1
135160 75940 1
124202 30794 1
63687 95889 1
79206 119502 1
92848 37078 1
66733 116796 1
68158 17246 1
74272 17246 1
84506 19992 1
84506 125891 1
51464 105508 1
51464 80863 1
55215 111684 1
65661 40861 1
53022 81460 1
37481 37702 1
37481 51253 1
53150 52190 1
96721 56511 1
103010 35584 1
54442 35584 1
54442 98439 1
134655 35584 1
119432 144046 1
88494 71668 1
66362 91400 1
66362 112514 1
120234 126469 1
133931 43815 1
76478 103206 1
110334 43815 1
73338 148638 1
54492 148638 1
64373 148638 1
3438 131149 1
3438 7588 1
153895 53610 1
67635 148638 1
63288 109447 1
103771 69085 1
84620 107438 1
72052 69085 1
145537 58538 1
58626 58538 1
145885 58538 1
41425 130032 1
151108 105516 1
151108 13026 1
78765 82176 1
78765 135241 1
139739 63949 1
137411 100545 1
137411 63949 1
79958 107862 1
79958 43911 1
110174 63949 1
124962 55451 1
114077 37078 1
55147 63943 1
117583 53610 1
140514 23491 1
104427 53610 1
47632 37055 1
53917 116078 1
135697 139028 1
100877 89948 1
49282 116078 1
138622 116078 1
60783 52190 1
68057 49051 1
90961 76984 1
90961 82773 1
99666 39526 1
99666 99869 1
81908 131168 1
81908 45593 1
50570 47164 1
50570 58672 1
87131 109269 1
58864 59425 1
43617 57934 1
71112 103111 1
36293 53675 1
36293 109135 1
76903 103360 1
75162 83624 1
147681 57316 1
118474 148638 1
88023 95562 1
33932 118628 1
46403 95562 1
46403 54847 1
92984 37458 1
53544 44068 1
144074 140995 1
79668 125210 1
85429 13026 1
57573 137817 1
113974 126473 1
91646 124002 1
146733 72561 1
65286 72561 1
51412 100988 1
98788 72561 1
126339 80622 1
135044 52321 1
109277 105892 1
59074 81332 1
99538 135282 1
61045 79948 1
56107 50657 1
82461 80622 1
47115 131991 1
132424 83624 1
36287 99004 1
58634 90583 1
152393 134266 1
148292 134563 1
31501 25541 1
73285 97026 1
73285 143366 1
126050 64558 1
126050 113469 1
89473 69184 1
89473 95258 1
47969 9948 1
49834 37458 1
75949 30385 1
115674 20558 1
115674 80622 1
65202 37377 1
70198 37377 1
33655 108954 1
33655 153006 1
72546 149070 1
126473 107030 1
131411 63943 1
40661 48897 1
37574 106510 1
68770 61730 1
68770 37115 1
63668 111181 1
117986 149070 1
23341 124432 1
23341 32325 1
31960 85349 1
68172 109447 1
103561 66375 1
64198 82900 1
64198 56650 1
45979 44458 1
63992 82900 1
120844 78981 1
33573 118628 1
117987 42078 1
117987 140995 1
55810 125210 1
27828 99869 1
149741 99869 1
53528 135223 1
53528 5910 1
53528 50412 1
63404 144690 1
76306 35137 1
145438 58712 1
145438 72052 1
145438 113974 1
71368 33736 1
50247 63009 1
50247 50657 1
64572 95889 1
27116 111160 1
82257 90588 1
53452 118146 1
82722 105892 1
4377 104127 1
141110 94213 1
67789 90583 1
108939 47713 1
153097 14647 1
104883 20558 1
66887 93699 1
146892 82176 1
146892 84111 1
41603 84111 1
78638 43911 1
85476 43911 1
110835 105516 1
79340 99591 1
121379 111684 1
121379 137469 1
73046 115064 1
45887 104538 1
50825 63009 1
60424 55654 1
132025 111181 1
80999 55434 1
80999 80230 1
4769 88494 1
110081 88199 1
125750 116619 1
62764 94789 1
135610 37377 1
47214 101575 1
125559 110122 1
137523 124922 1
95550 61633 1
95550 76006 1
113820 35137 1
139318 95889 1
98011 102274 1
68414 31476 1
104815 110656 1
89178 87558 1
89178 43351 1
109796 110656 1
54084 148533 1
55730 63590 1
43230 48897 1
57221 57894 1
57221 71375 1
60924 139454 1
64216 103206 1
24114 23491 1
82347 59804 1
37702 106510 1
57304 103475 1
92124 149123 1
7113 46271 1
149291 10491 1
106534 58773 1
150297 101718 1
150297 49101 1
139598 125210 1
53776 113763 1
60912 114623 1
60912 132716 1
101239 124714 1
78913 136197 1
78913 106811 1
4020 104264 1
72928 37298 1
72928 94213 1
66883 54853 1
66883 31476 1
78820 149070 1
50412 103065 1
83163 99591 1
83163 24537 1
122586 35137 1
119780 24537 1
102054 47253 1
118941 132241 1
118941 27627 1
4152 153006 1
78505 99591 1
78505 12410 1
94284 81286 1
67125 139699 1
60260 114420 1
10383 43452 1
74466 94789 1
58797 83624 1
102396 89431 1
102396 85797 1
44786 75003 1
14111 46271 1
55261 87222 1
90650 154447 1
60760 101499 1
131538 20875 1
131538 152898 1
133279 40028 1
145473 106619 1
54847 46403 1
101854 112514 1
101854 23491 1
55766 37055 1
105125 24537 1
16241 140361 1
22825 104127 1
31930 103639 1
31930 12410 1
100239 40861 1
147822 57304 1
147822 99589 1
19431 10989 1
63618 107438 1
72926 113763 1
71185 154447 1
123034 62583 1
43075 9180 1
76818 80100 1
43839 16484 1
104774 116619 1
96096 36781 1
77990 129991 1
30385 73798 1
30385 63009 1
115883 102274 1
115883 141003 1
72358 54853 1
53868 123164 1
137817 92222 1
60665 71447 1
60665 16484 1
26922 90502 1
26922 11209 1
59838 76973 1
52321 81476 1
52321 50412 1
90908 40028 1
47383 63590 1
77327 47126 1
74211 124242 1
47786 123164 1
70591 103070 1
93487 52901 1
94435 37055 1
73037 53026 1
38059 30054 1
53696 108194 1
53696 71375 1
87439 99728 1
80475 37055 1
32463 116048 1
98439 54442 1
136741 26745 1
133259 98374 1
133259 154447 1
57594 101718 1
40047 71668 1
57225 50733 1
151247 137509 1
148 18237 1
125244 88198 1
23637 40006 1
139835 80622 1
60004 137469 1
81060 97789 1
47891 110122 1
152595 109269 1
135282 52190 1
73557 137983 1
50741 30054 1
131168 81485 1
116444 30054 1
116444 62583 1
52027 108194 1
153571 30054 1
130527 47253 1
113681 1015 1
47380 74140 1
107094 55654 1
112032 42900 1
48198 1015 1
18886 55823 1
18886 99869 1
43260 9349 1
11034 9021 1
49139 30582 1
150479 1015 1
62459 118146 1
125347 63949 1
125347 154410 1
125347 47899 1
79948 50345 1
79948 68021 1
71359 43908 1
71359 124432 1
107370 81558 1
68878 97480 1
63013 103206 1
66896 60260 1
66896 139028 1
104612 26745 1
48900 57066 1
109001 103206 1
122929 85797 1
153247 60800 1
153247 114766 1
123619 109447 1
82040 71390 1
82040 88856 1
50871 89709 1
103509 87222 1
107145 87558 1
98603 11209 1
83789 87558 1
80307 150419 1
40803 10491 1
94298 17246 1
87876 51219 1
35646 23491 1
35646 90727 1
73683 87558 1
90379 87558 1
134040 68495 1
134040 60049 1
90671 20558 1
123750 110656 1
44592 9948 1
114574 64697 1
83014 149123 1
133503 99003 1
125036 92065 1
111446 118146 1
52526 95562 1
106105 83627 1
89431 62426 1
25202 62426 1
94430 26745 1
42078 143904 1
42078 100904 1
59488 88198 1
64370 109447 1
45441 51253 1
45441 84269 1
130219 60260 1
135541 19992 1
135541 35481 1
98664 72798 1
98664 63009 1
98664 83971 1
48461 116078 1
135342 103428 1
122824 58672 1
114119 132241 1
147039 42135 1
147039 137469 1
109211 19992 1
125934 31476 1
47899 141003 1
15229 36287 1
149378 62583 1
34472 10989 1
100904 114765 1
100904 49051 1
100904 42078 1
123164 59909 1
52057 70543 1
52057 79576 1
13444 104127 1
85425 40663 1
78461 85349 1
20028 10491 1
66338 103428 1
47187 134319 1
47187 89709 1
8820 86049 1
47122 107135 1
144639 82900 1
108690 76973 1
102116 80230 1
104845 130008 1
62914 40028 1
113403 145100 1
119164 47253 1
45593 81908 1
45593 16241 1
45593 140361 1
143089 9948 1
65186 34461 1
65186 10989 1
65186 62820 1
114420 89709 1
114420 47786 1
45708 40028 1
55379 40028 1
137735 95562 1
137735 104022 1
101174 111684 1
101174 58626 1
153935 10989 1
68343 91447 1
68343 47786 1
68343 86049 1
75926 116619 1
68368 154447 1
57831 80716 1
87556 116619 1
62999 49254 1
47551 150419 1
127449 56687 1
95229 67789 1
138969 104985 1
107318 20558 1
27232 31958 1
67723 99728 1
153613 81872 1
78720 69912 1
94687 30582 1
76973 55451 1
10815 47786 1
89343 57304 1
43733 150419 1
81723 8793 1
55608 105516 1
34559 73465 1
119721 7113 1
97398 116078 1
97398 145100 1
153362 50444 1
153362 56511 1
89445 47253 1
104517 63590 1
43908 53026 1
43908 107976 1
43244 151447 1
86040 55451 1
100854 104538 1
61058 82128 1
59412 43911 1
130190 70303 1
130190 57934 1
144181 58538 1
138612 64163 1
70713 53287 1
97561 56687 1
135452 56687 1
148241 108194 1
109939 61854 1
154416 93699 1
58092 137469 1
144800 97789 1
74476 82900 1
104471 55451 1
97412 126610 1
128833 10989 1
109682 68049 1
64029 31476 1
67552 94213 1
97149 26745 1
62583 51253 1
39326 24537 1
51513 130794 1
51513 116796 1
92663 12410 1
92663 114478 1
101411 148040 1
88087 54853 1
117083 54853 1
149180 99591 1
149180 146601 1
18967 153503 1
139454 138234 1
139454 27499 1
139454 47084 1
87224 55278 1
87224 10491 1
56947 59425 1
56947 43815 1
56947 124432 1
72898 153399 1
72898 103206 1
109459 76055 1
109459 65684 1
109459 76322 1
141003 124961 1
141003 51219 1
141003 47899 1
141003 63854 1
48352 79416 1
48352 49061 1
48352 97098 1
22839 11209 1
89661 108178 1
89661 27220 1
89661 50538 1
75769 64558 1
131733 53102 1
131733 47960 1
131733 47951 1
131733 55804 1
72715 137469 1
117999 43096 1
152819 86393 1
152819 89704 1
125660 91261 1
125660 80473 1
72779 79504 1
72779 144046 1
72779 95306 1
56319 50759 1
56319 45494 1
56319 112915 1
135483 56281 1
135483 10989 1
119814 49068 1
119814 14653 1
119814 142485 1
119814 28 1
70263 90731 1
55823 45869 1
55823 43386 1
55823 51476 1
69751 68370 1
69751 68165 1
34362 27627 1
79338 149123 1
102382 136046 1
102382 43139 1
102382 131226 1
102382 33520 1
102382 58672 1
83078 119502 1
144013 80100 1
144013 151962 1
144013 43595 1
83971 95978 1
83971 30873 1
83971 105209 1
115245 46460 1
115245 29750 1
115245 91427 1
52697 112567 1
52697 30794 1
52697 114531 1
52697 5479 1
50956 49101 1
50956 36992 1
50956 123716 1
50956 74822 1
148070 91665 1
148070 53602 1
148070 122244 1
148070 11516 1
33736 135320 1
47664 124432 1
56392 145419 1
56392 116759 1
12645 74053 1
12645 31714 1
12645 74826 1
75321 119502 1
103173 150539 1
103173 51664 1
103173 70303 1
103173 149269 1
151921 30794 1
146429 68773 1
146429 66713 1
146429 78568 1
146429 127479 1
73307 90588 1
73307 109447 1
151492 25541 1
146554 102274 1
9879 74869 1
9879 122291 1
9879 68304 1
9879 64215 1
75319 80100 1
150211 64558 1
60219 83624 1
103176 149123 1
81286 59359 1
81286 80680 1
79576 59425 1
79576 56650 1
153646 59029 1
153646 54847 1
139699 150350 1
139699 129444 1
64426 103019 1
64426 44136 1
64426 32067 1
71390 138841 1
71390 56519 1
7626 57077 1
7626 92105 1
7626 72905 1
7626 141393 1
137660 148069 1
137660 48283 1
137660 42541 1
66882 123194 1
26555 86241 1
26555 121778 1
26555 108745 1
26555 53972 1
93256 80863 1
93256 40650 1
93256 4946 1
93256 99616 1
63659 85280 1
59184 129922 1
59184 128666 1
59184 21684 1
59184 48563 1
102617 97903 1
102617 137410 1
102617 126415 1
115785 119502 1
91109 102715 1
108392 84106 1
108392 121345 1
108392 123943 1
32430 135590 1
32430 92366 1
96703 22301 1
53748 97480 1
121647 60342 1
86827 67723 1
86827 1250 1
74625 148533 1
126934 80100 1
59858 32067 1
59858 16597 1
59858 32325 1
59858 125891 1
101895 97026 1
70557 30794 1
22669 87365 1
22669 142742 1
22669 21266 1
22669 29697 1
22669 71658 1
62712 107438 1
105508 65863 1
105508 79769 1
79172 56319 1
79172 53316 1
79172 91582 1
18237 138303 1
18237 29919 1
18237 124154 1
18237 148 1
83627 106105 1
83627 133651 1
149785 53384 1
149785 105001 1
81476 52022 1
81476 51722 1
81476 70366 1
75019 56756 1
75019 1123 1
75019 149187 1
57609 76788 1
57609 70469 1
112289 56879 1
112289 101499 1
112289 34154 1
88783 83624 1
88783 111297 1
53963 99693 1
53963 53150 1
53963 51097 1
60404 64558 1
44767 13026 1
122035 51446 1
122035 143366 1
78510 100810 1
120294 133738 1
120294 64697 1
104985 105250 1
104985 138969 1
104985 733 1
104985 96778 1
141546 120464 1
129044 71431 1
129044 58538 1
129044 77067 1
129044 112771 1
71591 139506 1
71591 88199 1
60792 94789 1
60792 98374 1
133216 116498 1
28756 22085 1
28756 7116 1
130231 114824 1
130231 104264 1
130231 119648 1
130231 131581 1
41440 107241 1
41440 74140 1
41440 150867 1
68599 115064 1
68599 30191 1
68599 93451 1
68599 128333 1
9343 45235 1
9343 75741 1
9343 112361 1
146328 153631 1
146328 73078 1
146328 69622 1
128222 124922 1
128222 37224 1
64163 94726 1
64163 35842 1
64163 39526 1
64163 52237 1
107135 47122 1
107135 82043 1
90727 77491 1
90727 66319 1
90727 79550 1
116842 140386 1
116842 109233 1
50169 125883 1
50169 40018 1
70210 42914 1
70210 131893 1
53750 84170 1
53750 64558 1
81872 99589 1
70011 146187 1
70011 101018 1
70011 86073 1
140486 83700 1
140486 77701 1
140486 123066 1
140486 22085 1
140486 102472 1
68021 39527 1
68021 143053 1
48870 46708 1
48870 43751 1
48870 76422 1
48870 119350 1
106880 113763 1
106880 18934 1
80765 22301 1
70444 22301 1
70444 21185 1
154012 46460 1
154012 40488 1
154012 51617 1
154012 104015 1
148250 54123 1
148250 19395 1
148250 10928 1
126029 78775 1
126029 108315 1
149073 67730 1
149073 80235 1
149073 124205 1
94734 105214 1
94734 65749 1
94734 109698 1
19018 101023 1
19018 29666 1
113795 114193 1
113795 55265 1
113795 122917 1
80716 54379 1
80716 109758 1
123132 113763 1
123132 143305 1
130096 50149 1
130096 20558 1
130096 12545 1
73309 108458 1
73309 137360 1
73309 89704 1
126834 111869 1
126834 40592 1
126834 49558 1
126834 80216 1
132977 145910 1
35481 82119 1
35481 100904 1
35481 122659 1
52362 113763 1
59029 29781 1
87834 114248 1
87834 30582 1
136582 86021 1
126800 132548 1
126800 59891 1
126800 58007 1
126800 70637 1
115744 69718 1
115744 67178 1
115744 84111 1
115744 115189 1
110806 37377 1
71614 149070 1
59427 64558 1
35 114678 1
35 47415 1
66193 124314 1
66193 85273 1
66193 78884 1
118997 60260 1
118997 52190 1
118997 66419 1
115515 76934 1
93020 77308 1
93020 134040 1
15023 8793 1
55066 71447 1
91627 101554 1
91627 90588 1
91627 146439 1
52278 97026 1
74911 93432 1
74911 69027 1
74911 84245 1
61362 101627 1
61362 70882 1
61362 71506 1
74837 125082 1
132447 59832 1
132447 115669 1
143998 85349 1
143998 27627 1
143998 131043 1
143998 147048 1
60399 30296 1
114370 142884 1
114370 40176 1
114370 52484 1
114370 99869 1
49036 93575 1
49036 80424 1
49036 125753 1
49036 63843 1
87338 99591 1
123899 111181 1
63946 68385 1
63946 51253 1
63946 111684 1
63946 48352 1
88320 93451 1
124217 104538 1
124217 57594 1
124217 57077 1
124217 64382 1
54577 12410 1
54577 143552 1
149808 99728 1
149808 88494 1
64499 55682 1
64499 81558 1
72798 149517 1
72798 98664 1
72798 81208 1
72798 47713 1
17665 111160 1
17665 40883 1
17665 71605 1
17665 83686 1
44824 17246 1
98263 124913 1
98263 139454 1
98263 137024 1
57113 89704 1
50149 51592 1
50149 73607 1
50149 64697 1
114623 71668 1
114623 97274 1
114623 141513 1
112186 63795 1
96549 72779 1
61477 124922 1
40585 37055 1
40585 153296 1
64959 60103 1
64959 28473 1
64959 93451 1
31278 132532 1
31278 100904 1
31278 98421 1
90472 140995 1
35308 3614 1
75635 104022 1
80858 86446 1
80858 46460 1
80858 60399 1
80858 114192 1
72887 90588 1
74628 120369 1
109135 39837 1
109135 36293 1
109135 63179 1
68173 32325 1
68173 79018 1
68173 8247 1
68173 112996 1
153640 140386 1
153640 47034 1
153640 44142 1
153640 60912 1
153640 99660 1
53026 61156 1
53026 24823 1
63036 9021 1
134417 44458 1
103966 95562 1
84269 89343 1
84269 45671 1
84269 58438 1
106490 31188 1
106490 144590 1
106490 5910 1
106490 151802 1
83398 93451 1
83398 90728 1
83398 43597 1
125371 35584 1
132716 113612 1
132716 28215 1
132716 86544 1
135675 98961 1
135675 19507 1
67777 89948 1
90410 109939 1
90410 45778 1
90410 60852 1
90410 115487 1
54198 53246 1
54198 130743 1
76006 68069 1
143905 118194 1
143905 116078 1
74857 64854 1
74857 56903 1
74857 80560 1
146238 82900 1
137225 71357 1
137225 78094 1
137225 119166 1
1349 153503 1
95363 136816 1
95363 67178 1
95363 62806 1
95363 121778 1
149273 104302 1
149273 38680 1
69187 80871 1
69187 51322 1
69187 127881 1
69187 102209 1
113768 77852 1
113768 92616 1
39330 75191 1
39330 46180 1
39330 4573 1
39330 78635 1
86241 115067 1
86241 73279 1
86241 147713 1
86241 140745 1
144674 137983 1
43696 104538 1
79091 144133 1
79091 91147 1
46171 112668 1
46171 151577 1
46171 70188 1
81797 29822 1
81797 56046 1
81797 29731 1
81797 122426 1
90502 66636 1
90502 84673 1
52200 121353 1
52200 143752 1
52200 75310 1
52200 79698 1
17057 103946 1
17057 130331 1
68180 65315 1
68180 1123 1
68180 137509 1
49029 73938 1
49029 133637 1
49029 137091 1
3763 47205 1
3763 78765 1
3763 123713 1
122244 140923 1
122244 9259 1
122244 110139 1
116483 52901 1
80117 71447 1
80117 26555 1
80117 96096 1
80117 73258 1
130320 82564 1
44158 30582 1
44158 44136 1
54604 134083 1
54604 139649 1
54604 63906 1
85252 41416 1
85252 40861 1
85252 58751 1
85252 117785 1
55890 131733 1
55890 7297 1
55890 73442 1
107976 153792 1
107976 43908 1
107976 39526 1
154410 45648 1
154410 61854 1
42135 71821 1
42135 144652 1
42135 142383 1
103070 154579 1
103070 52734 1
103070 67814 1
121999 13745 1
121999 12410 1
113964 48897 1
100988 152214 1
100988 75026 1
6974 63701 1
82742 97789 1
91447 22498 1
91447 30294 1
31085 142383 1
31085 147505 1
31085 77654 1
51977 104538 1
149617 90901 1
149617 80890 1
149617 147991 1
15560 111181 1
73379 69232 1
73379 46460 1
73379 1474 1
73379 87255 1
28318 46460 1
28318 152731 1
28318 130509 1
28318 146664 1
91346 53854 1
91346 102453 1
91346 120313 1
115720 88926 1
45208 124389 1
107862 86294 1
107862 94676 1
107862 140600 1
145770 76817 1
145770 28318 1
81630 29625 1
81630 68284 1
134959 90588 1
106539 87652 1
106539 91960 1
106539 112603 1
136197 77244 1
136197 137012 1
73465 66703 1
57005 123194 1
80092 40006 1
80092 85282 1
92279 35823 1
92279 110656 1
96827 23491 1
1072 105250 1
1072 138169 1
1072 7310 1
147706 90731 1
101718 150249 1
101718 59029 1
101718 58443 1
101718 126493 1
86049 130623 1
110739 139028 1
84273 90731 1
84273 106542 1
119929 111181 1
46587 153462 1
46587 44210 1
46587 43814 1
46587 117022 1
46587 99004 1
48328 49139 1
48328 55654 1
48328 123194 1
145442 132241 1
145442 57063 1
52472 43306 1
52472 29625 1
52472 14878 1
72874 114180 1
72874 141342 1
112696 97480 1
46538 80863 1
46538 124922 1
46538 68285 1
46538 89661 1
46538 67103 1
71427 88199 1
123657 55044 1
123657 51229 1
133812 139355 1
133812 35716 1
133812 51793 1
151399 140386 1
151399 51253 1
74176 109044 1
74176 6486 1
74176 112555 1
126261 71108 1
126261 89704 1
153420 88199 1
153420 93712 1
86588 113126 1
86588 52325 1
86588 145459 1
101075 91859 1
144600 50279 1
144600 64532 1
144600 111527 1
85406 149070 1
123616 22301 1
137607 114463 1
137607 125891 1
27650 57385 1
27650 85269 1
93828 117999 1
93828 98134 1
93828 6147 1
99589 69571 1
99589 81872 1
49038 63943 1
49038 80427 1
55622 69187 1
55622 57316 1
117628 63943 1
117628 79967 1
81416 43096 1
146433 69085 1
146433 117792 1
37923 74869 1
37923 98374 1
37923 39652 1
37923 40047 1
37100 57934 1
37100 103839 1
99648 56511 1
70810 16484 1
70810 43447 1
84422 63009 1
84422 58572 1
84422 102200 1
46120 126816 1
46120 152998 1
46120 104022 1
31730 16484 1
31730 137225 1
31730 6218 1
31730 153640 1
53672 17811 1
53672 58672 1
142463 43911 1
61854 98240 1
61854 45363 1
61854 108954 1
145422 52901 1
89594 40518 1
89594 1439 1
91335 105739 1
91335 64532 1
91335 61224 1
91335 106778 1
118359 52901 1
118359 126525 1
53298 12410 1
105847 123194 1
105847 92137 1
49766 58456 1
49766 74946 1
49766 84150 1
74140 87045 1
74140 41739 1
61985 113973 1
61985 50169 1
61985 4020 1
61985 105892 1
91582 62754 1
91582 62386 1
91582 69718 1
57965 66781 1
57965 40740 1
17922 18616 1
17922 36914 1
17922 123066 1
70543 131103 1
70543 36233 1
102658 140361 1
153241 69912 1
146277 134558 1
146277 50097 1
146277 71290 1
79012 108194 1
70307 119502 1
80153 48047 1
80153 88199 1
82317 55654 1
82317 23109 1
82317 4852 1
82317 84525 1
137470 122078 1
137470 71375 1
137470 21155 1
59748 143366 1
37115 100904 1
37115 50976 1
37115 67869 1
37115 71375 1
120734 136582 1
120734 85252 1
42389 117605 1
119571 11209 1
131758 59057 1
131758 55278 1
131758 67657 1
131758 99266 1
52920 98240 1
92065 112246 1
92065 54895 1
92065 92222 1
112983 115023 1
112983 130129 1
112983 99006 1
22451 98240 1
114402 98240 1
55208 120995 1
55208 125210 1
55208 148533 1
55208 4247 1
75950 83041 1
75950 141217 1
75950 55999 1
75950 134309 1
77560 120464 1
110639 63578 1
110639 63009 1
110639 124314 1
956 130769 1
956 37298 1
956 137629 1
54095 134266 1
76728 124922 1
50613 16109 1
50613 118628 1
