56194 101265 1
101265 84845 1
101265 75556 1
101265 11324 1
101265 75801 1
101265 56194 1
84845 9153 1
84845 101265 1
11324 101265 1
75556 40861 1
75556 101265 1
75556 49534 1
75556 44458 1
75556 150419 1
75801 85220 1
75801 45648 1
75801 5964 1
75801 46186 1
75801 27049 1
46186 75801 1
46186 109161 1
46186 64558 1
5964 11873 1
5964 94382 1
5964 38924 1
5964 17246 1
5964 125844 1
45648 102058 1
45648 124828 1
45648 6070 1
45648 64163 1
45648 136586 1
85220 39265 1
85220 93327 1
85220 89860 1
85220 66815 1
85220 120369 1
150419 88185 1
150419 75556 1
150419 8858 1
150419 75877 1
150419 36651 1
27049 15813 1
27049 75801 1
44458 122914 1
44458 104985 1
44458 5461 1
44458 120729 1
44458 154479 1
40861 153006 1
40861 75556 1
40861 8550 1
40861 49948 1
40861 141964 1
49534 132651 1
49534 111173 1
49534 9160 1
49534 76065 1
49534 120708 1
9153 64195 1
9153 107580 1
9153 105344 1
9153 150848 1
9153 122916 1
109161 80428 1
109161 75555 1
109161 7174 1
109161 76474 1
109161 63240 1
64558 123543 1
64558 125706 1
64558 12866 1
64558 100108 1
64558 53750 1
120369 94895 1
120369 91787 1
120369 5956 1
120369 94162 1
120369 73179 1
75877 119435 1
75877 150419 1
76065 7113 1
76065 101450 1
76065 136129 1
76065 49534 1
76065 154148 1
66815 115203 1
66815 108546 1
66815 7479 1
66815 115307 1
66815 52579 1
89860 104366 1
89860 108423 1
89860 13699 1
89860 153934 1
89860 71153 1
124828 8567 1
124828 45648 1
124828 35562 1
8550 40861 1
39265 43961 1
39265 57001 1
39265 2602 1
39265 84019 1
39265 133903 1
136586 150 1
136586 129922 1
136586 52843 1
136586 45648 1
136586 134813 1
6070 82768 1
6070 9825 1
6070 135553 1
6070 22221 1
6070 47156 1
93327 58678 1
93327 49578 1
93327 6663 1
93327 54415 1
93327 37450 1
64163 91427 1
64163 85669 1
64163 10019 1
64163 38919 1
64163 31888 1
38924 59020 1
38924 101591 1
38924 10857 1
38924 135436 1
38924 37450 1
154479 44458 1
154479 147884 1
102058 45648 1
102058 116741 1
102058 56150 1
15813 90314 1
15813 134068 1
15813 10637 1
15813 117178 1
15813 45987 1
153006 96914 1
153006 90415 1
153006 143674 1
153006 10900 1
153006 7452 1
120729 44458 1
120729 101447 1
120729 59198 1
64195 151447 1
64195 70807 1
64195 11863 1
64195 133139 1
64195 52057 1
141964 9387 1
141964 120175 1
141964 70362 1
141964 36888 1
141964 105136 1
111173 33024 1
111173 73909 1
111173 49534 1
111173 137024 1
111173 96914 1
120708 72353 1
120708 108510 1
120708 3008 1
120708 22613 1
120708 16072 1
122916 9153 1
122916 140243 1
122916 145058 1
9160 49534 1
105344 9153 1
105344 35229 1
105344 17932 1
132651 49534 1
132651 86455 1
132651 67145 1
122914 44458 1
122914 119402 1
5461 44458 1
49948 4598 1
49948 150249 1
49948 40861 1
49948 11694 1
49948 99643 1
104985 105250 1
104985 46219 1
104985 5682 1
104985 83757 1
104985 98412 1
94382 51342 1
94382 43447 1
94382 9772 1
94382 48581 1
94382 36781 1
36651 150419 1
107580 9153 1
17246 17313 1
17246 100126 1
17246 5336 1
17246 119877 1
17246 27922 1
150848 9153 1
125844 91522 1
125844 85914 1
125844 15516 1
125844 89070 1
125844 58970 1
11873 122654 1
11873 104021 1
11873 10475 1
11873 25777 1
11873 97817 1
88185 69318 1
88185 150419 1
88185 107576 1
8858 150419 1
8858 82974 1
3008 120708 1
3008 22846 1
72353 13753 1
72353 134145 1
72353 43688 1
72353 14897 1
72353 46460 1
59020 124294 1
59020 58332 1
59020 9759 1
59020 97536 1
59020 38924 1
7479 66815 1
135436 58773 1
135436 51789 1
135436 11032 1
135436 53713 1
135436 40721 1
107576 128851 1
107576 71941 1
107576 42440 1
107576 134541 1
107576 122645 1
70362 141964 1
70362 62081 1
70362 8771 1
70362 116739 1
70362 48577 1
52057 95214 1
52057 144652 1
52057 9341 1
52057 101271 1
52057 107910 1
133139 1332 1
133139 89834 1
133139 46387 1
133139 1725 1
133139 97480 1
151447 103971 1
151447 135270 1
151447 7889 1
151447 41282 1
151447 25139 1
70807 436 1
70807 89709 1
70807 98927 1
70807 32959 1
70807 123164 1
5336 48897 1
5336 115867 1
5336 75688 1
5336 109827 1
5336 101788 1
101447 130387 1
101447 118163 1
101447 10586 1
101447 48683 1
101447 33898 1
10900 116233 1
10900 89099 1
10900 5478 1
10900 76593 1
10900 60057 1
45987 15813 1
45987 47899 1
45987 133466 1
117178 15813 1
117178 103654 1
117178 66881 1
117178 25124 1
117178 74927 1
90314 9349 1
90314 15813 1
108423 17811 1
108423 51339 1
108423 89860 1
108423 28036 1
13699 89860 1
56150 98359 1
56150 135339 1
56150 10280 1
56150 121288 1
56150 65286 1
80428 3422 1
80428 145641 1
80428 107598 1
80428 46099 1
80428 109161 1
116741 110234 1
116741 102058 1
116741 19339 1
116741 107139 1
116741 76659 1
10475 78048 1
10475 10928 1
10475 13670 1
10475 63583 1
10475 95577 1
147884 140445 1
147884 46915 1
147884 24770 1
147884 98615 1
147884 123049 1
49578 126385 1
49578 122913 1
49578 18812 1
49578 104868 1
49578 97539 1
85669 64163 1
85669 143077 1
85669 122277 1
85669 67382 1
54415 81858 1
54415 100066 1
54415 4943 1
54415 44687 1
54415 24352 1
6663 75949 1
6663 93327 1
90415 86666 1
90415 74790 1
90415 12394 1
90415 76233 1
90415 55669 1
10019 789 1
10019 64163 1
96914 93852 1
96914 85079 1
96914 14018 1
96914 90944 1
96914 62735 1
10857 38924 1
10857 137151 1
10857 74118 1
10857 97348 1
10857 105973 1
58678 93327 1
134068 61037 1
134068 54751 1
134068 3760 1
134068 58751 1
134068 41206 1
47156 6070 1
47156 109758 1
47156 129720 1
47156 32140 1
47156 71242 1
37450 49108 1
37450 40723 1
37450 7512 1
37450 112919 1
37450 37109 1
153934 2425 1
153934 39174 1
153934 20095 1
153934 97652 1
153934 120449 1
73909 111173 1
73909 131214 1
73909 12869 1
73909 126222 1
73909 71290 1
119402 123689 1
119402 41892 1
119402 19351 1
119402 153410 1
119402 151435 1
150 51270 1
150 58553 1
150 84324 1
150 23995 1
150 119409 1
125706 81849 1
125706 75916 1
125706 14226 1
125706 75929 1
125706 64311 1
58970 132693 1
58970 125037 1
58970 6829 1
58970 53144 1
58970 42148 1
69318 95842 1
69318 113383 1
69318 11657 1
69318 118171 1
69318 106764 1
35562 114100 1
35562 129455 1
35562 4320 1
35562 36018 1
35562 124828 1
137024 76542 1
137024 68829 1
137024 9690 1
137024 71668 1
137024 50345 1
12866 9812 1
12866 77395 1
12866 56996 1
12866 11648 1
12866 64558 1
57001 39265 1
57001 85421 1
123543 528 1
123543 64558 1
5956 120369 1
82974 89161 1
82974 136940 1
82974 18432 1
82974 110931 1
82974 130067 1
129922 74507 1
129922 64340 1
129922 12443 1
129922 68826 1
129922 43555 1
82768 6070 1
71153 41821 1
71153 92366 1
71153 70624 1
71153 48045 1
71153 70899 1
5682 145139 1
5682 89256 1
5682 3699 1
5682 106029 1
5682 9690 1
140243 82479 1
140243 78945 1
140243 10568 1
140243 80715 1
140243 56087 1
35229 96806 1
35229 42748 1
35229 26732 1
35229 56319 1
35229 66139 1
36781 91400 1
36781 122795 1
36781 16484 1
36781 94382 1
36781 73118 1
17932 86615 1
17932 133435 1
17932 7383 1
17932 40383 1
17932 21285 1
67145 110614 1
67145 46363 1
67145 8358 1
67145 52447 1
67145 35770 1
4598 91893 1
4598 5557 1
4598 138736 1
4598 115590 1
4598 75541 1
9772 94382 1
98412 63662 1
98412 57925 1
98412 9841 1
98412 61396 1
98412 46307 1
25777 11873 1
25777 105468 1
150249 84612 1
150249 73490 1
150249 14877 1
150249 74237 1
150249 64270 1
15516 4763 1
15516 109037 1
15516 143877 1
15516 128155 1
15516 82310 1
63240 104119 1
63240 65318 1
63240 11366 1
63240 109161 1
63240 46151 1
52843 122612 1
52843 109827 1
52843 13457 1
52843 59020 1
52843 39992 1
97817 5762 1
97817 93451 1
97817 11873 1
73179 120369 1
38919 6508 1
38919 147677 1
38919 38930 1
38919 17953 1
38919 130267 1
100126 17246 1
100126 114197 1
104021 11873 1
99643 82180 1
99643 75472 1
99643 10474 1
99643 76607 1
99643 49948 1
89070 83385 1
89070 80390 1
89070 8885 1
89070 81353 1
89070 54261 1
83757 140178 1
83757 69718 1
83757 10888 1
83757 144170 1
83757 58279 1
122654 11873 1
122654 148495 1
122654 79880 1
46219 50926 1
46219 95245 1
46219 7272 1
46219 122639 1
46219 45301 1
17313 28015 1
17313 151697 1
17313 135597 1
17313 32873 1
17313 18199 1
51342 60306 1
51342 52878 1
51342 9532 1
51342 66959 1
51342 43501 1
94895 120369 1
48581 49767 1
48581 106446 1
48581 3559 1
48581 41999 1
48581 30048 1
145058 79745 1
145058 57896 1
145058 5255 1
145058 67936 1
145058 46622 1
133903 12136 1
133903 119230 1
133903 71232 1
133903 20911 1
133903 124056 1
119877 152863 1
119877 141968 1
119877 5266 1
119877 54686 1
119877 35990 1
27922 17246 1
11694 75639 1
11694 109508 1
11694 135560 1
11694 117447 1
11694 135087 1
16072 56254 1
16072 51763 1
16072 7887 1
16072 41142 1
16072 84125 1
85914 125844 1
22613 53068 1
22613 147916 1
22613 6986 1
22613 120708 1
22613 40471 1
53750 121802 1
53750 84170 1
53750 11873 1
53750 66881 1
53750 58509 1
43447 94892 1
43447 125991 1
43447 18153 1
43447 106922 1
43447 94382 1
52579 66815 1
52579 93071 1
108546 66815 1
108546 144000 1
108546 102472 1
108510 85980 1
108510 82201 1
108510 5944 1
108510 82289 1
108510 61740 1
76474 733 1
76474 123579 1
76474 19618 1
76474 15813 1
76474 123776 1
136129 100227 1
136129 85455 1
136129 6089 1
136129 87137 1
136129 45969 1
100108 64558 1
100108 139973 1
100108 98695 1
7174 89948 1
7174 65662 1
7174 102472 1
7174 48145 1
7174 109161 1
8567 74563 1
8567 90427 1
8567 101803 1
8567 124225 1
8567 20139 1
84019 69826 1
84019 65988 1
84019 18565 1
84019 68672 1
84019 54766 1
143674 149667 1
143674 51941 1
143674 5308 1
143674 53406 1
143674 35050 1
75555 109161 1
105250 95644 1
105250 91320 1
105250 15417 1
105250 92241 1
105250 59391 1
120175 108148 1
120175 93975 1
120175 25341 1
120175 104911 1
120175 71812 1
11863 91000 1
11863 64195 1
11863 40738 1
154148 147225 1
154148 137875 1
154148 12841 1
154148 139353 1
154148 93252 1
101450 66834 1
101450 55989 1
101450 5266 1
101450 59392 1
101450 39649 1
105136 9759 1
105136 52121 1
105136 31331 1
105136 141964 1
105136 148881 1
94162 85326 1
94162 72142 1
94162 15063 1
94162 74062 1
94162 56024 1
119435 68919 1
119435 60306 1
119435 9301 1
119435 61335 1
119435 41268 1
9825 6070 1
59198 92067 1
59198 120729 1
59198 10244 1
59198 76292 1
59198 57550 1
36888 153006 1
36888 149029 1
36888 12030 1
36888 99249 1
36888 53131 1
115203 60562 1
115203 125799 1
115203 66815 1
91522 125844 1
43961 39265 1
43961 68005 1
43961 59020 1
91427 74356 1
91427 63066 1
91427 8453 1
91427 64163 1
91427 51194 1
115307 11222 1
115307 137817 1
115307 86714 1
115307 40388 1
115307 109642 1
7113 68082 1
7113 76065 1
7113 5799 1
7113 16802 1
7113 153006 1
101591 1940 1
101591 84236 1
101591 38924 1
101591 125020 1
101591 140901 1
104366 53206 1
104366 105906 1
104366 89860 1
104366 62273 1
104366 92012 1
10637 15813 1
134813 76107 1
134813 65287 1
134813 12159 1
134813 70143 1
134813 41928 1
2602 4961 1
2602 153543 1
2602 39265 1
2602 29625 1
86455 77834 1
86455 67444 1
86455 6681 1
86455 70664 1
86455 49743 1
7452 112224 1
7452 53343 1
7452 6974 1
7452 81468 1
7452 125225 1
31888 64163 1
31888 123548 1
91787 120369 1
9387 112381 1
9387 111410 1
9387 154056 1
9387 11827 1
9387 98213 1
135553 6070 1
33024 59163 1
33024 130457 1
33024 15343 1
33024 73430 1
33024 53740 1
22221 6070 1
22221 141657 1
22221 9679 1
147225 14627 1
147225 154148 1
147225 65250 1
40738 49058 1
40738 149316 1
40738 6326 1
40738 58780 1
40738 38941 1
48145 140768 1
48145 52340 1
48145 2884 1
48145 125447 1
48145 43712 1
5762 21562 1
5762 119795 1
5762 36097 1
5762 16521 1
5762 62376 1
71812 82400 1
71812 99297 1
71812 120175 1
71812 126913 1
104911 120175 1
6974 49897 1
6974 61217 1
6974 95275 1
6974 54307 1
6974 26135 1
25341 120175 1
93975 72499 1
93975 55118 1
93975 4552 1
93975 55624 1
93975 39081 1
108148 120175 1
91320 13511 1
91320 105250 1
53406 66080 1
53406 152345 1
53406 7707 1
53406 78110 1
53406 52121 1
5308 46790 1
5308 26940 1
5308 3346 1
5308 153534 1
5308 125736 1
115590 67814 1
115590 66230 1
115590 5760 1
115590 66812 1
115590 41111 1
18565 66080 1
18565 82101 1
18565 99263 1
18565 84019 1
53131 35164 1
53131 50905 1
53131 36888 1
53131 83227 1
65988 34337 1
65988 84019 1
124225 8567 1
124225 123776 1
124225 26548 1
124225 137507 1
42748 7109 1
42748 35229 1
110234 116741 1
89948 78013 1
89948 67777 1
89948 10025 1
89948 69522 1
89948 45168 1
98695 91697 1
98695 85395 1
98695 15077 1
98695 85799 1
98695 71148 1
87137 136129 1
58332 58509 1
58332 69123 1
58332 9677 1
58332 47469 1
6089 135096 1
6089 136129 1
5266 78048 1
5266 101450 1
5266 130147 1
5266 126181 1
5266 152323 1
123776 58726 1
123776 50666 1
123776 16484 1
123776 51404 1
123776 44522 1
18432 141779 1
18432 82974 1
123579 134133 1
123579 62105 1
123579 13483 1
123579 65177 1
123579 48917 1
125225 7452 1
125225 103662 1
125225 103173 1
733 136517 1
733 64060 1
733 98439 1
733 90741 1
733 85895 1
82201 12257 1
82201 154747 1
82201 68843 1
82201 13805 1
82201 89844 1
65662 117337 1
65662 138515 1
65662 12535 1
65662 112532 1
65662 152706 1
102472 95475 1
102472 81064 1
102472 7174 1
102472 87545 1
102472 61222 1
30048 36412 1
30048 135223 1
30048 14703 1
30048 134969 1
30048 144030 1
144000 92596 1
144000 88434 1
144000 19756 1
144000 89773 1
144000 72554 1
93071 68603 1
93071 64864 1
93071 8822 1
93071 66874 1
93071 52521 1
125991 870 1
125991 92643 1
125991 151856 1
125991 43447 1
18153 1377 1
18153 40220 1
18153 47652 1
18153 115400 1
18153 43447 1
91400 121769 1
91400 134061 1
91400 11068 1
91400 98967 1
91400 79653 1
100227 97494 1
100227 136129 1
58509 79128 1
58509 152724 1
58509 11217 1
58509 137109 1
58509 53750 1
64270 112026 1
64270 125330 1
64270 5113 1
64270 148757 1
64270 42341 1
121802 59898 1
121802 53750 1
121802 12703 1
121802 54853 1
121802 37298 1
6986 94545 1
6986 109743 1
6986 102144 1
6986 137136 1
6986 139679 1
53068 14594 1
53068 68865 1
53068 22726 1
53068 86108 1
53068 127198 1
26732 35229 1
40723 37450 1
41142 16072 1
41142 27367 1
41142 96779 1
41142 24760 1
41142 133945 1
74062 85550 1
74062 85895 1
74062 15326 1
74062 144652 1
74062 57934 1
51763 63129 1
51763 127414 1
51763 911 1
51763 41289 1
51763 24233 1
79745 145058 1
117447 70200 1
117447 64626 1
117447 11694 1
117447 67079 1
117447 52492 1
135560 11694 1
109508 11694 1
79880 119728 1
79880 111822 1
79880 14345 1
79880 93112 1
79880 62104 1
12394 143774 1
12394 29554 1
12394 135497 1
12394 24577 1
12394 6834 1
124056 3053 1
124056 95083 1
124056 32818 1
124056 133903 1
124056 152898 1
20911 119230 1
20911 133903 1
60057 10900 1
60057 112817 1
60057 46442 1
60057 28815 1
60057 123326 1
9341 27380 1
9341 56747 1
9341 3790 1
9341 41883 1
10568 49144 1
10568 93757 1
10568 140243 1
83385 67782 1
83385 10921 1
83385 65755 1
83385 51629 1
84612 147680 1
84612 150249 1
41892 150933 1
41892 110478 1
41892 119402 1
41892 142966 1
41892 147004 1
116739 40556 1
116739 70362 1
106446 2411 1
106446 101676 1
106446 15393 1
106446 10424 1
106446 114637 1
35050 102648 1
35050 73990 1
35050 1296 1
35050 45451 1
35050 22969 1
44687 114370 1
44687 97333 1
44687 54415 1
44687 95228 1
6829 58970 1
6829 86455 1
53740 25385 1
53740 36342 1
53740 113153 1
53740 33024 1
85421 77227 1
85421 68229 1
85421 8091 1
85421 73230 1
85421 52077 1
3422 25921 1
3422 70587 1
3422 134528 1
3422 22205 1
3422 56603 1
7512 37450 1
140445 3814 1
140445 65088 1
140445 14450 1
140445 147884 1
140445 134040 1
62735 25111 1
62735 62820 1
62735 120100 1
62735 25447 1
62735 66030 1
122645 122003 1
122645 90011 1
122645 17811 1
122645 142440 1
61335 92078 1
61335 43386 1
61335 22239 1
61335 119435 1
61335 88523 1
54751 12257 1
54751 75801 1
54751 154747 1
54751 13805 1
54751 89844 1
46915 132633 1
46915 147884 1
46915 83474 1
46915 58362 1
14226 125706 1
121288 83902 1
121288 68005 1
121288 17748 1
121288 68582 1
121288 41425 1
101271 19822 1
101271 148001 1
101271 52057 1
101271 25594 1
101271 119525 1
32959 56360 1
32959 140445 1
32959 9341 1
32959 108960 1
32959 50578 1
57925 98412 1
13753 108968 1
13753 116901 1
13753 11021 1
13753 92919 1
13753 107976 1
65287 134813 1
29625 148656 1
29625 114988 1
29625 16522 1
29625 58670 1
29625 64401 1
76659 5113 1
76659 103858 1
76659 88523 1
76659 93498 1
76659 116741 1
58553 150 1
58553 75005 1
58553 149597 1
58553 118165 1
71232 4943 1
71232 89676 1
71232 56529 1
71232 12416 1
71232 153234 1
89834 1162 1
89834 73169 1
89834 51074 1
89834 143264 1
89834 94956 1
128155 101912 1
128155 98240 1
128155 15516 1
128155 98263 1
128155 68582 1
89709 52345 1
89709 80113 1
89709 108940 1
89709 23158 1
89709 18199 1
97480 83510 1
97480 68878 1
97480 20262 1
97480 76862 1
97480 46634 1
42148 102472 1
42148 78520 1
42148 21481 1
42148 72645 1
42148 136977 1
7383 151100 1
7383 57142 1
7383 66053 1
7383 130106 1
7383 133285 1
7889 22327 1
7889 52424 1
7889 5820 1
7889 46622 1
7889 50340 1
118171 69318 1
61396 98412 1
98615 836 1
98615 147884 1
98615 72826 1
98615 58132 1
98615 143101 1
47899 99869 1
47899 81558 1
47899 7195 1
47899 96644 1
47899 46057 1
51941 15567 1
51941 146673 1
51941 43363 1
51941 33247 1
51941 108759 1
35990 119877 1
18812 77876 1
18812 98605 1
18812 12071 1
18812 45725 1
18812 21019 1
9759 112790 1
9759 153281 1
9759 3177 1
9759 69159 1
9759 16666 1
104868 49578 1
19618 88301 1
19618 62245 1
19618 4671 1
19618 94513 1
19618 75026 1
122277 69130 1
122277 13832 1
122277 74356 1
122277 53144 1
130457 33024 1
130457 93080 1
100066 840 1
100066 72883 1
100066 24437 1
100066 23541 1
100066 112920 1
60562 97926 1
60562 115203 1
60562 13547 1
60562 120708 1
60562 49043 1
133466 52421 1
133466 51507 1
133466 7359 1
133466 51526 1
133466 42263 1
24352 126264 1
24352 105266 1
24352 7452 1
24352 73606 1
24352 128659 1
56254 16072 1
56254 93798 1
56254 110385 1
84236 139287 1
84236 101591 1
84236 101067 1
151697 87609 1
151697 86917 1
151697 17313 1
151697 87073 1
151697 62170 1
124294 12465 1
124294 132665 1
124294 151807 1
124294 59020 1
86666 144550 1
86666 138522 1
86666 18955 1
86666 134067 1
86666 131473 1
32140 60548 1
32140 66781 1
32140 1439 1
32140 110102 1
32140 26253 1
126222 57594 1
126222 93160 1
126222 94826 1
126222 73909 1
126222 107030 1
74790 63216 1
74790 90415 1
90427 8567 1
90427 108758 1
90427 25794 1
50345 61889 1
50345 86233 1
50345 11122 1
50345 48110 1
50345 39499 1
141968 9332 1
141968 117024 1
141968 50759 1
141968 19395 1
141968 119877 1
137151 10857 1
95842 26705 1
95842 69318 1
93852 96914 1
143077 91955 1
143077 88659 1
143077 8797 1
143077 89661 1
143077 63136 1
20095 22721 1
20095 150200 1
20095 15357 1
20095 64313 1
20095 137124 1
56087 66716 1
56087 125200 1
56087 8793 1
56087 65304 1
56087 47253 1
76542 137024 1
151435 31185 1
151435 119402 1
62273 151712 1
62273 125169 1
62273 14388 1
62273 130690 1
62273 60705 1
46363 67145 1
46363 108123 1
90944 12465 1
90944 151261 1
90944 96914 1
103654 88184 1
103654 75061 1
103654 18158 1
103654 76708 1
103654 54011 1
2425 68810 1
2425 74421 1
2425 40492 1
2425 119490 1
2425 75441 1
789 47735 1
789 69572 1
789 107786 1
789 116662 1
789 81821 1
97348 102453 1
97348 100343 1
97348 6174 1
97348 47314 1
97348 26085 1
82180 231 1
82180 99643 1
82180 1478 1
125799 82624 1
125799 77332 1
125799 6479 1
125799 77850 1
125799 46920 1
62081 70362 1
75541 118791 1
75541 123164 1
75541 17194 1
75541 126305 1
75541 127169 1
4763 97973 1
4763 64562 1
4763 29186 1
4763 114845 1
75929 125706 1
58751 3462 1
58751 65143 1
58751 39827 1
58751 134068 1
123689 119402 1
71242 73490 1
71242 81986 1
71242 9037 1
71242 87440 1
71242 55874 1
61740 1920 1
61740 93794 1
61740 52340 1
61740 66710 1
61740 108510 1
107139 19271 1
107139 116741 1
76607 62499 1
76607 120955 1
76607 85797 1
76607 71344 1
76607 128265 1
16484 87226 1
16484 85502 1
16484 2750 1
16484 47421 1
16484 102170 1
71290 136816 1
71290 141051 1
71290 3763 1
71290 42427 1
71290 31916 1
43688 47275 1
43688 63009 1
43688 10888 1
43688 129958 1
43688 42776 1
131214 119837 1
131214 132259 1
131214 9219 1
131214 93833 1
131214 104047 1
136940 34748 1
136940 127109 1
136940 60096 1
136940 42391 1
136940 77352 1
11032 95798 1
11032 140335 1
11032 117035 1
11032 26098 1
11032 72860 1
114100 35562 1
46622 4311 1
46622 73691 1
46622 41901 1
46622 7889 1
46622 145058 1
53206 75029 1
53206 53645 1
53206 9567 1
53206 89105 1
53206 44158 1
92067 59198 1
92067 103706 1
67936 145058 1
67936 148230 1
67936 107908 1
4943 82365 1
4943 68022 1
4943 12416 1
4943 36233 1
12869 25393 1
12869 73909 1
25139 125052 1
25139 126752 1
25139 10759 1
25139 86049 1
25139 42900 1
1725 69187 1
1725 154044 1
1725 96254 1
1725 22730 1
1725 11693 1
74118 1466 1
74118 127599 1
74118 43022 1
74118 10857 1
74118 62933 1
54261 119738 1
54261 60589 1
54261 11146 1
54261 134068 1
54261 63660 1
8453 69813 1
8453 81329 1
8453 36711 1
8453 89010 1
8453 60188 1
137875 154148 1
25124 117478 1
25124 132644 1
25124 5086 1
25124 117031 1
25124 132633 1
106029 5682 1
106029 84136 1
106029 33003 1
106029 11411 1
106029 134230 1
64311 19731 1
64311 125706 1
85980 23162 1
85980 43342 1
85980 56529 1
85980 26716 1
85980 108510 1
46307 97700 1
46307 52502 1
46307 5419 1
46307 111904 1
46307 98412 1
113383 69318 1
40721 23637 1
40721 120708 1
40721 81858 1
40721 26543 1
40721 135436 1
24770 12040 1
24770 95577 1
24770 129344 1
24770 130794 1
24770 147884 1
4320 2088 1
4320 35562 1
140178 8623 1
140178 29247 1
140178 10989 1
140178 89704 1
140178 97000 1
135270 49029 1
135270 151447 1
135270 91166 1
56996 85791 1
56996 129045 1
56996 12866 1
56996 115864 1
56996 56536 1
42440 107576 1
42440 67116 1
42440 98146 1
123049 140087 1
123049 140140 1
123049 43249 1
123049 132693 1
123049 112169 1
19351 69121 1
19351 98803 1
19351 119402 1
97536 132407 1
97536 120708 1
97536 5181 1
97536 35137 1
97536 29604 1
98359 56150 1
93451 83398 1
93451 11115 1
93451 88301 1
93451 50326 1
139353 154148 1
67382 74776 1
67382 130565 1
67382 4359 1
67382 122633 1
67382 52457 1
93252 154148 1
55989 101450 1
14018 96914 1
31331 105136 1
31331 80863 1
31331 118498 1
97539 38120 1
97539 114059 1
97539 78187 1
97539 49578 1
97539 123912 1
148881 105136 1
148881 114832 1
49108 4058 1
49108 37450 1
147677 77316 1
147677 75479 1
147677 20400 1
147677 75595 1
147677 45371 1
85326 94162 1
10888 5479 1
10888 131285 1
10888 149274 1
10888 106486 1
10888 78350 1
12841 42161 1
12841 38415 1
12841 84198 1
12841 119787 1
12841 130456 1
56024 94162 1
125037 93008 1
125037 88638 1
125037 16484 1
125037 91105 1
125037 74461 1
112224 7452 1
112224 114403 1
112224 47380 1
112224 7933 1
112224 137817 1
9349 39496 1
9349 97089 1
9349 74155 1
9349 70210 1
9349 76587 1
66959 26490 1
66959 51342 1
68919 48609 1
68919 114401 1
68919 119435 1
41268 111803 1
41268 152239 1
41268 25333 1
41268 113457 1
41268 90262 1
67444 70702 1
67444 148802 1
67444 12635 1
67444 114328 1
67444 64903 1
76292 59198 1
22846 108985 1
22846 123951 1
22846 4290 1
22846 102966 1
22846 100639 1
135597 78829 1
135597 67839 1
135597 15586 1
135597 74776 1
135597 51435 1
149029 36888 1
32873 123164 1
32873 69535 1
32873 5337 1
32873 61217 1
32873 91537 1
18199 103360 1
18199 26555 1
18199 11021 1
18199 18506 1
18199 124714 1
59392 101450 1
12030 36888 1
12030 152026 1
12030 20131 1
12030 138612 1
12030 65820 1
82479 140243 1
84125 16072 1
84324 97480 1
84324 125858 1
84324 14877 1
84324 91931 1
84324 103048 1
9301 49747 1
9301 119435 1
99249 36888 1
99249 98162 1
99249 100018 1
99249 46329 1
68005 110470 1
68005 43961 1
11222 84681 1
11222 136501 1
137817 97664 1
137817 17974 1
137817 96659 1
137817 81128 1
68082 7113 1
68082 120885 1
68082 65088 1
68082 20130 1
68082 126264 1
63583 147805 1
63583 136329 1
63583 117911 1
69718 60973 1
69718 8793 1
69718 65454 1
71668 129597 1
71668 74425 1
71668 40046 1
71668 28815 1
5799 7113 1
1940 101591 1
436 83226 1
436 115483 1
105906 81979 1
105906 23443 1
105906 92924 1
105906 68418 1
92012 54823 1
92012 10492 1
92012 44158 1
41282 109620 1
41282 90537 1
41282 108573 1
41282 65304 1
45969 136129 1
45969 66815 1
149667 81041 1
149667 78154 1
149667 7596 1
149667 50618 1
76107 26588 1
76107 134813 1
16802 7113 1
119409 150 1
119409 118165 1
119409 69085 1
119409 19728 1
119409 82999 1
37109 37450 1
70143 88417 1
70143 126390 1
70143 134813 1
70143 149797 1
38930 125484 1
38930 6078 1
38930 63910 1
38930 90114 1
15063 94162 1
15063 26238 1
15063 43911 1
15063 77723 1
41928 69204 1
41928 136254 1
41928 134813 1
15343 33024 1
15343 39712 1
15343 26504 1
50926 53640 1
50926 91715 1
50926 12488 1
50926 101988 1
50926 121756 1
4961 129570 1
4961 71492 1
4961 4606 1
4961 42437 1
4961 137636 1
98213 9387 1
107910 3957 1
107910 57934 1
107910 46417 1
107910 27849 1
107910 145438 1
6681 1243 1
6681 54552 1
6681 111590 1
6681 45377 1
6681 86455 1
153543 82730 1
153543 77052 1
153543 18055 1
153543 80573 1
153543 64978 1
52121 127599 1
52121 92470 1
52121 69488 1
52121 22759 1
52121 16284 1
23995 150 1
23995 80970 1
23995 53206 1
23995 52451 1
23995 39623 1
8358 61000 1
8358 61623 1
8358 67145 1
63066 68169 1
63066 151495 1
63066 91427 1
74927 139823 1
74927 117670 1
74927 110247 1
74927 131329 1
82289 937 1
82289 122635 1
82289 27961 1
82289 3053 1
82289 131758 1
75639 11694 1
75639 146439 1
75639 46634 1
75639 107030 1
70664 150112 1
70664 145305 1
70664 3903 1
70664 30353 1
70664 22727 1
81468 110100 1
81468 148502 1
81468 14349 1
81468 95753 1
81468 61562 1
112381 9387 1
48577 70362 1
66834 101450 1
111410 9387 1
111410 126261 1
111410 75867 1
111410 19221 1
111410 86437 1
11827 9387 1
11827 37195 1
85079 1925 1
85079 109974 1
85079 105361 1
85079 9759 1
85079 96914 1
59163 501 1
59163 127263 1
59163 32776 1
59163 8839 1
59163 33024 1
147916 86108 1
147916 79018 1
147916 7964 1
147916 79534 1
147916 62899 1
126385 35074 1
126385 49578 1
94892 81591 1
94892 72094 1
94892 12183 1
94892 75238 1
94892 50215 1
141657 150497 1
141657 135619 1
141657 101265 1
141657 20371 1
141657 13262 1
9679 32857 1
9679 87889 1
9679 105745 1
9679 125653 1
9679 29241 1
51270 150 1
51270 10423 1
129455 35562 1
119230 111208 1
119230 98146 1
119230 12136 1
119230 101437 1
119230 72181 1
105973 10857 1
105973 81378 1
36018 35562 1
36018 152628 1
1332 2290 1
1332 95917 1
1332 28376 1
1332 133139 1
1332 17772 1
129720 60917 1
129720 54340 1
129720 55763 1
129720 41268 1
14897 31807 1
14897 133688 1
14897 11519 1
14897 94214 1
14897 135339 1
13670 127379 1
13670 50408 1
13670 2942 1
13670 46893 1
13670 120849 1
123548 90276 1
123548 71995 1
123548 14141 1
123548 75666 1
123548 49387 1
12443 150 1
12443 128011 1
12443 32481 1
12443 9980 1
12443 114197 1
106922 3081 1
106922 135372 1
106922 87257 1
106922 43447 1
106922 145110 1
72142 145770 1
72142 55112 1
72142 17591 1
72142 56918 1
72142 38551 1
8771 40861 1
8771 139069 1
8771 38021 1
8771 47852 1
8771 23888 1
128851 2710 1
128851 88123 1
128851 42353 1
128851 20271 1
128851 92718 1
74507 25124 1
74507 108085 1
74507 65047 1
74507 32481 1
74507 129922 1
89099 10900 1
89099 111064 1
89099 48157 1
103971 64730 1
103971 61181 1
103971 9690 1
103971 63231 1
103971 49594 1
77834 20271 1
77834 86455 1
77834 95276 1
77834 114273 1
53144 86615 1
53144 57254 1
53144 3790 1
53144 38606 1
53144 24153 1
138736 64574 1
138736 60562 1
138736 3763 1
138736 61467 1
138736 42048 1
130067 82974 1
28015 115883 1
28015 100904 1
28015 6280 1
28015 50345 1
28015 34124 1
77395 9909 1
77395 53966 1
77395 18372 1
77395 121305 1
77395 92176 1
89256 3081 1
89256 65777 1
89256 25346 1
89256 5682 1
89256 70576 1
81849 125706 1
46460 137136 1
46460 75595 1
46460 4311 1
46460 31742 1
46460 19872 1
109037 108034 1
109037 102742 1
109037 5621 1
109037 103498 1
109037 75409 1
17953 113984 1
17953 147380 1
17953 8815 1
17953 89951 1
17953 84396 1
123164 109396 1
123164 131538 1
123164 9118 1
123164 40217 1
123164 26952 1
10280 254 1
10280 56150 1
10280 119787 1
10280 104288 1
10280 46517 1
10928 73588 1
10928 20744 1
10928 10475 1
10928 74162 1
10928 119493 1
53713 20543 1
53713 103630 1
53713 135436 1
53713 140598 1
53713 100605 1
66881 90135 1
66881 130320 1
66881 13670 1
66881 87569 1
66881 53750 1
51339 85758 1
51339 108983 1
51339 10425 1
51339 70650 1
51339 105502 1
134541 107576 1
40471 120351 1
40471 97966 1
40471 20080 1
40471 51888 1
40471 81056 1
95214 131920 1
95214 145473 1
95214 22759 1
95214 106442 1
95214 68646 1
97652 82319 1
97652 75791 1
97652 4831 1
97652 78034 1
97652 58928 1
101788 60589 1
101788 54043 1
101788 3056 1
101788 54925 1
101788 37968 1
80390 65443 1
80390 62780 1
80390 15017 1
80390 63674 1
80390 54610 1
57550 23341 1
57550 59198 1
51789 145643 1
51789 94605 1
51789 150987 1
51789 24044 1
51789 18025 1
65286 17579 1
65286 74031 1
65286 152833 1
65286 48965 1
65286 72561 1
115867 84558 1
115867 80858 1
115867 18039 1
115867 83688 1
115867 55684 1
3760 138085 1
3760 109300 1
3760 30850 1
3760 133665 1
3760 153006 1
144652 14540 1
144652 90398 1
144652 42135 1
144652 21355 1
144652 125179 1
12136 55360 1
12136 87612 1
12136 5027 1
12136 119230 1
12136 86428 1
54686 119877 1
10244 113763 1
10244 59198 1
109827 59804 1
109827 52878 1
109827 5336 1
109827 54709 1
109827 29879 1
130387 58693 1
130387 101447 1
84170 70713 1
84170 66781 1
84170 15677 1
84170 67814 1
84170 47034 1
118163 63795 1
118163 101447 1
81353 416 1
81353 89070 1
81353 88582 1
81353 4686 1
101803 8567 1
101803 85159 1
101803 112026 1
101803 56101 1
11648 48192 1
11648 43316 1
11648 82816 1
11648 81080 1
11648 33835 1
48683 27991 1
48683 101447 1
48683 82109 1
48683 30740 1
48683 117975 1
71941 107576 1
48897 98202 1
48897 128463 1
48897 2539 1
48897 113153 1
48897 32341 1
58773 92713 1
58773 93794 1
58773 8725 1
58773 127077 1
58773 52758 1
148495 88856 1
148495 77892 1
148495 12134 1
148495 79192 1
148495 50759 1
56319 117012 1
56319 130701 1
56319 7531 1
56319 70061 1
56319 37298 1
75688 70199 1
75688 58332 1
75688 7051 1
75688 60555 1
75688 47592 1
154056 152819 1
154056 139311 1
154056 9387 1
154056 139743 1
154056 83271 1
33898 101447 1
28036 78004 1
28036 107055 1
28036 14821 1
28036 75312 1
28036 133656 1
76593 10900 1
106764 69318 1
85455 82134 1
85455 78823 1
85455 7348 1
85455 78897 1
85455 60069 1
78048 75350 1
78048 64137 1
78048 8111 1
78048 72307 1
78048 48121 1
39992 128011 1
39992 138190 1
39992 153486 1
39992 52843 1
7272 116326 1
7272 73630 1
7272 103134 1
7272 110879 1
7272 95363 1
68829 137024 1
52878 64712 1
52878 108779 1
52878 13797 1
52878 118281 1
52878 47147 1
135087 11694 1
134145 88438 1
134145 82445 1
134145 6480 1
134145 83936 1
134145 63504 1
135339 109236 1
135339 123356 1
135339 2945 1
135339 32470 1
135339 22759 1
13457 50375 1
13457 15334 1
13457 4653 1
13457 81207 1
13457 152615 1
49743 46336 1
49743 86455 1
68672 128265 1
68672 84019 1
54766 84019 1
130267 79272 1
130267 74140 1
130267 24854 1
130267 75755 1
130267 47444 1
75949 68477 1
75949 88633 1
75949 117191 1
75949 28895 1
75949 15326 1
15417 7297 1
15417 64599 1
15417 110161 1
15417 105250 1
15417 122426 1
46099 52785 1
46099 80428 1
46099 5187 1
46099 98546 1
46099 95052 1
145641 85456 1
145641 80428 1
145641 10147 1
145641 82705 1
145641 60377 1
19339 143035 1
19339 114419 1
19339 5393 1
19339 64820 1
19339 102175 1
7887 59508 1
7887 150350 1
7887 1377 1
7887 47652 1
7887 136332 1
12159 134813 1
9690 102361 1
9690 76611 1
9690 38021 1
9690 30740 1
9690 8195 1
152863 108954 1
152863 88946 1
152863 14473 1
152863 101075 1
152863 69123 1
107598 73448 1
107598 66908 1
107598 9400 1
107598 68825 1
107598 51140 1
17811 108718 1
17811 133739 1
17811 65856 1
17811 92396 1
17811 91871 1
55669 90415 1
528 65207 1
528 68271 1
528 104586 1
528 33840 1
528 62754 1
89161 95750 1
89161 84019 1
89161 15833 1
89161 87212 1
89161 72347 1
110931 82974 1
64340 30463 1
64340 129922 1
76233 69250 1
76233 56869 1
76233 11497 1
76233 62170 1
76233 34122 1
68826 129922 1
9812 121576 1
9812 14312 1
9812 23676 1
9812 27425 1
9812 29335 1
43555 23297 1
43555 129922 1
53343 7452 1
41821 149171 1
41821 84258 1
41821 15145 1
41821 104881 1
41821 143758 1
132693 65869 1
132693 59777 1
132693 4583 1
132693 63117 1
132693 52421 1
116233 10900 1
92366 11242 1
92366 68169 1
92366 14422 1
92366 137435 1
92366 154550 1
58279 7894 1
58279 109581 1
58279 83757 1
58279 64302 1
58279 62927 1
70624 144024 1
70624 107267 1
70624 18447 1
70624 146016 1
70624 56032 1
48045 152609 1
48045 87769 1
48045 11146 1
48045 51356 1
48045 36614 1
70899 128027 1
70899 90633 1
70899 5145 1
70899 128909 1
70899 57871 1
40388 95135 1
40388 63129 1
40388 5046 1
40388 96154 1
40388 143235 1
80715 148 1
80715 142531 1
80715 37702 1
80715 140243 1
80715 107030 1
3699 2245 1
3699 140335 1
3699 99111 1
3699 143674 1
3699 144925 1
78945 61213 1
78945 53831 1
78945 56902 1
78945 48309 1
96806 35229 1
43501 44589 1
43501 49201 1
43501 6585 1
43501 110632 1
43501 65165 1
109758 58706 1
109758 50003 1
109758 4551 1
109758 53964 1
109758 32562 1
86714 80010 1
86714 8383 1
86714 82062 1
86714 68788 1
66139 35229 1
66139 128245 1
66139 83985 1
66139 45377 1
46387 133139 1
46387 113291 1
46387 2335 1
46387 127120 1
46387 34782 1
112919 37450 1
51194 91427 1
140901 50666 1
140901 101591 1
122795 36781 1
46151 63240 1
14877 151848 1
14877 108510 1
14877 9461 1
14877 130128 1
14877 83000 1
139973 57237 1
139973 52989 1
139973 8651 1
139973 53121 1
139973 41450 1
86615 117617 1
86615 101656 1
86615 2023 1
86615 41289 1
86615 22806 1
75916 125706 1
95577 99004 1
95577 54117 1
95577 10475 1
95577 56087 1
95577 47540 1
133435 17932 1
82310 82098 1
82310 79398 1
82310 16150 1
82310 80394 1
82310 62026 1
41206 126913 1
41206 67574 1
41206 134068 1
40383 17932 1
10586 66165 1
10586 17565 1
10586 14473 1
10586 27367 1
10586 101447 1
21285 17932 1
153410 50759 1
153410 119402 1
110614 5621 1
110614 67145 1
110614 148034 1
110614 21662 1
81858 130552 1
81858 129044 1
81858 113362 1
81858 30126 1
81858 23099 1
35770 67145 1
5478 134976 1
5478 92065 1
5478 148617 1
5478 149232 1
5478 36342 1
91893 4598 1
91893 88294 1
91893 57594 1
91893 46950 1
91893 65486 1
5557 54136 1
5557 135314 1
5557 4519 1
5557 114988 1
5557 94998 1
120449 83104 1
120449 68112 1
120449 19117 1
120449 68343 1
120449 55941 1
63662 8820 1
63662 98412 1
145139 5682 1
145139 139108 1
145139 21520 1
9841 98412 1
105468 15334 1
105468 90756 1
105468 44941 1
105468 25777 1
105468 153542 1
73490 81641 1
73490 54405 1
73490 33288 1
73490 150249 1
98927 90995 1
98927 86374 1
98927 14205 1
98927 88573 1
98927 61548 1
74237 70176 1
74237 64003 1
74237 6489 1
74237 64450 1
74237 41964 1
143877 84220 1
143877 79418 1
143877 14775 1
143877 80485 1
143877 52318 1
104119 63240 1
104119 117328 1
65318 485 1
65318 63240 1
3559 134686 1
3559 12394 1
3559 70913 1
3559 35137 1
3559 152628 1
11366 106112 1
11366 119027 1
11366 63240 1
122612 81207 1
122612 65442 1
122612 4137 1
122612 67372 1
122612 59867 1
125020 101591 1
6508 35912 1
6508 29893 1
6508 123398 1
6508 141894 1
6508 131630 1
114197 87676 1
114197 82317 1
114197 6531 1
114197 86378 1
114197 55754 1
11657 69318 1
59391 8573 1
59391 91427 1
59391 105250 1
61037 9349 1
61037 134068 1
61037 36001 1
75472 99643 1
92241 81872 1
92241 80451 1
92241 5181 1
92241 80747 1
92241 47653 1
52447 67145 1
10474 99643 1
10474 59492 1
8885 121427 1
8885 114655 1
8885 41007 1
8885 61844 1
8885 89070 1
73118 86333 1
73118 114334 1
73118 1427 1
73118 39265 1
73118 30582 1
69826 68021 1
69826 54760 1
69826 7295 1
69826 62861 1
69826 42985 1
39649 70993 1
39649 101450 1
144170 72142 1
144170 83757 1
91000 88868 1
91000 75173 1
91000 11863 1
91000 79705 1
91000 61966 1
9532 100789 1
9532 114735 1
9532 5181 1
9532 59184 1
9532 56863 1
39174 71984 1
39174 47910 1
39174 9215 1
39174 51751 1
39174 92690 1
74563 8567 1
95245 46219 1
95245 141802 1
95245 99310 1
95245 104857 1
122639 58342 1
122639 48108 1
122639 1914 1
122639 51458 1
122639 39769 1
45301 46219 1
109642 82709 1
109642 77032 1
109642 5320 1
109642 78360 1
109642 58540 1
5944 49068 1
5944 108510 1
5944 126005 1
73430 33024 1
60306 117024 1
60306 81041 1
60306 5449 1
60306 74140 1
60306 47521 1
20139 2884 1
20139 36455 1
20139 108637 1
20139 8567 1
49767 146601 1
49767 66080 1
49767 15528 1
49767 127523 1
49767 48326 1
41999 98607 1
41999 101526 1
41999 6452 1
41999 97348 1
41999 146439 1
74356 128097 1
74356 115742 1
74356 9725 1
74356 37298 1
74356 28010 1
122913 152600 1
122913 124492 1
122913 3422 1
122913 47468 1
122913 37015 1
57896 145058 1
57896 120214 1
5255 28322 1
5255 145058 1
5255 6020 1
95644 32481 1
95644 105250 1
