59654 67166 1
67166 148234 1
67166 76973 1
67166 23421 1
67166 27748 1
67166 112403 1
148234 95870 1
148234 113184 1
148234 36993 1
148234 44107 1
148234 123767 1
112403 67166 1
112403 96519 1
27748 67166 1
76973 58082 1
76973 68399 1
76973 19281 1
76973 20674 1
76973 78300 1
23421 67166 1
78300 5425 1
78300 16712 1
78300 76973 1
78300 12739 1
19281 39817 1
19281 12416 1
19281 26253 1
19281 76973 1
19281 64302 1
58082 120942 1
58082 46893 1
58082 76973 1
58082 10767 1
58082 6697 1
113184 148234 1
96519 76900 1
96519 92800 1
96519 24459 1
96519 27484 1
96519 135326 1
95870 148234 1
95870 99598 1
36993 148234 1
36993 95535 1
36993 63902 1
44107 148234 1
123767 122759 1
123767 148234 1
20674 76973 1
20674 153234 1
20674 36866 1
20674 142569 1
20674 13734 1
68399 115341 1
68399 67103 1
68399 76973 1
68399 58564 1
68399 21235 1
95535 67503 1
95535 95101 1
95535 20904 1
95535 24516 1
95535 132973 1
92800 87004 1
92800 96519 1
92800 13161 1
92800 32443 1
92800 104644 1
76900 64820 1
76900 96519 1
39817 73258 1
39817 71368 1
39817 14248 1
39817 18506 1
39817 83679 1
12416 137332 1
12416 109378 1
12416 66091 1
12416 114313 1
12416 128998 1
27484 143494 1
27484 96519 1
21235 87754 1
21235 123482 1
21235 130328 1
21235 36508 1
21235 149733 1
115341 69776 1
115341 126850 1
115341 20677 1
115341 28730 1
115341 149062 1
13734 154684 1
13734 77257 1
13734 152329 1
13734 28428 1
13734 152442 1
10767 141885 1
10767 52190 1
10767 57219 1
10767 32524 1
10767 35823 1
142569 83221 1
142569 95106 1
142569 26075 1
142569 29312 1
142569 111992 1
36866 146981 1
36866 142389 1
36866 16484 1
36866 20674 1
36866 141657 1
58564 141453 1
58564 63153 1
58564 22965 1
58564 24158 1
58564 140630 1
12739 40885 1
12739 85639 1
12739 58773 1
12739 61848 1
12739 27102 1
5425 99533 1
5425 126944 1
5425 128025 1
5425 21786 1
5425 86847 1
153234 119547 1
153234 144406 1
153234 39466 1
153234 51689 1
153234 111573 1
120942 100818 1
120942 123153 1
120942 50471 1
120942 52197 1
120942 154680 1
99598 59941 1
99598 92379 1
99598 20683 1
99598 25414 1
99598 127151 1
63902 107829 1
63902 141916 1
63902 34194 1
63902 36503 1
63902 93202 1
122759 69320 1
122759 89305 1
122759 13629 1
122759 14589 1
122759 130420 1
64302 103360 1
64302 122846 1
64302 30754 1
64302 46079 1
64302 69484 1
135326 96519 1
24459 100066 1
24459 96519 1
6697 89513 1
6697 25952 1
6697 93833 1
6697 21520 1
6697 113974 1
46893 80308 1
46893 119114 1
46893 29554 1
46893 32643 1
46893 93536 1
67103 135689 1
67103 124714 1
67103 18935 1
67103 24818 1
67103 90455 1
26253 45285 1
26253 30126 1
26253 8399 1
26253 10985 1
26253 154069 1
16712 65223 1
16712 53460 1
16712 125927 1
16712 69904 1
16712 17127 1
122846 3525 1
122846 64302 1
122846 148757 1
122846 7841 1
130420 110478 1
130420 41513 1
130420 117344 1
130420 126525 1
130420 122759 1
34194 67166 1
34194 26728 1
34194 153113 1
34194 47837 1
34194 93467 1
127151 44117 1
127151 99598 1
25414 99598 1
20683 115069 1
20683 143562 1
20683 82959 1
20683 140563 1
20683 42131 1
123153 104645 1
123153 24560 1
123153 96337 1
123153 101561 1
123153 139429 1
92379 99598 1
154069 26253 1
154069 68412 1
154069 107224 1
154069 53026 1
100818 23084 1
100818 120942 1
50471 29625 1
50471 120942 1
50471 151313 1
50471 125416 1
39466 153234 1
39466 75754 1
119547 55435 1
119547 153234 1
119547 75754 1
86847 5425 1
21786 59508 1
21786 24770 1
21786 14336 1
21786 24064 1
21786 57316 1
93202 63902 1
63153 58564 1
128025 5425 1
128025 48389 1
58773 94956 1
58773 65661 1
58773 20323 1
58773 30951 1
58773 106534 1
69320 122759 1
69320 22690 1
69320 47786 1
69320 11153 1
69320 5910 1
126944 5425 1
126944 14574 1
52197 111160 1
52197 12078 1
52197 118791 1
52197 85396 1
52197 116473 1
29312 90410 1
29312 60917 1
29312 32937 1
29312 42900 1
29312 122964 1
99533 5425 1
69484 139230 1
69484 82804 1
69484 79018 1
69484 149731 1
69484 64302 1
21520 66108 1
21520 100301 1
21520 11648 1
21520 43008 1
21520 150114 1
24818 73481 1
24818 67103 1
24818 106532 1
87004 17217 1
87004 132823 1
87004 92800 1
132973 48309 1
132973 95535 1
8399 26253 1
130328 21235 1
52190 70203 1
52190 41813 1
52190 126812 1
52190 7045 1
52190 126262 1
46079 89759 1
46079 120237 1
46079 64302 1
46079 70957 1
46079 146870 1
154684 64541 1
154684 103922 1
154684 13734 1
154684 17468 1
154684 122749 1
13161 6889 1
13161 130437 1
13161 92654 1
13161 92800 1
87754 21235 1
89305 122759 1
83679 39817 1
83679 93744 1
20677 115341 1
154680 120942 1
149733 21235 1
135689 67103 1
107829 63902 1
28428 104613 1
28428 19765 1
28428 146160 1
28428 51804 1
28428 13734 1
144406 153234 1
144406 95306 1
144406 104074 1
144406 13169 1
144406 3079 1
149062 40904 1
149062 115341 1
27102 12739 1
27102 76973 1
27102 147369 1
152329 88035 1
152329 111206 1
152329 23637 1
152329 27574 1
152329 148757 1
65223 16712 1
14589 14840 1
14589 122759 1
141885 10767 1
28730 115341 1
25952 6697 1
25952 104063 1
25952 122765 1
80308 67233 1
80308 109608 1
80308 19271 1
80308 24250 1
80308 131144 1
45285 124774 1
45285 26253 1
45285 141513 1
45285 88783 1
45285 89770 1
119114 46893 1
119114 132103 1
95106 142569 1
89513 6697 1
32643 48775 1
32643 40368 1
32643 46893 1
32643 103818 1
32643 3559 1
90455 80014 1
90455 118942 1
90455 36265 1
90455 43109 1
90455 107042 1
124714 46609 1
124714 23309 1
124714 89906 1
124714 3163 1
124714 87516 1
18935 67103 1
113974 113299 1
113974 37937 1
113974 93370 1
113974 105118 1
113974 104767 1
30126 40518 1
30126 105049 1
30126 29622 1
30126 105347 1
30126 144490 1
10985 93160 1
10985 61345 1
10985 128223 1
10985 118866 1
10985 143620 1
64820 58938 1
64820 145097 1
64820 19339 1
64820 22521 1
64820 87184 1
152442 118878 1
152442 51264 1
152442 71640 1
152442 111384 1
152442 13734 1
17127 37055 1
17127 114722 1
17127 109925 1
17127 16712 1
17127 7304 1
53460 16712 1
125927 16712 1
125927 110064 1
125927 109143 1
69904 16712 1
83221 23692 1
83221 142569 1
24516 95535 1
59941 112661 1
59941 99598 1
67503 95535 1
29554 122924 1
29554 95095 1
29554 21624 1
29554 24370 1
29554 121335 1
123482 21235 1
26075 85162 1
26075 27690 1
26075 73634 1
26075 142569 1
26075 96549 1
93536 136627 1
93536 7096 1
93536 91489 1
93536 96549 1
93536 103428 1
32443 92800 1
32443 89187 1
32443 116212 1
32443 149240 1
77257 152661 1
77257 69414 1
77257 98070 1
77257 13734 1
77257 6827 1
36508 21235 1
20904 95535 1
13629 28322 1
13629 122759 1
13629 64539 1
143494 139230 1
143494 90895 1
143494 11964 1
143494 17539 1
143494 128359 1
36503 121629 1
36503 63902 1
57219 68477 1
57219 124725 1
57219 31552 1
57219 32481 1
57219 122874 1
95101 88547 1
95101 95155 1
95101 31430 1
95101 34891 1
95101 151994 1
73258 107018 1
73258 58261 1
73258 13547 1
73258 16046 1
73258 143452 1
111573 66520 1
111573 123623 1
111573 153234 1
104644 92800 1
69776 115341 1
71368 116591 1
71368 57495 1
71368 10815 1
71368 12410 1
71368 80312 1
22965 17194 1
22965 87612 1
22965 85349 1
22965 58564 1
137332 12416 1
137332 16429 1
140630 58564 1
18506 29822 1
18506 74305 1
18506 9745 1
18506 11196 1
18506 87152 1
128998 74204 1
128998 118104 1
128998 19281 1
128998 31396 1
128998 127451 1
85639 12739 1
51689 153234 1
51689 33327 1
51689 45168 1
51689 72838 1
51689 2023 1
35823 144949 1
35823 121345 1
35823 41425 1
35823 8099 1
35823 57800 1
109378 100509 1
109378 23944 1
109378 43351 1
109378 13857 1
109378 12416 1
61848 138680 1
61848 77898 1
61848 40095 1
61848 50759 1
61848 133083 1
126850 88967 1
126850 115341 1
32524 34743 1
32524 13670 1
32524 109939 1
32524 122102 1
32524 134958 1
114313 107740 1
114313 62652 1
114313 14911 1
114313 15726 1
114313 93174 1
66091 12416 1
111992 50660 1
111992 142569 1
14248 65248 1
14248 34743 1
14248 112287 1
14248 39817 1
146981 80970 1
146981 31278 1
146981 109827 1
146981 149597 1
146981 118165 1
93833 127368 1
93833 131214 1
93833 14774 1
93833 22291 1
93833 136775 1
142389 36866 1
16484 91251 1
16484 24419 1
16484 7213 1
16484 10003 1
16484 90277 1
100066 122924 1
100066 24147 1
100066 72883 1
100066 135112 1
100066 89070 1
141657 48982 1
141657 27215 1
141657 104712 1
141657 8908 1
141657 102326 1
141453 58564 1
103360 76903 1
103360 93833 1
103360 23162 1
103360 26716 1
103360 141677 1
24158 86225 1
24158 58564 1
141916 63902 1
30754 104593 1
30754 64302 1
40885 12739 1
103428 82258 1
103428 102432 1
103428 20426 1
103428 27377 1
103428 150987 1
13857 51767 1
13857 34122 1
13857 55683 1
13857 121093 1
13857 60750 1
91489 129208 1
91489 153894 1
91489 32813 1
91489 42157 1
91489 99956 1
20323 119875 1
20323 53370 1
20323 94868 1
20323 20889 1
20323 97128 1
7096 123091 1
7096 127043 1
7096 41352 1
7096 29067 1
7096 93799 1
26728 111027 1
26728 48569 1
26728 131146 1
26728 38626 1
26728 38602 1
85162 104423 1
85162 30993 1
85162 132211 1
85162 26075 1
85162 9506 1
121335 29554 1
21624 111160 1
21624 124493 1
21624 153613 1
21624 99728 1
21624 107130 1
95095 138335 1
95095 138679 1
95095 116612 1
95095 139940 1
95095 29554 1
112661 80066 1
112661 103922 1
112661 20310 1
112661 29471 1
112661 131464 1
82804 119459 1
82804 100552 1
82804 48347 1
82804 53037 1
82804 129374 1
23692 68402 1
23692 57800 1
23692 22698 1
23692 88964 1
23692 72554 1
109143 108400 1
109143 125498 1
109143 39920 1
109143 43341 1
109143 109478 1
7304 69453 1
7304 78689 1
7304 41613 1
7304 151696 1
7304 153363 1
111384 121744 1
111384 85396 1
111384 18976 1
111384 21626 1
111384 117024 1
118878 76973 1
118878 100981 1
118878 20370 1
118878 23673 1
118878 143490 1
87184 64820 1
19339 19773 1
19339 110282 1
19339 36226 1
19339 139274 1
19339 107135 1
14840 40518 1
14840 75095 1
14840 18306 1
14840 116498 1
14840 139232 1
41425 118284 1
41425 27259 1
41425 52984 1
41425 7289 1
41425 136945 1
96549 78690 1
96549 95151 1
96549 27311 1
96549 29600 1
96549 145093 1
89187 79816 1
89187 153006 1
89187 27804 1
89187 32443 1
89187 115662 1
22521 64820 1
22521 84596 1
116591 71368 1
58938 99543 1
58938 69204 1
58938 69742 1
58938 64820 1
58938 21382 1
118866 136750 1
118866 81284 1
118866 17396 1
118866 19165 1
118866 116326 1
61345 109205 1
61345 9759 1
61345 45397 1
61345 49103 1
61345 134575 1
93160 141289 1
93160 111410 1
93160 27569 1
93160 36627 1
93160 105685 1
116473 81021 1
116473 106833 1
116473 20797 1
116473 25014 1
116473 136746 1
89070 100066 1
89070 96782 1
89070 25582 1
89070 27085 1
89070 147686 1
105347 85550 1
105347 30126 1
105347 68231 1
105347 77904 1
105347 120995 1
104767 76473 1
104767 129950 1
104767 28478 1
104767 33102 1
104767 154425 1
43008 145900 1
43008 20410 1
43008 88832 1
43008 45124 1
43008 137955 1
93370 124217 1
93370 53909 1
93370 11122 1
93370 13547 1
93370 152320 1
37937 95440 1
37937 44269 1
37937 125578 1
37937 102936 1
37937 103018 1
3163 150433 1
3163 65376 1
3163 120322 1
3163 152474 1
3163 47343 1
89906 147811 1
89906 84781 1
89906 17988 1
89906 19999 1
89906 130250 1
86225 73346 1
86225 128685 1
86225 18089 1
86225 24020 1
86225 95679 1
46609 125863 1
46609 69968 1
46609 29042 1
46609 34650 1
46609 78701 1
151313 99230 1
151313 115944 1
151313 28356 1
151313 34865 1
151313 153292 1
107042 134014 1
107042 9725 1
107042 42733 1
107042 46467 1
107042 130159 1
69414 140958 1
69414 150586 1
69414 28366 1
69414 34701 1
69414 100301 1
43109 90455 1
144490 73200 1
144490 87944 1
144490 30126 1
144490 33233 1
144490 136816 1
80014 90455 1
14574 87792 1
14574 4477 1
14574 123844 1
14574 122567 1
14574 90089 1
66108 125287 1
66108 75019 1
66108 21781 1
66108 28929 1
66108 143929 1
105049 30126 1
105049 58218 1
6889 15307 1
6889 145007 1
6889 82955 1
6889 17314 1
6889 46636 1
3559 101023 1
3559 131687 1
3559 88350 1
3559 19493 1
3559 78737 1
27690 26075 1
27690 138758 1
132103 139193 1
132103 15333 1
132103 45502 1
132103 50345 1
132103 154374 1
109608 80308 1
109608 136297 1
109608 128333 1
109608 128120 1
23309 45177 1
23309 98263 1
23309 61440 1
23309 26890 1
23309 131691 1
95155 33523 1
95155 95101 1
88783 141451 1
88783 128314 1
88783 39474 1
88783 44604 1
88783 133355 1
124774 84885 1
124774 100991 1
124774 12566 1
124774 31221 1
124774 138758 1
138680 61848 1
138680 141513 1
24250 80308 1
19271 69204 1
19271 9079 1
19271 28171 1
19271 92369 1
19271 104383 1
110478 87856 1
110478 136231 1
110478 26620 1
110478 29441 1
110478 111965 1
104063 111362 1
104063 104562 1
104063 33901 1
104063 39343 1
104063 118304 1
29625 97205 1
29625 65479 1
29625 24014 1
29625 29084 1
29625 134014 1
11196 70974 1
11196 77774 1
11196 75919 1
11196 32018 1
11196 103134 1
27574 93087 1
27574 83000 1
27574 13745 1
27574 17298 1
27574 67908 1
111206 127310 1
111206 16078 1
111206 41200 1
111206 51160 1
111206 149537 1
13169 32199 1
13169 129626 1
13169 135436 1
13169 45841 1
13169 93820 1
79018 89510 1
79018 126858 1
79018 21979 1
79018 27096 1
79018 151495 1
72883 75686 1
72883 117305 1
72883 30860 1
72883 39763 1
72883 142330 1
147369 99734 1
147369 112492 1
147369 31728 1
147369 33188 1
147369 122461 1
101561 123153 1
40904 95778 1
40904 63595 1
40904 117263 1
40904 135314 1
40904 147633 1
42131 55076 1
42131 56624 1
42131 148696 1
42131 31802 1
42131 20683 1
104074 94904 1
104074 150229 1
104074 45814 1
104074 48145 1
104074 110026 1
89759 86332 1
89759 117865 1
89759 22234 1
89759 28604 1
89759 92751 1
77898 51291 1
77898 61848 1
143562 20683 1
110064 88813 1
110064 105334 1
110064 32696 1
110064 34817 1
110064 142485 1
50759 122931 1
50759 39540 1
50759 54011 1
50759 10126 1
50759 54512 1
126525 80861 1
126525 99107 1
126525 29538 1
126525 31971 1
126525 148608 1
92654 80661 1
92654 90527 1
92654 23685 1
92654 28808 1
92654 104738 1
55435 95228 1
55435 102961 1
55435 19724 1
55435 24776 1
55435 75754 1
122102 80164 1
122102 104564 1
122102 13710 1
122102 17815 1
122102 116210 1
122749 5214 1
122749 154684 1
104593 87636 1
104593 138759 1
104593 30754 1
104593 32675 1
104593 116795 1
111160 68518 1
111160 34694 1
111160 124593 1
111160 9690 1
111160 145028 1
23162 151447 1
23162 43342 1
23162 16241 1
23162 18199 1
23162 106887 1
102326 73665 1
102326 92606 1
102326 23983 1
102326 25113 1
102326 135339 1
121629 81459 1
121629 102294 1
121629 29041 1
121629 30966 1
121629 142828 1
104712 141657 1
135112 78871 1
135112 100066 1
135112 97170 1
90277 89012 1
90277 125734 1
90277 31297 1
90277 33572 1
90277 122181 1
7213 119377 1
7213 63311 1
7213 96921 1
7213 122525 1
7213 84817 1
126812 86257 1
126812 102181 1
126812 22307 1
126812 34147 1
126812 122669 1
24419 95160 1
24419 46400 1
24419 80716 1
24419 87438 1
24419 104425 1
143620 58914 1
143620 14712 1
143620 47379 1
143620 51435 1
143620 100243 1
122924 100066 1
122924 56829 1
122924 16597 1
122924 17014 1
122924 95357 1
91251 16484 1
22291 93833 1
22291 81435 1
131214 140789 1
131214 6236 1
131214 37746 1
131214 73909 1
131214 122693 1
136775 55271 1
136775 14025 1
136775 41929 1
136775 52163 1
136775 141373 1
127368 150767 1
127368 22309 1
127368 70361 1
127368 141980 1
127368 12102 1
118165 84932 1
118165 111509 1
118165 23995 1
118165 25304 1
118165 130706 1
50660 111992 1
50660 83043 1
50660 126293 1
50660 131712 1
50660 40697 1
93174 102409 1
93174 58413 1
93174 17376 1
93174 18957 1
93174 94728 1
10003 16484 1
10003 12702 1
14911 114313 1
14911 18275 1
14911 33327 1
14911 24505 1
62652 114313 1
62652 152502 1
62652 15305 1
62652 17246 1
62652 118866 1
74204 135767 1
74204 95972 1
74204 128998 1
74204 83924 1
74204 25501 1
80970 75029 1
80970 146981 1
80970 19711 1
80970 20617 1
80970 97105 1
134958 114059 1
134958 63824 1
134958 9385 1
134958 16072 1
134958 100509 1
109939 82120 1
109939 104078 1
109939 27137 1
109939 29431 1
109939 124230 1
127451 128998 1
127451 45306 1
127451 96767 1
127451 130160 1
127451 118135 1
107740 91472 1
107740 54608 1
107740 10448 1
107740 13733 1
107740 75949 1
13670 81558 1
13670 26698 1
13670 10541 1
13670 96096 1
13670 38803 1
44117 62393 1
44117 104285 1
44117 27152 1
44117 31903 1
44117 104939 1
104613 132528 1
104613 11529 1
104613 41044 1
104613 49418 1
104613 116498 1
88967 72524 1
88967 142939 1
88967 18269 1
88967 19520 1
88967 140236 1
100509 87612 1
100509 127755 1
100509 20428 1
100509 25022 1
100509 110703 1
133083 61848 1
124725 75949 1
124725 102508 1
124725 12390 1
124725 26760 1
124725 123326 1
90895 29735 1
90895 143494 1
48309 75949 1
48309 86589 1
48309 32325 1
48309 33237 1
48309 144251 1
40095 86996 1
40095 21412 1
40095 137660 1
40095 78257 1
40095 95212 1
43351 103364 1
43351 122928 1
43351 24265 1
43351 27372 1
43351 126181 1
26716 109250 1
26716 110391 1
26716 11122 1
26716 13547 1
26716 98450 1
57800 60917 1
57800 89770 1
57800 11122 1
57800 16335 1
57800 148707 1
132823 68534 1
132823 89951 1
132823 18640 1
132823 22963 1
132823 111081 1
121345 92217 1
121345 111332 1
121345 24160 1
121345 28154 1
121345 131226 1
141677 91822 1
141677 114669 1
141677 33270 1
141677 35584 1
141677 131699 1
144949 64778 1
144949 107571 1
144949 16159 1
144949 21881 1
144949 121588 1
47837 126376 1
47837 153292 1
47837 16867 1
47837 25999 1
47837 69855 1
88035 86841 1
88035 135594 1
88035 26018 1
88035 28482 1
88035 143550 1
109925 80843 1
109925 133651 1
109925 21461 1
109925 23323 1
109925 135220 1
34743 100139 1
34743 113600 1
34743 26625 1
34743 30570 1
34743 141304 1
2023 8147 1
2023 60256 1
2023 78123 1
2023 144254 1
2023 63215 1
94956 95830 1
94956 77849 1
94956 19256 1
94956 24029 1
94956 131754 1
45168 63216 1
45168 145759 1
45168 20077 1
45168 21477 1
45168 68057 1
33327 99003 1
33327 150867 1
33327 32786 1
33327 149888 1
33327 43751 1
24770 46306 1
24770 23162 1
24770 95577 1
24770 77278 1
24770 130794 1
3079 52421 1
3079 91470 1
3079 61588 1
3079 109592 1
3079 127205 1
58261 73258 1
58261 62273 1
58261 66577 1
58261 143369 1
58261 40861 1
149597 59184 1
149597 76294 1
149597 13547 1
149597 16064 1
149597 146981 1
31396 128998 1
118104 75380 1
118104 97912 1
118104 26135 1
118104 29819 1
118104 116612 1
87152 138638 1
87152 115112 1
87152 32711 1
87152 42229 1
87152 117822 1
9745 77896 1
9745 140386 1
9745 81559 1
9745 43588 1
9745 52597 1
29822 132024 1
29822 154714 1
29822 19176 1
29822 28359 1
29822 87145 1
16429 145729 1
16429 44501 1
16429 15634 1
16429 83843 1
16429 60516 1
85349 149176 1
85349 65799 1
85349 14338 1
85349 16064 1
85349 114735 1
87612 135001 1
87612 53736 1
87612 10381 1
87612 12136 1
87612 135195 1
113299 86415 1
113299 17098 1
113299 42217 1
113299 84813 1
113299 131146 1
24147 101991 1
24147 35074 1
24147 149102 1
24147 123356 1
24147 100066 1
17194 118204 1
17194 18781 1
17194 135168 1
17194 140298 1
17194 82583 1
7045 33170 1
7045 123713 1
7045 53058 1
7045 70829 1
7045 47673 1
7841 87371 1
7841 36313 1
7841 60049 1
7841 123164 1
7841 109925 1
80312 29111 1
80312 71368 1
149240 93256 1
149240 111741 1
149240 31595 1
149240 32443 1
149240 131993 1
42900 136880 1
42900 124230 1
42900 25139 1
42900 25731 1
42900 139513 1
57495 133309 1
57495 68177 1
57495 39823 1
57495 49771 1
57495 75110 1
123623 129187 1
123623 92822 1
123623 25448 1
123623 30795 1
123623 115532 1
143452 121483 1
143452 144130 1
143452 29919 1
143452 53465 1
143452 115720 1
14774 25541 1
14774 100503 1
14774 93833 1
14774 119118 1
14774 128786 1
13547 117346 1
13547 138462 1
13547 116085 1
13547 113153 1
13547 19165 1
93744 130076 1
93744 53613 1
93744 16767 1
93744 23003 1
93744 84174 1
107018 138758 1
107018 151486 1
107018 27324 1
107018 32596 1
107018 110790 1
68412 154500 1
68412 80822 1
68412 13660 1
68412 16326 1
68412 70615 1
87516 115108 1
87516 97348 1
87516 24758 1
87516 35637 1
87516 113891 1
131144 70859 1
131144 80308 1
122964 101433 1
122964 122056 1
122964 39212 1
122964 46120 1
122964 153370 1
70203 126376 1
70203 94533 1
70203 31003 1
70203 39899 1
70203 141657 1
151994 95101 1
151994 18014 1
151994 76025 1
151994 85912 1
151994 139028 1
34891 29557 1
34891 95101 1
31430 107619 1
31430 135001 1
31430 9515 1
31430 10685 1
31430 136275 1
17539 143494 1
11964 3780 1
11964 143494 1
11964 31971 1
141513 80040 1
141513 45377 1
141513 13805 1
141513 16109 1
141513 154863 1
64539 129049 1
64539 119748 1
64539 24159 1
64539 25749 1
64539 96350 1
28322 59184 1
28322 132690 1
28322 14647 1
28322 19618 1
28322 62944 1
73481 113217 1
73481 110223 1
73481 33069 1
73481 40382 1
73481 141774 1
51804 67667 1
51804 39769 1
51804 128911 1
51804 66514 1
51804 111824 1
19765 117771 1
19765 119879 1
19765 11529 1
19765 14003 1
19765 99805 1
6827 72426 1
6827 112567 1
6827 124803 1
6827 34694 1
6827 139484 1
8908 141657 1
98070 78671 1
98070 50412 1
98070 15880 1
98070 16909 1
98070 74718 1
107224 88238 1
107224 52013 1
107224 13318 1
107224 17234 1
107224 80551 1
150114 145605 1
150114 22386 1
150114 50589 1
150114 53279 1
150114 144030 1
76903 138169 1
76903 9461 1
76903 32430 1
76903 38983 1
76903 91708 1
100301 93370 1
100301 49982 1
100301 10917 1
100301 12200 1
100301 82145 1
149731 76704 1
149731 117087 1
149731 21382 1
149731 27470 1
149731 135974 1
24560 20683 1
24560 123153 1
106532 87730 1
106532 149147 1
106532 22626 1
106532 24818 1
106532 139897 1
128223 71631 1
128223 119439 1
128223 14428 1
128223 17440 1
128223 134440 1
60917 138642 1
60917 103796 1
60917 32140 1
60917 33556 1
60917 118364 1
41813 52190 1
16046 134188 1
16046 109234 1
16046 87255 1
16046 64382 1
16046 13860 1
15726 43331 1
15726 83153 1
15726 114313 1
15726 142604 1
15726 78826 1
5910 99616 1
5910 143904 1
5910 75608 1
5910 23570 1
5910 70368 1
118942 114694 1
118942 90455 1
118942 106037 1
118942 149713 1
118942 27732 1
8099 76992 1
8099 19420 1
8099 36162 1
8099 41361 1
8099 123883 1
64541 7964 1
64541 154684 1
23637 45995 1
23637 99004 1
23637 104775 1
23637 135626 1
23637 154321 1
85396 103660 1
85396 111384 1
85396 14367 1
85396 18589 1
85396 98654 1
48982 77361 1
48982 122951 1
48982 21114 1
48982 36975 1
48982 146129 1
145097 64820 1
31278 57026 1
31278 136616 1
31278 24592 1
31278 84611 1
31278 138085 1
106534 58773 1
118791 93020 1
118791 62457 1
118791 10928 1
118791 16767 1
118791 84556 1
10815 111160 1
10815 54476 1
10815 68038 1
10815 143114 1
10815 138085 1
70957 83871 1
70957 91197 1
70957 34324 1
70957 41650 1
70957 82511 1
14336 49597 1
14336 69155 1
14336 66689 1
14336 38791 1
14336 89829 1
90410 74666 1
90410 141467 1
90410 18447 1
90410 23550 1
90410 152516 1
136627 113180 1
136627 59184 1
136627 95950 1
136627 104538 1
136627 144915 1
22690 119136 1
22690 8824 1
22690 46145 1
22690 151497 1
22690 28398 1
73634 88727 1
73634 84791 1
73634 26342 1
73634 26886 1
73634 154722 1
103922 90728 1
103922 106903 1
103922 24412 1
103922 28507 1
103922 124205 1
72838 122874 1
72838 77735 1
72838 20370 1
72838 23198 1
72838 74987 1
57316 91772 1
57316 111017 1
57316 28328 1
57316 29271 1
57316 97536 1
116212 79108 1
116212 94116 1
116212 12903 1
116212 14720 1
116212 146673 1
65661 143674 1
65661 57538 1
65661 12702 1
65661 13511 1
65661 66807 1
27215 102468 1
27215 97109 1
27215 26504 1
27215 75271 1
27215 53351 1
112287 147786 1
112287 32045 1
112287 94749 1
112287 134310 1
112287 149477 1
48389 94778 1
48389 124119 1
48389 36854 1
48389 44771 1
48389 84204 1
104645 123153 1
104645 149232 1
104645 117344 1
104645 47667 1
104645 21361 1
67233 80308 1
67233 89431 1
40368 154686 1
40368 119075 1
40368 32643 1
40368 38924 1
40368 64491 1
122874 72838 1
122874 96468 1
122874 16945 1
122874 22629 1
122874 114030 1
29622 30126 1
68477 136925 1
68477 144308 1
68477 31232 1
68477 35823 1
68477 130159 1
23944 43717 1
23944 144992 1
23944 95744 1
23944 63117 1
23944 141286 1
96337 15795 1
96337 123153 1
89770 61474 1
89770 80066 1
89770 13860 1
89770 16800 1
89770 121959 1
109827 143961 1
109827 79803 1
109827 11915 1
109827 14347 1
109827 146981 1
93467 85690 1
93467 134826 1
93467 12667 1
93467 23530 1
93467 118600 1
126262 87509 1
126262 108390 1
126262 29445 1
126262 32656 1
126262 147346 1
17468 130756 1
17468 154684 1
17468 89161 1
148757 99004 1
148757 122846 1
148757 37705 1
148757 45426 1
148757 135301 1
12410 139965 1
12410 132814 1
12410 147469 1
12410 72899 1
12410 84192 1
115069 20683 1
36265 90455 1
31552 149946 1
31552 61987 1
31552 27419 1
31552 57219 1
31552 127589 1
120237 142438 1
120237 13368 1
120237 37222 1
120237 46079 1
120237 140386 1
37055 134826 1
37055 55624 1
37055 17127 1
37055 18147 1
37055 140635 1
103818 144090 1
103818 23597 1
103818 48166 1
103818 57775 1
103818 108562 1
82959 146672 1
82959 90122 1
82959 36983 1
82959 47300 1
82959 91346 1
12078 62962 1
12078 77885 1
12078 84354 1
12078 41860 1
12078 130407 1
65248 149107 1
65248 75459 1
65248 52237 1
65248 60917 1
65248 130274 1
32937 84150 1
32937 42319 1
32937 23242 1
32937 29312 1
32937 144101 1
88547 11694 1
88547 95101 1
88547 47023 1
59508 131448 1
59508 66612 1
59508 30449 1
59508 34204 1
59508 59622 1
32481 86523 1
32481 74507 1
32481 22915 1
32481 24760 1
32481 32618 1
139230 79312 1
139230 106262 1
139230 19210 1
139230 23556 1
139230 145483 1
139429 123153 1
146160 73236 1
146160 100868 1
146160 28428 1
146160 28768 1
146160 144799 1
153113 84729 1
153113 110418 1
153113 21573 1
153113 32275 1
153113 127578 1
3525 71417 1
3525 11461 1
3525 89570 1
3525 18960 1
3525 35822 1
11648 12866 1
11648 51155 1
11648 102667 1
11648 21520 1
11648 40803 1
74305 59184 1
74305 144153 1
74305 18506 1
74305 21815 1
74305 80843 1
140563 20683 1
140563 58732 1
140563 76913 1
140563 34973 1
30951 58773 1
47786 85435 1
47786 134783 1
47786 28680 1
47786 38939 1
47786 101094 1
128359 143494 1
24064 21786 1
95306 74096 1
95306 92713 1
95306 18275 1
95306 21520 1
95306 114671 1
146870 113776 1
146870 32495 1
146870 63187 1
146870 112255 1
146870 107675 1
17217 27954 1
17217 130407 1
17217 147083 1
17217 122925 1
17217 92919 1
152661 80320 1
152661 123143 1
152661 28579 1
152661 36850 1
152661 138437 1
48775 96303 1
48775 81212 1
48775 24691 1
48775 26988 1
48775 112747 1
53026 54289 1
53026 50057 1
53026 5959 1
53026 7981 1
53026 91979 1
130437 140091 1
130437 89635 1
130437 22726 1
130437 23109 1
130437 130118 1
24370 29554 1
24370 89343 1
24370 147205 1
11153 106847 1
11153 18898 1
11153 153614 1
11153 85265 1
11153 113642 1
23084 134686 1
23084 72276 1
23084 13235 1
23084 21828 1
23084 30825 1
71640 152442 1
71640 100228 1
71640 10928 1
71640 14652 1
71640 132818 1
122765 93061 1
122765 115174 1
122765 25952 1
122765 38196 1
122765 131732 1
66520 136343 1
66520 70451 1
66520 19498 1
66520 23607 1
66520 144600 1
125416 78257 1
125416 91424 1
125416 25291 1
125416 30400 1
125416 152386 1
105118 84006 1
105118 105757 1
105118 38396 1
105118 41901 1
105118 147107 1
117344 77450 1
117344 105198 1
117344 19554 1
117344 22498 1
117344 119167 1
41513 118851 1
41513 57698 1
41513 22194 1
41513 26030 1
41513 98194 1
40518 80716 1
40518 38924 1
40518 6345 1
40518 7272 1
40518 64499 1
51264 93370 1
51264 138163 1
51264 26683 1
51264 34205 1
51264 66362 1
75754 124826 1
75754 76616 1
75754 23290 1
75754 26947 1
75754 117470 1
114722 90360 1
114722 135848 1
114722 19765 1
114722 21388 1
114722 118119 1
116612 23530 1
116612 140298 1
15634 16429 1
104425 153292 1
87255 12200 1
87255 17194 1
87255 127451 1
109234 151447 1
77896 9745 1
134188 18506 1
130706 118165 1
45397 61345 1
24505 14911 1
103796 60917 1
151497 22690 1
119439 128223 1
139897 106532 1
22626 106532 1
27470 149731 1
140635 37055 1
12200 87255 1
100991 8147 1
49982 76913 1
49982 100301 1
91708 76903 1
38983 107224 1
38983 82145 1
21573 153113 1
9461 91772 1
82583 49771 1
82583 17194 1
115662 89187 1
138169 152320 1
80716 153006 1
80716 114059 1
144030 150114 1
13318 107224 1
77735 72838 1
16800 49418 1
16800 132814 1
74718 98070 1
124803 6827 1
112567 138085 1
72524 88967 1
119879 19765 1
111824 51804 1
128911 51804 1
67667 124217 1
140789 124714 1
140789 24760 1
140789 131214 1
33069 73481 1
115174 104063 1
115174 122765 1
99956 91489 1
89510 26890 1
89510 104613 1
69855 47837 1
16109 114059 1
117087 149731 1
28154 121345 1
10685 31430 1
110223 16800 1
110223 73481 1
63216 18589 1
63216 24760 1
139028 103360 1
139028 26760 1
144251 48309 1
76025 151994 1
149147 106532 1
18014 151994 1
39899 70203 1
50345 26716 1
122056 122964 1
101433 122964 1
24758 87516 1
87730 106532 1
32018 11196 1
13660 68412 1
81559 9745 1
80822 68412 1
5959 53026 1
32596 107018 1
76704 149731 1
50589 150114 1
22386 150114 1
27324 107018 1
16767 40518 1
136275 31430 1
33556 60917 1
113642 138085 1
119118 47023 1
100503 136816 1
100503 118104 1
134440 128223 1
29919 12702 1
57775 103818 1
144130 143452 1
144130 93467 1
92822 87944 1
49771 136750 1
49771 25139 1
86332 89759 1
39823 57495 1
68177 57495 1
104738 92654 1
29111 140386 1
102961 55435 1
123164 91346 1
123713 91772 1
123713 26890 1
69742 93370 1
104562 104063 1
140298 118791 1
118364 60917 1
18781 17194 1
123356 122924 1
154863 22307 1
154863 142485 1
56829 122924 1
110790 107018 1
35074 24147 1
16335 57800 1
51155 84354 1
51155 11648 1
84813 113299 1
77849 88783 1
77849 94956 1
53736 87612 1
154714 29822 1
126858 79018 1
114671 95306 1
114735 21815 1
41613 7304 1
14428 128223 1
28356 151313 1
60516 16429 1
96350 64539 1
44501 16429 1
145729 16429 1
145729 31728 1
87145 29822 1
30795 123623 1
16867 47837 1
81284 118866 1
132024 29822 1
43588 9745 1
117771 19765 1
131699 27137 1
131699 138462 1
42229 87152 1
115112 87152 1
137955 43008 1
16064 149597 1
14347 98263 1
14347 43342 1
87371 7841 1
117822 87152 1
109592 3079 1
91470 15795 1
53613 93744 1
16326 68412 1
23290 75754 1
23290 153234 1
32786 138462 1
150867 23109 1
15880 98070 1
21477 45168 1
131754 94956 1
63215 86257 1
60256 2023 1
65479 29625 1
141304 34743 1
35637 87516 1
35637 46120 1
135220 109925 1
135220 86996 1
143550 88035 1
115720 91346 1
93087 98194 1
28482 25541 1
28482 88035 1
28482 100503 1
115532 123623 1
78671 98070 1
25999 47837 1
126376 70203 1
126376 47837 1
16159 144949 1
64778 144949 1
35584 141677 1
33270 141677 1
33270 18589 1
52421 12702 1
91822 141677 1
24160 121345 1
111332 121345 1
129187 123623 1
111081 132823 1
22963 132823 1
40861 26253 1
136616 31278 1
18640 132823 1
42217 113299 1
136231 89343 1
136231 110478 1
89951 132823 1
95577 24770 1
110391 26716 1
149176 85349 1
27372 43351 1
113891 13547 1
134783 41860 1
32618 124714 1
32618 26760 1
149888 33327 1
29735 90895 1
12390 124725 1
110703 100509 1
9725 118878 1
19520 88967 1
142939 88967 1
41044 19765 1
41044 104613 1
118600 93467 1
118600 94778 1
38803 18589 1
20370 72838 1
118119 19765 1
75949 8147 1
75949 100301 1
144308 124725 1
54608 26698 1
38939 47786 1
30570 34743 1
91472 144254 1
18898 11153 1
86415 113299 1
96767 21624 1
82120 16945 1
36854 48389 1
47300 82959 1
19554 117344 1
148608 126525 1
47379 143620 1
110282 19339 1
120995 105347 1
21412 138437 1
21412 78257 1
21412 40095 1
122525 7213 1
14712 143620 1
107135 154500 1
99728 21624 1
4477 78257 1
4477 14574 1
90089 14574 1
28929 73236 1
119459 82804 1
122181 90277 1
17314 6889 1
18960 3525 1
136343 34205 1
45814 104074 1
96303 48775 1
48569 26728 1
84781 89906 1
95830 94956 1
14003 32325 1
14003 19765 1
14003 5910 1
147811 89906 1
38626 26728 1
131146 70203 1
131146 113299 1
131146 26728 1
87792 14574 1
17014 89070 1
55683 13857 1
13710 122102 1
141451 88783 1
135001 94778 1
135001 27569 1
53465 143452 1
39474 88783 1
80040 141513 1
80164 122102 1
104538 25541 1
131687 3559 1
11529 104613 1
11529 19765 1
19256 41901 1
19256 94956 1
112255 146870 1
80661 92654 1
45841 13169 1
75110 57495 1
49597 14336 1
51160 138335 1
23323 68412 1
23323 109925 1
29084 29625 1
30825 23084 1
138638 87152 1
104939 44117 1
70974 11196 1
45177 23309 1
77450 117344 1
77450 143369 1
57698 41513 1
57698 12410 1
22309 13547 1
142438 16241 1
142438 120237 1
16078 111206 1
84885 124774 1
130794 24770 1
27096 79018 1
42733 31728 1
102294 121629 1
147633 40904 1
148696 42131 1
100139 34743 1
38396 105118 1
29538 126525 1
94904 104074 1
39763 72883 1
148707 29271 1
148707 57800 1
110026 104074 1
117865 89759 1
142485 94778 1
142485 110064 1
139193 132103 1
78826 29111 1
135767 74204 1
95440 37937 1
27954 17217 1
145007 6889 1
105334 110064 1
24776 55435 1
24776 75754 1
116210 122102 1
95744 23944 1
32675 104593 1
32675 106037 1
23995 80970 1
23995 118165 1
23995 149597 1
89012 90277 1
144153 74305 1
144153 19271 1
26620 110478 1
61440 23309 1
54476 10815 1
117024 26760 1
33901 104063 1
11122 26716 1
25113 102326 1
30966 121629 1
95160 24419 1
20617 80970 1
122669 126812 1
122669 92800 1
122669 47667 1
122669 6889 1
130076 93744 1
46400 24419 1
114059 135339 1
75608 5910 1
15307 6889 1
114694 91772 1
114694 16945 1
114694 114030 1
64491 40368 1
17098 113299 1
125734 90277 1
36850 147369 1
36850 152661 1
19420 8099 1
123883 44117 1
123883 8099 1
45995 26135 1
90360 21388 1
90360 114722 1
36975 48982 1
122567 14574 1
146129 34743 1
82511 70957 1
95679 86225 1
24592 31278 1
104423 85162 1
117263 40904 1
139484 26504 1
62457 99107 1
68038 10815 1
36226 19339 1
31003 70203 1
31003 52163 1
78737 143674 1
83871 70957 1
52597 9745 1
91197 45306 1
91197 70957 1
41650 70957 1
66689 14336 1
113600 34743 1
66807 71368 1
66807 39769 1
23685 92654 1
61987 31552 1
29067 106037 1
29067 7096 1
74666 90410 1
23550 90410 1
25291 125416 1
10928 118791 1
99616 20370 1
12566 124774 1
113180 136627 1
95950 136627 1
99107 62457 1
14338 85349 1
144915 136627 1
13235 23084 1
88727 73634 1
85435 47786 1
121744 111384 1
121744 24505 1
29471 112661 1
154321 23637 1
84791 73634 1
26342 73634 1
26886 73634 1
23242 32937 1
23556 139230 1
84817 7213 1
106903 50345 1
106903 103922 1
24412 103922 1
43341 109143 1
28328 57316 1
42319 128333 1
42319 32937 1
79108 116212 1
12903 116212 1
58218 153006 1
58218 105049 1
102468 24029 1
28398 22690 1
13805 45377 1
13805 59184 1
39920 109143 1
75271 27215 1
150987 12702 1
138642 60917 1
31221 124774 1
147786 112287 1
19493 3559 1
134310 112287 1
45426 13670 1
44771 82120 1
135301 124774 1
135301 148757 1
29441 110478 1
154686 20370 1
126293 50660 1
103660 85396 1
124205 103922 1
96468 122874 1
16945 114059 1
63117 23944 1
19498 66520 1
30860 72883 1
109205 61345 1
121959 13745 1
143961 109827 1
143961 149597 1
11915 109827 1
43717 23944 1
105198 117344 1
29431 109939 1
91979 53026 1
87509 48309 1
108390 126262 1
29445 126262 1
143114 11694 1
143114 50345 1
141373 31552 1
40382 73481 1
132814 12410 1
132814 16800 1
138163 130159 1
127589 31552 1
17298 13511 1
154722 73634 1
30449 59508 1
13368 120237 1
18306 14840 1
144090 103818 1
152320 87509 1
93020 118791 1
93020 28322 1
108562 103818 1
27085 89070 1
128314 88783 1
146672 82959 1
59622 59508 1
59622 93087 1
36983 82959 1
88832 43008 1
62962 12078 1
57026 31278 1
77885 52163 1
84354 124217 1
84354 22726 1
22629 8099 1
41361 8099 1
32656 126262 1
144992 23944 1
38791 14336 1
130407 12078 1
130407 17217 1
75459 65248 1
130274 65248 1
149477 112287 1
18147 37055 1
124119 48389 1
49418 16800 1
145028 34694 1
145028 154321 1
94749 112287 1
110418 153113 1
75029 79803 1
75029 80970 1
12667 93467 1
12667 104538 1
131448 59508 1
131448 116212 1
131448 141677 1
33572 90277 1
66612 135436 1
66612 59508 1
30400 125416 1
32275 153113 1
34204 59508 1
22915 32481 1
24760 144490 1
79312 139230 1
122931 127205 1
117305 72883 1
106262 139230 1
106262 46893 1
19210 139230 1
26890 11122 1
145483 28604 1
73236 143369 1
73236 22234 1
75919 11196 1
81212 48775 1
144799 146160 1
144799 21461 1
144799 13805 1
84729 148234 1
84729 153113 1
127578 47786 1
127578 117346 1
36162 8099 1
22234 118284 1
22234 73236 1
69968 46609 1
122951 48982 1
71417 3525 1
11461 3525 1
38196 122765 1
82258 103428 1
89570 3525 1
82955 6889 1
40803 11648 1
28680 47786 1
74096 95306 1
23607 66520 1
119075 94778 1
119075 127368 1
119075 141657 1
113776 146870 1
75095 14840 1
50057 53026 1
142330 72883 1
90122 82959 1
142828 121629 1
36627 98263 1
36627 93160 1
53370 20323 1
138085 10815 1
149946 27137 1
149946 31552 1
147083 17217 1
122925 17217 1
83043 50660 1
92919 17217 1
106847 11153 1
128333 42319 1
16909 98070 1
38602 26728 1
80320 152661 1
140236 88967 1
98263 100301 1
28579 118878 1
116795 104593 1
88813 110064 1
97205 29625 1
142604 15726 1
140958 69414 1
63311 7213 1
68534 132823 1
112747 48775 1
149107 65248 1
6345 40518 1
6345 78737 1
7981 62944 1
31297 90277 1
145759 45168 1
69155 14336 1
45502 19339 1
118304 104063 1
70451 66520 1
85265 11153 1
77774 11196 1
89635 130437 1
22726 84354 1
78690 96549 1
26018 88035 1
130118 130437 1
130118 47667 1
34650 46609 1
141286 23944 1
124826 75754 1
121093 13857 1
23597 103818 1
147205 143904 1
115108 46120 1
115108 87516 1
94533 70203 1
153614 11153 1
134686 46893 1
24014 29625 1
72276 23084 1
24691 48775 1
21828 23084 1
100228 148234 1
102667 11648 1
27804 34973 1
27804 89187 1
46145 22690 1
14652 71640 1
132818 93087 1
132818 128998 1
91424 125416 1
138335 95095 1
138335 28768 1
31728 145729 1
8824 22690 1
105757 105118 1
147107 105118 1
48347 82804 1
98654 85396 1
37222 120237 1
139274 19339 1
118851 41513 1
138759 104593 1
107675 146870 1
22194 41513 1
123143 152661 1
93256 99616 1
93256 14025 1
93256 81686 1
53909 126812 1
111362 104063 1
111362 16800 1
111362 62273 1
111362 128245 1
64499 128928 1
64499 90336 1
144101 32937 1
144101 25481 1
76616 75754 1
141467 31476 1
26947 37746 1
26947 55435 1
26947 75754 1
26947 70011 1
26947 153234 1
135848 40556 1
135848 114722 1
87856 35466 1
87856 110478 1
21626 4671 1
21626 54853 1
21626 104713 1
21626 73663 1
32325 76862 1
32325 114460 1
32325 8427 1
28808 92654 1
136750 71631 1
136750 12078 1
136750 17473 1
136750 134116 1
125578 37937 1
43751 79172 1
154374 132103 1
154374 9745 1
154374 122011 1
154374 118968 1
96921 7213 1
13745 43210 1
13745 120667 1
13745 92431 1
13745 121959 1
43342 86582 1
43342 6748 1
49103 61345 1
153363 7304 1
69453 7304 1
31595 149240 1
92369 4742 1
92369 106105 1
92369 19271 1
125498 16712 1
125498 109143 1
125498 24217 1
113153 112015 1
113153 143902 1
113153 35185 1
32696 110064 1
32696 52013 1
20426 103428 1
88964 87154 1
88964 126779 1
88964 23692 1
88964 93909 1
129626 94441 1
129626 13169 1
129626 9654 1
14720 116212 1
14720 63650 1
14720 38572 1
151696 7304 1
127755 86566 1
127755 27938 1
127755 146601 1
84932 118165 1
18269 88967 1
90527 92654 1
9079 19271 1
9079 42415 1
132690 13547 1
132690 28322 1
132690 101782 1
132690 25625 1
129208 91489 1
129208 140315 1
129208 64 1
76473 126050 1
76473 74091 1
76473 134014 1
147346 52880 1
147346 126262 1
145605 150114 1
152386 44380 1
152386 125416 1
63595 40904 1
63595 70716 1
10126 101339 1
10126 145452 1
33170 24378 1
33170 93024 1
87438 24419 1
76992 8099 1
9506 85162 1
63824 65298 1
63824 64830 1
63824 31567 1
127043 144590 1
127043 5621 1
127043 31278 1
127043 37666 1
122928 49209 1
122928 134958 1
122928 18807 1
18199 111297 1
18199 22125 1
18199 39313 1
17376 130513 1
17376 93174 1
28359 29822 1
28359 100179 1
28359 138736 1
68402 6448 1
68402 23692 1
150229 104074 1
22698 15245 1
22698 19676 1
21114 48982 1
29819 6817 1
10381 74234 1
10381 122117 1
10381 114775 1
125287 96086 1
125287 26022 1
125287 124217 1
99734 147369 1
100552 122693 1
20797 125999 1
20797 100310 1
20797 116473 1
20797 13634 1
26683 51253 1
26683 83467 1
26683 51264 1
99805 19765 1
99805 117022 1
27311 96549 1
27311 133546 1
27311 125300 1
27311 10248 1
147469 12410 1
147469 96782 1
105685 93160 1
60750 13857 1
119875 20323 1
104564 122102 1
20310 112661 1
48166 103818 1
48166 91315 1
48166 107554 1
47343 3163 1
151447 13745 1
151447 14540 1
151447 89834 1
80066 24505 1
107130 77522 1
107130 29504 1
96782 89070 1
96782 150823 1
96782 32524 1
96782 133965 1
128120 118648 1
128120 43419 1
95778 40904 1
33102 104767 1
87636 104593 1
139232 14840 1
139232 140561 1
18447 15430 1
18447 90410 1
27152 140697 1
27152 44117 1
27259 130784 1
37705 89911 1
37705 52340 1
48145 123164 1
48145 67868 1
48145 15581 1
48145 114379 1
135195 83824 1
39540 149597 1
39540 25877 1
39540 51288 1
53037 82804 1
121588 144949 1
53279 150114 1
152516 90410 1
136746 116473 1
86257 70716 1
86257 86549 1
86257 19065 1
86257 23514 1
84611 73209 1
84611 12122 1
84611 114268 1
34122 47164 1
34122 101883 1
34122 115288 1
46467 130159 1
150767 118758 1
150767 36184 1
150767 46111 1
150767 135900 1
39343 19773 1
39343 104063 1
73909 91431 1
73909 150867 1
73909 31430 1
73909 36133 1
119136 22690 1
119136 133546 1
119136 47786 1
28604 93467 1
28604 13805 1
135594 97603 1
135594 123077 1
135594 88035 1
135594 2337 1
26135 88238 1
26135 122188 1
26135 19986 1
27377 103428 1
25731 117950 1
25731 137679 1
25731 115969 1
25731 96644 1
25731 147038 1
141774 73481 1
141774 75867 1
10917 85447 1
10917 75867 1
10917 28911 1
78689 22373 1
83000 98781 1
83000 23637 1
72554 17565 1
72554 144000 1
88350 3559 1
77904 31359 1
77904 32140 1
55271 21624 1
124493 57874 1
124493 119561 1
124493 148346 1
124493 124993 1
46306 102392 1
46306 62436 1
23673 118878 1
23673 95276 1
31903 44117 1
23198 72838 1
33188 147369 1
33188 124978 1
33188 9431 1
112492 30901 1
112492 147369 1
34147 61818 1
34147 138462 1
34147 126812 1
57538 147259 1
57538 26004 1
57538 65661 1
111509 29271 1
111509 118165 1
111509 77024 1
15333 132103 1
34817 110064 1
20889 128394 1
20889 96543 1
52163 97732 1
52163 32506 1
52163 74871 1
42157 91489 1
42157 57877 1
25448 3843 1
25448 123623 1
55076 94282 1
55076 42254 1
119377 7213 1
21881 135372 1
21881 144949 1
21881 23400 1
17815 98184 1
17815 115297 1
17815 147910 1
17815 9794 1
153613 89704 1
153613 107949 1
153613 21624 1
68231 115671 1
68231 118258 1
68231 16939 1
68231 20326 1
111027 26728 1
127205 141228 1
127205 24144 1
127205 119701 1
145093 96549 1
28768 103316 1
28768 118204 1
143674 122936 1
143674 65661 1
143674 13660 1
143674 103564 1
56624 132245 1
56624 121917 1
56624 23921 1
56624 111059 1
100243 65662 1
100243 143620 1
70615 68412 1
104078 109939 1
131464 112661 1
21781 32959 1
21781 19308 1
21781 87808 1
33233 144490 1
107619 132211 1
107619 105260 1
107619 31430 1
107619 113375 1
131993 149240 1
132211 132756 1
39212 37347 1
39212 122964 1
153894 49474 1
153894 67365 1
153894 136297 1
106887 152819 1
106887 104546 1
83843 16429 1
80551 107224 1
150586 52914 1
150586 69414 1
19165 118881 1
19165 75267 1
19165 46219 1
25749 64539 1
37746 23085 1
37746 31966 1
29041 91334 1
29041 109058 1
109478 94761 1
109478 109143 1
81021 116473 1
81021 106037 1
81021 51155 1
135339 94382 1
135339 49578 1
135339 77198 1
147686 103470 1
147686 22030 1
131226 16448 1
28507 103922 1
47667 132269 1
47667 25147 1
47667 104645 1
139940 83550 1
139940 23254 1
71631 51155 1
71631 7795 1
71631 9871 1
51767 83769 1
51767 107267 1
51767 114401 1
75019 37705 1
75019 103741 1
83153 103428 1
83153 7841 1
130160 35175 1
130160 123515 1
29600 146999 1
29600 95871 1
29600 96549 1
29600 100018 1
29600 2942 1
100981 147734 1
100981 5531 1
100981 7841 1
92751 131920 1
92751 89759 1
79816 89187 1
128685 86225 1
116498 85469 1
116498 114722 1
116498 23101 1
116498 26098 1
116498 118948 1
84596 79675 1
84596 123798 1
44269 37937 1
44269 136945 1
124593 119561 1
124593 44071 1
124593 52293 1
85912 115006 1
85912 92525 1
85912 151994 1
85912 142388 1
19773 28287 1
28478 76473 1
28478 104767 1
28478 126050 1
38924 123003 1
38924 22524 1
149713 84635 1
149713 22739 1
120322 86277 1
120322 46410 1
120322 5214 1
120322 3163 1
52013 141513 1
52013 120207 1
89829 14336 1
89829 90488 1
115944 99012 1
115944 70624 1
115944 151313 1
118284 96766 1
118284 134687 1
118284 26325 1
69204 129104 1
69204 20869 1
69204 135291 1
55624 93975 1
55624 37055 1
78257 29859 1
78257 36133 1
78257 116217 1
21979 79018 1
86996 82787 1
86996 135220 1
46636 6889 1
107571 144949 1
122461 147369 1
116326 132756 1
25582 50895 1
25582 95753 1
45306 128324 1
45306 123863 1
54011 18249 1
54011 133223 1
97536 10928 1
97536 87222 1
67908 27574 1
44604 88783 1
30993 85162 1
24029 102468 1
24029 141015 1
24029 41992 1
24029 26124 1
24029 94956 1
134575 61345 1
86841 88035 1
111410 128523 1
111410 39594 1
111410 135168 1
111410 9387 1
17396 45654 1
17396 46634 1
17396 118866 1
32140 57712 1
32140 9593 1
32140 13682 1
32140 103001 1
51291 125052 1
51291 32192 1
51291 125347 1
39769 51804 1
102432 92099 1
102432 103428 1
27569 151792 1
27569 53909 1
27569 126812 1
25014 52914 1
25014 30667 1
25014 122800 1
89431 80547 1
89431 108194 1
89431 131800 1
31971 19763 1
32813 91489 1
32813 78657 1
12866 77395 1
12866 51767 1
18089 86225 1
133309 57495 1
32495 146870 1
131732 122765 1
41200 111206 1
41200 140361 1
41200 22309 1
63187 146870 1
125863 46609 1
84174 92938 1
84174 93744 1
84174 31690 1
84174 37705 1
84174 103638 1
102181 115600 1
102181 32328 1
102181 37102 1
86523 32481 1
95228 12470 1
95228 138208 1
70368 68865 1
70368 8573 1
70368 5910 1
143490 86917 1
143490 118878 1
32199 13169 1
131691 23309 1
131691 106811 1
131691 112817 1
131691 54284 1
129950 104767 1
77278 105221 1
77278 23637 1
77278 25541 1
77278 105032 1
154425 104767 1
154425 121652 1
20410 43008 1
45124 60911 1
45124 130488 1
16241 57934 1
16241 23162 1
84204 48389 1
36313 7841 1
36313 139798 1
130159 47673 1
130159 12575 1
130159 13734 1
130159 72696 1
108400 139249 1
108400 73074 1
108400 114379 1
104285 44117 1
18976 104730 1
18976 74305 1
18976 111384 1
18976 138736 1
95972 103813 1
95972 32624 1
95972 44850 1
95972 122296 1
127310 111206 1
127310 125179 1
102936 37937 1
104775 1703 1
104775 68049 1
104775 23637 1
28171 19271 1
80843 16945 1
80843 49846 1
77361 48982 1
103018 37937 1
32045 72954 1
32045 151093 1
32045 29946 1
32045 133360 1
150433 3163 1
34701 69414 1
130250 89906 1
130250 94728 1
130250 154863 1
130250 15456 1
136297 108879 1
121483 23307 1
121483 143452 1
97109 48046 1
97109 51722 1
97109 109428 1
34865 151313 1
101023 58218 1
101023 126913 1
101023 3559 1
54512 121513 1
54512 111297 1
54512 30396 1
54512 35299 1
111965 110478 1
19999 89906 1
152502 18436 1
19176 29822 1
24020 86225 1
73346 86225 1
73346 149930 1
139513 42900 1
139513 48748 1
123844 14574 1
123844 90529 1
123844 29295 1
152474 3163 1
137660 19200 1
137660 22097 1
153292 41336 1
153292 47837 1
153292 137371 1
26625 62272 1
26625 128515 1
26625 89395 1
28366 69414 1
16597 17971 1
16597 71626 1
16597 26760 1
95357 122924 1
95357 806 1
75686 99909 1
75686 142488 1
75686 72883 1
75686 46085 1
117470 75754 1
117470 118878 1
117470 13734 1
122693 117024 1
122693 31268 1
122693 131235 1
144600 71664 1
144600 105702 1
144600 146611 1
14025 129863 1
14025 86634 1
41929 49573 1
41929 16224 1
41929 17893 1
70361 28108 1
70361 30979 1
70361 153425 1
65376 3163 1
141980 77489 1
141980 100582 1
141980 19923 1
141980 24648 1
141980 141996 1
26030 51758 1
26030 149311 1
26030 11837 1
26030 104326 1
12102 111245 1
12102 29544 1
25304 26716 1
25304 43451 1
109250 9690 1
109250 44746 1
12136 44225 1
12136 82771 1
12136 114695 1
12136 98146 1
97128 20323 1
97128 70526 1
32711 87152 1
81459 54829 1
81459 121629 1
95151 96549 1
131712 50660 1
94868 128310 1
94868 69204 1
94868 108931 1
94868 20323 1
46120 27622 1
46120 98797 1
40697 22486 1
40697 97880 1
76294 149597 1
76294 99556 1
76294 34743 1
102409 25476 1
102409 154304 1
12702 20182 1
58413 137934 1
58413 46758 1
58413 93174 1
93820 5143 1
93820 132260 1
93820 135392 1
43331 15726 1
18957 52553 1
18957 12661 1
18957 84353 1
25541 78187 1
25541 14774 1
143929 66108 1
94728 128679 1
94728 32143 1
94728 33872 1
94728 114059 1
114030 114694 1
114030 32407 1
18275 28823 1
17246 152998 1
17246 24760 1
17246 109827 1
17246 136816 1
106037 93239 1
106037 29067 1
106037 118942 1
78701 1243 1
78701 46609 1
66514 150955 1
66514 13016 1
83924 137773 1
83924 26959 1
83924 121921 1
27137 100279 1
27137 91346 1
27137 24495 1
27137 125151 1
136925 21532 1
136925 95978 1
136925 68477 1
25501 149660 1
25501 17234 1
25501 136715 1
75380 81952 1
75380 18743 1
75380 118104 1
19711 149597 1
19711 85349 1
19711 80970 1
65799 85349 1
89161 138937 1
89161 148572 1
23003 102743 1
23003 129674 1
23983 47673 1
23983 21510 1
