68030 85601 1
85601 78761 1
85601 132214 1
85601 66080 1
85601 118018 1
85601 124714 1
78761 23078 1
78761 85601 1
124714 115371 1
124714 39695 1
124714 9879 1
124714 84435 1
124714 75310 1
132214 12821 1
132214 85601 1
132214 57382 1
118018 40784 1
118018 26579 1
118018 13857 1
118018 126494 1
118018 14165 1
66080 36335 1
66080 56334 1
66080 27116 1
66080 71375 1
66080 124389 1
57382 80644 1
57382 73571 1
57382 51454 1
57382 69644 1
57382 132214 1
39695 99476 1
39695 96082 1
39695 136332 1
39695 91803 1
39695 122174 1
14165 35258 1
14165 36340 1
14165 97452 1
14165 67393 1
14165 96336 1
12821 96569 1
12821 17952 1
12821 28339 1
12821 95557 1
12821 90726 1
75310 71242 1
75310 121070 1
75310 58743 1
75310 108554 1
75310 120100 1
9879 84282 1
9879 64506 1
9879 50990 1
9879 50569 1
9879 56146 1
40784 72614 1
40784 38126 1
40784 48013 1
40784 140595 1
40784 73429 1
124389 73118 1
124389 44889 1
124389 55688 1
124389 87653 1
124389 150957 1
71375 41425 1
71375 105216 1
71375 37115 1
71375 81872 1
71375 131417 1
27116 98240 1
27116 75807 1
27116 146358 1
27116 31430 1
27116 117978 1
56334 60608 1
56334 66080 1
56334 7010 1
56334 64163 1
56334 32470 1
26579 126519 1
26579 126851 1
26579 120988 1
26579 50528 1
26579 148825 1
115371 84756 1
115371 60433 1
115371 68255 1
115371 92008 1
115371 123429 1
126494 88790 1
126494 125179 1
126494 74208 1
126494 91646 1
126494 145862 1
13857 62380 1
13857 46453 1
13857 107164 1
13857 51767 1
13857 114379 1
23078 52526 1
23078 154476 1
23078 99874 1
23078 53865 1
23078 74871 1
36335 66080 1
36335 43066 1
84435 84086 1
84435 49545 1
84435 62754 1
84435 91149 1
84435 89904 1
98240 27054 1
98240 53034 1
98240 22451 1
98240 118628 1
98240 113973 1
107164 95714 1
107164 90646 1
107164 13857 1
107164 110066 1
107164 62105 1
131417 77069 1
131417 62743 1
131417 64830 1
131417 84730 1
131417 116480 1
105216 57614 1
105216 117783 1
105216 15317 1
105216 86170 1
105216 23458 1
44889 127393 1
44889 139527 1
44889 150804 1
44889 135343 1
44889 55118 1
67393 14165 1
67393 91931 1
67393 44823 1
67393 138525 1
84756 115371 1
49545 6399 1
49545 104835 1
49545 40065 1
49545 84435 1
49545 148193 1
41425 125799 1
41425 37782 1
41425 17004 1
41425 112865 1
41425 91315 1
140595 40784 1
140595 118878 1
140595 87889 1
140595 116980 1
140595 95922 1
48013 47314 1
48013 73756 1
48013 35241 1
48013 128265 1
48013 67166 1
69644 75188 1
69644 97457 1
69644 42161 1
69644 91900 1
69644 57382 1
43066 118817 1
43066 105216 1
43066 45068 1
43066 79389 1
43066 94016 1
72614 62002 1
72614 121450 1
72614 57066 1
72614 63655 1
72614 107701 1
58743 118552 1
58743 42601 1
58743 54568 1
58743 62754 1
58743 100295 1
56146 2380 1
56146 9879 1
60608 63009 1
60608 111362 1
60608 72587 1
60608 67755 1
60608 64081 1
50569 9879 1
64506 9879 1
84282 9879 1
84282 38863 1
73429 40784 1
120100 140332 1
120100 108690 1
120100 75310 1
120100 108351 1
120100 96539 1
121070 81780 1
121070 55953 1
121070 69527 1
121070 90565 1
121070 109431 1
150957 124389 1
55688 80999 1
55688 134040 1
55688 86437 1
55688 53262 1
55688 120430 1
37115 138839 1
37115 45528 1
37115 67869 1
37115 109745 1
37115 134089 1
99874 3030 1
99874 115393 1
99874 23078 1
99874 151396 1
136332 105601 1
136332 57965 1
136332 78087 1
136332 123943 1
136332 101447 1
35258 14165 1
35258 113066 1
96082 38287 1
96082 94892 1
96082 29923 1
96082 98003 1
96082 129816 1
92008 82361 1
92008 46819 1
92008 65907 1
92008 87997 1
92008 107302 1
154476 61633 1
154476 55271 1
154476 23078 1
154476 87255 1
154476 44405 1
91803 145645 1
91803 76233 1
91803 94789 1
91803 107194 1
91803 154447 1
74208 88141 1
74208 126494 1
51454 137990 1
51454 95363 1
51454 22498 1
51454 109493 1
51454 39070 1
71242 87440 1
71242 54568 1
71242 63057 1
71242 73118 1
71242 77904 1
50990 9879 1
64163 38919 1
64163 126473 1
64163 35842 1
64163 74862 1
64163 89306 1
117978 67382 1
117978 154747 1
117978 27116 1
117978 150127 1
117978 43984 1
7010 92639 1
7010 54940 1
7010 85037 1
7010 57414 1
7010 61913 1
88790 88141 1
88790 62583 1
88790 12713 1
88790 125388 1
88790 32032 1
120988 76788 1
120988 129483 1
120988 52848 1
120988 88655 1
120988 104100 1
50528 26579 1
53865 6986 1
53865 70412 1
53865 23078 1
53865 145440 1
53865 28680 1
148825 26490 1
148825 26579 1
91646 138335 1
91646 61633 1
91646 87707 1
91646 111206 1
91646 107021 1
75807 42150 1
75807 64539 1
75807 30148 1
75807 130800 1
75807 82391 1
145862 54347 1
145862 109945 1
145862 46537 1
145862 62357 1
145862 118362 1
99476 39695 1
99476 55151 1
122174 39695 1
62380 43712 1
62380 154460 1
62380 38415 1
62380 100304 1
62380 78969 1
97452 145679 1
97452 73995 1
97452 14165 1
97452 40902 1
97452 22726 1
68255 54386 1
68255 72540 1
68255 115371 1
46453 13857 1
125179 62320 1
125179 140942 1
125179 53573 1
125179 73037 1
125179 152315 1
52526 56857 1
52526 136293 1
52526 132610 1
52526 59930 1
52526 83431 1
51767 105675 1
51767 105054 1
51767 142453 1
51767 114401 1
51767 83769 1
91149 84435 1
91149 124163 1
123429 115371 1
73571 63020 1
73571 130155 1
73571 56649 1
73571 144000 1
73571 131417 1
114379 154627 1
114379 43013 1
114379 17591 1
114379 90415 1
114379 80791 1
32470 48614 1
32470 63184 1
32470 73750 1
32470 95144 1
32470 41599 1
126851 26579 1
17952 12821 1
17952 130753 1
17952 153176 1
81872 27220 1
81872 52984 1
81872 23124 1
81872 85502 1
81872 114063 1
84086 84435 1
74871 124309 1
74871 88437 1
74871 129028 1
74871 122905 1
74871 134090 1
89904 25481 1
89904 84435 1
146358 69033 1
146358 49633 1
146358 54931 1
146358 76940 1
146358 111891 1
62754 56281 1
62754 63806 1
62754 44142 1
62754 75498 1
62754 100486 1
87653 72286 1
87653 149441 1
87653 54080 1
87653 81580 1
87653 119759 1
36340 14165 1
36340 49846 1
36340 15434 1
36340 38482 1
36340 32949 1
38126 40784 1
38126 43907 1
60433 49228 1
60433 105649 1
60433 39435 1
60433 54644 1
60433 113997 1
31430 135936 1
31430 102218 1
31430 24909 1
31430 142950 1
31430 109032 1
90726 12821 1
90726 13062 1
126519 26579 1
126519 104240 1
126519 41485 1
126519 115291 1
95557 12821 1
96569 1684 1
96569 114517 1
96569 12821 1
96569 103839 1
96569 46631 1
108554 142033 1
108554 75310 1
108554 97144 1
108554 37298 1
108554 108690 1
28339 142024 1
28339 129028 1
28339 13826 1
28339 142383 1
28339 17809 1
96336 14165 1
73118 39265 1
73118 83467 1
73118 36694 1
73118 137418 1
73118 106994 1
80644 35271 1
80644 61193 1
80644 29781 1
80644 145862 1
80644 119962 1
140942 62583 1
22726 97452 1
40902 57066 1
108351 107021 1
100304 62380 1
38415 62380 1
55953 121070 1
30148 75807 1
64539 57614 1
88437 74871 1
46537 145862 1
53573 125179 1
137418 73118 1
129483 120988 1
83769 51767 1
29781 73571 1
62583 88790 1
56857 52526 1
57414 7010 1
61913 7010 1
85037 7010 1
92639 7010 1
43984 117978 1
89306 64163 1
107302 92008 1
49633 146358 1
38919 64163 1
41599 32470 1
145679 43712 1
88141 74208 1
54940 7010 1
107701 72614 1
63020 73571 1
145645 57614 1
61633 80644 1
87997 92008 1
134090 74871 1
22451 98240 1
62743 131417 1
48614 32470 1
79389 43066 1
94016 43066 1
117783 105216 1
62002 72614 1
121450 72614 1
111362 13857 1
118552 58743 1
42601 58743 1
64081 120988 1
64081 60608 1
53034 98240 1
54347 145862 1
109431 121070 1
118817 43066 1
124309 74871 1
136293 52526 1
136293 151396 1
62357 145862 1
81580 54644 1
27054 98240 1
154627 114379 1
63184 32470 1
67869 37115 1
85502 81872 1
85502 124714 1
43712 84435 1
54931 146358 1
73756 48013 1
45528 37115 1
118362 145862 1
74862 64163 1
76940 146358 1
100486 63009 1
100486 78969 1
109745 37115 1
132610 52526 1
69527 121070 1
83431 52526 1
90415 76233 1
90565 121070 1
69033 146358 1
105649 60433 1
98003 96082 1
67755 60608 1
113997 60433 1
142033 108554 1
142950 31430 1
129816 96082 1
135936 31430 1
116480 131417 1
95144 32470 1
142383 114379 1
39265 73118 1
97144 64830 1
112865 41425 1
115393 99874 1
45068 43066 1
47314 48013 1
77904 75310 1
72587 60608 1
127393 44889 1
82361 92008 1
62320 125179 1
54568 58743 1
56281 55688 1
91900 69644 1
150804 44889 1
42150 75807 1
77069 131417 1
64830 131417 1
35241 48013 1
59930 52526 1
110066 46023 1
110066 142116 1
110066 115403 1
140332 120100 1
138839 37115 1
54386 99869 1
135343 44889 1
135343 124978 1
154447 91803 1
154447 55732 1
154447 68368 1
154447 104885 1
154447 122936 1
104100 112397 1
104100 72409 1
104100 23909 1
26490 91703 1
26490 26922 1
26490 39777 1
26490 26968 1
55118 145287 1
55118 122579 1
55118 154509 1
55118 133478 1
38863 59219 1
38863 101509 1
38863 96135 1
95714 57281 1
95714 71524 1
95714 87974 1
95714 105383 1
91931 64958 1
91931 95542 1
91931 47667 1
91931 67393 1
32032 124432 1
32032 45654 1
32032 144403 1
73750 32470 1
87889 79984 1
87889 67366 1
44823 67393 1
44823 123363 1
75498 153006 1
75498 42535 1
75498 54557 1
75498 107740 1
75498 81872 1
67166 55118 1
67166 116404 1
100295 25049 1
100295 58743 1
125799 77850 1
125799 60289 1
125799 84535 1
125799 142434 1
124163 33490 1
124163 88138 1
124163 28196 1
124163 92200 1
40065 55314 1
40065 91440 1
40065 85716 1
39070 101804 1
39070 61430 1
39070 139536 1
39070 111103 1
57066 55489 1
57066 95363 1
57066 47253 1
57066 89676 1
6986 137136 1
6986 50412 1
6986 92595 1
91315 109317 1
91315 104004 1
63057 71242 1
108690 52536 1
108690 141721 1
73037 125179 1
17004 109384 1
17004 12394 1
36694 136606 1
36694 107832 1
15317 86917 1
15317 100648 1
15317 62933 1
15317 96706 1
120430 48373 1
120430 64302 1
120430 108866 1
62105 130979 1
62105 126996 1
62105 143789 1
62105 107976 1
134089 37115 1
152315 123177 1
152315 154828 1
152315 125179 1
3030 137388 1
3030 14182 1
3030 99874 1
105601 73634 1
105601 124074 1
105601 79091 1
37298 105136 1
37298 59184 1
102218 31430 1
78087 145645 1
78087 105999 1
78087 32260 1
78087 95550 1
38287 96082 1
87440 45401 1
87440 71242 1
87440 62012 1
94892 75238 1
94892 41347 1
94892 118587 1
17591 33734 1
17591 22332 1
17591 72142 1
151396 136293 1
151396 79733 1
151396 153006 1
151396 108046 1
95363 135642 1
95363 62806 1
95363 91048 1
29923 96082 1
129028 111839 1
129028 34448 1
46819 19773 1
46819 92008 1
139527 58369 1
139527 152349 1
139527 26663 1
139527 114765 1
139527 28178 1
65907 92008 1
