52095 23289 1
23289 72864 1
23289 19666 1
23289 98474 1
23289 76799 1
23289 56466 1
72864 23289 1
56466 23289 1
19666 23289 1
19666 1703 1
76799 143186 1
76799 95571 1
76799 109945 1
76799 34005 1
76799 106542 1
98474 38863 1
98474 23289 1
1703 150941 1
1703 43534 1
1703 115045 1
1703 114365 1
1703 9690 1
143186 128003 1
143186 96782 1
143186 38406 1
143186 89684 1
143186 139028 1
95571 72883 1
95571 39240 1
95571 76166 1
95571 147211 1
95571 64135 1
109945 119987 1
109945 118016 1
109945 47824 1
109945 100559 1
109945 147916 1
38863 83179 1
38863 107740 1
38863 135430 1
38863 97748 1
38863 57717 1
34005 78928 1
34005 70729 1
34005 154538 1
34005 11568 1
34005 69279 1
106542 51616 1
106542 20651 1
106542 53555 1
106542 148321 1
106542 35203 1
147916 64418 1
147916 129810 1
147916 72142 1
147916 128262 1
147916 62899 1
147211 95571 1
38406 143186 1
100559 154434 1
100559 109945 1
100559 48157 1
100559 92278 1
100559 95922 1
76166 79501 1
76166 129534 1
76166 28776 1
76166 45802 1
76166 134531 1
118016 109945 1
118016 107619 1
83179 129760 1
83179 38863 1
115045 1703 1
148321 71535 1
148321 46042 1
148321 73258 1
148321 75213 1
148321 64574 1
64135 91400 1
64135 112180 1
64135 42048 1
64135 72426 1
64135 95571 1
39240 95571 1
150941 1703 1
135430 64561 1
135430 32508 1
135430 70218 1
135430 145392 1
135430 55282 1
97748 38863 1
97748 110280 1
97748 13734 1
96782 61079 1
96782 39445 1
96782 66837 1
96782 107126 1
96782 56150 1
57717 130394 1
57717 42552 1
57717 62754 1
57717 141815 1
57717 88877 1
69279 34005 1
70729 34005 1
51616 73442 1
51616 69359 1
51616 33668 1
51616 115899 1
51616 106542 1
11568 139798 1
11568 107021 1
11568 149597 1
11568 92291 1
11568 34005 1
20651 117683 1
20651 106542 1
20651 53048 1
20651 112532 1
78928 74793 1
78928 78698 1
78928 84464 1
78928 34005 1
78928 112763 1
35203 106542 1
89684 143186 1
9690 39045 1
9690 116327 1
9690 134116 1
9690 128245 1
9690 119787 1
47824 96519 1
47824 38863 1
47824 108351 1
47824 88698 1
47824 116078 1
72883 86660 1
72883 108407 1
72883 92423 1
72883 83559 1
72883 65356 1
119987 154434 1
119987 109945 1
114365 53435 1
114365 1703 1
53555 106542 1
128003 78331 1
128003 139636 1
128003 79967 1
128003 152092 1
128003 69336 1
107740 94728 1
107740 74822 1
107740 35015 1
107740 72279 1
107740 108458 1
43534 145567 1
43534 47949 1
43534 45582 1
43534 13087 1
43534 108424 1
139028 64163 1
139028 151994 1
139028 66896 1
139028 135282 1
139028 55231 1
154538 71359 1
154538 97480 1
154538 34005 1
154538 83987 1
145567 150493 1
145567 128247 1
145567 43534 1
145567 49144 1
145567 64331 1
64574 48870 1
64574 138736 1
64574 54644 1
64574 92500 1
64574 43595 1
35015 47869 1
35015 80273 1
35015 53909 1
35015 84046 1
35015 68865 1
74822 60053 1
74822 28604 1
74822 60066 1
74822 62383 1
74822 54322 1
69336 128003 1
69336 105109 1
69336 57965 1
69336 70047 1
152092 128003 1
139636 128003 1
78331 84467 1
78331 142887 1
78331 24277 1
78331 38138 1
78331 94789 1
53435 114365 1
53435 120806 1
53435 19051 1
53435 52008 1
53435 152410 1
65356 149864 1
65356 56953 1
65356 119599 1
65356 135034 1
65356 75485 1
108424 43534 1
74793 63564 1
74793 22827 1
74793 65737 1
74793 74624 1
74793 59041 1
83559 138644 1
83559 132731 1
83559 5841 1
83559 54725 1
83559 126784 1
92423 84117 1
92423 72883 1
88698 47824 1
88698 29740 1
88698 52553 1
88698 144253 1
88698 43650 1
112180 48110 1
112180 125376 1
112180 56756 1
112180 134319 1
112180 45952 1
108351 143494 1
108351 66030 1
108351 69249 1
108351 21382 1
108351 144284 1
128245 86634 1
128245 35468 1
128245 87876 1
128245 153049 1
128245 73628 1
134116 57705 1
134116 154467 1
134116 59564 1
134116 147148 1
134116 49643 1
39045 63660 1
39045 32325 1
39045 70576 1
39045 43901 1
39045 139704 1
112763 72719 1
112763 28484 1
112763 78928 1
112763 87735 1
112763 60790 1
84464 49550 1
84464 151794 1
84464 56440 1
84464 135522 1
84464 40287 1
13734 56492 1
13734 81014 1
13734 73517 1
13734 149612 1
13734 81700 1
108458 125411 1
108458 136451 1
108458 51264 1
108458 131008 1
108458 44924 1
112532 52034 1
112532 127300 1
112532 53077 1
112532 131882 1
112532 45641 1
117683 57360 1
117683 31925 1
117683 60719 1
117683 119784 1
117683 53772 1
107021 131395 1
107021 145571 1
107021 46587 1
107021 104480 1
107021 126834 1
139798 37455 1
139798 151351 1
139798 37923 1
139798 131562 1
139798 32818 1
115899 82485 1
115899 38574 1
115899 83029 1
115899 83720 1
115899 81499 1
33668 85019 1
33668 24216 1
33668 34461 1
33668 88198 1
33668 49813 1
88877 126765 1
88877 111225 1
88877 38863 1
88877 50657 1
88877 57717 1
47949 43534 1
78698 65709 1
78698 45600 1
78698 68160 1
78698 69756 1
78698 62861 1
92278 103741 1
92278 100261 1
92278 48870 1
92278 135704 1
92278 37356 1
45802 76166 1
45802 125281 1
45802 126721 1
45802 119124 1
45802 153798 1
56150 77849 1
56150 29863 1
56150 146972 1
56150 102058 1
56150 65286 1
79501 69029 1
79501 98291 1
79501 70900 1
79501 115595 1
79501 59669 1
108407 72883 1
108407 68066 1
72279 132296 1
72279 119083 1
72279 51358 1
72279 92582 1
72279 87264 1
92291 52711 1
92291 127043 1
92291 55153 1
92291 104890 1
92291 38128 1
66896 94137 1
66896 139028 1
66896 60260 1
66896 128986 1
66896 152628 1
39445 85698 1
39445 96782 1
39445 112169 1
39445 64995 1
79967 55830 1
79967 16061 1
79967 57573 1
79967 109309 1
79967 44474 1
86660 72883 1
86660 150189 1
86660 26515 1
86660 36471 1
86660 101875 1
129534 83467 1
129534 48793 1
129534 89704 1
129534 91681 1
129534 74356 1
83987 50388 1
83987 20613 1
83987 56688 1
83987 105585 1
83987 43939 1
62899 59118 1
62899 25625 1
62899 59800 1
62899 126867 1
62899 53201 1
75213 148321 1
75213 110105 1
75213 130598 1
75213 35831 1
75213 123710 1
107126 109827 1
107126 88404 1
107126 39621 1
107126 85550 1
107126 154742 1
55231 130160 1
55231 62899 1
55231 139028 1
55231 47087 1
55231 143406 1
141815 77864 1
141815 57717 1
141815 25868 1
141815 52984 1
141815 98565 1
97480 52145 1
97480 30533 1
97480 53748 1
97480 57704 1
97480 46634 1
62754 105136 1
62754 134266 1
62754 46307 1
62754 152945 1
62754 100173 1
151994 76208 1
151994 85912 1
151994 95101 1
151994 18014 1
151994 144549 1
116327 60117 1
116327 24040 1
116327 60963 1
116327 138703 1
116327 49255 1
129810 145877 1
129810 131764 1
129810 44083 1
129810 122587 1
129810 34753 1
61079 121734 1
61079 115321 1
61079 111169 1
61079 154602 1
61079 54853 1
42552 57717 1
116078 48461 1
116078 30741 1
116078 49282 1
116078 154515 1
116078 42598 1
110280 70602 1
110280 29661 1
110280 71195 1
110280 74973 1
110280 41626 1
130394 57717 1
91400 116097 1
91400 44392 1
91400 150147 1
91400 96895 1
91400 79653 1
149597 39076 1
149597 143961 1
149597 39540 1
149597 141101 1
149597 36749 1
73258 148321 1
73258 152349 1
73258 36933 1
73258 103001 1
73258 74149 1
70218 135430 1
64418 49773 1
64418 23673 1
64418 51641 1
64418 138068 1
64418 38634 1
154434 57501 1
154434 144549 1
154434 59369 1
154434 126858 1
154434 49418 1
32508 118012 1
32508 135430 1
32508 97385 1
73442 60131 1
73442 27320 1
73442 62275 1
73442 67026 1
73442 55741 1
66837 96782 1
69359 60424 1
69359 24895 1
69359 67488 1
69359 145154 1
69359 51616 1
96519 49924 1
96519 27484 1
96519 50480 1
96519 146794 1
96519 47824 1
145392 135430 1
145392 54415 1
53048 60424 1
53048 14656 1
53048 107203 1
53048 98419 1
53048 49603 1
95922 68828 1
95922 44119 1
95922 71179 1
95922 146194 1
95922 59558 1
42048 103360 1
42048 46708 1
42048 131226 1
42048 138736 1
42048 82700 1
94728 90257 1
94728 33872 1
94728 91872 1
94728 112514 1
94728 77332 1
64561 135430 1
134531 107740 1
134531 75541 1
134531 121583 1
134531 126935 1
134531 102454 1
119787 74971 1
119787 18674 1
119787 76015 1
119787 86170 1
119787 55560 1
13087 43534 1
45582 43534 1
55282 135430 1
55282 42078 1
71535 130227 1
71535 148321 1
71535 12465 1
107619 64170 1
107619 141261 1
107619 66072 1
107619 151784 1
107619 61000 1
64163 70196 1
64163 93459 1
64163 35910 1
64163 154112 1
64163 101265 1
129760 34005 1
129760 28413 1
129760 136905 1
129760 110639 1
129760 116391 1
72142 137170 1
72142 82357 1
72142 51788 1
72142 105501 1
72142 131033 1
48157 59526 1
48157 18589 1
48157 89099 1
48157 147838 1
48157 45377 1
72426 58950 1
72426 139362 1
72426 59228 1
72426 118872 1
72426 39645 1
71359 125003 1
71359 114988 1
71359 43908 1
71359 72617 1
71359 116444 1
135282 85599 1
135282 72614 1
135282 26030 1
135282 68730 1
135282 125831 1
46042 118319 1
46042 64215 1
46042 15317 1
46042 32198 1
46042 86936 1
28776 116426 1
28776 142485 1
28776 96795 1
28776 140178 1
28776 148162 1
128262 80822 1
128262 34640 1
128262 85895 1
128262 151800 1
128262 79192 1
56688 83987 1
20613 83987 1
20613 107135 1
48793 129534 1
101875 86660 1
44474 79967 1
139362 72426 1
112169 31190 1
112169 51093 1
85698 45051 1
85698 25313 1
102058 56150 1
102058 116741 1
60260 125999 1
60260 24248 1
60260 123799 1
37356 92278 1
100173 37430 1
100173 75949 1
100173 62754 1
38128 92291 1
38128 138190 1
38128 45152 1
52034 112532 1
55153 131715 1
55153 66295 1
55153 151100 1
55153 49753 1
92582 54608 1
82357 128310 1
82357 72142 1
51358 72279 1
127043 37666 1
127043 123118 1
127043 92399 1
59558 95922 1
119083 72279 1
135034 65356 1
49144 150528 1
49144 59899 1
59369 154434 1
132296 148162 1
132296 10266 1
132296 34829 1
147838 91346 1
147838 13573 1
147838 48157 1
147838 72165 1
68066 85292 1
68066 133357 1
68066 22687 1
68066 109479 1
144549 57162 1
144549 37350 1
144549 151994 1
59669 79501 1
98291 36138 1
77849 56150 1
77849 986 1
77849 47434 1
51264 34205 1
51264 133788 1
51264 130792 1
153798 45802 1
32325 122980 1
119124 45802 1
34461 152898 1
126721 154863 1
126721 45802 1
126721 129760 1
57573 128656 1
57573 40599 1
103741 147436 1
62861 95101 1
83720 51488 1
83720 41901 1
83720 115899 1
49773 64418 1
34640 128262 1
69756 57077 1
69756 78698 1
45600 78698 1
84046 86979 1
84046 143406 1
52553 88698 1
152349 122276 1
109309 114823 1
109309 147632 1
131395 69826 1
131395 151495 1
73628 128245 1
46634 115483 1
60131 73442 1
111225 34215 1
111225 67346 1
111225 69057 1
126765 41313 1
128986 64108 1
128986 120976 1
120806 63717 1
120806 39533 1
120806 75055 1
120806 78694 1
120806 55425 1
81499 115899 1
70047 65661 1
70047 40763 1
70047 69336 1
70047 59184 1
82485 115899 1
39540 58704 1
39540 131333 1
131562 119787 1
131562 107554 1
131562 100991 1
145877 89371 1
145877 94414 1
145877 57077 1
37923 39652 1
37923 137162 1
37923 107243 1
50657 47115 1
50657 101092 1
50657 74848 1
50657 40006 1
87876 27574 1
87876 67813 1
116097 91400 1
76015 106446 1
76015 119787 1
151351 149159 1
151351 119877 1
151351 43412 1
151351 37298 1
126834 40373 1
126834 31944 1
150147 91400 1
87264 153640 1
87264 90601 1
87264 104047 1
68160 141209 1
68160 131877 1
68160 68840 1
145571 103561 1
145571 107021 1
145571 40283 1
145571 89709 1
53772 48586 1
135704 134895 1
119784 21388 1
119784 11645 1
119784 61676 1
119784 117683 1
85019 33668 1
44119 132211 1
44119 67862 1
44119 95922 1
44119 69616 1
60719 117683 1
31925 83467 1
31925 51966 1
31925 10144 1
31925 105147 1
31925 143877 1
105136 62754 1
105136 63460 1
26515 128431 1
26515 144949 1
26515 86660 1
26515 48189 1
60053 74822 1
57360 117683 1
131882 112532 1
18589 64331 1
18589 122933 1
18589 86615 1
15317 118948 1
15317 21382 1
150189 86660 1
59800 62899 1
59800 66816 1
53077 112532 1
144284 36627 1
144284 91440 1
44924 108458 1
131008 89911 1
131008 90715 1
131008 71359 1
38574 115899 1
69249 83732 1
69249 124054 1
136451 73844 1
136451 76598 1
136451 81858 1
70602 44114 1
70602 110639 1
70602 29470 1
70602 110280 1
51788 53144 1
51788 56060 1
138644 83559 1
143961 149597 1
143961 28736 1
143961 52848 1
143961 153486 1
143494 125388 1
143494 40727 1
143494 114308 1
143494 148458 1
24216 116663 1
24216 85789 1
24216 19434 1
138736 49043 1
138736 14809 1
138736 49685 1
138736 57382 1
138736 42048 1
59041 69123 1
59041 74793 1
126935 134531 1
126935 134068 1
43908 151553 1
43908 53026 1
43908 63485 1
43908 96539 1
91681 93080 1
91681 53876 1
91681 114587 1
91681 125364 1
91681 118657 1
52008 53435 1
16061 79967 1
121583 32143 1
121583 68688 1
22827 58829 1
22827 74793 1
22827 69812 1
22827 62215 1
59228 89395 1
59228 72426 1
59228 37450 1
59228 60096 1
59228 146131 1
63564 74793 1
53748 48620 1
53748 97480 1
53748 46750 1
89704 67813 1
89704 60973 1
89704 96778 1
65709 78698 1
65709 57629 1
65709 109925 1
18674 119787 1
56953 65356 1
144253 88698 1
144253 104471 1
144253 81570 1
60066 74822 1
19051 53435 1
29863 102472 1
74356 79184 1
74356 129534 1
149612 88183 1
149612 13734 1
35910 72104 1
35910 64163 1
38138 80510 1
127300 112532 1
24277 54415 1
59564 140182 1
98419 49019 1
98419 53048 1
100261 92278 1
92500 64574 1
92500 146884 1
131764 21030 1
131764 129810 1
30741 47115 1
30741 68160 1
30741 116078 1
55830 79967 1
146972 56150 1
125281 45609 1
125281 45802 1
130598 75213 1
81700 13734 1
36471 86660 1
36471 28721 1
64331 145567 1
64331 88353 1
85599 135282 1
118319 63831 1
105585 83987 1
48870 78829 1
48870 46708 1
48870 126305 1
48461 116078 1
65737 29863 1
65737 1992 1
65737 74793 1
60790 112763 1
125003 71359 1
54725 83559 1
154112 64163 1
119599 152850 1
119599 47416 1
125411 108458 1
115595 34609 1
70196 18514 1
70196 64163 1
95101 74424 1
95101 62754 1
29661 110280 1
135522 84464 1
70900 79501 1
105109 35317 1
98565 141815 1
141101 149597 1
14656 53048 1
14656 117683 1
154742 81558 1
154742 149868 1
34753 45413 1
60424 146767 1
60424 53048 1
60424 69359 1
60424 83029 1
12465 133511 1
53909 123713 1
121734 153894 1
121734 59992 1
115321 135007 1
115321 34609 1
24040 116327 1
24040 5523 1
154602 61079 1
42598 116078 1
42598 52848 1
74973 110280 1
96895 91400 1
72617 133888 1
72617 118791 1
79653 91400 1
36749 149597 1
74149 73258 1
74149 112180 1
43901 39045 1
23673 64418 1
23673 100019 1
23673 95276 1
42078 80268 1
40287 84464 1
51641 19201 1
51641 86979 1
62275 73442 1
38634 64418 1
80822 128262 1
126858 154434 1
39621 107126 1
39621 88184 1
24895 106542 1
24895 69359 1
24895 115899 1
44083 107135 1
44083 129810 1
54415 145785 1
18014 151994 1
126867 62899 1
49418 100487 1
71195 110280 1
97385 32508 1
97385 81986 1
76208 151994 1
118012 42667 1
118012 104047 1
44392 91400 1
55741 73442 1
81014 13734 1
105501 72142 1
152945 142279 1
103001 32140 1
67488 69359 1
138703 116327 1
56440 84464 1
145154 69359 1
145154 83029 1
49282 116078 1
52145 50326 1
52145 66710 1
46708 126744 1
46708 67079 1
82700 100991 1
49924 96519 1
91872 94728 1
143406 48965 1
146794 96519 1
68828 95922 1
72614 57066 1
72614 51789 1
59526 48157 1
39076 149597 1
39076 39623 1
85912 151994 1
85912 115006 1
60963 149505 1
86634 152945 1
86634 14025 1
86634 128245 1
90257 94728 1
154515 116078 1
112514 49885 1
112514 148595 1
29740 88698 1
74971 119787 1
49255 116327 1
49255 10266 1
107203 53048 1
107203 146767 1
107203 5292 1
107203 69359 1
151784 107619 1
151784 134946 1
151784 30863 1
131226 122099 1
131226 106539 1
131226 40744 1
131226 104649 1
89099 48157 1
89099 111064 1
89099 10900 1
55560 119787 1
130227 66975 1
130227 71535 1
130227 34218 1
96795 72279 1
96795 75093 1
96795 84830 1
96795 16763 1
64170 107619 1
64170 27334 1
141261 107619 1
148162 47187 1
148162 74506 1
148162 84619 1
148162 60950 1
54853 81558 1
54853 61079 1
93459 26305 1
93459 120291 1
93459 37339 1
93459 64163 1
46307 83477 1
46307 130008 1
46307 68729 1
46307 98412 1
84117 77889 1
84117 42685 1
84117 80007 1
84117 95243 1
136905 67969 1
136905 72498 1
136905 147671 1
137170 72142 1
137170 146884 1
137170 63128 1
71179 95922 1
58950 125052 1
58950 120666 1
58950 3843 1
58950 43313 1
35468 128245 1
39645 78187 1
39645 72426 1
39645 3462 1
39645 107126 1
116444 104290 1
116444 90646 1
116444 36252 1
66072 32198 1
66072 107619 1
66072 13805 1
52984 114313 1
52984 100991 1
52984 98263 1
52984 55563 1
102454 134531 1
102454 126005 1
102454 66193 1
125831 62306 1
125831 30010 1
125831 62349 1
125831 53781 1
116426 60660 1
116426 27674 1
116426 64782 1
116426 49069 1
35831 75213 1
57704 97480 1
57704 112397 1
57704 18807 1
57704 122800 1
134319 78628 1
134319 151313 1
134319 61910 1
140178 154863 1
140178 31900 1
140178 33003 1
140178 10448 1
61000 86697 1
61000 103997 1
61000 38833 1
61000 70857 1
114988 59029 1
114988 153225 1
114988 59909 1
114988 122535 1
114988 48954 1
88404 107126 1
123710 75213 1
28413 29405 1
28413 35466 1
28413 129760 1
28413 62933 1
28413 94728 1
110105 75213 1
110105 103159 1
110105 5086 1
73517 13734 1
30533 138462 1
30533 113858 1
30533 97480 1
30533 123354 1
25625 78174 1
25625 26313 1
25625 135110 1
43939 83895 1
43939 41477 1
43939 83987 1
56492 124533 1
56492 13734 1
56492 100871 1
118872 109758 1
118872 9812 1
118872 47205 1
118872 72426 1
152410 111548 1
152410 82240 1
152410 4943 1
152410 92291 1
87735 137665 1
87735 122157 1
87735 28484 1
87735 112763 1
110639 63009 1
110639 24253 1
110639 63578 1
110639 68540 1
110639 56373 1
57705 23909 1
57705 71422 1
57705 21140 1
57705 134116 1
57705 148090 1
152628 59029 1
152628 39695 1
152628 61334 1
152628 66896 1
152628 52548 1
52711 92291 1
67026 94459 1
67026 73442 1
27320 49619 1
27320 73442 1
72719 112763 1
72719 133454 1
72719 147976 1
86936 144691 1
86936 124714 1
86936 28093 1
70576 116744 1
70576 147855 1
70576 53520 1
146194 95922 1
66030 30796 1
66030 63485 1
66030 96539 1
66030 62268 1
116391 60051 1
116391 18068 1
116391 60924 1
116391 129760 1
116391 53909 1
138068 64418 1
139704 121058 1
139704 3340 1
139704 62634 1
139704 89201 1
59118 62899 1
59118 9236 1
125376 112180 1
69029 79501 1
69029 115863 1
69029 136949 1
69029 87830 1
41626 110280 1
147148 97965 1
147148 134116 1
147148 59909 1
154467 134116 1
37455 139798 1
54322 59967 1
54322 74822 1
33872 94728 1
33872 148595 1
33872 51287 1
33872 21382 1
151800 128262 1
151800 10282 1
49550 84464 1
49550 1920 1
49550 137334 1
153049 128245 1
83029 72426 1
83029 73442 1
83029 145154 1
83029 63782 1
64215 84858 1
64215 46042 1
64215 141296 1
64215 43360 1
83467 119599 1
83467 35168 1
83467 115742 1
83467 90563 1
77332 127061 1
77332 60260 1
77332 104012 1
77332 123560 1
53201 62899 1
45952 112180 1
32818 87062 1
32818 24464 1
32818 53273 1
32818 152344 1
130160 73070 1
130160 35175 1
130160 76281 1
130160 70884 1
56756 46324 1
56756 29658 1
26030 40727 1
26030 90098 1
26030 29595 1
26030 125458 1
28484 141673 1
28484 112763 1
28484 109161 1
28484 101363 1
28484 93424 1
88198 139760 1
88198 131008 1
88198 59909 1
88198 93370 1
88198 47121 1
49643 134116 1
77864 44778 1
77864 26044 1
77864 49501 1
77864 80255 1
77864 38702 1
149864 65356 1
149864 21947 1
74624 74793 1
104890 146884 1
104890 57162 1
75485 119599 1
75485 120440 1
75485 151697 1
75485 20760 1
75485 140846 1
50388 83987 1
27484 96519 1
27484 143494 1
150493 53750 1
150493 55306 1
150493 71167 1
126784 104072 1
126784 83764 1
126784 40744 1
126784 94013 1
60117 116327 1
5841 89906 1
5841 145861 1
5841 60048 1
101265 65395 1
101265 31116 1
101265 65442 1
45641 112532 1
45641 110064 1
109827 36431 1
132731 36193 1
132731 78179 1
132731 83559 1
132731 58473 1
62383 54545 1
62383 123638 1
62383 61361 1
62383 94449 1
62383 48148 1
43650 88698 1
122587 129810 1
122587 152979 1
122587 17963 1
32198 26143 1
32198 34194 1
32198 106359 1
57965 40740 1
57965 122999 1
57965 69336 1
57965 36994 1
151794 130947 1
151794 64261 1
151794 135168 1
151794 151697 1
151794 112765 1
131033 94162 1
131033 74871 1
131033 125364 1
68865 55088 1
68865 55112 1
68865 60205 1
68865 49469 1
142485 36011 1
142485 72363 1
142485 86936 1
142485 51664 1
80273 69128 1
80273 7841 1
80273 35015 1
80273 62745 1
47869 128786 1
47869 25425 1
47869 78093 1
47869 50169 1
21382 100981 1
21382 26362 1
21382 27232 1
21382 33872 1
21382 60924 1
49603 53048 1
134266 54095 1
134266 138758 1
134266 49771 1
43595 88130 1
43595 21888 1
43595 126097 1
43595 95211 1
57501 110138 1
57501 154434 1
57501 100179 1
65286 72561 1
65286 117975 1
65286 80031 1
65286 56150 1
65286 74031 1
79192 88856 1
79192 148495 1
79192 20417 1
79192 81690 1
79192 128262 1
