109457 130756 1
109457 111169 1
109457 52959 1
109457 104047 1
109457 86643 1
130756 135504 1
130756 85895 1
130756 129209 1
130756 18234 1
130756 104730 1
86643 129017 1
86643 22857 1
86643 1377 1
86643 61881 1
86643 5679 1
104047 110704 1
104047 131214 1
104047 144846 1
104047 28681 1
104047 107740 1
52959 114680 1
52959 79674 1
52959 101619 1
52959 12786 1
52959 129225 1
111169 152081 1
111169 73379 1
111169 108512 1
111169 18025 1
111169 85786 1
73379 87255 1
73379 111169 1
73379 1474 1
73379 69232 1
73379 46460 1
79674 52959 1
114680 52959 1
129225 67907 1
129225 52959 1
135504 130756 1
61881 119877 1
61881 86643 1
104730 124511 1
104730 87201 1
104730 106667 1
104730 25480 1
104730 91379 1
1377 7887 1
1377 108866 1
1377 6756 1
1377 41228 1
1377 60562 1
129209 149972 1
129209 130756 1
129209 34154 1
129209 82013 1
129209 40028 1
22857 86643 1
18234 27991 1
18234 130756 1
18025 111169 1
18025 45220 1
18025 103868 1
18025 15704 1
18025 84969 1
129017 86643 1
12786 149598 1
12786 52959 1
12786 31982 1
85895 92291 1
85895 72779 1
85895 129044 1
85895 11639 1
85895 154756 1
110704 104047 1
101619 115591 1
101619 32684 1
101619 123373 1
101619 52959 1
101619 12459 1
108512 111169 1
152081 111169 1
152081 79094 1
131214 93833 1
131214 9219 1
131214 119837 1
131214 23434 1
131214 2086 1
5679 86643 1
144846 104047 1
144846 38482 1
85786 111169 1
85786 73111 1
85786 5800 1
85786 67079 1
85786 58180 1
28681 30863 1
28681 104047 1
107740 142211 1
107740 52013 1
107740 67813 1
107740 9725 1
107740 97000 1
23434 147822 1
23434 138174 1
23434 137571 1
23434 104646 1
23434 40014 1
119837 123091 1
119837 98263 1
119837 131214 1
119837 35823 1
119837 114379 1
9219 75121 1
9219 55999 1
9219 75618 1
9219 41228 1
9219 149328 1
93833 110940 1
93833 145422 1
93833 145744 1
93833 13547 1
93833 119974 1
129044 134876 1
129044 82094 1
129044 136722 1
129044 21735 1
129044 87679 1
60562 105667 1
60562 142480 1
60562 118791 1
60562 26266 1
60562 134040 1
12459 49525 1
12459 38863 1
12459 50926 1
12459 38421 1
12459 70104 1
9725 40784 1
9725 13873 1
9725 141513 1
9725 33003 1
9725 91246 1
52013 120436 1
52013 152655 1
52013 107224 1
52013 21661 1
52013 68314 1
30863 81015 1
30863 69565 1
30863 35689 1
30863 11092 1
30863 113954 1
142211 130756 1
142211 91196 1
142211 123650 1
142211 19618 1
142211 107740 1
58180 85786 1
58180 16238 1
58180 70501 1
58180 38863 1
58180 5708 1
5800 118255 1
5800 23111 1
5800 56550 1
5800 129670 1
5800 102481 1
32684 101619 1
32684 63174 1
32684 78829 1
32684 76554 1
32684 60910 1
38482 85667 1
38482 147755 1
38482 129228 1
38482 18934 1
38482 50745 1
73111 91849 1
73111 92097 1
73111 113860 1
73111 12953 1
73111 85786 1
27991 107561 1
27991 123240 1
27991 65646 1
27991 20337 1
27991 92743 1
2086 7407 1
2086 42556 1
2086 73701 1
2086 131214 1
2086 55504 1
154756 138173 1
154756 92941 1
154756 130460 1
154756 18992 1
154756 106429 1
108866 121541 1
108866 49854 1
108866 61854 1
108866 12582 1
108866 138758 1
7887 122955 1
7887 34609 1
7887 46923 1
7887 4671 1
7887 74140 1
25480 104730 1
45220 118866 1
45220 13906 1
45220 2313 1
45220 33377 1
45220 6087 1
15704 40109 1
15704 37848 1
15704 116988 1
15704 96137 1
15704 143710 1
87201 92061 1
87201 96263 1
87201 104730 1
67907 105977 1
67907 152417 1
67907 105586 1
67907 28269 1
67907 101336 1
97000 104669 1
97000 90497 1
97000 137012 1
97000 17613 1
97000 119000 1
34154 152947 1
34154 133946 1
34154 125645 1
34154 75015 1
34154 106702 1
67813 89704 1
67813 71368 1
67813 119503 1
67813 26952 1
67813 91196 1
149972 112596 1
149972 89386 1
149972 102433 1
149972 29175 1
149972 93083 1
41228 147686 1
41228 36497 1
41228 67365 1
41228 6756 1
41228 142211 1
124511 93020 1
124511 10928 1
124511 3780 1
124511 57800 1
124511 3983 1
67079 64626 1
67079 93302 1
67079 126999 1
67079 31233 1
67079 21320 1
87255 87851 1
87255 73379 1
87255 114556 1
87255 12158 1
87255 81034 1
72779 94826 1
72779 137512 1
72779 95190 1
72779 28512 1
72779 99107 1
91379 35912 1
91379 106462 1
91379 4641 1
91379 104730 1
1474 138931 1
1474 72137 1
1474 38123 1
1474 73065 1
1474 96444 1
69232 91772 1
69232 86319 1
69232 97389 1
69232 32450 1
69232 73159 1
31982 113389 1
31982 39623 1
31982 78225 1
31982 27671 1
31982 149073 1
119877 146592 1
119877 66781 1
119877 84106 1
119877 14546 1
119877 127513 1
82013 95477 1
82013 126887 1
82013 93527 1
82013 26644 1
82013 129209 1
103868 148960 1
103868 98598 1
103868 142200 1
103868 18025 1
103868 151960 1
123373 140361 1
123373 88634 1
123373 139930 1
123373 19842 1
123373 92278 1
40028 55925 1
40028 70237 1
40028 85981 1
40028 23543 1
40028 47327 1
115591 115921 1
115591 93412 1
115591 120464 1
115591 12756 1
115591 108202 1
106667 104730 1
46460 67829 1
46460 45593 1
46460 148757 1
46460 9136 1
46460 48698 1
84969 18025 1
79094 98283 1
79094 104515 1
79094 86245 1
79094 28804 1
79094 105021 1
149598 81653 1
149598 15314 1
149598 103492 1
149598 38096 1
149598 9365 1
92291 102108 1
92291 70689 1
92291 114059 1
92291 11568 1
92291 78546 1
11639 111206 1
11639 133064 1
11639 117216 1
11639 85895 1
11639 61521 1
6756 49984 1
6756 88692 1
6756 84649 1
6756 93192 1
6756 40697 1
98598 103868 1
50745 38482 1
148960 103868 1
26644 82013 1
38096 149598 1
91772 123373 1
146592 119877 1
146592 93833 1
96444 1474 1
72137 1474 1
87679 129044 1
70501 58180 1
93527 82013 1
99107 72779 1
94826 124511 1
114556 26952 1
87851 87255 1
126999 67079 1
126999 64626 1
93302 67079 1
123240 27991 1
125645 34154 1
120436 52013 1
38863 57325 1
104646 70104 1
104646 23434 1
127513 119877 1
101336 67907 1
12582 75867 1
12582 108866 1
145422 79730 1
145422 93833 1
18934 70219 1
18934 108003 1
138931 117328 1
138931 1474 1
119974 122188 1
119974 93833 1
98283 124774 1
98283 10699 1
98283 79094 1
75121 135319 1
75121 100104 1
85981 40028 1
85981 549 1
85981 92028 1
121541 108866 1
56550 5800 1
56550 17144 1
56550 5877 1
90497 97000 1
66781 15073 1
105586 67907 1
85667 38482 1
35689 30863 1
78225 117024 1
147755 38482 1
110940 93833 1
60910 32684 1
73065 1474 1
143710 15704 1
29175 149972 1
73701 2086 1
63174 32684 1
84649 6756 1
47327 40028 1
147822 23434 1
76554 32684 1
15314 149598 1
17613 97000 1
137571 23434 1
23111 5800 1
92743 27991 1
136722 129044 1
136722 831 1
21735 129044 1
7407 2086 1
138174 43815 1
138174 23434 1
40014 23434 1
70689 92291 1
93020 124511 1
93020 23258 1
18992 154756 1
55925 40028 1
111206 11639 1
9365 149598 1
103492 149598 1
32450 69232 1
133064 11639 1
91246 9725 1
49854 108866 1
81034 151960 1
81034 87255 1
21320 67079 1
139930 123373 1
38421 12459 1
70237 40028 1
16238 58180 1
119503 67813 1
115921 115591 1
28804 14546 1
105021 79094 1
93412 115591 1
120464 78882 1
12756 115591 1
96137 15704 1
96137 6087 1
108202 115591 1
86319 69232 1
42556 2086 1
45593 140361 1
81015 30863 1
9136 46460 1
118255 5800 1
86245 79094 1
149328 15456 1
149328 150535 1
97389 69232 1
81653 149598 1
118866 103561 1
118866 148034 1
102108 74375 1
102108 13547 1
148757 141881 1
148757 136572 1
148757 121045 1
88634 142472 1
88634 2132 1
88634 32032 1
78546 92291 1
78546 152005 1
78546 124163 1
117216 100394 1
117216 69128 1
117216 89911 1
117216 138174 1
61521 58272 1
61521 11639 1
88692 6756 1
93192 6756 1
107224 135027 1
107224 8780 1
138173 47844 1
138173 154756 1
138173 31788 1
89386 97652 1
89386 107728 1
89386 29235 1
89386 47330 1
21661 52013 1
129228 38482 1
55999 96230 1
55999 119502 1
55999 9219 1
55999 93975 1
95190 72779 1
95190 16800 1
95190 37298 1
3983 104808 1
3983 18506 1
3983 36470 1
137512 72779 1
33003 64401 1
33003 2745 1
33003 89704 1
5708 128094 1
5708 58180 1
5708 51519 1
5708 24277 1
123091 55265 1
123091 121070 1
105977 67907 1
20337 27991 1
11092 30863 1
102433 149972 1
105667 120759 1
105667 85507 1
105667 60562 1
105667 73733 1
26266 60562 1
119000 48113 1
119000 124154 1
119000 106097 1
152947 34154 1
130460 154756 1
130460 39135 1
91196 133643 1
91196 142211 1
91196 91961 1
91196 14774 1
91196 100093 1
69565 30863 1
49984 6756 1
38123 1474 1
142200 133968 1
142200 9948 1
40697 135744 1
40697 22073 1
40697 51142 1
65646 27991 1
13906 48045 1
13906 78662 1
116988 15704 1
152655 52013 1
152655 38863 1
152655 33003 1
92941 153904 1
92941 108909 1
92941 99198 1
68314 52013 1
113954 30863 1
71368 94675 1
71368 8780 1
71368 85372 1
114059 100418 1
114059 70093 1
73159 69232 1
91849 73111 1
40109 15704 1
48698 86170 1
48698 18103 1
48698 3438 1
48698 39837 1
13873 74058 1
13873 35637 1
141513 110896 1
106429 119962 1
106429 154756 1
106429 71344 1
50926 12488 1
50926 53640 1
50926 46631 1
50926 7109 1
19842 123373 1
19842 101239 1
92278 98450 1
92278 135538 1
34609 129388 1
34609 87612 1
34609 133195 1
152417 67907 1
67365 101936 1
67365 62749 1
67365 10625 1
55504 2086 1
10928 124511 1
10928 100228 1
10928 103498 1
82094 129044 1
70104 110787 1
70104 148874 1
70104 21055 1
92097 43486 1
92097 145473 1
92097 18057 1
40784 87874 1
40784 118878 1
98263 141554 1
98263 80858 1
98263 140942 1
95477 82013 1
122955 139571 1
122955 97386 1
122955 142748 1
36497 147450 1
36497 130790 1
36497 41228 1
113389 31982 1
113389 40198 1
113389 15627 1
4671 137990 1
4671 19618 1
4671 107403 1
74140 120708 1
74140 60433 1
74140 10282 1
74140 135736 1
126887 82013 1
126887 64219 1
33377 73111 1
33377 85396 1
33377 111273 1
33377 27557 1
33377 93492 1
6087 11503 1
6087 114248 1
6087 5621 1
6087 13906 1
6087 129408 1
104515 79094 1
37848 103498 1
37848 15704 1
75618 9219 1
106702 150257 1
106702 115576 1
106702 71344 1
106702 34154 1
151960 52340 1
151960 95577 1
151960 147433 1
151960 27849 1
151960 105032 1
142480 129868 1
142480 96977 1
96263 66241 1
96263 129741 1
96263 87201 1
96263 28701 1
96263 99912 1
28269 67907 1
104669 91431 1
104669 16925 1
104669 128986 1
137012 141630 1
137012 71731 1
137012 13938 1
137012 135502 1
133946 34154 1
102481 5800 1
14546 107131 1
14546 100810 1
14546 100026 1
14546 35548 1
46923 137594 1
46923 7887 1
12158 87255 1
134040 125891 1
134040 60770 1
134040 17847 1
75015 34154 1
89704 38864 1
89704 52392 1
89704 8177 1
112596 149972 1
35823 75498 1
35823 63216 1
35823 6418 1
93083 149972 1
64626 92384 1
64626 29607 1
64626 113120 1
147686 132523 1
147686 93283 1
147686 122635 1
147686 98003 1
3780 35922 1
3780 104449 1
3780 106202 1
