81374 90947 1
81374 140121 1
81374 2835 1
81374 154407 1
81374 61705 1
90947 153472 1
90947 81374 1
90947 30901 1
90947 61193 1
90947 144690 1
61705 81374 1
2835 93087 1
2835 134138 1
2835 95363 1
2835 112180 1
2835 132818 1
154407 81374 1
140121 54532 1
140121 54111 1
140121 11694 1
140121 113472 1
140121 122635 1
132818 93833 1
132818 109557 1
132818 144383 1
132818 74162 1
132818 38565 1
153472 124160 1
153472 132977 1
153472 4715 1
153472 111473 1
153472 52190 1
95363 137120 1
95363 132668 1
95363 2835 1
95363 132995 1
95363 52190 1
134138 106630 1
134138 112002 1
134138 2753 1
134138 93777 1
134138 46091 1
11694 88547 1
11694 95594 1
11694 6827 1
11694 25432 1
11694 135087 1
54111 105032 1
54111 79241 1
54111 120063 1
54111 59165 1
54111 45210 1
30901 62290 1
30901 68573 1
30901 11819 1
30901 44607 1
30901 61712 1
112180 87613 1
112180 103098 1
112180 2835 1
112180 74149 1
112180 45952 1
144690 105795 1
144690 114379 1
144690 4862 1
144690 84334 1
144690 39581 1
122635 60305 1
122635 61676 1
122635 107518 1
122635 111489 1
122635 23468 1
54532 154056 1
54532 59491 1
54532 5523 1
54532 151994 1
54532 78094 1
93087 137785 1
93087 140487 1
93087 727 1
93087 124961 1
93087 43020 1
113472 108826 1
113472 147716 1
113472 1845 1
113472 96735 1
113472 48472 1
61193 95793 1
61193 99004 1
61193 5510 1
61193 124117 1
61193 52190 1
107518 122635 1
39581 77933 1
39581 144690 1
84334 101654 1
84334 91223 1
84334 145770 1
84334 103786 1
84334 36653 1
74149 140614 1
74149 71494 1
74149 73258 1
74149 112180 1
74149 152327 1
114379 144690 1
114379 35271 1
114379 52013 1
114379 53729 1
114379 15013 1
62290 35835 1
62290 111274 1
62290 30901 1
62290 31980 1
62290 45518 1
46091 134138 1
105795 113966 1
105795 141373 1
105795 26952 1
105795 70412 1
105795 136750 1
60305 122635 1
44607 30901 1
103098 112180 1
103098 59009 1
11819 30901 1
147716 113472 1
59165 97333 1
59165 77933 1
59165 54111 1
59165 54512 1
59165 97676 1
151994 54532 1
151994 139028 1
151994 14218 1
151994 106619 1
151994 144549 1
135087 11694 1
87613 112180 1
25432 86437 1
25432 11694 1
25432 59508 1
52190 42427 1
52190 46692 1
52190 131168 1
52190 150127 1
52190 12122 1
132977 119669 1
132977 128910 1
132977 5227 1
132977 103421 1
132977 52823 1
78094 104546 1
78094 98291 1
78094 5682 1
78094 110280 1
78094 137225 1
2753 129637 1
2753 127084 1
2753 114820 1
2753 118179 1
2753 114574 1
6827 136250 1
6827 61888 1
6827 52082 1
6827 47607 1
6827 125849 1
93777 134138 1
61676 90973 1
61676 94778 1
61676 2311 1
61676 135757 1
61676 47030 1
1845 124002 1
1845 90386 1
1845 48900 1
1845 132430 1
1845 125364 1
106630 133933 1
106630 151586 1
106630 2215 1
106630 103903 1
106630 52741 1
132668 112065 1
132668 106078 1
132668 40520 1
132668 136397 1
132668 147121 1
48472 113472 1
144383 132818 1
144383 22234 1
144383 41860 1
144383 42276 1
144383 148514 1
88547 95101 1
88547 11694 1
88547 47023 1
111489 59769 1
111489 116426 1
111489 37574 1
111489 101295 1
111489 144046 1
105032 58157 1
105032 63240 1
105032 91743 1
105032 101260 1
105032 33327 1
5510 104543 1
5510 97639 1
5510 62634 1
5510 77896 1
5510 122648 1
79241 54111 1
108826 113472 1
93833 145330 1
93833 134339 1
93833 3311 1
93833 146592 1
93833 47224 1
4862 5682 1
4862 123373 1
4862 52163 1
4862 58027 1
4862 144690 1
4715 74837 1
4715 153472 1
4715 49571 1
137120 89510 1
137120 95363 1
137120 5798 1
137120 74024 1
137120 49101 1
59491 108782 1
59491 144549 1
59491 50450 1
59491 54532 1
59491 94451 1
137785 123118 1
137785 117346 1
137785 51435 1
137785 70716 1
137785 93087 1
140487 97732 1
140487 94956 1
140487 59068 1
140487 81091 1
140487 93087 1
727 108458 1
727 36564 1
727 110066 1
727 8420 1
727 93087 1
124961 97467 1
124961 106387 1
124961 4311 1
124961 92070 1
124961 46685 1
96735 113472 1
96735 58312 1
43020 93087 1
95594 76972 1
95594 69826 1
95594 32959 1
95594 37249 1
95594 49752 1
74162 69750 1
74162 56150 1
74162 37077 1
74162 45426 1
74162 84174 1
124117 151562 1
124117 144178 1
124117 61193 1
124117 66165 1
124117 109939 1
95793 134133 1
95793 135551 1
95793 12122 1
95793 101932 1
95793 91196 1
45210 112735 1
45210 136373 1
45210 3796 1
45210 117999 1
45210 149518 1
132995 62084 1
132995 60103 1
132995 17076 1
132995 95363 1
132995 82710 1
124160 137509 1
124160 86735 1
124160 153472 1
45952 112180 1
109557 132818 1
109557 27574 1
109557 32215 1
109557 49047 1
109557 134988 1
23468 131027 1
23468 101087 1
23468 541 1
23468 122635 1
23468 152724 1
68573 30901 1
5523 35010 1
5523 6861 1
5523 1190 1
5523 32583 1
5523 21791 1
38565 132818 1
38565 50015 1
38565 2894 1
38565 82119 1
38565 100503 1
120063 104546 1
120063 98781 1
120063 21036 1
120063 21266 1
120063 90415 1
99004 60399 1
99004 63634 1
99004 95577 1
99004 105733 1
99004 32751 1
112002 103639 1
112002 58670 1
112002 12890 1
112002 18057 1
112002 34242 1
111473 153472 1
111473 37666 1
154056 140087 1
154056 139743 1
154056 3087 1
154056 139311 1
154056 83271 1
61712 21382 1
61712 125300 1
61712 4427 1
61712 64368 1
61712 108044 1
21036 146270 1
21036 140138 1
21036 4273 1
21036 109525 1
21036 22302 1
98781 94826 1
98781 120449 1
98781 3710 1
98781 83000 1
98781 50847 1
100503 91491 1
100503 139413 1
100503 4088 1
100503 80947 1
100503 46823 1
82119 145031 1
82119 35481 1
82119 38565 1
5227 10712 1
5227 89661 1
5227 55265 1
5227 18719 1
5227 99581 1
2894 38565 1
2894 91472 1
2894 88035 1
2894 145028 1
32751 34889 1
32751 121045 1
32751 13573 1
32751 43712 1
32751 72347 1
59508 71605 1
59508 64574 1
59508 689 1
59508 137768 1
59508 52850 1
141373 105036 1
141373 118785 1
141373 10212 1
141373 93650 1
141373 56087 1
97676 137132 1
97676 131795 1
97676 5874 1
97676 149004 1
97676 53675 1
12122 12887 1
12122 52190 1
12122 7272 1
12122 105036 1
12122 140451 1
63240 153543 1
63240 76501 1
63240 8677 1
63240 152119 1
63240 46151 1
103786 151553 1
103786 107812 1
103786 2747 1
103786 95135 1
103786 41579 1
97333 124068 1
97333 112355 1
97333 8880 1
97333 89259 1
97333 52492 1
77933 81218 1
77933 81107 1
77933 15317 1
77933 108569 1
77933 66069 1
90973 61676 1
90973 876 1
128910 132977 1
124002 92944 1
124002 108374 1
124002 1466 1
124002 88232 1
124002 39089 1
103903 106630 1
103903 98157 1
145770 62170 1
145770 66108 1
145770 112908 1
145770 124872 1
145770 26394 1
60399 107782 1
60399 93531 1
60399 129211 1
60399 60608 1
60399 23402 1
3087 43751 1
3087 141808 1
3087 17925 1
3087 74972 1
3087 20145 1
135757 61676 1
21266 38363 1
21266 95871 1
21266 1636 1
21266 88655 1
21266 52899 1
118179 93833 1
118179 2753 1
118179 64195 1
118179 77798 1
118179 119093 1
59009 152949 1
59009 76380 1
59009 5181 1
59009 148851 1
59009 53953 1
139028 103421 1
139028 114463 1
139028 10417 1
139028 92222 1
139028 55231 1
46692 52190 1
46692 97912 1
46692 80858 1
45518 115742 1
45518 66411 1
45518 153471 1
45518 70420 1
45518 31198 1
132430 100748 1
132430 131175 1
132430 2553 1
132430 85758 1
132430 49131 1
6861 50141 1
6861 25510 1
6861 1981 1
6861 147370 1
6861 19256 1
136750 101956 1
136750 109724 1
136750 3455 1
136750 87707 1
136750 35822 1
26952 129350 1
26952 104786 1
26952 144285 1
26952 57766 1
26952 60886 1
77896 88198 1
77896 5510 1
77896 9745 1
59769 66263 1
59769 105188 1
59769 7295 1
59769 78154 1
59769 118156 1
149518 106841 1
149518 122850 1
149518 2807 1
149518 78134 1
149518 49379 1
71494 142735 1
71494 94535 1
71494 395 1
71494 123939 1
71494 31102 1
114574 138506 1
114574 125976 1
114574 2753 1
114574 108909 1
114574 62291 1
110280 102715 1
110280 139024 1
110280 2965 1
110280 94338 1
110280 41626 1
53729 133714 1
53729 88285 1
53729 3957 1
53729 152393 1
53729 132249 1
61888 92291 1
61888 6827 1
61888 34694 1
61888 70210 1
32959 116301 1
32959 154056 1
32959 7821 1
32959 61619 1
32959 50578 1
63634 144848 1
63634 120288 1
63634 18444 1
63634 99004 1
63634 117741 1
14218 66375 1
14218 41425 1
14218 7588 1
14218 44605 1
14218 107098 1
83271 154056 1
83271 87145 1
83271 5874 1
83271 138804 1
83271 71895 1
5682 88012 1
5682 42976 1
5682 2807 1
5682 142013 1
5682 9690 1
541 23468 1
52082 78754 1
52082 5143 1
52082 6827 1
52082 141513 1
108044 37241 1
108044 142279 1
108044 7144 1
108044 91790 1
108044 127610 1
94956 79492 1
94956 84925 1
94956 97046 1
94956 73407 1
94956 42281 1
90415 146877 1
90415 103373 1
90415 2981 1
90415 149805 1
90415 55669 1
111274 112915 1
111274 144006 1
111274 2924 1
111274 101164 1
111274 44774 1
137225 112514 1
137225 130692 1
137225 2064 1
137225 98310 1
137225 51656 1
144178 78093 1
144178 90636 1
144178 146254 1
144178 69961 1
144178 30859 1
125364 118012 1
125364 130572 1
125364 1845 1
125364 103731 1
125364 55624 1
125849 103037 1
125849 118806 1
125849 5144 1
125849 91346 1
125849 52061 1
150127 64057 1
150127 78068 1
150127 124217 1
150127 129120 1
150127 26383 1
91223 110451 1
91223 84334 1
91223 21007 1
91223 31188 1
91223 66710 1
94778 99820 1
94778 48389 1
94778 63694 1
94778 66514 1
94778 23323 1
91196 121628 1
91196 95793 1
91196 2532 1
91196 128518 1
91196 53805 1
127084 125642 1
127084 136732 1
127084 2236 1
127084 113290 1
127084 51143 1
2311 10849 1
2311 148332 1
2311 119711 1
2311 77980 1
2311 100400 1
106619 140067 1
106619 145473 1
106619 17477 1
106619 154773 1
106619 68611 1
52013 107740 1
52013 66385 1
52013 6723 1
52013 93648 1
52013 83463 1
22234 132703 1
22234 39652 1
22234 1243 1
22234 154454 1
22234 101932 1
48900 49546 1
48900 58310 1
48900 1845 1
48900 96937 1
48900 46450 1
151586 106630 1
18057 59316 1
18057 99003 1
18057 54257 1
18057 96635 1
18057 69250 1
49101 128290 1
49101 114556 1
49101 4598 1
49101 69811 1
49101 48941 1
5798 125118 1
5798 59184 1
5798 604 1
5798 116680 1
5798 46611 1
131168 113606 1
131168 127255 1
131168 6530 1
131168 92034 1
131168 51663 1
84174 118966 1
84174 139347 1
84174 9570 1
84174 102044 1
84174 57609 1
15013 114379 1
52823 66710 1
52823 132977 1
129637 65566 1
129637 2753 1
42276 147010 1
42276 122187 1
42276 5163 1
42276 49209 1
42276 138006 1
145330 93833 1
145330 3838 1
145330 13753 1
145330 46697 1
147121 132668 1
151562 93412 1
151562 100432 1
151562 10087 1
151562 73284 1
151562 45189 1
40520 134138 1
40520 115576 1
40520 4917 1
40520 133422 1
40520 66707 1
119669 140182 1
119669 28 1
119669 132977 1
41860 83771 1
41860 86597 1
41860 4217 1
41860 146884 1
41860 39045 1
95101 121402 1
95101 149463 1
95101 3790 1
95101 130437 1
95101 62754 1
116426 106833 1
116426 116204 1
116426 689 1
116426 88854 1
116426 49069 1
131027 39636 1
131027 23468 1
131027 11780 1
131027 120751 1
131027 70591 1
106078 132668 1
95577 76874 1
95577 81300 1
95577 99004 1
95577 70104 1
95577 47540 1
12890 57172 1
12890 142429 1
12890 17024 1
12890 82891 1
12890 55337 1
105733 104739 1
105733 149085 1
105733 6400 1
105733 88445 1
105733 46194 1
122648 122561 1
122648 109269 1
122648 5510 1
122648 106820 1
122648 78711 1
103639 100991 1
103639 139555 1
103639 5317 1
103639 91431 1
103639 44935 1
89510 116118 1
89510 94441 1
89510 10676 1
89510 148865 1
89510 45210 1
58670 101841 1
58670 79448 1
58670 4143 1
58670 148034 1
58670 58246 1
101654 129076 1
101654 121711 1
101654 12298 1
101654 144929 1
101654 84334 1
136397 35671 1
136397 38941 1
136397 67010 1
136397 71443 1
136397 16357 1
34242 47198 1
34242 119016 1
34242 16017 1
34242 85838 1
34242 129943 1
134339 93833 1
134339 58793 1
134339 34687 1
134339 51733 1
134339 56436 1
98291 128833 1
98291 145937 1
98291 1818 1
98291 88781 1
98291 36138 1
112065 132668 1
37666 92222 1
37666 152344 1
37666 7019 1
37666 124285 1
37666 115144 1
103421 132977 1
103421 19872 1
103421 52340 1
103421 63179 1
103421 139028 1
140087 115630 1
140087 134040 1
140087 2311 1
140087 91933 1
140087 49043 1
139743 127714 1
139743 149761 1
139743 14887 1
139743 113392 1
139743 71883 1
133933 106630 1
125300 119069 1
125300 151810 1
125300 13163 1
125300 93532 1
125300 45518 1
97639 5510 1
136250 55489 1
136250 6827 1
4427 32483 1
4427 148703 1
4427 1162 1
4427 102848 1
4427 99361 1
58157 132665 1
58157 97630 1
58157 57316 1
58157 135761 1
58157 105032 1
64368 87355 1
64368 87756 1
64368 870 1
64368 86703 1
64368 33679 1
152724 68760 1
152724 73610 1
152724 128600 1
152724 137524 1
152724 23657 1
36564 151145 1
36564 121079 1
36564 3647 1
36564 133470 1
36564 38551 1
47607 102398 1
47607 6827 1
47607 12976 1
47607 122526 1
47607 151447 1
139311 126999 1
139311 132627 1
139311 9126 1
139311 113846 1
139311 56319 1
104546 141067 1
104546 109093 1
104546 12040 1
104546 91196 1
104546 47651 1
86437 122648 1
86437 135349 1
86437 3763 1
86437 97932 1
86437 63474 1
70716 134691 1
70716 107487 1
70716 3700 1
70716 143277 1
70716 44956 1
90386 90374 1
90386 134935 1
90386 2189 1
90386 77240 1
90386 42150 1
114820 153386 1
114820 150373 1
114820 3970 1
114820 131233 1
114820 92770 1
42427 68943 1
42427 133848 1
42427 4763 1
42427 142528 1
42427 150875 1
152327 107268 1
152327 113980 1
152327 2666 1
152327 93008 1
152327 58200 1
134988 102335 1
134988 115765 1
134988 5510 1
134988 92103 1
134988 53571 1
36653 145770 1
36653 120440 1
36653 31118 1
36653 84449 1
36653 154163 1
35835 145102 1
35835 150505 1
35835 10919 1
35835 94414 1
35835 82864 1
3796 132260 1
3796 57552 1
3796 287 1
3796 4427 1
3796 125987 1
54512 113858 1
54512 133227 1
54512 5909 1
54512 149425 1
54512 62891 1
35010 58538 1
35010 135295 1
35010 16800 1
35010 149217 1
35010 79056 1
37574 94160 1
37574 38366 1
37574 3790 1
37574 81858 1
37574 144515 1
32583 50574 1
32583 5523 1
32583 77106 1
32583 67717 1
101295 62555 1
101295 73329 1
101295 149316 1
101295 131795 1
101295 35671 1
91743 106097 1
91743 105032 1
91743 5510 1
91743 126494 1
91743 59198 1
31980 94414 1
31980 73364 1
31980 5304 1
31980 97737 1
31980 133570 1
144046 113666 1
144046 122191 1
144046 1586 1
144046 104049 1
144046 62891 1
101260 85242 1
101260 97196 1
101260 9948 1
101260 69742 1
101260 34756 1
33327 41684 1
33327 46054 1
33327 14911 1
33327 145219 1
33327 56087 1
104543 146884 1
104543 5510 1
104543 61224 1
104543 110066 1
62634 114507 1
62634 96869 1
62634 4722 1
62634 132023 1
62634 44028 1
3311 57162 1
3311 136905 1
3311 3188 1
3311 89759 1
3311 49915 1
2215 106630 1
146592 101144 1
146592 115929 1
146592 4598 1
146592 86531 1
146592 58397 1
108782 106104 1
108782 110111 1
108782 5102 1
108782 96525 1
108782 58116 1
47023 127435 1
47023 154064 1
47023 629 1
47023 103357 1
47023 62861 1
47224 93833 1
113966 88094 1
113966 95214 1
113966 2181 1
113966 76792 1
113966 55658 1
123373 107681 1
123373 149650 1
123373 4862 1
123373 89709 1
123373 50345 1
58027 65455 1
58027 119102 1
58027 4582 1
58027 70176 1
58027 39857 1
74837 96148 1
74837 102168 1
74837 18447 1
74837 108982 1
74837 150350 1
35271 98554 1
35271 98654 1
35271 9690 1
35271 150867 1
35271 118941 1
49571 140519 1
49571 120687 1
49571 543 1
49571 122078 1
49571 117912 1
47030 61676 1
47030 12416 1
47030 83987 1
74024 137120 1
74024 89935 1
74024 4254 1
74024 77578 1
74024 41364 1
62084 150262 1
62084 97861 1
62084 3559 1
62084 81486 1
62084 43253 1
50450 62515 1
50450 121425 1
50450 4449 1
50450 115496 1
50450 46532 1
94451 129717 1
94451 134563 1
94451 4384 1
94451 124333 1
94451 60205 1
82710 115648 1
82710 100425 1
82710 6465 1
82710 83364 1
82710 69174 1
123118 113891 1
123118 128007 1
123118 7116 1
123118 106521 1
123118 60319 1
1190 142137 1
1190 57553 1
1190 51841 1
1190 5523 1
1190 67717 1
117346 136879 1
117346 152329 1
117346 7272 1
117346 98132 1
117346 36564 1
51435 60206 1
51435 114370 1
51435 2942 1
51435 120865 1
51435 48862 1
49047 81348 1
49047 75737 1
49047 7295 1
49047 89906 1
49047 42985 1
134133 115840 1
134133 129261 1
134133 10282 1
134133 106521 1
134133 76014 1
97732 125597 1
97732 151992 1
97732 1437 1
97732 91206 1
97732 48328 1
81091 59010 1
81091 65716 1
81091 141422 1
81091 144254 1
81091 23309 1
108458 83531 1
108458 93020 1
108458 138873 1
108458 73309 1
108458 44924 1
8420 123354 1
8420 121959 1
8420 1377 1
8420 13641 1
8420 87813 1
97467 117910 1
97467 153322 1
97467 4862 1
97467 91300 1
97467 61428 1
148514 107740 1
148514 131772 1
148514 7860 1
148514 99742 1
148514 56265 1
73258 58962 1
73258 67916 1
73258 101203 1
73258 117855 1
73258 32628 1
106387 124961 1
106387 27574 1
106387 110064 1
4311 124740 1
4311 79056 1
4311 83058 1
4311 98429 1
4311 124961 1
92070 124961 1
110066 88633 1
110066 97926 1
110066 946 1
110066 73571 1
110066 37077 1
46685 103630 1
46685 124961 1
46685 25236 1
46685 57594 1
46685 75949 1
58312 75645 1
58312 124270 1
58312 3573 1
58312 70142 1
58312 144863 1
52741 106630 1
60103 88635 1
60103 80467 1
60103 1068 1
60103 104560 1
60103 53563 1
76972 82874 1
76972 150988 1
76972 13806 1
76972 90791 1
76972 51140 1
69826 126493 1
69826 75949 1
69826 3647 1
69826 79576 1
69826 42985 1
32215 57509 1
32215 119470 1
32215 112117 1
32215 148922 1
32215 66948 1
37249 72292 1
37249 71015 1
37249 11363 1
37249 72278 1
37249 40753 1
49752 100570 1
49752 138085 1
49752 3760 1
49752 62420 1
49752 143114 1
52163 136775 1
52163 100301 1
52163 4862 1
52163 112567 1
52163 153097 1
69750 101749 1
69750 102003 1
69750 13386 1
69750 74162 1
69750 110430 1
21382 58938 1
21382 92994 1
21382 115576 1
21382 60924 1
21382 84504 1
21791 35015 1
21791 5523 1
50015 38565 1
56150 74332 1
56150 117882 1
56150 7207 1
56150 62537 1
56150 65286 1
59068 122840 1
59068 121968 1
59068 7140 1
59068 63822 1
59068 97040 1
135551 104538 1
135551 121045 1
135551 2835 1
135551 91961 1
135551 41860 1
144549 123719 1
144549 134339 1
144549 13875 1
144549 100388 1
144549 46714 1
37077 38624 1
37077 107630 1
37077 8218 1
37077 149192 1
37077 82317 1
66165 121811 1
66165 71644 1
66165 10586 1
66165 81858 1
66165 63431 1
109939 106408 1
109939 120460 1
109939 2309 1
109939 94922 1
109939 53756 1
140614 101924 1
140614 117417 1
140614 6115 1
140614 91909 1
140614 51092 1
101932 142087 1
101932 121517 1
101932 4335 1
101932 100987 1
101932 57162 1
112735 45210 1
136373 127293 1
136373 130712 1
136373 4427 1
136373 114886 1
136373 51519 1
117999 82205 1
117999 88130 1
117999 2005 1
117999 54848 1
117999 34753 1
17076 33881 1
17076 80863 1
17076 10421 1
17076 68850 1
17076 154012 1
137509 111276 1
137509 126947 1
137509 2923 1
137509 100560 1
137509 45995 1
45426 82198 1
45426 103134 1
45426 124253 1
45426 46950 1
45426 25481 1
86735 147698 1
86735 127939 1
86735 713 1
86735 92594 1
86735 81886 1
27574 143164 1
27574 134083 1
27574 4119 1
27574 95793 1
27574 103686 1
70412 65844 1
70412 154497 1
70412 80861 1
70412 143406 1
70412 35468 1
101087 34609 1
101087 23468 1
101087 30981 1
80863 39523 1
152344 37666 1
152344 12976 1
152344 107762 1
152344 137884 1
82205 117999 1
82205 34753 1
127293 136373 1
94922 109939 1
107630 37077 1
91961 135551 1
46714 41190 1
82317 33170 1
82317 134988 1
82317 75243 1
104538 77656 1
104538 135551 1
1377 71772 1
1377 16284 1
91909 114623 1
91909 140614 1
91909 149761 1
7140 11765 1
122840 59068 1
122840 50345 1
145473 91206 1
145473 144690 1
145473 65060 1
145473 36295 1
117882 46450 1
88285 53729 1
35015 51641 1
84504 130806 1
84504 42455 1
101749 69750 1
101749 31546 1
100301 52163 1
100301 113966 1
82891 72192 1
82891 12890 1
101924 140614 1
62420 91472 1
62420 12040 1
62420 137665 1
62420 145125 1
40753 128493 1
40753 37249 1
72278 96578 1
72278 7272 1
72278 40029 1
107098 71290 1
107098 60973 1
107098 14218 1
107098 123326 1
66948 32215 1
66948 61810 1
66948 104471 1
148922 95714 1
148922 26578 1
148922 32215 1
119470 32215 1
79576 109493 1
79576 123713 1
79576 10006 1
13806 15982 1
13806 125332 1
13806 50824 1
1068 60103 1
1068 31185 1
34753 82205 1
34753 117999 1
70142 58312 1
77106 9446 1
77106 61245 1
3573 58312 1
3573 16908 1
75645 58312 1
75949 15326 1
73571 49209 1
98429 4311 1
110064 106387 1
110064 2683 1
110064 99713 1
142087 61430 1
142087 101932 1
32628 10559 1
32628 140561 1
67916 73258 1
56265 148514 1
91300 80858 1
91300 97467 1
91300 109827 1
110451 7295 1
73309 89704 1
73309 4917 1
65716 62634 1
65716 84174 1
65716 11109 1
65716 124579 1
59010 107812 1
59010 81091 1
91206 97732 1
91206 91472 1
91206 145473 1
124285 120440 1
124285 131226 1
1437 145473 1
1437 97732 1
1437 146884 1
125597 97732 1
76014 150636 1
100388 144549 1
100388 102116 1
115840 134133 1
113858 6161 1
113858 95214 1
112117 32215 1
42985 91646 1
42985 137116 1
48862 51435 1
133570 31980 1
153322 97467 1
60206 143894 1
60206 51435 1
60206 149518 1
98132 21786 1
77240 90386 1
152329 137665 1
152329 93833 1
53756 109939 1
90791 76972 1
136879 117346 1
38624 37077 1
60319 123118 1
60319 101750 1
60319 2942 1
6115 140614 1
106521 134133 1
106521 123118 1
106521 117346 1
120449 143549 1
120449 98781 1
128007 123118 1
128007 122533 1
69174 82710 1
106408 109939 1
83364 82710 1
6465 82710 1
115648 82710 1
60205 94451 1
60205 2710 1
60205 115633 1
123719 144549 1
4384 94451 1
115496 123195 1
46532 75508 1
46532 53026 1
121425 50450 1
62515 79060 1
62515 3795 1
3559 58218 1
3559 152628 1
1818 98291 1
1818 9986 1
41364 74024 1
41364 123713 1
77578 25906 1
77578 74024 1
12416 90440 1
122078 119041 1
98554 3605 1
96148 148017 1
96148 41803 1
96148 48432 1
96148 74837 1
117910 97467 1
65455 58027 1
50345 61889 1
50345 60562 1
89709 32818 1
89709 52345 1
133227 54512 1
72292 110691 1
72292 37249 1
107681 7841 1
107681 55645 1
62861 145473 1
62861 130633 1
62861 8427 1
44924 108458 1
103357 47023 1
129717 147656 1
129717 25049 1
129717 94451 1
58116 108782 1
58397 146592 1
102168 90722 1
86531 150767 1
86531 146592 1
115929 146592 1
115929 37091 1
115929 77690 1
115929 109858 1
101144 118158 1
101144 153117 1
101144 8289 1
96869 118901 1
96869 62634 1
96869 84192 1
114507 73945 1
114507 42148 1
4722 62634 1
4722 16185 1
4722 19872 1
4722 24583 1
61224 67066 1
61224 126400 1
61224 42266 1
14911 33327 1
14911 114313 1
14911 18275 1
41684 43751 1
41684 33327 1
34756 101260 1
69742 102725 1
69742 126285 1
69742 3790 1
69742 101289 1
9948 74461 1
9948 8133 1
9948 113489 1
1243 60260 1
1243 11560 1
85242 6154 1
85242 59075 1
2942 125151 1
2942 60319 1
13641 78969 1
13641 8420 1
104049 127932 1
104049 81908 1
104049 83373 1
104049 85421 1
104049 144046 1
1586 144046 1
122191 144046 1
69961 144178 1
2981 90415 1
2981 123390 1
2981 43751 1
2981 27276 1
2981 100717 1
49069 116426 1
49069 103370 1
49069 61588 1
7207 23608 1
7207 36717 1
7207 56150 1
7207 82999 1
97737 31980 1
5304 45518 1
5304 31980 1
87813 21786 1
87813 8725 1
87813 148757 1
87813 141003 1
126494 112915 1
126494 12590 1
126494 97998 1
126494 70850 1
106097 81091 1
106097 26305 1
39857 72217 1
39857 52154 1
39857 133506 1
149316 50847 1
149316 5536 1
149316 121802 1
73329 41282 1
73329 152119 1
73329 125210 1
97196 101260 1
121811 66165 1
62555 101295 1
62555 77106 1
67717 89937 1
67717 105222 1
67717 32583 1
145219 33327 1
145219 49546 1
145219 87653 1
50574 111435 1
50574 2955 1
50574 50962 1
147698 86735 1
81858 50538 1
81858 23099 1
38366 37574 1
79056 102715 1
79056 83913 1
79056 4311 1
79056 137116 1
58538 126898 1
58538 45108 1
132023 62634 1
62891 54512 1
62891 22179 1
149425 56327 1
149425 54512 1
53563 60103 1
125987 117999 1
125987 102848 1
59198 118721 1
59198 7236 1
59198 112310 1
57552 138125 1
57552 37910 1
57552 82787 1
94414 80416 1
94414 137560 1
94414 34753 1
3188 142172 1
3188 136397 1
3188 49835 1
150505 123154 1
150505 140116 1
150505 1463 1
150505 110560 1
150505 63785 1
149217 123066 1
149217 126576 1
149217 7778 1
149217 108370 1
145102 108395 1
145102 107961 1
145102 35835 1
145102 55835 1
145102 66588 1
74332 151994 1
74332 56150 1
154163 89709 1
154163 70664 1
154163 43878 1
53571 115591 1
53571 134988 1
102335 134988 1
102335 53963 1
102335 110210 1
102335 108308 1
81486 100019 1
81486 40368 1
81486 62084 1
93008 148034 1
93008 1377 1
93008 125037 1
4217 41860 1
2666 152327 1
10282 52040 1
10282 125938 1
10282 151800 1
10282 125336 1
113980 152327 1
113980 105364 1
68943 42427 1
103731 46918 1
103731 150297 1
103731 25202 1
103731 29041 1
103731 125364 1
88094 113966 1
130712 136373 1
3970 114820 1
73610 152898 1
73610 142811 1
73610 134933 1
150373 114820 1
150373 72142 1
42150 131386 1
42150 86582 1
42150 132532 1
543 49571 1
2189 90386 1
134935 90386 1
134935 23468 1
134935 50666 1
107487 70716 1
63474 86437 1
63474 3155 1
3763 64195 1
3763 8623 1
135349 95577 1
135349 30480 1
135349 72182 1
135349 86437 1
93020 144690 1
93020 89709 1
93020 53026 1
75737 49047 1
47651 101841 1
47651 104546 1
138506 114574 1
8218 65088 1
8218 2747 1
8218 114735 1
8218 51475 1
103686 876 1
103686 27574 1
103686 77512 1
103686 102116 1
4449 34687 1
4449 81686 1
141067 104546 1
141067 105892 1
126999 64626 1
126999 139311 1
126999 53506 1
126999 63009 1
126999 67079 1
144863 58312 1
151447 58077 1
151447 64195 1
151447 108950 1
151447 25139 1
57509 99230 1
57509 4311 1
57509 97944 1
122526 110410 1
122526 79132 1
9745 84334 1
9745 92531 1
9745 75949 1
108982 74837 1
102398 154087 1
102398 140091 1
102398 2411 1
102398 96304 1
102398 51435 1
127435 117741 1
127435 7635 1
127435 47023 1
38551 89397 1
38551 4907 1
38551 125867 1
133470 36564 1
56319 63020 1
56319 62899 1
56319 152320 1
3647 18688 1
3647 90728 1
121079 114059 1
121079 128155 1
121079 989 1
121517 130690 1
121517 101932 1
121517 108085 1
151145 149123 1
151145 9064 1
151145 102026 1
151145 154484 1
137524 152724 1
63822 69862 1
63822 59068 1
63822 121158 1
68760 149052 1
68760 3357 1
68760 92696 1
68760 48025 1
80947 91900 1
80947 63694 1
80947 71365 1
80947 100503 1
33679 60773 1
33679 5214 1
33679 58647 1
131175 132430 1
86703 64368 1
86703 9082 1
86703 61676 1
12040 92162 1
87756 64368 1
46054 84422 1
46054 130530 1
46054 4943 1
46054 33327 1
135761 107119 1
135761 120821 1
135761 6161 1
135761 96858 1
135761 51406 1
99361 4427 1
99361 123177 1
1162 127276 1
1162 12545 1
1162 51064 1
1162 24735 1
148703 33650 1
148703 4427 1
32483 4427 1
55489 62156 1
55489 14268 1
55489 113595 1
76792 57162 1
76792 113966 1
93532 45518 1
93532 125300 1
93532 15064 1
93532 39636 1
93532 51772 1
19872 2945 1
19872 131018 1
19872 88353 1
92994 21382 1
97932 86437 1
13163 10919 1
13163 45518 1
151810 125300 1
119069 125300 1
119069 30901 1
113846 139311 1
113392 83271 1
113392 15118 1
113392 122400 1
9126 139311 1
14887 3087 1
14887 139743 1
49043 49571 1
49043 109163 1
132260 115827 1
132260 123066 1
132260 3796 1
91933 112511 1
91933 112514 1
134040 60562 1
134040 88999 1
134040 97944 1
115630 107853 1
115630 100503 1
56436 130530 1
56436 8820 1
78093 121802 1
63179 61810 1
63179 91048 1
52340 75949 1
52340 52190 1
7019 147259 1
97040 59068 1
36138 98291 1
150875 42427 1
145937 62084 1
145937 100019 1
93648 52013 1
71015 37249 1
99820 66335 1
41425 152976 1
41425 13753 1
10087 151562 1
89759 3311 1
89759 104175 1
78068 150127 1
78068 71680 1
138804 148193 1
138804 120751 1
138804 43751 1
138804 83271 1
66411 5112 1
121959 43751 1
121959 86437 1
121959 91743 1
131233 114820 1
131233 2005 1
119711 2311 1
100560 137509 1
150262 112186 1
41626 110280 1
88633 116426 1
2965 110280 1
79448 58670 1
79448 17076 1
139024 110280 1
106104 108782 1
125118 141849 1
125118 5798 1
10212 140182 1
10212 76014 1
10212 54512 1
10212 90715 1
2309 109939 1
2309 30981 1
102715 83367 1
102715 135999 1
127255 131168 1
73284 151562 1
125976 106619 1
125976 32959 1
125976 114574 1
114886 136373 1
123939 3044 1
395 71494 1
6530 131168 1
62537 56150 1
97926 50345 1
97926 54512 1
17477 106619 1
117912 49571 1
122850 149518 1
98310 137225 1
91346 40839 1
91346 18025 1
149085 140561 1
149085 105733 1
4582 58027 1
118156 59769 1
13386 69750 1
104739 105733 1
90374 90386 1
31118 33881 1
31118 89704 1
66263 59769 1
137768 59508 1
137768 19633 1
19256 6861 1
19256 152407 1
44774 31980 1
5102 108782 1
5102 45426 1
100570 49752 1
121968 59068 1
112915 111274 1
112915 137116 1
57594 126493 1
57594 3790 1
60886 26952 1
51519 114379 1
51519 138125 1
44935 152254 1
44935 103639 1
123354 8078 1
101956 108758 1
50578 32959 1
89259 97333 1
94441 49474 1
129261 134133 1
142429 12890 1
35822 66108 1
87707 132392 1
44605 130701 1
154064 47023 1
154064 121158 1
3455 136750 1
4273 21036 1
78711 133454 1
78711 132517 1
61428 97467 1
61428 30029 1
61428 78969 1
34694 88198 1
30981 42094 1
30981 2309 1
30981 136397 1
141808 88723 1
154497 70412 1
154497 48110 1
154497 69912 1
94535 2132 1
94535 71494 1
713 86735 1
44028 62634 1
81886 86735 1
81886 102566 1
127939 86735 1
104560 60103 1
46950 64076 1
46950 98696 1
124253 45426 1
58938 69742 1
58938 21382 1
58938 64820 1
58938 69204 1
38363 21266 1
38363 26238 1
103134 118791 1
103134 2835 1
103134 97926 1
109269 38924 1
82198 45426 1
108374 144485 1
108374 115591 1
108374 111625 1
132703 94063 1
12298 35822 1
12298 22588 1
154012 66707 1
73407 108931 1
34687 125241 1
151553 73481 1
151553 96406 1
85838 34242 1
22302 58964 1
22302 3792 1
144929 101654 1
148034 104538 1
61619 9690 1
98654 35271 1
91431 118791 1
91431 1377 1
91431 90512 1
139347 84174 1
38941 134487 1
3760 70210 1
3760 138085 1
3838 61288 1
125642 127084 1
13753 153466 1
13753 35696 1
16017 34242 1
16017 98011 1
57172 12890 1
106833 95602 1
106833 75949 1
62754 104254 1
37241 108044 1
5144 125849 1
130437 144254 1
95871 148428 1
149463 76313 1
149463 66707 1
149463 30740 1
39045 122070 1
86597 41860 1
86597 124961 1
83771 144254 1
83771 9745 1
83771 41860 1
66707 79576 1
45995 87889 1
87145 15229 1
87145 10006 1
87145 139743 1
121711 101654 1
121711 107853 1
121711 146592 1
142735 112180 1
142735 71494 1
115576 7140 1
115576 62394 1
10849 2311 1
45189 105508 1
45189 94137 1
31198 39636 1
31198 11354 1
31198 26881 1
31198 125300 1
115144 130508 1
115144 135551 1
115144 37666 1
97861 62084 1
100432 93087 1
93412 151562 1
93412 115591 1
106820 139028 1
5163 42276 1
25481 144101 1
62291 114574 1
62291 37465 1
287 94414 1
287 66710 1
287 3796 1
47198 78474 1
47198 34242 1
136905 106097 1
136905 112027 1
136905 5718 1
9570 84174 1
9570 12983 1
9570 32215 1
9570 9799 1
55658 113966 1
92034 131168 1
113606 131168 1
46611 33003 1
69811 49101 1
114556 147918 1
114556 54512 1
99742 148514 1
110111 124281 1
110111 36871 1
110111 108782 1
110111 134068 1
89661 56687 1
99003 77656 1
99003 33327 1
5181 118127 1
5181 150643 1
148865 7588 1
148865 48121 1
128290 49101 1
59316 18057 1
59316 130530 1
124333 50892 1
124333 94451 1
119016 34242 1
88781 98291 1
113290 127084 1
46450 59185 1
58310 48900 1
83000 69750 1
83000 98781 1
85758 64429 1
85758 22849 1
117855 101750 1
117855 73258 1
154454 102498 1
154454 21547 1
154454 74164 1
94338 110280 1
94338 91005 1
147010 42276 1
138006 42276 1
107740 106097 1
107740 32215 1
92103 134988 1
92103 6351 1
92103 7295 1
10712 5227 1
10712 98864 1
10712 144647 1
109093 104546 1
142013 137509 1
142013 46077 1
43253 62084 1
154773 106619 1
154773 13483 1
154773 41299 1
154773 57609 1
604 5798 1
100400 2311 1
148332 2311 1
23323 94778 1
23323 77512 1
146884 37224 1
146884 75949 1
4143 58670 1
4143 144600 1
66514 84504 1
66514 119786 1
66514 69204 1
106841 149518 1
133714 53729 1
64057 150127 1
71644 66165 1
34609 7730 1
34609 112970 1
103037 125849 1
103037 59068 1
132665 2945 1
132665 42150 1
46194 95142 1
46194 105733 1
90636 144178 1
110430 69750 1
39652 41425 1
39652 6480 1
146254 58332 1
7272 118127 1
7272 95363 1
129076 115948 1
55337 12890 1
51656 137225 1
92594 2426 1
92594 4152 1
92594 86735 1
92594 129142 1
3710 98781 1
2064 137225 1
130692 137225 1
2924 111274 1
2924 9181 1
2924 153543 1
55669 90415 1
96635 113660 1
96635 18057 1
149805 90415 1
100425 82710 1
100425 81 1
153097 52163 1
128600 152724 1
128600 28 1
52061 125849 1
3790 122187 1
103373 90415 1
122187 111297 1
122187 3790 1
146877 97385 1
146877 90415 1
118806 125849 1
71895 53860 1
71895 106097 1
71895 107801 1
76380 59009 1
11363 37249 1
97046 94956 1
84925 94956 1
57766 108758 1
57766 136673 1
57766 5510 1
57766 99004 1
57766 48326 1
151992 97732 1
151992 32751 1
7144 50892 1
58200 152327 1
58200 9082 1
2236 127084 1
119102 58027 1
119102 6131 1
119102 11354 1
142279 97230 1
142279 100503 1
141513 45601 1
126947 137509 1
5143 87653 1
121628 84106 1
121628 63149 1
121628 134988 1
121628 118901 1
52492 120109 1
104786 62170 1
104786 26952 1
109724 42985 1
129211 60399 1
144848 110336 1
2923 137509 1
81300 95577 1
96937 2356 1
96937 70176 1
96937 134133 1
111276 137509 1
88232 124002 1
88232 3559 1
116204 62170 1
109525 21036 1
109525 58964 1
51092 140614 1
66108 127128 1
112355 97333 1
88854 145028 1
88854 116426 1
130572 125364 1
92944 21786 1
92944 124002 1
88445 105733 1
88445 110901 1
48941 49101 1
118941 52013 1
41579 103786 1
876 103660 1
876 40014 1
876 17670 1
147370 6861 1
147370 150585 1
88012 136775 1
88012 31958 1
102003 69750 1
95135 83201 1
95135 2785 1
95135 70284 1
95135 38342 1
144515 37574 1
52899 21266 1
80467 60103 1
58246 58670 1
58246 128082 1
70591 94789 1
70591 5096 1
70591 138034 1
70591 66702 1
50141 6861 1
153543 128514 1
153543 2924 1
153543 102379 1
153543 64978 1
70420 125300 1
70420 45518 1
70420 116736 1
35468 128998 1
35468 59198 1
35468 128245 1
74972 117012 1
74972 48485 1
74972 50574 1
81107 77933 1
7860 148514 1
23402 60399 1
52850 59508 1
52850 39695 1
108569 90795 1
108569 77933 1
84449 30384 1
84449 136193 1
84449 11187 1
84449 119672 1
84449 129350 1
15317 131940 1
15317 61867 1
15317 21686 1
15317 16431 1
107782 60399 1
107782 88723 1
78154 119716 1
78154 114669 1
115742 96386 1
115742 4644 1
115742 30501 1
133848 42427 1
8880 97333 1
8880 22810 1
49131 132430 1
49131 129064 1
49131 134413 1
82874 76972 1
126493 85277 1
126493 94905 1
126493 949 1
126493 41860 1
88635 116980 1
88635 60103 1
88635 86724 1
53805 75252 1
53805 91196 1
132249 112397 1
132249 27705 1
132249 53729 1
132249 85778 1
132249 131528 1
95214 128898 1
95214 106442 1
95214 9690 1
95214 107243 1
78754 96890 1
78754 4239 1
78754 139545 1
77980 2311 1
124068 97333 1
83058 140768 1
83058 145989 1
101164 141630 1
101164 89480 1
101164 68169 1
101164 130571 1
18719 148946 1
18719 83166 1
18719 5227 1
18719 153545 1
18719 56737 1
23657 152724 1
23657 131192 1
23657 17883 1
23657 109428 1
23657 90727 1
107268 83971 1
107268 97852 1
107268 7588 1
107268 78400 1
107268 46450 1
2747 8218 1
2747 80308 1
2747 103786 1
91790 108044 1
7116 28756 1
7116 21343 1
7116 3790 1
7116 143678 1
7116 106011 1
93531 60399 1
63694 105183 1
63694 94778 1
118012 87653 1
118012 119000 1
118012 80733 1
118012 39201 1
34889 94734 1
34889 32751 1
135295 114420 1
135295 16800 1
135295 91296 1
66069 77933 1
144254 72439 1
144254 81091 1
144254 60260 1
149192 37077 1
152119 88927 1
152119 92628 1
152119 136535 1
152119 146552 1
152119 49101 1
149650 141103 1
149650 17552 1
149650 123373 1
149650 125849 1
112908 86108 1
112908 3760 1
112908 127414 1
136775 23078 1
136775 97467 1
136775 6175 1
136775 154747 1
136775 118204 1
140067 106619 1
83531 106097 1
83531 141815 1
83531 54345 1
3700 70716 1
3700 94382 1
3700 75838 1
30859 144178 1
39089 124002 1
93650 141373 1
31102 71494 1
66385 48113 1
66385 130690 1
66385 2813 1
66385 79038 1
10421 17076 1
10421 130508 1
115765 109092 1
115765 151345 1
115765 4532 1
115765 96266 1
143164 3780 1
143164 9452 1
143164 27574 1
76501 63240 1
76501 61818 1
129350 124113 1
129350 119962 1
129350 3957 1
129350 154287 1
129350 101295 1
6723 97469 1
6723 134972 1
6723 112765 1
6723 123326 1
4254 74024 1
4254 100343 1
4254 42312 1
4254 48396 1
68850 17076 1
68850 54123 1
140451 12122 1
10417 139028 1
42976 5682 1
145028 138085 1
145028 151447 1
145028 6139 1
145028 117682 1
145028 60555 1
53675 97676 1
53675 3674 1
629 47023 1
47540 117024 1
47540 74776 1
47540 17579 1
47540 83987 1
47540 71422 1
120751 90257 1
120751 1002 1
120751 80414 1
55231 106442 1
55231 14647 1
55231 108085 1
55231 62899 1
150350 102168 1
150350 4435 1
150350 44861 1
81218 77933 1
81218 11837 1
17024 12890 1
82864 108229 1
82864 136373 1
82864 18249 1
82864 35835 1
82864 94261 1
18447 69889 1
18447 64891 1
18447 14546 1
18447 105364 1
18447 82974 1
10676 80962 1
10676 70646 1
10676 97275 1
10676 147908 1
128518 91196 1
120288 133291 1
120288 63634 1
120288 82106 1
134691 70716 1
12887 12122 1
124217 84354 1
124217 88230 1
124217 136750 1
124217 138085 1
114370 93389 1
114370 108087 1
114370 75600 1
102848 87614 1
102848 100562 1
102848 4427 1
102848 70759 1
102848 45463 1
4088 100503 1
62170 54232 1
62170 98176 1
62170 24767 1
128833 98291 1
128833 12416 1
128833 134972 1
128833 118012 1
2532 146000 1
2532 1797 1
2532 60590 1
46151 63240 1
67010 134240 1
67010 61604 1
67010 10006 1
67010 102036 1
101841 127753 1
101841 110119 1
101841 476 1
101841 91921 1
101841 44885 1
1636 21266 1
7588 77788 1
7588 94375 1
94826 113085 1
94826 13360 1
94826 141051 1
2553 132430 1
55624 111225 1
55624 60712 1
55624 125364 1
55624 116391 1
4598 131906 1
4598 25418 1
4598 91893 1
4598 5510 1
4598 75541 1
122561 122523 1
122561 3796 1
122561 108284 1
122561 57552 1
134083 115415 1
134083 27574 1
134083 105733 1
146270 125831 1
146270 116444 1
146270 90205 1
124872 68343 1
124872 145770 1
124872 118003 1
116118 103005 1
116118 110124 1
116118 1566 1
116118 94597 1
116118 46889 1
143277 70716 1
143277 37953 1
66710 114893 1
66710 67289 1
66710 1479 1
66710 50288 1
26383 113743 1
26383 3222 1
26383 128328 1
26383 62754 1
870 8099 1
870 37463 1
870 110604 1
870 101510 1
129943 59455 1
129943 110513 1
129943 20712 1
129943 34242 1
129943 89159 1
129120 150127 1
129120 30029 1
129120 104047 1
129120 113027 1
143406 76540 1
143406 79621 1
143406 139565 1
143406 42546 1
80858 126469 1
80858 107801 1
80858 7344 1
80858 72627 1
80858 36564 1
140138 2807 1
140138 21036 1
89935 74024 1
78134 149518 1
136732 127084 1
51140 67199 1
51140 122874 1
51140 2442 1
51140 140600 1
51140 127131 1
141422 81091 1
689 116426 1
689 59508 1
31188 120796 1
31188 49378 1
31188 7873 1
31188 76108 1
153471 58964 1
153471 54848 1
153471 20373 1
153471 144284 1
153471 147816 1
20145 125941 1
20145 115515 1
20145 1189 1
20145 88347 1
68611 106619 1
120460 109939 1
119093 82577 1
119093 8489 1
119093 118179 1
142137 88578 1
142137 2672 1
142137 82702 1
142137 48625 1
100987 101932 1
46823 152119 1
46823 107243 1
46823 74480 1
46823 47115 1
143114 40173 1
143114 93279 1
143114 10815 1
143114 140361 1
143114 96623 1
50847 98781 1
50847 105032 1
50847 109953 1
138085 49916 1
138085 53868 1
138085 91772 1
138085 97926 1
138085 27395 1
65844 100503 1
65844 119488 1
65844 41133 1
4119 146601 1
4119 27574 1
4119 87008 1
4119 93496 1
4119 48982 1
71605 81580 1
71605 136665 1
71605 871 1
71605 69756 1
71605 36711 1
21007 121565 1
21007 80879 1
21007 8820 1
21007 91346 1
5874 23162 1
5874 36252 1
91491 100503 1
91491 123118 1
33881 31118 1
33881 27627 1
33881 1377 1
33881 104047 1
152393 145031 1
152393 11411 1
145031 121012 1
145031 136397 1
145031 69668 1
98157 101828 1
98157 3838 1
98157 56380 1
10919 13163 1
10919 115716 1
10919 18980 1
4335 70476 1
4335 134826 1
4335 93296 1
132627 139311 1
55265 154325 1
55265 2235 1
55265 150987 1
7821 22085 1
7821 63179 1
7821 7151 1
134563 43768 1
134563 19201 1
134563 148292 1
134563 115291 1
127610 108044 1
102044 84174 1
51841 118965 1
51841 92942 1
51841 1190 1
51841 69925 1
51841 45502 1
131772 49036 1
131772 18542 1
131772 154747 1
131772 134933 1
113666 144046 1
113666 9383 1
35481 80863 1
35481 3774 1
35481 66456 1
100748 96112 1
100748 13457 1
100748 129049 1
99581 123985 1
99581 153128 1
99581 686 1
99581 104249 1
99581 56324 1
112567 122073 1
112567 133139 1
112567 4763 1
112567 59818 1
6400 105733 1
6400 21418 1
91472 99004 1
91472 2894 1
91472 88012 1
7295 97625 1
7295 48145 1
7295 52145 1
7295 51641 1
7295 70425 1
148851 60993 1
148851 59009 1
144006 49932 1
144006 45518 1
144006 13163 1
144006 129465 1
144006 143452 1
51733 153292 1
51733 71770 1
51733 11065 1
51733 101826 1
51733 116672 1
13875 79038 1
13875 144549 1
120865 51435 1
49379 149518 1
107812 97944 1
107812 103786 1
107812 31958 1
57609 72142 1
57609 144378 1
57609 83649 1
57609 126145 1
51663 125907 1
51663 131168 1
116680 5798 1
116680 21947 1
9690 53683 1
9690 103493 1
9690 30358 1
88035 92207 1
88035 121021 1
88035 52565 1
101203 73258 1
101203 4535 1
101203 15289 1
101203 128245 1
44956 70716 1
137132 72384 1
137132 70176 1
137132 147259 1
66375 84918 1
66375 4438 1
66375 104471 1
66375 54111 1
49915 126035 1
49915 125408 1
49915 3311 1
2181 113966 1
150867 140214 1
150867 148173 1
150867 41440 1
116301 32959 1
11780 22243 1
11780 8386 1
11780 37394 1
43751 72264 1
43751 67673 1
43751 72384 1
39636 104115 1
39636 104123 1
39636 101411 1
39636 28929 1
46697 122913 1
46697 145330 1
46697 135339 1
140519 104538 1
140519 32863 1
140519 49571 1
140519 100826 1
138873 109316 1
138873 862 1
138873 1189 1
138873 108458 1
121045 78118 1
121045 93020 1
13573 46944 1
13573 102122 1
13573 4361 1
13573 27729 1
13573 63149 1
58962 73258 1
60608 4453 1
57316 58157 1
57316 130800 1
57316 52172 1
120687 49571 1
88198 95900 1
88198 132762 1
88198 9341 1
88198 80553 1
88198 47121 1
149004 114669 1
149004 50867 1
149004 83717 1
149004 97676 1
83987 118729 1
83987 3352 1
142528 99230 1
142528 42427 1
70104 114464 1
70104 135857 1
70104 1444 1
70104 46157 1
127714 117012 1
127714 63005 1
127714 91905 1
72347 95093 1
72347 139212 1
72347 3210 1
72347 111197 1
72347 50572 1
105036 136582 1
105036 6755 1
108909 95225 1
108909 86777 1
108909 52128 1
118785 141373 1
946 110066 1
946 67829 1
56087 110767 1
56087 141373 1
56087 4277 1
56087 102598 1
56087 47253 1
92222 84174 1
92222 91053 1
92222 37666 1
87355 43139 1
87355 3619 1
87355 117447 1
87355 98166 1
51143 127084 1
73364 153458 1
73364 10937 1
73364 124592 1
16800 110223 1
16800 26209 1
16800 59009 1
83463 52013 1
153386 143699 1
153386 114820 1
42281 55942 1
42281 94956 1
48328 123194 1
48328 65593 1
48328 9553 1
88655 5557 1
88655 133170 1
92770 94025 1
92770 133329 1
92770 4401 1
92770 93487 1
92770 54995 1
64195 105422 1
64195 123354 1
64195 88633 1
76874 31966 1
76874 95577 1
1981 6861 1
5317 139311 1
5317 86437 1
5317 103639 1
150988 76972 1
152949 151397 1
152949 59009 1
81348 49047 1
71883 141677 1
71883 118901 1
71883 111891 1
71883 139743 1
120440 72409 1
120440 124285 1
120440 63902 1
120440 29329 1
35671 107740 1
35671 45411 1
35671 1533 1
35671 49447 1
133422 114152 1
133422 125169 1
133422 8998 1
133422 94234 1
133422 54311 1
8677 119566 1
8677 91245 1
8677 133028 1
8677 63240 1
8677 75162 1
77798 103469 1
77798 118179 1
77798 45302 1
71443 60434 1
71443 104374 1
71443 9943 1
71443 136397 1
71443 94842 1
3957 15434 1
3957 109135 1
3957 3792 1
3957 26780 1
53953 59009 1
53953 2372 1
139413 100503 1
139413 57495 1
2807 93389 1
2807 62933 1
2807 73347 1
2807 93511 1
2807 128539 1
94160 37574 1
18444 63634 1
124270 58312 1
25510 90583 1
25510 3779 1
25510 72613 1
149761 83298 1
149761 112963 1
149761 2540 1
149761 78985 1
149761 41919 1
97912 105530 1
97912 120520 1
97912 4675 1
97912 134658 1
131795 142211 1
131795 3838 1
131795 123194 1
131795 101295 1
92291 119683 1
92291 3790 1
92291 38128 1
121402 95101 1
17925 42275 1
17925 137509 1
17925 3087 1
17925 89585 1
17925 125941 1
