149373 5582 1
149373 86237 1
149373 122572 1
149373 151351 1
149373 38750 1
5582 149373 1
151351 436 1
151351 150933 1
151351 36333 1
151351 83070 1
151351 128276 1
122572 149373 1
86237 149373 1
38750 149373 1
436 413 1
436 26890 1
436 144928 1
436 54355 1
436 21277 1
150933 922 1
150933 9381 1
150933 41892 1
150933 109872 1
150933 38122 1
36333 5607 1
36333 13866 1
36333 54284 1
36333 98263 1
36333 46467 1
83070 12035 1
83070 23430 1
83070 123140 1
83070 103871 1
83070 67437 1
128276 37249 1
128276 151351 1
38122 150933 1
9381 150933 1
13866 989 1
13866 7366 1
13866 44452 1
13866 109925 1
13866 86687 1
922 34973 1
922 150933 1
922 91005 1
922 46157 1
21277 436 1
21277 147389 1
109872 150933 1
67437 83070 1
41892 150933 1
41892 147004 1
41892 47087 1
41892 85623 1
41892 119402 1
54355 436 1
12035 83070 1
144928 436 1
37249 7673 1
37249 24832 1
37249 47395 1
37249 79323 1
37249 91681 1
123140 4310 1
123140 20372 1
123140 62652 1
123140 115996 1
123140 57428 1
413 36992 1
413 57225 1
413 21786 1
413 436 1
413 48870 1
23430 2039 1
23430 21571 1
23430 90142 1
23430 25080 1
23430 141337 1
46467 231 1
46467 129721 1
46467 117742 1
46467 96706 1
46467 93820 1
98263 127205 1
98263 62641 1
98263 89585 1
98263 42152 1
98263 37115 1
54284 114 1
54284 131691 1
54284 44971 1
54284 93227 1
54284 36333 1
5607 36333 1
26890 436 1
26890 100310 1
26890 38807 1
26890 140140 1
26890 56650 1
103871 735 1
103871 26066 1
103871 78742 1
103871 153429 1
103871 72600 1
114 54284 1
37115 2945 1
37115 16679 1
37115 45528 1
37115 115013 1
37115 42435 1
127205 1798 1
127205 132285 1
127205 34148 1
127205 71353 1
127205 120942 1
96706 1798 1
96706 110957 1
96706 98983 1
96706 123023 1
96706 121303 1
117742 4404 1
117742 12253 1
117742 55721 1
117742 133057 1
117742 51155 1
115996 128144 1
115996 123140 1
93820 1117 1
93820 13169 1
93820 135392 1
93820 150778 1
93820 94169 1
141337 4763 1
141337 35738 1
141337 23430 1
85623 705 1
85623 98366 1
85623 33105 1
85623 78930 1
85623 28951 1
147389 1944 1
147389 14466 1
147389 34669 1
147389 117024 1
147389 28816 1
131691 23309 1
131691 112817 1
131691 54284 1
131691 106811 1
147004 1158 1
147004 5251 1
147004 55481 1
147004 126239 1
147004 50045 1
100310 3923 1
100310 126812 1
100310 34694 1
100310 152661 1
100310 142233 1
109925 635 1
109925 7841 1
109925 53926 1
109925 133651 1
109925 29557 1
44971 7289 1
44971 88199 1
44971 134751 1
44971 54284 1
44971 153397 1
7673 37249 1
7673 135763 1
93227 54284 1
86687 13866 1
86687 46435 1
86687 92662 1
86687 145684 1
86687 112210 1
47395 37249 1
24832 37249 1
91681 21481 1
91681 38835 1
91681 87558 1
91681 86694 1
91681 86261 1
4310 14546 1
4310 40388 1
4310 115852 1
4310 91446 1
4310 123140 1
47087 1492 1
47087 15327 1
47087 51641 1
47087 50759 1
47087 33470 1
38807 26890 1
72600 103871 1
140140 578 1
140140 138085 1
140140 47123 1
140140 88184 1
140140 40006 1
153429 20558 1
153429 154454 1
153429 37115 1
153429 103871 1
153429 124641 1
735 103871 1
26066 77352 1
26066 37694 1
26066 103871 1
26066 81468 1
26066 36333 1
78742 103871 1
7366 1484 1
7366 3790 1
7366 9631 1
7366 20820 1
7366 91285 1
79323 37249 1
91005 922 1
91005 141815 1
91005 45802 1
91005 145420 1
91005 37375 1
989 9728 1
989 130060 1
989 13866 1
989 53359 1
989 99618 1
44452 13866 1
48870 413 1
48870 128103 1
48870 35823 1
48870 97926 1
48870 62077 1
62641 279 1
62641 94715 1
62641 49008 1
62641 153007 1
62641 125799 1
46157 734 1
46157 4583 1
46157 39600 1
46157 145982 1
46157 34634 1
36992 413 1
36992 7224 1
36992 113158 1
36992 37333 1
36992 82048 1
25080 23430 1
25080 25447 1
25080 148508 1
25080 51841 1
25080 100486 1
42152 45930 1
42152 98263 1
42152 152707 1
89585 3552 1
89585 16995 1
89585 46784 1
89585 141223 1
89585 39174 1
34973 922 1
34973 4225 1
34973 76306 1
34973 118481 1
34973 85386 1
62652 297 1
62652 151337 1
62652 41739 1
62652 152502 1
62652 34669 1
129721 46467 1
129721 152686 1
57428 123140 1
57225 413 1
57225 9819 1
57225 41005 1
57225 71979 1
57225 35113 1
119402 2771 1
119402 20149 1
119402 153410 1
119402 118729 1
119402 95156 1
21786 413 1
21786 52197 1
21786 92944 1
21786 24770 1
21786 35281 1
20372 123140 1
56650 1356 1
56650 11782 1
56650 50548 1
56650 81872 1
56650 44416 1
2039 23430 1
90142 23430 1
231 23810 1
231 20145 1
231 116612 1
231 15436 1
231 37911 1
21571 7709 1
21571 23430 1
21571 134872 1
21571 137507 1
154454 9748 1
154454 29935 1
154454 64969 1
154454 114469 1
154454 62248 1
38835 9490 1
38835 21855 1
38835 65866 1
38835 86515 1
38835 116869 1
88184 44 1
88184 95000 1
88184 88964 1
88184 138335 1
88184 80173 1
53359 989 1
53359 95798 1
138085 1920 1
138085 97453 1
138085 122474 1
138085 98421 1
138085 73258 1
33470 73177 1
33470 47087 1
635 95841 1
635 35015 1
635 37959 1
635 24313 1
635 21624 1
51641 4311 1
51641 35015 1
51641 95974 1
51641 58992 1
51641 20370 1
1492 46336 1
1492 29863 1
1492 56897 1
1492 47087 1
1492 124774 1
91446 404 1
91446 26887 1
91446 69078 1
91446 128816 1
91446 63993 1
29557 2339 1
29557 146686 1
29557 51985 1
29557 92190 1
29557 139400 1
115852 1854 1
115852 6131 1
115852 37150 1
115852 123916 1
115852 32306 1
95156 21383 1
95156 119402 1
95156 79501 1
124641 448 1
124641 17597 1
124641 55590 1
124641 148321 1
124641 46690 1
578 140140 1
153410 50759 1
153410 119402 1
14546 1842 1
14546 141442 1
14546 60124 1
14546 112605 1
14546 56351 1
46784 6161 1
46784 16604 1
46784 46676 1
46784 78924 1
46784 38184 1
86694 1009 1
86694 13844 1
86694 47638 1
86694 150213 1
86694 38967 1
23810 231 1
87558 4232 1
87558 16440 1
87558 66040 1
87558 131538 1
87558 65926 1
116612 231 1
116612 134145 1
116612 36564 1
116612 73009 1
116612 118584 1
137507 6368 1
137507 151315 1
137507 44458 1
137507 106855 1
137507 41869 1
21481 9137 1
21481 32759 1
21481 91681 1
21481 151759 1
21481 76596 1
62077 2945 1
62077 122474 1
62077 38977 1
62077 97457 1
62077 36300 1
47123 8392 1
47123 21461 1
47123 95072 1
47123 87324 1
47123 83547 1
2945 35 1
2945 37115 1
2945 135339 1
2945 84106 1
2945 79592 1
55481 41821 1
55481 109885 1
55481 147004 1
112210 86687 1
145684 50666 1
145684 135761 1
145684 146399 1
145684 86687 1
145684 90455 1
135763 6052 1
135763 145054 1
135763 44117 1
135763 100273 1
135763 42403 1
15327 133216 1
15327 47087 1
15327 114805 1
134751 213 1
134751 5996 1
134751 36909 1
134751 114936 1
134751 32158 1
152661 3061 1
152661 19055 1
152661 51155 1
152661 123143 1
152661 47311 1
133651 5523 1
133651 145473 1
133651 68411 1
133651 105342 1
133651 143418 1
1117 924 1
1117 36459 1
1117 14877 1
1117 93511 1
1117 141815 1
7841 7048 1
7841 63231 1
7841 11207 1
7841 36313 1
7841 71588 1
98983 657 1
98983 127205 1
98983 38256 1
98983 104593 1
98983 35963 1
279 62641 1
16995 794 1
16995 49378 1
16995 106126 1
16995 129013 1
16995 110825 1
34694 3792 1
34694 16498 1
34694 145028 1
34694 125900 1
34694 133888 1
46435 137360 1
46435 86687 1
152502 2128 1
152502 154195 1
152502 36771 1
152502 97350 1
152502 31473 1
9819 57225 1
126812 489 1
126812 13165 1
126812 49667 1
126812 102181 1
126812 48121 1
50045 147004 1
50045 106508 1
28951 85623 1
133057 14754 1
133057 122157 1
133057 21943 1
133057 92137 1
133057 117742 1
7289 51488 1
7289 48877 1
7289 99947 1
7289 46250 1
7289 28777 1
118729 789 1
118729 119402 1
118729 956 1
118729 83987 1
118729 101374 1
88199 939 1
88199 12024 1
88199 60416 1
88199 131904 1
88199 56815 1
94169 7147 1
94169 118962 1
94169 38370 1
94169 87944 1
94169 123326 1
705 65248 1
705 3780 1
705 19744 1
705 126210 1
705 130891 1
40388 4310 1
40388 76393 1
40388 34813 1
40388 100155 1
40388 124922 1
115013 37115 1
94715 62641 1
100486 1444 1
100486 9759 1
100486 49950 1
100486 133515 1
100486 38939 1
51155 2046 1
51155 151787 1
51155 114463 1
51155 126525 1
51155 123713 1
117024 842 1
117024 140598 1
117024 81088 1
117024 63216 1
117024 47066 1
142233 540 1
142233 22498 1
142233 100310 1
142233 96762 1
142233 95456 1
106811 9042 1
106811 19047 1
106811 45337 1
106811 142466 1
106811 41034 1
7709 2884 1
7709 96000 1
7709 50212 1
7709 83036 1
7709 39070 1
12253 46307 1
12253 43751 1
12253 71045 1
12253 117742 1
110957 1508 1
110957 43013 1
110957 129760 1
110957 104593 1
110957 99538 1
4404 117742 1
23309 1072 1
23309 91646 1
23309 72603 1
23309 98263 1
23309 110097 1
92662 86687 1
141815 1089 1
141815 141513 1
141815 95978 1
141815 82855 1
141815 66479 1
123023 41763 1
123023 96706 1
123023 87612 1
11782 25920 1
11782 48982 1
11782 42078 1
11782 97138 1
11782 153203 1
44416 56650 1
125799 842 1
125799 148926 1
125799 38672 1
125799 110288 1
125799 130032 1
50548 32672 1
50548 152482 1
50548 49051 1
50548 55434 1
50548 56650 1
52197 2023 1
52197 21662 1
52197 124961 1
52197 146117 1
52197 153521 1
35281 659 1
35281 14865 1
35281 128786 1
35281 132952 1
35281 31754 1
20149 119402 1
20149 80029 1
2771 108933 1
2771 45071 1
2771 69685 1
2771 15073 1
2771 18993 1
734 46157 1
45802 13873 1
45802 71895 1
45802 43943 1
45802 100981 1
45802 135916 1
92944 21786 1
92944 128969 1
92944 63033 1
92944 124002 1
41005 5479 1
41005 139506 1
41005 115972 1
41005 152005 1
41005 100991 1
152686 853 1
152686 8687 1
152686 49021 1
152686 123700 1
152686 46560 1
91285 7366 1
91285 141657 1
91285 68021 1
91285 69086 1
41739 806 1
41739 58367 1
41739 41441 1
41739 116934 1
41739 34669 1
152707 900 1
152707 19344 1
152707 43790 1
152707 102557 1
152707 42148 1
1484 35842 1
1484 22483 1
1484 125662 1
1484 7366 1
1484 84198 1
151337 34050 1
151337 129551 1
151337 62652 1
151337 97878 1
151337 108109 1
145420 61730 1
145420 103735 1
145420 68886 1
145420 91005 1
297 66049 1
297 131138 1
297 8870 1
297 117047 1
297 28964 1
112817 1764 1
112817 6679 1
112817 42368 1
112817 94758 1
112817 41022 1
118481 34973 1
99618 989 1
99618 111989 1
99618 88199 1
99618 121464 1
35113 57225 1
76306 1941 1
76306 133031 1
76306 26166 1
76306 105391 1
76306 97632 1
20145 231 1
20145 35584 1
20145 53336 1
20145 52308 1
20145 44432 1
4225 57432 1
4225 26296 1
4225 34973 1
4225 127109 1
4225 105001 1
39174 85 1
39174 110250 1
39174 139784 1
39174 98132 1
39174 108416 1
141223 89585 1
141223 130490 1
141223 98907 1
3552 89585 1
3552 61263 1
3552 123194 1
3552 26173 1
3552 45210 1
25447 2330 1
25447 66030 1
25447 66086 1
25447 95939 1
25447 122495 1
37333 36992 1
34634 6924 1
34634 117783 1
34634 50603 1
34634 46157 1
39600 101450 1
39600 56687 1
39600 43306 1
39600 144676 1
39600 46157 1
4583 64 1
4583 40518 1
4583 46101 1
4583 12756 1
4583 128986 1
153007 62641 1
148508 3333 1
148508 13249 1
148508 62151 1
148508 116659 1
148508 46487 1
49008 1830 1
49008 28776 1
49008 93460 1
49008 138444 1
49008 75789 1
97926 110066 1
97926 95243 1
97926 105222 1
97926 54856 1
97926 43141 1
121303 81759 1
121303 130438 1
121303 82609 1
121303 96706 1
35823 167 1
35823 62154 1
35823 88689 1
35823 39499 1
35823 61231 1
128103 48870 1
128103 125011 1
128103 54847 1
128103 58965 1
128103 95317 1
85386 34973 1
81468 3647 1
81468 17841 1
81468 52215 1
81468 116669 1
81468 50376 1
5251 147004 1
14466 90544 1
14466 43017 1
14466 96605 1
14466 91315 1
14466 147389 1
15436 231 1
15436 48113 1
15436 92840 1
15436 79501 1
15436 28776 1
130060 989 1
9728 989 1
9728 100983 1
9728 143101 1
9728 26737 1
9728 99354 1
9631 5798 1
9631 124740 1
9631 125287 1
9631 47013 1
9631 55842 1
33105 3177 1
33105 85623 1
50759 95 1
50759 134266 1
50759 131192 1
50759 102833 1
50759 71463 1
20820 7366 1
3790 2211 1
3790 151802 1
3790 61619 1
3790 69742 1
3790 61810 1
128144 6723 1
128144 34618 1
128144 126013 1
128144 115996 1
128144 110942 1
145982 46157 1
145982 96845 1
145982 139339 1
145982 78754 1
145982 83547 1
28816 40556 1
28816 147389 1
45930 663 1
45930 94974 1
45930 30538 1
45930 74847 1
45930 131305 1
1158 46698 1
1158 147004 1
53926 7165 1
53926 109925 1
53926 70126 1
53926 20370 1
53926 131395 1
20558 242 1
20558 18367 1
20558 114735 1
20558 148056 1
20558 110233 1
34669 2266 1
34669 89070 1
34669 52897 1
34669 90636 1
34669 42429 1
153397 694 1
153397 4474 1
153397 55904 1
153397 118049 1
153397 48639 1
150778 2311 1
150778 7093 1
150778 42535 1
150778 113404 1
150778 40888 1
1944 147389 1
34148 127205 1
113158 10323 1
113158 106486 1
113158 34829 1
113158 36992 1
113158 92065 1
78930 85623 1
86261 1845 1
86261 15436 1
86261 51586 1
86261 110663 1
86261 43252 1
24770 12040 1
24770 74305 1
24770 130794 1
24770 28776 1
24770 48870 1
45528 37115 1
98366 85623 1
82048 21535 1
82048 130573 1
82048 36992 1
7224 36992 1
7224 66577 1
7224 39636 1
7224 31754 1
7224 66108 1
42435 2218 1
42435 74314 1
42435 111741 1
42435 98240 1
42435 81542 1
35738 141337 1
35738 61862 1
35738 42148 1
126239 5449 1
126239 125037 1
126239 141779 1
126239 100137 1
126239 103558 1
4763 46 1
4763 68469 1
4763 141337 1
4763 35521 1
4763 41110 1
13169 3525 1
13169 12169 1
13169 77089 1
13169 129626 1
13169 143387 1
120942 455 1
120942 17812 1
120942 59002 1
120942 123153 1
120942 58082 1
134872 3421 1
134872 9944 1
134872 42846 1
134872 115501 1
134872 39596 1
132285 73037 1
132285 151662 1
132285 85298 1
132285 93279 1
132285 127205 1
71353 117683 1
71353 127205 1
81872 870 1
81872 133454 1
81872 152322 1
81872 71702 1
81872 56650 1
37694 101256 1
37694 81069 1
37694 103710 1
37694 51221 1
37694 33655 1
40006 50657 1
40006 112817 1
40006 91959 1
40006 151088 1
40006 77327 1
1798 112514 1
1798 23049 1
1798 98598 1
1798 45649 1
1798 12836 1
37911 231 1
51841 862 1
51841 7000 1
51841 43238 1
51841 125230 1
51841 42241 1
55721 117742 1
3923 154168 1
3923 114623 1
3923 70543 1
3923 100310 1
71979 57225 1
71979 110496 1
77352 4135 1
77352 8853 1
77352 59166 1
77352 98385 1
77352 57840 1
37375 152628 1
37375 91005 1
37375 129429 1
37375 43398 1
1356 29329 1
1356 71631 1
1356 56650 1
1356 118003 1
1356 92278 1
16679 37115 1
135392 15774 1
135392 26394 1
135392 61933 1
135392 119990 1
135392 56205 1
138444 49008 1
116659 148508 1
62151 134751 1
62151 148508 1
13249 148508 1
3333 148508 1
144676 39600 1
6161 46784 1
6161 135761 1
2046 51155 1
47311 152661 1
122495 25447 1
26173 3552 1
26173 76108 1
110942 128144 1
61263 39174 1
98907 141223 1
130490 141223 1
43252 86261 1
105222 97926 1
105222 28604 1
98132 43013 1
35584 35963 1
139784 39174 1
36909 89585 1
36909 134751 1
123194 3061 1
61810 133888 1
41110 4763 1
57432 11389 1
52308 14668 1
52308 42535 1
53336 81872 1
92840 15436 1
92840 141513 1
26166 76306 1
126013 152322 1
126013 128144 1
121464 73258 1
111989 99618 1
32158 134751 1
94758 112817 1
117047 297 1
148321 34669 1
148321 124641 1
66049 297 1
66049 29896 1
32306 115852 1
68886 95260 1
68886 145420 1
131138 297 1
103735 145420 1
5798 81872 1
108109 151337 1
38977 62077 1
84198 1484 1
84198 110993 1
129551 151337 1
102557 152707 1
41441 41739 1
126210 705 1
126210 130891 1
58367 41739 1
97878 151337 1
97878 96054 1
68021 167 1
141657 95 1
36313 7841 1
37959 635 1
37959 100991 1
924 1117 1
71702 1117 1
106126 16995 1
46560 152686 1
58082 120942 1
49021 152686 1
7048 7841 1
8687 152686 1
21855 38835 1
73009 116612 1
115972 41005 1
1764 112817 1
19047 106811 1
135916 45802 1
100981 119902 1
32672 11134 1
71895 45802 1
71895 150778 1
154195 152502 1
13873 100981 1
18993 2771 1
15073 71702 1
45071 2771 1
40518 989 1
125287 9631 1
43790 6218 1
43790 152707 1
132952 35281 1
35015 635 1
55590 124641 1
14865 35281 1
28776 1072 1
794 16995 1
24313 635 1
28964 297 1
43306 10196 1
43306 39600 1
130032 7933 1
49378 16995 1
110288 125799 1
38672 125799 1
93460 49008 1
25920 100310 1
128786 50939 1
38256 98983 1
42078 39070 1
153203 40006 1
82855 129760 1
82855 141815 1
141513 1798 1
1089 55797 1
110097 23309 1
110097 54284 1
63993 91446 1
76596 21481 1
16498 34694 1
956 98598 1
956 48121 1
900 152707 1
51488 149972 1
36300 62077 1
12169 13169 1
83547 51641 1
97453 138085 1
1941 76306 1
2211 13021 1
133031 7113 1
133031 54284 1
81088 688 1
81088 16761 1
81088 46235 1
90455 55462 1
110496 115892 1
110496 132518 1
100273 135763 1
43013 98132 1
43013 40006 1
114805 54914 1
2330 1243 1
2330 25447 1
2330 46467 1
694 111741 1
694 153397 1
74314 42435 1
110825 85 1
62154 1123 1
3780 44 1
3780 49501 1
125662 1484 1
125662 23976 1
125662 94952 1
37150 115852 1
139400 29557 1
60416 7841 1
60416 88199 1
46101 2986 1
46101 7828 1
46101 112525 1
46101 117227 1
43238 51841 1
56687 18666 1
56687 46708 1
56687 42173 1
3525 87121 1
3525 12576 1
3525 13169 1
657 98983 1
657 82822 1
55434 31115 1
55434 27399 1
91646 124002 1
91646 52758 1
42403 135763 1
123153 62604 1
862 71680 1
862 31140 1
44 3780 1
44 49047 1
9042 106811 1
110250 9082 1
110250 145861 1
110250 26383 1
43398 152628 1
46690 124641 1
146686 29557 1
8853 77352 1
69086 2835 1
69086 91285 1
69086 56546 1
74847 45930 1
62248 154454 1
16440 140314 1
16440 35862 1
98240 147049 1
489 126812 1
49667 126812 1
145473 123194 1
129013 16995 1
129013 114722 1
14754 98983 1
14754 30492 1
55904 153397 1
99538 109929 1
99538 26504 1
99947 7109 1
99947 51488 1
41869 137507 1
128986 4583 1
128986 126469 1
102181 113217 1
3421 134872 1
3421 61574 1
939 88199 1
35963 8725 1
35963 33359 1
35963 141677 1
49051 43096 1
49051 124002 1
12024 88199 1
36564 131538 1
43141 97926 1
75789 49008 1
81759 1798 1
81759 153597 1
81759 96154 1
167 145813 1
151088 253 1
151088 5044 1
151088 113162 1
146399 11831 1
34829 113158 1
34829 84562 1
123713 842 1
29329 1356 1
97350 152502 1
125011 128103 1
21943 110621 1
152005 3647 1
151759 21481 1
17841 81468 1
663 45930 1
100155 40599 1
2218 42435 1
50376 81468 1
91315 14466 1
47013 635 1
68411 133651 1
48113 129760 1
48113 28776 1
12756 4583 1
12756 130891 1
13165 92065 1
143101 1246 1
143101 98236 1
124740 4311 1
124740 43096 1
35842 1484 1
35842 35823 1
42241 51841 1
66108 436 1
66108 100310 1
110233 20558 1
110233 135763 1
46698 1158 1
6723 2023 1
34618 33377 1
34618 128144 1
70543 93389 1
148926 125799 1
102833 50759 1
59002 120942 1
78754 2884 1
52215 81468 1
52897 34669 1
4474 153397 1
118049 153397 1
48639 153397 1
17812 120942 1
85298 963 1
54847 44 1
68469 4763 1
84106 51155 1
98421 4598 1
61619 3790 1
7093 150778 1
92065 97926 1
51586 86261 1
51586 51155 1
105391 76306 1
49950 100486 1
110663 86261 1
101256 37694 1
103710 7795 1
135761 2945 1
41821 40518 1
134266 1845 1
4232 87558 1
404 91446 1
61862 35738 1
15774 135392 1
111741 694 1
38939 100486 1
90636 95905 1
46 4763 1
455 120942 1
56897 870 1
56897 33131 1
143387 13169 1
42846 134872 1
39596 134872 1
61730 146506 1
23049 1508 1
23049 87944 1
1845 36992 1
1845 61231 1
33655 37694 1
50657 39136 1
77327 40006 1
40888 150778 1
806 138279 1
22483 1484 1
22483 69359 1
98598 956 1
124774 100991 1
124774 41040 1
63231 7841 1
45649 1798 1
659 35281 1
12836 1798 1
12836 108984 1
7000 51841 1
116669 81468 1
18367 17275 1
18367 20558 1
125230 51841 1
125230 81759 1
61231 1845 1
94974 45930 1
4135 77352 1
6368 137507 1
59166 77352 1
46487 148508 1
112514 167 1
32759 21481 1
3061 144809 1
77089 13169 1
26394 3177 1
61933 135392 1
1854 115852 1
50212 7709 1
119990 135392 1
56205 135392 1
114936 134751 1
13844 86694 1
64969 154454 1
95974 51641 1
145054 135763 1
143418 133651 1
143418 51155 1
65926 87558 1
87324 7795 1
38967 86694 1
92137 14754 1
19744 705 1
36771 152502 1
58992 30842 1
141442 14546 1
125900 34694 1
48877 7289 1
131904 88199 1
4311 635 1
1842 35912 1
19055 152661 1
42368 14754 1
42368 92137 1
2339 29557 1
96000 7709 1
11207 7841 1
11207 57225 1
128816 91446 1
44458 1243 1
14877 1117 1
14877 90838 1
114623 6118 1
21624 635 1
21624 44458 1
51985 47993 1
73177 33470 1
9490 38835 1
2128 152502 1
69078 91446 1
86515 38835 1
116869 38835 1
118003 43096 1
17597 124641 1
34050 151337 1
29935 154454 1
133888 34694 1
42535 2023 1
7147 42312 1
7147 94169 1
1830 49008 1
47638 86694 1
65866 38835 1
9748 154454 1
41022 112817 1
9137 21481 1
108933 2771 1
108933 84106 1
35 2945 1
853 152686 1
71631 64 1
123700 152686 1
148056 20558 1
78924 46784 1
28777 7289 1
38184 89585 1
38184 61263 1
38184 46784 1
29863 1492 1
29863 49501 1
60124 14546 1
98385 77352 1
448 124641 1
131305 45930 1
1920 138085 1
80173 67970 1
83036 7709 1
122474 62077 1
122474 138085 1
122474 48124 1
26887 91446 1
123143 152661 1
151802 3790 1
6131 5449 1
44117 38447 1
123916 115852 1
95841 635 1
95841 114463 1
6679 112817 1
95 3502 1
71588 7841 1
71588 95072 1
21662 3790 1
45337 106811 1
118584 116612 1
114469 154454 1
151662 1245 1
57840 77352 1
213 134751 1
89070 103558 1
1009 86694 1
66040 88306 1
46250 7289 1
56351 14546 1
9944 134872 1
116934 41739 1
134145 116612 1
79592 2945 1
79592 43490 1
16604 46784 1
16604 61263 1
150213 86694 1
131538 3647 1
56815 100983 1
118962 94169 1
151315 137507 1
114463 32672 1
114463 63507 1
93511 1117 1
93511 100206 1
38370 94169 1
123326 1508 1
123326 127205 1
65248 705 1
1444 100486 1
95939 25447 1
130891 705 1
45210 3552 1
76393 40388 1
112605 14546 1
36459 1117 1
34813 40388 1
95000 88184 1
3647 152005 1
3647 36564 1
151787 51155 1
124922 253 1
133515 2945 1
66030 16349 1
66030 81225 1
91959 36 1
91959 59184 1
91959 97483 1
126525 12813 1
126525 51155 1
126525 42918 1
842 526 1
842 17246 1
842 153296 1
842 70296 1
106855 76075 1
106855 137507 1
124961 1594 1
124961 43616 1
124961 93913 1
124961 141003 1
140598 25387 1
140598 66881 1
140598 129429 1
48982 11209 1
48982 122951 1
63216 4427 1
63216 35823 1
47066 117024 1
47066 153270 1
47066 105364 1
47066 34669 1
108416 39174 1
108416 61263 1
108416 46784 1
108416 50892 1
540 114379 1
540 24554 1
540 23783 1
22498 152588 1
22498 113450 1
22498 63451 1
95456 4057 1
95456 15550 1
95456 60399 1
95456 113826 1
95456 54181 1
30538 3020 1
30538 77171 1
30538 124317 1
142466 106811 1
41034 93160 1
41034 106811 1
7165 145011 1
7165 146673 1
7165 134053 1
128969 6581 1
128969 62322 1
128969 59196 1
19344 152707 1
129626 9654 1
129626 72439 1
129626 43096 1
129626 67827 1
81069 2032 1
81069 8571 1
81069 47565 1
2884 1202 1
2884 8638 1
2884 48145 1
2884 75614 1
42148 2014 1
42148 23141 1
42148 83213 1
42148 136841 1
46307 2677 1
46307 12253 1
46307 80768 1
46307 141635 1
46307 43986 1
43751 23909 1
43751 75468 1
43751 88972 1
35521 4763 1
39636 287 1
39636 131027 1
39636 20593 1
39636 100991 1
154168 3917 1
154168 50958 1
154168 118810 1
71045 11682 1
71045 59231 1
71463 558 1
71463 13866 1
71463 62754 1
71463 55091 1
1508 110957 1
1508 19113 1
8870 297 1
129760 122893 1
129760 67667 1
129760 95043 1
129760 31184 1
