144069 73139 1
73139 109386 1
73139 129860 1
73139 140724 1
73139 124955 1
73139 76282 1
109386 73139 1
76282 73139 1
124955 73139 1
129860 73139 1
140724 127110 1
140724 120663 1
140724 99051 1
140724 128188 1
140724 153204 1
127110 25655 1
127110 140724 1
128188 100064 1
128188 97372 1
128188 80000 1
128188 101661 1
128188 135238 1
120663 154161 1
120663 133520 1
120663 116619 1
120663 140724 1
120663 124852 1
99051 140724 1
153204 71107 1
153204 140724 1
153204 149457 1
133520 120663 1
154161 120663 1
149457 131766 1
149457 115248 1
149457 105696 1
149457 133171 1
149457 153204 1
97372 128188 1
124852 120663 1
25655 54997 1
25655 26228 1
25655 138763 1
25655 109945 1
25655 87149 1
71107 149457 1
71107 125706 1
71107 30564 1
71107 73532 1
71107 150463 1
100064 128188 1
100064 150500 1
100064 19590 1
100064 75571 1
100064 40697 1
80000 128188 1
116619 144821 1
116619 128554 1
116619 120663 1
116619 125750 1
116619 121079 1
101661 128188 1
135238 128188 1
144821 116619 1
40697 133968 1
40697 51142 1
40697 135744 1
40697 138578 1
40697 101750 1
75571 52881 1
75571 91288 1
75571 99354 1
75571 100064 1
19590 100064 1
30564 149457 1
30564 71107 1
150463 71107 1
87149 139420 1
87149 124636 1
87149 83354 1
87149 150376 1
87149 101448 1
109945 153507 1
109945 144734 1
109945 76799 1
109945 152323 1
109945 95243 1
26228 22612 1
26228 25655 1
26228 90583 1
131766 149457 1
125750 52876 1
125750 116619 1
150500 100064 1
125706 115230 1
125706 126374 1
125706 90311 1
125706 115770 1
125706 136779 1
105696 149457 1
115248 149457 1
73532 71107 1
73532 149457 1
133171 149457 1
138763 99057 1
138763 130563 1
138763 86996 1
138763 135445 1
138763 120896 1
54997 25655 1
54997 139126 1
54997 90415 1
121079 115371 1
121079 111181 1
121079 99820 1
121079 116619 1
121079 117891 1
128554 37197 1
128554 149073 1
128554 56212 1
128554 112318 1
128554 88856 1
112318 98803 1
112318 90853 1
112318 82621 1
112318 102247 1
112318 136606 1
56212 101602 1
56212 70863 1
56212 77892 1
56212 87099 1
56212 90878 1
149073 121280 1
149073 109004 1
149073 94060 1
149073 124205 1
149073 144649 1
37197 95224 1
37197 91957 1
37197 153236 1
37197 77692 1
37197 62890 1
117891 107298 1
117891 129720 1
117891 97234 1
117891 114059 1
117891 135339 1
90415 115518 1
90415 130488 1
90415 95453 1
90415 129991 1
90415 102889 1
86996 149247 1
86996 121935 1
86996 64353 1
86996 113334 1
86996 133285 1
99057 138763 1
115770 114619 1
115770 125706 1
136779 125706 1
90311 125706 1
111181 132025 1
111181 42932 1
111181 32539 1
111181 97632 1
111181 121079 1
88856 104009 1
88856 94515 1
88856 125975 1
88856 149073 1
88856 132564 1
135445 138763 1
126374 89070 1
126374 86949 1
126374 77330 1
126374 98208 1
126374 143451 1
95243 104629 1
95243 124242 1
95243 92308 1
95243 126864 1
95243 114893 1
144734 116896 1
144734 33945 1
144734 5214 1
144734 45627 1
144734 103729 1
22612 34021 1
22612 146270 1
22612 83025 1
22612 65513 1
22612 131070 1
153507 148570 1
153507 142581 1
153507 135017 1
153507 148758 1
153507 154355 1
101448 87149 1
138578 122909 1
138578 108485 1
138578 100727 1
138578 125710 1
138578 149327 1
115230 125706 1
115371 130473 1
115371 121456 1
115371 100019 1
115371 124714 1
115371 141051 1
52876 116619 1
52876 92531 1
52876 93534 1
52876 116734 1
52876 94565 1
76799 106542 1
76799 108002 1
76799 34005 1
76799 109945 1
76799 40076 1
150376 87149 1
83354 2325 1
83354 135295 1
83354 57162 1
83354 130147 1
83354 105147 1
99820 140742 1
99820 128597 1
99820 95297 1
99820 114248 1
99820 142840 1
124636 7383 1
124636 87149 1
120896 83971 1
120896 138763 1
152323 143909 1
152323 133352 1
152323 73457 1
152323 112872 1
152323 105113 1
99354 126041 1
99354 67770 1
99354 10175 1
99354 134605 1
99354 132871 1
133968 142200 1
133968 42818 1
133968 16434 1
133968 73467 1
133968 98722 1
139420 1774 1
139420 64775 1
139420 87149 1
139420 95083 1
91288 103534 1
91288 32111 1
91288 7867 1
91288 74032 1
91288 152123 1
90583 118573 1
90583 151445 1
90583 79061 1
90583 146328 1
90583 106494 1
139126 93445 1
139126 134301 1
139126 69673 1
139126 148908 1
139126 128942 1
51142 87640 1
51142 40697 1
51142 10479 1
51142 124367 1
51142 102137 1
52881 67112 1
52881 28787 1
52881 99838 1
52881 76866 1
52881 87672 1
130563 138763 1
135744 38861 1
135744 40697 1
135744 106022 1
101750 135470 1
101750 117855 1
101750 94156 1
101750 122671 1
101750 154612 1
135295 111362 1
135295 148487 1
135295 149143 1
135295 69118 1
135295 117216 1
2325 95073 1
2325 84861 1
2325 146171 1
2325 6755 1
2325 51956 1
87099 13754 1
87099 56212 1
87099 63996 1
40076 152907 1
40076 143081 1
40076 144692 1
40076 114546 1
40076 83385 1
106542 90939 1
106542 117352 1
106542 75307 1
106542 91342 1
106542 127886 1
149327 138578 1
34005 59967 1
34005 44187 1
34005 11568 1
34005 154538 1
34005 76799 1
144649 149073 1
95297 99820 1
134301 3079 1
134301 5257 1
134301 47858 1
134301 139126 1
94565 52876 1
94565 72022 1
5214 41133 1
5214 112659 1
5214 115270 1
5214 105342 1
5214 27111 1
93534 136987 1
93534 106712 1
93534 111238 1
93534 104301 1
93534 117821 1
74032 91288 1
141051 118456 1
141051 70300 1
141051 32751 1
141051 94826 1
141051 138736 1
100019 154228 1
100019 154747 1
100019 63655 1
100019 135381 1
100019 92241 1
121456 137706 1
121456 130538 1
121456 46591 1
121456 100394 1
121456 87810 1
124242 146688 1
124242 133654 1
124242 34308 1
124242 82967 1
124242 64539 1
125710 138578 1
108002 114752 1
108002 138400 1
108002 85523 1
108002 115783 1
108002 125814 1
100727 69766 1
100727 138578 1
42818 133968 1
42818 64088 1
42818 60911 1
108485 138578 1
108485 111246 1
132564 35551 1
132564 88856 1
122909 114086 1
122909 138578 1
154355 19705 1
154355 105250 1
154355 122430 1
154355 153507 1
154355 152661 1
34021 22612 1
124367 15430 1
124367 150784 1
124367 51142 1
124367 101720 1
124367 51507 1
103729 113672 1
103729 107541 1
103729 87610 1
103729 151351 1
103729 121596 1
102137 51142 1
148570 153507 1
16434 133968 1
104629 7894 1
104629 70919 1
104629 95243 1
133285 101607 1
133285 131944 1
133285 78838 1
133285 144955 1
133285 125246 1
106022 56087 1
106022 135744 1
106022 133312 1
126864 95243 1
98208 118137 1
98208 125052 1
98208 16753 1
98208 78789 1
98208 43447 1
143451 1106 1
143451 122099 1
143451 49008 1
143451 85195 1
143451 60917 1
129720 96996 1
129720 150731 1
129720 78789 1
129720 136041 1
129720 134381 1
92308 95243 1
92308 144645 1
92308 68760 1
92308 87649 1
92308 82700 1
77330 126374 1
114248 133650 1
114248 131538 1
114248 100931 1
114248 133755 1
114248 121848 1
133352 152323 1
62890 114644 1
62890 88259 1
62890 116697 1
62890 64087 1
62890 67317 1
153236 37197 1
102889 90415 1
151445 90583 1
130473 38469 1
130473 115371 1
131070 22612 1
132025 111181 1
95224 37197 1
32539 111181 1
69673 139126 1
152123 91288 1
122671 101750 1
86949 25259 1
86949 37658 1
86949 65143 1
86949 126374 1
86949 75017 1
99838 52881 1
77692 37197 1
33945 114871 1
33945 105068 1
33945 46848 1
33945 37554 1
33945 95974 1
105147 148234 1
105147 150223 1
105147 92728 1
105147 121202 1
105147 151495 1
128597 99820 1
130147 110303 1
130147 105301 1
130147 90897 1
130147 112749 1
130147 139861 1
7383 86996 1
7383 38135 1
7383 154182 1
7383 60074 1
7383 17258 1
129991 146399 1
129991 139995 1
129991 64163 1
129991 120294 1
129991 110890 1
104009 37197 1
104009 88856 1
10479 51142 1
28787 60352 1
28787 52881 1
126041 83435 1
126041 154300 1
126041 99935 1
126041 153399 1
126041 138578 1
113334 116740 1
113334 117022 1
113334 45179 1
113334 85550 1
113334 77814 1
10175 99354 1
10175 99099 1
10175 109839 1
73457 90468 1
73457 116048 1
73457 124348 1
73457 148454 1
73457 146153 1
1774 66013 1
1774 36782 1
1774 91346 1
1774 129943 1
1774 52863 1
67770 40474 1
67770 117149 1
67770 95618 1
67770 99354 1
67770 100983 1
134605 99354 1
83971 81381 1
83971 81456 1
83971 35884 1
83971 60023 1
83971 53150 1
132871 95177 1
132871 134751 1
132871 84277 1
132871 95800 1
132871 120667 1
112872 152323 1
45627 122298 1
45627 69378 1
45627 127143 1
45627 130038 1
45627 49627 1
148908 1798 1
148908 139126 1
148908 27918 1
148908 101554 1
148908 97494 1
38861 135744 1
149247 86996 1
149247 74480 1
149247 32915 1
149247 118706 1
149247 122014 1
90853 16995 1
90853 102848 1
90853 97057 1
90853 112318 1
90853 136835 1
98722 34988 1
98722 45096 1
98722 133968 1
98722 100868 1
109004 149073 1
142200 100438 1
142200 83373 1
142200 37115 1
142200 133968 1
142200 147259 1
93445 12410 1
93445 139126 1
64775 132296 1
64775 153672 1
64775 111911 1
64775 90699 1
64775 142074 1
103534 91288 1
103534 114463 1
103534 82773 1
103534 115800 1
103534 103718 1
7867 91288 1
118573 7109 1
118573 90583 1
118573 104115 1
142840 42733 1
142840 97536 1
142840 99820 1
142840 135877 1
142840 114717 1
79061 90583 1
79061 87190 1
79061 32198 1
79061 140129 1
79061 50503 1
146328 115431 1
146328 153631 1
146328 102584 1
146328 115479 1
146328 144176 1
87640 51142 1
140742 2051 1
140742 150933 1
140742 89309 1
140742 118146 1
140742 99820 1
67112 52881 1
67112 60352 1
67112 73312 1
57162 109389 1
57162 58020 1
57162 40661 1
57162 134946 1
57162 74004 1
94515 37197 1
94515 88856 1
128942 60924 1
128942 111225 1
128942 128265 1
128942 139126 1
32111 91288 1
32111 109028 1
32111 132871 1
105113 135001 1
105113 152323 1
114619 123038 1
114619 140561 1
114619 106762 1
114619 130214 1
114619 115959 1
76866 117809 1
76866 96871 1
76866 139672 1
76866 77863 1
76866 148051 1
64353 21185 1
64353 62380 1
64353 86996 1
64353 89371 1
135470 101750 1
121935 88142 1
121935 83467 1
121935 40271 1
121935 115742 1
121935 153397 1
42932 43008 1
42932 111181 1
42932 68495 1
117855 67756 1
117855 73258 1
117855 101750 1
154612 101750 1
146270 21036 1
146270 125831 1
146270 47314 1
146270 90205 1
146270 50450 1
130488 130320 1
130488 126951 1
130488 52421 1
130488 103390 1
130488 90415 1
125975 8736 1
125975 99361 1
125975 62890 1
125975 88856 1
125975 71390 1
124714 52057 1
124714 52340 1
124714 19724 1
124714 108950 1
124714 33003 1
115518 121031 1
115518 139069 1
115518 65614 1
115518 110389 1
115518 98263 1
142581 3795 1
142581 119516 1
142581 38415 1
142581 63694 1
142581 46219 1
89070 125844 1
89070 116355 1
89070 132615 1
89070 126830 1
89070 133945 1
143909 111362 1
143909 152323 1
143909 98617 1
143909 149085 1
143909 140782 1
114059 77904 1
114059 80716 1
114059 37115 1
114059 53396 1
114059 50089 1
90878 147147 1
90878 84703 1
90878 56212 1
90878 67199 1
90878 66707 1
73467 133968 1
73467 139506 1
73467 103019 1
73467 146254 1
73467 153012 1
82621 32267 1
82621 51282 1
82621 71344 1
82621 112318 1
82621 125058 1
106494 3981 1
106494 44863 1
106494 62499 1
106494 90583 1
94156 137334 1
94156 139540 1
94156 50094 1
94156 99869 1
94156 153097 1
124205 46861 1
124205 103922 1
124205 149073 1
114893 146903 1
114893 142408 1
114893 74237 1
114893 108612 1
114893 96474 1
87672 52881 1
87672 59323 1
101602 60769 1
101602 49899 1
101602 20417 1
101602 111205 1
101602 148495 1
116734 52876 1
136606 106279 1
136606 146168 1
136606 85895 1
136606 106539 1
136606 137158 1
121280 114741 1
121280 144976 1
121280 84977 1
121280 117605 1
121280 130079 1
95083 115935 1
95083 45464 1
95083 11120 1
95083 94418 1
95083 124056 1
102247 45052 1
102247 112318 1
102247 87235 1
102247 138969 1
102247 128055 1
135339 117569 1
135339 122400 1
135339 43597 1
135339 74140 1
135339 66881 1
70863 56212 1
70863 98927 1
91957 93590 1
91957 152061 1
91957 86325 1
91957 125975 1
91957 154134 1
116896 87149 1
116896 21854 1
116896 153891 1
116896 37554 1
116896 143563 1
77892 49899 1
77892 56212 1
77892 148495 1
107298 19744 1
107298 46239 1
107298 48121 1
107298 117891 1
107298 85764 1
65513 22612 1
83025 22612 1
83025 68092 1
135017 153507 1
92531 49068 1
92531 27627 1
92531 9745 1
92531 57162 1
92531 141802 1
98803 149098 1
98803 122824 1
98803 68782 1
98803 140336 1
98803 101079 1
148758 153507 1
97234 136846 1
97234 130745 1
97234 116896 1
97234 147590 1
97234 117891 1
97632 90305 1
97632 154237 1
97632 77332 1
97632 97536 1
97632 111181 1
95453 90415 1
95453 113027 1
94060 135463 1
94060 115439 1
94060 139274 1
94060 154536 1
94060 149073 1
143563 52876 1
148051 76866 1
87235 121456 1
11120 95083 1
11120 88142 1
84977 116697 1
84977 149073 1
84977 91957 1
114741 121280 1
114741 153507 1
94418 95083 1
106279 136606 1
114752 108002 1
111205 84977 1
37554 33945 1
60769 131538 1
146903 114893 1
153097 94156 1
62499 90583 1
71344 87149 1
51282 82621 1
51282 115935 1
140782 143909 1
121848 114248 1
84703 90878 1
126830 89070 1
106539 136606 1
83435 126041 1
144955 117569 1
144955 133285 1
65614 115518 1
87610 103729 1
135463 94060 1
152061 91957 1
126951 130488 1
21854 116896 1
115742 121935 1
149085 143909 1
149085 140561 1
77863 76866 1
139672 76866 1
115959 114619 1
117569 144955 1
92241 105250 1
92241 100019 1
118146 98263 1
8736 125831 1
8736 125975 1
8736 99361 1
144176 146328 1
153397 121935 1
102584 146328 1
95177 132871 1
153631 146328 1
50094 94156 1
32198 76799 1
32198 79061 1
135877 142840 1
135877 122099 1
148454 73457 1
108950 124714 1
100931 120294 1
100931 114248 1
115800 103534 1
96871 76866 1
146168 136606 1
68782 98803 1
142074 64775 1
37115 98263 1
37115 142200 1
83373 142200 1
111911 64775 1
100868 98722 1
146688 124242 1
32915 149247 1
149143 135295 1
130214 114619 1
97494 148908 1
101554 148234 1
127143 45627 1
127143 57162 1
122298 45627 1
122298 114248 1
95800 132871 1
144976 121280 1
60023 83971 1
45464 95083 1
117352 106542 1
74004 57162 1
125246 133285 1
19724 114619 1
88259 99935 1
88259 62890 1
77814 113334 1
51956 2325 1
106762 114619 1
127886 146270 1
153399 126041 1
125052 115518 1
113672 103729 1
133654 124242 1
46591 121456 1
46591 154300 1
112659 5214 1
154536 94060 1
122099 135877 1
135001 105113 1
101079 98803 1
140336 98803 1
93590 91957 1
92728 105147 1
71390 136606 1
71390 149073 1
49068 92531 1
36782 1774 1
136987 93534 1
108612 114893 1
27111 5214 1
139995 129991 1
128055 102247 1
17258 7383 1
114644 62890 1
122824 98803 1
38135 7383 1
139861 130147 1
115935 51282 1
115935 95083 1
105301 130147 1
90897 38415 1
90897 130147 1
110303 130147 1
137706 121456 1
49627 45627 1
121202 105147 1
150223 135295 1
19744 48121 1
38469 130473 1
84277 132871 1
52057 151976 1
52057 64195 1
3795 105774 1
3795 94870 1
3795 142581 1
111362 150533 1
111362 125831 1
114546 40076 1
86325 54379 1
86325 91957 1
90305 97632 1
151495 140031 1
151495 145863 1
151495 132993 1
63996 122250 1
63996 90740 1
68495 100503 1
68495 122267 1
68495 64331 1
68495 152158 1
68495 83508 1
67317 62890 1
103718 61619 1
103718 103534 1
103718 89163 1
146254 123150 1
146254 127755 1
146254 75801 1
6755 103638 1
6755 105032 1
6755 15226 1
97536 143977 1
97536 50570 1
97536 85349 1
97536 77864 1
77904 142370 1
77904 108270 1
77904 128392 1
77904 149800 1
77904 134230 1
131944 31789 1
131944 133285 1
70919 117195 1
70919 104629 1
70919 77140 1
70919 79765 1
1798 33145 1
7894 60399 1
7894 119477 1
87649 91582 1
87649 127159 1
87649 111089 1
67199 106066 1
67199 75619 1
67199 138610 1
121596 103729 1
85195 91648 1
85195 106197 1
69378 17665 1
69378 101239 1
69378 45627 1
13754 48825 1
13754 71901 1
95974 151622 1
95974 145853 1
95974 123745 1
48121 68947 1
48121 150262 1
48121 107298 1
48121 87259 1
48121 154575 1
144645 121079 1
144645 143288 1
125831 102848 1
125831 135282 1
125831 111362 1
125831 146270 1
21185 34393 1
21185 32338 1
21185 51275 1
64539 124242 1
64539 150643 1
64539 88041 1
16753 57568 1
16753 97109 1
16753 151396 1
99935 133798 1
99935 123158 1
99935 100362 1
99935 142762 1
91346 27137 1
91346 49488 1
122430 135253 1
154538 34005 1
154538 71359 1
154538 97480 1
118137 98208 1
118137 134774 1
118137 121659 1
56087 67125 1
56087 92964 1
64087 130683 1
64087 136842 1
64087 80192 1
64087 124002 1
85764 117911 1
85764 138612 1
33003 124714 1
33003 16452 1
33003 153219 1
33003 101619 1
41133 143788 1
100438 100981 1
100438 121617 1
100438 141516 1
73312 122949 1
73312 35266 1
73312 91597 1
115439 84146 1
115439 94060 1
144692 40076 1
125814 108002 1
125814 47673 1
140129 83701 1
140129 73100 1
140129 116913 1
140129 107017 1
138736 110439 1
138736 77676 1
138736 113831 1
138736 141051 1
148487 14594 1
148487 135295 1
148234 114415 1
148234 151006 1
148234 98352 1
148234 147370 1
105250 138798 1
105250 148321 1
105250 104849 1
105250 131795 1
110890 76192 1
110890 151459 1
110890 129991 1
110890 132988 1
75307 106542 1
96474 45306 1
96474 114893 1
64163 71519 1
64163 43984 1
64163 62273 1
78789 100545 1
78789 131638 1
78789 98208 1
78789 81476 1
78789 149355 1
25259 86949 1
25259 115661 1
25259 54598 1
25259 84705 1
25259 118265 1
90699 75243 1
90699 67827 1
90699 15317 1
90699 57717 1
90699 26098 1
78838 57958 1
78838 133285 1
78838 103741 1
133650 10383 1
133650 39717 1
133650 114248 1
147147 108109 1
147147 140854 1
121031 111186 1
121031 91991 1
121031 135316 1
121031 124969 1
20417 140842 1
99099 150954 1
99099 97504 1
99099 136501 1
111238 93534 1
81381 7874 1
81381 83971 1
32267 121940 1
32267 45029 1
11568 34005 1
11568 149597 1
11568 64382 1
106712 93534 1
136835 154727 1
136835 127807 1
136835 114453 1
60352 129603 1
60352 67112 1
134381 47330 1
134381 129720 1
104115 61045 1
104115 153968 1
105342 85987 1
105342 118866 1
105342 135191 1
105342 41999 1
82700 133365 1
82700 140361 1
82700 121079 1
82700 124320 1
115783 50375 1
115783 32346 1
115783 13873 1
115783 94169 1
115783 104149 1
103922 123682 1
103922 127869 1
103922 95267 1
116740 111960 1
116740 125800 1
101607 119599 1
101607 133285 1
117149 143513 1
101720 36861 1
101720 68891 1
101720 124367 1
141802 93755 1
141802 121104 1
141802 111378 1
1106 152546 1
1106 27367 1
1106 66772 1
1106 97507 1
1106 44158 1
114871 24029 1
114871 33945 1
58020 48954 1
58020 57162 1
151351 149373 1
151351 148615 1
151351 71631 1
151351 121032 1
151351 103729 1
60917 138519 1
60917 68087 1
130038 45627 1
134946 118616 1
134946 104857 1
59967 31709 1
59967 122389 1
59967 51155 1
59967 134330 1
136041 154147 1
136041 74479 1
136041 88481 1
154747 89947 1
154747 56980 1
154747 117978 1
90205 127199 1
90205 114463 1
90205 122812 1
90205 96361 1
49008 143451 1
49008 58234 1
138400 108002 1
146171 90310 1
98617 143909 1
98617 33131 1
98617 2945 1
98617 65593 1
120294 105886 1
120294 133738 1
68760 148415 1
68760 152724 1
68760 71411 1
117022 118798 1
117022 113334 1
117022 137742 1
114717 119849 1
114717 139812 1
114717 103500 1
42733 61430 1
42733 128499 1
42733 95731 1
42733 148857 1
42733 80274 1
117605 94778 1
117605 71390 1
117605 61848 1
149098 98803 1
46848 33945 1
43008 20410 1
43008 145900 1
96996 129720 1
96996 103397 1
124348 73457 1
124348 99310 1
120667 84174 1
120667 147681 1
150933 151351 1
133755 114248 1
116697 140129 1
116697 143218 1
116697 130079 1
116697 109945 1
122014 145406 1
122014 85089 1
122014 99973 1
122014 148144 1
85550 79576 1
85550 122177 1
52421 100468 1
52421 134958 1
64088 98287 1
64088 116447 1
64088 151351 1
87810 90415 1
87810 99686 1
87810 117288 1
87810 118137 1
135381 131014 1
135381 77808 1
135381 135518 1
46219 130530 1
46219 86988 1
46219 107713 1
115270 5214 1
115270 11645 1
115270 17956 1
115270 139940 1
115270 71390 1
34308 127683 1
34308 146490 1
70300 98248 1
5257 83467 1
5257 148473 1
5257 149311 1
82967 124242 1
82967 128011 1
146399 129991 1
146399 114059 1
111225 99165 1
111225 91427 1
111225 111493 1
111225 144250 1
91342 60399 1
91342 106542 1
91342 80130 1
91342 135138 1
91342 142397 1
107541 103729 1
99361 127273 1
99361 118798 1
99361 111186 1
99361 130893 1
12410 120274 1
12410 121999 1
146153 73457 1
68092 144736 1
68092 104794 1
68092 71125 1
84861 2325 1
40271 62292 1
45179 113334 1
100394 129028 1
100394 89113 1
100394 107807 1
102848 69270 1
102848 90853 1
102848 120403 1
132296 34829 1
132296 64775 1
132296 38061 1
153672 64775 1
153672 110720 1
15430 108567 1
15430 138424 1
15430 126210 1
15430 29879 1
95073 2325 1
95073 99981 1
130745 119738 1
130745 112399 1
130745 98887 1
130745 148213 1
112749 51342 1
112749 122913 1
112749 130147 1
140561 146146 1
140561 107169 1
140561 123953 1
140561 136814 1
138969 102247 1
138969 98240 1
138969 104985 1
138969 146640 1
115431 146328 1
43447 48326 1
43447 48502 1
43447 107569 1
43447 89580 1
69118 117216 1
69118 69250 1
69118 135295 1
75017 132664 1
75017 126431 1
75017 87270 1
75017 77373 1
40661 90199 1
40661 99274 1
40661 124511 1
40661 135549 1
133312 104650 1
133312 95235 1
133312 106022 1
133312 136118 1
143081 73957 1
143081 65143 1
35551 153527 1
35551 69682 1
35551 42663 1
35551 154783 1
35551 44365 1
154300 147692 1
154300 126041 1
153891 116896 1
152907 89709 1
152907 75889 1
147590 78928 1
147590 97234 1
147590 131638 1
154134 91957 1
63655 80644 1
63655 145473 1
63655 82353 1
69766 93374 1
69766 99220 1
69766 86005 1
69766 98291 1
131538 94213 1
131538 95793 1
131538 39290 1
131538 61430 1
117809 76866 1
130079 106191 1
130079 136869 1
130079 123129 1
130079 38418 1
130079 119436 1
44187 34005 1
129943 1774 1
129943 59455 1
105068 16411 1
105068 33945 1
90939 106542 1
115479 146328 1
117821 9136 1
117821 45096 1
117821 93534 1
117821 133503 1
154228 62820 1
154228 83757 1
74480 114507 1
74480 133062 1
74480 85482 1
85523 75011 1
85523 108002 1
104301 93534 1
2051 133883 1
2051 139822 1
