62433 58077 1
62433 78711 1
62433 24248 1
62433 97630 1
58077 36519 1
58077 42236 1
58077 48418 1
58077 139263 1
58077 98598 1
78711 37366 1
78711 46694 1
78711 53068 1
78711 62433 1
78711 122648 1
24248 30315 1
24248 115852 1
24248 30737 1
24248 43255 1
24248 48046 1
97630 20428 1
97630 29614 1
97630 35922 1
97630 143053 1
97630 58823 1
122648 55271 1
122648 68021 1
122648 78711 1
122648 79730 1
122648 125151 1
58823 33550 1
58823 50117 1
58823 53314 1
58823 114170 1
58823 146601 1
53068 147976 1
53068 78711 1
53068 127198 1
53068 67717 1
53068 78698 1
98598 116740 1
98598 94156 1
98598 75755 1
98598 65514 1
98598 89167 1
139263 58077 1
48418 58077 1
48418 22858 1
42236 58077 1
46694 134976 1
46694 122518 1
46694 37702 1
46694 78711 1
46694 123650 1
20428 23692 1
20428 85252 1
20428 149808 1
20428 52778 1
20428 100545 1
48046 34253 1
48046 41803 1
48046 69766 1
48046 68090 1
48046 64568 1
143053 148865 1
143053 97630 1
143053 32607 1
143053 149633 1
143053 128786 1
29614 61633 1
29614 130155 1
29614 25539 1
29614 88441 1
29614 84111 1
35922 65793 1
35922 39687 1
35922 50326 1
35922 152599 1
35922 77877 1
43255 24248 1
43255 119810 1
43255 17883 1
43255 48775 1
43255 69121 1
30737 24248 1
115852 24248 1
115852 35912 1
115852 44967 1
115852 50077 1
115852 85912 1
30315 24248 1
36519 58077 1
36519 83907 1
37366 28768 1
37366 34122 1
37366 113008 1
37366 92644 1
37366 58662 1
84111 146392 1
84111 144544 1
84111 139596 1
84111 115744 1
84111 103065 1
34253 8892 1
34253 48046 1
34253 1842 1
34253 91482 1
34253 57975 1
128786 36152 1
128786 49285 1
128786 52399 1
128786 152331 1
128786 105054 1
148865 22239 1
148865 43984 1
148865 48121 1
148865 48581 1
148865 75755 1
85912 115006 1
85912 103655 1
85912 1389 1
85912 151994 1
85912 142388 1
88441 28680 1
88441 32325 1
88441 141569 1
88441 152652 1
88441 68655 1
58662 101955 1
58662 139655 1
58662 37366 1
58662 112996 1
68090 43647 1
68090 48847 1
68090 60906 1
68090 117908 1
68090 128507 1
79730 40902 1
79730 51929 1
79730 58992 1
79730 132509 1
79730 94187 1
41803 37456 1
41803 122838 1
41803 46353 1
41803 44178 1
41803 49470 1
52778 20428 1
52778 33520 1
52778 2964 1
52778 49129 1
52778 31514 1
149808 49885 1
149808 54345 1
149808 61730 1
149808 62954 1
149808 141350 1
85252 23563 1
85252 35726 1
85252 38383 1
85252 97379 1
85252 69912 1
61633 67813 1
61633 131538 1
61633 76221 1
61633 66128 1
61633 70829 1
53314 133555 1
53314 126055 1
53314 31 1
53314 123399 1
53314 72329 1
33550 85547 1
33550 48021 1
33550 118831 1
33550 35823 1
33550 102711 1
134976 22307 1
134976 32606 1
134976 36248 1
134976 138335 1
134976 67372 1
116740 47511 1
116740 51793 1
116740 58296 1
116740 60006 1
116740 91431 1
152599 35839 1
152599 40952 1
152599 45761 1
152599 153292 1
152599 79205 1
67717 22633 1
67717 28682 1
67717 32583 1
67717 129138 1
67717 66831 1
125151 24793 1
125151 30179 1
125151 33036 1
125151 145862 1
125151 74500 1
22858 14701 1
22858 123749 1
22858 83237 1
22858 45108 1
22858 138991 1
64568 60260 1
64568 111406 1
64568 94819 1
64568 149471 1
64568 85631 1
146601 99198 1
146601 92065 1
146601 69889 1
146601 60096 1
146601 77788 1
23692 79621 1
23692 55823 1
23692 83221 1
23692 92285 1
23692 147262 1
68021 93201 1
68021 112372 1
68021 73270 1
68021 135195 1
68021 83531 1
89167 27010 1
89167 40243 1
89167 46028 1
89167 139485 1
89167 88577 1
77877 47868 1
77877 49901 1
77877 57023 1
77877 59386 1
77877 87595 1
39687 148166 1
39687 87006 1
39687 95091 1
39687 97926 1
39687 98587 1
17883 38408 1
17883 151807 1
17883 22759 1
17883 121427 1
17883 132728 1
48775 28874 1
48775 39826 1
48775 71422 1
48775 82917 1
48775 147179 1
50326 30010 1
50326 37339 1
50326 40721 1
50326 75755 1
50326 54690 1
122518 33063 1
122518 39241 1
122518 44791 1
122518 143719 1
122518 91044 1
44967 115852 1
28768 126494 1
28768 90728 1
28768 129747 1
28768 37366 1
28768 146160 1
35912 27280 1
35912 35552 1
35912 94460 1
35912 37853 1
35912 132383 1
69121 31656 1
69121 40771 1
69121 50053 1
69121 50850 1
69121 123528 1
50077 116850 1
50077 115852 1
50077 836 1
83907 40416 1
83907 45549 1
83907 57918 1
83907 58077 1
83907 144277 1
100545 122964 1
100545 150568 1
100545 88247 1
100545 78711 1
100545 154377 1
34122 47164 1
34122 149555 1
34122 13857 1
34122 101883 1
34122 115288 1
113008 37366 1
127198 41007 1
127198 56897 1
127198 68843 1
127198 145242 1
127198 98851 1
78698 46035 1
78698 51749 1
78698 62861 1
78698 63104 1
78698 133668 1
147976 34053 1
147976 41739 1
147976 152661 1
147976 125814 1
147976 72719 1
92644 37366 1
92644 34273 1
114170 152661 1
114170 109161 1
114170 94248 1
114170 76627 1
114170 102648 1
32607 53511 1
32607 120877 1
32607 86947 1
32607 124709 1
32607 143686 1
119810 57094 1
119810 69761 1
119810 89395 1
119810 91859 1
119810 138696 1
37702 21686 1
37702 37481 1
37702 67723 1
37702 138380 1
37702 129711 1
94156 13875 1
94156 137334 1
94156 138525 1
94156 102168 1
94156 118966 1
50117 58823 1
149633 40696 1
149633 50759 1
149633 81041 1
149633 82789 1
149633 53270 1
65514 28936 1
65514 38493 1
65514 50635 1
65514 51724 1
65514 143238 1
130155 20744 1
130155 29614 1
130155 124511 1
130155 100991 1
130155 136692 1
55271 22845 1
55271 24554 1
55271 130407 1
55271 131538 1
55271 130604 1
69766 26895 1
69766 32899 1
69766 47405 1
69766 99220 1
69766 77726 1
25539 14647 1
25539 19984 1
25539 50151 1
25539 40520 1
25539 115481 1
75755 127379 1
75755 135551 1
75755 153865 1
75755 114953 1
75755 132703 1
123650 38250 1
123650 44698 1
123650 52351 1
123650 60705 1
123650 94471 1
65793 57066 1
65793 126829 1
65793 78484 1
65793 89815 1
65793 129460 1
41007 56897 1
41007 127198 1
149555 47139 1
152331 108680 1
152331 128786 1
142388 85912 1
57918 83907 1
131538 100683 1
45549 83907 1
85631 64568 1
50053 69121 1
31656 69121 1
76221 68498 1
126494 124106 1
91044 122518 1
91044 149900 1
143719 122518 1
36152 128786 1
44791 106630 1
83237 22858 1
33063 122518 1
54690 153968 1
43647 68090 1
13857 70418 1
39826 48775 1
36248 134976 1
22759 79621 1
22759 33550 1
122964 102331 1
38408 17883 1
98587 39687 1
52351 123650 1
52351 104111 1
52351 137259 1
95091 39687 1
37853 35912 1
135195 50759 1
87006 39687 1
87595 77877 1
59386 77877 1
128507 68090 1
57023 77877 1
57023 127205 1
135551 45377 1
49901 77877 1
46028 89167 1
99198 49501 1
99198 79621 1
40243 89167 1
27010 89167 1
139485 89167 1
77726 69766 1
39241 122518 1
14701 22858 1
73270 94471 1
123528 69121 1
92285 23692 1
92285 48609 1
83221 23692 1
79621 133752 1
91482 34253 1
60096 59228 1
88577 89167 1
89395 35501 1
54345 33509 1
54345 47868 1
54345 52984 1
61730 106492 1
61730 136632 1
144544 84111 1
62954 13165 1
62954 114170 1
100991 135704 1
100991 88306 1
100991 75121 1
100991 135168 1
67813 71668 1
50635 32215 1
50635 65514 1
50635 18527 1
50635 145125 1
50635 82609 1
126055 53314 1
126055 144962 1
33520 106770 1
33520 81591 1
33520 134267 1
58992 61848 1
58992 137069 1
48847 68090 1
138335 144425 1
138335 124352 1
26895 69766 1
47511 116740 1
123399 99434 1
123399 99782 1
133668 117741 1
133668 78698 1
40416 83907 1
127379 22669 1
127379 28142 1
127379 31519 1
127379 142815 1
127379 77090 1
40902 103630 1
40902 96021 1
40902 49843 1
60006 94734 1
60006 90455 1
60006 112186 1
97926 57382 1
97926 124913 1
124511 130155 1
151994 144549 1
151994 85912 1
143238 65514 1
102711 33550 1
28682 67717 1
40952 85118 1
40952 1739 1
40952 85380 1
88247 100545 1
91431 28849 1
91431 105957 1
45761 152599 1
32583 77106 1
32583 67717 1
46035 78698 1
28874 130488 1
28874 48775 1
28874 14647 1
28874 91887 1
28874 67920 1
89815 65793 1
126829 65793 1
115481 25103 1
115481 118791 1
115481 18861 1
115481 25539 1
35726 77068 1
35726 135471 1
50850 38644 1
50850 129044 1
50850 107775 1
35823 117330 1
35823 136324 1
154377 100545 1
48021 33550 1
72329 40902 1
72329 133752 1
130407 25625 1
130407 116388 1
145242 127198 1
38493 77788 1
52399 128786 1
52399 93798 1
52399 30076 1
34053 111638 1
34053 147976 1
28680 113763 1
28680 92675 1
62861 31963 1
62861 47023 1
62861 54136 1
62861 112996 1
62861 94248 1
85547 33550 1
125814 147976 1
109161 37483 1
109161 63240 1
109161 136651 1
76627 34748 1
76627 114170 1
60906 53225 1
120877 32607 1
86947 32607 1
51724 90728 1
51724 154015 1
115006 61633 1
90728 28768 1
53511 32607 1
124709 32607 1
145862 137334 1
101883 125891 1
37481 37702 1
102648 114170 1
118966 105054 1
112996 37366 1
112996 68173 1
129711 37702 1
79205 152599 1
48121 50666 1
102168 94156 1
23563 85252 1
112372 68021 1
57975 34253 1
28936 65514 1
50759 66068 1
50759 144628 1
51749 78698 1
82789 149633 1
53270 149633 1
138696 119810 1
20744 25539 1
136692 95363 1
130604 55271 1
66128 61633 1
32899 22449 1
32899 69766 1
47405 69766 1
99220 69766 1
147179 48775 1
57094 119810 1
91859 119810 1
14647 28874 1
40520 66707 1
98851 121427 1
114953 75755 1
30179 125151 1
32606 20251 1
32606 34273 1
153292 52674 1
72719 147976 1
34273 112996 1
38250 123650 1
133555 75356 1
43984 140374 1
118831 33550 1
94471 76221 1
129460 87235 1
129460 65793 1
67372 134976 1
148166 47029 1
148166 38383 1
49129 126084 1
40771 69121 1
103655 38748 1
94248 42322 1
35552 35912 1
35552 22085 1
13875 144549 1
46353 41803 1
152652 88441 1
83531 54345 1
83531 95212 1
97379 85252 1
22845 55271 1
105054 128786 1
82917 48775 1
1842 35912 1
40721 50326 1
40721 89709 1
117908 68090 1
40696 149633 1
49285 128786 1
146392 84111 1
37456 41803 1
143686 32607 1
139596 84111 1
44178 41803 1
101955 130407 1
69889 146601 1
24554 42985 1
32325 68173 1
51793 116740 1
94187 79730 1
44698 123650 1
141569 88441 1
132509 79730 1
132509 56016 1
22633 67717 1
22633 56980 1
22633 146160 1
138380 37702 1
122838 41803 1
8892 34253 1
129138 67717 1
66831 58027 1
66831 67717 1
66831 7295 1
50151 19477 1
50151 6351 1
50151 93925 1
24793 125151 1
33036 125151 1
147262 105756 1
147262 150625 1
147262 23692 1
147262 129049 1
144277 60769 1
144277 83907 1
144277 10825 1
74500 125151 1
69761 119810 1
69761 65248 1
123749 134976 1
123749 150078 1
123749 22858 1
63104 78698 1
45108 37368 1
45108 122242 1
45108 59133 1
49470 74573 1
49470 41803 1
94460 35912 1
94460 31011 1
94460 130721 1
111406 36717 1
111406 47195 1
111406 112854 1
138991 22858 1
94819 64568 1
139655 36281 1
139655 58588 1
139655 63160 1
139655 108579 1
149471 61430 1
149471 32139 1
149471 145624 1
149471 64568 1
