0.0000 0.0028 0.0309 0.1722 0.3557 0.2834 0.1142 0.0323 0.0071 0.0013 0.0002 0.0000 0.0000 0.0000 0.0000 0.0000 0.0000 0.0000 0.0000 0.0000 0.0000 0.0000 0.0000 0.0000 0.0000 LCC_Landmark_Degree_500_subset.txt
0.0000 0.0026 0.0281 0.1616 0.3500 0.2953 0.1214 0.0324 0.0071 0.0012 0.0002 0.0000 0.0000 0.0000 0.0000 0.0000 0.0000 0.0000 0.0000 0.0000 0.0000 0.0000 0.0000 0.0000 0.0000 LCC_Landmark_Degree_1000_subset.txt
0.0000 0.0024 0.0272 0.1591 0.3494 0.2975 0.1230 0.0329 0.0070 0.0012 0.0002 0.0000 0.0000 0.0000 0.0000 0.0000 0.0000 0.0000 0.0000 0.0000 0.0000 0.0000 0.0000 0.0000 0.0000 LCC_Landmark_Degree_1500_subset.txt
0.0000 0.0023 0.0256 0.1554 0.3481 0.2980 0.1255 0.0351 0.0080 0.0015 0.0003 0.0001 0.0000 0.0000 0.0000 0.0000 0.0000 0.0000 0.0000 0.0000 0.0000 0.0000 0.0000 0.0000 0.0000 LCC_Landmark_Degree_2000_subset.txt
0.0000 0.0004 0.0048 0.0436 0.1893 0.3403 0.2658 0.1123 0.0336 0.0078 0.0016 0.0003 0.0001 0.0000 0.0000 0.0000 0.0000 0.0000 0.0000 0.0000 0.0000 0.0000 0.0000 0.0000 0.0000 LCC_Landmark_Uniform_500_subset.txt
0.0000 0.0004 0.0047 0.0425 0.1869 0.3381 0.2666 0.1161 0.0349 0.0081 0.0015 0.0002 0.0000 0.0000 0.0000 0.0000 0.0000 0.0000 0.0000 0.0000 0.0000 0.0000 0.0000 0.0000 0.0000 LCC_Landmark_Uniform_1000_subset.txt
0.0000 0.0004 0.0048 0.0426 0.1870 0.3384 0.2653 0.1162 0.0354 0.0080 0.0016 0.0003 0.0001 0.0000 0.0000 0.0000 0.0000 0.0000 0.0000 0.0000 0.0000 0.0000 0.0000 0.0000 0.0000 LCC_Landmark_Uniform_1500_subset.txt
0.0000 0.0004 0.0046 0.0416 0.1859 0.3374 0.2657 0.1171 0.0360 0.0088 0.0020 0.0004 0.0001 0.0000 0.0000 0.0000 0.0000 0.0000 0.0000 0.0000 0.0000 0.0000 0.0000 0.0000 0.0000 LCC_Landmark_Uniform_2000_subset.txt
0.0000 0.0105 0.0461 0.2043 0.3731 0.2624 0.0833 0.0176 0.0025 0.0003 0.0000 0.0000 0.0000 0.0000 0.0000 0.0000 0.0000 0.0000 0.0000 0.0000 0.0000 0.0000 0.0000 0.0000 0.0000 LCC_Randomwalk_500_subset.txt
0.0000 0.0064 0.0415 0.2060 0.3816 0.2627 0.0832 0.0157 0.0022 0.0004 0.0001 0.0000 0.0000 0.0000 0.0000 0.0000 0.0000 0.0000 0.0000 0.0000 0.0000 0.0000 0.0000 0.0000 0.0000 LCC_Randomwalk_1000_subset.txt
0.0000 0.0050 0.0380 0.2000 0.3910 0.2714 0.0792 0.0134 0.0018 0.0002 0.0000 0.0000 0.0000 0.0000 0.0000 0.0000 0.0000 0.0000 0.0000 0.0000 0.0000 0.0000 0.0000 0.0000 0.0000 LCC_Randomwalk_1500_subset.txt
0.0000 0.0041 0.0343 0.1903 0.3833 0.2776 0.0892 0.0181 0.0028 0.0003 0.0000 0.0000 0.0000 0.0000 0.0000 0.0000 0.0000 0.0000 0.0000 0.0000 0.0000 0.0000 0.0000 0.0000 0.0000 LCC_Randomwalk_2000_subset.txt
0.0000 0.0115 0.0643 0.2484 0.3906 0.2232 0.0543 0.0072 0.0005 0.0000 0.0000 0.0000 0.0000 0.0000 0.0000 0.0000 0.0000 0.0000 0.0000 0.0000 0.0000 0.0000 0.0000 0.0000 0.0000 LCC_Snowball_500_subset.txt
0.0000 0.0079 0.0617 0.2685 0.3988 0.2099 0.0470 0.0059 0.0004 0.0000 0.0000 0.0000 0.0000 0.0000 0.0000 0.0000 0.0000 0.0000 0.0000 0.0000 0.0000 0.0000 0.0000 0.0000 0.0000 LCC_Snowball_1000_subset.txt
0.0000 0.0050 0.0421 0.2159 0.3974 0.2576 0.0702 0.0106 0.0011 0.0001 0.0000 0.0000 0.0000 0.0000 0.0000 0.0000 0.0000 0.0000 0.0000 0.0000 0.0000 0.0000 0.0000 0.0000 0.0000 LCC_Snowball_1500_subset.txt
0.0000 0.0041 0.0385 0.2146 0.4148 0.2604 0.0603 0.0067 0.0005 0.0000 0.0000 0.0000 0.0000 0.0000 0.0000 0.0000 0.0000 0.0000 0.0000 0.0000 0.0000 0.0000 0.0000 0.0000 0.0000 LCC_Snowball_2000_subset.txt
