0.0000 0.0018 0.0470 0.3177 0.4156 0.1845 0.0320 0.0014 0.0000 0.0000 0.0000 0.0000 0.0000 0.0000 0.0000 0.0000 0.0000 0.0000 0.0000 0.0000 0.0000 0.0000 0.0000 0.0000 0.0000 LCC_Landmark_Degree_500_subset.txt
0.0000 0.0016 0.0444 0.3155 0.4233 0.1845 0.0295 0.0011 0.0000 0.0000 0.0000 0.0000 0.0000 0.0000 0.0000 0.0000 0.0000 0.0000 0.0000 0.0000 0.0000 0.0000 0.0000 0.0000 0.0000 LCC_Landmark_Degree_1000_subset.txt
0.0000 0.0017 0.0439 0.3085 0.4201 0.1916 0.0328 0.0014 0.0000 0.0000 0.0000 0.0000 0.0000 0.0000 0.0000 0.0000 0.0000 0.0000 0.0000 0.0000 0.0000 0.0000 0.0000 0.0000 0.0000 LCC_Landmark_Degree_1500_subset.txt
0.0000 0.0015 0.0414 0.2988 0.4225 0.1994 0.0349 0.0014 0.0000 0.0000 0.0000 0.0000 0.0000 0.0000 0.0000 0.0000 0.0000 0.0000 0.0000 0.0000 0.0000 0.0000 0.0000 0.0000 0.0000 LCC_Landmark_Degree_2000_subset.txt
0.0000 0.0000 0.0009 0.0147 0.1548 0.4747 0.3322 0.0223 0.0003 0.0000 0.0000 0.0000 0.0000 0.0000 0.0000 0.0000 0.0000 0.0000 0.0000 0.0000 0.0000 0.0000 0.0000 0.0000 0.0000 LCC_Landmark_Uniform_500_subset.txt
0.0000 0.0000 0.0009 0.0145 0.1552 0.4736 0.3316 0.0239 0.0004 0.0000 0.0000 0.0000 0.0000 0.0000 0.0000 0.0000 0.0000 0.0000 0.0000 0.0000 0.0000 0.0000 0.0000 0.0000 0.0000 LCC_Landmark_Uniform_1000_subset.txt
0.0000 0.0000 0.0009 0.0155 0.1608 0.4808 0.3194 0.0222 0.0003 0.0000 0.0000 0.0000 0.0000 0.0000 0.0000 0.0000 0.0000 0.0000 0.0000 0.0000 0.0000 0.0000 0.0000 0.0000 0.0000 LCC_Landmark_Uniform_1500_subset.txt
0.0000 0.0000 0.0009 0.0145 0.1547 0.4772 0.3283 0.0241 0.0004 0.0000 0.0000 0.0000 0.0000 0.0000 0.0000 0.0000 0.0000 0.0000 0.0000 0.0000 0.0000 0.0000 0.0000 0.0000 0.0000 LCC_Landmark_Uniform_2000_subset.txt
0.0000 0.0058 0.0538 0.2921 0.4007 0.2028 0.0429 0.0018 0.0001 0.0000 0.0000 0.0000 0.0000 0.0000 0.0000 0.0000 0.0000 0.0000 0.0000 0.0000 0.0000 0.0000 0.0000 0.0000 0.0000 LCC_Randomwalk_500_subset.txt
0.0000 0.0036 0.0451 0.2709 0.4044 0.2239 0.0499 0.0023 0.0000 0.0000 0.0000 0.0000 0.0000 0.0000 0.0000 0.0000 0.0000 0.0000 0.0000 0.0000 0.0000 0.0000 0.0000 0.0000 0.0000 LCC_Randomwalk_1000_subset.txt
0.0000 0.0028 0.0432 0.2668 0.4054 0.2272 0.0521 0.0024 0.0000 0.0000 0.0000 0.0000 0.0000 0.0000 0.0000 0.0000 0.0000 0.0000 0.0000 0.0000 0.0000 0.0000 0.0000 0.0000 0.0000 LCC_Randomwalk_1500_subset.txt
0.0000 0.0024 0.0425 0.2745 0.4126 0.2197 0.0461 0.0020 0.0000 0.0000 0.0000 0.0000 0.0000 0.0000 0.0000 0.0000 0.0000 0.0000 0.0000 0.0000 0.0000 0.0000 0.0000 0.0000 0.0000 LCC_Randomwalk_2000_subset.txt
0.0000 0.0067 0.0786 0.3712 0.3873 0.1368 0.0189 0.0005 0.0000 0.0000 0.0000 0.0000 0.0000 0.0000 0.0000 0.0000 0.0000 0.0000 0.0000 0.0000 0.0000 0.0000 0.0000 0.0000 0.0000 LCC_Snowball_500_subset.txt
0.0000 0.0042 0.0626 0.3437 0.4128 0.1560 0.0203 0.0003 0.0000 0.0000 0.0000 0.0000 0.0000 0.0000 0.0000 0.0000 0.0000 0.0000 0.0000 0.0000 0.0000 0.0000 0.0000 0.0000 0.0000 LCC_Snowball_1000_subset.txt
0.0000 0.0033 0.0564 0.3333 0.4190 0.1654 0.0222 0.0005 0.0000 0.0000 0.0000 0.0000 0.0000 0.0000 0.0000 0.0000 0.0000 0.0000 0.0000 0.0000 0.0000 0.0000 0.0000 0.0000 0.0000 LCC_Snowball_1500_subset.txt
0.0000 0.0179 0.0877 0.3092 0.4151 0.1515 0.0184 0.0002 0.0000 0.0000 0.0000 0.0000 0.0000 0.0000 0.0000 0.0000 0.0000 0.0000 0.0000 0.0000 0.0000 0.0000 0.0000 0.0000 0.0000 LCC_Snowball_2000_subset.txt
