0.0000 0.0000 0.0200 0.0800 0.4700 0.4100 0.0200 0.0000 0.0000 0.0000 0.0000 0.0000 0.0000 0.0000 0.0000 0.0000 0.0000 0.0000 0.0000 0.0000 0.0000 0.0000 0.0000 0.0000 0.0000 0.0000 LCC
0.0000 0.0642 0.6720 0.2630 0.0008 0.0000 0.0000 0.0000 0.0000 0.0000 0.0000 0.0000 0.0000 0.0000 0.0000 0.0000 0.0000 0.0000 0.0000 0.0000 0.0000 0.0000 0.0000 0.0000 0.0000 0.0000 LandmarkApsp_500
0.0000 0.0477 0.6176 0.3336 0.0011 0.0000 0.0000 0.0000 0.0000 0.0000 0.0000 0.0000 0.0000 0.0000 0.0000 0.0000 0.0000 0.0000 0.0000 0.0000 0.0000 0.0000 0.0000 0.0000 0.0000 0.0000 LandmarkApsp_1000
0.0000 0.0409 0.6007 0.3573 0.0010 0.0001 0.0000 0.0000 0.0000 0.0000 0.0000 0.0000 0.0000 0.0000 0.0000 0.0000 0.0000 0.0000 0.0000 0.0000 0.0000 0.0000 0.0000 0.0000 0.0000 0.0000 LandmarkApsp_1500
0.0000 0.0355 0.5373 0.4245 0.0027 0.0000 0.0000 0.0000 0.0000 0.0000 0.0000 0.0000 0.0000 0.0000 0.0000 0.0000 0.0000 0.0000 0.0000 0.0000 0.0000 0.0000 0.0000 0.0000 0.0000 0.0000 LandmarkApsp_2000
0.0000 0.0041 0.0050 0.0056 0.0063 0.0070 0.0077 0.0085 0.0095 0.0104 0.0115 0.0124 0.0135 0.0146 0.0157 0.0165 0.0171 0.0176 0.0177 0.0178 0.0177 0.0175 0.0171 0.0166 0.0161 0.0157 RandomWalk_500
0.0000 0.0021 0.0029 0.0038 0.0051 0.0066 0.0088 0.0116 0.0146 0.0178 0.0207 0.0231 0.0247 0.0253 0.0250 0.0238 0.0220 0.0200 0.0180 0.0162 0.0148 0.0138 0.0132 0.0128 0.0126 0.0125 RandomWalk_1000
0.0000 0.0014 0.0021 0.0028 0.0040 0.0057 0.0084 0.0120 0.0166 0.0213 0.0253 0.0277 0.0284 0.0279 0.0268 0.0256 0.0243 0.0231 0.0219 0.0207 0.0197 0.0188 0.0179 0.0171 0.0163 0.0156 RandomWalk_1500
0.0000 0.0011 0.0017 0.0023 0.0034 0.0048 0.0071 0.0103 0.0146 0.0194 0.0242 0.0280 0.0304 0.0311 0.0306 0.0293 0.0275 0.0256 0.0239 0.0224 0.0213 0.0204 0.0197 0.0193 0.0188 0.0185 RandomWalk_2000
0.0000 0.0045 0.0133 0.0240 0.0581 0.1008 0.1947 0.2324 0.3567 0.0083 0.0071 0.0000 0.0000 0.0000 0.0000 0.0000 0.0000 0.0000 0.0000 0.0000 0.0000 0.0000 0.0000 0.0000 0.0000 0.0000 Snowball_500
0.0000 0.0024 0.0077 0.0195 0.0484 0.0976 0.1553 0.1977 0.2077 0.1715 0.0870 0.0043 0.0010 0.0000 0.0000 0.0000 0.0000 0.0000 0.0000 0.0000 0.0000 0.0000 0.0000 0.0000 0.0000 0.0000 Snowball_1000
0.0000 0.0015 0.0045 0.0109 0.0282 0.0592 0.1112 0.1624 0.2241 0.2061 0.1918 0.0000 0.0000 0.0000 0.0000 0.0000 0.0000 0.0000 0.0000 0.0000 0.0000 0.0000 0.0000 0.0000 0.0000 0.0000 Snowball_1500
0.0000 0.0013 0.0047 0.0119 0.0348 0.0756 0.1443 0.1942 0.2269 0.1655 0.1299 0.0094 0.0014 0.0000 0.0000 0.0000 0.0000 0.0000 0.0000 0.0000 0.0000 0.0000 0.0000 0.0000 0.0000 0.0000 Snowball_2000