0.0000 0.0019 0.0242 0.1290 0.3011 0.3146 0.1637 0.0514 0.0117 0.0020 0.0003 0.0000 0.0000 0.0000 0.0000 0.0000 0.0000 0.0000 0.0000 0.0000 0.0000 0.0000 0.0000 0.0000 0.0000 0.0000 LCC
0.0000 0.0957 0.4777 0.3162 0.0865 0.0191 0.0041 0.0006 0.0001 0.0000 0.0000 0.0000 0.0000 0.0000 0.0000 0.0000 0.0000 0.0000 0.0000 0.0000 0.0000 0.0000 0.0000 0.0000 0.0000 0.0000 LandmarkApsp_500
0.0000 0.0429 0.3579 0.4194 0.1454 0.0290 0.0048 0.0006 0.0000 0.0000 0.0000 0.0000 0.0000 0.0000 0.0000 0.0000 0.0000 0.0000 0.0000 0.0000 0.0000 0.0000 0.0000 0.0000 0.0000 0.0000 LandmarkApsp_1000
0.0000 0.0254 0.2571 0.4527 0.2106 0.0470 0.0065 0.0006 0.0000 0.0000 0.0000 0.0000 0.0000 0.0000 0.0000 0.0000 0.0000 0.0000 0.0000 0.0000 0.0000 0.0000 0.0000 0.0000 0.0000 0.0000 LandmarkApsp_1500
0.0000 0.0173 0.1890 0.4371 0.2693 0.0729 0.0125 0.0016 0.0001 0.0000 0.0000 0.0000 0.0000 0.0000 0.0000 0.0000 0.0000 0.0000 0.0000 0.0000 0.0000 0.0000 0.0000 0.0000 0.0000 0.0000 LandmarkApsp_2000
0.0000 0.0050 0.0091 0.0148 0.0233 0.0348 0.0475 0.0579 0.0647 0.0679 0.0681 0.0651 0.0606 0.0562 0.0520 0.0485 0.0448 0.0407 0.0365 0.0323 0.0278 0.0235 0.0196 0.0165 0.0139 0.0119 RandomWalk_500
0.0000 0.0030 0.0084 0.0229 0.0499 0.0747 0.0851 0.0877 0.0878 0.0853 0.0808 0.0743 0.0655 0.0561 0.0468 0.0378 0.0302 0.0243 0.0194 0.0150 0.0115 0.0085 0.0064 0.0047 0.0033 0.0023 RandomWalk_1000
0.0000 0.0024 0.0106 0.0379 0.0779 0.1036 0.1101 0.1063 0.0981 0.0878 0.0767 0.0654 0.0535 0.0423 0.0328 0.0246 0.0179 0.0128 0.0091 0.0066 0.0049 0.0036 0.0027 0.0020 0.0015 0.0012 RandomWalk_1500
0.0000 0.0021 0.0116 0.0435 0.0860 0.1157 0.1275 0.1243 0.1119 0.0950 0.0771 0.0602 0.0451 0.0327 0.0230 0.0158 0.0106 0.0070 0.0043 0.0026 0.0016 0.0009 0.0006 0.0003 0.0002 0.0001 RandomWalk_2000
0.0000 0.0072 0.0237 0.0595 0.1199 0.1868 0.2265 0.1921 0.1197 0.0453 0.0128 0.0040 0.0023 0.0000 0.0000 0.0000 0.0000 0.0000 0.0000 0.0000 0.0000 0.0000 0.0000 0.0000 0.0000 0.0000 Snowball_500
0.0000 0.0043 0.0187 0.0602 0.1326 0.1917 0.2097 0.1750 0.1156 0.0574 0.0241 0.0076 0.0026 0.0004 0.0000 0.0000 0.0000 0.0000 0.0000 0.0000 0.0000 0.0000 0.0000 0.0000 0.0000 0.0000 Snowball_1000
0.0000 0.0031 0.0157 0.0563 0.1297 0.1959 0.2191 0.1827 0.1169 0.0551 0.0196 0.0049 0.0008 0.0001 0.0000 0.0000 0.0000 0.0000 0.0000 0.0000 0.0000 0.0000 0.0000 0.0000 0.0000 0.0000 Snowball_1500
0.0000 0.0023 0.0110 0.0398 0.1043 0.1895 0.2387 0.2105 0.1298 0.0552 0.0159 0.0027 0.0003 0.0000 0.0000 0.0000 0.0000 0.0000 0.0000 0.0000 0.0000 0.0000 0.0000 0.0000 0.0000 0.0000 Snowball_2000


