766 5996 1
5996 627 1
627 10235 1
10235 4670 1
10235 7548 1
7548 8079 1
8079 1688 1
1688 6391 1
6391 7228 1
7228 4104 1
4104 4918 1
4918 3218 1
3218 10974 1
10974 10263 1
10263 8748 1
8748 1934 1
1934 3342 1
3342 8345 1
8345 7155 1
7155 6975 1
6975 7922 1
7922 3342 1
3342 11007 1
11007 370 1
370 9887 1
9887 4724 1
4724 3528 1
3528 744 1
744 7946 1
7946 6197 1
6197 7432 1
7432 9070 1
9070 6099 1
6099 1959 1
1959 8303 1
8303 1958 1
1958 319 1
319 4474 1
4474 4061 1
4061 10777 1
10777 4477 1
4477 1233 1
1233 4483 1
4483 6918 1
6918 5974 1
5974 2238 1
2238 7031 1
7031 1535 1
1535 8961 1
8961 6194 1
6194 4382 1
4382 2975 1
2975 5574 1
5574 4477 1
4477 2121 1
2121 856 1
856 42 1
42 2532 1
2532 8285 1
8285 11163 1
11163 6737 1
6737 7294 1
7294 6770 1
6770 7682 1
7682 7597 1
7597 3344 1
3344 6529 1
6529 10723 1
10723 4766 1
4766 10792 1
10792 7484 1
7484 6770 1
6770 6346 1
6346 4604 1
4604 398 1
398 7814 1
7814 1331 1
1331 7231 1
7231 5103 1
5103 5119 1
5119 1331 1
1331 709 1
709 11081 1
11081 8146 1
8146 2854 1
2854 8998 1
8998 2262 1
2262 4464 1
4464 4661 1
4661 10804 1
10804 7064 1
7064 6708 1
6708 4351 1
4351 9490 1
9490 9438 1
9438 8285 1
8285 6093 1
6093 806 1
806 4278 1
4278 3570 1
3570 6134 1
6134 4278 1
4278 8079 1
8079 1059 1
1059 8987 1
8987 583 1
583 2381 1
2381 10804 1
10804 7371 1
7371 8759 1
8759 7676 1
7676 4060 1
4060 10022 1
10022 5441 1
5441 7682 1
7682 9108 1
9108 5708 1
5708 360 1
360 8912 1
8912 224 1
224 10882 1
10882 32 1
32 7733 1
7733 3218 1
3218 9600 1
9600 3022 1
3022 4382 1
4382 11006 1
11006 7867 1
7867 8754 1
8754 8345 1
8345 9427 1
9427 818 1
818 2381 1
2381 9870 1
9870 1664 1
1664 4264 1
4264 4382 1
4382 617 1
617 4672 1
4672 8219 1
8219 369 1
369 617 1
617 2379 1
617 10768 1
10768 9077 1
10768 4382 1
4382 4061 1
4061 3945 1
3945 5355 1
5355 3383 1
3383 6101 1
6101 3993 1
3993 2827 1
2827 6099 1
6099 7098 1
7098 6231 1
6231 8176 1
8176 1934 1
1934 2674 1
2674 3296 1
3296 2506 1
2506 10221 1
10221 6269 1
6269 5569 1
5569 9605 1
9605 440 1
440 6918 1
6918 2402 1
2402 4477 1
4477 5792 1
5792 8542 1
8542 7660 1
7660 2077 1
2077 9131 1
2077 2339 1
2339 10318 1
10318 6595 1
6595 74 1
74 3326 1
3326 4873 1
4873 8269 1
8269 3164 1
3164 4865 1
4865 10266 1
10266 4630 1
4630 7882 1
4630 8335 1
8335 1026 1
1026 6172 1
6172 2283 1
2283 2413 1
2283 5659 1
2283 3076 1
3076 6172 1
6172 5659 1
5659 9474 1
9474 3845 1
3845 7526 1
7526 9474 1
9474 5317 1
5317 2413 1
2413 6172 1
6172 9474 1
9474 3989 1
3989 5317 1
5317 10563 1
10563 3121 1
3121 3845 1
3845 3076 1
3076 9827 1
9827 5317 1
5317 3804 1
3804 2807 1
2807 9474 1
9474 2283 1
2283 994 1
994 8236 1
8236 5317 1
3989 4768 1
4768 10942 1
10942 2451 1
2451 2530 1
2530 4685 1
4685 9041 1
9041 630 1
630 7040 1
7040 8399 1
8399 9907 1
9907 3233 1
3233 8089 1
8089 9758 1
9758 9999 1
9999 7938 1
7938 9306 1
9306 7998 1
7998 10585 1
10585 9630 1
9630 349 1
349 1947 1
1947 6223 1
6223 3625 1
3625 4239 1
4239 1892 1
1892 8755 1
8755 3234 1
3234 2381 1
2381 2880 1
2880 4892 1
4892 756 1
756 6099 1
6099 3572 1
3572 9441 1
9441 5978 1
5978 1248 1
1248 4027 1
4027 9405 1
9405 1248 1
1248 4868 1
4868 6737 1
6737 8153 1
8153 319 1
319 9473 1
9473 9400 1
9400 1336 1
1336 2946 1
2946 4060 1
4060 2281 1
2281 3227 1
3227 4892 1
4892 6383 1
6383 941 1
941 8153 1
8153 483 1
483 4877 1
4877 4104 1
4104 7064 1
7064 3788 1
3788 1535 1
1535 6099 1
6099 7239 1
7239 2854 1
2854 437 1
437 4774 1
4774 6923 1
6923 4298 1
4298 5611 1
5611 818 1
818 4298 1
4298 4000 1
4000 583 1
583 1629 1
1629 5974 1
5974 2192 1
2192 4747 1
4747 232 1
232 1629 1
1629 10041 1
10041 4941 1
4941 4960 1
4960 8078 1
8078 1504 1
1504 3344 1
3344 6383 1
6383 7857 1
7857 10525 1
10525 5559 1
5559 6383 1
6383 3301 1
3301 10777 1
10777 1336 1
1336 4480 1
4480 4464 1
4464 4774 1
4774 2970 1
2970 9594 1
9594 5048 1
5048 11132 1
11132 9605 1
9605 4104 1
4104 11179 1
11179 414 1
414 7655 1
414 5574 1
5574 10123 1
10123 9400 1
9400 8719 1
8719 10529 1
10529 4661 1
4661 483 1
4661 8343 1
8343 10318 1
10318 3386 1
3386 542 1
542 3914 1
3914 5974 1
5974 6595 1
6595 6923 1
6923 8603 1
8603 7159 1
7159 11006 1
11006 2979 1
2979 4060 1
4060 1336 1
1336 2979 1
2979 8565 1
8565 1029 1
1029 10104 1
10104 3672 1
10104 9600 1
9600 3574 1
3574 2979 1
2979 4115 1
4115 8345 1
8345 2505 1
2505 4629 1
4629 3115 1
3115 5974 1
5974 9400 1
9400 2970 1
2970 2727 1
2727 10723 1
10723 6563 1
6563 6383 1
6383 2571 1
2571 2819 1
2819 6938 1
6938 6255 1
6255 7804 1
7804 8345 1
8345 2788 1
2788 2854 1
2854 4104 1
4104 7279 1
7279 7963 1
7963 5819 1
5819 4664 1
4664 2081 1
2081 4308 1
4308 1688 1
1688 3373 1
3373 8903 1
8903 3317 1
3317 10551 1
10551 7135 1
7135 5953 1
5953 3797 1
3797 8592 1
8592 10233 1
10233 5559 1
5559 5978 1
5978 1412 1
1412 7695 1
7695 6595 1
6595 6052 1
6052 5593 1
5593 5230 1
5230 1934 1
1934 443 1
443 3451 1
443 6649 1
6649 4040 1
4040 5364 1
5364 1741 1
1741 1414 1
1414 414 1
414 2362 1
2362 8079 1
8079 8998 1
8998 9733 1
9733 11086 1
9733 10235 1
10235 8079 1
8079 9577 1
9577 2970 1
2970 281 1
281 6935 1
6935 4684 1
4684 159 1
159 4098 1
4098 767 1
767 9959 1
9959 10582 1
10582 10326 1
10326 8761 1
8761 7474 1
8761 2064 1
2064 10723 1
10723 3473 1
3473 10948 1
10948 8998 1
8998 1629 1
1629 11129 1
11129 4149 1
4149 2932 1
2932 4917 1
4917 2921 1
2921 1965 1
1965 1535 1
1535 10529 1
10529 8755 1
8755 437 1
437 9939 1
9939 4238 1
4238 5374 1
5374 2044 1
2044 3062 1
3062 5881 1
5881 6935 1
6935 2734 1
2734 10624 1
10624 7159 1
7159 2819 1
2819 9653 1
9653 2842 1
2842 2821 1
2821 10397 1
10397 2819 1
2819 5443 1
5443 2466 1
2466 6115 1
6115 10339 1
10339 3197 1
3197 2162 1
2162 3232 1
3232 2466 1
2466 3914 1
3914 2121 1
2121 11132 1
11132 9939 1
9939 7686 1
7686 4842 1
4842 1767 1
1767 2601 1
2601 8901 1
8901 192 1
8901 3176 1
3176 2555 1
2555 5474 1
5474 8655 1
8655 2699 1
8655 1216 1
1216 7914 1
7914 6755 1
6755 7543 1
7543 6489 1
6489 8277 1
8277 7746 1
7746 4917 1
4917 7755 1
7755 6192 1
6192 1726 1
1726 9761 1
9761 10849 1
10849 10129 1
10129 6192 1
6192 3049 1
3049 9899 1
9899 10158 1
10158 8973 1
8973 9442 1
9442 3800 1
3800 1360 1
1360 9994 1
9994 6659 1
6659 5621 1
6659 3947 1
3947 8475 1
3947 2195 1
2195 2194 1
2195 5687 1
5687 3701 1
5687 6508 1
5687 5288 1
5288 7046 1
7046 9019 1
9019 907 1
907 6580 1
6580 9442 1
9442 2530 1
2530 6552 1
6552 5724 1
5724 10938 1
10938 5562 1
5562 10516 1
10516 9951 1
9951 7431 1
9951 10311 1
10311 9901 1
9901 10654 1
10654 7279 1
7279 8451 1
8451 6923 1
6923 4297 1
4297 7359 1
7359 9218 1
9218 3957 1
3957 8282 1
8282 1412 1
1412 6722 1
6722 11006 1
11006 10609 1
10609 10123 1
10123 8071 1
8071 1341 1
1341 7638 1
1341 5581 1
1341 7816 1
7816 10091 1
10091 830 1
830 5241 1
5241 6328 1
6328 7816 1
7816 7229 1
7229 3237 1
3237 3570 1
3570 1069 1
1069 2794 1
2794 4664 1
4664 6093 1
6093 2081 1
2081 6786 1
6786 6036 1
6036 2081 1
2081 4725 1
4725 3317 1
3317 2851 1
2851 8304 1
8304 2970 1
2970 8949 1
8949 2798 1
2798 6043 1
6043 8949 1
8949 9591 1
9591 5898 1
5898 4199 1
4199 6549 1
6549 4536 1
4536 8282 1
8282 180 1
180 8759 1
8759 6383 1
6383 2957 1
2957 4482 1
4482 5442 1
5442 1959 1
1959 5161 1
5161 7768 1
7768 1716 1
1716 5191 1
5191 4810 1
4810 9218 1
9218 232 1
232 818 1
818 3326 1
3326 4536 1
4536 756 1
756 2262 1
2262 8316 1
2262 3813 1
3813 9278 1
9278 3022 1
3022 2381 1
2381 3042 1
3042 8523 1
8523 11006 1
11006 8229 1
8229 6398 1
8229 4865 1
4865 9600 1
9600 6498 1
6498 5016 1
5016 455 1
455 4865 1
4865 2332 1
2332 3326 1
3326 10723 1
10723 10777 1
10777 497 1
497 5070 1
5070 4621 1
4621 497 1
497 7945 1
7945 5395 1
5395 6737 1
6737 10339 1
10339 7147 1
7147 2024 1
2024 8345 1
8345 10022 1
10022 7484 1
7484 8274 1
8274 5611 1
5611 2854 1
2854 2877 1
2877 3067 1
3067 5246 1
5246 10233 1
10233 6459 1
6459 7676 1
7676 2262 1
2262 2192 1
2192 3022 1
3022 8153 1
8153 2402 1
2402 3957 1
3957 8374 1
8374 6923 1
6923 357 1
357 8523 1
8523 11054 1
11054 4513 1
4513 5612 1
5612 11054 1
11054 2658 1
2658 4480 1
4480 7920 1
7920 4892 1
4892 7676 1
7676 3611 1
3611 10882 1
10882 9431 1
9431 5441 1
5441 9131 1
9131 11093 1
11093 2162 1
2162 3317 1
3317 3373 1
3373 10123 1
10123 11054 1
11054 6139 1
6139 10004 1
10004 4536 1
4536 5792 1
5792 8506 1
8506 629 1
629 3386 1
3386 50 1
50 537 1
537 1535 1
1535 3914 1
3914 537 1
537 10804 1
10804 7239 1
7239 10723 1
10723 10881 1
10881 2244 1
2244 9872 1
9872 9788 1
9788 7095 1
7095 4590 1
7095 8883 1
8883 10512 1
10512 1671 1
1671 4590 1
4590 8126 1
8126 2601 1
2601 3372 1
3372 4842 1
4842 2371 1
2371 3866 1
3866 10654 1
9901 5468 1
5468 4033 1
4033 3457 1
3457 7123 1
7123 3866 1
3866 5182 1
5182 7171 1
7171 5562 1
5562 2944 1
2944 9468 1
9468 920 1
920 7215 1
7215 8756 1
8756 7708 1
8756 9235 1
9235 920 1
920 6642 1
920 4664 1
4664 5899 1
5899 8779 1
8779 10954 1
10954 2925 1
2925 7229 1
7229 6926 1
6926 486 1
6926 4200 1
4200 3857 1
3857 5116 1
5116 8297 1
5116 8786 1
8786 7965 1
7965 3857 1
4200 6445 1
4200 8786 1
7965 9779 1
9779 3457 1
3457 7274 1
7274 2388 1
2388 2130 1
2130 11039 1
11039 9387 1
9387 4747 1
4747 2970 1
2970 7768 1
7768 6927 1
6927 8987 1
8987 3522 1
3522 10491 1
10491 9020 1
9020 7238 1
7238 10491 1
10491 4580 1
4580 108 1
108 1259 1
1259 4117 1
4117 6618 1
4117 108 1
1259 8009 1
8009 417 1
8009 2909 1
2909 6280 1
6280 1633 1
1633 828 1
828 8430 1
8430 9752 1
9752 788 1
788 1633 1
1633 6175 1
6175 7154 1
7154 2336 1
2336 6163 1
6163 8458 1
8458 9332 1
9332 2840 1
2840 9288 1
9288 9332 1
9332 601 1
601 2336 1
2336 2405 1
2405 7006 1
7006 5678 1
5678 3724 1
3724 1452 1
1452 2405 1
2405 6163 1
6163 858 1
858 1952 1
1952 10173 1
1952 2069 1
2069 6163 1
6163 9752 1
9752 6713 1
6713 910 1
910 3716 1
3716 7154 1
7154 6713 1
6713 9361 1
9361 10652 1
10652 2648 1
2648 875 1
875 5484 1
5484 1534 1
1534 875 1
875 9597 1
9597 6315 1
6315 875 1
1534 6944 1
6944 9835 1
9835 6315 1
6315 2648 1
2648 4946 1
4946 1747 1
1747 3525 1
3525 7230 1
7230 1104 1
7230 6749 1
6749 3748 1
3748 1818 1
1818 2023 1
2023 8108 1
8108 7583 1
8108 8237 1
8108 5682 1
5682 11004 1
11004 8108 1
8108 6959 1
6959 4959 1
4959 10099 1
10099 7777 1
7777 1928 1
1928 4447 1
7777 2570 1
2570 4592 1
4592 604 1
604 4090 1
4090 7777 1
7777 2663 1
2663 7583 1
7583 9547 1
9547 5482 1
5482 7620 1
9547 4596 1
4596 9868 1
9868 11136 1
11136 4659 1
4659 2441 1
2441 11136 1
11136 6167 1
6167 2441 1
2441 1131 1
1131 7595 1
7595 3140 1
3140 7392 1
7392 5042 1
5042 6432 1
6432 4245 1
4245 3414 1
3414 353 1
353 1310 1
1310 5564 1
5564 8474 1
8474 2471 1
2471 4463 1
4463 3394 1
3394 5416 1
5416 5664 1
5664 504 1
504 891 1
891 527 1
527 5410 1
5410 5416 1
5416 2302 1
2302 5740 1
5740 5664 1
5664 6102 1
6102 6803 1
6803 2260 1
2260 4960 1
4960 3344 1
3344 7484 1
7484 6139 1
6139 1681 1
1681 8961 1
8961 6059 1
6059 10318 1
10318 3100 1
3100 50 1
50 9577 1
9577 6715 1
6715 6642 1
6642 8316 1
8316 10777 1
10777 6770 1
6770 10600 1
10600 2970 1
2970 3017 1
3017 1341 1
1341 1877 1
1877 976 1
976 532 1
532 10091 1
10091 3926 1
3926 8071 1
8071 7177 1
7177 5623 1
5623 8484 1
8484 3011 1
3011 5668 1
5668 6443 1
6443 6803 1
6803 2691 1
2691 8381 1
8381 3344 1
3344 3517 1
3517 11073 1
11073 6918 1
6918 7091 1
7091 4464 1
4464 10123 1
10123 9929 1
9929 3097 1
3097 6328 1
6328 1132 1
1132 4482 1
4482 10233 1
10233 3100 1
3100 4766 1
4766 6019 1
6019 2044 1
2044 9011 1
9011 9406 1
9406 10723 1
10723 6099 1
6099 8343 1
8343 357 1
357 5355 1
5355 7379 1
7379 5503 1
5503 1197 1
1197 6722 1
6722 4297 1
4297 10041 1
10041 9400 1
9400 7530 1
7530 5056 1
5056 3344 1
3344 2658 1
2658 10726 1
10726 2936 1
2936 9011 1
9011 5163 1
5163 2880 1
2880 3560 1
3560 6572 1
6572 8506 1
8506 1564 1
1564 10434 1
10434 899 1
899 50 1
50 3397 1
3397 264 1
264 1153 1
1153 6043 1
6043 944 1
944 3073 1
3073 9817 1
9817 414 1
414 1681 1
1681 2272 1
2272 5574 1
5574 4941 1
4941 11173 1
11173 1987 1
1987 4149 1
4149 9165 1
9165 3914 1
3914 7031 1
7031 2788 1
2788 4464 1
4464 8274 1
8274 5569 1
5569 10203 1
5569 7702 1
7702 9998 1
9998 6101 1
6101 899 1
899 4606 1
4606 3230 1
3230 9589 1
9589 6737 1
6737 10654 1
10654 10890 1
10890 10938 1
10938 5468 1
5468 6196 1
6196 9787 1
9787 7288 1
7288 5562 1
5562 982 1
982 11006 1
11006 3813 1
3813 8565 1
8565 319 1
319 10869 1
10869 1958 1
1958 6572 1
6572 6194 1
6194 8229 1
8229 8233 1
8233 2192 1
2192 6572 1
6572 4774 1
4774 8233 1
8233 1157 1
1157 5442 1
5442 3010 1
3010 4606 1
4606 730 1
730 8152 1
8152 2594 1
2594 5069 1
5069 2695 1
2695 4648 1
4648 10143 1
10143 8827 1
8827 6109 1
6109 1406 1
1406 1987 1
1987 10073 1
10073 7719 1
7719 2058 1
2058 1482 1
1482 4648 1
4648 6689 1
6689 10397 1
10397 985 1
985 5469 1
5469 8827 1
8827 7123 1
7123 7120 1
7120 5182 1
5182 7299 1
7299 8432 1
8432 9175 1
9175 10721 1
10721 10428 1
10428 10086 1
10086 2703 1
2703 4338 1
4338 3653 1
3653 1913 1
1913 10191 1
10191 10328 1
10328 1913 1
1913 158 1
158 11045 1
11045 9029 1
9029 10328 1
10328 2703 1
2703 5696 1
5696 2722 1
2722 1196 1
1196 7824 1
1196 1399 1
1399 5750 1
5750 5437 1
5437 3636 1
3636 5124 1
5124 7686 1
7686 3285 1
3285 3944 1
3944 10003 1
10003 3285 1
10003 5814 1
5814 10600 1
10600 414 1
414 3457 1
3457 6576 1
6576 3372 1
3372 7885 1
7885 9468 1
9468 9173 1
9173 7198 1
7198 208 1
208 7969 1
7969 9058 1
9058 11024 1
11024 249 1
11024 10414 1
11024 1387 1
1387 1727 1
1727 1066 1
1066 5573 1
5573 1368 1
1368 1326 1
1326 5360 1
5360 2639 1
2639 582 1
582 1727 1
1727 7163 1
7163 582 1
582 5080 1
5080 3748 1
1818 9544 1
9544 1096 1
1096 2426 1
2426 5360 1
5360 6293 1
6293 1727 1
1727 1986 1
1986 5723 1
5723 10954 1
10954 1082 1
1082 6977 1
6977 10654 1
10654 2412 1
2412 4033 1
4033 2371 1
2371 5230 1
5230 1556 1
1556 5010 1
5010 6407 1
6407 2438 1
2438 10318 1
10318 9733 1
9733 9278 1
9278 8802 1
8802 10874 1
10874 6239 1
6239 10306 1
10306 6005 1
6005 3603 1
3603 62 1
62 2091 1
2091 1751 1
1751 7955 1
1751 7376 1
7376 815 1
7376 2772 1
2772 6206 1
2772 1213 1
1213 9579 1
9579 6837 1
6837 9309 1
9309 11148 1
9309 4859 1
4859 2471 1
2471 5558 1
5558 1501 1
2471 6865 1
2471 5542 1
2471 1501 1
2471 276 1
276 3364 1
3364 10807 1
10807 4104 1
4104 7371 1
7371 5974 1
5974 2289 1
2289 4135 1
4135 2359 1
2359 6033 1
6033 6459 1
6459 9007 1
9007 8762 1
8762 8345 1
8345 3678 1
3678 7253 1
7253 9141 1
9141 4061 1
4061 5053 1
5053 8153 1
8153 9011 1
9011 10635 1
10635 4954 1
4954 8316 1
8316 9577 1
9577 5395 1
5395 8374 1
3957 8802 1
8802 5241 1
5241 3234 1
3234 8759 1
8759 8987 1
8987 4298 1
4298 8316 1
8316 3115 1
3115 4018 1
4018 9602 1
9602 10020 1
10020 7806 1
7806 4629 1
4629 7606 1
7606 3197 1
3197 7660 1
7660 4379 1
4379 85 1
85 5395 1
5395 10804 1
10804 6712 1
6712 4297 1
4297 68 1
68 6288 1
6288 5974 1
5974 7867 1
7867 4069 1
4069 6737 1
6737 7768 1
7768 2445 1
2445 8731 1
8731 7017 1
7017 1412 1
1412 9141 1
9141 9110 1
9110 8316 1
8316 9427 1
9427 4477 1
4477 2505 1
2505 4356 1
4356 8546 1
8546 6374 1
6374 9346 1
9346 4230 1
4230 5117 1
5117 10809 1
10809 8782 1
8782 2401 1
2401 319 1
319 10609 1
10609 2880 1
2880 6918 1
6918 85 1
85 4861 1
4861 6286 1
6286 2112 1
2112 9400 1
9400 483 1
483 1801 1
1801 2658 1
2658 5906 1
5906 3344 1
3344 8343 1
8343 7484 1
7484 9577 1
9577 5974 1
5974 2175 1
2175 3882 1
3882 10539 1
10539 8767 1
8767 4003 1
4003 486 1
6926 7965 1
7965 486 1
486 1082 1
1082 3866 1
3866 2573 1
2573 5562 1
5562 6950 1
6950 5611 1
5611 3574 1
3574 8882 1
8882 6329 1
6329 2071 1
2071 3560 1
3560 9873 1
9873 1535 1
1535 482 1
482 8882 1
8882 5318 1
5318 1412 1
1412 10135 1
10135 3364 1
3364 8316 1
8316 4060 1
2979 3309 1
3309 7457 1
7457 3678 1
3678 3326 1
3326 7505 1
7505 8871 1
8871 10397 1
10397 6821 1
6821 4142 1
4142 4960 1
4960 2950 1
2950 7190 1
7190 3597 1
3597 11068 1
11068 7470 1
7470 3922 1
3922 11068 1
11068 6815 1
6815 6981 1
6981 9740 1
9740 1432 1
1432 10743 1
10743 4870 1
4870 7992 1
7992 5616 1
5616 3993 1
3993 6383 1
6383 2209 1
2209 10613 1
10613 10954 1
10954 6926 1
6926 7177 1
7177 7432 1
7432 9405 1
9405 6376 1
6376 7994 1
7994 11068 1
11068 7479 1
7479 6849 1
6849 3934 1
3934 6808 1
6808 7835 1
7835 4418 1
4418 10824 1
10824 2238 1
5974 1443 1
1443 10374 1
10374 335 1
335 9044 1
9044 9872 1
9872 10759 1
9872 9011 1
9011 4135 1
4135 1785 1
1785 6194 1
6194 2958 1
2958 2238 1
2238 7211 1
7211 5783 1
5783 2880 1
2880 756 1
756 9165 1
9165 437 1
437 1564 1
1564 3111 1
3111 1535 1
1535 2121 1
2121 4115 1
4115 982 1
982 4861 1
4861 3574 1
3574 232 1
232 42 1
42 8470 1
8470 4060 1
4060 1785 1
1785 85 1
85 5881 1
5881 6099 1
6099 5899 1
5899 10873 1
10873 7816 1
7816 2083 1
2083 8756 1
8756 5503 1
5503 4477 1
4477 2658 1
2658 9141 1
9141 2788 1
2788 3409 1
3409 10202 1
10202 360 1
360 7457 1
7457 9600 1
9600 1806 1
1806 9666 1
9666 4104 1
4104 42 1
42 9605 1
9605 2402 1
9605 6052 1
6052 4462 1
4462 9011 1
9011 3517 1
3517 3813 1
3813 10004 1
10004 3772 1
3772 6525 1
6525 8759 1
8759 2381 1
2381 3227 1
3227 3517 1
3517 8316 1
8316 437 1
437 1785 1
1785 4238 1
4238 5442 1
5442 10263 1
10263 3401 1
3401 1717 1
1717 3397 1
3397 1801 1
1801 8523 1
3042 10318 1
10318 4238 1
4238 3678 1
3678 10343 1
10343 1484 1
1484 3574 1
3574 6286 1
6286 3062 1
3062 9092 1
9092 11 1
11 11052 1
11052 6328 1
6328 2848 1
2848 10123 1
10123 6770 1
6770 3317 1
3317 4061 1
4061 9939 1
9939 7676 1
7676 6194 1
6194 5574 1
5574 5355 1
5355 1959 1
5161 2658 1
2658 542 1
542 6139 1
6139 8565 1
8565 7695 1
7695 10287 1
10287 2262 1
2262 8565 1
7695 2958 1
2958 2243 1
2243 9605 1
9605 730 1
730 1958 1
1958 8233 1
8233 1785 1
1785 8987 1
8987 5574 1
5574 3234 1
3234 2979 1
2979 3778 1
3778 10123 1
10123 2658 1
2658 8523 1
8523 3064 1
3064 11132 1
11132 2571 1
2571 9218 1
9218 4871 1
4871 9223 1
9223 9490 1
9490 3175 1
3175 8095 1
3175 3317 1
3317 5130 1
5130 7177 1
7177 8779 1
8779 10123 1
10123 10287 1
10287 2272 1
2272 3042 1
3042 3383 1
3383 6239 1
6239 8233 1
8233 7618 1
7618 8187 1
8187 9165 1
9165 7920 1
7920 8523 1
2658 4474 1
4474 10375 1
10375 386 1
386 4474 1
4474 3644 1
3644 5772 1
5772 3922 1
5772 2401 1
2401 4797 1
4797 9204 1
9204 2401 1
2401 6981 1
6981 11068 1
11068 9169 1
9169 317 1
317 3344 1
3344 85 1
85 7695 1
7695 2284 1
2284 4351 1
4351 5884 1
5884 9502 1
9502 6935 1
6935 6093 1
6093 8516 1
8516 42 1
42 7294 1
7294 6491 1
6491 2175 1
2175 5503 1
5503 4357 1
4357 5969 1
5969 6563 1
6563 629 1
629 4862 1
4862 8802 1
8802 4349 1
4349 7084 1
7084 5154 1
5154 6815 1
6815 3922 1
5772 10662 1
10662 797 1
797 9807 1
9807 377 1
377 7911 1
7911 9422 1
9422 5798 1
5798 6563 1
6563 8802 1
8802 440 1
440 50 1
50 9142 1
9142 7676 1
7676 7530 1
7530 9733 1
9733 10202 1
10202 6491 1
6491 2238 1
2238 4892 1
4892 10792 1
10792 2552 1
2552 5442 1
5442 6595 1
6595 3957 1
3957 7768 1
7768 9870 1
9870 10777 1
10777 10886 1
10886 3229 1
3229 8401 1
8401 5458 1
5458 6786 1
6786 6391 1
6391 3175 1
3175 993 1
993 2284 1
2284 9237 1
9237 133 1
133 3387 1
133 3745 1
3745 3387 1
3387 9237 1
3745 1349 1
3745 2590 1
2590 8696 1
8696 3919 1
3919 9562 1
9562 2680 1
9562 2590 1
2590 8107 1
2590 8468 1
8468 3594 1
8468 897 1
8468 8810 1
8810 8390 1
