142 5671 1
5671 1788 1
5671 11049 1
11049 8635 1
8635 10034 1
10034 507 1
507 3247 1
3247 587 1
587 1226 1
1226 4098 1
4098 587 1
4098 3409 1
3409 232 1
232 3945 1
3945 6910 1
6910 4297 1
4297 6286 1
6286 1211 1
1211 7910 1
7910 4649 1
4649 7275 1
7275 10909 1
10909 9131 1
9131 10455 1
10455 6229 1
6229 9238 1
9238 7699 1
7699 2112 1
2112 4298 1
4298 3482 1
3482 944 1
944 6392 1
6392 6563 1
6563 4008 1
4008 3637 1
3637 1730 1
1730 8425 1
8425 10649 1
10649 4008 1
4008 6549 1
6549 9545 1
9545 1535 1
1535 4357 1
4357 2112 1
2112 5792 1
5792 4661 1
4661 6549 1
6549 8736 1
8736 2571 1
2571 10723 1
10723 9400 1
9400 1134 1
1134 3062 1
3062 7682 1
7682 5968 1
5968 10504 1
10504 4664 1
4664 1793 1
1793 8286 1
8286 10238 1
10238 8952 1
8952 10209 1
10209 4325 1
4325 8286 1
8286 4664 1
4664 15 1
15 4650 1
4650 2545 1
2545 3384 1
3384 1810 1
2545 10317 1
10317 5501 1
5501 3844 1
3844 4104 1
4104 10149 1
10149 3097 1
3097 8767 1
8767 296 1
296 10539 1
10539 532 1
532 9072 1
9072 5049 1
5049 4420 1
5049 8450 1
8450 66 1
66 3952 1
66 9128 1
9128 6811 1
6811 10973 1
10973 10686 1
10686 6898 1
6898 7673 1
7673 4189 1
4189 10166 1
10166 3903 1
3903 1499 1
1499 5451 1
5451 2260 1
2260 8484 1
8484 7994 1
7994 3130 1
3130 9823 1
9823 4230 1
4230 11068 1
11068 929 1
929 10108 1
10108 2358 1
2358 5171 1
5171 8278 1
8278 8562 1
8562 10094 1
10094 10127 1
10127 5813 1
5813 5171 1
5171 5789 1
5789 8484 1
8484 4104 1
4104 2406 1
2406 1877 1
1877 2848 1
2848 5241 1
5241 6696 1
6696 3971 1
3971 6327 1
6327 296 1
296 1341 1
1341 8756 1
8756 3767 1
3767 6838 1
6838 1834 1
1834 6735 1
6735 8194 1
8194 8996 1
8996 8856 1
8856 10977 1
10977 7236 1
7236 2635 1
2635 7098 1
7098 8531 1
8531 8194 1
8194 8176 1
8176 8856 1
8856 1019 1
1019 7367 1
7367 5279 1
5279 5013 1
5013 8531 1
8531 3589 1
3589 1834 1
1834 2635 1
2635 3092 1
3092 1406 1
1406 1987 1
1987 411 1
1987 10143 1
10143 1882 1
1882 6197 1
6197 5451 1
5451 5524 1
5524 4019 1
4019 8827 1
8827 7994 1
7994 8078 1
8078 985 1
985 3597 1
3597 667 1
667 941 1
941 4104 1
4104 1785 1
1785 2658 1
2658 2819 1
2819 8229 1
8229 9651 1
9651 1922 1
1922 4119 1
4119 6572 1
6572 3064 1
3064 629 1
629 5395 1
5395 11006 1
11006 3344 1
3344 5230 1
5230 4870 1
4870 11132 1
11132 7379 1
7379 9141 1
9141 9473 1
9473 2734 1
2734 4104 1
4104 6525 1
6525 6286 1
6286 6061 1
6061 8987 1
8987 11086 1
11086 9011 1
9011 319 1
319 1801 1
1801 7768 1
7768 7505 1
7505 6918 1
6918 2121 1
2121 4104 1
4104 3914 1
3914 4536 1
4536 5161 1
5161 281 1
281 4563 1
4563 3022 1
3022 9142 1
9142 2381 1
2381 10287 1
10287 10886 1
10886 9358 1
9358 3062 1
3062 9400 1
9400 5053 1
5053 10287 1
10287 6935 1
6935 4396 1
4396 6691 1
6691 2162 1
2162 10487 1
10487 32 1
32 2162 1
2162 1705 1
1705 8304 1
8304 3922 1
3922 6981 1
6981 2993 1
2993 9374 1
9374 6443 1
6443 3597 1
3597 7546 1
7546 11173 1
11173 2078 1
2078 5230 1
5230 7720 1
7720 5539 1
5539 10418 1
10418 7992 1
7992 8506 1
8506 5574 1
5574 542 1
542 941 1
941 4357 1
4357 9011 1
9011 3510 1
3510 6058 1
6058 3115 1
3115 6834 1
6834 478 1
478 4018 1
4018 8054 1
8054 3115 1
3115 3327 1
3327 6288 1
6288 4531 1
4531 233 1
233 3478 1
3478 5978 1
5978 10087 1
10087 1965 1
1965 7746 1
7746 1177 1
7746 8364 1
8364 3572 1
3572 7457 1
7457 5929 1
5929 6455 1
6455 529 1
529 7457 1
7457 10546 1
10546 3862 1
3862 9296 1
9296 2791 1
2791 1208 1
1208 3326 1
3326 4468 1
4468 7591 1
7591 8345 1
8345 6459 1
6459 3364 1
3364 8998 1
8998 5053 1
5053 10318 1
10318 531 1
531 790 1
790 11161 1
11161 1554 1
11161 1660 1
1660 235 1
235 790 1
531 3062 1
7682 5016 1
5016 1233 1
1233 4382 1
4382 8716 1
8716 497 1
497 2121 1
2121 7505 1
2121 7091 1
7091 1197 1
1197 9681 1
9681 6572 1
6572 6935 1
6935 4725 1
4725 6991 1
6991 4631 1
4631 7193 1
7193 2284 1
2284 2505 1
2505 7505 1
7505 11052 1
11052 532 1
532 3993 1
3993 4474 1
4474 1681 1
1681 6118 1
6118 3551 1
3551 5261 1
5261 7611 1
7611 1298 1
1298 946 1
946 9122 1
9122 4676 1
4676 8537 1
8537 10141 1
10141 1119 1
1119 4676 1
4676 5650 1
5650 2817 1
2817 5261 1
5261 304 1
304 6186 1
6186 2214 1
2214 5779 1
5779 4112 1
4112 4521 1
4521 5471 1
5471 10585 1
10585 9630 1
9630 3870 1
3870 2601 1
2601 10516 1
10516 1729 1
1729 9951 1
9951 10516 1
10516 442 1
442 4028 1
4028 3047 1
3047 7171 1
7171 6196 1
6196 16 1
16 2851 1
2851 4040 1
4040 7840 1
7840 1567 1
1567 9314 1
1567 8121 1
8121 7334 1
7334 8744 1
8744 1469 1
1469 1110 1
1110 9324 1
9324 8571 1
8571 5982 1
5982 1812 1
1812 11183 1
11183 1087 1
1087 8536 1
8536 8808 1
8808 10994 1
10994 9860 1
10994 6410 1
10994 8536 1
8536 2446 1
2446 5109 1
5109 8231 1
8231 7647 1
7647 9376 1
9376 14 1
14 10306 1
10306 8154 1
8154 2015 1
2015 1066 1
1066 649 1
649 6023 1
6023 1818 1
1818 6574 1
6574 5503 1
5503 8374 1
8374 2238 1
2238 8229 1
8229 629 1
629 9605 1
9605 6890 1
6890 5964 1
5964 2552 1
2552 2281 1
2281 9681 1
9681 6411 1
6411 4766 1
4766 1959 1
1959 437 1
437 8961 1
8961 8716 1
8716 2262 1
2262 9141 1
9141 2284 1
2284 1336 1
1336 2819 1
2819 1629 1
1629 9600 1
9600 5340 1
5340 3637 1
3637 9141 1
9141 6033 1
6033 3678 1
3678 10135 1
10135 10266 1
10266 1674 1
1674 4008 1
1730 1286 1
1286 2170 1
2170 6033 1
6033 5537 1
5537 9600 1
9600 3115 1
3115 478 1
478 8730 1
8730 6058 1
6058 8316 1
8316 10886 1
10886 4474 1
4474 1629 1
1629 8330 1
8330 11132 1
11132 4238 1
4238 8961 1
8961 537 1
537 10792 1
10792 11132 1
11132 7064 1
7064 2243 1
2243 2975 1
2975 5442 1
5442 7702 1
7702 3060 1
3060 8187 1
8187 10292 1
10292 377 1
377 4021 1
4021 304 1
304 8135 1
8135 5015 1
5015 2845 1
2845 10704 1
2845 6683 1
6683 923 1
923 4642 1
4642 3391 1
3391 5452 1
5452 8576 1
8576 923 1
923 3618 1
3618 447 1
447 5807 1
5807 6104 1
5807 3292 1
3292 5181 1
5181 10306 1
10306 3600 1
3600 8921 1
8921 4555 1
4555 10834 1
10834 2548 1
2548 1818 1
1818 7831 1
7831 5080 1
5080 8117 1
8117 2119 1
2119 73 1
73 2426 1
2426 2015 1
2015 8477 1
8477 5859 1
5859 7272 1
7272 7307 1
7307 306 1
306 3268 1
3268 809 1
809 10462 1
10462 9937 1
9937 3621 1
3621 1044 1
1044 9012 1
9012 3041 1
1044 3041 1
3041 1274 1
1274 6021 1
6021 10565 1
10565 4346 1
4346 4591 1
4346 7197 1
7197 6919 1
6919 4346 1
4346 8004 1
8004 8148 1
8004 1698 1
1698 6575 1
6575 4272 1
6575 6074 1
6074 10259 1
1698 10798 1
1698 8102 1
8102 2748 1
8102 4469 1
4469 7213 1
7213 704 1
704 2677 1
2677 10700 1
10700 963 1
963 4733 1
4733 9126 1
9126 10700 1
10700 6054 1
6054 9126 1
9126 4052 1
4052 9805 1
4052 1679 1
1679 9805 1
9805 2993 1
2993 5422 1
5422 9180 1
9180 9766 1
9766 11181 1
11181 3280 1
3280 6060 1
6060 2578 1
2578 5120 1
5120 1403 1
1403 2153 1
2153 10512 1
10512 2975 1
2975 232 1
232 6391 1
6391 5374 1
5374 5439 1
5439 6712 1
6712 319 1
319 85 1
85 4298 1
4298 6019 1
6019 3383 1
3383 4297 1
4297 10551 1
10551 8233 1
8233 232 1
232 6491 1
6491 6101 1
6101 8270 1
6101 7211 1
6101 1157 1
1157 4119 1
4119 7867 1
7867 5792 1
5792 3772 1
3772 232 1
232 8716 1
8716 4061 1
4061 5611 1
5611 1535 1
1535 6286 1
6286 68 1
68 8961 1
8961 1739 1
1739 10777 1
10777 4382 1
4382 9142 1
9142 8736 1
8736 8719 1
8719 3386 1
3386 1233 1
1233 9146 1
9146 4000 1
4000 4747 1
4747 2275 1
2275 2890 1
2890 6549 1
6549 4297 1
4297 2975 1
2975 10418 1
10418 8073 1
8073 1151 1
1151 8041 1
8041 1025 1
1025 5255 1
