1031 1492 1
1492 5198 1
5198 2847 1
2847 5342 1
5342 5564 1
5564 2153 1
2153 10512 1
10512 4590 1
4590 11177 1
11177 6426 1
6426 5031 1
6426 8681 1
8681 612 1
612 798 1
798 10235 1
10235 11086 1
11086 4379 1
4379 720 1
720 5751 1
5751 3409 1
3409 10882 1
10882 7464 1
7464 5830 1
5830 9041 1
9041 9878 1
9878 10564 1
10564 9442 1
9442 7302 1
7302 6267 1
6267 4251 1
4251 1165 1
1165 6197 1
6197 6443 1
6443 6109 1
6109 4893 1
6109 2762 1
2762 3092 1
3092 1934 1
1934 9124 1
9124 6333 1
6333 165 1
165 3296 1
3296 1934 1
1934 4360 1
1934 3392 1
3392 7147 1
7147 4776 1
4776 7857 1
7857 5672 1
5672 9368 1
9368 7162 1
9368 8477 1
8477 5206 1
5206 1274 1
1274 857 1
857 1890 1
1890 9930 1
9930 9485 1
9930 5923 1
9930 2747 1
9930 7679 1
9930 169 1
9930 2693 1
2693 3201 1
3201 6036 1
6036 7193 1
7193 5884 1
5884 1381 1
1381 2284 1
2284 7758 1
7758 10802 1
10802 3317 1
3317 7867 1
7867 7922 1
7922 9422 1
9422 2024 1
2024 1483 1
1483 3022 1
3022 9218 1
9218 7945 1
7945 4115 1
4115 8759 1
8759 537 1
537 7064 1
7064 11006 1
11006 6722 1
6722 5611 1
5611 2975 1
2975 6118 1
6118 6649 1
6649 2133 1
6649 443 1
443 1934 1
1934 6349 1
6349 10882 1
10882 6052 1
6052 4462 1
4462 7275 1
7275 9131 1
9131 2077 1
2077 2077 1
2077 2851 1
2851 102 1
102 3364 1
3364 853 1
853 8071 1
8071 3825 1
3825 10056 1
10056 2475 1
2475 3317 1
3317 8341 1
8341 6391 1
6391 4877 1
4877 5611 1
5611 8716 1
8716 1629 1
1629 7484 1
7484 6061 1
6061 3409 1
3409 8374 1
8374 5053 1
5053 9146 1
9146 437 1
437 3523 1
3523 4747 1
4747 3794 1
3794 6528 1
6528 4747 1
4747 11132 1
11132 4382 1
4382 2505 1
2505 1208 1
1208 9600 1
9600 3022 1
3022 7505 1
7505 7023 1
7023 4115 1
4115 2958 1
2958 3772 1
3772 6563 1
6563 6572 1
6572 3560 1
3560 6391 1
6391 11129 1
11129 9602 1
9602 2970 1
2970 10777 1
10777 1959 1
1959 50 1
50 8229 1
8229 232 1
232 258 1
258 1629 1
1629 233 1
233 8146 1
8146 10129 1
10129 10397 1
10397 10432 1
10397 1066 1
1066 9925 1
9925 3748 1
3748 5085 1
3748 8765 1
8765 10985 1
10985 6293 1
6293 582 1
582 6023 1
6023 2492 1
2492 4397 1
4397 5080 1
5080 9148 1
9148 10985 1
10985 2073 1
2073 2015 1
2015 10729 1
10729 10306 1
10306 6239 1
6239 2238 1
2238 6910 1
6910 8345 1
8345 6712 1
6712 2243 1
2243 7663 1
7663 10004 1
10004 319 1
319 10292 1
10292 7618 1
7618 7211 1
7211 8882 1
8882 4766 1
4766 975 1
4766 4892 1
4892 2819 1
2819 7845 1
7845 4135 1
4135 2284 1
2284 10529 1
10529 4861 1
4861 10804 1
10804 9400 1
9400 11006 1
11006 8565 1
8565 8079 1
8079 7789 1
7789 7017 1
7017 7359 1
7359 10041 1
10041 10723 1
10723 1229 1
1229 4810 1
4810 10964 1
10964 1341 1
1341 983 1
983 8669 1
8669 1341 1
1341 3570 1
3570 8767 1
8767 2595 1
2595 1341 1
1341 1716 1
1716 10551 1
10551 1564 1
1564 2552 1
2552 6411 1
6411 4829 1
4829 3574 1
3574 5974 1
5974 4861 1
4861 3813 1
3813 2535 1
2535 7052 1
7052 4468 1
4468 4527 1
4527 9922 1
9922 1038 1
1038 4082 1
4082 1429 1
1429 6695 1
6695 4082 1
4082 7052 1
7052 9922 1
9922 5395 1
5395 5442 1
5442 4464 1
4464 5503 1
5503 6061 1
6061 10792 1
10792 2262 1
2262 4747 1
4747 9146 1
9146 2243 1
2243 10792 1
10792 3364 1
3364 360 1
360 281 1
281 10723 1
10723 8802 1
8802 2958 1
2958 2447 1
2447 8523 1
8523 10318 1
10318 5708 1
5708 7768 1
7768 6286 1
6286 497 1
497 3022 1
3022 2402 1
2402 4382 1
4382 2020 1
2020 11006 1
11006 7768 1
7768 4774 1
4774 583 1
583 4474 1
4474 8316 1
8316 4747 1
4747 3957 1
3957 1801 1
1801 10804 1
10804 5574 1
5574 9817 1
9817 414 1
414 7017 1
7017 7228 1
7228 9502 1
9502 10158 1
10158 3229 1
3229 176 1
3229 5443 1
5443 10031 1
10031 4871 1
4871 42 1
42 10434 1
10434 6411 1
6411 7582 1
7582 4281 1
4281 10757 1
10757 3205 1
10757 7188 1
7188 1009 1
1009 2145 1
2145 14 1
14 1258 1
1258 2145 1
2145 1096 1
1096 5573 1
5573 6293 1
6293 6536 1
6536 6023 1
6023 5080 1
5080 3860 1
3860 7595 1
7595 1131 1
7595 3140 1
3140 7392 1
7392 5781 1
5781 7205 1
7205 4078 1
4078 6379 1
6379 8824 1
6379 10973 1
10973 2090 1
2090 956 1
956 2745 1
2745 10072 1
2745 7222 1
7222 4222 1
4222 1585 1
4222 6017 1
6017 2745 1
2745 5885 1
5885 6326 1
6326 1815 1
1815 249 1
249 11024 1
11024 2771 1
2771 10334 1
10334 7947 1
7947 923 1
923 1129 1
1129 11040 1
11040 9871 1
11040 6118 1
6118 10260 1
10260 4870 1
4870 7174 1
7174 10418 1
10418 9044 1
9044 10260 1
10260 8912 1
8912 3912 1
3912 3601 1
3601 4405 1
4405 3912 1
8912 2284 1
2284 5053 1
5053 8233 1
8233 6491 1
6491 2972 1
2972 4180 1
4180 8893 1
8893 6943 1
8893 1365 1
1365 1190 1
1190 8988 1
8988 2653 1
2653 3028 1
3028 4159 1
4159 3136 1
3136 5308 1
5308 1419 1
1419 10511 1
1419 3856 1
3856 6744 1
6744 2772 1
2772 5848 1
5848 7376 1
7376 10889 1
10889 2091 1
2091 4600 1
4600 8267 1
8267 4473 1
4473 9057 1
9057 7611 1
7611 2817 1
2817 9372 1
9372 8267 1
8267 10443 1
10443 6795 1
6795 10474 1
6795 10070 1
6795 596 1
596 596 1
596 3652 1
3652 11161 1
3652 6703 1
6703 531 1
531 4333 1
4333 9454 1
9454 8264 1
8264 5895 1
8264 9531 1
9531 4333 1
4333 8264 1
9454 9092 1
9092 9346 1
9346 4230 1
4230 4019 1
4019 3011 1
3011 1504 1
1504 4818 1
4818 4019 1
4019 4960 1
4960 5469 1
5469 3344 1
3344 2819 1
2819 4468 1
4468 3040 1
3040 4775 1
3040 5264 1
5264 5395 1
5395 8374 1
8374 1130 1
1130 6923 1
6923 4480 1
4480 2085 1
2085 6269 1
6269 8863 1
8863 5720 1
5720 3527 1
3527 5059 1
5059 9881 1
9881 10679 1
9881 4336 1
4336 353 1
353 10811 1
10811 7500 1
7500 3654 1
3654 9433 1
9433 3190 1
3190 11035 1
3190 4296 1
4296 53 1
53 982 1
982 7095 1
7095 9788 1
9788 8767 1
8767 2851 1
2851 4480 1
4480 2355 1
2355 2085 1
2085 2779 1
2779 8162 1
8162 6500 1
6500 6349 1
6349 5437 1
5437 4320 1
4320 1551 1
1551 4631 1
4631 7789 1
7789 6353 1
6353 7047 1
7047 3229 1
3229 6786 1
6786 5819 1
5819 7279 1
7279 10158 1
10158 7427 1
10158 42 1
42 5133 1
5133 5154 1
5154 32 1
32 2461 1
2461 4382 1
4382 834 1
834 10022 1
10022 9427 1
9427 6894 1
6894 8506 1
8506 6052 1
6052 7606 1
7606 224 1
224 10202 1
10202 9011 1
9011 941 1
941 9716 1
9716 2522 1
2522 7831 1
7831 10813 1
10813 1013 1
1013 1920 1
1920 10813 1
10813 1764 1
1764 5971 1
5971 3383 1
3383 1892 1
1892 4115 1
4115 583 1
583 941 1
941 357 1
357 8759 1
8759 6712 1
6712 3326 1
3326 10104 1
10104 9141 1
9141 6712 1
6712 8282 1
8282 1681 1
1681 678 1
678 4954 1
4954 2979 1
2979 4774 1
4774 6019 1
6019 4480 1
4480 2192 1
2192 3384 1
3384 6229 1
6229 2545 1
2545 808 1
808 7159 1
7159 6422 1
6422 8282 1
8282 2734 1
2734 10726 1
10726 6099 1
6099 3623 1
3623 7511 1
7511 1975 1
7511 8703 1
8703 5093 1
5093 2219 1
2219 3188 1
3188 7533 1
7533 2718 1
2718 285 1
285 35 1
285 9214 1
9214 3102 1
3102 9180 1
9180 9700 1
9700 1781 1
9700 9082 1
9082 8959 1
8959 10516 1
10516 3986 1
3986 1570 1
1570 1169 1
1169 4842 1
4842 1082 1
1082 5536 1
5536 1767 1
1767 3624 1
3624 442 1
442 3457 1
3457 6576 1
6576 2686 1
2686 10152 1
10152 4842 1
4842 10938 1
10938 6576 1
6576 7274 1
7274 2226 1
2226 1570 1
1570 10814 1
10814 3457 1
3457 4079 1
4079 7965 1
7965 8786 1
8786 5071 1
5071 7965 1
7965 7129 1
7129 9779 1
9779 3457 1
3457 2846 1
2846 1399 1
1399 5312 1
5312 505 1
505 4304 1
4304 1248 1
1248 452 1
452 2864 1
2864 2301 1
2301 2188 1
2188 6111 1
6111 5103 1
5103 9899 1
9899 10849 1
10849 1275 1
1275 2188 1
2188 584 1
584 6489 1
6489 10401 1
10401 8039 1
8039 1441 1
1441 11197 1
1441 10250 1
10250 8402 1
8402 277 1
277 4812 1
10250 2710 1
2710 466 1
466 4252 1
4252 930 1
930 3537 1
3537 610 1
610 930 1
3537 2401 1
2401 2401 1
2401 9740 1
9740 111 1
111 1227 1
1227 3519 1
3519 7668 1
3519 111 1
9740 797 1
9740 9169 1
9169 11068 1
11068 9446 1
9446 6803 1
6803 6970 1
6970 3011 1
3011 10528 1
10528 7857 1
7857 10233 1
10233 10528 1
10528 5739 1
5739 4149 1
4149 5906 1
5906 5154 1
5154 6910 1
6910 3100 1
3100 4477 1
4477 10609 1
10609 50 1
50 8233 1
8233 1801 1
1801 6525 1
6525 6563 1
6563 583 1
583 11132 1
11132 6712 1
11132 3327 1
3327 3922 1
3922 2008 1
2008 2447 1
2447 6572 1
6572 4862 1
4862 4119 1
4119 10792 1
10792 542 1
542 7920 1
7920 4766 1
4766 3062 1
3062 4382 1
4382 8719 1
8719 8871 1
8871 1705 1
8871 4464 1
4464 6139 1
6139 3022 1
3022 537 1
537 9605 1
9605 3945 1
3945 4563 1
4563 357 1
357 7582 1
7582 8187 1
8187 2946 1
2946 11006 1
11006 3317 1
3317 3175 1
3175 10158 1
10158 10073 1
10158 9358 1
9358 6737 1
6737 1681 1
1681 3064 1
3064 437 1
437 4483 1
4483 8736 1
8736 5355 1
5355 2946 1
2946 4297 1
4297 10022 1
10022 10723 1
10723 4892 1
4892 2284 1
2284 8153 1
8153 3772 1
3772 5053 1
5053 6061 1
6061 85 1
85 3914 1
3914 6139 1
6139 3383 1
3383 2737 1
2737 730 1
730 8882 1
8882 7618 1
7618 8187 1
8187 1515 1
1515 8274 1
8274 2162 1
2162 10487 1
10487 5593 1
5593 2880 1
2880 2272 1
2272 3574 1
3574 3523 1
3523 9146 1
9146 4298 1
4298 2275 1
2275 3794 1
3794 4008 1
4008 9387 1
9387 5324 1
5324 1153 1
1153 1412 1
1412 10004 1
10004 2970 1
2970 5324 1
5324 1892 1
1892 4941 1
4941 9939 1
9939 10588 1
10588 264 1
264 6255 1
6255 8345 1
8345 9278 1
9278 4766 1
4766 606 1
606 11006 1
11006 281 1
281 1540 1
1540 2547 1
1540 102 1
102 6491 1
6491 6723 1
6723 9015 1
9015 5569 1
5569 1959 1
1959 7211 1
7211 5971 1
5971 730 1
730 9998 1
9998 3858 1
3858 2552 1
2552 5442 1
5442 10318 1
10318 11132 1
11132 2792 1
2792 3327 1
3327 478 1
478 9011 1
9011 2563 1
2563 5188 1
5188 6286 1
6286 7370 1
7370 720 1
720 3393 1
3393 1285 1
1285 1196 1
1196 6336 1
6336 5892 1
5892 10941 1
10941 2771 1
2771 5885 1
5885 10941 1
10941 1746 1
1746 2162 1
2162 8523 1
8523 8428 1
8428 2300 1
2300 281 1
281 8603 1
8603 4061 1
4061 5597 1
5597 4264 1
4264 10726 1
10726 6722 1
6722 6097 1
6097 5161 1
5161 7768 1
7768 2284 1
2284 7400 1
7400 3914 1
3914 3692 1
3692 7816 1
7816 10964 1
10964 4104 1
4104 2272 1
2272 258 1
258 3813 1
3813 8719 1
8719 3227 1
3227 7159 1
7159 8736 1
8736 11060 1
11060 6239 1
6239 319 1
319 7530 1
7530 4382 1
4382 6563 1
6563 5969 1
5969 2854 1
2854 7789 1
7789 6391 1
6391 11054 1
11054 2272 1
2272 232 1
232 1157 1
1157 5503 1
5503 853 1
853 4828 1
4828 2970 1
2970 2262 1
2262 6770 1
6770 10123 1
10123 11060 1
11060 730 1
730 8470 1
8470 4606 1
4606 6239 1
6239 2071 1
2071 8303 1
8303 9873 1
9873 7211 1
7211 6239 1
2071 7211 1
7211 5969 1
5969 678 1
678 8736 1
8736 8187 1
8187 10726 1
10726 6549 1
6549 2402 1
2402 1739 1
1739 11006 1
11006 8998 1
8998 8871 1
8871 4536 1
4536 3022 1
3022 4766 1
4766 5161 1
5161 8316 1
8316 8730 1
8730 8506 1
8506 1739 1
1739 4297 1
4297 4115 1
4115 6549 1
6549 6595 1
6595 9870 1
9870 2192 1
2192 4877 1
4877 232 1
232 319 1
319 1664 1
1664 2192 1
2192 2020 1
2020 4357 1
4357 1681 1
1681 4264 1
4264 2854 1
2854 1331 1
1331 4919 1
4919 707 1
707 5978 1
5978 7746 1
7746 8644 1
8644 8364 1
8364 7746 1
7746 3720 1
3720 2545 1
6229 5974 1
5974 8603 1
8603 1137 1
1137 825 1
1137 10041 1
10041 11132 1
11132 3039 1
3039 9011 1
9011 6572 1
6572 4774 1
4774 6286 1
6286 2958 1
2958 8719 1
8719 10022 1
10022 3410 1
3410 2658 1
2658 4352 1
4352 7054 1
7054 8219 1
8219 369 1
8219 161 1
161 1541 1
1541 4154 1
4154 6642 1
6642 6491 1
6491 8215 1
8215 499 1
499 2372 1
2372 9571 1
2372 4679 1
4679 8113 1
8113 4887 1
4887 4004 1
4004 10248 1
10248 9456 1
9456 4845 1
4845 2284 1
2284 6991 1
6991 1688 1
1688 6353 1
6353 2877 1
2877 6737 1
6737 1341 1
1341 10343 1
10343 1629 1
1629 9011 1
9011 9872 1
9872 2851 1
2851 9253 1
9253 5082 1
5082 10234 1
10234 5441 1
5441 4672 1
4672 10411 1
10411 6341 1
6341 5774 1
5774 1407 1
1407 6500 1
6500 6362 1
6362 5437 1
5437 7411 1
7411 6197 1
6197 3528 1
3528 4947 1
4947 4842 1
4842 11007 1
11007 370 1
370 10591 1
10591 1365 1
1365 9740 1
9740 11068 1
11068 3361 1
11068 1482 1
1482 352 1
352 5167 1
5167 9796 1
9796 7754 1
7754 11081 1
11081 5119 1
5119 8644 1
8644 5336 1
5336 4776 1
4776 3100 1
3100 8736 1
8736 4877 1
4877 7676 1
7676 561 1
561 9605 1
9605 3971 1
3971 8255 1
3971 7147 1
7147 10525 1
10525 5246 1
5246 5016 1
5016 8239 1
8239 4196 1
4196 3528 1
3528 9118 1
9118 3053 1
3053 4724 1
4724 5899 1
5899 8779 1
8779 1082 1
1082 10938 1
10938 5941 1
5941 2944 1
2944 4947 1
4947 6035 1
6035 5899 1
5899 7598 1
7598 8883 1
8883 2954 1
2954 6197 1
6197 4027 1
4027 5668 1
5668 1987 1
1987 667 1
667 2831 1
2831 2760 1
2760 4019 1
4019 411 1
411 3747 1
3747 1987 1
1987 7719 1
7719 10983 1
10983 9731 1
9731 4648 1
4648 3130 1
3130 1248 1
1248 6762 1
6762 2259 1
2259 4366 1
2259 4868 1
4868 1248 1
1248 9071 1
9071 685 1
685 1934 1
1934 661 1
661 7147 1
7147 8103 1
8103 1965 1
1965 2880 1
2880 1328 1
1328 7359 1
7359 8330 1
8330 6595 1
6595 3409 1
3409 483 1
483 3644 1
3644 4297 1
4297 4563 1
4563 542 1
542 2975 1
2975 7031 1
7031 2946 1
2946 2788 1
2788 10777 1
10777 4298 1
4298 7467 1
4298 756 1
756 6525 1
6525 5574 1
5574 2381 1
2381 4954 1
4954 5318 1
5318 4661 1
4661 9142 1
9142 5241 1
5241 1564 1
1564 7359 1
7359 4104 1
4104 4664 1
4664 6786 1
6786 6923 1
6923 8345 1
8345 3957 1
3957 3644 1
3644 8282 1
8282 8882 1
8882 1959 1
1959 5374 1
5374 606 1
606 6097 1
6097 5016 1
5016 4482 1
4482 4480 1
4480 2044 1
2044 2243 1
2243 7768 1
7768 2121 1
2121 941 1
941 6061 1
6061 3326 1
3326 7977 1
7977 7597 1
7597 1331 1
4919 2904 1
2904 3181 1
3181 3267 1
3267 7427 1
7427 1275 1
1275 1904 1
1904 8002 1
8002 2864 1
2864 709 1
709 2921 1
2921 2795 1
2795 10062 1
10062 8911 1
8911 2188 1
2188 1331 1
1331 4937 1
4937 8002 1
8002 4073 1
4073 6063 1
6063 9899 1
9899 8644 1
8644 707 1
707 4937 1
4937 10849 1
10849 397 1
397 5336 1
5336 5831 1
5831 2493 1
2493 2046 1
2046 10248 1
10248 1772 1
1772 6258 1
6258 10048 1
10048 2927 1
2927 7787 1
7787 7831 1
7831 1986 1
1986 2426 1
2426 73 1
73 6203 1
73 582 1
582 2015 1
2015 7136 1
7136 363 1
363 8878 1
8878 3875 1
3875 10605 1
3875 2616 1
2616 7138 1
10605 3205 1
3205 3222 1
3222 5595 1
5595 841 1
841 3222 1
5595 10605 1
3222 10605 1
841 3205 1
3205 9201 1
9201 10605 1
10605 7685 1
841 10605 1
3205 5595 1
3205 1238 1
1238 10757 1
10757 10341 1
10341 1659 1
1659 10053 1
10053 10860 1
10860 2776 1
2776 7609 1
7609 10292 1
10292 9681 1
9681 4862 1
4862 7091 1
7091 50 1
50 1197 1
1197 4862 1
4862 8187 1
8187 5374 1
5374 9733 1
9733 3344 1
3344 10726 1
10726 537 1
537 4918 1
4918 6459 1
6459 8762 1
8762 3100 1
3100 50 1
50 10004 1
10004 6712 1
6712 10792 1
10792 9427 1
9427 1197 1
1197 9373 1
9373 6491 1
6491 3993 1
3993 542 1
542 319 1
319 3523 1
3523 7211 1
7211 4119 1
4119 8187 1
8187 5611 1
5611 1336 1
1336 8153 1
8153 10628 1
10628 9033 1
9033 8316 1
8316 982 1
982 4238 1
4238 4298 1
4298 3344 1
3344 4387 1
4387 2380 1
2380 4834 1
4834 9938 1
9938 1671 1
1671 2601 1
2601 10654 1
10654 5724 1
5724 6576 1
6576 5382 1
5382 5562 1
5562 4842 1
4842 3624 1
3624 8959 1
8959 6576 1
6576 10516 1
10516 10152 1
10152 7120 1
7120 7902 1
7902 6552 1
6552 10890 1
10890 10311 1
10311 5182 1
5182 3866 1
3866 8178 1
8178 5382 1
5382 7885 1
7885 5914 1
5914 1767 1
1767 1416 1
1416 4033 1
4033 7274 1
7274 997 1
997 442 1
442 563 1
442 10814 1
10814 1767 1
1767 8015 1
8015 3866 1
3866 1767 1
1767 5724 1
5724 1570 1
1570 5536 1
5536 58 1
58 9960 1
9960 6508 1
6508 5687 1
5687 9994 1
9994 6508 1
6508 58 1
58 10329 1
10329 8015 1
8015 7120 1
7120 10938 1
10938 997 1
997 3624 1
3624 8178 1
8178 1250 1
1250 3457 1
3457 10329 1
10329 7299 1
7299 1416 1
1416 2371 1
2371 1800 1
2371 8705 1
8705 3372 1
3372 10938 1
10938 1250 1
1250 2601 1
2601 2562 1
2562 9758 1
9758 6355 1
6355 2601 1
2601 1035 1
1035 8778 1
8778 2451 1
2451 4557 1
2451 4768 1
4768 5282 1
5282 1035 1
8778 8950 1
8950 6355 1
6355 4768 1
4768 8957 1
8957 1026 1
1026 5829 1
5829 6172 1
6172 2807 1
2807 994 1
994 8343 1
8343 3100 1
3100 8755 1
8755 629 1
629 2272 1
2272 4774 1
4774 85 1
85 4000 1
4000 3062 1
3062 5441 1
5441 4352 1
4352 4672 1
4672 10353 1
10353 161 1
161 10143 1
10143 2058 1
2058 2695 1
2695 10809 1
10809 4027 1
4027 2695 1
2695 7123 1
7123 10814 1
10814 8959 1
8959 6552 1
6552 2589 1
2589 5779 1
5779 10325 1
10325 5195 1
5195 2562 1
2562 1348 1
1348 7938 1
7938 2562 1
2562 10325 1
2562 304 1
304 8778 1
8778 2530 1
2530 5946 1
5946 5265 1
5265 2451 1
2451 8156 1
8156 9758 1
9758 6364 1
6364 6552 1
6552 6220 1
6220 10311 1
10311 7885 1
7885 3389 1
3389 5319 1
5319 4727 1
4727 5681 1
5681 2476 1
2476 6552 1
6552 299 1
299 5724 1
5724 9468 1
9468 2187 1
2187 6642 1
6642 9787 1
9787 2159 1
2159 2644 1
9787 10967 1
10967 5299 1
5299 5546 1
5546 9416 1
9416 982 1
982 1785 1
1785 2272 1
2272 10588 1
10588 6061 1
6061 8565 1
8565 1059 1
1059 7530 1
7530 9142 1
4661 8345 1
8345 50 1
50 2734 1
2734 7371 1
7371 9939 1
9939 10777 1
10777 6383 1
6383 621 1
621 2736 1
2736 987 1
987 10233 1
10233 4482 1
4482 8762 1
8762 3840 1
3840 987 1
3840 7710 1
7710 3569 1
3569 6737 1
6737 8187 1
8187 5161 1
5161 3064 1
3064 6563 1
6563 6059 1
6059 1535 1
1535 11125 1
11125 8604 1
8604 9781 1
9781 7904 1
7904 8604 1
8604 9349 1
9349 2453 1
2453 4920 1
2453 1677 1
1677 5010 1
5010 2762 1
2762 2695 1
2695 3572 1
3572 7313 1
7313 5974 1
5974 7361 1
7361 8100 1
8100 376 1
376 8660 1
8660 8848 1
8848 7361 1
7361 7689 1
7689 2709 1
7689 11087 1
11087 6229 1
6229 2796 1
2796 5974 1
5974 4747 1
4747 3778 1
3778 7663 1
7663 606 1
606 4661 1
4661 2112 1
2112 5974 1
5974 1564 1
1564 5971 1
5971 7147 1
7147 9387 1
9387 4563 1
4563 7530 1
7530 982 1
982 2243 1
2243 4000 1
4000 2734 1
2734 4238 1
4238 8153 1
8153 9600 1
9600 1751 1
1751 5255 1
5255 5016 1
5016 6737 1
6737 2925 1
2925 8767 1
8767 2819 1
2819 6328 1
6328 4871 1
4871 6770 1
6770 6286 1
6286 10726 1
10726 2402 1
2402 1130 1
1130 6563 1
6563 9146 1
9146 9141 1
9141 9218 1
9218 7371 1
7371 5503 1
5503 583 1
583 7064 1
7064 5053 1
5053 1681 1
1681 4747 1
4747 10343 1
10343 2734 1
2734 9165 1
9165 6097 1
6097 4297 1
4297 9165 1
9165 125 1
125 10528 1
10528 411 1
411 3288 1
3288 1406 1
1406 9823 1
9823 1248 1
1248 2285 1
2285 1904 1
1904 2484 1
2484 3267 1
3267 7212 1
7212 7754 1
7754 1275 1
1275 452 1
452 7814 1
7814 5103 1
5103 2484 1
2484 9441 1
9441 2081 1
2081 2041 1
2041 7963 1
7963 18 1
7963 5819 1
5819 9438 1
9438 5443 1
5443 6926 1
6926 2827 1
2827 7229 1
7229 3017 1
3017 10091 1
10091 5442 1
5442 5971 1
5971 9605 1
9605 3064 1
3064 9545 1
9545 2854 1
2854 3572 1
3572 2877 1
2877 6099 1
6099 7505 1
7505 678 1
678 4104 1
4104 4297 1
4297 2936 1
2936 8998 1
8998 8345 1
8345 1739 1
1739 9142 1
9142 2121 1
2121 1564 1
1564 6099 1
6099 5709 1
5709 296 1
296 614 1
614 8037 1
8037 9072 1
9072 3692 1
3692 2848 1
2848 5293 1
5293 1132 1
1132 2877 1
2877 9072 1
9072 2925 1
2925 240 1
240 1341 1
1341 18 1
18 3812 1
3812 5293 1
5293 1281 1
1281 8626 1
8626 1762 1
1762 1401 1
1401 8266 1
1762 7415 1
8626 9035 1
9035 9067 1
9067 1224 1
1224 9035 1
9067 8450 1
8450 748 1
748 6801 1
6801 9238 1
9238 7992 1
7992 3326 1
3326 319 1
319 541 1
541 4180 1
4180 8360 1
8360 2206 1
2206 9849 1
9849 10373 1
10373 10174 1
10174 9849 1
9849 7263 1
7263 2793 1
2793 4107 1
4107 3133 1
3133 374 1
374 424 1
424 10534 1
10534 5541 1
5541 10950 1
10950 3814 1
3814 5541 1
5541 8778 1
8778 6680 1
6680 9924 1
9924 5991 1
5991 8796 1
8796 9924 1
9924 192 1
192 9996 1
9996 5132 1
5132 2140 1
2140 6484 1
2140 10372 1
10372 2138 1
2138 10232 1
10232 4495 1
4495 1994 1
4495 9068 1
9068 4094 1
9068 2138 1
2138 1295 1
2138 5360 1
5360 2867 1
2867 8246 1
8246 9148 1
9148 2073 1
2073 7163 1
7163 6023 1
6023 1727 1
1727 1326 1
1326 3494 1
3494 4840 1
4840 1818 1
1818 1368 1
1368 1096 1
1096 9104 1
9104 367 1
367 6293 1
6293 1986 1
1986 2867 1
2867 3748 1
3748 4397 1
4397 3111 1
3111 6881 1
6881 7136 1
7136 848 1
848 10812 1
10812 7076 1
7076 9471 1
7076 9566 1
9566 8378 1
8378 5985 1
5985 8832 1
5985 512 1
512 5052 1
5052 10833 1
10833 4372 1
4372 11068 1
11068 4757 1
4757 411 1
411 4818 1
4818 6137 1
6137 411 1
411 9374 1
9374 7994 1
7994 3344 1
3344 258 1
258 7064 1
7064 2112 1
2112 583 1
583 6712 1
6712 8998 1
8998 1025 1
1025 3218 1
3218 408 1
408 8037 1
8037 9593 1
9593 10974 1
10974 3692 1
3692 3926 1
3926 10539 1
10539 3692 1
3692 2925 1
2925 5241 1
5241 3993 1
3993 4563 1
4563 5969 1
5969 2958 1
2958 10777 1
10777 6722 1
6722 756 1
756 3788 1
3788 10726 1
10726 5395 1
5395 5969 1
5969 6595 1
6595 6097 1
6097 7676 1
7676 4061 1
4061 2819 1
2819 4536 1
4536 2958 1
2958 4861 1
4861 5969 1
5969 3234 1
3234 4892 1
4892 4104 1
4104 2175 1
2175 9218 1
9218 7816 1
7816 8756 1
8756 240 1
240 3882 1
3882 6327 1
6327 6099 1
6099 2788 1
2788 6097 1
6097 9545 1
9545 8316 1
8316 8754 1
8754 6770 1
6770 3392 1
3392 2988 1
2988 7147 1
7147 3615 1
3615 5512 1
5512 5617 1
5617 1965 1
1965 3478 1
3478 2188 1
2188 6892 1
6892 4917 1
4917 6489 1
6489 8737 1
8737 4645 1
8737 2790 1
2790 6489 1
6489 4407 1
4407 547 1
547 6194 1
6194 7861 1
7861 10801 1
10801 3223 1
3223 5026 1
5026 5380 1
5380 10731 1
10731 8608 1
8608 8980 1
8980 5380 1
8980 7641 1
7641 8608 1
5380 7641 1
7641 2579 1
2579 5380 1
5026 642 1
642 2506 1
2506 2077 1
2077 6286 1
6286 4382 1
4382 8219 1
7054 3410 1
3410 10411 1
10411 5441 1
5441 10759 1
10759 353 1
353 1310 1
1310 30 1
30 9045 1
9045 5086 1
5086 7681 1
7681 9264 1
9264 4519 1
4519 9654 1
9654 9258 1
9258 1260 1
1260 520 1
1260 2305 1
2305 4369 1
2305 10925 1
10925 4180 1
4180 1310 1
1310 5564 1
5564 1053 1
1053 2100 1
2100 315 1
2100 11113 1
11113 9416 1
9416 3504 1
9416 7949 1
7949 2100 1
2100 5564 1
5564 4859 1
4859 7420 1
4859 88 1
88 1868 1
4859 7055 1
7055 10441 1
10441 501 1
501 9971 1
9971 7055 1
7055 501 1
5564 4548 1
5564 5885 1
5885 1815 1
6326 7320 1
7320 1235 1
7320 4252 1
4252 4247 1
4247 8419 1
8419 9183 1
8419 9993 1
9993 3003 1
3003 4668 1
3003 9995 1
9995 3102 1
3102 4647 1
4647 4487 1
4487 2237 1
2237 3037 1
3037 5260 1
5260 1934 1
1934 5592 1
5592 7098 1
7098 5279 1
5279 8996 1
8996 6349 1
6349 7367 1
7367 10977 1
10977 3092 1
3092 1987 1
1987 1173 1
1173 6137 1
6137 1406 1
1406 3130 1
3130 1504 1
1504 6376 1
6376 1991 1
1991 10849 1
10849 7814 1
7814 811 1
811 2691 1
2691 3344 1
3344 8961 1
8961 10529 1
10529 1629 1
1629 8153 1
8153 678 1
678 3344 1
3344 8381 1
8381 1541 1
1541 6803 1
6803 2691 1
2691 10849 1
10849 3478 1
3478 8364 1
8364 5336 1
5336 9662 1
9662 176 1
176 7279 1
7279 2081 1
2081 6391 1
11129 972 1
972 1204 1
1204 9131 1
9131 1829 1
1829 5188 1
5188 9640 1
9640 2563 1
2563 4649 1
4649 5527 1
5527 1829 1
1829 3844 1
3844 10202 1
10202 3326 1
3326 11054 1
11054 2958 1
2958 2734 1
2734 1336 1
1336 2788 1
2788 678 1
678 2936 1
2936 4563 1
4563 5503 1
5503 4774 1
4774 7505 1
7505 2854 1
2854 6722 1
6722 8998 1
8998 6139 1
6139 8603 1
8603 8316 1
8316 85 1
85 3064 1
3064 537 1
537 7920 1
7920 9473 1
9473 2284 1
2284 3227 1
3227 11054 1
11054 7676 1
7676 6563 1
6563 6923 1
6923 8516 1
8516 4351 1
4351 2081 1
2081 8285 1
8285 1414 1
1414 1560 1
1560 9605 1
9605 357 1
357 11132 1
11132 8506 1
8506 537 1
537 2535 1
2535 10546 1
10546 6052 1
6052 6863 1
6863 6595 1
6595 6923 1
6923 5318 1
5318 6894 1
6894 818 1
818 4061 1
4061 10529 1
10529 1412 1
1412 982 1
982 3022 1
3022 3386 1
3386 8998 1
8998 6737 1
6737 176 1
176 853 1
853 9070 1
9070 7432 1
7432 667 1
667 10602 1
10602 9996 1
9996 10840 1
10840 3411 1
3411 9494 1
9494 5212 1
5212 9295 1
9295 8834 1
9295 7119 1
7119 3303 1
3303 5746 1
5746 4145 1
5746 4951 1
4951 6118 1
6118 8406 1
8406 9943 1
9943 1296 1
1296 6338 1
6338 1757 1
1757 1322 1
1322 6338 1
6338 9943 1
9943 7494 1
7494 6288 1
6288 3862 1
3862 5295 1
5295 2395 1
2395 10546 1
10546 9011 1
9011 9278 1
9278 9142 1
9142 756 1
756 2958 1
2958 2880 1
2880 5881 1
5881 2281 1
2281 7484 1
7484 4892 1
4892 7359 1
7359 10886 1
10886 10588 1
10588 7992 1
7992 7843 1
7843 7676 1
7676 5064 1
5064 4629 1
4629 1785 1
1785 629 1
629 10609 1
10609 7618 1
7618 4829 1
4829 6723 1
6723 50 1
50 9523 1
9523 9605 1
9605 2819 1
2819 10149 1
10149 3097 1
3097 1877 1
1877 3237 1
3237 519 1
519 10422 1
10422 11186 1
519 4418 1
4418 3284 1
3284 536 1
3284 2756 1
2756 1734 1
1734 7498 1
7498 2756 1
2756 1942 1
1942 5820 1
5820 10021 1
10021 1773 1
1773 1303 1
1773 3028 1
1773 4159 1
4159 1303 1
1303 9719 1
9719 4085 1
4085 3732 1
3732 8958 1
8958 2110 1
2110 9719 1
1303 5393 1
1303 1213 1
1213 5308 1
5308 8333 1
8333 1066 1
1066 10343 1
10343 6286 1
6286 4661 1
4661 982 1
982 6061 1
6061 3813 1
3813 8374 1
8374 2281 1
2281 2505 1
2505 3386 1
3386 6099 1
6099 5395 1
5395 4954 1
4954 2958 1
2958 5611 1
5611 7768 1
7768 6927 1
6927 9577 1
9577 7606 1
224 2339 1
2339 4610 1
4610 629 1
629 4115 1
4115 10135 1
10135 264 1
264 5355 1
5355 10004 1
10004 2281 1
2281 4464 1
4464 1681 1
4357 3384 1
3384 376 1
376 4150 1
4150 8660 1
4150 9131 1
9131 5434 1
5434 2545 1
2545 6286 1
6286 50 1
50 8274 1
8274 4115 1
4115 2946 1
2946 6563 1
6563 10886 1
10886 2936 1
2936 4536 1
4536 4480 1
4480 8802 1
8802 9373 1
8802 6526 1
6526 482 1
482 1959 1
1959 8603 1
8603 9142 1
9142 3227 1
3227 10529 1
10529 9605 1
9605 3100 1
3100 2970 1
2970 49 1
49 2880 1
2880 5574 1
5574 281 1
281 8506 1
8506 10020 1
10020 8712 1
8712 5593 1
5593 9011 1
9011 8013 1
8013 7597 1
7597 32 1
2461 3317 1
3317 2851 1
2851 9092 1
9092 6642 1
6642 1229 1
1229 4407 1
4407 5210 1
5210 7139 1
7139 547 1
547 8687 1
8687 960 1
960 8242 1
8242 9489 1
9489 2426 1
2426 2073 1
2073 2492 1
2492 3026 1
3026 6536 1
6536 9544 1
9544 3748 1
3748 1727 1
1727 1818 1
1818 2780 1
2780 5878 1
5878 4796 1
4796 7823 1
7823 6179 1
7823 6249 1
6249 2530 1
2530 6500 1
6500 9431 1
9431 8666 1
8666 42 1
8666 2162 1
2162 42 1
42 5443 1
5443 10886 1
10886 4892 1
4892 1801 1
1801 5374 1
5374 6059 1
6059 2880 1
2880 3327 1
3327 68 1
68 2958 1
2958 941 1
941 2734 1
2734 11054 1
11054 9011 1
9011 5355 1
5355 9141 1
9141 8759 1
8759 7695 1
7695 9733 1
9733 6019 1
6019 68 1
68 10726 1
10726 5974 1
5974 8871 1
4536 3957 1
3957 8998 1
8998 3326 1
3326 4865 1
4865 8595 1
8595 7455 1
7455 7359 1
7359 8523 1
8523 4747 1
4747 10564 1
9442 10678 1
10678 10946 1
10678 10927 1
10927 8948 1
8948 237 1
237 7633 1
7633 9915 1
9915 8229 1
8229 3227 1
3227 9473 1
9473 4264 1
4264 10004 1
10004 8374 1
8374 1785 1
1785 6712 1
6712 5574 1
5574 2571 1
2571 4892 1
4892 6019 1
6019 9218 1
9218 1629 1
1629 6648 1
6648 7878 1
7878 6595 1
6595 2395 1
2395 8153 1
8153 6863 1
6863 5593 1
10487 10020 1
10020 3327 1
3327 3463 1
3463 6595 1
6595 4104 1
4104 864 1
4104 6991 1
6991 4351 1
4351 8451 1
8451 2842 1
2842 7047 1
7047 7228 1
7228 5453 1
5453 4104 1
4104 6097 1
2788 629 1
629 6526 1
6526 2880 1
2880 10792 1
10792 1564 1
1564 4606 1
4606 232 1
232 2262 1
2262 2402 1
2402 3317 1
3317 5616 1
5616 5970 1
5970 2304 1
2304 5968 1
5968 1772 1
1772 4937 1
4937 336 1
336 10604 1
10604 2004 1
2004 8432 1
8432 3653 1
3653 10721 1
10721 6781 1
6781 8912 1
8912 7153 1
7153 8274 1
8274 1157 1
1157 4606 1
4606 3840 1
3840 10091 1
10091 3237 1
3237 3692 1
3692 830 1
830 9923 1
9923 10397 1
10397 7994 1
7994 7123 1
7123 4230 1
4230 6291 1
6291 2077 1
2077 2269 1
2077 8215 1
8215 102 1
102 4304 1
4304 10391 1
10391 1443 1
1443 3813 1
3813 758 1
758 720 1
720 10418 1
10418 9788 1
9788 6500 1
6500 9572 1
9572 3193 1
3193 6349 1
6349 568 1
568 7069 1
7069 7236 1
7236 6645 1
6645 8093 1
8093 6320 1
6320 6936 1
6936 8176 1
8176 8531 1
8531 9071 1
9071 2695 1
2695 6803 1
6803 6137 1
6137 5524 1
5524 4960 1
4960 1152 1
1152 3053 1
3053 5175 1
5175 7254 1
7254 3053 1
3053 1190 1
1190 10910 1
10910 1558 1
10910 7342 1
7342 8070 1
8070 5220 1
5220 8747 1
8747 7579 1
7579 1934 1
1934 1603 1
1603 8093 1
8093 10977 1
10977 6320 1
6320 1019 1
6320 6645 1
6645 6735 1
6735 7098 1
7098 3589 1
3589 6838 1
6838 9046 1
9046 1498 1
1498 2181 1
2181 10796 1
10796 1190 1
1190 2954 1
2954 4842 1
4842 10031 1
10031 10850 1
10850 4382 1
4382 7023 1
7023 9427 1
9427 3234 1
3234 1336 1
1336 8345 1
8345 5534 1
8345 3569 1
3569 8993 1
8993 6737 1
6737 8755 1
8755 10318 1
10318 1681 1
1681 5881 1
5881 2121 1
2121 2192 1
2192 10804 1
10804 3788 1
3788 8345 1
8345 941 1
941 8233 1
8233 7239 1
7239 3772 1
3772 3344 1
3344 2762 1
2762 2684 1
2684 7190 1
7190 11068 1
11068 4971 1
4971 3414 1
3414 1310 1
4180 6943 1
6943 10759 1
10759 5540 1
5540 7807 1
7807 895 1
895 7732 1
7732 4546 1
7732 7867 1
7867 5597 1
5597 4954 1
4954 537 1
537 455 1
455 2535 1
2535 6563 1
6563 5161 1
5161 1959 1
1959 6918 1
6918 6770 1
6770 7370 1
7370 4018 1
4018 4663 1
4663 74 1
74 7066 1
7066 8316 1
8316 10612 1
10612 1286 1
10612 4843 1
4843 3637 1
3637 9141 1
9141 5537 1
5537 9600 1
9600 6238 1
6238 1412 1
1412 6770 1
6770 3317 1
3317 4464 1
4464 7379 1
7379 9427 1
9427 941 1
941 2505 1
2505 8730 1
8730 11132 1
11132 2381 1
2381 6935 1
6935 8233 1
8233 2238 1
2238 2819 1
2819 5792 1
5792 1535 1
1535 3383 1
3383 6935 1
6935 3523 1
3523 4606 1
4606 4104 1
4104 1739 1
1739 7695 1
7695 9605 1
9605 6737 1
6737 2354 1
2354 8285 1
8285 319 1
319 2880 1
2880 5056 1
5056 5163 1
5163 4531 1
4531 4663 1
4663 3170 1
3170 6459 1
6459 2505 1
2505 8282 1
8282 6935 1
6935 8987 1
8987 9577 1
9577 258 1
258 4297 1
4297 7239 1
7239 1739 1
1739 5241 1
5241 2958 1
2958 2262 1
2262 10723 1
10723 2970 1
2970 8603 1
8603 9473 1
9473 2658 1
2658 319 1
319 9427 1
9427 42 1
42 3373 1
3373 10654 1
10654 6977 1
6977 10152 1
10152 8959 1
10814 2388 1
2388 9347 1
9347 3624 1
3624 2846 1
2846 6472 1
6472 1301 1
1301 5678 1
5678 544 1
544 497 1
497 1233 1
1233 583 1
583 232 1
232 3945 1
3945 4464 1
4464 3574 1
3574 9600 1
9600 10266 1
10266 2880 1
2880 11132 1
10041 8229 1
8229 4747 1
4747 4000 1
4000 2281 1
2281 3301 1
3301 2936 1
2936 3772 1
3772 3678 1
3678 8716 1
8716 4382 1
4382 3772 1
3772 2192 1
2192 8998 1
8998 6061 1
6061 7945 1
7945 2284 1
2284 4044 1
4044 7231 1
7231 9662 1
5336 1965 1
1965 7052 1
2535 7131 1
7131 6391 1
6391 3309 1
3309 1885 1
1885 8239 1
8239 9141 1
9141 4861 1
4861 6061 1
6061 2880 1
2880 1130 1
1130 2447 1
2447 3064 1
3064 2854 1
2854 6036 1
6036 9799 1
6036 3062 1
3062 10123 1
10123 1082 1
1082 4028 1
4028 4842 1
4842 2412 1
2412 5914 1
5914 6977 1
6977 7299 1
7299 10938 1
10938 5724 1
5724 2226 1
2226 5941 1
5941 3457 1
3457 5724 1
5724 8959 1
6552 6196 1
6196 10938 1
10938 4033 1
4033 2573 1
2573 10311 1
10311 1169 1
1169 1416 1
1416 10814 1
10814 8753 1
8753 10329 1
10329 5230 1
5230 2944 1
2944 5868 1
5868 1082 1
10123 8303 1
8303 629 1
629 2854 1
2854 1248 1
1248 5668 1
5668 985 1
985 7352 1
7352 2058 1
2058 6689 1
6689 6970 1
6970 9071 1
9071 8996 1
8996 6631 1
6631 3767 1
3767 2209 1
2209 8428 1
8428 3960 1
3960 2785 1
2785 157 1
157 5003 1
5003 8142 1
8142 5338 1
8142 8987 1
8987 3409 1
3409 4563 1
4563 4239 1
4239 6398 1
6398 9953 1
9953 6617 1
6617 9340 1
6398 8992 1
8992 944 1
944 1717 1
1717 3064 1
3064 4941 1
4941 2975 1
2975 2854 1
2854 941 1
941 50 1
50 4000 1
4000 2819 1
2819 9264 1
9264 453 1
453 891 1
891 2068 1
2068 5410 1
5410 10073 1
10073 1406 1
1406 7719 1
1406 6376 1
6376 3288 1
3288 9405 1
9405 9823 1
9823 10809 1
10809 1987 1
1987 2691 1
2691 709 1
709 9441 1
9441 8285 1
8285 18 1
18 8071 1
8071 5246 1
5246 4606 1
4606 3100 1
3100 440 1
440 2238 1
2238 3772 1
3772 10123 1
10123 1629 1
9218 3813 1
3813 5611 1
2975 2946 1
2946 180 1
180 2044 1
2044 2402 1
2402 1629 1
1629 5593 1
5593 7806 1
7806 7457 1
7457 11129 1
11129 1590 1
1590 11125 1
11125 5010 1
5010 10971 1
10971 8083 1
8083 4121 1
4121 1293 1
1293 6360 1
6360 2625 1
2625 380 1
380 8209 1
8209 8082 1
8082 8967 1
8967 8172 1
8172 11139 1
11139 8967 1
8967 8209 1
380 3829 1
3829 5429 1
3829 4640 1
4640 1478 1
380 11139 1
11139 8082 1
8209 8536 1
8536 1686 1
1686 2279 1
2279 1110 1
1110 4501 1
4501 9276 1
9276 3591 1
3591 643 1
643 7622 1
7622 7114 1
7114 8298 1
8298 9092 1
9092 10759 1
10759 9346 1
9346 7267 1
9346 6196 1
6196 3047 1
3047 7885 1
7885 4200 1
7885 7120 1
7120 7299 1
7299 3346 1
3346 5868 1
5868 6224 1
6224 4727 1
4727 3705 1
3705 5681 1
2476 4727 1
4727 6552 1
6552 9468 1
9468 10311 1
10311 5230 1
5230 1147 1
1147 6118 1
6118 317 1
317 2555 1
2555 6407 1
6407 16 1
16 9092 1
9092 6963 1
6963 10318 1
10318 7359 1
7359 2044 1
2044 264 1
264 3409 1
3409 3945 1
3945 9165 1
9165 357 1
357 4892 1
4892 10529 1
10529 5611 1
5611 2854 1
2854 7530 1
7530 3326 1
3326 1025 1
1025 2516 1
2516 5906 1
5906 6689 1
6689 5668 1
5668 3597 1
3597 7546 1
7546 4027 1
4027 6137 1
6137 667 1
667 7148 1
7148 615 1
615 7045 1
7045 5529 1
5529 615 1
7148 3776 1
3776 8979 1
8979 6688 1
6688 9449 1
9449 7722 1
7722 6688 1
7722 33 1
33 8007 1
8007 9379 1
9379 72 1
72 1088 1
1088 11132 1
11132 4661 1
4661 4104 1
4104 4357 1
4357 10726 1
10726 2262 1
2262 5439 1
5439 9142 1
9142 9577 1
9577 68 1
68 7484 1
1629 4000 1
4000 4892 1
4892 8345 1
8345 3986 1
3986 614 1
614 4865 1
4865 11039 1
11039 1557 1
1557 661 1
661 9387 1
9387 1153 1
1153 5709 1
5709 4684 1
4684 1229 1
1229 10873 1
10873 853 1
853 1341 1
1341 264 1
264 2175 1
2175 1716 1
1716 8020 1
8020 8731 1
8731 9577 1
9577 7017 1
7017 6036 1
6036 8401 1
8401 4308 1
4308 8903 1
8903 2114 1
2114 2354 1
2354 4278 1
4278 2854 1
2854 4563 1
4563 8316 1
8316 6491 1
6491 9253 1
9253 663 1
663 9527 1
