11196 75 1
75 11129 1
11129 10827 1
10827 6341 1
6341 8347 1
8347 6228 1
6228 2162 1
2162 718 1
718 6491 1
6491 2791 1
2791 4104 1
4104 6353 1
6353 7359 1
7359 1153 1
1153 2445 1
2445 4709 1
4709 3409 1
3409 10287 1
10287 2970 1
2970 2560 1
2560 8401 1
8401 7411 1
7411 1443 1
1443 281 1
281 756 1
756 8274 1
8274 2505 1
2505 9733 1
9733 537 1
537 3386 1
3386 7455 1
7455 7505 1
7505 10529 1
10529 4941 1
4941 3386 1
3386 2020 1
2020 678 1
678 629 1
629 11188 1
11188 10782 1
10782 317 1
317 9169 1
9169 7411 1
7411 1407 1
1407 304 1
304 1559 1
1559 6364 1
6364 2340 1
2340 1035 1
1035 10352 1
10352 1126 1
1126 1035 1
1035 5282 1
5282 4768 1
4768 8950 1
8950 2530 1
2530 5471 1
5471 6984 1
6984 7640 1
7640 5935 1
5935 10425 1
10425 10707 1
10707 9306 1
9306 4685 1
4685 370 1
370 4724 1
370 3516 1
3516 4419 1
4419 1791 1
1791 7040 1
7040 3233 1
7040 954 1
954 6186 1
6186 4557 1
4557 5282 1
5282 7192 1
7192 8919 1
8919 304 1
304 8163 1
8163 6783 1
6783 607 1
607 752 1
752 2817 1
2817 8163 1
8163 752 1
752 492 1
492 946 1
946 607 1
607 4521 1
4521 5935 1
5935 9758 1
9758 5471 1
5471 2340 1
2340 7640 1
7640 9758 1
9758 3516 1
3516 7040 1
7040 212 1
212 7559 1
7559 6477 1
6477 9064 1
9064 1689 1
1689 7040 1
954 9907 1
9907 9794 1
9794 9041 1
9041 1791 1
4419 8399 1
8399 2151 1
2151 212 1
212 9907 1
954 2562 1
2562 5946 1
5946 1566 1
1566 7429 1
7429 8919 1
8919 7411 1
7411 10260 1
10260 1377 1
10260 8912 1
8912 8973 1
8973 3118 1
3118 583 1
583 2020 1
2020 3778 1
3778 9278 1
9278 7159 1
7159 7031 1
7031 3678 1
3678 50 1
50 9142 1
9142 9400 1
9400 2530 1
2530 1369 1
1369 5231 1
5231 2522 1
2522 1223 1
1223 9148 1
9148 7831 1
7831 2138 1
2138 10232 1
10232 121 1
10232 5104 1
5104 3564 1
3564 431 1
431 121 1
121 2138 1
2138 1295 1
2138 2517 1
2517 5231 1
5231 7831 1
7831 2987 1
2987 4596 1
4596 446 1
446 3517 1
3517 2447 1
2447 1739 1
1739 3022 1
3022 542 1
542 7945 1
7945 7379 1
7379 2447 1
2447 5792 1
5792 542 1
542 941 1
941 4434 1
941 2658 1
2658 757 1
757 10504 1
10504 8368 1
8368 10723 1
10723 9406 1
9406 2658 1
2658 6194 1
6194 5161 1
5161 8759 1
8759 11006 1
11006 258 1
258 6712 1
6712 7530 1
7530 10287 1
10287 1801 1
1801 8345 1
8345 11132 1
11132 5969 1
5969 8274 1
8274 11054 1
11054 3064 1
3064 2272 1
2272 85 1
85 1801 1
1801 2734 1
2734 2658 1
2658 3326 1
3326 1535 1
1535 6194 1
6194 8282 1
8282 6549 1
6549 8343 1
8343 5439 1
5439 4298 1
4298 3409 1
3409 982 1
982 3100 1
3100 2272 1
2272 1801 1
1801 4477 1
4477 180 1
180 5503 1
5503 5154 1
5154 4877 1
4877 3022 1
3022 5439 1
5439 1739 1
1739 3523 1
3523 5241 1
5241 8802 1
8802 7031 1
7031 357 1
357 4474 1
4474 4563 1
4563 3794 1
3794 331 1
331 4563 1
4563 1739 1
1739 85 1
85 10318 1
10318 9605 1
9605 4861 1
4861 3993 1
3993 8470 1
8470 50 1
50 2121 1
2121 8736 1
8736 3326 1
3326 10318 1
10318 6019 1
6019 6139 1
6139 7867 1
7867 9141 1
9141 2788 1
2788 10343 1
10343 9146 1
9146 5792 1
5792 1801 1
1801 3301 1
3301 2272 1
2272 357 1
357 10004 1
10004 7159 1
7159 2936 1
2936 5360 1
5360 5573 1
5573 1818 1
1818 8942 1
8942 3542 1
3542 3598 1
3598 4416 1
4416 8571 1
8571 2279 1
2279 5982 1
5982 9419 1
9419 1686 1
1686 1469 1
1469 8880 1
8880 2107 1
2107 5982 1
5982 6205 1
6205 840 1
840 9324 1
9324 1350 1
1350 6205 1
1350 2107 1
2107 9376 1
9376 8571 1
8571 1110 1
1110 3367 1
3367 923 1
923 10429 1
10429 1811 1
1811 7356 1
7356 10429 1
7356 4887 1
4887 6561 1
6561 8960 1
8960 2055 1
2055 10782 1
10782 5082 1
5082 6196 1
6196 8178 1
8178 5468 1
5468 4842 1
4842 8015 1
8015 2412 1
2412 6576 1
6576 2573 1
2573 7686 1
7686 9901 1
9901 10152 1
10152 6196 1
6196 4664 1
4664 8952 1
8952 2877 1
2877 10157 1
10157 3528 1
3528 1365 1
1365 10759 1
10759 6576 1
6576 5724 1
5724 5868 1
5868 4727 1
4727 5681 1
5681 7264 1
5681 1154 1
1154 3705 1
3705 5868 1
5868 3389 1
3389 7885 1
7885 2226 1
2226 7299 1
7299 1082 1
1082 1250 1
1250 6224 1
6224 1252 1
1252 9662 1
9662 1965 1
1965 1248 1
1248 7212 1
7212 1965 1
1965 1363 1
1363 7662 1
7662 2343 1
2343 3672 1
3672 3678 1
3678 3326 1
3326 10123 1
10123 8523 1
8523 6715 1
6715 2339 1
2339 10551 1
10551 4477 1
4477 1959 1
1959 2880 1
2880 9406 1
9406 49 1
49 8188 1
8188 3788 1
3788 3397 1
3397 9600 1
9600 3637 1
3637 3483 1
3483 10612 1
10612 1286 1
1286 2170 1
2170 8425 1
8425 4039 1
4039 2170 1
2170 8316 1
8316 9473 1
9473 1564 1
1564 6525 1
6525 9278 1
9278 2880 1
2880 5569 1
5569 3100 1
3100 2262 1
2262 4298 1
4298 1806 1
1806 7977 1
7977 8565 1
8565 583 1
583 4238 1
4238 3945 1
3945 1564 1
1564 7239 1
7239 3386 1
3386 1739 1
1739 7945 1
7945 50 1
50 232 1
232 1412 1
1412 3234 1
3234 319 1
319 4180 1
4180 6491 1
6491 9427 1
9427 9165 1
9165 281 1
281 10231 1
10231 4480 1
4480 6329 1
6329 2880 1
2880 10628 1
10628 3039 1
3039 6529 1
6529 9349 1
9349 2846 1
2846 6407 1
6407 9008 1
9008 3164 1
3164 3364 1
3364 3218 1
3218 4298 1
4298 7159 1
7159 4060 1
4060 3022 1
3022 6498 1
6498 8316 1
8316 1715 1
1715 7911 1
7911 8754 1
8754 2466 1
2466 5472 1
5472 7359 1
7359 7457 1
7457 6288 1
6288 9602 1
9602 5048 1
5048 6459 1
6459 4482 1
4482 4606 1
4606 4349 1
4349 10874 1
10874 6876 1
6876 8274 1
8274 7400 1
7400 3813 1
3813 9872 1
9872 5212 1
5212 9 1
9 5815 1
9 9996 1
9996 5634 1
5634 5697 1
5697 8901 1
8901 10782 1
10782 6196 1
6196 8013 1
8013 6244 1
6244 2846 1
2846 9008 1
9008 9454 1
9454 2846 1
2846 7120 1
7120 1082 1
1082 6220 1
6220 6977 1
6977 10329 1
10329 3346 1
3346 5914 1
5914 3372 1
3372 3624 1
3624 7885 1
7885 5468 1
5468 10311 1
10311 1816 1
1816 4174 1
4174 1729 1
1729 6999 1
6999 9072 1
9072 10964 1
10964 2532 1
2532 1877 1
1877 414 1
414 2466 1
2466 7816 1
7816 532 1
532 3926 1
3926 4128 1
4128 1435 1
1435 2908 1
2908 8286 1
8286 2925 1
2925 3767 1
3767 8756 1
8756 9072 1
9072 2782 1
2782 3392 1
3392 661 1
3392 6770 1
6770 1629 1
1629 9400 1
9400 6019 1
6019 606 1
606 3317 1
3317 7064 1
7064 2936 1
2936 4861 1
4861 8343 1
8343 6099 1
6099 10551 1
10551 4264 1
4264 3022 1
3022 2192 1
2192 8759 1
8759 7031 1
7031 8233 1
8233 6097 1
6097 10588 1
10588 437 1
437 941 1
941 6139 1
6139 5439 1
5439 4774 1
4774 4477 1
4477 2284 1
2284 10551 1
10551 542 1
3022 3517 1
3517 5161 1
5161 583 1
583 3227 1
3227 5442 1
5442 4744 1
4744 10233 1
10233 987 1
987 5978 1
5978 8547 1
8547 5326 1
5326 4917 1
4917 2854 1
2854 1904 1
1904 10849 1
10849 4776 1
4776 2957 1
2957 8385 1
8385 1564 1
1564 9577 1
9577 3386 1
3386 4747 1
4747 3517 1
3517 5974 1
5974 393 1
393 3617 1
3617 7134 1
7134 9899 1
9899 8644 1
8644 10989 1
10989 7212 1
7212 452 1
452 1331 1
1331 9761 1
9761 2864 1
2864 7231 1
7231 1726 1
1726 709 1
709 9761 1
9761 3699 1
3699 7751 1
7751 6063 1
6063 10129 1
10129 2484 1
2484 3572 1
3572 3882 1
3882 5503 1
5503 5906 1
5906 7190 1
7190 6936 1
6936 8996 1
8996 8093 1
8093 1019 1
1019 1158 1
1019 7236 1
7236 7626 1
7626 8093 1
8093 6645 1
6645 6936 1
6936 8827 1
8827 2684 1
2684 3092 1
3092 5279 1
5279 6304 1
6304 5013 1
5013 4635 1
4635 6631 1
6631 1603 1
1603 685 1
685 4635 1
4635 1165 1
1165 3667 1
3667 9700 1
9700 9766 1
9766 304 1
304 4685 1
4685 1559 1
1559 1348 1
1348 5946 1
5946 7429 1
7429 5830 1
5830 4521 1
4521 1673 1
1673 9831 1
9831 4676 1
4676 728 1
728 8537 1
8537 607 1
607 5261 1
5261 4521 1
1673 4067 1
4067 8999 1
8999 752 1
752 8537 1
8537 10023 1
10023 8999 1
8999 2817 1
2817 7611 1
7611 4067 1
4067 7322 1
7322 10023 1
10023 752 1
752 946 1
946 9057 1
9057 8163 1
8163 771 1
771 10198 1
10198 4923 1
4923 10385 1
10385 7416 1
7416 4063 1
4063 5150 1
5150 3841 1
3841 9167 1
9167 9840 1
9840 8088 1
8088 10256 1
10256 3033 1
3033 10385 1
10385 7966 1
7966 739 1
739 4000 1
4000 3397 1
3397 3463 1
3463 7066 1
7066 6863 1
6863 3170 1
3170 6288 1
6288 7843 1
7843 8330 1
8330 2395 1
2395 2231 1
2231 7467 1
2395 3862 1
3862 10628 1
10628 9605 1
9605 2854 1
2854 10588 1
10588 6052 1
6052 10318 1
