2363 8738 1
8738 1688 1
1688 7789 1
7789 8401 1
8401 3999 1
3999 3473 1
3473 2614 1
3473 5966 1
5966 6935 1
6935 4631 1
4631 11160 1
4631 6923 1
6923 6176 1
6176 5210 1
5210 4069 1
4069 1717 1
1717 4998 1
4998 4865 1
4865 8595 1
8595 10948 1
10948 767 1
767 1426 1
1426 5696 1
5696 1826 1
1826 10604 1
1826 3653 1
3653 2004 1
2004 10235 1
10235 5751 1
5751 8987 1
8987 10882 1
10882 2819 1
2819 7663 1
7663 5395 1
5395 4774 1
4774 9142 1
9142 583 1
583 5395 1
5395 4061 1
4061 6383 1
6383 497 1
497 2262 1
2262 10588 1
10588 2381 1
2381 2112 1
2112 1564 1
1564 7867 1
7867 2044 1
2044 8719 1
8719 180 1
180 10350 1
10350 2758 1
2758 8643 1
8643 8530 1
8530 8068 1
8068 5684 1
5684 5156 1
5156 6580 1
6580 9510 1
9510 2060 1
9510 7451 1
7451 9932 1
9932 10471 1
10471 1274 1
1274 1449 1
1449 6614 1
6614 10751 1
10751 2401 1
2401 5010 1
5010 4952 1
4952 4253 1
4253 1252 1
1252 2762 1
2762 3747 1
3747 4757 1
4757 10356 1
10356 4233 1
4233 69 1
69 2463 1
2463 6432 1
6432 5042 1
5042 1254 1
1254 1114 1
1114 3764 1
3764 6394 1
6394 3755 1
3755 2219 1
2219 4827 1
4827 6848 1
6848 2219 1
2219 4262 1
4262 3211 1
3211 2219 1
2219 6934 1
6934 6430 1
6430 8373 1
8373 2405 1
2405 6767 1
6767 10662 1
10662 7197 1
7197 6386 1
6386 7649 1
7649 10205 1
10205 7530 1
7530 9733 1
9733 3945 1
3945 85 1
85 5318 1
5318 6526 1
6526 4829 1
4829 1157 1
1157 5971 1
5971 2508 1
2508 8802 1
8802 3813 1
3813 6525 1
6525 4870 1
4870 10260 1
10260 7174 1
7174 7843 1
7843 10172 1
10172 9605 1
9605 2461 1
2461 4382 1
4382 7945 1
7945 3022 1
3022 6059 1
6059 3386 1
3386 2571 1
2571 3344 1
3344 2260 1
2260 6936 1
6936 6645 1
6645 5013 1
5013 7069 1
7069 8093 1
8093 6936 1
6936 5668 1
5668 10073 1
10073 10983 1
10983 1504 1
1504 1541 1
1541 9823 1
9823 3130 1
3130 7352 1
7352 5244 1
5244 2760 1
2760 6443 1
6443 2260 1
2260 5117 1
5117 4019 1
4019 6970 1
6970 3130 1
3130 4757 1
4757 6803 1
6803 7994 1
7994 4019 1
4019 4757 1
4757 5767 1
5767 10091 1
10091 1341 1
1341 4291 1
4291 10343 1
10343 9939 1
9939 3788 1
3788 6572 1
6572 5792 1
5792 982 1
982 414 1
414 7229 1
7229 2925 1
2925 3237 1
3237 1341 1
1341 11179 1
11179 4104 1
4104 3301 1
3301 4483 1
4483 4298 1
4298 5355 1
5355 982 1
982 7859 1
7859 6196 1
6196 8753 1
8753 5382 1
5382 10938 1
10938 2846 1
2846 7149 1
7149 6244 1
6244 4382 1
4382 5355 1
5355 6894 1
6894 3397 1
3397 6918 1
6918 2243 1
2243 9939 1
9939 9870 1
9870 4464 1
4464 678 1
678 7484 1
7484 3678 1
3678 6286 1
6286 414 1
414 8949 1
8949 5324 1
5324 2275 1
2275 296 1
296 3232 1
3232 247 1
247 4590 1
4590 7914 1
7914 11177 1
11177 10550 1
10550 1982 1
1982 4240 1
4240 4163 1
4163 1982 1
1982 6788 1
6788 716 1
716 3198 1
3198 3343 1
3343 4948 1
4948 5829 1
5829 4485 1
4485 9827 1
9827 8236 1
8236 3845 1
3845 2413 1
2413 5659 1
5659 5829 1
5829 2283 1
2283 3989 1
2283 3804 1
3804 5409 1
5409 4768 1
4768 11137 1
11137 8778 1
8778 10942 1
10942 7938 1
7938 7640 1
7640 9630 1
9630 7464 1
7464 4521 1
4521 10198 1
10198 1673 1
1673 771 1
771 5261 1
5261 3698 1
3698 752 1
3698 4676 1
4676 1119 1
1119 9057 1
9057 3698 1
3698 832 1
3698 10023 1
10023 4257 1
4257 9057 1
9057 304 1
304 8347 1
8347 6228 1
6228 1634 1
1634 6197 1
6197 7992 1
7992 6834 1
6834 7676 1
7676 6058 1
6058 6529 1
6529 10912 1
10912 7992 1
7992 1806 1
1806 10807 1
10807 7845 1
7845 3022 1
3022 9218 1
9218 8506 1
8506 8330 1
8330 8712 1
8712 11087 1
11087 6863 1
6863 7066 1
7066 3993 1
3993 8395 1
8395 9662 1
9662 10989 1
10989 2860 1
2860 2188 1
2188 707 1
707 8872 1
8872 6111 1
6111 7814 1
7814 4919 1
4919 8644 1
8644 10397 1
10397 5968 1
5968 6257 1
6257 3544 1
3544 6841 1
6841 2547 1
2547 1540 1
1540 2339 1
2339 6391 1
6391 10529 1
10529 5395 1
5395 2535 1
2535 5003 1
5003 157 1
157 3960 1
3960 8196 1
8196 2255 1
2255 5463 1
5463 7105 1
7105 6898 1
6898 3529 1
3529 7779 1
7779 2772 1
2772 7376 1
7376 1751 1
1751 5255 1
5255 9110 1
9110 4873 1
4873 9264 1
9264 9147 1
9147 5559 1
5559 10233 1
10233 621 1
621 1428 1
1428 3517 1
3517 483 1
483 5792 1
5792 6286 1
6286 1802 1
1802 3510 1
3510 8712 1
8712 7676 1
7676 8233 1
8233 6194 1
6194 3574 1
3574 5792 1
5792 2044 1
2044 6910 1
6910 7663 1
7663 6059 1
6059 5974 1
5974 1664 1
1664 7867 1
7867 11006 1
11006 4563 1
4563 1681 1
1681 5969 1
5969 6722 1
6722 3644 1
3644 7359 1
7359 2289 1
2289 5295 1
5295 5616 1
5616 7457 1
7457 5708 1
5708 224 1
224 9011 1
9011 9732 1
9732 6691 1
6691 5604 1
5604 433 1
433 6529 1
6529 3062 1
3062 7370 1
7370 3463 1
3463 3862 1
3862 2395 1
2395 7467 1
7467 4298 1
4298 7379 1
7379 4747 1
4747 1564 1
1564 3386 1
3386 8274 1
8274 2238 1
2238 9577 1
9577 5395 1
5395 3945 1
3945 10612 1
10612 3483 1
3483 2170 1
2170 6033 1
6033 3364 1
3364 9264 1
9264 10287 1
10287 3227 1
3227 7239 1
7239 4474 1
4474 3945 1
3945 2272 1
2272 5574 1
5574 3914 1
3914 5611 1
5611 3957 1
3957 4941 1
4941 3416 1
3416 2267 1
2267 6096 1
6096 7827 1
6096 6683 1
6096 6902 1
6902 9092 1
9092 9025 1
9025 5539 1
5539 8226 1
8226 3173 1
8226 10732 1
10732 8073 1
8073 6500 1
6500 1634 1
1634 5225 1
5225 1836 1
1836 9572 1
9572 6814 1
9572 6341 1
1836 9497 1
9497 5443 1
5443 4351 1
4351 3572 1
3572 2595 1
2595 1716 1
1716 6062 1
6062 8133 1
8133 3473 1
2614 3993 1
3993 8282 1
8282 7359 1
7359 233 1
233 3862 1
3862 561 1
561 9033 1
9033 10588 1
10588 7484 1
7484 3644 1
3644 9710 1
9710 7208 1
7208 4616 1
4616 395 1
395 9450 1
9450 1318 1
1318 2172 1
2172 1142 1
1142 10863 1
10863 4296 1
4296 7879 1
7879 6388 1
6388 11090 1
11090 5645 1
5645 7264 1
7264 5868 1
5868 1570 1
1570 3457 1
3457 3866 1
3866 10814 1
10814 7123 1
7123 5668 1
5668 2760 1
2760 7546 1
7546 10809 1
10809 3130 1
3130 2831 1
2831 7057 1
7057 6376 1
6376 4797 1
4797 4108 1
4797 8973 1
8973 9814 1
9814 9923 1
9923 4291 1
4291 3275 1
3275 3921 1
3275 3822 1
3275 9923 1
9923 1066 1
1066 7824 1
7824 4432 1
4432 10539 1
10539 10873 1
10873 5241 1
5241 2272 1
2272 8506 1
8506 8736 1
8736 4747 1
4747 6061 1
6061 9218 1
9218 5191 1
5191 3097 1
3097 3570 1
3570 10091 1
10091 1428 1
1428 5241 1
5241 9473 1
9473 7239 1
7239 7031 1
7031 8736 1
8736 7211 1
7211 440 1
440 357 1
357 629 1
629 6910 1
6910 9400 1
9400 9577 1
9577 7945 1
7945 3813 1
3813 11129 1
11129 5974 1
5974 9011 1
9011 7676 1
7676 7359 1
7359 993 1
993 42 1
42 3572 1
3572 9502 1
9502 5458 1
5458 8935 1
8935 8341 1
8341 6036 1
6036 2081 1
2081 5443 1
5443 6036 1
6036 7047 1
7047 6923 1
6923 3945 1
3945 4297 1
4297 583 1
583 9899 1
9899 8002 1
8002 3478 1
3478 9761 1
9761 7754 1
7754 3572 1
3572 7047 1
7047 176 1
176 8341 1
8935 3709 1
3709 7597 1
7597 4382 1
4382 7676 1
7676 85 1
85 1629 1
1629 4238 1
4238 5503 1
5503 8013 1
8013 4978 1
4978 6362 1
6362 1836 1
1836 982 1
982 50 1
50 10318 1
10318 4000 1
4000 4954 1
4954 5574 1
5574 5388 1
5388 2275 1
2275 9591 1
9591 6505 1
6505 5388 1
5388 4767 1
4767 7297 1
7297 8401 1
8401 8756 1
8756 5899 1
5899 7598 1
7598 820 1
820 10540 1
10540 2327 1
10540 7106 1
7106 4638 1
4638 8229 1
8229 4264 1
4264 3517 1
3517 2284 1
2284 258 1
258 3301 1
3301 2880 1
2880 4000 1
4000 7064 1
7064 1629 1
1629 6019 1
6019 437 1
437 9939 1
9939 9400 1
9400 9146 1
9146 2121 1
2121 7031 1
7031 2243 1
2243 10777 1
10777 6391 1
6391 6459 1
6459 10266 1
10266 9605 1
9605 7239 1
7239 2284 1
2284 6019 1
6019 6563 1
6563 8565 1
8565 7768 1
7768 3459 1
7768 9142 1
9142 7676 1
7676 2192 1
2192 606 1
606 7253 1
7253 7017 1
7017 1229 1
1229 8133 1
8133 10673 1
10673 8987 1
8987 8233 1
8233 4766 1
4766 8716 1
8716 5374 1
5374 319 1
319 2505 1
2505 6715 1
6715 7370 1
7370 3393 1
3393 5064 1
5064 6785 1
6785 8579 1
8579 4247 1
4247 9963 1
4247 9995 1
9995 5322 1
5322 310 1
310 10195 1
10195 6809 1
6809 310 1
310 5675 1
5675 2647 1
2647 1228 1
1228 10625 1
10625 2702 1
2702 252 1
2702 177 1
177 7071 1
7071 2615 1
2615 2702 1
2702 9753 1
9753 7870 1
7870 6579 1
6579 6843 1
6843 5631 1
5631 9234 1
9234 4204 1
9234 6442 1
6442 2892 1
2892 9234 1
9234 6801 1
6801 4274 1
6801 2641 1
2641 10333 1
10333 8062 1
8062 5054 1
8062 2641 1
10333 6589 1
6589 5159 1
5159 7543 1
7543 4407 1
4407 8226 1
8226 4576 1
4407 4069 1
4069 6146 1
6146 9124 1
9124 5905 1
5905 8474 1
8474 798 1
798 5824 1
5824 10765 1
5824 7937 1
5824 7483 1
5824 8135 1
5824 9454 1
9454 6374 1
6374 9092 1
9092 1640 1
1640 8812 1
8812 2360 1
2360 1001 1
1001 1512 1
1512 1731 1
1731 7363 1
1512 5839 1
5839 2549 1
2549 6942 1
6942 9515 1
5839 25 1
25 1512 1
25 3746 1
3746 4407 1
4407 579 1
579 8226 1
8226 2209 1
2209 1727 1
1727 1368 1
1368 2426 1
2426 1986 1
1986 8765 1
8765 582 1
582 9104 1
9104 1326 1
1326 8246 1
8246 1096 1
1096 9148 1
9148 8014 1
8014 3958 1
3958 3950 1
8014 832 1
832 1298 1
1298 304 1
304 8267 1
8267 10141 1
10141 5261 1
5261 8163 1
8163 8466 1
8466 5650 1
5650 9372 1
9372 1119 1
1119 1372 1
1372 5943 1
5943 9727 1
9727 2817 1
2817 1034 1
1034 5261 1
5261 9831 1
9831 8267 1
8267 7611 1
7611 9372 1
9372 9727 1
9727 1298 1
832 4676 1
4676 8999 1
8999 8267 1
8267 1298 1
1298 4067 1
4067 847 1
847 4257 1
4257 492 1
492 7790 1
7790 4067 1
4067 1119 1
1119 9122 1
9122 7790 1
7790 1119 1
9372 10443 1
10443 8267 1
8267 8466 1
8466 492 1
7790 607 1
607 6783 1
607 8267 1
8267 7322 1
7322 9831 1
7322 304 1
304 2340 1
2340 8950 1
8950 6186 1
6186 6364 1
6364 544 1
544 3166 1
3166 4685 1
4685 4521 1
4521 9306 1
9306 10882 1
10882 8738 1
8738 7294 1
7294 10231 1
10231 972 1
972 7294 1
7294 6529 1
6529 2791 1
2791 4531 1
4531 4629 1
4629 3170 1
3170 6863 1
6863 5064 1
5064 74 1
74 3510 1
3510 6917 1
6917 5434 1
5434 1802 1
1802 2563 1
2563 3908 1
3908 6052 1
6052 7400 1
7400 5751 1
5751 1443 1
1443 9899 1
9899 2904 1
2904 6111 1
6111 3181 1
3181 359 1
359 3267 1
3267 7427 1
7427 1904 1
1904 2904 1
2904 7231 1
7231 10397 1
10397 10551 1
10551 8912 1
8912 3912 1
3912 10582 1
10582 5364 1
5364 10321 1
10321 1068 1
1068 1600 1
1600 8398 1
8398 282 1
8398 848 1
848 6755 1
6755 8008 1
8008 1545 1
1545 8471 1
8471 6433 1
6433 130 1
130 594 1
594 9555 1
9555 336 1
336 4316 1
4316 10376 1
10376 516 1
516 7694 1
7694 817 1
817 10607 1
10607 5664 1
5664 2267 1
2267 6803 1
6803 6102 1
6102 4942 1
4942 10607 1
10607 3776 1
3776 1822 1
1822 9259 1
9259 594 1
594 9224 1
9224 9555 1
9555 374 1
374 2911 1
374 1960 1
1960 1143 1
1143 963 1
963 4733 1
4733 9126 1
9126 2677 1
2677 6553 1
2677 1079 1
1079 1538 1
1079 7777 1
7777 5691 1
5691 5228 1
5228 6539 1
6539 860 1
6539 3856 1
3856 1419 1
1419 3367 1
3367 10947 1
10947 424 1
424 1947 1
1947 6223 1
6223 4563 1
4563 6894 1
6894 5374 1
5374 606 1
606 2121 1
2121 5503 1
5503 6101 1
6101 319 1
319 9278 1
9278 7159 1
7159 7945 1
7945 9141 1
9141 1336 1
1336 3234 1
3234 4941 1
4941 68 1
68 3234 1
3234 8316 1
8316 9141 1
9141 4382 1
4382 1412 1
1412 6910 1
6910 2979 1
2979 11006 1
11006 8343 1
8343 9473 1
9473 2262 1
2262 6383 1
6383 2272 1
2272 6099 1
6099 3914 1
3914 4135 1
4135 8712 1
8712 4629 1
4629 10487 1
10487 4663 1
4663 2880 1
2880 6795 1
6795 4095 1
4095 5519 1
5519 7402 1
7402 6312 1
6312 5041 1
5041 8549 1
8549 7242 1
7242 5299 1
5299 10234 1
10234 551 1
10234 1634 1
1634 7095 1
7095 9073 1
9073 2255 1
2255 5654 1
5654 11093 1
11093 3918 1
3918 3384 1
3384 3617 1
3617 4357 1
4357 10792 1
10792 6577 1
6577 6239 1
6239 10292 1
10292 5442 1
5442 2284 1
2284 7371 1
7371 3042 1
3042 1959 1
1959 3951 1
3951 1564 1
1564 2447 1
2447 8233 1
8233 9015 1
9015 6890 1
6890 2552 1
2552 7618 1
7618 2737 1
2737 3858 1
3858 5783 1
5783 7084 1
7084 1564 1
1564 4892 1
4892 4661 1
4661 7023 1
7023 2020 1
2020 9400 1
9400 6563 1
6563 7945 1
7945 3042 1
3042 3022 1
3022 3517 1
3517 2112 1
2112 4774 1
4774 537 1
537 3227 1
3227 8716 1
8716 6099 1
6099 7371 1
7371 1664 1
1664 2936 1
2936 4061 1
4061 678 1
678 3397 1
3397 2020 1
2020 497 1
497 3301 1
3301 2281 1
2281 8603 1
8603 2505 1
2505 5442 1
5442 5439 1
5439 678 1
678 4766 1
4766 2112 1
2112 6549 1
6549 3317 1
3317 4115 1
4115 1025 1
1025 5163 1
5163 3309 1
3309 8316 1
8316 7806 1
7806 5593 1
5593 8565 1
8565 5611 1
5611 3326 1
3326 8565 1
8565 3309 1
3309 4104 1
4104 10609 1
10609 482 1
482 3362 1
3362 1959 1
1959 3100 1
3100 6737 1
6737 4482 1
4482 4830 1
4830 5241 1
5241 6770 1
6770 1892 1
1892 6722 1
6722 11170 1
11170 7582 1
7582 232 1
232 6391 1
6391 5439 1
5439 8274 1
8274 2571 1
2571 8187 1
8187 3409 1
3409 2466 1
2466 944 1
944 6997 1
6997 7125 1
6997 5574 1
5574 2112 1
2112 2192 1
2192 8755 1
8755 5318 1
5318 4119 1
4119 1922 1
1922 9651 1
9651 7582 1
7582 9605 1
9605 2395 1
2395 6058 1
6058 9605 1
9605 10318 1
10318 5969 1
5969 3945 1
3945 3022 1
3022 8734 1
8734 4527 1
4527 3022 1
3022 505 1
505 10721 1
10721 3633 1
3633 7373 1
7373 10604 1
10604 7088 1
10604 5402 1
5402 8420 1
5402 7373 1
7373 410 1
410 5799 1
410 4371 1
4371 10489 1
10489 7088 1
7088 4371 1
4371 3653 1
3653 596 1
596 8507 1
8507 7229 1
7229 10031 1
10031 6328 1
6328 3993 1
3993 10874 1
10874 6239 1
6239 9605 1
9605 3327 1
3327 233 1
233 2395 1
2395 4629 1
4629 1328 1
1328 6648 1
6648 10628 1
10628 6863 1
6863 4629 1
4629 3197 1
3197 7660 1
7660 10318 1
10318 8079 1
8079 5751 1
5751 224 1
224 3813 1
3813 317 1
317 10418 1
10418 5815 1
5815 856 1
856 4576 1
4576 3062 1
3062 5562 1
5562 4356 1
4356 8871 1
8871 1688 1
1688 8341 1
8341 7064 1
7064 6991 1
6991 9490 1
9490 1688 1
1688 8095 1
8095 18 1
18 6391 1
6391 7147 1
7147 5512 1
5512 7563 1
7563 3397 1
3397 5395 1
5395 6525 1
6525 9473 1
9473 7064 1
7064 10529 1
10529 8603 1
8603 232 1
232 9681 1
9681 6526 1
6526 5569 1
5569 10792 1
10792 4480 1
4480 4349 1
4349 3523 1
3523 4536 1
4536 6374 1
6374 7591 1
7591 8565 1
8565 7530 1
7530 941 1
941 6097 1
6097 8374 1
8374 5241 1
5241 5442 1
5442 9141 1
9141 8215 1
8215 2427 1
2427 8143 1
8143 2763 1
2763 7176 1
7176 7351 1
7351 5108 1
5108 9849 1
9849 8619 1
8619 4449 1
4449 4879 1
4879 1411 1
1411 10310 1
1411 8495 1
1411 7176 1
7176 6243 1
7176 4210 1
4210 5888 1
4210 3340 1
7176 3340 1
3340 10160 1
10160 4210 1
10160 7176 1
7176 7350 1
7350 54 1
54 3836 1
54 6118 1
6118 7095 1
7095 1671 1
1671 5042 1
5042 11114 1
11114 16 1
11114 10882 1
10882 6691 1
6691 3733 1
3733 5604 1
5604 11129 1
11129 10417 1
10417 11109 1
11109 1705 1
1705 42 1
42 32 1
32 2162 1
2162 4149 1
4149 3373 1
3373 9490 1
9490 8451 1
8451 806 1
806 7047 1
7047 9441 1
9441 1726 1
1726 6111 1
6111 6063 1
6063 707 1
707 18 1
18 7212 1
7212 2493 1
2493 2821 1
2821 5103 1
5103 6063 1
6063 2926 1
6063 3478 1
3478 9899 1
9899 8644 1
8644 4937 1
4937 233 1
233 6063 1
6063 3699 1
3699 3049 1
3049 2864 1
2864 233 1
233 1275 1
1275 584 1
584 9899 1
9899 7427 1
7427 359 1
359 4776 1
4776 7754 1
7754 8547 1
8547 1726 1
1726 233 1
233 5119 1
5119 3181 1
3181 397 1
397 4828 1
4828 4410 1
4410 8345 1
8345 2819 1
2819 4135 1
4135 11087 1
11087 7977 1
7977 10487 1
4629 10397 1
10397 10202 1
10202 8079 1
8079 2114 1
2114 3317 1
3317 10529 1
10529 3914 1
3914 8401 1
8401 2114 1
2114 3552 1
3552 5569 1
5569 8233 1
8233 2071 1
2071 4862 1
4862 6491 1
6491 8882 1
8882 2281 1
2281 3100 1
3100 7359 1
233 2289 1
2289 1210 1
1210 10588 1
10588 3510 1
3510 2970 1
2970 2958 1
2958 10287 1
10287 180 1
180 3644 1
3644 9180 1
9180 4819 1
4819 6767 1
6767 10549 1
10549 7183 1
7183 8462 1
8462 1301 1
1301 5242 1
5242 5448 1
5448 2336 1
2336 2612 1
2612 1952 1
1952 7519 1
7519 601 1
601 7154 1
7154 9288 1
9288 1706 1
1706 8458 1
8458 788 1
788 6175 1
6175 9188 1
9188 9834 1
9834 1456 1
1456 3894 1
3894 11026 1
11026 9188 1
9188 7156 1
7156 659 1
659 1633 1
1633 828 1
828 601 1
601 5951 1
5951 9288 1
9288 6163 1
6163 6334 1
6334 10365 1
10365 1952 1
1952 8896 1
8896 10009 1
10009 798 1
798 8681 1
8681 3162 1
3162 3246 1
3246 9225 1
9225 5148 1
9225 7983 1
9225 8419 1
8419 78 1
78 4097 1
4097 8915 1
8915 5968 1
5968 1341 1
1341 2925 1
2925 6255 1
6255 10031 1
10031 2209 1
2209 6383 1
6383 7064 1
7064 4480 1
4480 10292 1
10292 10876 1
10876 3145 1
3145 10292 1
10292 7609 1
7609 8575 1
8575 382 1
382 8410 1
8410 3101 1
8410 8269 1
8269 2979 1
2979 4536 1
4536 2381 1
2381 7945 1
7945 10202 1
10202 5970 1
5970 9369 1
9369 7945 1
4382 50 1
50 2243 1
2243 4382 1
4382 9146 1
9146 9142 1
9142 8759 1
8759 319 1
319 2819 1
2819 1564 1
1564 4862 1
4862 10869 1
10869 2867 1
2867 649 1
649 7831 1
7831 9148 1
9148 10693 1
10693 2698 1
2698 6882 1
2698 8787 1
8787 9767 1
8787 10936 1
10936 10913 1
10913 8344 1
10913 9741 1
10913 4495 1
4495 2138 1
2138 2517 1
2517 5231 1
5231 2522 1
2522 4193 1
4193 10560 1
4193 10656 1
10656 733 1
733 11036 1
11036 8942 1
8942 1818 1
1818 7178 1
7178 8340 1
8340 1424 1
1424 3577 1
3577 7387 1
7387 8575 1
8575 8530 1
8530 4123 1
4123 3459 1
7768 4104 1
4104 6526 1
6526 10292 1
10292 3060 1
3060 4480 1
4480 5611 1
5611 1739 1
1739 10804 1
10804 357 1
357 2658 1
2658 319 1
319 5352 1
319 9221 1
9221 9797 1
9797 1352 1
9797 11198 1
11198 7446 1
7446 6889 1
6889 9797 1
9797 9424 1
9797 8066 1
6889 9424 1
7446 9424 1
9797 2558 1
9797 5349 1
5349 4793 1
4793 9051 1
9051 8670 1
8670 1411 1
1411 471 1
471 8360 1
8360 7420 1
7420 8213 1
7420 4859 1
4859 3394 1
3394 982 1
982 10726 1
10726 258 1
258 1681 1
1681 3386 1
3386 9545 1
9545 1959 1
1959 8506 1
8506 941 1
941 3945 1
3945 5597 1
5597 8998 1
8998 7682 1
7682 384 1
384 3678 1
3678 302 1
302 302 1
302 537 1
537 4480 1
4480 5670 1
5670 5971 1
5971 7618 1
7618 6411 1
6411 6577 1
6577 6491 1
6491 4060 1
4060 5318 1
5318 9011 1
9011 10504 1
10504 9072 1
9072 7662 1
7662 10263 1
10263 3730 1
3730 7147 1
7147 9387 1
9387 2339 1
2339 8912 1
8912 758 1
758 3914 1
3914 2975 1
2975 7064 1
7064 8095 1
8095 7193 1
7193 7017 1
7017 8935 1
8935 6353 1
6353 2114 1
2114 806 1
806 5819 1
5819 4650 1
4650 1069 1
1069 4664 1
4664 2877 1
2877 4543 1
4543 4003 1
4003 4079 1
4079 9779 1
9779 7965 1
7965 1278 1
1278 1082 1
1082 5868 1
5868 2877 1
2877 9275 1
9275 1252 1
1252 7720 1
7720 8073 1
6500 4870 1
4870 720 1
720 7411 1
7411 6341 1
6341 6374 1
6374 5441 1
5441 7977 1
7977 8730 1
8730 10546 1
10546 68 1
68 8506 1
8506 2271 1
8506 10179 1
10179 2970 1
2970 5056 1
5056 6052 1
6052 2943 1
2943 8054 1
8054 6595 1
6595 8274 1
8274 2192 1
2192 5654 1
5654 4357 1
4357 982 1
982 1556 1
982 1151 1
1151 2044 1
2044 6019 1
6019 4877 1
4877 9278 1
9278 6923 1
6923 5970 1
5970 360 1
360 6374 1
6374 8871 1
8871 232 1
232 7530 1
7530 208 1
208 1285 1
1285 4034 1
4034 11187 1
11187 6187 1
6187 7116 1
7116 4612 1
4612 72 1
72 5260 1
5260 1354 1
1354 9487 1
9487 3381 1
9487 5968 1
5968 4604 1
4604 5442 1
5442 8304 1
8304 9605 1
9605 4536 1
4536 2020 1
2020 4298 1
4298 4199 1
4199 4865 1
4865 2024 1
2024 2097 1
2097 398 1
398 10989 1
10989 2301 1
2301 2904 1
2904 2198 1
2198 10158 1
10158 6036 1
6036 993 1
993 2081 1
2081 2877 1
2877 10158 1
10158 1381 1
1381 9356 1
9356 6923 1
6923 1739 1
1739 3678 1
3678 9147 1
9147 9007 1
9007 1564 1
1564 10874 1
3993 9998 1
9998 5969 1
5969 3957 1
3957 4298 1
4298 2734 1
2734 7031 1
7031 6722 1
6722 10287 1
10287 258 1
258 6935 1
6935 6286 1
6286 2339 1
2339 4747 1
6061 7663 1
7663 8506 1
8506 7676 1
7676 2243 1
2243 3039 1
3039 3397 1
3397 2466 1
2466 8754 1
8754 6398 1
6398 8229 1
8229 6894 1
6894 10287 1
10287 5882 1
5882 3241 1
3241 3364 1
3364 2819 1
2819 7591 1
7591 3611 1
3611 10172 1
10172 8712 1
8712 2792 1
2792 9011 1
9011 8079 1
8079 758 1
758 9577 1
9577 6918 1
6918 3523 1
3523 583 1
583 9733 1
9733 9343 1
9343 10318 1
10318 3778 1
3778 3517 1
3517 606 1
606 1412 1
1412 7676 1
7676 6525 1
6525 6836 1
6836 1025 1
1025 2979 1
2979 1739 1
1739 2381 1
2381 1664 1
2381 2281 1
2281 7211 1
7211 4606 1
4606 10292 1
10292 7433 1
7433 1036 1
1036 5942 1
5942 2171 1
5942 797 1
797 3924 1
797 4211 1
4211 11 1
11 9872 1
9872 10782 1
10782 2055 1
2055 5312 1
5312 4670 1
4670 5885 1
5885 6326 1
6326 11005 1
6326 7320 1
7320 6197 1
6197 1097 1
1097 7905 1
1097 9731 1
9731 2950 1
2950 8381 1
8381 4960 1
4960 5668 1
5668 161 1
161 5524 1
5524 5906 1
5906 4757 1
4757 7352 1
7352 2260 1
2260 6970 1
6970 9823 1
9823 5117 1
5117 11068 1
11068 3011 1
3011 3597 1
3597 4960 1
4960 1504 1
1504 1151 1
1151 1252 1
4253 3926 1
3926 1688 1
1688 4149 1
4149 472 1
472 161 1
161 667 1
667 3344 1
3344 3523 1
3523 5611 1
5611 497 1
497 756 1
756 537 1
537 2993 1
537 68 1
68 8755 1
8755 4480 1
4480 9998 1
9998 6722 1
6722 357 1
357 180 1
180 3344 1
3344 4297 1
4297 2571 1
2571 2979 1
2979 1412 1
1412 3611 1
3611 9100 1
9100 264 1
264 7064 1
7064 266 1
266 6571 1
6571 6447 1
6571 7064 1
7064 5355 1
5355 8274 1
8274 3945 1
3945 8961 1
8961 4061 1
4061 2044 1
2044 3397 1
3397 5617 1
5617 10610 1
10610 10625 1
10625 7839 1
7839 10326 1
10326 6135 1
6135 5569 1
5569 899 1
899 6722 1
6722 4862 1
4862 4119 1
4119 9621 1
9621 10306 1
10306 5764 1
5764 164 1
164 10306 1
9621 2804 1
2804 10071 1
10071 2954 1
2954 10850 1
10850 10591 1
10591 2954 1
2954 1365 1
1365 7208 1
7208 6412 1
6412 1543 1
1543 2552 1
2552 8736 1
8736 6059 1
6059 7359 1
7359 1639 1
1639 4015 1
4015 10179 1
10179 6058 1
6058 7370 1
7370 7634 1
7634 2754 1
2754 1147 1
1147 2530 1
2530 6984 1
6984 6548 1
6984 2340 1
2340 2589 1
2589 6355 1
6355 9758 1
9758 4521 1
7464 6012 1
6012 4521 1
4521 10023 1
10023 1673 1
1673 9831 1
9831 6118 1
6118 377 1
377 1573 1
1573 10883 1
10883 10653 1
10653 1890 1
1890 6742 1
6742 1037 1
1037 2610 1
2610 4597 1
4597 10528 1
10528 7352 1
7352 5117 1
5117 6109 1
6109 4893 1
6109 10073 1
10073 9405 1
9405 6803 1
6803 1541 1
1541 2831 1
2831 8078 1
8078 6689 1
6689 2058 1
2058 3809 1
3809 1482 1
1482 2950 1
2950 8484 1
8484 8381 1
8381 4142 1
4142 8827 1
8827 8484 1
8484 3288 1
3288 472 1
472 4818 1
4818 2223 1
2223 7432 1
7432 9823 1
7432 3344 1
3344 3597 1
3597 4230 1
4230 9374 1
9374 7057 1
7057 4941 1
4941 5969 1
5969 7159 1
7159 5611 1
5611 3317 1
3317 3022 1
3022 2020 1
2020 10792 1
10792 5355 1
5355 2262 1
2262 2044 1
2044 4104 1
4104 4356 1
4356 2294 1
4356 6963 1
6963 6374 1
6374 5016 1
5016 3262 1
3262 1233 1
1233 5355 1
5355 5442 1
5442 6059 1
7663 1629 1
1629 10588 1
10588 4061 1
4061 5374 1
5374 6391 1
6391 9605 1
9605 4297 1
4297 9006 1
4297 3234 1
3234 7239 1
7239 1681 1
1681 2958 1
2958 3574 1
3574 2946 1
2946 2262 1
2262 8187 1
8187 1515 1
1515 5968 1
5968 8973 1
8973 10678 1
10678 1772 1
1772 1700 1
1772 8994 1
8994 5503 1
5503 7091 1
7091 4264 1
4264 8316 1
8316 4298 1
4298 10723 1
10723 9296 1
9296 4531 1
4531 10179 1
10179 7494 1
7494 373 1
7494 2286 1
2286 7265 1
7265 9871 1
9871 11040 1
11040 4139 1
4139 9871 1
9871 8604 1
8604 11125 1
11125 11114 1
11114 9468 1
9468 5536 1
5536 7120 1
7120 997 1
997 7274 1
7274 10516 1
10516 6552 1
6552 7885 1
7885 7902 1
7902 6629 1
6629 7885 1
7902 7120 1
7120 10516 1
10516 3605 1
3605 7865 1
7865 4174 1
4174 236 1
236 597 1
597 498 1
498 7431 1
7431 10581 1
10581 10390 1
10390 6594 1
6594 236 1
236 6686 1
6686 6594 1
10390 498 1
498 8422 1
8422 7865 1
7865 498 1
498 4174 1
4174 8884 1
8884 2601 1
2601 2686 1
2686 5182 1
5182 7274 1
7274 6576 1
6576 9468 1
9468 7288 1
7288 5686 1
5686 5364 1
5364 4396 1
4396 8274 1
8274 3858 1
3858 319 1
319 678 1
678 9605 1
9605 4588 1
4588 3644 1
3644 3383 1
3383 3772 1
3772 3813 1
3813 1746 1
1746 317 1
317 10882 1
10882 9577 1
9577 6737 1
6737 6328 1
6328 2466 1
2466 9397 1
9397 5527 1
5527 2664 1
2664 5574 1
5574 1785 1
1785 4629 1
4629 758 1
758 720 1
720 1285 1
1285 8106 1
8106 8837 1
8837 1727 1
2209 8779 1
8779 6099 1
6099 3326 1
3326 10546 1
10546 9594 1
9594 8565 1
8565 11087 1
11087 2791 1
2791 7806 1
8316 3397 1
3397 1801 1
1801 5161 1
5161 3227 1
3227 4474 1
4474 10723 1
10723 606 1
606 1130 1
1130 4480 1
4480 4563 1
4563 4892 1
4892 9146 1
9146 2044 1
2044 4238 1
4238 10804 1
10804 4060 1
4060 2552 1
2552 11006 1
11006 1412 1
1412 10529 1
10529 9545 1
9545 497 1
497 7159 1
7159 2339 1
2339 8572 1
8572 4239 1
4239 5894 1
5894 9593 1
9593 6653 1
6653 5894 1
5894 4830 1
4830 614 1
614 8992 1
8992 8316 1
8316 5616 1
5616 9482 1
9482 433 1
433 5540 1
5540 9431 1
9431 1749 1
1749 2177 1
2177 8604 1
8604 6529 1
6529 2505 1
2505 10726 1
10726 4954 1
4954 10022 1
10022 2819 1
2819 3397 1
3397 9146 1
9146 4060 1
4060 5783 1
5783 50 1
50 10292 1
10292 319 1
319 6036 1
6036 3572 1
3572 5708 1
5708 720 1
720 6500 1
6500 1836 1
1836 1634 1
1634 6341 1
6341 7904 1
7904 2842 1
2842 4308 1
2842 10882 1
10882 3062 1
3062 5881 1
5881 180 1
180 2979 1
2979 7768 1
7768 10804 1
10804 10022 1
10022 1892 1
1892 4536 1
4536 11006 1
11006 1130 1
1130 1233 1
1233 6099 1
6099 2877 1
2877 3342 1
3342 1190 1
1190 4407 1
7543 7387 1
7387 8530 1
7387 1220 1
1220 349 1
349 8336 1
8336 4521 1
4521 10585 1
10585 3094 1
3094 7429 1
7429 5946 1
5946 2562 1
2562 4557 1
2562 5195 1
5195 5471 1
5471 2589 1
2589 5282 1
5282 6186 1
6186 1559 1
1559 9758 1
9758 2340 1
2340 9530 1
9530 1126 1
1126 10352 1
10352 10626 1
10626 1035 1
1035 4685 1
4685 9306 1
9306 5946 1
5946 4557 1
4557 7192 1
7192 6186 1
6186 3885 1
6186 10425 1
10425 4521 1
4521 1348 1
1348 7640 1
7640 888 1
7640 4768 1
4768 3076 1
3076 5829 1
5829 3989 1
5829 10924 1
10924 4499 1
4499 3198 1
4499 2537 1
2537 716 1
716 3343 1
716 3438 1
3438 4499 1
4499 1748 1
1748 1502 1
1502 3343 1
3343 1748 1
1748 1120 1
4499 8072 1
8072 3138 1
3138 3438 1
3438 4948 1
4948 9235 1
9235 8401 1
8401 295 1
295 8020 1
8020 965 1
965 8987 1
8987 3326 1
3326 5161 1
5161 10792 1
10792 10869 1
10869 8246 1
8246 8197 1
8197 5573 1
5573 5387 1
5387 2015 1
2015 5184 1
5184 3993 1
3993 5709 1
5709 4709 1
4709 1229 1
1229 1716 1
1716 10964 1
10964 6938 1
6938 10031 1
10031 6197 1
6197 9887 1
9887 10591 1
10850 1190 1
1190 1365 1
1365 3848 1
1365 7470 1
7470 2199 1
2199 9216 1
9216 1637 1
1637 7169 1
7169 9307 1
7169 9457 1
9307 8592 1
8592 10233 1
10233 8385 1
8385 10528 1
10528 2831 1
2831 4230 1
4230 10143 1
10143 7352 1
7352 985 1
985 2831 1
2831 4960 1
4960 4941 1
4941 8233 1
8233 4861 1
4861 3234 1
3234 678 1
678 3344 1
3344 6894 1
6894 3788 1
3788 50 1
50 3560 1
3560 4862 1
4862 10282 1
4862 5569 1
5569 7211 1
7211 10434 1
7211 482 1
482 1958 1
1958 9523 1
9523 482 1
482 7091 1
7091 4298 1
4298 1664 1
1664 2044 1
2044 2505 1
2505 4464 1
4464 4061 1
4061 6286 1
6286 4462 1
4462 9397 1
9397 9640 1
9640 5434 1
5434 9397 1
9397 2024 1
2024 10064 1
10064 3218 1
3218 1483 1
1483 3164 1
3164 6459 1
6459 6648 1
6648 7843 1
7843 4629 1
4629 11129 1
11129 8215 1
8215 3364 1
3364 3317 1
3317 3301 1
3301 4536 1
4536 5969 1
5969 4382 1
4382 5503 1
5503 5792 1
5792 3397 1
3397 8274 1
8274 6052 1
6052 3397 1
3397 7911 1
7911 8959 1
8959 2412 1
2412 5182 1
5182 8753 1
8753 1256 1
1256 4945 1
1256 4311 1
4311 8753 1
4311 4945 1
4945 8753 1
8753 5914 1
5914 3624 1
3624 5941 1
5941 9347 1
9347 5562 1
5562 7885 1
7885 5724 1
5724 5182 1
5182 2944 1
2944 8015 1
8015 7390 1
7390 6362 1
6362 9788 1
9788 2877 1
2877 10140 1
10140 5816 1
5816 6585 1
10140 9467 1
10140 887 1
887 2339 1
2339 2162 1
2162 360 1
360 8523 1
8523 8374 1
8374 4747 1
4747 2272 1
2272 6525 1
6525 8506 1
8506 233 1
233 11132 1
11132 6529 1
6529 4069 1
4069 7911 1
7911 4021 1
4021 1270 1
1270 4673 1
4673 8469 1
8469 2665 1
2665 1165 1
1165 5999 1
5999 6838 1
6838 8176 1
8176 8093 1
8093 1934 1
1934 6936 1
6936 985 1
985 8827 1
8827 6821 1
6821 1504 1
1504 161 1
161 411 1
411 3092 1
3092 8856 1
8856 3767 1
3767 6936 1
6936 6376 1
6376 2401 1
2401 53 1
53 3703 1
3703 1147 1
1147 5230 1
5230 2219 1
2219 4178 1
4178 2650 1
2650 4609 1
4609 2373 1
2373 8257 1
8257 8462 1
8462 2650 1
2650 3724 1
3724 2219 1
2219 8257 1
8257 10549 1
10549 854 1
854 8157 1
8157 2735 1
8157 8373 1
8373 9744 1
9744 5110 1
5110 6934 1
6934 10549 1
10549 8373 1
8373 2947 1
2947 8257 1
8257 6757 1
6757 544 1
544 10864 1
10864 426 1
426 2403 1
2403 1223 1
2403 9579 1
9579 762 1
762 9498 1
9579 1453 1
1453 2467 1
2467 1188 1
1188 7806 1
7806 6648 1
6648 6052 1
6052 10551 1
10551 5318 1
5318 2121 1
5503 3678 1
3678 8274 1
8274 5241 1
5241 1336 1
1336 2192 1
2192 3022 1
3022 5163 1
5163 6498 1
6498 9600 1
9600 3022 1
3022 10723 1
10723 3914 1
3914 3772 1
3772 6910 1
6910 6712 1
6712 9577 1
9577 8229 1
8229 5642 1
5642 2954 1
2954 7946 1
7946 10850 1
10850 3392 1
3392 10263 1
10263 1934 1
1934 2506 1
2506 10221 1
10221 2355 1
2355 2077 1
2077 3813 1
3813 4861 1
4861 7484 1
7484 5161 1
5161 3914 1
3914 3957 1
3957 3397 1
3397 5053 1
5053 3957 1
3957 10287 1
10287 9011 1
9011 5593 1
5593 2970 1
2970 10287 1
9011 8719 1
8719 5355 1
5355 6923 1
6923 6052 1
3397 3042 1
3042 497 1
497 357 1
357 7091 1
7091 6239 1
6239 1959 1
1959 4536 1
4536 1785 1
1785 3778 1
3778 3326 1
3326 7371 1
7371 8998 1
8998 4264 1
4264 6595 1
6595 3237 1
3237 9158 1
9158 9007 1
9007 1589 1
1589 3623 1
3623 6099 1
6099 10149 1
10149 10091 1
10091 8762 1
8762 10233 1
10233 4292 1
10233 1589 1
1589 8993 1
8993 8345 1
8345 1557 1
1557 11039 1
11039 2734 1
2734 3062 1
3062 8565 1
8565 3993 1
3993 6058 1
6058 2791 1
2791 7843 1
7843 8506 1
8506 10318 1
10318 11054 1
11054 5442 1
5442 3301 1
3301 1801 1
1801 8523 1
8523 10343 1
10343 6286 1
6286 3644 1
3644 9870 1
9870 2381 1
2381 4747 1
4747 9939 1
3788 6525 1
6525 4115 1
4115 319 1
319 1785 1
1785 9108 1
9108 5064 1
5064 623 1
623 7977 1
7977 6286 1
6286 4238 1
4238 5318 1
5318 5574 1
5574 7655 1
7655 6935 1
6935 9545 1
9545 4061 1
4061 9165 1
9165 357 1
357 4297 1
4297 6139 1
6139 6923 1
6923 2535 1
2535 1026 1
1026 9509 1
9509 9956 1
9956 5254 1
5254 5703 1
5703 2196 1
2196 698 1
698 3680 1
3680 2196 1
2196 6913 1
6913 5703 1
2196 4518 1
4518 4247 1
4247 4487 1
4487 214 1
214 9449 1
9449 6688 1
6688 5904 1
5904 33 1
33 4159 1
4159 3136 1
3136 5706 1
3136 4253 1
4253 4353 1
4353 2971 1
4353 6409 1
6409 4952 1
2401 2691 1
2691 9374 1
9374 8381 1
8381 10983 1
10983 3288 1
3288 1504 1
10983 11030 1
10983 6144 1
10983 5352 1
10983 5244 1
5244 7432 1
7432 3747 1
3747 7546 1
7546 3809 1
3809 8484 1
8484 10143 1
10143 3747 1
3747 6970 1
2260 2695 1
2695 994 1
994 4485 1
4485 3989 1
3989 2807 1
2807 6172 1
6172 3684 1
3684 1026 1
1026 6033 1
6033 10649 1
10649 5537 1
5537 4008 1
4008 4298 1
4298 5318 1
5318 1564 1
1564 8802 1
8802 2112 1
2112 4563 1
4563 1336 1
1336 6099 1
6099 2854 1
2854 8451 1
8451 2081 1
2081 7789 1
7789 6786 1
6786 7064 1
7064 7371 1
7371 6563 1
6563 9605 1
9605 11054 1
11054 1336 1
1336 319 1
319 5597 1
5597 4480 1
4480 8871 1
8871 8912 1
8912 6715 1
6715 2322 1
2322 5974 1
5974 7066 1
7066 5295 1
5295 5163 1
5163 9296 1
9296 10546 1
9296 2289 1
233 2821 1
2821 7279 1
7279 3175 1
3175 6708 1
6708 7064 1
7064 8374 1
8374 10022 1
10022 2020 1
2020 85 1
85 7505 1
7505 4747 1
4747 9870 1
9870 9165 1
9165 3317 1
3317 2192 1
2192 1785 1
1785 8730 1
8730 478 1
478 6459 1
6459 9147 1
9147 3111 1
3111 2073 1
2073 3748 1
3748 4596 1
4596 2987 1
4596 8043 1
8043 446 1
446 62 1
62 4332 1
4332 6849 1
6849 5870 1
5870 11000 1
11000 89 1
89 5001 1
5001 10617 1
10617 89 1
89 4645 1
4645 4584 1
4584 1969 1
4645 8737 1
8737 2790 1
2790 6489 1
6489 2987 1
2987 7831 1
7831 1326 1
1326 2492 1
2492 4397 1
4397 367 1
367 2073 1
2073 2426 1
2426 3494 1
3494 9723 1
9723 2627 1
2627 3194 1
3194 4826 1
3194 6861 1
6861 7887 1
6861 10046 1
10046 942 1
942 4610 1
4610 3908 1
3908 5501 1
5501 10909 1
10909 8907 1
8907 6917 1
6917 4335 1
4335 808 1
808 10909 1
10909 9640 1
9640 5858 1
5858 2545 1
2545 9131 1
9131 2162 1
2162 758 1
2162 2363 1
2363 5133 1
5133 5154 1
5154 982 1
982 8187 1
8187 3914 1
3914 1892 1
1892 2658 1
2658 5969 1
5969 6194 1
6194 4536 1
4536 357 1
357 9681 1
9681 42 1
42 10654 1
10654 2877 1
2877 1705 1
1705 6691 1
6691 11129 1
11129 972 1
972 5441 1
5441 9431 1
9431 720 1
720 5974 1
5974 6648 1
5974 7945 1
7945 10022 1
10022 9939 1
9939 10777 1
10777 3813 1
3813 10004 1
10004 4382 1
4382 6935 1
6935 3644 1
3644 4563 1
4563 3482 1
3482 4801 1
4801 7524 1
7524 3977 1
3977 1892 1
1892 3409 1
3409 4298 1
4298 8343 1
8343 7695 1
7695 8716 1
8716 2819 1
2819 10041 1
10041 3778 1
3778 2505 1
2505 7494 1
7494 2970 1
2970 3772 1
3772 3574 1
3574 818 1
818 6923 1
6923 5395 1
5395 8909 1
8909 3164 1
3164 7457 1
7457 718 1
718 8871 1
8871 8282 1
8282 5503 1
5503 6723 1
6723 3523 1
3523 7945 1
7945 4661 1
4661 3778 1
3778 2121 1
2121 9939 1
9939 9146 1
9146 1564 1
1564 6549 1
6549 5969 1
5969 8565 1
8565 6648 1
6648 1785 1
1785 2238 1
2238 2447 1
2447 2020 1
2020 3574 1
3574 11060 1
11060 8716 1
8716 2238 1
2238 3858 1
3858 6239 1
6239 9373 1
9373 50 1
50 1664 1
1664 3409 1
3409 9293 1
9293 8987 1
8987 483 1
483 1233 1
1233 258 1
258 10970 1
10970 8736 1
8736 3362 1
3362 8274 1
8274 4119 1
4119 8303 1
8303 4606 1
4606 9427 1
9427 9141 1
9141 10723 1
10723 7239 1
7239 11132 1
11132 8719 1
8719 2121 1
2121 8506 1
8506 8730 1
8730 8316 1
8316 1564 1
1564 4482 1
4482 4744 1
4744 1965 1
1965 11147 1
11147 1899 1
1899 1965 1
1965 7746 1
7746 1904 1
1904 7755 1
7755 8002 1
8002 9441 1
9441 7427 1
7427 811 1
811 4073 1
4073 2926 1
2926 8146 1
8146 10158 1
10158 1837 1
1837 8095 1
8095 9438 1
9438 176 1
176 2114 1
2114 1688 1
1688 7064 1
7064 1892 1
1892 8565 1
8565 9733 1
9733 7505 1
7505 9141 1
9141 7371 1
7371 85 1
85 756 1
756 10022 1
10022 4661 1
4661 4861 1
4861 9577 1
6737 9011 1
9011 4297 1
4297 4877 1
4877 6712 1
6712 5374 1
5374 7695 1
7695 50 1
50 6890 1
6890 2568 1
2568 5569 1
5569 7084 1
7084 1197 1
1197 7618 1
5971 6329 1
6329 3060 1
3060 3100 1
7359 10410 1
10410 8401 1
7789 3373 1
3373 6737 1
6737 357 1
357 7663 1
7663 7371 1
7371 2505 1
2505 1412 1
1412 5053 1
5053 483 1
483 264 1
264 6061 1
6061 10792 1
10792 1892 1
1892 4774 1
4774 10886 1
10886 7530 1
7530 3326 1
3326 4483 1
4483 4536 1
4536 4747 1
4747 3397 1
2044 8871 1
8871 2979 1
2979 6194 1
6194 2958 1
2958 756 1
756 6910 1
6910 7695 1
7695 7505 1
7505 982 1
982 2970 1
2970 1892 1
1892 2798 1
2798 1153 1
1153 10691 1
10691 2466 1
2466 1483 1
1483 3788 1
3788 4747 1
4747 7524 1
7524 6043 1
6043 4239 1
4239 1802 1
1802 2734 1
2734 8506 1
8506 11132 1
11132 2284 1
2284 2192 1
2192 10123 1
10123 8767 1
8767 9164 1
9164 2880 1
2880 623 1
623 11132 1
11132 11177 1
11177 10235 1
10235 7201 1
7201 8099 1
8099 2044 1
2044 6194 1
6194 8282 1
8282 3604 1
3604 4239 1
4239 8992 1
8992 8345 1
8345 10022 1
10022 2854 1
2854 8079 1
8079 8935 1
8935 4104 1
4104 9666 1
9666 2842 1
2842 10278 1
10278 10528 1
10528 3993 1
3993 5881 1
5881 2243 1
2243 2238 1
2238 7520 1
7520 7520 1
7520 2430 1
2430 11046 1
11046 4605 1
4605 8333 1
8333 5412 1
5412 7049 1
7049 4529 1
7049 484 1
484 5299 1
5299 2846 1
2846 10882 1
10882 6118 1
6118 4914 1
4914 10912 1
10912 7174 1
7174 1798 1
1798 10871 1
10871 7430 1
10871 6302 1
10871 7174 1
7174 9169 1
9169 9251 1
9251 3890 1
9169 5824 1
5824 5381 1
5824 8717 1
5824 7479 1
7479 4332 1
4332 4985 1
6849 5968 1
5968 9983 1
9983 8117 1
8117 4720 1
4720 2145 1
2145 4601 1
4601 2015 1
2015 649 1
649 8858 1
8858 4853 1
4853 8117 1
8117 830 1
830 2925 1
2925 2083 1
2083 10539 1
10539 3692 1
3692 2819 1
2819 1959 1
1959 4297 1
4297 86 1
86 606 1
606 10529 1
10529 1739 1
1739 6286 1
6286 8029 1
8029 2545 1
2545 4462 1
4462 1211 1
1211 9062 1
9062 8862 1
8862 4462 1
4462 808 1
808 9131 1
9131 10976 1
10976 4230 1
4230 2684 1
2684 2695 1
2695 4027 1
2695 4149 1
4149 7123 1
7123 6197 1
6197 2695 1
2695 3344 1
3344 9011 1
9011 10172 1
10172 7066 1
7066 6834 1
7676 3327 1
3327 2505 1
2505 483 1
483 1564 1
1564 7768 1
7768 9218 1
9218 8274 1
8274 10041 1
10041 7768 1
7768 360 1
360 3409 1
3409 4190 1
4190 159 1
159 6062 1
6062 606 1
606 8079 1
8079 993 1
993 7789 1
8401 8395 1
8395 4664 1
4664 8319 1
8319 4278 1
4278 7359 1
7359 5442 1
5442 7618 1
7618 11006 1
11006 10588 1
10588 10318 1
10318 9142 1
9142 2880 1
2880 9100 1
9100 3022 1
3022 9922 1
9922 1029 1
1029 8565 1
8565 384 1
384 4135 1
4135 8871 1
8871 756 1
756 8755 1
8755 3409 1
3409 7023 1
7023 3813 1
3813 2788 1
2788 8755 1
8755 4483 1
4483 6099 1
6099 6712 1
6712 2044 1
2044 4861 1
4861 10551 1
10551 629 1
629 9681 1
9681 8802 1
8802 606 1
606 8987 1
8987 1130 1
1130 7484 1
7484 2788 1
2788 1739 1
1739 3022 1
3022 8345 1
8345 11132 1
11132 10546 1
10546 5593 1
5593 10172 1
10172 6648 1
6648 9011 1
7676 5048 1
5048 7359 1
7359 882 1
882 3772 1
3772 2243 1
2243 2121 1
2121 7023 1
7023 2284 1
2284 9733 1
9733 6642 1
6642 9218 1
9218 7484 1
7484 2658 1
2658 2044 1
2044 4954 1
4954 5318 1
5318 3523 1
3523 3409 1
3409 6595 1
6595 8871 1
8871 3154 1
3154 1267 1
1267 8871 1
8871 85 1
85 7091 1
7091 4829 1
4829 3060 1
3060 2568 1
2568 10434 1
10434 7702 1
7702 5969 1
5969 8802 1
8802 6286 1
6286 1785 1
1785 4297 1
4297 8274 1
8274 2262 1
2262 7159 1
7159 9427 1
9427 7084 1
7084 629 1
629 7582 1
7582 8303 1
8303 6722 1
6722 3914 1
3914 4298 1
4298 6549 1
6549 8153 1
8153 6910 1
6910 3957 1
3957 7359 1
7359 7843 1
7843 74 1
74 4629 1
4629 10235 1
10235 8871 1
8871 7977 1
7977 7494 1
7494 7806 1
7806 3862 1
3862 3326 1
3326 4477 1
4477 7031 1
7031 85 1
85 2658 1
2658 10777 1
10777 5881 1
5881 437 1
437 1681 1
1681 7095 1
7095 5463 1
5463 4030 1
4030 2555 1
2555 8160 1
8160 775 1
775 6362 1
6362 6814 1
6814 8347 1
8347 8919 1
8919 7192 1
7192 6297 1
6297 4521 1
4521 492 1
492 3698 1
3698 10443 1
10443 5261 1
5261 1673 1
7322 946 1
946 9057 1
9057 10141 1
10141 8999 1
8999 9658 1
9658 7332 1
7332 3292 1
3292 9658 1
9658 1119 1
1119 5650 1
5650 8537 1
8537 6783 1
6783 3551 1
3551 10198 1
10198 1099 1
1099 9167 1
9167 3033 1
3033 1355 1
1355 8301 1
8301 1553 1
1553 5306 1
5306 333 1
333 5602 1
5602 3585 1
3585 5838 1
5838 9840 1
9840 974 1
974 8301 1
8301 9840 1
9840 7416 1
7416 6763 1
6763 5602 1
5602 6668 1
6668 3841 1
3841 10385 1
10385 534 1
534 9856 1
9856 8301 1
8301 8088 1
8088 9643 1
9643 2496 1
2496 1355 1
1355 5375 1
5375 3146 1
3146 9840 1
9840 8138 1
8138 5150 1
5150 5602 1
5602 7416 1
7416 8088 1
8088 7966 1
7966 6668 1
6668 1099 1
1099 333 1
333 2496 1
2496 6668 1
6668 5306 1
3841 8400 1
8400 333 1
333 9167 1
9167 4187 1
4187 534 1
534 8429 1
8429 3033 1
3033 4187 1
4187 2980 1
2980 3841 1
3841 10419 1
10419 1553 1
1553 333 1
333 8138 1
9840 534 1
8429 10256 1
10256 7907 1
7907 6895 1
6895 7173 1
7173 8711 1
8711 3841 1
3841 9955 1
9955 263 1
263 2980 1
2980 10894 1
10894 3585 1
3585 333 1
5602 8138 1
8138 9856 1
9856 7290 1
7290 8243 1
8243 10932 1
10932 7416 1
10932 4063 1
4063 3585 1
3585 8243 1
8243 4923 1
4923 8138 1
8138 7290 1
7290 9167 1
9167 8302 1
8302 3033 1
3033 8243 1
8243 8301 1
8301 10419 1
10419 10894 1
10894 5602 1
7416 5838 1
5838 7173 1
7173 8400 1
8400 1553 1
1553 263 1
263 6668 1
6668 4187 1
4187 10894 1
10894 5150 1
5150 2980 1
2980 534 1
534 3721 1
3721 1553 1
1553 2980 1
2980 6763 1
6763 8429 1
8429 2980 1
2980 9856 1
9856 11051 1
11051 333 1
333 10256 1
10256 4923 1
4923 534 1
534 5306 1
5306 5602 1
5602 1099 1
1099 6895 1
6895 10256 1
10256 4187 1
4187 1553 1
1553 5375 1
5375 534 1
10385 10932 1
10932 8301 1
8301 7966 1
7966 5602 1
6668 7290 1
9167 739 1
739 4000 1
4000 6061 1
6061 7867 1
7867 6398 1
6398 614 1
614 6835 1
6835 4604 1
4604 3232 1
3232 2844 1
2844 8847 1
8847 8574 1
2844 8723 1
8723 3232 1
3232 3086 1
3086 3788 1
3788 3218 1
3218 4115 1
4115 9146 1
9146 7159 1
7159 10529 1
10529 3523 1
3523 1412 1
1412 8565 1
8565 3170 1
8565 9008 1
9008 8871 1
8871 4483 1
4483 4954 1
4954 4104 1
4104 3611 1
3611 3678 1
3611 5163 1
5163 8565 1
8565 2112 1
2112 10726 1
10726 5442 1
5442 3218 1
3218 8316 1
8316 3945 1
3945 7920 1
7920 11054 1
11054 9141 1
9141 10588 1
10588 7768 1
7768 3064 1
3064 6194 1
6194 1664 1
1664 1739 1
2788 8343 1
8343 2196 1
2196 7230 1
7230 973 1
973 9154 1
973 4964 1
4964 6031 1
6031 973 1
9154 9714 1
9714 916 1
916 9154 1
9154 7230 1
7230 708 1
708 1956 1
1956 10834 1
10834 8921 1
8921 10305 1
10305 6051 1
10305 1485 1
1485 8982 1
8982 955 1
955 10092 1
10092 8982 1
8982 1972 1
1972 10092 1
10092 10910 1
10910 6261 1
6261 1950 1
1950 10910 1
10910 2002 1
2002 3856 1
3856 4537 1
4537 1419 1
1419 4016 1
1419 3723 1
1419 2772 1
2772 10243 1
10243 7105 1
7105 2772 1
2772 7139 1
7139 547 1
547 5684 1
5684 5784 1
5684 10157 1
10157 9887 1
9887 4842 1
4842 2686 1
2686 299 1
299 2846 1
2846 8959 1
8959 1570 1
1570 3047 1
3047 3457 1
3457 4028 1
4028 1169 1
1169 10516 1
10516 1767 1
1767 5941 1
3624 6196 1
6196 5468 1
5468 3047 1
3047 3372 1
3372 2371 1
2371 8705 1
8705 442 1
442 2846 1
2846 7123 1
10814 10329 1
10329 2573 1
2573 997 1
997 6576 1
6576 8178 1
8178 299 1
299 10311 1
299 5382 1
5382 7686 1
7686 5724 1
5724 1082 1
1082 1767 1
1767 2686 1
2686 5562 1
5562 982 1
982 8961 1
8961 9427 1
9427 2571 1
2571 5442 1
5442 3383 1
3383 5783 1
5783 2508 1
2508 1535 1
1535 3326 1
4477 9427 1
9427 7920 1
7920 10123 1
10123 5442 1
5442 1524 1
1524 2302 1
2302 5698 1
2302 453 1
453 8225 1
8225 2569 1
2569 1340 1
1340 8416 1
2569 9804 1
9804 423 1
423 5780 1
5780 5762 1
5762 7686 1
7686 423 1
423 1653 1
1653 680 1
680 8763 1
8763 8979 1
8979 4770 1
4770 9174 1
9174 8979 1
8979 5086 1
5086 9045 1
9045 891 1
891 527 1
527 453 1
453 2068 1
2068 891 1
891 8979 1
8979 7210 1
7210 10555 1
10555 10177 1
10177 3626 1
3626 8573 1
8573 7879 1
7879 7894 1
7894 5677 1
5677 3626 1
5677 7698 1
7698 1142 1
1142 9576 1
1142 3886 1
3886 3626 1
3626 1765 1
1765 1142 1
1765 6379 1
6379 11177 1
11177 5339 1
5339 2764 1
2764 7538 1
7538 5128 1
5128 5459 1
5128 2764 1
2764 11177 1
11177 6785 1
6785 1694 1
6785 7370 1
7370 834 1
834 6770 1
6770 2272 1
2272 2975 1
2975 4477 1
4477 9011 1
9011 5295 1
5295 1785 1
1785 9400 1
9400 5503 1
5503 6595 1
6595 6549 1
6549 10318 1
10318 4464 1
4464 2381 1
2381 2854 1
2854 2880 1
2880 74 1
74 7494 1
7494 4874 1
4874 7123 1
7123 10809 1
10809 4027 1
4027 2932 1
2932 7057 1
7057 4960 1
4960 1482 1
1482 9374 1
9374 3747 1
3747 1474 1
1474 3572 1
3572 2932 1
2932 3478 1
3478 6489 1
6489 18 1
18 10158 1
10158 10678 1
10678 8948 1
8948 7638 1
7638 6755 1
6433 2190 1
2190 1545 1
1545 1524 1
1524 8040 1
8040 2302 1
2302 504 1
504 9654 1
9654 8979 1
4770 3239 1
3239 10555 1
10555 7256 1
7256 8947 1
8947 4766 1
4766 8565 1
8565 1959 1
1959 1785 1
1785 1535 1
1535 5670 1
5670 2175 1
2175 4356 1
4356 6374 1
6374 1634 1
1634 8901 1
8901 7390 1
7390 9787 1
9787 7110 1
7110 898 1
898 4321 1
4321 7110 1
7110 1252 1
1252 414 1
414 6836 1
6836 9146 1
9146 4877 1
4877 3100 1
3100 10434 1
10434 9998 1
9998 440 1
440 6239 1
6239 4104 1
4104 1535 1
1535 4472 1
4472 2595 1
2595 976 1
976 6327 1
6327 10974 1
10974 408 1
408 5442 1
5442 6101 1
6101 240 1
240 7816 1
7816 5443 1
5443 7229 1
7229 6642 1
6642 8546 1
8546 8316 1
8316 3637 1
3637 4008 1
4008 3794 1
3794 9387 1
9387 8572 1
8572 6426 1
6426 7181 1
7181 11132 1
11132 6549 1
6549 9146 1
9146 2658 1
2658 6595 1
6595 11054 1
11054 6194 1
6194 583 1
583 7867 1
7867 5318 1
5318 8759 1
8759 50 1
50 4954 1
4954 68 1
68 9939 1
9939 6525 1
6525 1739 1
6525 10529 1
8603 4661 1
4661 9278 1
9278 7064 1
7064 7676 1
7676 818 1
818 10041 1
10041 68 1
68 7806 1
7806 11132 1
11132 7663 1
7663 10777 1
10777 2975 1
2975 10041 1
10041 5792 1
5792 8759 1
8759 6059 1
6059 10004 1
10004 8802 1
8802 3227 1
3227 8719 1
8719 10726 1
10726 2020 1
2020 319 1
319 10123 1
10123 7084 1
7084 3560 1
3560 319 1
319 7211 1
7211 1958 1
1958 10792 1
10792 7945 1
7945 68 1
68 3912 1
3912 2219 1
2219 2405 1
2405 1016 1
1016 6334 1
6334 9335 1
9335 7436 1
7436 828 1
828 9703 1
9703 3224 1
9703 9288 1
9288 5448 1
5448 2909 1
2909 6599 1
6599 5951 1
5951 8458 1
8458 2840 1
2840 9332 1
9332 659 1
659 6175 1
6175 9752 1
9752 659 1
659 2612 1
2612 858 1
858 7154 1
7154 10173 1
10173 2405 1
2405 2460 1
2460 6934 1
6934 271 1
271 10540 1
10540 37 1
10540 9090 1
9090 6164 1
9090 1782 1
1782 7818 1
7818 6343 1
6343 7291 1
7291 9090 1
9090 7924 1
7924 967 1
7924 4571 1
4571 8413 1
8413 271 1
271 377 1
377 4021 1
4021 4968 1
4968 1375 1
1375 9700 1
9700 8959 1
8959 10311 1
10311 7686 1
7686 2226 1
2226 5536 1
5536 2846 1
2846 7841 1
7841 6060 1
6060 720 1
758 7313 1
7313 9008 1
9008 10882 1
10882 5082 1
5082 9468 1
9468 10814 1
10814 6552 1
6552 5282 1
5282 11137 1
5282 10707 1
10707 4768 1
4768 5265 1
5265 304 1
304 9082 1
9082 377 1
377 4968 1
4968 7911 1
7911 4239 1
4239 6549 1
6549 1130 1
1130 3042 1
3042 7159 1
7159 7463 1
7463 10059 1
10059 4801 1
4801 11187 1
11187 4008 1
4008 6528 1
6528 4298 1
4298 3523 1
3523 319 1
319 264 1
264 9870 1
9870 6139 1
6139 357 1
357 2112 1
2112 10123 1
10123 6549 1
6549 1739 1
1739 9011 1
9011 2339 1
2339 2506 1
2339 9100 1
9100 7591 1
7591 8269 1
382 6197 1
6197 7546 1
7546 1152 1
1152 5496 1
5496 6803 1
6803 4941 1
4941 1664 1
1664 10886 1
10886 7131 1
7131 537 1
537 4119 1
4119 6724 1
6724 6417 1
6417 4119 1
4119 6723 1
6723 1958 1
1958 3951 1
3951 6722 1
6722 1958 1
1958 10609 1
10609 68 1
68 6525 1
6525 7239 1
7239 4774 1
4774 8345 1
8345 5512 1
5512 3397 1
3397 3170 1
3170 7977 1
7977 8565 1
8565 10179 1
10179 3115 1
3115 6529 1
6529 8330 1
8330 7359 1
7359 4871 1
4871 6991 1
6991 8516 1
8516 4104 1
4104 4661 1
4661 7371 1
7371 5974 1
5974 4060 1
4060 1564 1
1564 2658 1
2658 4954 1
4954 5442 1
5442 2272 1
2272 1801 1
2272 6910 1
6910 7920 1
7920 281 1
281 5053 1
5053 756 1
756 9278 1
9278 8343 1
8343 8802 1
8802 3397 1
3397 10397 1
10397 3092 1
3092 8093 1
7069 5592 1
5592 1019 1
1019 6939 1
6939 6838 1
6838 685 1
685 6304 1
6304 5013 1
5013 3092 1
3092 3809 1
3809 8152 1
8152 2695 1
4149 5130 1
5130 10528 1
10528 7057 1
7057 7352 1
7352 6970 1
6970 2078 1
2078 2932 1
2932 2484 1
2484 4776 1
4776 1428 1
1428 3840 1
3840 5559 1
5559 8762 1
8762 5670 1
5670 3569 1
3569 8993 1
8993 6737 1
6737 2077 1
2077 1204 1
1204 5441 1
5441 6196 1
6196 2851 1
2851 8558 1
2851 2880 1
2880 5974 1
5974 3806 1
3806 10619 1
3806 3918 1
3918 7616 1
7616 8848 1
8848 376 1
376 11087 1
11087 8316 1
8316 4629 1
6863 7370 1
7370 232 1
232 3060 1
3060 6101 1
6101 10869 1
10869 6536 1
6536 3748 1
3748 6293 1
6293 3494 1
3494 1368 1
1368 2015 1
2015 10071 1
2804 7988 1
7988 10066 1
10066 8966 1
8966 7746 1
7746 2921 1
2921 10062 1
10062 10989 1
10989 5169 1
5169 584 1
584 6489 1
6489 4149 1
4149 9823 1
9823 7994 1
7994 1987 1
1987 2260 1
2260 161 1
161 6803 1
4941 5442 1
5442 7530 1
7530 9545 1
9545 3064 1
3064 1412 1
1412 3386 1
3386 2381 1
2381 542 1
542 678 1
678 4661 1
4661 3301 1
3301 6722 1
6722 8882 1
8882 50 1
50 10874 1
10874 42 1
42 6526 1
6526 7091 1
7091 8755 1
8755 6139 1
6139 982 1
982 941 1
941 6350 1
6350 10905 1
10905 406 1
406 5023 1
5023 7334 1
7334 1686 1
1686 2279 1
2279 1812 1
1812 3542 1
3542 10862 1
10862 1350 1
1350 166 1
166 4331 1
4331 5346 1
5346 9357 1
9357 9407 1
9407 4537 1
4537 10603 1
4537 6539 1
6539 8502 1
4537 8527 1
4537 5691 1
5691 5310 1
5691 149 1
5691 10910 1
10910 8643 1
7609 3286 1
3286 10494 1
10494 7941 1
7941 7112 1
7112 2659 1
2659 6924 1
2659 3714 1
3714 10170 1
10170 8342 1
8342 9764 1
9764 5666 1
5666 10493 1
10493 10577 1
10577 1744 1
1744 10493 1
10493 5939 1
5939 7106 1
7106 4053 1
4053 5939 1
5939 4288 1
4053 4638 1
4638 4817 1
4817 10550 1
10550 9743 1
9743 5614 1
9743 11177 1
11177 11024 1
11024 2771 1
2771 249 1
249 6688 1
6688 2771 1
2771 9857 1
9857 599 1
599 9668 1
9668 4981 1
4981 5813 1
5813 8484 1
8484 411 1
411 2684 1
2684 9374 1
9374 2223 1
2223 7057 1
2223 7190 1
7190 2058 1
2058 10983 1
10983 10397 1
10397 7591 1
7591 4199 1
4199 10172 1
5593 3115 1
3115 4199 1
4199 10624 1
10624 414 1
414 3482 1
3482 9018 1
9018 4801 1
9018 9689 1
9018 944 1
944 3401 1
3401 6398 1
6398 5910 1
5910 3064 1
3064 6139 1
6139 629 1
629 542 1
542 7945 1
7945 10777 1
10777 8755 1
8755 5969 1
5969 6061 1
6061 8229 1
8229 7633 1
7633 5265 1
5265 1559 1
1559 1668 1
1668 8156 1
8156 3166 1
3166 426 1
3166 7640 1
7938 9306 1
9306 4112 1
4112 8778 1
8778 5830 1
5830 9306 1
9306 6364 1
6364 7938 1
7938 5265 1
5265 6186 1
6186 5195 1
5195 6984 1
6984 954 1
954 2601 1
2601 5545 1
5545 8901 1
8901 2891 1
2891 9924 1
9924 9578 1
9578 9092 1
1640 7494 1
7494 10487 1
10487 10546 1
10546 4629 1
4629 7806 1
7806 6834 1
6834 1629 1
1629 3062 1
3062 4357 1
4357 7091 1
4829 4104 1
4104 10964 1
10964 5443 1
5443 8451 1
8451 10654 1
10654 1250 1
1250 2846 1
2846 6951 1
6951 6725 1
6725 1775 1
1775 4654 1
4654 9578 1
9578 192 1
192 9996 1
9996 5697 1
5697 2891 1
2891 11 1
11 444 1
444 1283 1
1283 9878 1
9878 5815 1
5815 10770 1
5815 10157 1
10157 8239 1
8239 2608 1
2608 537 1
537 5439 1
5439 4000 1
4000 4474 1
4474 8274 1
8274 2568 1
2568 6526 1
6526 9873 1
9873 2880 1
2880 756 1
756 1130 1
1130 3574 1
3574 1535 1
1535 2112 1
2112 8987 1
8987 5472 1
5472 3409 1
3409 8565 1
8565 2943 1
2943 224 1
224 8987 1
8987 7371 1
7371 4382 1
4382 4861 1
4861 8316 1
8316 7066 1
7066 2535 1
2535 9141 1
9141 8187 1
8187 3100 1
3100 10292 1
10292 6838 1
6838 6231 1
6231 5279 1
5279 7236 1
7236 7098 1
7098 10434 1
10434 2508 1
2508 3100 1
3100 6101 1
6101 6073 1
6101 8802 1
8802 4954 1
4954 8523 1
8523 11109 1
11109 7494 1
7494 5604 1
6691 10912 1
10912 3062 1
3062 2819 1
2819 1785 1
1785 5792 1
5792 4892 1
4892 6139 1
6139 7676 1
7676 5969 1
5969 7359 1
7359 5597 1
5597 10004 1
10004 4861 1
4861 10041 1
10041 7064 1
7064 3788 1
3788 6927 1
6927 9941 1
6927 767 1
767 7563 1
7563 4607 1
7563 4477 1
4477 6595 1
6595 2238 1
2238 9142 1
9142 4536 1
4536 9400 1
9400 2447 1
2447 2402 1
2402 3678 1
3678 4082 1
4082 4119 1
4119 319 1
319 4477 1
4477 8274 1
8274 2958 1
2958 8523 1
8523 357 1
357 2568 1
2568 9015 1
9015 5569 1
5569 2880 1
9164 5574 1
5574 6910 1
7663 9939 1
9939 10287 1
10287 583 1
583 3326 1
3326 9605 1
9605 1412 1
6910 2970 1
2970 3317 1
3317 10350 1
10910 149 1
5691 572 1
572 6676 1
572 4119 1
4119 11060 1
11060 1197 1
1197 6101 1
6101 3858 1
3858 10123 1
10123 4298 1
4298 3611 1
3611 623 1
623 6595 1
6595 8730 1
6595 3463 1
3463 7806 1
7806 9602 1
9602 5048 1
