1759 3797 1
3797 9007 1
9007 7850 1
7850 8592 1
8592 9007 1
9007 3840 1
3840 5246 1
5246 4128 1
4128 3659 1
3659 2443 1
2443 5503 1
5503 7582 1
7582 8470 1
8470 2238 1
2238 1801 1
1801 7663 1
7663 2880 1
2880 10318 1
10318 3993 1
3993 3115 1
3115 6648 1
6648 10020 1
10020 6834 1
6834 1208 1
1208 3326 1
3326 2243 1
2243 5616 1
5616 4135 1
4135 6563 1
6563 5439 1
5439 7371 1
7371 10726 1
10726 5611 1
5611 5597 1
5597 2381 1
2381 4060 1
4060 2854 1
2854 5847 1
5847 1248 1
1248 4304 1
4304 505 1
505 2535 1
2535 8269 1
8269 10397 1
10397 2188 1
2188 3720 1
3720 8277 1
8277 1904 1
1904 8146 1
8146 707 1
707 10129 1
10129 5336 1
5336 6009 1
6009 10007 1
10007 10809 1
10809 9025 1
9025 6795 1
6795 10474 1
6795 10569 1
6795 9194 1
9194 7637 1
7637 3978 1
3978 2876 1
2876 5567 1
5567 1859 1
1859 1086 1
1859 6815 1
6815 4072 1
4072 6721 1
4072 6902 1
6902 5889 1
6902 10568 1
10568 9337 1
9337 1300 1
9337 6535 1
6535 2648 1
2648 9196 1
9196 9470 1
9470 5448 1
5448 6599 1
6599 659 1
659 9470 1
9470 9517 1
9517 636 1
636 9044 1
9044 1443 1
1443 7606 1
7606 7400 1
7400 7313 1
7313 5970 1
5970 5974 1
5974 7457 1
7457 5016 1
5016 2395 1
2395 4298 1
4298 505 1
505 2343 1
2343 661 1
661 7662 1
7662 11039 1
11039 3218 1
3218 10266 1
10266 9605 1
9605 3234 1
3234 10041 1
10041 2272 1
2272 8233 1
8233 2737 1
2737 319 1
319 1664 1
1664 6770 1
6770 8426 1
8426 3218 1
3218 4069 1
4069 7287 1
7287 9124 1
9124 5905 1
5905 4071 1
4071 3687 1
3687 785 1
785 4523 1
4523 4071 1
4523 7630 1
4523 4891 1
4891 7630 1
7630 6011 1
6011 9376 1
9376 9447 1
9447 1350 1
1350 9357 1
9357 4331 1
4331 1087 1
1087 438 1
438 3952 1
3952 1775 1
1775 10021 1
10021 1481 1
10021 10935 1
10935 4317 1
10935 8625 1
10935 1115 1
1115 8112 1
8112 2764 1
8112 1420 1
1420 8681 1
8681 1583 1
1583 10326 1
10326 7839 1
10326 7511 1
7511 2110 1
2110 3732 1
3732 3552 1
3552 5569 1
5569 10792 1
10792 5395 1
5395 1664 1
1664 3234 1
3234 8987 1
8987 8736 1
8736 4477 1
4477 4661 1
4661 7359 1
7359 8341 1
8341 8095 1
8095 8079 1
8079 9577 1
9577 7379 1
7379 9870 1
9870 4468 1
4468 9110 1
9110 7682 1
7682 6286 1
6286 7031 1
7031 8233 1
8233 4862 1
4862 8956 1
8956 6948 1
6948 4329 1
4329 8956 1
4862 7582 1
7582 7084 1
7084 3270 1
3270 8006 1
8006 9448 1
9448 3669 1
3669 8006 1
8006 7084 1
7084 11170 1
11170 6411 1
6411 8882 1
8882 2238 1
2238 4480 1
4480 10869 1
10869 2639 1
2639 5387 1
5387 1096 1
1096 367 1
367 2492 1
2492 5360 1
5360 1326 1
1326 2639 1
2639 6536 1
6536 6184 1
6184 1223 1
1223 4193 1
4193 3123 1
3123 3748 1
3748 7787 1
7787 2927 1
2927 1380 1
1380 3111 1
3111 6009 1
6009 402 1
402 698 1
698 4907 1
4907 4414 1
4414 6892 1
6892 4770 1
4770 3776 1
3776 6465 1
6465 3395 1
3395 3776 1
3776 4032 1
4032 8818 1
8818 1487 1
1487 4585 1
4585 11191 1
11191 1487 1
1487 10640 1
10640 9609 1
9609 1549 1
1549 2055 1
2055 5312 1
5312 1399 1
1399 1196 1
1196 10198 1
10198 8088 1
8088 3721 1
3721 2980 1
2980 8429 1
8429 10385 1
10385 739 1
739 7290 1
7290 10419 1
10419 1553 1
1553 8301 1
8301 5306 1
8301 2980 1
2980 9840 1
9840 8302 1
8302 7966 1
7966 7877 1
7877 3146 1
3146 8429 1
8429 534 1
534 6763 1
6763 5306 1
5306 3033 1
3033 10385 1
10385 5602 1
5602 9840 1
9840 10385 1
10385 10894 1
10894 9615 1
9615 534 1
534 4063 1
4063 974 1
974 10894 1
10894 7416 1
7416 4000 1
4000 10256 1
10256 8088 1
8088 2980 1
8429 9643 1
9643 2980 1
2980 4000 1
4000 281 1
281 2077 1
2077 8959 1
8959 7123 1
7123 4033 1
4033 8753 1
8753 2601 1
2601 3346 1
3346 7299 1
7299 10235 1
10235 8432 1
8432 5696 1
5696 3653 1
3653 8960 1
8960 8432 1
8432 9175 1
9175 10248 1
9175 10721 1
10721 7689 1
7689 6513 1
6513 4412 1
4412 7929 1
7929 4854 1
4854 4412 1
4412 9131 1
9131 75 1
75 6737 1
6737 9278 1
9278 10004 1
10004 11006 1
11006 6894 1
6894 2936 1
2936 7091 1
7091 542 1
542 5053 1
5053 2447 1
2447 8187 1
8187 7379 1
7379 3326 1
3326 7591 1
7591 9264 1
9264 9147 1
9147 621 1
621 3840 1
3840 8762 1
8762 5442 1
5442 2466 1
2466 1483 1
1483 8754 1
8754 6346 1
6346 398 1
398 4919 1
4919 2691 1
2691 9374 1
9374 161 1
161 4027 1
4027 9071 1
9071 10073 1
9071 10809 1
10809 7994 1
7994 5637 1
5637 1097 1
1097 2760 1
2760 9228 1
9228 8151 1
8151 5451 1
5451 4030 1
4030 7558 1
4030 9575 1
9575 2461 1
2461 6118 1
6118 10169 1
10169 1562 1
10169 9486 1
9486 10936 1
10936 10913 1
10913 9937 1
9937 4841 1
4841 327 1
327 4457 1
4457 7302 1
7302 7634 1
7634 5206 1
5206 7988 1
7988 1281 1
1281 8626 1
8626 1762 1
1762 8266 1
8266 1315 1
8266 1401 1
1401 1762 1
1762 2466 1
2466 6255 1
6255 4104 1
4104 2535 1
2535 9296 1
9296 5048 1
5048 11132 1
11132 8187 1
8187 7239 1
7239 4661 1
4661 6770 1
6770 8987 1
8987 2262 1
2262 4747 1
4747 10318 1
10318 9870 1
9870 8153 1
8153 7992 1
7992 11087 1
11087 8153 1
8153 6099 1
6099 4483 1
4483 6391 1
6391 7920 1
7920 7023 1
7023 3397 1
3397 5503 1
5503 2044 1
2044 437 1
437 2447 1
2447 8719 1
8719 542 1
542 4536 1
4536 6549 1
6549 5503 1
5503 8565 1
8565 6595 1
6595 4871 1
4871 7193 1
7193 2532 1
2532 414 1
414 10149 1
10149 4871 1
4871 2595 1
2595 6595 1
6595 8345 1
8345 7867 1
7867 5792 1
5792 1681 1
1681 2284 1
2284 1837 1
1837 2821 1
2821 2285 1
2285 5978 1
5978 4073 1
4073 233 1
233 2795 1
2795 2864 1
2864 7748 1
7748 9106 1
9106 6379 1
6379 2274 1
6379 2090 1
2090 3824 1
3824 3765 1
3765 4701 1
4701 10556 1
10556 3765 1
3765 3967 1
3967 8664 1
8664 10226 1
10226 1057 1
1057 9195 1
9195 2953 1
2953 8752 1
8752 3468 1
3468 3420 1
3420 10806 1
10806 10835 1
10835 7413 1
7413 5741 1
5741 6900 1
6900 4895 1
4895 3967 1
3967 3420 1
3420 696 1
696 43 1
43 2314 1
2314 959 1
959 43 1
43 10740 1
10740 9195 1
9195 4895 1
4895 4083 1
4083 8664 1
8664 9526 1
9526 3765 1
3765 2953 1
2953 8664 1
8664 96 1
96 5661 1
5661 1057 1
1057 959 1
959 4667 1
4667 11156 1
11156 2787 1
2787 3348 1
3348 588 1
588 4271 1
4271 10465 1
10465 8511 1
8511 4271 1
4271 2350 1
2350 8511 1
8511 6410 1
6410 7161 1
7161 7056 1
7056 6945 1
6945 3830 1
7056 1922 1
1922 6159 1
1922 9860 1
9860 10994 1
10994 7056 1
7056 8536 1
8536 1213 1
1213 840 1
840 9419 1
9419 2107 1
2107 4501 1
4501 9447 1
9447 9366 1
9366 3542 1
3542 8231 1
8231 4331 1
4331 1350 1
1350 7170 1
7170 9357 1
9357 4537 1
4537 2663 1
2663 5682 1
5682 5015 1
5015 4322 1
4322 9959 1
9959 9450 1
9450 395 1
395 9632 1
9632 4916 1
4916 4182 1
4182 7783 1
7783 7400 1
7400 8523 1
8523 8802 1
8802 9142 1
9142 8759 1
8759 4000 1
4000 5053 1
5053 4264 1
4264 3945 1
3945 4661 1
4661 6549 1
6549 4877 1
4877 1233 1
1233 606 1
606 4060 1
4060 4661 1
4661 1785 1
1785 1806 1
1806 5048 1
5048 8316 1
8316 4873 1
4873 9264 1
9264 4135 1
4135 7400 1
7400 6052 1
6052 5708 1
5708 7457 1
7457 8054 1
8054 3572 1
3572 2301 1
2301 2904 1
2904 359 1
359 3267 1
3267 707 1
707 2854 1
2854 319 1
319 6097 1
6097 3397 1
3397 10022 1
10022 5355 1
5355 3326 1
3326 3409 1
3409 5355 1
5355 982 1
982 4948 1
4948 1748 1
1748 6243 1
6243 8604 1
8604 5010 1
5010 1556 1
1556 7485 1
7485 5010 1
5010 10971 1
10971 2011 1
2011 8083 1
8083 5010 1
5010 4954 1
4954 483 1
483 5241 1
5241 5053 1
5053 3813 1
3813 5374 1
5374 4297 1
4297 8343 1
8343 7695 1
7695 3517 1
3517 3022 1
3022 9400 1
9400 4861 1
4861 982 1
982 9278 1
9278 8229 1
8229 941 1
941 6139 1
6139 9278 1
9278 3062 1
3062 7987 1
3062 2262 1
2262 8961 1
8961 2402 1
2402 2121 1
2121 818 1
818 4000 1
4000 3397 1
3397 941 1
941 7530 1
7530 8719 1
8719 4464 1
4464 10123 1
10123 8506 1
8506 1208 1
1208 3611 1
3611 5048 1
5048 10179 1
10179 846 1
846 8506 1
8506 7695 1
7695 982 1
982 4877 1
4877 2734 1
2734 9146 1
9146 5881 1
5881 10041 1
10041 2819 1
2819 3692 1
3692 240 1
240 9814 1
9814 7824 1
7824 830 1
830 2083 1
2083 5191 1
5191 3692 1
2819 4877 1
4877 6712 1
6712 6099 1
6099 5504 1
5504 10278 1
10278 853 1
853 5503 1
5503 4892 1
4892 232 1
232 3397 1
3397 11129 1
11129 8712 1
8712 3326 1
3326 8419 1
8419 4247 1
4247 6785 1
6785 4732 1
4732 8419 1
8419 9225 1
9225 10008 1
10008 11071 1
11071 2449 1
2449 10008 1
10008 8752 1
8752 8204 1
8204 10226 1
10226 9526 1
3765 6707 1
6707 952 1
952 3153 1
3153 8664 1
8664 10740 1
10740 7280 1
7280 10008 1
10008 3824 1
3824 5963 1
5963 9526 1
9526 3824 1
10008 8069 1
10008 9514 1
9514 9225 1
9225 3246 1
3246 5548 1
5548 6576 1
6576 5562 1
5562 3047 1
3047 2846 1
2846 299 1
299 10938 1
10938 2846 1
2846 5545 1
5545 5299 1
5299 199 1
199 11178 1
11178 4102 1
4102 8003 1
8003 10484 1
10484 10772 1
10772 6915 1
6915 2518 1
2518 9853 1
6915 11076 1
6915 1768 1
1768 1031 1
1031 1492 1
1492 181 1
181 11022 1
11022 2312 1
2312 2630 1
2630 2518 1
2518 2353 1
2353 2263 1
2518 10772 1
10484 4558 1
10484 6857 1
8003 3902 1
3902 9936 1
9936 1845 1
1845 1934 1
1934 4228 1
4228 2177 1
2177 8199 1
8199 4273 1
4273 4025 1
4025 8199 1
8199 8863 1
8863 5720 1
5720 5026 1
5026 642 1
5026 3223 1
3223 9679 1
9679 10801 1
10801 3728 1
3728 8799 1
8799 7619 1
7619 6413 1
6413 8799 1
8799 2789 1
2789 8778 1
8778 5265 1
5265 10325 1
10325 954 1
954 2530 1
2530 253 1
2530 9999 1
9999 2451 1
2451 1559 1
1559 2340 1
2340 1126 1
1126 1035 1
1035 10425 1
10425 304 1
304 9766 1
9766 10661 1
9766 9700 1
9700 1781 1
1781 9180 1
9180 2869 1
9180 404 1
404 6736 1
404 8701 1
8701 512 1
512 4819 1
512 6789 1
6789 4621 1
4621 70 1
70 6789 1
6789 5985 1
5985 5070 1
5070 497 1
497 10123 1
10123 8882 1
8882 10874 1
10874 8233 1
8233 5783 1
5783 1157 1
1157 3523 1
3523 629 1
629 7371 1
7371 3064 1
3064 7159 1
7159 2854 1
2854 9502 1
9502 9441 1
9441 5336 1
5336 1904 1
1904 1965 1
1965 5623 1
5623 8767 1
8767 10123 1
10123 4483 1
4483 3022 1
3022 4472 1
4472 9922 1
9922 3678 1
3678 9142 1
9142 1130 1
1130 4766 1
1130 2112 1
2112 2281 1
2281 437 1
437 5439 1
5439 4747 1
4747 5574 1
5574 9018 1
9018 5898 1
5898 6997 1
6997 4115 1
4115 5442 1
5442 5819 1
5819 4278 1
4278 8903 1
8903 9358 1
9358 8451 1
8451 7359 1
7359 4664 1
4664 9358 1
9358 3062 1
3062 1336 1
1336 10792 1
10792 9733 1
9733 85 1
85 4747 1
4747 4941 1
4941 6770 1
6770 6572 1
6572 9998 1
9998 8233 1
8233 10609 1
10609 5442 1
5442 4357 1
4357 497 1
497 5985 1
5070 6789 1
6789 544 1
544 2540 1
2540 5242 1
5242 6401 1
6401 2947 1
2947 9383 1
9383 1452 1
1452 2540 1
2540 271 1
271 6934 1
6934 9744 1
9744 5866 1
5866 1301 1
1301 5678 1
5678 5093 1
5093 4850 1
4850 6364 1
6364 1348 1
1348 4557 1
4557 1559 1
1559 954 1
954 9794 1
9794 2151 1
2151 9041 1
9041 6364 1
6364 9999 1
9999 6186 1
6186 5830 1
5830 954 1
954 10425 1
10425 4521 1
4521 1298 1
1298 8267 1
8267 9057 1
9057 492 1
492 8999 1
8999 832 1
832 4067 1
4067 9727 1
9727 832 1
8999 4676 1
4676 771 1
771 847 1
847 10443 1
10443 728 1
728 10141 1
10141 8163 1
8163 10443 1
10443 5650 1
5650 8466 1
8466 728 1
728 8267 1
8267 9658 1
9658 771 1
771 728 1
728 9057 1
9057 2817 1
2817 3698 1
3698 304 1
304 1668 1
1668 5471 1
5471 8778 1
8778 1668 1
1668 1559 1
2451 954 1
954 9064 1
9064 9907 1
9907 370 1
370 1791 1
1791 2902 1
2902 370 1
370 1365 1
1365 5443 1
5443 9070 1
9070 2187 1
2187 8345 1
8345 7371 1
7371 3042 1
3042 9577 1
9577 8565 1
8565 6529 1
6529 623 1
623 1629 1
1629 3326 1
3326 3862 1
3862 2243 1
2243 7530 1
7530 5597 1
5597 8229 1
8229 10041 1
10041 9870 1
9870 2854 1
2854 3699 1
3699 2904 1
2904 4073 1
4073 398 1
398 6489 1
6489 9662 1
9662 3099 1
3099 5119 1
5119 452 1
452 1904 1
1904 7746 1
7746 6489 1
6489 2821 1
2821 7017 1
7017 10886 1
10886 5053 1
5053 3914 1
3914 1877 1
1877 2925 1
2925 8071 1
8071 10031 1
10031 1190 1
1190 4159 1
4159 2653 1
2653 1303 1
1303 3028 1
1303 717 1
717 10862 1
10862 7811 1
7811 487 1
487 9469 1
9469 351 1
351 487 1
487 8217 1
8217 2852 1
7811 1925 1
1925 10171 1
10171 917 1
917 1925 1
10171 3608 1
3608 917 1
10171 2670 1
10171 9010 1
9010 850 1
850 3598 1
3598 8880 1
8880 1686 1
1686 4416 1
4416 8880 1
8880 1110 1
1110 3591 1
3591 3598 1
3598 8740 1
3598 1236 1
3598 7650 1
7650 978 1
978 4702 1
4702 8404 1
8404 978 1
8404 4144 1
4144 536 1
536 1711 1
1711 8191 1
8191 6620 1
6620 536 1
536 87 1
87 8707 1
8707 3298 1
3298 10830 1
10830 1659 1
1659 3770 1
3770 9460 1
9460 2929 1
2929 8004 1
8004 2985 1
2985 8167 1
2985 8878 1
8878 3875 1
3875 2987 1
2987 1686 1
1686 9419 1
9419 2279 1
2279 2446 1
2446 9842 1
9842 1812 1
1812 4331 1
4331 404 1
404 5905 1
5905 8474 1
8474 2482 1
8474 5542 1
5542 2471 1
2471 5564 1
5564 5342 1
5342 3878 1
3878 3925 1
3925 5426 1
5426 10781 1
5426 320 1
5426 1562 1
1562 7476 1
7476 1531 1
1531 655 1
655 1441 1
1441 9281 1
9281 1072 1
1072 8014 1
8014 8466 1
8466 7322 1
7322 10443 1
10443 771 1
771 5943 1
5943 4521 1
4521 4473 1
4473 9831 1
9831 3551 1
3551 5943 1
5943 7322 1
7322 946 1
946 9658 1
9658 7611 1
7611 1372 1
1372 9658 1
9658 9804 1
9804 3886 1
3886 5677 1
5677 3626 1
3626 383 1
383 1787 1
1787 6194 1
6194 2970 1
2970 4531 1
4531 3611 1
3611 1328 1
1328 561 1
561 3115 1
561 9600 1
9600 3039 1
3039 11129 1
11129 2284 1
2284 4238 1
4238 4954 1
4954 4661 1
4661 5053 1
5053 9577 1
9577 4861 1
4861 8759 1
8759 296 1
296 3914 1
3914 10726 1
10726 10004 1
10004 10041 1
10041 9146 1
9146 2658 1
2658 6244 1
6244 5133 1
5133 4828 1
4828 8123 1
8123 9101 1
9101 3136 1
3136 4159 1
4159 1303 1
1303 1190 1
1190 7543 1
7543 6489 1
2821 8285 1
8285 10886 1
10886 980 1
980 8229 1
8229 3317 1
3317 10804 1
10804 11132 1
11132 2571 1
2571 5503 1
5503 6411 1
6411 10869 1
10869 482 1
482 8716 1
8716 258 1
258 5974 1
5974 7361 1
7361 11093 1
11093 4357 1
4357 7239 1
7239 8759 1
8759 2571 1
2571 818 1
818 4861 1
4861 4480 1
4480 6890 1
6890 3383 1
3383 10041 1
10041 3317 1
3317 3473 1
3473 3914 1
3914 9939 1
9939 5868 1
5868 6220 1
6220 6552 1
6552 3047 1
3047 3372 1
3372 10311 1
10311 2388 1
2388 5941 1
5941 8178 1
8178 3986 1
3986 2573 1
2573 3346 1
3346 8015 1
8015 2846 1
2846 2438 1
2438 7457 1
7457 1531 1
7457 4018 1
4018 3862 1
3862 2792 1
2792 4629 1
4629 10628 1
10628 7494 1
7494 11158 1
11158 10260 1
10260 720 1
720 8666 1
8666 1394 1
1394 3075 1
3075 3890 1
3890 8666 1
8666 3344 1
3344 3733 1
3733 2363 1
2363 32 1
32 6286 1
6286 11132 1
11132 5611 1
5611 2658 1
2658 2020 1
2020 8987 1
8987 7359 1
7359 9577 1
9577 1153 1
1153 4298 1
4298 4464 1
4464 85 1
85 10529 1
10529 1564 1
1564 3778 1
3778 3517 1
3517 6549 1
6549 5442 1
5442 3788 1
3788 7945 1
7945 9142 1
8759 10529 1
10529 483 1
483 6923 1
6923 360 1
360 2175 1
2175 1806 1
1806 3397 1
3397 5617 1
5617 10625 1
10625 10610 1
10610 2511 1
2511 10625 1
10625 10326 1
10326 9830 1
9830 9277 1
9277 10174 1
10174 7176 1
7176 9354 1
9354 6176 1
6176 7046 1
7046 1095 1
1095 9940 1
1095 10778 1
1095 5288 1
5288 8388 1
8388 8475 1
8475 8009 1
8009 9830 1
9830 5405 1
5405 10326 1
7511 7511 1
7511 3552 1
3552 4403 1
3552 6135 1
3552 8703 1
8703 1301 1
5866 5242 1
5242 8703 1
8703 9744 1
5866 2219 1
2219 6364 1
6364 2214 1
2214 304 1
304 2147 1
2147 8135 1
8135 6655 1
6655 3414 1
3414 6841 1
6841 5260 1
5260 5218 1
5260 3232 1
3232 8754 1
8754 7911 1
7911 1944 1
1944 6392 1
6392 2024 1
2024 1483 1
1483 9108 1
9108 9264 1
9264 8040 1
8040 8225 1
8225 9034 1
9034 5873 1
5873 453 1
453 9045 1
9045 9034 1
9034 3736 1
3736 9654 1
9654 5086 1
5086 5740 1
5740 494 1
494 7272 1
7272 8477 1
8477 605 1
605 8518 1
8518 306 1
306 809 1
809 10913 1
10913 6774 1
6774 6906 1
6906 10815 1
10815 9937 1
9937 546 1
546 2377 1
2377 809 1
809 546 1
546 10462 1
10462 3621 1
3621 5170 1
5170 4841 1
4841 4495 1
4495 6774 1
6774 1287 1
1287 8984 1
8984 10462 1
10462 5170 1
5170 10913 1
10913 187 1
187 1203 1
10913 1596 1
1596 2698 1
2698 10913 1
10913 8787 1
8787 1383 1
10913 9991 1
9991 10815 1
10815 5170 1
5170 809 1
809 3268 1
3268 9734 1
9734 8514 1
8514 10088 1
10088 11012 1
10088 4233 1
4233 2463 1
2463 6432 1
6432 5271 1
5271 3539 1
3539 4245 1
4245 3414 1
3414 4208 1
4208 11091 1
11091 2847 1
2847 10530 1
10530 4859 1
4859 7055 1
7055 501 1
501 9971 1
9971 7055 1
501 10441 1
10441 9971 1
7055 10441 1
7055 1999 1
1999 4859 1
4859 7864 1
7864 3892 1
7864 9843 1
9843 7721 1
9843 8206 1
8206 88 1
9843 10310 1
10310 1411 1
1411 1690 1
1411 5016 1
5016 360 1
360 10551 1
10551 537 1
537 455 1
455 10266 1
10266 10135 1
10266 3678 1
3678 281 1
281 7031 1
7031 5597 1
5597 8316 1
8316 8054 1
8054 4440 1
8054 4135 1
4135 3234 1
3234 8282 1
8282 818 1
2121 11006 1
11006 2238 1
2238 2936 1
2936 3574 1
3574 8961 1
8961 606 1
606 7074 1
7074 9577 1
9577 718 1
718 6923 1
360 6491 1
6491 5534 1
5534 5016 1
5016 3326 1
3326 1336 1
1336 3409 1
3409 360 1
360 758 1
758 4629 1
4629 3197 1
3197 3572 1
3572 3275 1
3572 1059 1
1059 3197 1
3197 10318 1
10318 10123 1
10123 4941 1
4941 4480 1
4480 818 1
818 2505 1
2505 9146 1
9146 537 1
537 7591 1
7591 5974 1
5974 4060 1
4060 9165 1
9165 5926 1
5926 7177 1
7177 2209 1
2209 4128 1
4128 976 1
976 2925 1
2925 2848 1
2848 1716 1
1716 965 1
965 6927 1
6927 1716 1
1716 3473 1
1716 1412 1
1412 10004 1
9278 3326 1
3326 10104 1
10104 2608 1
2608 2535 1
2535 360 1
360 7845 1
7845 2532 1
2532 9011 1
9011 4135 1
4135 8316 1
8316 5442 1
5442 4954 1
4954 9870 1
9870 1564 1
1564 2571 1
2571 8153 1
7992 6648 1
6648 11087 1
11087 9033 1
9033 2792 1
2792 7806 1
7806 9296 1
9296 4135 1
4135 11086 1
11086 2322 1
2322 7768 1
7768 6019 1
6019 9141 1
9141 2880 1
2880 8054 1
8054 1059 1
1059 720 1
720 3572 1
3572 8756 1
8756 10954 1
10954 176 1
176 4351 1
4351 2041 1
2041 7789 1
2041 9490 1
9490 5443 1
5443 1716 1
1716 8395 1
8395 3473 1
3473 7074 1
7074 10691 1
10691 5709 1
5709 6115 1
6115 9662 1
9662 7720 1
7720 6821 1
6821 9446 1
9446 985 1
985 4818 1
4818 6443 1
4818 10355 1
10355 4230 1
4230 2695 1
2695 10809 1
7994 3130 1
3130 2695 1
2695 7705 1
7705 563 1
7705 627 1
627 10157 1
10157 9185 1
9185 2944 1
2944 3372 1
3372 8705 1
8705 6977 1
6977 1250 1
1250 7885 1
7885 6552 1
6552 5724 1
5724 4842 1
4842 4028 1
4028 3372 1
3372 2686 1
2686 5941 1
5941 10329 1
10329 3047 1
3047 7885 1
7885 5382 1
5382 7299 1
7299 1169 1
1169 8959 1
8959 2388 1
10311 1250 1
1250 6552 1
6552 6355 1
6355 10325 1
10325 7640 1
7640 9630 1
9630 913 1
913 349 1
349 9630 1
349 8524 1
8524 9348 1
9348 3088 1
3088 8524 1
8524 5971 1
5971 1564 1
1564 10777 1
10777 8736 1
8736 4483 1
4483 3100 1
3100 5611 1
5611 9278 1
9278 7505 1
7505 2658 1
2658 3022 1
3022 8987 1
8987 2854 1
2854 3326 1
3326 4563 1
4563 6712 1
6712 483 1
483 8345 1
8345 1934 1
1934 1603 1
1603 568 1
568 7069 1
7069 6231 1
6231 1019 1
1019 8176 1
8176 7069 1
7069 6838 1
6838 2158 1
2158 7893 1
6838 6231 1
6231 568 1
568 8194 1
8194 7098 1
7098 10149 1
10149 2595 1
4871 3049 1
3049 10158 1
10158 7193 1
7193 9223 1
9223 10410 1
10410 42 1
42 1688 1
1688 8095 1
8095 1837 1
1837 7789 1
7789 2081 1
7789 6708 1
6708 9358 1
9358 10410 1
10410 2081 1
2081 5884 1
5884 2041 1
2041 8516 1
8516 9438 1
9438 2821 1
2821 6737 1
6737 9131 1
9131 8029 1
8029 10317 1
10317 7275 1
7275 3908 1
3908 9131 1
9131 675 1
675 11093 1
11093 5654 1
5654 3918 1
3918 4150 1
4150 2709 1
2709 9131 1
9131 9934 1
9131 5654 1
5654 6229 1
6229 2255 1
2255 4042 1
4042 9136 1
9136 1662 1
1662 8100 1
8100 675 1
675 8848 1
8848 6229 1
6229 3384 1
3384 9131 1
9131 2284 1
2284 6059 1
6059 2272 1
2272 6061 1
6061 3042 1
3042 7663 1
7663 8716 1
8716 9278 1
9278 5241 1
5241 1787 1
1787 9482 1
9482 7312 1
7312 5970 1
5970 3813 1
3813 10777 1
10777 1959 1
1959 10551 1
10551 5974 1
5974 6097 1
6097 3788 1
3788 11103 1
11103 4087 1
4087 1088 1
1088 2727 1
2727 3788 1
3788 4941 1
4941 6572 1
6572 537 1
537 5974 1
5974 5616 1
5616 3317 1
3317 4115 1
4115 6563 1
6563 3042 1
3042 2447 1
2447 6383 1
6383 11054 1
11054 3772 1
3772 8343 1
8343 3678 1
3678 2044 1
2044 3574 1
3574 2975 1
2975 9165 1
9165 1664 1
1664 2192 1
2192 1535 1
1535 9939 1
9939 4536 1
4536 2975 1
2975 9142 1
9142 232 1
232 6722 1
6722 3100 1
3100 5161 1
5161 9400 1
9400 2970 1
2970 6061 1
6061 2284 1
2284 3914 1
3914 6525 1
6525 7945 1
7945 7505 1
7505 8603 1
8603 4892 1
4892 9141 1
9141 4766 1
4766 264 1
264 3517 1
3517 5175 1
5175 3053 1
3053 4724 1
4724 2877 1
2877 11109 1
11109 11125 1
11125 8813 1
8813 4230 1
4230 5545 1
5545 2601 1
2601 2226 1
2226 3624 1
3624 2412 1
2412 4028 1
4028 8959 1
8959 4654 1
4654 9092 1
9092 2846 1
2846 11182 1
11182 329 1
2846 5468 1
5468 6576 1
6576 53 1
53 4818 1
4818 1173 1
1173 1482 1
1482 1097 1
1097 6970 1
6970 3092 1
3092 4142 1
4142 985 1
985 6803 1
6803 1602 1
6803 2058 1
2058 2684 1
2684 3011 1
3011 1248 1
1248 4941 1
4941 232 1
232 2975 1
2975 5597 1
5597 4464 1
4464 8229 1
8229 6383 1
6383 2020 1
2020 1739 1
1739 9141 1
9141 3234 1
3234 4298 1
4298 4264 1
4264 6572 1
6572 3772 1
3772 2975 1
2975 10635 1
10635 4954 1
4954 9011 1
9011 2571 1
2571 2044 1
2044 8274 1
8274 10609 1
10609 6577 1
6577 1535 1
1535 6194 1
6194 7064 1
7064 4563 1
4563 8860 1
4563 6595 1
6595 3234 1
3234 2788 1
2788 6139 1
6139 6059 1
6059 2121 1
2121 6737 1
6737 9387 1
9387 1934 1
1934 8252 1
8252 11155 1
11155 9191 1
9191 2870 1
2870 2975 1
2975 2461 1
2461 8126 1
8126 1681 1
1681 6383 1
6383 8603 1
8603 7768 1
7768 8530 1
8530 602 1
8530 2992 1
2992 5329 1
5329 7927 1
7927 2324 1
7927 2366 1
2366 3025 1
3025 8780 1
8780 8361 1
3025 4417 1
4417 2366 1
2366 3824 1
3824 10835 1
10835 696 1
696 8752 1
8752 10835 1
10835 4667 1
4667 10740 1
10740 959 1
959 696 1
696 6900 1
6900 10226 1
10226 10556 1
10556 8752 1
8204 2882 1
2882 7538 1
2882 5459 1
2882 2764 1
2764 11177 1
11177 7269 1
7269 1206 1
1206 3400 1
3400 7269 1
7269 6013 1
6013 9944 1
6013 1285 1
1285 720 1
720 9169 1
9169 11068 1
11068 9668 1
9668 4372 1
4372 399 1
399 8276 1
8276 5435 1
5435 2369 1
2369 5968 1
5968 3572 1
3572 8644 1
8644 2484 1
2484 9441 1
9441 3478 1
3478 1275 1
1275 8644 1
8644 9441 1
9441 3317 1
3317 8871 1
8871 50 1
50 982 1
982 2121 1
2121 5974 1
5974 7023 1
7023 7484 1
7484 3778 1
3778 4774 1
4774 6097 1
6097 2044 1
2044 10636 1
10636 9876 1
9876 3859 1
3859 4427 1
4427 8939 1
8939 5840 1
5840 2754 1
2754 2540 1
2540 2650 1
2650 1301 1
1301 544 1
544 5678 1
5678 8257 1
8257 2650 1
2540 6757 1
6757 1659 1
1659 6954 1
6954 4521 1
4521 5195 1
5195 10707 1
10707 6984 1
6984 1668 1
1668 6364 1
6364 3166 1
3166 1035 1
1035 2562 1
2562 7640 1
7640 7464 1
7464 5830 1
5830 3870 1
3870 8919 1
8919 5471 1
5471 3166 1
3166 7192 1
3166 643 1
643 9447 1
9447 3079 1
3079 3261 1
3261 3542 1
3542 9324 1
9324 8880 1
8880 8744 1
8744 6091 1
8744 1584 1
8744 1469 1
1469 1686 1
1686 8315 1
8315 2279 1
2279 4501 1
4501 1686 1
1686 1384 1
1384 3651 1
3651 4416 1
4416 2107 1
2107 8571 1
8571 5982 1
5982 3651 1
3651 3542 1
3542 1236 1
1236 4331 1
4331 9276 1
9276 2987 1
2987 5222 1
9276 1812 1
1812 8315 1
8315 3261 1
3261 9276 1
9276 8571 1
8571 2279 1
2279 7647 1
7647 11059 1
11059 3542 1
3542 9447 1
3542 8930 1
8930 840 1
840 8864 1
8864 6205 1
6205 9276 1
9276 4501 1
4501 4331 1
4331 4416 1
4416 8864 1
8864 4331 1
4331 10449 1
10449 5920 1
5920 9472 1
9472 9988 1
9988 377 1
377 6197 1
6197 1987 1
1987 5906 1
5906 8395 1
5906 7023 1
7023 6525 1
6525 3517 1
3517 6792 1
3517 9865 1
9865 8993 1
8993 3623 1
3623 10123 1
10123 9015 1
9015 3560 1
3560 10609 1
10609 6572 1
6572 7159 1
7159 8871 1
8871 7064 1
7064 2344 1
2344 4308 1
4308 5443 1
5443 2466 1
2466 8395 1
8395 5472 1
5472 6927 1
6927 2445 1
2445 4190 1
4190 7768 1
7768 2020 1
2020 5792 1
5792 3945 1
3945 8565 1
8565 7371 1
7371 8759 1
8759 8565 1
8565 6648 1
6648 3510 1
3510 1840 1
1840 7275 1
7275 808 1
808 11167 1
11167 4335 1
4335 2664 1
2664 9062 1
9062 6408 1
6408 6286 1
6286 4536 1
4536 9218 1
9218 3062 1
3062 629 1
629 5569 1
5569 5503 1
5503 3042 1
3042 1629 1
1629 6910 1
6910 6563 1
6563 1026 1
1026 5127 1
5127 7882 1
7882 8335 1
8335 6391 1
6391 8871 1
8871 6097 1
6097 818 1
818 4892 1
4892 8736 1
8736 5439 1
5439 1681 1
1681 2461 1
2461 6770 1
6770 3993 1
3993 8020 1
8020 3317 1
3317 9490 1
9490 3373 1
3373 6391 1
6391 3574 1
3574 6525 1
6525 10022 1
10022 11132 1
11132 3993 1
3993 853 1
853 6391 1
6391 6194 1
6194 2880 1
2880 3042 1
3042 5053 1
5053 7239 1
7239 2979 1
2979 1681 1
1681 2020 1
2020 8506 1
8506 10020 1
10020 4135 1
4135 3326 1
3326 8719 1
8719 1629 1
1629 7371 1
7371 2571 1
2571 1664 1
1664 542 1
542 2238 1
2238 3397 1
3397 8716 1
8716 6737 1
6737 6712 1
6712 6139 1
6139 10726 1
10726 8282 1
8282 6391 1
6391 3042 1
3042 3317 1
3317 5792 1
5792 8802 1
8802 7505 1
7505 3234 1
9141 2044 1
2044 606 1
606 2272 1
2272 6910 1
6910 834 1
834 9788 1
9788 1634 1
1634 7110 1
7110 9346 1
9346 4655 1
9346 6196 1
6196 2187 1
2187 8756 1
8756 3692 1
3692 10539 1
10539 830 1
830 2175 1
2175 7229 1
7229 2848 1
2848 4730 1
4730 4128 1
4128 1877 1
1877 5503 1
5503 6935 1
6935 10616 1
10616 6836 1
6836 1412 1
1412 6549 1
6549 1643 1
1643 944 1
944 2275 1
2275 4239 1
4239 7922 1
7922 3534 1
3534 1483 1
2024 1944 1
1944 6737 1
6737 8516 1
8516 8341 1
8516 10886 1
10886 4563 1
4563 3813 1
3813 3234 1
3234 4941 1
4941 2950 1
2950 3288 1
3288 2223 1
2223 2260 1
2260 4960 1
4960 5451 1
5451 9823 1
9823 4757 1
4757 5117 1
5117 2058 1
2058 161 1
161 2762 1
2762 3747 1
3747 9823 1
9823 5244 1
5244 1987 1
1987 3809 1
3809 4142 1
4142 1882 1
1882 667 1
667 4757 1
4757 2760 1
2760 1406 1
1406 1097 1
1097 7905 1
1097 161 1
161 5668 1
5668 7190 1
7190 4941 1
4941 4937 1
4937 2904 1
2904 3215 1
3215 359 1
359 3720 1
3720 6892 1
6892 707 1
707 8547 1
8547 1904 1
1904 811 1
811 3478 1
3478 1726 1
1726 4516 1
4516 4284 1
4284 10859 1
10859 3069 1
3069 4516 1
4516 10246 1
10246 1606 1
1606 6476 1
1606 11174 1
11174 3488 1
3488 11177 1
11177 6379 1
6379 3461 1
3461 7317 1
7317 9911 1
9911 11168 1
11168 10931 1
11168 2964 1
2964 3875 1
11168 6974 1
6974 10188 1
6974 4564 1
4564 4681 1
4681 1106 1
4681 4059 1
4059 10110 1
10110 5571 1
5571 7058 1
7058 3021 1
3021 3950 1
3950 8560 1
8560 1234 1
1234 2185 1
2185 4422 1
4422 8437 1
4422 2015 1
2015 649 1
649 1727 1
1727 8837 1
8837 1387 1
1387 2318 1
8837 9480 1
9480 10796 1
10796 9021 1
9480 8067 1
8067 5784 1
5784 4678 1
4678 8830 1
4678 2672 1
2672 4852 1
4852 10252 1
10252 10840 1
10840 4009 1
10840 2439 1
2439 4245 1
4245 6432 1
6432 2601 1
2601 7635 1
7635 2815 1
2815 4639 1
4639 4404 1
4404 7166 1
7166 3114 1
3114 4404 1
4404 6793 1
6793 1675 1
1675 6215 1
6215 5863 1
6215 4299 1
4299 11023 1
11023 7515 1
4299 2227 1
2227 6825 1
6825 8763 1
6825 10032 1
10032 3649 1
3649 4338 1
4338 10376 1
10376 4371 1
4371 11045 1
11045 3653 1
3653 3832 1
3832 1549 1
9609 10090 1
10090 7694 1
7694 3612 1
3612 10376 1
10376 3649 1
3649 5788 1
5788 4371 1
4371 10086 1
10086 6781 1
6781 3633 1
3633 5312 1
2055 5058 1
5058 7373 1
7373 6694 1
6694 10191 1
10191 8036 1
8036 7373 1
7373 4679 1
4679 9491 1
9491 3026 1
3026 5573 1
5573 7163 1
7163 3494 1
3494 1727 1
649 8246 1
8246 2073 1
2073 3494 1
3494 10274 1
10274 4596 1
4596 8357 1
8357 2987 1
2987 9868 1
9868 10954 1
10954 4947 1
4947 10873 1
10873 6926 1
6926 4947 1
4947 1082 1
1082 2226 1
2601 2461 1
2461 7095 1
7095 9228 1
9228 7169 1
7169 9457 1
9457 7143 1
7143 3149 1
3149 7807 1
7807 5230 1
5230 7120 1
7120 10516 1
10516 3372 1
2686 7274 1
7274 9468 1
9468 7288 1
7288 9275 1
9275 1836 1
1836 6795 1
6795 8519 1
6795 5868 1
5868 2226 1
2226 1767 1
1767 5536 1
5536 7274 1
7274 3372 1
3372 10890 1
10890 6220 1
6220 9468 1
9468 997 1
997 3457 1
3457 3346 1
3346 10329 1
10329 6977 1
6977 2846 1
2846 9468 1
9468 8015 1
8015 1082 1
1082 299 1
299 5562 1
5562 8705 1
8705 8178 1
8178 7686 1
7686 2944 1
2944 8959 1
8959 3986 1
3986 944 1
944 1715 1
1715 10974 1
10974 9593 1
9593 3232 1
3232 10453 1
10453 10954 1
10954 853 1
853 5241 1
5241 2880 1
2880 1564 1
1564 7484 1
7484 319 1
319 2262 1
2262 6194 1
6194 10551 1
10551 4774 1
4774 4892 1
4892 3993 1
3993 7920 1
7920 9142 1
9142 6286 1
6286 2281 1
2281 2505 1
2505 6863 1
6863 7494 1
7494 6849 1
6849 4332 1
4332 62 1
62 3080 1
3080 7021 1
7021 62 1
62 2091 1
2091 3659 1
3659 1484 1
1484 10308 1
10308 6777 1
6777 5241 1
5241 982 1
982 3008 1
3008 4553 1
4553 9983 1
9983 3275 1
3275 1727 1
1727 4840 1
4840 6671 1
6671 3822 1
3822 730 1
730 4104 1
4104 8546 1
8546 5016 1
5016 10104 1
10104 10547 1
10547 4472 1
4472 4119 1
4119 219 1
219 3748 1
3748 367 1
367 8858 1
8858 8246 1
8246 1818 1
1818 6099 1
6099 483 1
483 8153 1
8153 4877 1
4877 3100 1
3100 6723 1
6723 6918 1
6918 357 1
357 9146 1
9146 8736 1
8736 10804 1
10804 4483 1
4483 264 1
264 7920 1
7920 2734 1
2734 9141 1
9141 11006 1
11006 5969 1
5969 4774 1
4774 4357 1
4357 675 1
675 8660 1
8660 8100 1
8100 9136 1
9136 11093 1
11093 3813 1
3813 8316 1
8316 4115 1
4115 1739 1
1739 2281 1
2281 9473 1
9473 2854 1
2854 10022 1
10022 4000 1
4000 4861 1
4861 2447 1
2447 9473 1
9473 3993 1
3993 180 1
180 4238 1
4238 9427 1
9427 10528 1
