11160 1130 1
1130 11006 1
11006 2262 1
2262 9870 1
9870 7159 1
7159 10022 1
10022 1959 1
1959 3914 1
3914 1059 1
1059 2535 1
2535 4115 1
4115 5163 1
5163 10588 1
10588 4115 1
4115 1412 1
1412 6525 1
6525 1025 1
1025 555 1
555 8998 1
8998 10886 1
10886 3364 1
3364 8345 1
8345 5881 1
5881 85 1
85 5974 1
5974 9296 1
9296 7359 1
7359 8712 1
8712 10172 1
10172 2880 1
2880 3170 1
3170 7676 1
7676 6529 1
6529 3397 1
3397 6139 1
6139 1535 1
1535 4536 1
4536 85 1
85 1130 1
1130 5768 1
5768 10083 1
10083 4978 1
4978 9044 1
9044 1749 1
1749 3344 1
3344 5524 1
5524 2223 1
2223 6936 1
6936 10528 1
10528 7432 1
7432 5117 1
5117 2831 1
2831 6197 1
6197 10941 1
10941 3987 1
3987 7064 1
7064 8187 1
8187 9427 1
9427 2736 1
2736 4830 1
4830 5968 1
5968 5056 1
5056 1785 1
1785 7663 1
7663 9127 1
7663 8274 1
8274 2946 1
2946 3993 1
3993 85 1
85 3397 1
3397 357 1
357 1336 1
1336 1535 1
1535 8998 1
8998 10266 1
10266 8335 1
10266 7457 1
7457 529 1
529 10983 1
10983 5352 1
5352 7084 1
7084 3383 1
3383 4563 1
4563 3945 1
3945 6099 1
6099 8871 1
8871 3993 1
3993 10528 1
10528 6737 1
6737 3197 1
3197 8054 1
8054 623 1
623 3510 1
3510 3611 1
3611 10723 1
10723 4861 1
4861 10022 1
10022 8229 1
8229 629 1
629 3951 1
3951 10609 1
10609 6890 1
6890 6491 1
6491 4135 1
4135 9600 1
9600 1025 1
1025 7682 1
7682 2175 1
2175 3678 1
3678 1664 1
1664 3644 1
3644 3993 1
3993 6890 1
6890 6526 1
6526 7091 1
7091 2571 1
2571 9218 1
9218 5611 1
5611 5574 1
5574 2532 1
2532 6093 1
6093 8095 1
8095 2354 1
2354 3572 1
3572 8117 1
8117 2073 1
2073 3494 1
3494 2015 1
2015 10834 1
10834 1258 1
1258 10729 1
1258 3292 1
3292 5807 1
5807 8154 1
5807 3658 1
3658 554 1
554 6312 1
6312 7334 1
7334 3294 1
3294 6923 1
6923 1564 1
1564 8303 1
8303 6491 1
6491 4873 1
4873 2535 1
2535 10135 1
10135 9146 1
9146 3788 1
3788 1717 1
1717 6563 1
6563 9870 1
9870 6019 1
6019 8802 1
8802 4892 1
4892 7023 1
7023 3344 1
3344 8736 1
8736 10792 1
10792 537 1
537 9218 1
9218 2880 1
2880 8188 1
8188 11103 1
11103 7733 1
7733 2970 1
2970 3017 1
3017 357 1
357 9164 1
357 8767 1
8767 2187 1
2187 7708 1
7708 3754 1
3754 7288 1
7288 1533 1
1533 6087 1
6087 1351 1
1351 8441 1
8441 6245 1
6245 1351 1
1351 8869 1
8869 7726 1
7726 1243 1
8869 3809 1
3809 7190 1
7190 3130 1
3130 10397 1
10397 7313 1
7313 7400 1
7400 7530 1
7530 7945 1
7945 6099 1
6099 414 1
414 9788 1
9788 7629 1
7629 7922 1
7922 6787 1
6787 7155 1
7155 6653 1
6653 6975 1
6975 1944 1
1944 7922 1
1944 2097 1
2097 5974 1
5974 4238 1
4238 11006 1
11006 8755 1
8755 2243 1
2243 319 1
319 2401 1
2401 7312 1
7312 6372 1
6372 512 1
512 8701 1
8701 8994 1
8994 1772 1
1772 7530 1
7530 4148 1
4148 2880 1
2880 3574 1
3574 8153 1
8153 3409 1
3409 2162 1
2162 3364 1
3364 3611 1
3611 3844 1
3844 5574 1
5611 8755 1
8755 7663 1
7663 2284 1
2284 5597 1
5597 8961 1
8961 982 1
982 1664 1
1664 2936 1
2936 4747 1
4747 8316 1
8316 3326 1
3326 9008 1
9008 2505 1
2505 6529 1
6529 3344 1
3344 4877 1
4877 2571 1
2571 4954 1
4954 8187 1
8187 7400 1
7400 1443 1
1443 5974 1
5974 7023 1
7023 4563 1
4563 6391 1
6391 10149 1
10149 10091 1
10091 4104 1
4104 11054 1
11054 258 1
258 7239 1
7239 6139 1
6139 8187 1
8187 2243 1
2243 2658 1
2658 8771 1
2658 9577 1
9577 1629 1
1629 6648 1
6648 68 1
6648 6288 1
6288 2505 1
2505 1336 1
1336 264 1
264 2284 1
2284 3022 1
3022 258 1
258 6061 1
6061 3957 1
3957 8374 1
8374 8716 1
8716 4563 1
4563 10004 1
10004 3409 1
3409 159 1
159 10673 1
10673 1412 1
1412 2445 1
2445 295 1
295 8079 1
8079 18 1
18 1132 1
1132 4432 1
4432 7816 1
7816 10031 1
10031 532 1
532 6183 1
6183 5815 1
5815 8767 1
8767 7098 1
7098 1229 1
1229 10673 1
10673 10723 1
10723 9939 1
9939 1959 1
1959 5881 1
5881 2897 1
2897 1373 1
1373 4747 1
4747 3064 1
3064 6910 1
6910 10723 1
10723 2734 1
2734 7524 1
7524 3794 1
3794 9591 1
9591 818 1
818 6935 1
6935 6097 1
6097 2395 1
2395 3170 1
3170 6288 1
6288 4663 1
4663 2880 1
2880 542 1
542 6572 1
6572 7663 1
7663 1629 1
1629 7977 1
7977 3062 1
3062 8961 1
8961 4774 1
4774 8282 1
8282 10292 1
10292 377 1
377 4971 1
4971 3414 1
3414 4548 1
4548 5564 1
5564 4688 1
5564 4086 1
5564 11074 1
11074 9253 1
9253 5441 1
5441 2846 1
2846 6220 1
6220 6196 1
6196 1570 1
1570 8753 1
8753 442 1
442 5536 1
5536 10014 1
10014 4561 1
4561 9267 1
4561 6619 1
6619 9267 1
4561 4161 1
4161 566 1
566 3381 1
3381 5824 1
5824 6457 1
5824 8666 1
8666 6087 1
6087 8199 1
8199 2456 1
2456 8475 1
8475 8388 1
8388 6728 1
6728 6997 1
6997 4008 1
4008 3483 1
3483 2170 1
2170 10612 1
10612 4039 1
4039 3483 1
3483 10612 1
10612 4843 1
4843 9141 1
9141 6019 1
6019 4483 1
4483 6194 1
6194 8345 1
8345 7371 1
7371 537 1
537 7845 1
7845 9600 1
9600 8239 1
8239 7215 1
7215 3342 1
3342 6653 1
6653 9422 1
9422 661 1
661 7845 1
7845 4810 1
4810 7098 1
7098 5279 1
5279 10977 1
10977 7367 1
7367 6939 1
6939 10977 1
10977 1158 1
1158 685 1
685 6304 1
6304 1158 1
1158 1603 1
1603 7098 1
7098 7069 1
7069 8531 1
8531 6304 1
6304 8093 1
8093 6735 1
6735 7236 1
7236 5013 1
5013 6631 1
6631 1834 1
1834 10977 1
7367 6349 1
6349 7370 1
7370 3788 1
3788 6572 1
6572 982 1
982 8374 1
8374 7676 1
7676 6286 1
6286 4480 1
4480 2506 1
2506 7370 1
7370 10628 1
10628 1806 1
1806 5460 1
5460 3397 1
3397 8239 1
8239 10031 1
10031 2954 1
2954 7281 1
7281 11060 1
11060 6577 1
6577 9015 1
9015 482 1
482 3383 1
3383 8233 1
8233 1233 1
1233 1373 1
1373 5881 1
5881 9011 1
9011 1535 1
1535 7702 1
7702 9373 1
9373 8716 1
8716 6019 1
6019 6712 1
6712 11006 1
11006 9373 1
9373 8882 1
8882 6722 1
6722 3574 1
3574 3326 1
3326 4661 1
4661 6935 1
6935 8731 1
8731 7359 1
7359 10041 1
10041 7505 1
7505 9939 1
9939 2238 1
2238 8889 1
8889 7527 1
2238 8374 1
2238 8871 1
8871 8802 1
8802 3951 1
3951 6723 1
6723 2880 1
2880 478 1
478 6529 1
6529 6459 1
6459 4468 1
4468 7052 1
7052 8734 1
8734 1965 1
1965 8364 1
8364 4073 1
4073 359 1
359 7755 1
7755 3267 1
3267 8911 1
8911 6063 1
6063 5326 1
5326 3181 1
3181 2864 1
2864 9528 1
9528 8028 1
8028 5696 1
5696 3424 1
3424 3832 1
3832 416 1
416 176 1
176 10886 1
10886 4264 1
4264 4474 1
4474 4357 1
4357 7676 1
7676 437 1
437 1336 1
1336 5574 1
5574 5858 1
5858 2563 1
2563 9011 1
9011 5230 1
5230 319 1
319 3362 1
3362 4606 1
4606 482 1
482 3858 1
3858 4766 1
4766 7359 1
4766 3560 1
3560 5503 1
5503 8759 1
8759 6286 1
6286 1664 1
1664 8316 1
8316 2447 1
2447 8987 1
8987 11006 1
11006 6549 1
6549 1643 1
1643 331 1
331 944 1
944 10624 1
10624 5574 1
5574 2339 1
2339 6737 1
6737 3062 1
3062 8802 1
8802 4536 1
4536 3523 1
3523 4862 1
4862 4119 1
4119 1535 1
1535 10588 1
10588 5374 1
5374 6712 1
6712 4264 1
4264 8187 1
8187 4747 1
4747 5161 1
5161 10804 1
10804 2970 1
2970 497 1
497 818 1
818 7379 1
7379 2044 1
2044 10551 1
10551 483 1
483 7945 1
7945 5395 1
5395 629 1
629 2970 1
2970 941 1
941 6194 1
6194 5969 1
5969 2192 1
2192 2970 1
2970 11103 1
11103 7530 1
7530 6572 1
6572 3062 1
3062 10777 1
10777 3957 1
3957 2734 1
2734 8187 1
8187 6194 1
6194 7740 1
7740 9371 1
9371 1213 1
1213 3598 1
3598 4413 1
4413 4331 1
4331 5346 1
5346 7170 1
7170 7647 1
7647 2433 1
2433 8121 1
8121 1725 1
1725 7647 1
7647 2772 1
2772 3740 1
3740 3542 1
3542 5109 1
5109 1236 1
1236 4828 1
4828 2658 1
2658 1959 1
1959 5241 1
5241 6194 1
6194 1681 1
1681 6722 1
6722 10041 1
10041 8719 1
8719 11132 1
11132 10777 1
10777 3644 1
3644 629 1
629 10869 1
10869 9104 1
9104 10985 1
10985 9925 1
9925 2867 1
2867 5080 1
5080 3494 1
3494 1066 1
1066 3275 1
3275 2657 1
2657 62 1
62 3603 1
3603 4642 1
4642 11046 1
11046 8727 1
4642 2430 1
2430 3562 1
3562 1659 1
1659 9160 1
9160 1087 1
1087 4493 1
1087 1900 1
1900 8635 1
8635 4532 1
4532 6652 1
8635 10488 1
10488 10592 1
10592 1900 1
1900 7908 1
1087 2185 1
2185 6451 1
6451 8718 1
6451 41 1
41 5994 1
5994 5297 1
5297 1659 1
1659 3770 1
3770 1201 1
1201 2929 1
2929 1659 1
1659 2985 1
2985 10813 1
10813 10233 1
10233 4776 1
4776 2175 1
2175 621 1
621 1965 1
1965 233 1
233 1331 1
1331 414 1
414 6223 1
6223 4298 1
4298 1412 1
1412 9400 1
9400 2262 1
2262 6549 1
6549 3022 1
3022 9218 1
9218 414 1
414 9011 1
9011 8233 1
8233 483 1
483 10726 1
10726 1564 1
1564 5016 1
5016 10135 1
10135 1412 1
1412 7064 1
7064 3945 1
3945 7239 1
7239 1664 1
1664 116 1
116 4114 1
4114 9639 1
9639 4491 1
4491 1946 1
1946 4114 1
4114 10125 1
10125 9639 1
