551 8057 1
551 6461 1
6461 6412 1
6412 5461 1
5461 30 1
30 6096 1
6096 6902 1
6902 5664 1
5664 6096 1
6096 1365 1
1365 3416 1
3416 8542 1
8542 5447 1
5447 10326 1
10326 137 1
137 6135 1
6135 5364 1
5364 8719 1
8719 10022 1
10022 617 1
617 4672 1
4672 8807 1
8807 5441 1
5441 10792 1
10792 6491 1
6491 8233 1
8233 10777 1
10777 10886 1
10886 4464 1
4464 5355 1
5355 357 1
357 10609 1
10609 68 1
68 5064 1
5064 3170 1
3170 561 1
561 11129 1
11129 5010 1
5010 9756 1
9756 9307 1
9307 7169 1
7169 1798 1
1798 1455 1
1798 7174 1
7174 5684 1
5684 4302 1
4302 1525 1
1525 7174 1
7174 317 1
317 4230 1
4230 1541 1
1541 8381 1
8381 5451 1
5451 3344 1
3344 7494 1
7494 7992 1
7992 1328 1
1328 1210 1
1210 9108 1
9108 718 1
718 4356 1
4356 5230 1
5230 2686 1
2686 7686 1
7686 8015 1
8015 2388 1
2388 7120 1
7120 8015 1
8015 1767 1
1767 1082 1
1082 5182 1
5182 10152 1
10152 3986 1
3986 6977 1
6977 2226 1
2226 2846 1
2846 6642 1
6642 6407 1
6642 7215 1
7215 10157 1
10157 1152 1
1152 4942 1
4942 2877 1
2877 7511 1
7511 7511 1
7511 2610 1
2610 6646 1
2610 2878 1
2878 7483 1
7483 5224 1
5224 7571 1
7571 4817 1
4817 6788 1
6788 716 1
716 3198 1
3198 5304 1
5304 2537 1
2537 10924 1
2537 3198 1
5304 4499 1
4499 716 1
716 373 1
373 8091 1
8091 1343 1
1343 2611 1
2611 4451 1
4451 2194 1
2194 9241 1
9241 2611 1
2194 10746 1
2194 8091 1
8091 10213 1
10213 609 1
609 1451 1
1451 7445 1
7445 609 1
10213 7445 1
10213 10422 1
10422 10142 1
10142 5522 1
5522 5648 1
5522 4185 1
4185 8994 1
8994 512 1
512 5052 1
5052 7542 1
7542 5789 1
5789 399 1
399 11068 1
11068 1406 1
1406 10983 1
10983 6197 1
6197 9405 1
9405 8484 1
8484 690 1
690 11068 1
11068 4818 1
4818 6970 1
6970 5117 1
5117 4941 1
4941 6137 1
6137 667 1
667 6689 1
6689 4757 1
4757 9823 1
9823 6821 1
6821 10528 1
10528 3092 1
3092 1882 1
1882 8078 1
8078 6689 1
6689 3747 1
3747 882 1
882 7359 1
7359 2877 1
2877 1152 1
1152 9405 1
9405 11068 1
11068 5524 1
11068 1365 1
1365 7598 1
7598 4724 1
4724 9118 1
9118 6415 1
6415 10813 1
10813 7831 1
7831 3111 1
3111 3100 1
3100 6595 1
6595 6459 1
6459 3397 1
3397 5442 1
5442 4000 1
4000 9473 1
9473 2447 1
2447 3234 1
3234 4298 1
4298 537 1
537 7159 1
7159 5792 1
5792 629 1
629 3301 1
3301 3517 1
3517 9007 1
9007 8993 1
8993 5670 1
5670 7710 1
7710 10525 1
10525 10528 1
10528 4027 1
4027 5637 1
5637 7352 1
7352 4960 1
4960 10397 1
10397 10809 1
10809 9025 1
9025 6407 1
6407 2505 1
2505 7484 1
7484 8153 1
8153 7843 1
7843 7676 1
7676 7371 1
7371 8316 1
8316 941 1
941 5328 1
5328 6971 1
6971 8637 1
8637 7084 1
7084 3993 1
3993 7031 1
7031 10792 1
10792 3678 1
3678 6238 1
6238 10547 1
10547 537 1
537 357 1
357 4357 1
4357 4877 1
4877 2854 1
2854 9223 1
9223 5458 1
5458 9356 1
9356 8285 1
8285 6093 1
6093 9358 1
9358 2081 1
2081 6935 1
6935 6194 1
6194 319 1
319 7945 1
7945 2322 1
2322 2739 1
2739 1375 1
1375 10661 1
10661 377 1
377 10307 1
10307 6767 1
6767 3724 1
3724 8703 1
8703 854 1
854 3755 1
3755 8832 1
8832 982 1
982 2658 1
2658 5374 1
5374 941 1
941 4562 1
4562 319 1
319 1412 1
1412 1535 1
1535 3858 1
3858 2568 1
2568 5971 1
5971 3858 1
3858 5969 1
5969 9577 1
9577 2614 1
2614 5472 1
5472 1229 1
1229 209 1
209 10964 1
10964 6099 1
6099 11052 1
11052 4386 1
4386 3839 1
4386 3305 1
3305 10136 1
10136 3196 1
3196 7161 1
7161 4176 1
4176 5960 1
5960 7161 1
7161 1922 1
7161 8536 1
8536 1686 1
8536 1923 1
1923 10077 1
10077 426 1
426 10207 1
10207 544 1
544 3587 1
3587 8257 1
8257 854 1
854 10549 1
10549 2650 1
2650 8373 1
8373 9744 1
9744 6401 1
6401 271 1
271 8462 1
8462 1452 1
1452 9383 1
9383 873 1
873 221 1
873 7078 1
7078 9939 1
9939 9577 1
9577 4238 1
4238 8506 1
8506 10551 1
10551 8187 1
8187 8871 1
8871 7370 1
7370 7660 1
7660 6269 1
6269 5569 1
5569 8802 1
8802 4474 1
4474 8716 1
8716 42 1
42 3175 1
3175 10886 1
10886 7505 1
7505 50 1
50 5374 1
5374 818 1
818 6391 1
6391 7229 1
7229 3914 1
3914 7091 1
7091 5881 1
5881 9141 1
9141 3317 1
3317 2112 1
2112 8229 1
8229 2024 1
2024 3397 1
3397 2272 1
2272 4941 1
4941 2281 1
2281 6918 1
6918 5969 1
5969 1959 1
1959 2447 1
2447 3100 1
3100 6411 1
6411 10292 1
10292 6838 1
6838 10977 1
10977 6631 1
6631 4635 1
4635 8176 1
8176 1019 1
1019 1158 1
1158 6631 1
6631 6349 1
6349 8176 1
4635 6645 1
6645 6304 1
6304 3092 1
3092 6970 1
6970 667 1
667 985 1
985 7057 1
7057 3809 1
3809 5668 1
5668 985 1
985 10983 1
10983 1152 1
1152 6443 1
6443 2223 1
2223 2684 1
2684 6821 1
6821 6970 1
6970 6689 1
6689 5668 1
5668 8381 1
8381 2760 1
2760 4230 1
4230 4757 1
4757 2760 1
4757 5637 1
5637 7432 1
7432 8827 1
8827 1152 1
4942 1341 1
1341 1716 1
1716 9577 1
9577 7768 1
7768 4297 1
4297 9400 1
9400 11006 1
11006 6918 1
6918 10609 1
10609 7211 1
7211 9041 1
9041 5830 1
5830 6186 1
6186 3885 1
3885 10183 1
10183 5771 1
5771 7162 1
5771 3885 1
5771 5771 1
5771 9368 1
9368 293 1
293 9195 1
9195 10740 1
10740 2646 1
2646 43 1
43 3420 1
3420 2953 1
2953 4895 1
4895 10226 1
10226 96 1
96 10835 1
10835 8204 1
8204 6707 1
6707 3824 1
3824 5741 1
5741 2314 1
2314 7413 1
2314 6128 1
6128 4895 1
4895 8204 1
8204 2882 1
2882 7538 1
7538 2764 1
2764 8112 1
8112 1115 1
1115 6099 1
6099 11007 1
11007 8777 1
8777 4253 1
4253 10278 1
10278 2842 1
2842 2877 1
2877 2175 1
2175 9100 1
9100 2343 1
2343 9264 1
9264 10287 1
10287 4104 1
4104 2272 1
2272 4238 1
4238 6549 1
6549 4298 1
4298 10287 1
10287 10886 1
10886 2020 1
2020 6097 1
6097 2936 1
2936 6910 1
6910 281 1
281 3678 1
3678 384 1
384 9600 1
9600 6238 1
6238 3364 1
3364 384 1
384 6459 1
6459 9007 1
9007 8385 1
8385 2175 1
2175 9929 1
9929 5241 1
5241 483 1
483 2192 1
2192 1892 1
1892 11187 1
11187 9591 1
9591 719 1
719 2339 1
2339 2085 1
2085 4952 1
4952 2339 1
2339 9100 1
9100 5204 1
5204 7591 1
7591 6301 1
6301 3583 1
3583 2120 1
3583 2175 1
2175 7857 1
7857 6383 1
6383 7359 1
7359 8335 1
8335 3611 1
3611 4531 1
4531 8712 1
8712 2791 1
2791 3463 1
3463 1208 1
1208 1785 1
1785 4661 1
4661 4298 1
4298 3386 1
3386 4104 1
4104 3309 1
3309 1025 1
1025 7131 1
7131 9108 1
9108 10397 1
10397 3844 1
3844 3364 1
3364 5016 1
5016 6238 1
3678 10022 1
10022 281 1
281 3945 1
3945 9218 1
9218 6722 1
6722 11132 1
11132 4877 1
4877 4477 1
4477 6019 1
6019 2243 1
2243 4536 1
4536 68 1
68 5969 1
5969 10726 1
10726 7379 1
7379 7676 1
7676 9142 1
9142 1739 1
1739 3042 1
3042 7530 1
7530 4477 1
4477 8998 1
8998 3772 1
3772 4061 1
4061 4264 1
4264 3301 1
3301 8987 1
8987 5966 1
5966 8731 1
8731 4190 1
4190 10551 1
10551 4477 1
4477 7920 1
7920 1664 1
1664 8802 1
8802 483 1
483 3517 1
3517 4954 1
4954 5442 1
5442 5611 1
5611 3064 1
3064 3100 1
3100 7147 1
7147 6787 1
6787 7662 1
7662 8927 1
8927 6787 1
8927 2249 1
2249 3342 1
3342 9072 1
9072 6770 1
6770 10041 1
10041 5161 1
5161 357 1
357 9870 1
9870 6572 1
6572 8233 1
8233 756 1
756 4298 1
4298 4892 1
4892 6525 1
6525 6923 1
6923 2381 1
2381 258 1
258 7867 1
7867 4744 1
4744 8345 1
8345 8993 1
8993 2175 1
2175 1229 1
1229 3237 1
3237 3677 1
3677 4547 1
4547 519 1
519 10826 1
10826 7835 1
7835 519 1
519 10422 1
519 4418 1
4418 10826 1
4418 545 1
545 2756 1
2756 2070 1
2070 4253 1
4253 8767 1
8767 6391 1
6391 3175 1
3175 2041 1
2041 5884 1
5884 6991 1
6991 2114 1
2114 176 1
176 6935 1
6935 7239 1
7239 7663 1
7663 4536 1
4536 3317 1
3317 6595 1
6595 10588 1
10588 3170 1
3170 3115 1
3115 8054 1
8054 4199 1
4199 10179 1
10179 5048 1
5048 3510 1
3510 8580 1
8580 7275 1
7275 4335 1
4335 10909 1
10909 3510 1
3510 5616 1
5616 1328 1
1328 7457 1
7457 3844 1
3844 2563 1
2563 6052 1
6052 8565 1
8565 2339 1
2339 2890 1
2890 6223 1
6223 331 1
331 5574 1
5574 4801 1
4801 1802 1
1802 3073 1
3073 2798 1
2798 5898 1
5898 887 1
887 6528 1
6528 944 1
944 3977 1
3977 4115 1
4115 6528 1
6528 2890 1
2890 3625 1
3625 414 1
414 10418 1
10418 9431 1
9431 7411 1
7411 9070 1
9070 5437 1
5437 4033 1
4033 7274 1
7274 2371 1
2371 3624 1
3624 7123 1
7123 8959 1
8959 1570 1
1570 3624 1
3624 3372 1
3372 10890 1
10890 1767 1
1767 1169 1
1169 2388 1
2388 5868 1
5868 1169 1
1169 10311 1
10311 7171 1
7171 3372 1
10890 10152 1
10890 6552 1
6552 5562 1
5562 982 1
982 5815 1
5815 382 1
382 1375 1
1375 377 1
377 3508 1
3508 8611 1
8611 7975 1
7975 1595 1
1595 904 1
904 7320 1
7320 3559 1
3559 904 1
904 3214 1
3214 2369 1
2369 451 1
451 6244 1
6244 7406 1
7406 1617 1
1617 5629 1
1617 6244 1
6244 9793 1
9793 2465 1
2465 9496 1
2465 6057 1
6057 4679 1
4679 6771 1
6771 286 1
286 2754 1
2754 10016 1
10016 8173 1
8173 10155 1
10155 1766 1
1766 6749 1
6749 9737 1
9737 4756 1
4756 5297 1
4756 8870 1
4756 3748 1
3748 9104 1
9104 367 1
367 1368 1
1368 2426 1
2426 5360 1
5360 10985 1
10985 6293 1
6293 1818 1
1818 11036 1
11036 6383 1
7857 5016 1
5016 4135 1
4135 3761 1
3761 2343 1
2343 6737 1
6737 5355 1
5355 1130 1
1130 8736 1
8736 3317 1
3317 4148 1
4148 9872 1
9872 5539 1
5539 7008 1
7008 209 1
209 2406 1
2406 6099 1
6099 8229 1
8229 5395 1
5395 9110 1
9110 264 1
264 2262 1
2262 7676 1
7676 2192 1
2192 7091 1
7091 10287 1
10287 4061 1
4061 3644 1
3644 4060 1
4060 8316 1
8316 3574 1
3574 2243 1
2243 11087 1
11087 7977 1
7977 623 1
623 9296 1
9296 9605 1
9605 2970 1
2970 6595 1
6595 296 1
296 5709 1
5709 10873 1
10873 4947 1
4947 6328 1
6328 18 1
18 296 1
296 4871 1
4871 3926 1
4871 4104 1
4104 1959 1
1959 7618 1
7618 3523 1
3523 2658 1
2658 4357 1
4357 2020 1
2020 6061 1
6061 1412 1
1412 3218 1
3218 9828 1
3218 2535 1
2535 4199 1
4199 2339 1
2339 5898 1
2339 1802 1
1802 6997 1
6997 887 1
887 11039 1
11039 4069 1
4069 10064 1
4069 7287 1
7287 6146 1
6146 2674 1
2674 75 1
75 3317 1
3317 258 1
258 4357 1
4357 5355 1
5355 4483 1
4483 6737 1
6737 982 1
982 4000 1
4000 3813 1
3813 3778 1
3778 7091 1
7091 8716 1
8716 3383 1
3383 8303 1
8303 1535 1
1535 5974 1
5974 5611 1
5611 10588 1
10588 2571 1
2571 2658 1
2658 4464 1
4464 8755 1
8755 2192 1
2192 5395 1
5395 50 1
50 42 1
42 4766 1
4766 537 1
537 4474 1
4474 10318 1
10318 2958 1
2958 3813 1
3813 7660 1
7660 720 1
720 11086 1
11086 6052 1
6052 11132 1
11132 1564 1
1564 4744 1
4744 5442 1
5442 2044 1
2044 1629 1
1629 10529 1
10529 1664 1
1664 1233 1
1233 4104 1
4104 5053 1
5053 8802 1
8802 1412 1
1412 1564 1
1564 3301 1
3301 6194 1
3301 606 1
606 4483 1
4483 5318 1
5318 281 1
281 9253 1
9253 6576 1
6576 6273 1
6273 6407 1
6407 4356 1
4356 8565 1
8565 9602 1
9602 5064 1
5064 1785 1
1785 10287 1
10287 3100 1
3100 4861 1
4861 9733 1
9733 4877 1
4877 8374 1
8374 4445 1
4445 1557 1
1557 6975 1
6975 1363 1
1363 8927 1
8927 6653 1
6653 9072 1
9072 6595 1
6595 2936 1
2936 8929 1
8929 8265 1
8265 2936 1
2936 437 1
437 4298 1
4298 7359 1
7359 5819 1
5819 8304 1
8304 1331 1
1331 8644 1
8644 4917 1
4917 2795 1
2795 3572 1
3572 3317 1
3317 4684 1
4684 10673 1
10673 7253 1
7253 2445 1
2445 10673 1
10673 7768 1
7768 9100 1
9100 5163 1
5163 6115 1
6115 1412 1
1412 1785 1
1785 2381 1
2381 2880 1
2880 9142 1
9142 8233 1
8233 9015 1
9015 2071 1
2071 3100 1
3100 10529 1
10529 9146 1
9146 555 1
555 5978 1
5978 707 1
707 2932 1
2932 5169 1
5169 5103 1
5103 2932 1
2932 5637 1
5637 5469 1
5469 985 1
985 6376 1
6376 3814 1
3814 5041 1
5041 7242 1
7242 1151 1
1151 8041 1
8041 1025 1
1025 7023 1
7023 3326 1
3326 6286 1
6286 1840 1
1840 6408 1
6408 5527 1
5527 4649 1
4649 10909 1
10909 5574 1
5574 896 1
896 5324 1
5324 9018 1
9018 6043 1
6043 11039 1
11039 3397 1
3397 10804 1
10804 232 1
232 357 1
357 6139 1
6139 8343 1
8343 7768 1
7768 4379 1
4379 8054 1
4379 2880 1
2880 7920 1
7920 4941 1
4941 8827 1
8827 6197 1
6197 2162 1
2162 224 1
224 7876 1
7876 6923 1
6923 4871 1
4871 10654 1
10654 42 1
42 8451 1
8451 8935 1
8935 1381 1
1381 7047 1
7047 1837 1
1837 4871 1
4871 5453 1
5453 10410 1
10410 6923 1
6923 8274 1
8274 8716 1
8716 3060 1
3060 6329 1
6329 6391 1
6391 8802 1
8802 3560 1
3560 6572 1
6572 9523 1
9523 6526 1
6526 6101 1
6101 9427 1
9427 5792 1
5792 606 1
606 4563 1
4563 7867 1
7867 2272 1
2272 8871 1
8871 8316 1
8316 6894 1
6894 1517 1
6894 10777 1
10777 5969 1
5969 8187 1
8187 4606 1
4606 2568 1
2568 2238 1
2238 4238 1
4238 6923 1
6923 7228 1
7228 2081 1
2081 6036 1
6036 993 1
993 6991 1
6991 8095 1
8095 7789 1
7789 9356 1
9356 6935 1
6935 4061 1
4061 8506 1
8506 3064 1
3064 5910 1
5910 10263 1
10263 8992 1
8992 9397 1
9397 11167 1
11167 2545 1
2545 8644 1
8644 5831 1
5831 2860 1
2860 4073 1
4073 2795 1
2795 2821 1
2821 10062 1
10062 3049 1
3049 7768 1
7768 10123 1
10123 4536 1
4536 3301 1
3301 7530 1
7530 8961 1
8961 6935 1
6935 5443 1
5443 9929 1
9929 6938 1
6938 7148 1
7148 10418 1
10418 9996 1
9996 4232 1
9996 7465 1
7465 7143 1
7143 5744 1
5744 3149 1
3149 7143 1
7143 2339 1
2339 5056 1
5056 9033 1
9033 6288 1
6288 2792 1
2792 6529 1
6529 11109 1
11109 11125 1
11125 11129 1
11129 2505 1
2505 1801 1
1801 10726 1
10726 9733 1
9733 4661 1
4661 319 1
319 10434 1
10434 11006 1
11006 2262 1
2262 3317 1
3317 5241 1
5241 818 1
818 2192 1
2192 6918 1
6918 3644 1
3644 7530 1
7530 4104 1
4104 1130 1
1130 5442 1
5442 296 1
296 3914 1
3914 2238 1
4238 6918 1
6918 9750 1
9750 11073 1
11073 3766 1
11073 1141 1
1141 247 1
247 4376 1
4376 3075 1
3075 7303 1
7303 8666 1
8666 1746 1
1746 3813 1
3813 3397 1
3397 2505 1
2505 678 1
678 180 1
180 11132 1
11132 6383 1
6383 8506 1
8506 7239 1
7239 3100 1
3100 6329 1
6329 10211 1
10211 7270 1
7270 8916 1
8916 10000 1
10000 1011 1
1011 870 1
870 4345 1
4345 292 1
292 880 1
880 5190 1
5190 3447 1
3447 6248 1
6248 4682 1
4682 5097 1
5097 5669 1
5669 3056 1
3056 3826 1
3056 8182 1
8182 10126 1
10126 7270 1
7270 4849 1
4849 8951 1
8951 10667 1
10667 4849 1
4849 8120 1
8120 5097 1
5097 10364 1
10364 6056 1
6056 9540 1
9540 5190 1
5190 4345 1
4345 6367 1
6367 7270 1
7270 10921 1
10921 8120 1
5097 8891 1
8891 10211 1
10211 11054 1
11054 10777 1
10777 3778 1
3778 7371 1
7371 8802 1
8802 1629 1
1629 2121 1
2121 85 1
85 7091 1
7091 483 1
483 4941 1
4941 8543 1
8543 411 1
411 7432 1
7432 4960 1
4960 3747 1
3747 7352 1
7352 5668 1
5668 1541 1
1541 3809 1
3809 6201 1
6201 2695 1
2695 6042 1
6042 8755 1
8755 1959 1
1959 2737 1
2737 2568 1
2568 1959 1
1959 4382 1
4382 5241 1
5241 8719 1
8719 281 1
281 1535 1
1535 264 1
264 10886 1
10886 4135 1
4135 3309 1
3309 6391 1
6391 10529 1
10529 3574 1
3574 3644 1
3644 3788 1
3788 818 1
818 4357 1
4357 1233 1
1233 818 1
1233 2958 1
2958 8187 1
8187 11170 1
11170 10792 1
10792 7091 1
7091 3386 1
3386 3326 1
3326 3397 1
3397 3064 1
3064 6572 1
6572 4877 1
4877 7663 1
7663 10343 1
10343 9400 1
9400 2121 1
2121 6935 1
6935 8187 1
8187 1412 1
1412 1629 1
1629 7064 1
7064 982 1
982 2262 1
2262 4483 1
4483 756 1
756 8802 1
8802 4060 1
4060 8755 1
8755 4382 1
4382 7505 1
7505 5439 1
5439 11006 1
11006 6194 1
6194 4104 1
4104 3778 1
3778 7676 1
7676 3383 1
3383 6595 1
6595 3397 1
3397 2535 1
2535 8330 1
8330 8730 1
8730 2289 1
2289 3170 1
3170 4663 1
4663 1785 1
1785 8187 1
8187 10202 1
10202 10318 1
10318 9253 1
9253 9788 1
9788 7370 1
7370 2339 1
2339 9018 1
9018 5898 1
5898 2876 1
2876 706 1
2876 9494 1
9494 3411 1
3411 10840 1
10840 6564 1
10840 10252 1
10252 4934 1
4934 1455 1
1455 10840 1
10840 459 1
10840 7972 1
7972 7807 1
7807 9463 1
9463 4297 1
4297 6525 1
6525 6722 1
6722 264 1
264 9473 1
9473 1233 1
818 8345 1
8345 505 1
505 10428 1
10428 6781 1
6781 10086 1
10086 2703 1
2703 8432 1
2703 5748 1
5748 2945 1
2945 2703 1
2945 8432 1
8432 7373 1
7373 1297 1
1297 4319 1
4319 158 1
158 1297 1
1297 5058 1
5058 4371 1
4371 5673 1
5673 1913 1
1913 11045 1
11045 6694 1
6694 158 1
158 1913 1
1913 10328 1
10328 9029 1
9029 4371 1
4371 10376 1
10376 3612 1
3612 1487 1
1487 10376 1
10376 7310 1
7310 516 1
516 7694 1
7694 1077 1
1077 6654 1
6654 8979 1
8979 2296 1
2296 10555 1
10555 298 1
298 6825 1
6825 4586 1
4586 10032 1
10032 10288 1
10032 740 1
740 1241 1
1241 1426 1
1426 9528 1
9528 1241 1
1241 298 1
298 8947 1
8947 1241 1
9528 4761 1
4761 4782 1
4782 5696 1
5696 7201 1
7201 8432 1
8432 7088 1
7088 7373 1
7373 10376 1
10376 9609 1
9609 4585 1
4585 6976 1
6976 9609 1
9609 5799 1
5799 10640 1
10640 3973 1
3973 1549 1
1549 4059 1
4059 4681 1
4681 470 1
4681 6974 1
6974 183 1
6974 10188 1
6974 4059 1
4059 3930 1
3930 10110 1
10110 4059 1
4059 9383 1
9383 10549 1
10549 6401 1
6401 8373 1
8373 544 1
544 3724 1
3724 5678 1
5678 6767 1
6767 6430 1
6430 2219 1
2219 7533 1
7533 8645 1
7533 2718 1
2718 3646 1
2718 6470 1
6470 7588 1
7588 2768 1
2768 6244 1
6244 4553 1
4553 7149 1
7149 5968 1
7149 2846 1
2846 10654 1
10654 7390 1
7390 6197 1
6197 3053 1
3053 7598 1
7598 10591 1
10591 6035 1
6035 6197 1
6197 5451 1
5451 6579 1
6579 6311 1
6311 8476 1
8476 7494 1
7494 10179 1
5048 9602 1
9602 4629 1
4629 8912 1
8912 758 1
758 3813 1
3813 2936 1
2936 9870 1
9870 7379 1
7379 2238 1
2238 9146 1
9146 2819 1
2819 8871 1
8871 3733 1
3733 5133 1
5133 2727 1
2727 10504 1
10504 4148 1
4148 1088 1
1088 1692 1
1692 9415 1
9415 1088 1
1088 3517 1
3517 4766 1
4766 4061 1
4061 5442 1
5442 4482 1
4482 7710 1
7710 5971 1
5971 629 1
629 5574 1
5574 4357 1
4357 483 1
483 10287 1
10287 10343 1
10343 8961 1
8961 7159 1
7159 6052 1
6052 4335 1
4335 7159 1
7159 6923 1
6923 3914 1
3914 8716 1
8716 5395 1
5395 4480 1
4480 2854 1
2854 2493 1
2493 4937 1
4937 2926 1
2926 5831 1
5831 359 1
359 3720 1
3720 10158 1
10158 7789 1
7789 6353 1
6353 2284 1
2284 8282 1
8282 1643 1
1643 4239 1
4239 2734 1
2734 2819 1
2819 718 1
718 10397 1
10397 9374 1
9374 5668 1
5668 7057 1
7057 1504 1
1504 9870 1
9870 8506 1
8506 8282 1
8282 2505 1
2505 7878 1
7878 6529 1
6529 4135 1
4135 7253 1
7253 6062 1
6062 6927 1
6927 10551 1
10551 9218 1
9218 9141 1
9141 6139 1
6139 4536 1
4536 2505 1
2505 6459 1
6459 4663 1
4663 7992 1
7992 7806 1
7806 3170 1
3170 478 1
478 11087 1
11087 6529 1
7878 3326 1
3326 7494 1
7494 10620 1
10620 1664 1
1664 11006 1
11006 4829 1
4829 6890 1
6890 5783 1
5783 6101 1
6101 4104 1
4104 5881 1
5881 629 1
629 7371 1
7371 4238 1
4238 4954 1
4954 4747 1
4747 2890 1
2890 9387 1
9387 2876 1
2876 6505 1
6505 2339 1
2339 1892 1
1892 982 1
982 7505 1
7505 6549 1
6549 3234 1
3234 6286 1
6286 9577 1
9577 4747 1
4747 8736 1
8736 9165 1
9165 4563 1
4563 7505 1
7505 6099 1
6099 2447 1
2447 2243 1
2243 2535 1
2535 4663 1
4663 1208 1
1208 8730 1
8730 7457 1
7457 7760 1
7760 1471 1
1471 10983 1
10983 10397 1
10397 5534 1
5534 3397 1
3397 818 1
818 2788 1
2788 4357 1
4357 4536 1
4536 9400 1
9400 8229 1
8229 10004 1
10004 3022 1
3022 7505 1
7505 8523 1
8523 1959 1
1959 10022 1
10022 3914 1
3914 7676 1
3778 7023 1
7023 3227 1
3227 818 1
818 8274 1
8274 5971 1
5971 412 1
412 5928 1
5928 7245 1
7245 3542 1
3542 2987 1
2987 7417 1
7417 2673 1
2673 2985 1
2985 1659 1
1659 5297 1
5297 10830 1
5297 8109 1
8109 7503 1
8109 10155 1
10155 4756 1
4756 10648 1
10648 1766 1
1766 3748 1
3748 1066 1
1066 2729 1
2729 6473 1
6473 2693 1
2693 4235 1
2693 7392 1
2693 9799 1
9799 5723 1
5723 2693 1
9799 7048 1
7048 4956 1
4956 11130 1
11130 10007 1
10007 5124 1
5124 1504 1
1504 4941 1
4941 9146 1
9146 7371 1
7371 6019 1
4477 8233 1
8233 4060 1
4060 6595 1
6595 4877 1
4877 6722 1
6722 50 1
50 606 1
606 7867 1
7867 3022 1
3022 10551 1
10551 8282 1
8282 2854 1
2854 2188 1
2188 6063 1
6063 2545 1
2545 4412 1
4412 5654 1
5654 2192 1
2192 5053 1
5053 9939 1
9939 7159 1
8961 8603 1
8603 2936 1
2936 3678 1
3678 2272 1
2272 3301 1
3301 10529 1
10529 6722 1
6722 982 1
982 5158 1
