926 5807 1
926 1667 1
1667 789 1
789 9722 1
9722 3290 1
3290 9870 1
9870 4298 1
4298 941 1
941 9473 1
9473 8229 1
8229 8354 1
8354 6737 1
6737 806 1
806 4278 1
4278 8319 1
8319 6642 1
6642 3317 1
3317 2238 1
2238 2936 1
2936 8719 1
8719 1336 1
1336 2281 1
2281 6723 1
6723 6411 1
6411 11006 1
11006 6097 1
6097 9939 1
9939 319 1
319 10529 1
10529 4941 1
4941 3574 1
3574 10292 1
10292 10123 1
10123 853 1
853 4199 1
4199 7878 1
7878 3397 1
3397 4239 1
4239 3534 1
3534 5894 1
5894 6737 1
6737 4149 1
4149 2760 1
2760 5637 1
5637 6803 1
6803 9405 1
9405 1504 1
1504 7057 1
7057 5244 1
5244 3344 1
3344 11132 1
11132 6099 1
6099 483 1
483 1233 1
1233 7159 1
7159 4536 1
4536 8759 1
8759 10551 1
10551 3234 1
3234 8343 1
8343 6737 1
6737 9011 1
9011 6712 1
6712 232 1
232 8316 1
8316 3463 1
3463 4629 1
4629 233 1
233 7977 1
7977 5593 1
5593 4135 1
4135 8724 1
8724 1412 1
1412 5472 1
5472 606 1
606 6712 1
6712 1681 1
1681 2238 1
2238 2658 1
2658 369 1
369 3877 1
3877 10353 1
10353 10022 1
10022 678 1
678 4563 1
4563 6572 1
6572 9015 1
9015 2508 1
2508 2737 1
2737 7091 1
7091 9605 1
9605 4379 1
4379 10551 1
10551 8395 1
8395 1412 1
1412 6595 1
6595 9400 1
9400 8316 1
8316 4861 1
4861 2946 1
2946 7530 1
7530 49 1
49 1088 1
1088 5312 1
5312 4035 1
5312 1285 1
1285 991 1
991 3415 1
3415 7941 1
7941 6107 1
6107 581 1
581 46 1
581 10913 1
10913 619 1
619 5248 1
5248 6771 1
6771 10828 1
10828 3263 1
3263 5971 1
5971 9147 1
9147 3100 1
3100 8374 1
8374 7379 1
7379 6099 1
6099 11054 1
11054 10041 1
10041 8282 1
8282 232 1
232 4483 1
4483 9939 1
9939 2272 1
2272 3383 1
3383 5355 1
5355 3317 1
3317 1389 1
1389 9760 1
1389 102 1
102 9131 1
9131 4042 1
4042 376 1
376 5654 1
5654 8100 1
8100 2192 1
2192 1785 1
1785 10487 1
10487 7530 1
7530 3022 1
3022 6549 1
6549 7159 1
7159 10792 1
10792 11093 1
11093 7616 1
7616 1810 1
1810 2255 1
2255 2192 1
2192 4480 1
4480 4464 1
4464 10123 1
10123 2936 1
2936 3957 1
3957 3042 1
3042 10804 1
10804 1681 1
1681 9278 1
9278 4297 1
4297 3409 1
3409 9870 1
9870 4976 1
4298 9142 1
9142 5969 1
5969 9998 1
9998 8233 1
8233 3064 1
3064 8961 1
8961 7031 1
7031 7663 1
7663 3517 1
3517 5503 1
5503 8013 1
8013 10022 1
10022 4477 1
4477 1785 1
1785 357 1
357 4536 1
4536 6525 1
6525 6019 1
6019 2975 1
2975 4477 1
4477 8233 1
8233 11170 1
11170 6572 1
6572 3945 1
3945 8274 1
8274 6770 1
6770 9165 1
9165 3678 1
3678 10343 1
10343 5792 1
5792 2819 1
2819 6139 1
6139 2936 1
2936 6099 1
6099 10804 1
10804 10723 1
10723 4000 1
4000 7173 1
7173 9167 1
9167 10419 1
10419 6763 1
6763 5306 1
5306 7966 1
7966 263 1
263 1355 1
1355 3841 1
3841 5838 1
5838 8429 1
8429 3146 1
3146 8400 1
8400 739 1
739 7877 1
7877 8429 1
5838 10198 1
10198 3887 1
3887 8014 1
8014 7097 1
7097 5671 1
5671 1788 1
1788 3283 1
3283 10145 1
3283 5671 1
5671 5905 1
5905 4071 1
4071 3687 1
3687 10545 1
10545 9479 1
9479 7103 1
7103 5122 1
7103 10930 1
10930 1625 1
1625 3406 1
3406 9479 1
9479 2092 1
2092 3687 1
2092 4726 1
4726 8056 1
8056 3687 1
3687 6929 1
6929 11124 1
11124 11201 1
11201 7889 1
7889 8937 1
8937 6929 1
6929 852 1
852 2625 1
2625 6360 1
6360 9202 1
9202 6734 1
6734 4346 1
4346 6554 1
4346 7032 1
7032 3573 1
3573 4346 1
4346 7197 1
4346 4591 1
4591 8477 1
8477 1628 1
1628 4422 1
4422 8437 1
8437 8477 1
8477 2015 1
2015 10869 1
10869 5360 1
5360 6536 1
6536 8117 1
8117 7163 1
7163 5080 1
5080 3860 1
3860 635 1
635 4101 1
4101 6329 1
6329 899 1
899 2194 1
2194 2611 1
2611 4428 1
2611 8407 1
8407 1771 1
1771 2611 1
2194 10213 1
10213 8091 1
8091 6861 1
6861 7887 1
6861 4826 1
4826 2627 1
4826 1506 1
1506 2627 1
2627 6410 1
6410 6607 1
6410 3196 1
3196 6173 1
6173 10505 1
10505 7056 1
7056 1922 1
1922 9860 1
9860 7056 1
7056 8808 1
8808 4119 1
4119 6329 1
6329 1959 1
1959 8961 1
8961 85 1
85 1959 1
1959 2508 1
2508 9873 1
9873 3560 1
3560 2552 1
2552 10869 1
10869 3523 1
3523 7702 1
7702 6918 1
6918 1412 1
1412 3778 1
3778 2402 1
2402 6737 1
6737 4474 1
4474 2819 1
2819 6059 1
6059 8802 1
8802 2121 1
2121 1739 1
1739 3062 1
3062 5974 1
5974 3317 1
3317 3517 1
3517 9939 1
9939 4298 1
4298 2798 1
2798 4801 1
4801 4199 1
4199 6391 1
6391 10287 1
10287 606 1
606 10792 1
10792 7370 1
7370 7878 1
7878 2395 1
2395 6058 1
6058 6648 1
6648 7977 1
7977 74 1
74 1328 1
1328 5056 1
5056 5906 1
5906 10616 1
10616 2516 1
2516 5978 1
5978 10129 1
10129 4776 1
4776 2285 1
2285 3181 1
3181 2691 1
2691 8146 1
8146 3049 1
3049 1331 1
1331 2545 1
2545 452 1
452 6192 1
6192 10158 1
10158 4871 1
4871 3692 1
3692 3572 1
3572 7279 1
3572 9044 1
9044 2162 1
2162 757 1
757 3232 1
757 5133 1
5133 6935 1
6935 3473 1
3473 7768 1
7768 9473 1
9473 11054 1
11054 5974 1
5974 4661 1
4661 1535 1
1535 7618 1
7618 8802 1
8802 2734 1
2734 437 1
437 3813 1
3813 8912 1
8912 9011 1
9011 10504 1
10504 4922 1
4922 5974 1
5974 5970 1
5970 1443 1
1443 26 1
1443 720 1
720 3572 1
3572 9502 1
9502 2344 1
2344 806 1
806 1688 1
1688 4351 1
4351 6923 1
6923 9011 1
9011 483 1
483 7676 1
7676 8274 1
8274 7064 1
7064 10726 1
10726 10287 1
10287 3326 1
3326 7676 1
7676 6770 1
6770 4298 1
4298 4474 1
4474 4941 1
4941 3100 1
3100 4119 1
4119 8233 1
8233 4357 1
4357 7920 1
7920 10287 1
10287 3813 1
3813 11129 1
11129 6691 1
6691 10487 1
10487 8054 1
8054 11087 1
11087 2192 1
2192 8987 1
8987 7371 1
7371 8374 1
8374 9146 1
9146 3957 1
3957 10318 1
10318 2281 1
2281 7530 1
7530 357 1
357 4862 1
4862 6391 1
6391 3017 1
3017 10231 1
10231 6737 1
6737 5978 1
5978 7147 1
7147 5175 1
5175 4167 1
4167 3517 1
3517 6286 1
6286 75 1
75 6333 1
6333 6146 1
6146 165 1
165 75 1
75 2851 1
2851 6374 1
6374 9008 1
9008 3611 1
3611 4239 1
4239 3401 1
3401 4865 1
4865 5395 1
5395 85 1
85 10041 1
10041 8736 1
10041 3778 1
3778 5374 1
5374 8755 1
8755 2284 1
2284 10723 1
10723 258 1
258 3914 1
3914 4190 1
4190 4684 1
4684 3993 1
3993 542 1
542 4747 1
4747 3517 1
3517 982 1
982 437 1
437 1664 1
1664 9577 1
9577 497 1
497 3523 1
3523 4661 1
4661 2192 1
2192 7294 1
7294 8871 1
8871 3574 1
3574 10723 1
10723 10123 1
10123 11132 1
11132 7920 1
7920 9142 1
9142 2979 1
2979 9110 1
9110 8345 1
8345 412 1
412 2511 1
2511 4008 1
4008 8316 1
8316 4018 1
4018 1806 1
1806 6572 1
6572 8153 1
8153 982 1
982 9473 1
9473 258 1
941 9577 1
9577 2281 1
2281 258 1
258 7281 1
7281 3659 1
3659 258 1
258 8316 1
8316 8724 1
8724 6033 1
6033 10612 1
10612 3483 1
3483 2170 1
2170 1730 1
1730 8425 1
1730 4843 1
4843 9141 1
9141 11006 1
11006 6329 1
6329 482 1
482 11060 1
11060 4119 1
4119 7702 1
7702 9427 1
9427 8153 1
8153 7457 1
7457 10202 1
10202 7606 1
7606 8274 1
8274 2936 1
2936 9796 1
9796 8547 1
8547 359 1
359 7746 1
7746 584 1
584 9441 1
9441 2081 1
2081 8341 1
8341 6353 1
6353 6708 1
6708 1837 1
1837 993 1
993 10654 1
10654 8178 1
8178 10938 1
10938 5724 1
5724 7885 1
7885 4727 1
4727 7902 1
7902 2476 1
2476 5319 1
5319 6224 1
6224 3705 1
3705 7902 1
7902 7264 1
7264 2476 1
2476 5278 1
5278 7902 1
7902 4146 1
7902 6224 1
6224 7885 1
7885 10311 1
10311 9901 1
9901 4842 1
4842 10654 1
10654 7120 1
7120 10516 1
10516 3346 1
3346 5868 1
5868 7123 1
7123 1570 1
1570 4842 1
4842 8178 1
8178 1570 1
1570 5562 1
5562 9347 1
9347 7120 1
7120 3866 1
3866 5230 1
5230 543 1
543 5569 1
5569 9523 1
9523 11170 1
11170 1157 1
1157 7211 1
7211 2552 1
2552 440 1
2552 4349 1
4349 10609 1
10609 42 1
42 1746 1
1746 10941 1
10941 6841 1
6841 8151 1
8151 9546 1
8151 9319 1
9319 10809 1
10809 5244 1
5244 7546 1
7546 4757 1
4757 9041 1
9041 9374 1
9374 3130 1
3130 1504 1
1504 3288 1
3288 5244 1
5244 5637 1
5637 4019 1
4019 5524 1
5524 6821 1
6821 6443 1
6443 10983 1
10983 6721 1
6721 8360 1
10983 5352 1
5352 7084 1
7084 2071 1
2071 4862 1
4862 5964 1
5964 9873 1
9873 6411 1
6411 10869 1
10869 6536 1
6536 4397 1
4397 8246 1
8246 1727 1
1727 1096 1
1096 9148 1
9148 1368 1
1368 2492 1
2492 7163 1
7163 3026 1
3026 3748 1
3748 4193 1
3748 9544 1
9544 4853 1
4853 2639 1
2639 3026 1
3026 5387 1
5387 649 1
649 2492 1
2492 1818 1
1818 7531 1
7531 8108 1
8108 6959 1
6959 10099 1
10099 1923 1
1923 5919 1
5919 4533 1
4533 4041 1
4041 1923 1
1923 3139 1
3139 5308 1
5308 3136 1
3136 4407 1
4407 10614 1
10614 7740 1
7740 5731 1
7740 5210 1
7740 4407 1
4407 7543 1
7543 6489 1
6489 8547 1
8547 233 1
233 7754 1
7754 7755 1
7755 5169 1
5169 397 1
397 10062 1
10062 2188 1
2188 1331 1
1331 2851 1
2851 7294 1
7294 3017 1
3017 941 1
941 8871 1
8871 5053 1
5053 2880 1
2880 281 1
281 10041 1
10041 3234 1
3234 2192 1
2192 9146 1
9146 180 1
180 9733 1
9733 2819 1
2819 6923 1
6923 9146 1
9146 2946 1
2946 3813 1
3813 3234 1
10041 3397 1
3397 4873 1
4873 9108 1
9108 6391 1
6391 3644 1
3644 9180 1
9180 8014 1
8014 8014 1
8014 10560 1
8014 8999 1
8999 9658 1
9658 4676 1
4676 771 1
771 5943 1
5943 3551 1
3551 6783 1
6783 9057 1
9057 946 1
946 4473 1
4473 492 1
492 728 1
728 8999 1
8999 4473 1
4473 3551 1
3551 1034 1
1034 8999 1
1034 492 1
492 4545 1
4545 3551 1
3551 4067 1
4067 1372 1
1372 9831 1
9831 10023 1
10023 10198 1
10198 832 1
832 1034 1
1034 9658 1
9658 7611 1
7611 8537 1
8537 3698 1
3698 752 1
752 8999 1
8999 8537 1
8537 1119 1
1119 771 1
771 9831 1
9831 4067 1
4067 9727 1
9727 3698 1
3698 492 1
492 9727 1
9727 9658 1
9658 8144 1
8144 410 1
410 6976 1
6976 8763 1
8763 3239 1
3239 10555 1
10555 7256 1
7256 7739 1
7739 10555 1
10555 130 1
130 10177 1
10177 7894 1
7894 8359 1
8359 1765 1
1765 6388 1
6388 6964 1
6964 7050 1
7050 7698 1
7698 4296 1
4296 4457 1
4457 797 1
797 2936 1
2936 6918 1
6918 8755 1
8755 4382 1
4382 9165 1
9165 4563 1
4563 3064 1
3064 2734 1
2734 2121 1
2121 2281 1
2281 10551 1
10551 8020 1
8020 3409 1
3409 9427 1
9427 8282 1
8282 3813 1
3813 10588 1
10588 10041 1
10041 1629 1
1629 3772 1
3772 4877 1
4877 2819 1
2819 505 1
505 5395 1
5395 8343 1
8343 9142 1
9142 1785 1
1785 3100 1
3100 3227 1
3227 10726 1
10726 537 1
537 629 1
629 9473 1
9473 2970 1
2970 9939 1
9939 8506 1
8506 10318 1
10318 4480 1
4480 1535 1
1535 4536 1
4536 1664 1
1664 9733 1
9733 3914 1
3914 5751 1
5751 2339 1
2339 7313 1
7313 11086 1
7313 6052 1
6052 9640 1
9640 1840 1
1840 4335 1
4335 1802 1
1802 5434 1
5434 10909 1
10909 9397 1
9397 8907 1
8907 5527 1
5527 11167 1
11167 9397 1
9397 1483 1
1483 5974 1
5974 7159 1
7159 6894 1
6894 232 1
232 5974 1
3062 7174 1
7174 6500 1
6500 7457 1
7457 2289 1
2289 10546 1
10546 5056 1
5906 5978 1
5978 2188 1
2188 1904 1
1904 7755 1
7755 3049 1
3049 9899 1
9899 5103 1
5103 2493 1
2493 9441 1
9441 2188 1
2188 2904 1
2904 8547 1
8547 5169 1
5169 3478 1
3478 7814 1
7814 8277 1
8277 5978 1
5978 707 1
707 3049 1
3049 3031 1
3049 7768 1
7768 10318 1
10318 10529 1
10529 5881 1
5881 3813 1
3813 11093 1
11093 3364 1
3364 281 1
281 5441 1
5441 1403 1
1403 10512 1
10512 10912 1
10912 10882 1
10882 4521 1
4521 304 1
304 4545 1
4545 4473 1
8999 7790 1
7790 9057 1
9057 728 1
728 5943 1
5943 3887 1
3887 8163 1
8163 1298 1
1298 10141 1
10141 847 1
847 7322 1
7322 9122 1
7322 10141 1
10141 4521 1
4521 1559 1
1559 1668 1
1668 9999 1
9999 8950 1
8950 2562 1
2562 2340 1
2340 8156 1
2340 1126 1
2340 10325 1
10325 8950 1
8950 5946 1
5946 5282 1
5282 5935 1
5935 5830 1
5830 2562 1
2340 4557 1
4557 6355 1
6355 6552 1
6552 2451 1
2451 6984 1
6984 7192 1
7192 6186 1
6186 9999 1
9999 10707 1
10707 6355 1
6355 6186 1
6355 2530 1
2530 6364 1
6364 1301 1
1301 5110 1
5110 2219 1
2219 8257 1
8257 1301 1
1301 2947 1
2947 5242 1
5242 8462 1
8462 4850 1
4850 6757 1
6757 404 1
404 5415 1
404 9815 1
404 741 1
741 363 1
363 8878 1
363 4930 1
363 1234 1
1234 10860 1
10860 7337 1
7337 6838 1
6838 8996 1
8996 5592 1
5592 6735 1
6735 1603 1
1603 6645 1
6645 6227 1
6227 6320 1
6320 3092 1
3092 9731 1
9731 1504 1
1504 11130 1
11130 2975 1
2975 8716 1
8716 4536 1
4536 2112 1
2112 9400 1
6595 8565 1
8565 6525 1
6525 6286 1
6286 9011 1
9011 6383 1
6383 5442 1
5442 6923 1
6923 10882 1
10882 224 1
224 718 1
718 11086 1
11086 1059 1
1059 9577 1
9577 8374 1
8374 10123 1
10123 10539 1
10539 8071 1
8071 1091 1
8071 532 1
532 6327 1
6327 3971 1
3971 8736 1
8736 6770 1
6770 3957 1
3957 319 1
319 6595 1
6595 2020 1
2020 281 1
281 4954 1
4954 3772 1
3772 6383 1
6383 4357 1
4357 9939 1
9939 3383 1
3383 9733 1
9733 4877 1
4877 10792 1
10792 6101 1
6101 11060 1
11060 2552 1
2552 2880 1
2880 6737 1
6737 7484 1
7484 180 1
180 9218 1
9218 1412 1
1412 6712 1
6712 6935 1
6935 295 1
295 8395 1
8395 6362 1
6362 3669 1
3669 6584 1
3669 9448 1
9448 8006 1
8006 7078 1
7078 350 1
7078 10471 1
10471 10110 1
10110 5571 1
5571 7058 1
7058 3950 1
3950 3958 1
3958 6689 1
6689 11173 1
11173 8484 1
8484 7177 1
7177 8358 1
8358 10528 1
10528 5117 1
5117 5906 1
5906 7190 1
7190 5524 1
5524 5469 1
5469 5244 1
5244 1152 1
1152 2058 1
2058 6848 1
6848 4827 1
4827 6243 1
6243 9482 1
9482 6529 1
6529 433 1
433 7494 1
7494 3039 1
3039 1210 1
1210 6595 1
6595 629 1
629 3788 1
3788 606 1
606 2658 1
2658 4357 1
4357 6097 1
6097 281 1
2020 6061 1
6061 357 1
357 6239 1
6239 232 1
232 3064 1
3064 281 1
281 8282 1
8282 9018 1
9018 3977 1
3977 4008 1
4008 2359 1
2359 9600 1
9600 4199 1
4199 10135 1
10135 2535 1
2535 224 1
224 4135 1
4135 2943 1
2943 7400 1
7400 718 1
718 8912 1
8912 10260 1
10260 3344 1
3344 756 1
756 8716 1
8716 3957 1
3957 3227 1
3227 4661 1
4661 10529 1
10529 10804 1
10804 8343 1
8343 2819 1
2819 3761 1
3761 4135 1
4135 154 1
154 8565 1
8565 818 1
818 4464 1
4464 10343 1
10343 7945 1
7945 6737 1
6737 6935 1
6935 4892 1
4892 10123 1
10123 1629 1
1629 9594 1
9594 5064 1
5064 4078 1
4078 10838 1
10838 4713 1
4713 7134 1
7134 4755 1
4755 9755 1
9755 52 1
9755 7134 1
7134 11132 1
11132 3397 1
3397 9108 1
9108 2791 1
2791 4199 1
4199 8153 1
8153 4536 1
4536 5241 1
5241 3344 1
3344 2950 1
2950 2691 1
2691 7746 1
7746 3267 1
3267 1904 1
1904 7212 1
7212 2285 1
2285 10397 1
10397 7660 1
7660 3572 1
3572 3097 1
3097 6328 1
6328 3812 1
3812 4730 1
4730 9929 1
9929 1341 1
1341 4104 1
4104 7663 1
7663 5974 1
5974 8755 1
8755 1785 1
1785 3386 1
3386 4238 1
4238 68 1
68 4531 1
4531 5056 1
5056 3611 1
3611 5163 1
5163 8054 1
8054 5974 1
5974 319 1
319 4892 1
4892 2658 1
2658 5792 1
5792 1739 1
1739 3993 1
3993 10020 1
10020 8712 1
8712 10723 1
10723 1801 1
1801 4061 1
4061 4060 1
4060 9278 1
9278 5969 1
5969 629 1
5969 10292 1
10292 2737 1
2737 8882 1
8882 7084 1
7084 10434 1
10434 319 1
319 1564 1
1564 4060 1
4060 6239 1
6239 9681 1
9681 11060 1
11060 5503 1
5503 68 1
68 4464 1
4464 9427 1
9427 6194 1
6194 3022 1
3022 1629 1
1629 1210 1
1210 9108 1
9108 8239 1
8239 3678 1
3678 232 1
232 9998 1
9998 4766 1
4766 4238 1
4238 7970 1
7970 7105 1
7105 7779 1
7779 1513 1
1513 5451 1
5451 2684 1
2684 7057 1
7057 4142 1
4142 2831 1
2831 1541 1
1541 7190 1
7190 10983 1
7190 11068 1
11068 4757 1
4757 10983 1
10983 8078 1
8078 10528 1
10528 4830 1
4830 4482 1
4482 1564 1
1564 4238 1
4238 2734 1
2734 10624 1
10624 719 1
719 6549 1
6549 2958 1
2958 1629 1
1629 7695 1
7695 3574 1
3574 5969 1
5969 5611 1
5611 2970 1
2970 8871 1
8871 2262 1
2262 9427 1
9427 4606 1
4606 8802 1
8802 7920 1
7920 6595 1
6595 583 1
583 8345 1
8345 6549 1
6549 5395 1
5395 7031 1
7031 264 1
264 10588 1
10588 1739 1
1739 7484 1
7484 5574 1
5574 7371 1
7371 3523 1
3523 2571 1
2571 2020 1
2020 9870 1
9870 5318 1
5318 8759 1
8759 10723 1
10723 2936 1
2936 3813 1
3813 8802 1
8802 6286 1
6286 8523 1
8523 7159 1
7159 5898 1
5898 1153 1
1153 11039 1
11039 2249 1
2249 6737 1
6737 5241 1
5241 2175 1
2175 3623 1
3623 7942 1
7942 1699 1
1699 10012 1
10012 8648 1
8648 1293 1
1293 6360 1
6360 3854 1
3854 1497 1
1497 4233 1
4233 7412 1
7412 3854 1
3854 11146 1
3854 9202 1
3854 8398 1
8398 8530 1
8530 1839 1
1839 10140 1
10140 962 1
962 8398 1
8398 6086 1
6086 10360 1
10360 578 1
578 4136 1
4136 2084 1
2084 10161 1
10161 5855 1
10161 1141 1
1141 2877 1
2877 8395 1
8395 8286 1
8286 9649 1
9649 4325 1
4325 10394 1
10394 4128 1
4128 7720 1
7720 11007 1
11007 5899 1
5899 4196 1
4196 10031 1
10031 2925 1
2925 7229 1
7229 5191 1
5191 8071 1
8071 8358 1
7177 9275 1
9275 2575 1
9275 4664 1
4664 8368 1
8368 10723 1
10723 8961 1
8961 583 1
583 3788 1
3788 2854 1
2854 941 1
941 8187 1
8187 3678 1
3678 10266 1
3678 4774 1
4774 6572 1
6572 5971 1
5971 10824 1
10824 4694 1
10824 7672 1
10824 6930 1
6930 5512 1
5512 3397 1
3397 3327 1
3327 3510 1
3510 8506 1
8506 4747 1
4747 1643 1
1643 7159 1
7159 8274 1
8274 6563 1
6563 9605 1
4379 7606 1
7606 7499 1
7499 7860 1
7860 7606 1
7606 718 1
718 3611 1
3611 1210 1
1210 10723 1
10723 4190 1
4684 8731 1
8731 7253 1
7253 10723 1
10723 3945 1
3945 9870 1
9870 7529 1
9870 3788 1
3788 7379 1
7379 4298 1
4298 6505 1
6505 3794 1
3794 8282 1
8282 6329 1
6329 8736 1
8736 5574 1
5574 3344 1
3344 2112 1
2112 8233 1
8233 5783 1
5783 1959 1
1959 7945 1
7945 2020 1
2020 4264 1
4264 3064 1
3064 5910 1
5910 1483 1
1483 7922 1
7922 2900 1
7922 8297 1
7922 8927 1
8927 7155 1
7922 8316 1
8316 3164 1
3164 4356 1
4356 6715 1
6715 3611 1
3611 3397 1
3397 8239 1
8239 8734 1
8734 4468 1
4468 5534 1
5534 3572 1
3572 5472 1
5472 853 1
853 7511 1
7511 1945 1
1945 6224 1
6224 3623 1
3623 11108 1
3623 4003 1
4003 7129 1
7129 4079 1
4079 3457 1
3457 7171 1
7171 5536 1
5536 4842 1
4842 2954 1
2954 3053 1
3053 6739 1
6739 209 1
209 2819 1
2819 2112 1
2112 8153 1
7457 8565 1
8565 6099 1
6099 6255 1
6255 1877 1
1877 2877 1
2877 10850 1
10850 4947 1
4947 2925 1
2925 7177 1
7177 10123 1
10123 10804 1
10804 3574 1
3574 8719 1
8719 5574 1
5574 1681 1
1681 9577 1
9577 2381 1
2381 10804 1
10804 497 1
497 3788 1
3788 6737 1
6737 6139 1
6139 6525 1
6525 8802 1
8802 319 1
319 4829 1
4829 10874 1
10874 9873 1
9873 8282 1
8282 1564 1
1564 9373 1
9373 8716 1
8716 6019 1
6019 8736 1
8736 899 1
899 5318 1
5318 2975 1
2975 4774 1
4774 5374 1
5374 9733 1
9733 10004 1
10004 5439 1
5439 629 1
629 1959 1
1959 2958 1
2958 5969 1
5969 2044 1
2044 3344 1
3344 7411 1
7411 6826 1
6826 1407 1
1407 6500 1
6500 5441 1
5441 5082 1
5082 9693 1
9693 3062 1
3062 5241 1
5241 6391 1
6391 42 1
42 7228 1
7228 2821 1
2821 7064 1
7064 8345 1
8345 3534 1
4239 3482 1
3482 6549 1
6549 10343 1
10343 6061 1
6061 5318 1
5318 4264 1
4264 281 1
281 4536 1
4536 6935 1
6935 2081 1
2081 2041 1
2041 5819 1
5819 9356 1
9356 2842 1
2842 2081 1
2081 2854 1
2854 7228 1
7228 4871 1
4871 296 1
296 3464 1
3464 2275 1
2275 3604 1
3604 6528 1
6528 5898 1
7159 6737 1
6737 1412 1
1412 4061 1
4061 2505 1
2505 8374 1
8374 1664 1
1664 678 1
678 8603 1
8603 9011 1
9011 7768 1
7768 767 1
767 295 1
8395 2445 1
2445 7359 1
7359 3115 1
3115 8506 1
8506 2819 1
2819 1336 1
1336 3022 1
3022 9400 1
9400 10588 1
10588 3344 1
3344 3644 1
3644 3301 1
3301 4061 1
4061 3326 1
3326 7023 1
7023 1664 1
1664 3914 1
3914 532 1
532 6255 1
6255 1341 1
1341 2406 1
2406 10031 1
10031 1082 1
1082 10311 1
10311 6594 1
6594 7865 1
7865 10311 1
10311 2686 1
2686 2412 1
2412 7686 1
7686 7274 1
7274 2388 1
2388 5562 1
5562 5182 1
5182 7171 1
7171 6977 1
6977 6196 1
6196 9901 1
9901 4033 1
4033 6220 1
6220 3937 1
3937 6985 1
6985 2207 1
2207 4277 1
4277 7438 1
4277 1878 1
1878 7243 1
7243 4096 1
4096 3664 1
3664 105 1
105 10293 1
10293 9550 1
9550 620 1
620 6279 1
6279 4096 1
4096 3320 1
3320 226 1
226 3664 1
3664 2277 1
2277 2207 1
2207 8601 1
8601 7093 1
7093 7243 1
7243 226 1
226 4096 1
4096 8601 1
8601 620 1
620 799 1
799 7438 1
7438 3627 1
3627 10293 1
10293 1878 1
1878 4471 1
4471 799 1
799 6985 1
3937 1288 1
1288 620 1
620 2277 1
2277 6060 1
6060 9551 1
6060 1403 1
1403 2578 1
2578 5968 1
5968 8187 1
8187 5355 1
5355 9545 1
9545 583 1
583 8374 1
8374 4766 1
4766 7530 1
7530 10551 1
10551 2447 1
2447 3344 1
3344 11054 1
11054 6737 1
6737 3882 1
3882 2595 1
2595 1716 1
1716 2848 1
2848 8767 1
8767 7308 1
7308 3926 1
3926 4942 1
4942 4132 1
4132 6803 1
6803 9823 1
9823 1097 1
1097 6821 1
1097 10528 1
10528 2950 1
2950 1097 1
1097 7719 1
7719 3011 1
3011 3092 1
3092 7236 1
7236 4635 1
4635 7522 1
4635 8093 1
8093 8176 1
8176 685 1
685 568 1
568 2635 1
2635 5013 1
5013 7367 1
7367 6735 1
6735 10977 1
10977 6936 1
6936 2950 1
2950 4230 1
4230 4874 1
4874 7601 1
7601 10507 1
10507 5633 1
5633 3265 1
5633 404 1
404 5422 1
5422 24 1
5422 581 1
581 363 1
363 2729 1
2729 3275 1
3275 7824 1
7824 6759 1
6759 1341 1
1341 209 1
209 1132 1
1132 3097 1
3097 5241 1
5241 5443 1
5443 10123 1
10539 1229 1
1229 5191 1
5191 10123 1
10123 7676 1
7676 1336 1
1336 3227 1
3227 9404 1
9404 7943 1
7943 3312 1
3312 10438 1
3312 6962 1
6962 10438 1
3312 9404 1
3227 9733 1
9733 3062 1
3062 2854 1
2854 9577 1
9577 1535 1
1535 5241 1
5241 3523 1
3523 9400 1
9400 7023 1
7023 8401 1
8401 5639 1
5639 8684 1
8684 4664 1
4664 2880 1
2880 10546 1
10546 8330 1
8330 7359 1
7359 9545 1
9545 8229 1
8229 9422 1
9422 7922 1
7922 3218 1
3218 9146 1
9146 85 1
85 10723 1
10723 4747 1
4747 2381 1
2381 7484 1
7484 5439 1
5439 7530 1
7530 1892 1
1892 8316 1
232 6737 1
6737 3100 1
3100 3517 1
3517 3042 1
3042 7091 1
7091 6549 1
6549 8316 1
8316 2243 1
2243 9165 1
9165 5513 1
5513 7814 1
7814 8002 1
8002 10062 1
10062 10989 1
10989 9441 1
2188 2864 1
2864 2904 1
2904 4073 1
4073 3572 1
3572 4871 1
4871 18 1
18 8277 1
8277 2795 1
2795 5119 1
5119 5103 1
5103 3215 1
3215 2864 1
2864 4776 1
4776 7231 1
7231 11081 1
11081 3215 1
3215 2691 1
2691 6137 1
6137 667 1
667 4648 1
4648 5469 1
5469 1882 1
1882 9731 1
9731 5637 1
5637 6376 1
6376 4019 1
4019 2950 1
2950 3288 1
3288 4648 1
4648 5524 1
5524 10528 1
10528 7994 1
7994 1504 1
1504 4142 1
4142 8484 1
8484 5052 1
5052 5789 1
5789 9048 1
9048 929 1
929 5052 1
5052 10094 1
10094 10127 1
10127 2358 1
2358 929 1
2358 9001 1
9001 399 1
399 8276 1
8276 5732 1
5732 6658 1
6658 1332 1
1332 9674 1
9674 9713 1
9713 3117 1
3117 6871 1
6871 514 1
514 6343 1
6343 7586 1
7586 6164 1
6164 1782 1
1782 4712 1
4712 10298 1
10298 10992 1
10298 9001 1
9001 2424 1
2424 694 1
694 6343 1
694 1043 1
1043 7586 1
7586 10298 1
10298 6343 1
6343 1043 1
1043 6164 1
6164 6871 1
6871 7291 1
7291 37 1
37 10992 1
10992 9918 1
9918 10298 1
10298 6164 1
6164 694 1
694 10298 1
6343 9090 1
9090 4712 1
4712 6164 1
6164 5514 1
5514 514 1
514 7818 1
7818 6343 1
6343 7291 1
37 7818 1
7818 1782 1
1782 37 1
37 694 1
694 9090 1
9090 2424 1
2424 7586 1
7586 37 1
37 304 1
304 8959 1
8959 382 1
382 1375 1
1375 2739 1
2739 7775 1
7775 1375 1
1375 3667 1
3667 9180 1
8014 5650 1
5650 3887 1
3887 7611 1
7611 4257 1
4257 10443 1
10443 4473 1
4473 7322 1
7322 3698 1
3698 5261 1
5261 1298 1
1298 9372 1
9372 607 1
607 7790 1
7790 7322 1
7322 2817 1
2817 8267 1
8267 10141 1
10141 9658 1
9658 3551 1
3551 9217 1
9217 5432 1
9217 4785 1
4785 7797 1
7797 9217 1
9217 1187 1
1187 285 1
285 2718 1
2718 5173 1
2718 3316 1
3316 8645 1
8645 2718 1
2718 7587 1
7587 783 1
783 720 1
720 3409 1
3409 718 1
718 3364 1
3364 1540 1
1540 2339 1
2339 2943 1
2943 7370 1
7370 2243 1
2243 3914 1
3914 3409 1
3409 5792 1
5792 9400 1
9400 2192 1
2192 3644 1
3644 1801 1
1801 3813 1
3813 85 1
85 4774 1
4774 7768 1
7768 7359 1
7359 2354 1
2354 11163 1
11163 7193 1
7193 8516 1
8516 7279 1
7279 8903 1
8903 6036 1
6036 8079 1
8079 7253 1
7253 10673 1
10673 5709 1
5709 6115 1
6115 2466 1
2466 7867 1
7867 9089 1
9089 5974 1
5974 2243 1
2243 5295 1
5295 8730 1
8730 4531 1
4531 9600 1
9600 9605 1
9605 8274 1
8274 3572 1
3572 7824 1
7824 4291 1
4291 240 1
240 18 1
18 3812 1
3812 763 1
763 8354 1
8354 4972 1
4972 1248 1
1248 3699 1
3699 2691 1
2691 7814 1
7814 733 1
733 2046 1
2046 3150 1
3150 3953 1
3953 8223 1
8223 8899 1
8223 6774 1
6774 10913 1
10913 6204 1
6204 2430 1
2430 1659 1
1659 3995 1
3995 6473 1
6473 8878 1
8878 7076 1
4930 2015 1
2015 10834 1
10834 5812 1
5812 2028 1
2028 10305 1
10305 3051 1
3051 7961 1
7961 4882 1
4882 10437 1
10437 8513 1
8513 10305 1
10305 5023 1
5023 7334 1
7334 10187 1
10187 10456 1
10456 7334 1
7334 7716 1
7716 2754 1
2754 7634 1
7634 9252 1
9252 4914 1
4914 1671 1
1671 5545 1
5545 6262 1
6262 2555 1
2555 7105 1
7105 4238 1
4238 2402 1
2402 1564 1
1564 42 1
42 2854 1
2854 9662 1
9662 176 1
176 7505 1
7505 357 1
357 678 1
678 4061 1
4061 982 1
982 3374 1
3374 9454 1
9454 4081 1
4081 5968 1
8187 10318 1
10318 7530 1
7530 5974 1
5974 8992 1
8992 8345 1
8345 3409 1
3409 6715 1
6715 5751 1
6715 360 1
360 5016 1
5016 3309 1
3309 9146 1
9146 1801 1
1801 3100 1
3100 5611 1
5611 2272 1
2272 3326 1
3326 3788 1
3788 6286 1
6286 8759 1
8759 9427 1
9427 3945 1
3945 5053 1
5053 1739 1
1739 8719 1
8719 2958 1
2958 6059 1
6059 4747 1
4747 1412 1
1412 5161 1
5161 3788 1
3788 3062 1
3062 7371 1
7371 5503 1
5503 5974 1
5974 4531 1
4531 5295 1
5295 3463 1
3463 68 1
68 10777 1
10777 4941 1
4941 497 1
497 818 1
818 4298 1
4298 3523 1
3523 3858 1
3858 3362 1
3362 1564 1
1564 2505 1
2505 1681 1
1681 3678 1
3678 8998 1
8998 8229 1
8229 10004 1
10004 2946 1
2946 2020 1
2020 9218 1
9218 2848 1
2848 4730 1
4730 10091 1
10091 4128 1
4128 11179 1
11179 18 1
18 8071 1
8071 3237 1
3237 2175 1
2175 3844 1
3844 2791 1
2791 3039 1
3039 7843 1
7843 2466 1
2466 944 1
944 896 1
896 4610 1
4610 6528 1
6528 2275 1
2275 455 1
455 5016 1
5016 8546 1
8546 3364 1
3364 6737 1
6737 3097 1
3097 264 1
264 10529 1
10529 5355 1
5355 6286 1
6286 10909 1
10909 7159 1
7159 7239 1
7239 2284 1
2284 7313 1
7313 10882 1
10882 9441 1
9441 6111 1
6111 10129 1
10129 2864 1
2864 2691 1
2691 6111 1
6111 2493 1
2493 9537 1
9537 2046 1
2046 1700 1
1700 9105 1
9105 3800 1
3800 10398 1
3800 3947 1
3947 9991 1
9991 2390 1
2390 1168 1
2390 2539 1
2539 9281 1
9281 7380 1
9281 5996 1
5996 8904 1
8904 4970 1
4970 10326 1
10326 4677 1
4677 5002 1
5002 5168 1
5168 10440 1
10440 9062 1
9062 51 1
9062 5168 1
5168 51 1
51 8934 1
8934 10440 1
10440 5002 1
5002 2027 1
10440 2623 1
5168 8934 1
8934 2623 1
2623 5002 1
5002 5713 1
5713 5021 1
5021 2027 1
5002 767 1
767 8223 1
8223 2539 1
9281 11164 1
11164 4404 1
4404 6432 1
6432 4023 1
4023 8380 1
8380 3575 1
8380 7337 1
7337 7838 1
7838 4416 1
4416 9419 1
9419 9324 1
9324 2021 1
2021 1686 1
1686 4501 1
4501 1350 1
1350 840 1
840 1110 1
1110 4331 1
4331 2242 1
2242 1812 1
1812 2446 1
1812 9276 1
9276 850 1
850 7650 1
7650 4144 1
4144 8404 1
8404 7650 1
4144 536 1
536 2923 1
2923 9612 1
2923 8718 1
8718 8787 1
8787 1383 1
1383 2698 1
2698 9846 1
9846 10693 1
10693 1223 1
1223 6536 1
6536 3305 1
3305 7787 1
7787 3748 1
3748 1066 1
1066 7453 1
7453 3921 1
3921 5700 1
5700 5700 1
5700 2324 1
2324 1772 1
1772 10678 1
10678 8948 1
8948 7638 1
7638 1265 1
1265 735 1
735 4375 1
4375 5620 1
5620 6957 1
5620 9957 1
9957 5145 1
5145 9053 1
5145 8210 1
8210 9957 1
9957 3510 1
3510 6058 1
6058 1208 1
1208 10172 1
10172 7843 1
7843 6863 1
6863 5593 1
5593 74 1
74 3611 1
3611 9110 1
9110 2395 1
2395 505 1
505 2343 1
2343 3326 1
3326 7806 1
7806 5593 1
5593 6834 1
6834 6863 1
6863 10628 1
10628 9605 1
9605 7977 1
7977 8871 1
8871 7031 1
7031 8282 1
8282 6526 1
6526 3574 1
3574 756 1
756 1336 1
1336 3813 1
3813 7091 1
7091 5439 1
5439 1785 1
1785 583 1
583 1959 1
1959 6770 1
6770 264 1
264 537 1
537 8229 1
8229 8187 1
8187 4135 1
4135 10235 1
10235 8523 1
8523 10287 1
10287 2979 1
2979 5969 1
5969 4060 1
4060 756 1
756 4061 1
4061 3344 1
3344 9473 1
9473 3957 1
3957 7695 1
7695 11132 1
11132 6459 1
6459 8546 1
8546 5708 1
5708 1806 1
1806 6052 1
6052 9605 1
9605 4264 1
4264 2243 1
2243 2792 1
2792 3326 1
3326 7845 1
7845 5241 1
5241 11006 1
11006 3945 1
3945 1806 1
1806 505 1
505 4865 1
4865 3678 1
3678 3042 1
3042 2936 1
2936 3523 1
3523 11054 1
11054 2447 1
2447 8736 1
8736 11132 1
11132 6058 1
6058 2535 1
2535 3611 1
5163 6595 1
6595 6642 1
6642 3572 1
3572 5453 1
5453 5884 1
5884 6991 1
6991 42 1
42 9427 1
9427 11170 1
11170 2238 1
2238 2975 1
2975 7530 1
7530 9545 1
9545 3234 1
3234 6563 1
6563 4954 1
4954 258 1
258 2975 1
2975 6836 1
6836 4457 1
4457 2284 1
2284 993 1
993 3175 1
3175 2821 1
2821 9441 1
9441 6935 1
6935 85 1
85 4477 1
4477 2958 1
2958 8153 1
8153 180 1
180 542 1
542 10726 1
10726 5969 1
5969 5562 1
5562 7274 1
7274 3866 1
3866 7299 1
7299 5868 1
5868 7171 1
7171 8753 1
8753 1570 1
1570 10516 1
10516 10390 1
10390 4174 1
4174 236 1
236 10311 1
10311 3372 1
3372 8959 1
8959 6576 1
6576 1169 1
1169 997 1
997 2846 1
2846 1399 1
1399 3393 1
3393 720 1
720 10418 1
10418 5437 1
5437 4320 1
5437 5225 1
5437 8160 1
8160 9025 1
9025 8013 1
8013 304 1
304 607 1
607 5943 1
5943 8999 1
5943 2817 1
2817 5261 1
5261 10198 1
10198 10385 1
10385 4063 1
4063 6668 1
6668 263 1
263 5838 1
5838 9167 1
9167 8429 1
8429 9643 1
9643 7416 1
7416 10894 1
10894 4187 1
4187 3146 1
3146 7877 1
7877 9856 1
9856 5375 1
5375 10198 1
10198 8400 1
10198 4923 1
4923 6763 1
6763 4063 1
4063 8400 1
8400 8302 1
8302 4923 1
4923 9856 1
9856 8243 1
8243 333 1
333 5602 1
5602 2980 1
2980 4187 1
4187 9643 1
9643 7877 1
7877 9167 1
9167 3841 1
3841 9615 1
9615 1099 1
1099 9856 1
9856 5602 1
5602 4063 1
10385 8429 1
8429 8243 1
8243 10385 1
10385 8400 1
8400 8711 1
8711 7173 1
7173 4063 1
6763 6668 1
6668 10932 1
10932 5838 1
5838 1553 1
1553 8429 1
1553 3146 1
3146 4923 1
4923 7877 1
7877 3033 1
3033 10932 1
10932 263 1
263 10198 1
10198 9372 1
9372 4521 1
4521 946 1
946 5943 1
4067 10023 1
10023 8999 1
8999 847 1
847 10443 1
4473 8014 1
8014 426 1
426 1223 1
1223 2857 1
1223 403 1
403 7185 1
7185 4709 1
4709 9752 1
9752 8383 1
8383 7154 1
7154 828 1
828 7648 1
7648 9332 1
9332 3224 1
3224 659 1
659 2840 1
2840 8383 1
8383 8211 1
8211 910 1
910 8383 1
7154 7156 1
7156 3716 1
3716 2137 1
2137 4906 1
4906 6483 1
6483 2293 1
6483 11119 1
11119 8051 1
8051 6483 1
6483 6210 1
6210 2293 1
6483 2553 1
2553 6210 1
6210 7382 1
6483 2137 1
2137 11026 1
11026 9361 1
9361 9470 1
9361 10652 1
10652 4231 1
4231 9834 1
9834 8211 1
8211 10652 1
10652 7154 1
7154 659 1
659 8383 1
8383 11026 1
11026 9752 1
9752 10842 1
10842 9703 1
9703 6163 1
6163 788 1
788 6599 1
6599 601 1
601 6163 1
6163 7398 1
7398 5242 1
5242 8373 1
8373 10549 1
10549 1452 1
1452 7006 1
7006 3724 1
3724 5093 1
5093 8373 1
8373 5866 1
5866 2405 1
2405 1452 1
1452 6934 1
6934 8157 1
8157 854 1
8157 6767 1
6767 4178 1
4178 6934 1
6934 3587 1
3587 5242 1
5242 1952 1
1952 1634 1
1634 8871 1
8871 982 1
982 10343 1
10343 10120 1
10343 7676 1
7676 9577 1
9577 10792 1
10792 7655 1
10792 2262 1
2262 818 1
818 3644 1
3644 6194 1
6194 2121 1
2121 10726 1
10726 8374 1
8374 3517 1
3517 5670 1
5670 1428 1
1428 6737 1
6737 4810 1
4810 6642 1
6642 1953 1
1953 9941 1
9941 6642 1
6642 304 1
304 3193 1
3193 6349 1
6349 1158 1
1158 7069 1
7069 1603 1
1603 1158 1
7069 4635 1
4635 242 1
4635 5013 1
5013 8194 1
8194 6645 1
6645 1934 1
1934 10290 1
10290 8457 1
8457 8338 1
8338 7140 1
7140 6206 1
6206 5989 1
5989 9449 1
9449 11105 1
11105 8461 1
8461 7419 1
7419 10550 1
10550 3549 1
3549 5385 1
5385 5778 1
5778 4496 1
4496 10846 1
5778 4099 1
4099 5385 1
5385 10550 1
10550 3316 1
3316 8421 1
8421 4854 1
4854 1195 1
1195 3758 1
3758 2661 1
2661 10193 1
10193 4430 1
4430 2661 1
2661 7166 1
7166 598 1
598 3452 1
598 3114 1
3114 3452 1
3452 3712 1
3452 4404 1
4404 6793 1
6793 6767 1
6767 2219 1
2219 3155 1
3155 9495 1
9495 3969 1
3969 3617 1
3617 6626 1
6626 7992 1
7992 74 1
74 8730 1
8730 9605 1
9605 6722 1
6722 9939 1
9939 6099 1
6099 7663 1
7663 1785 1
1785 6459 1
6459 5241 1
5241 180 1
180 9100 1
9100 6935 1
6935 5154 1
5154 7682 1
7682 5016 1
5016 10397 1
10397 505 1
505 264 1
264 3993 1
3993 6288 1
6288 10546 1
2289 5163 1
5163 1210 1
1210 3993 1
3993 1681 1
1681 2243 1
2243 10020 1
10020 7457 1
7457 8712 1
8712 1210 1
1210 9594 1
9594 5974 1
5974 614 1
614 8316 1
8316 5442 1
5442 3022 1
3022 8316 1
8316 3115 1
3115 8565 1
8565 10628 1
10628 8153 1
8153 10609 1
10609 9523 1
9523 6391 1
6391 5355 1
5355 4061 1
4061 10041 1
10041 2979 1
2979 756 1
756 8274 1
8274 2044 1
2044 2112 1
2112 6712 1
6712 357 1
357 2979 1
2979 9278 1
9278 50 1
50 2508 1
2508 5318 1
5318 6572 1
6572 4483 1
4483 4774 1
4774 2284 1
2284 3813 1
3813 7920 1
7920 9141 1
9141 4661 1
4661 6019 1
6019 4861 1
4861 2880 1
2880 2936 1
2936 6770 1
6770 6061 1
6061 10777 1
10777 1564 1
1564 2946 1
2946 1681 1
1681 3788 1
3788 9165 1
9165 8345 1
8345 11132 1
11132 6059 1
6059 7159 1
7159 8736 1
8736 4483 1
4483 3042 1
3042 258 1
258 3397 1
3397 1785 1
1785 5815 1
5815 982 1
982 1535 1
1535 6910 1
6910 8961 1
8961 6099 1
6099 2854 1
2854 8285 1
8285 8341 1
8341 9358 1
9358 10237 1
9358 3062 1
3062 2979 1
2979 5161 1
5161 6737 1
6737 1363 1
1363 5163 1
5163 4115 1
4115 3678 1
3678 6737 1
6737 621 1
621 10525 1
10525 7710 1
7710 5241 1
5241 3227 1
3227 2238 1
2238 5266 1
5266 2733 1
5266 6005 1
6005 6281 1
6005 2238 1
2238 6876 1
6876 6722 1
6722 7064 1
7064 7023 1
7023 5881 1
5881 537 1
537 7505 1
7505 4061 1
4061 8316 1
8316 7591 1
7591 264 1
264 10619 1
10619 3806 1
3806 11093 1
11093 376 1
376 3384 1
3384 5974 1
5974 5910 1
5910 6392 1
6392 3397 1
3397 10343 1
10343 5611 1
5611 68 1
68 5364 1
5364 7474 1
5364 5968 1
5968 296 1
296 10873 1
10873 976 1
976 6595 1
6595 6737 1
6737 9141 1
9141 10287 1
6391 583 1
583 3945 1
3945 8603 1
8603 7530 1
7530 10792 1
10792 4774 1
4774 2044 1
2044 6910 1
6910 437 1
982 6061 1
6061 4766 1
4766 5442 1
5442 4954 1
4954 1130 1
1130 8871 1
8871 5441 1
5441 4978 1
4978 6015 1
6015 1130 1
1130 10723 1
10723 3397 1
3397 8736 1
8736 2381 1
2381 5318 1
5318 9427 1
9427 2819 1
2819 1132 1
1132 10233 1
10233 7147 1
