1863 10326 1
10326 4970 1
10326 5405 1
5405 9753 1
9753 6440 1
6440 8721 1
8721 7494 1
7494 10575 1
10575 6336 1
6336 7494 1
7494 8565 1
8565 8215 1
8215 281 1
281 4747 1
4747 6923 1
6923 7031 1
7031 3397 1
3397 5163 1
5163 1208 1
1208 5969 1
5969 10869 1
10869 4397 1
4397 6293 1
6293 3026 1
3026 9491 1
9491 9911 1
9911 2891 1
2891 6680 1
6680 4145 1
4145 2361 1
2361 9432 1
9432 3963 1
3963 7133 1
3963 2661 1
3963 5334 1
5334 6076 1
6076 9349 1
9349 11129 1
11129 5616 1
5616 6459 1
6459 9100 1
9100 10135 1
10135 7457 1
7457 1153 1
1153 10624 1
10624 11039 1
11039 3392 1
3392 7147 1
7147 9788 1
9788 3813 1
3813 8215 1
8215 10231 1
10231 2192 1
2192 4474 1
4474 10022 1
10022 7682 1
7682 2175 1
2175 8345 1
8345 4000 1
4000 6668 1
6668 8088 1
8088 7966 1
7966 6763 1
6763 10419 1
10419 5602 1
5602 5306 1
5306 1099 1
1099 263 1
263 4923 1
4923 333 1
333 4000 1
4000 4477 1
4477 5318 1
5318 8565 1
8565 281 1
281 1389 1
1389 7768 1
7768 9131 1
9131 9011 1
9011 5439 1
5439 1801 1
1801 3383 1
3383 7582 1
7582 2508 1
2508 5971 1
5971 5016 1
5016 3572 1
3572 5443 1
5443 2175 1
2175 5241 1
5241 1564 1
1564 629 1
629 2262 1
2262 9146 1
9146 6935 1
6935 1336 1
1336 1664 1
1664 2505 1
2505 1564 1
1564 3344 1
3344 8343 1
8343 2238 1
2238 10041 1
10041 606 1
606 10673 1
10673 4709 1
4709 8928 1
8928 4967 1
4967 4098 1
4098 159 1
159 6935 1
6935 9406 1
9406 4664 1
4664 7708 1
7708 9787 1
9787 9275 1
9275 5191 1
5191 3572 1
3572 4870 1
4870 335 1
335 8666 1
8666 10882 1
10882 5016 1
5016 10135 1
10135 6033 1
6033 9146 1
9146 2946 1
2946 2238 1
2238 1958 1
1958 5964 1
5964 3060 1
3060 1197 1
1197 319 1
319 4877 1
4877 4297 1
4297 5969 1
5969 5374 1
5374 3678 1
3678 2044 1
2044 10886 1
10886 9545 1
9545 4357 1
4357 606 1
606 3945 1
3945 4474 1
4474 2121 1
2121 8229 1
8229 232 1
232 4264 1
4264 8187 1
8187 10397 1
10397 161 1
161 1097 1
1097 7057 1
7057 2762 1
2762 10983 1
10983 4208 1
4208 4221 1
4221 10234 1
10234 6461 1
6461 4814 1
4814 7096 1
4814 4387 1
4387 5664 1
5664 527 1
527 494 1
494 2267 1
2267 11117 1
11117 5410 1
5410 9816 1
9816 5740 1
5740 504 1
5740 738 1
738 1374 1
1374 5086 1
5086 5664 1
4387 11130 1
11130 11114 1
11114 4956 1
4956 9228 1
9228 2078 1
2078 3092 1
3092 3589 1
3589 568 1
568 7098 1
7098 10149 1
10149 5016 1
5016 9600 1
9600 1029 1
1029 9922 1
9922 2535 1
2535 4865 1
4865 5798 1
5798 3064 1
3064 6525 1
6525 8736 1
8736 10287 1
10287 1664 1
1664 6059 1
6059 10886 1
10886 7091 1
7091 497 1
497 6059 1
6059 3383 1
3383 3517 1
3517 3397 1
3397 9397 1
9397 3401 1
3401 8229 1
8229 10529 1
10529 3062 1
3062 2854 1
2854 8759 1
8759 10726 1
10726 5969 1
5969 50 1
50 10343 1
10343 9400 1
9400 3064 1
3064 2238 1
2238 4264 1
4264 7484 1
7484 8506 1
8506 5439 1
5439 11132 1
11132 10004 1
10004 537 1
537 2819 1
2819 2946 1
2946 3344 1
3344 1892 1
1892 678 1
678 180 1
180 7379 1
7379 1629 1
1629 5503 1
5503 10777 1
10777 2788 1
2788 7023 1
7023 6194 1
6194 3062 1
3062 50 1
50 7371 1
7371 3234 1
3234 5439 1
5439 583 1
583 678 1
678 5792 1
5792 5503 1
5503 8716 1
8716 8882 1
8882 8736 1
8736 1958 1
1958 482 1
482 11006 1
11006 497 1
497 232 1
232 1664 1
1664 6139 1
6139 537 1
537 8343 1
8343 4483 1
4483 5161 1
5161 3042 1
3042 1535 1
1535 8345 1
8345 9422 1
9422 8927 1
8927 7147 1
7147 11039 1
11039 9397 1
9397 7867 1
7867 10804 1
10804 10123 1
10123 497 1
497 10041 1
10041 6194 1
6194 3100 1
3100 2402 1
2402 6918 1
6918 6391 1
6391 11179 1
11179 6327 1
6327 18 1
18 7279 1
7279 8341 1
8341 18 1
18 6642 1
6642 1541 1
1541 8381 1
8381 3344 1
3344 4061 1
4061 9545 1
9545 10343 1
10343 5969 1
5969 2936 1
2936 9141 1
9141 2262 1
2262 7371 1
7371 5969 1
5969 483 1
483 7239 1
7239 4298 1
4298 2798 1
2798 6223 1
6223 4610 1
4610 10059 1
10059 8282 1
8282 6549 1
6549 4000 1
4000 5838 1
5838 10419 1
10419 8243 1
8243 9955 1
9955 7877 1
7877 8243 1
8243 8302 1
8302 5150 1
5150 5306 1
5306 8400 1
8400 5602 1
5602 10894 1
10894 8243 1
8243 1553 1
1553 9955 1
9955 4063 1
4063 9643 1
9643 9856 1
9856 2496 1
2496 10256 1
10256 10198 1
10198 7322 1
7322 4067 1
4067 10023 1
10023 607 1
607 9057 1
9057 5261 1
5261 10023 1
10023 492 1
492 946 1
946 728 1
728 4521 1
4521 304 1
304 10325 1
304 1781 1
1781 1375 1
1375 5640 1
5640 9180 1
9180 404 1
404 24 1
404 8701 1
8701 9213 1
8701 9655 1
9655 1619 1
1619 7 1
7 3325 1
3325 2217 1
2217 7901 1
7901 10660 1
10660 657 1
657 10668 1
10668 10660 1
7901 10668 1
2217 10668 1
10668 5808 1
5808 2802 1
2802 436 1
2802 7 1
7 2003 1
2003 6099 1
6099 4238 1
4238 4898 1
4898 3520 1
3520 8150 1
8150 4686 1
4686 5676 1
5676 1723 1
5676 8150 1
8150 3456 1
3456 4002 1
4002 5676 1
5676 7909 1
7909 4640 1
4640 7407 1
4640 1478 1
1478 10844 1
1478 10678 1
10678 1991 1
1991 8002 1
8002 2921 1
2921 18 1
18 2819 1
2819 7091 1
7091 1785 1
1785 74 1
74 3397 1
3397 6097 1
6097 1233 1
1233 5460 1
5460 7591 1
7591 3678 1
3678 3914 1
3914 4684 1
4684 3317 1
3317 3022 1
3022 6033 1
6033 4630 1
4630 1674 1
1674 8335 1
8335 9509 1
9509 5079 1
5079 6086 1
5079 9956 1
9509 4630 1
4630 9141 1
9141 941 1
941 4060 1
4060 3234 1
3234 6910 1
6910 4877 1
4877 68 1
68 2192 1
4474 7379 1
7379 6391 1
6391 2359 1
2359 4008 1
4008 3483 1
3483 8425 1
8425 9600 1
9600 9147 1
9147 537 1
8343 8187 1
8187 3574 1
3574 6910 1
6910 4480 1
4480 10292 1
10292 3100 1
3100 9733 1
9733 6642 1
18 7427 1
7427 6192 1
6192 9796 1
9796 8547 1
8547 7231 1
7231 2926 1
2926 2188 1
2188 398 1
398 5499 1
5499 4604 1
4604 10974 1
10974 8467 1
10974 9072 1
9072 8368 1
8368 9011 1
9011 6712 1
6712 10804 1
10804 818 1
818 6383 1
6383 8153 1
8153 561 1
561 8565 1
8565 1059 1
1059 2339 1
2339 5388 1
5388 8949 1
8949 3604 1
3604 3794 1
3794 4298 1
4298 6459 1
6459 5559 1
5559 987 1
987 1132 1
1132 2848 1
2848 2083 1
2083 2175 1
2175 1229 1
1229 10948 1
10948 414 1
414 8949 1
8949 5260 1
5260 3544 1
3544 6841 1
6841 10941 1
10941 3987 1
10941 4870 1
4870 10374 1
10374 3344 1
3344 720 1
720 856 1
720 360 1
360 6374 1
6374 10759 1
10759 353 1
353 6721 1
353 4336 1
4336 10679 1
10679 9881 1
9881 3527 1
3527 4958 1
4958 6160 1
6160 10752 1
6160 10611 1
10611 10675 1
10675 8709 1
10675 10198 1
10198 8537 1
8537 492 1
492 2817 1
2817 3887 1
3887 1119 1
1119 304 1
304 6362 1
6362 6826 1
6826 7411 1
7411 7110 1
7110 9092 1
9092 8871 1
8871 4061 1
4061 3644 1
3644 3993 1
3993 10551 1
10551 10235 1
10235 4379 1
4379 3914 1
3914 4941 1
4941 8961 1
8961 8506 1
8506 1892 1
1892 3482 1
3482 6549 1
6549 10343 1
10343 4297 1
4297 7159 1
7159 941 1
941 8374 1
8374 2958 1
2958 5161 1
5161 542 1
542 4061 1
4061 3945 1
3945 7920 1
7920 483 1
483 2447 1
2447 4238 1
4238 319 1
319 483 1
483 8282 1
8282 7676 1
7676 7992 1
7992 5056 1
5056 2879 1
5056 7457 1
7457 1328 1
1328 1208 1
1208 4629 1
4629 7977 1
7977 8174 1
8174 1681 1
1681 4747 1
4747 7530 1
7530 7733 1
7733 5133 1
5133 7530 1
7530 2322 1
2322 360 1
360 8187 1
8187 10202 1
10202 9264 1
9264 3572 1
3572 2301 1
2301 7427 1
7427 4937 1
4937 2545 1
2545 4776 1
4776 10158 1
10158 6111 1
6111 5831 1
5831 8644 1
8644 1965 1
1965 3022 1
3022 7052 1
7052 4744 1
4744 7857 1
7857 3517 1
3517 583 1
583 4536 1
4536 5374 1
3678 8802 1
8802 2658 1
2658 2970 1
2970 6194 1
6194 678 1
678 4115 1
4115 2020 1
2020 50 1
50 629 1
629 10777 1
10777 5881 1
5881 8233 1
8233 483 1
483 8229 1
8229 8044 1
8044 4472 1
4472 1733 1
1733 5972 1
5972 1029 1
1029 3678 1
3678 2272 1
2272 7379 1
7379 1336 1
1336 3957 1
3957 6894 1
6894 3644 1
3644 2262 1
2262 3227 1
3227 6383 1
6383 3993 1
3993 9011 1
9011 834 1
834 7610 1
7610 10353 1
10353 2379 1
2379 8807 1
8807 10353 1
8807 3410 1
3410 3877 1
3877 617 1
617 369 1
617 2379 1
2379 3788 1
3788 6737 1
6737 10723 1
10723 10974 1
10974 6346 1
6346 398 1
398 4830 1
4830 2736 1
2736 5246 1
5246 1564 1
1564 9577 1
9577 7017 1
7017 7074 1
7074 767 1
767 10691 1
10691 1412 1
1412 7239 1
7239 982 1
982 312 1
312 1681 1
1681 8239 1
8239 4468 1
4468 4298 1
4298 5318 1
5318 5597 1
5597 606 1
606 5974 1
5974 818 1
6383 5395 1
5395 2395 1
2395 2289 1
2289 3115 1
3115 3510 1
3510 8509 1
8509 9640 1
9640 1211 1
1211 6408 1
6408 9011 1
9011 8730 1
8730 5974 1
5974 9142 1
9142 542 1
542 6019 1
6019 2936 1
2936 4877 1
4877 5374 1
5374 6286 1
6286 3042 1
3042 10886 1
10886 606 1
606 2979 1
2979 6910 1
6910 10723 1
10723 1681 1
1681 6935 1
6935 9165 1
9165 8755 1
8755 8274 1
8274 9011 1
9011 7359 1
7359 6991 1
6991 5819 1
5819 7193 1
7193 8095 1
8095 2877 1
2877 853 1
853 5503 1
5503 9545 1
9545 3778 1
3778 7091 1
7091 258 1
258 9605 1
9605 4663 1
4663 11132 1
11132 941 1
941 3326 1
3326 7682 1
7682 10807 1
10807 8345 1
8345 9011 1
9011 9870 1
9870 4297 1
4297 9463 1
9463 4247 1
4247 7064 1
7064 68 1
68 8343 1
8343 3022 1
3022 258 1
258 11132 1
11132 606 1
606 3100 1
3100 7484 1
7484 4298 1
4298 2063 1
2063 8624 1
8624 1380 1
1380 7787 1
7787 9868 1
9868 2927 1
2927 7787 1
9868 2140 1
2140 2517 1
2517 2138 1
2138 1295 1
2138 5104 1
5104 2955 1
2955 1825 1
1825 5104 1
5104 3564 1
5104 431 1
431 1760 1
1760 9068 1
9068 3906 1
3906 4106 1
4106 9068 1
3906 431 1
431 4094 1
4094 9068 1
9068 2138 1
2138 10372 1
10372 6908 1
6908 4952 1
4952 11007 1
11007 6099 1
6099 5355 1
5355 6525 1
6525 9278 1
9278 6383 1
9278 1564 1
1564 6876 1
6876 5503 1
5503 4774 1
4774 10792 1
10792 8759 1
8759 8153 1
8153 8316 1
8316 6529 1
6529 2842 1
2842 384 1
384 4031 1
4031 6419 1
6419 384 1
384 7591 1
7591 6301 1
6301 2175 1
2175 6595 1
6595 7845 1
7845 6459 1
6459 6498 1
6498 1412 1
1412 2447 1
2447 7505 1
7505 4661 1
4661 8343 1
8343 2262 1
2262 2121 1
2121 3100 1
3100 5442 1
5442 3344 1
3344 8802 1
8802 4298 1
4298 4238 1
4238 4264 1
4264 6918 1
6918 6572 1
6572 3234 1
3234 85 1
85 9605 1
9605 4018 1
4018 68 1
68 941 1
941 10123 1
10123 3574 1
3574 2497 1
2497 4876 1
4876 6439 1
6439 2119 1
2119 9814 1
9814 8333 1
8333 4243 1
9814 9983 1
9983 5968 1
5968 5364 1
5364 8274 1
8274 6770 1
6770 7920 1
7920 5597 1
5597 4661 1
4661 5241 1
5241 542 1
542 2958 1
2958 6923 1
6923 8759 1
8759 4877 1
4877 5355 1
5355 3227 1
3227 4766 1
4766 5246 1
4766 6411 1
6411 10609 1
10609 6391 1
6391 2406 1
2406 1132 1
1132 5559 1
5559 1535 1
1535 2936 1
2936 4480 1
4480 3560 1
3560 5442 1
5442 10974 1
10974 4143 1
4143 6327 1
6327 775 1
775 5437 1
5437 1836 1
1836 4978 1
4978 3344 1
3344 7380 1
7380 9281 1
9281 5607 1
5607 4119 1
4119 5964 1
5964 9998 1
9998 11060 1
11060 8716 1
8716 85 1
85 4060 1
4060 8374 1
8374 6028 1
6028 6541 1
8374 10726 1
10726 4563 1
4563 9817 1
9817 5574 1
5574 1564 1
1564 1535 1
1535 42 1
42 2044 1
2044 6737 1
6737 6653 1
6653 6346 1
6346 408 1
408 8754 1
8754 5910 1
5910 1715 1
1715 10263 1
10263 2097 1
2097 3788 1
3788 7768 1
7768 2943 1
2943 7945 1
7945 9733 1
9733 10792 1
10792 10874 1
10874 9015 1
9015 3523 1
3523 1412 1
1412 1233 1
1233 2975 1
2975 756 1
756 3993 1
3993 4382 1
4382 4464 1
4464 2819 1
2819 7379 1
7379 6894 1
6894 8736 1
8736 9218 1
9218 5969 1
5969 6563 1
6563 4536 1
4536 8233 1
8233 982 1
982 3301 1
3301 4747 1
4747 7676 1
7676 4861 1
4861 6194 1
6194 6712 1
6712 5318 1
5318 9142 1
9142 11132 1
11132 623 1
623 5616 1
5616 9602 1
9602 6863 1
6863 7066 1
7066 5064 1
5064 7476 1
7476 9120 1
9120 701 1
5064 2880 1
2880 1204 1
1204 1196 1
1196 6336 1
6336 6849 1
6849 3934 1
3934 6706 1
6706 9132 1
9132 9193 1
9193 10787 1
10787 11017 1
11017 10905 1
10905 9193 1
9193 11145 1
11145 10176 1
10176 5023 1
5023 9041 1
9041 8089 1
8089 1791 1
1791 4419 1
4419 3233 1
3233 7559 1
7559 9041 1
9041 5396 1
9041 3753 1
3753 2367 1
2367 11135 1
2367 8477 1
8477 1628 1
1628 4422 1
4422 2015 1
2015 1009 1
1009 7102 1
7102 7701 1
7701 10091 1
10091 1877 1
1877 10031 1
10031 1793 1
1793 2859 1
2859 5313 1
5313 1793 1
1793 11149 1
11149 8422 1
11149 10516 1
10516 2371 1
2371 3624 1
3624 2601 1
2601 299 1
299 5868 1
5868 5899 1
5899 7288 1
7288 4356 1
4356 3634 1
3634 259 1
4356 6963 1
6963 8871 1
8871 4382 1
4382 1412 1
1412 6525 1
6525 2044 1
2044 85 1
85 7945 1
7945 4766 1
4766 6239 1
6239 6577 1
6577 3993 1
3993 6894 1
6894 3778 1
3778 10123 1
10123 11054 1
11054 4941 1
4941 8736 1
8736 2071 1
2071 6572 1
6572 6526 1
6526 2238 1
2238 4892 1
4892 537 1
537 6383 1
6383 2936 1
2936 8229 1
8229 4638 1
4638 655 1
655 5997 1
5997 3474 1
3474 1190 1
1190 1365 1
1365 5351 1
5351 11184 1
11184 9877 1
9877 4515 1
4515 426 1
426 7025 1
7025 6757 1
6757 3875 1
3875 2754 1
2754 10830 1
10830 286 1
286 5248 1
5248 1234 1
1234 4055 1
4055 3180 1
3180 8459 1
8459 8248 1
8248 186 1
186 6252 1
186 11021 1
186 2038 1
2038 2772 1
2772 1213 1
1213 10631 1
10631 3521 1
3521 6456 1
3521 3876 1
3876 6456 1
6456 2600 1
2600 9868 1
9868 1131 1
1131 1330 1
1330 8852 1
8852 6041 1
6041 10077 1
10077 3180 1
3180 7412 1
7412 9799 1
9799 5723 1
5723 2145 1
2145 933 1
933 8744 1
8744 6091 1
8744 1584 1
8744 8584 1
8584 2752 1
2752 5393 1
5393 1303 1
1303 3861 1
3861 9078 1
9078 4444 1
4444 6959 1
6959 10099 1
10099 7777 1
7777 1923 1
1923 10099 1
10099 4959 1
4959 8137 1
8137 6438 1
6438 8851 1
8851 6666 1
6666 254 1
6666 5206 1
5206 4422 1
4422 9013 1
9013 5933 1
5933 7049 1
7049 3384 1
3384 9131 1
9131 5188 1
5188 5501 1
5501 7968 1
7968 5277 1
5277 8907 1
8907 5527 1
5527 9397 1
9397 7911 1
7911 2218 1
2218 10661 1
10661 7663 1
7663 4474 1
4474 1739 1
1739 2975 1
2975 2243 1
2243 10287 1
10287 3914 1
3914 5472 1
5472 1153 1
1153 4115 1
4115 6286 1
6286 2505 1
2505 9577 1
9577 2975 1
2975 3386 1
3386 7505 1
7505 7031 1
7031 6563 1
6563 1483 1
1483 8345 1
8345 2281 1
2281 6910 1
6910 9870 1
9870 720 1
720 1443 1
1443 9044 1
9044 4978 1
4978 6349 1
6349 6735 1
6735 7236 1
7236 1158 1
1158 10977 1
10977 2635 1
2635 6735 1
6735 8093 1
8093 8531 1
8531 3767 1
3767 5724 1
5724 3457 1
3457 5941 1
5941 3986 1
3986 7299 1
7299 2944 1
2944 9887 1
9887 10591 1
10591 3053 1
3053 6328 1
6328 1082 1
1082 2944 1
2944 7171 1
7171 2686 1
2686 9347 1
9347 10938 1
10938 10516 1
10516 7171 1
7171 1570 1
1570 10516 1
10516 6686 1
6686 6594 1
6594 7431 1
7431 7448 1
7448 10581 1
10581 8589 1
10581 10516 1
10516 1143 1
1143 7277 1
1143 1960 1
1143 374 1
374 10853 1
10853 7409 1
7409 374 1
374 6161 1
374 2911 1
374 3133 1
3133 4107 1
4107 10461 1
10461 2012 1
10461 8735 1
8735 1582 1
1582 4107 1
1582 10461 1
8735 6082 1
6082 5649 1
6082 2793 1
2793 10638 1
2793 5649 1
2793 2012 1
2012 4107 1
4107 8906 1
4107 10158 1
10158 5453 1
5453 8095 1
8095 1381 1
1381 9490 1
9490 8285 1
8285 1837 1
1837 7359 1
7359 8961 1
8961 50 1
50 3951 1
3951 5318 1
5318 3383 1
3383 10588 1
10588 7505 1
7505 3397 1
3397 2112 1
2112 3383 1
3383 6572 1
6572 85 1
85 3301 1
3301 2281 1
2281 7663 1
7663 2505 1
2505 2571 1
2571 3957 1
3957 1681 1
1681 3397 1
3397 5318 1
5318 5969 1
5969 264 1
264 119 1
264 3397 1
3397 6398 1
6398 3986 1
3986 5182 1
5182 6220 1
6220 2749 1
2749 8412 1
8412 1288 1
1288 7438 1
7438 4096 1
4096 799 1
799 7093 1
7093 9551 1
9551 3627 1
3627 10293 1
3627 6985 1
6985 6279 1
6279 2277 1
2277 4096 1
4096 1878 1
1878 7243 1
7243 2277 1
2277 4471 1
4471 8053 1
4471 9386 1
9386 5206 1
5206 1234 1
1234 7921 1
7921 9492 1
7921 4213 1
4213 10736 1
10736 2704 1
10736 9980 1
9980 9923 1
9923 10397 1
10397 4602 1
10397 4044 1
4044 1965 1
1965 1029 1
1029 3058 1
3058 7253 1
7253 3473 1
3473 3409 1
3409 7663 1
7663 2970 1
2970 7359 1
7359 4264 1
4264 10804 1
10804 8343 1
8343 5792 1
5792 7359 1
7359 8998 1
8998 8345 1
8345 1130 1
1130 6595 1
6595 10318 1
10318 1785 1
1785 264 1
264 5439 1
5439 7064 1
7064 2734 1
2734 6505 1
6505 4199 1
4199 2880 1
2880 5161 1
5161 4661 1
4661 85 1
85 7867 1
7867 7911 1
7911 4021 1
4021 444 1
444 1375 1
1375 382 1
382 3429 1
382 7433 1
7433 10718 1
10718 11170 1
11170 10434 1
10434 6411 1
6411 6577 1
6577 2071 1
2071 2281 1
2281 6918 1
6918 3042 1
3042 4060 1
4060 5792 1
5792 606 1
606 6391 1
6391 6353 1
6353 3229 1
3229 9490 1
9490 176 1
176 10278 1
10278 2877 1
2877 2848 1
2848 2466 1
2466 3914 1
3914 7336 1
7336 1716 1
1716 1341 1
1341 1877 1
1877 6391 1
6391 10874 1
10874 6876 1
6876 6572 1
6572 357 1
357 3100 1
3100 4861 1
4861 8759 1
8759 5574 1
5574 5858 1
5858 8580 1
8580 9062 1
9062 5434 1
5434 10909 1
10909 10976 1
10976 10678 1
10678 6376 1
6376 4960 1
4960 2223 1
2223 4941 1
4941 10886 1
10886 1535 1
1535 2020 1
2020 7023 1
7023 7768 1
7768 102 1
102 6286 1
6286 4238 1
4238 3042 1
3042 5355 1
5355 4892 1
4892 3227 1
3227 10886 1
10886 3326 1
3326 8523 1
8523 5611 1
5611 8282 1
8282 9011 1
9011 8912 1
8912 9577 1
9577 8215 1
8215 8853 1
8215 4747 1
4747 10287 1
10287 3678 1
3678 4536 1
4536 6910 1
6910 3064 1
3064 3042 1
3042 8603 1
8603 10529 1
10529 1801 1
1801 8316 1
8316 1892 1
1892 3778 1
3778 4941 1
4941 2684 1
2684 5451 1
5451 10073 1
10073 7190 1
7190 3011 1
3011 7123 1
7123 2412 1
2412 3457 1
3457 7274 1
7274 4028 1
4028 9901 1
9901 2226 1
2226 2686 1
2686 5182 1
5182 7123 1
7123 1987 1
1987 667 1
667 5815 1
5815 10882 1
10882 6826 1
6826 6500 1
6500 10260 1
10260 4978 1
9044 6500 1
6500 2779 1
2779 5540 1
5540 10487 1
10487 3115 1
3115 2505 1
2505 9108 1
9108 8998 1
8998 4098 1
159 5472 1
5472 10551 1
10551 2936 1
2936 6097 1
6097 5355 1
5355 2854 1
2854 4563 1
4563 11006 1
11006 9545 1
9545 5881 1
5881 4480 1
4480 3644 1
3644 3301 1
3301 3022 1
3022 7920 1
7920 7530 1
7530 6737 1
6737 7920 1
7920 8603 1
8603 6357 1
6357 6071 1
6071 8603 1
8603 3100 1
3100 2381 1
2381 7530 1
7530 3326 1
3326 7253 1
7253 159 1
159 3914 1
3914 8374 1
8374 8719 1
8719 3042 1
3042 4477 1
4477 6019 1
6019 8802 1
8802 9931 1
9931 3096 1
3096 11089 1
11089 4590 1
4590 1681 1
1681 5442 1
5442 6139 1
6139 4060 1
4060 6770 1
6770 10723 1
10723 2272 1
2272 7371 1
7371 4298 1
4298 8781 1
7371 2447 1
2447 8719 1
8719 3993 1
3993 5709 1
5709 3479 1
3479 1716 1
1716 10091 1
10091 240 1
240 6595 1
6595 10873 1
10873 10091 1
10091 987 1
987 5971 1
5971 50 1
50 6139 1
6139 7359 1
7359 9939 1
9939 7239 1
7239 8187 1
8187 3326 1
3326 2854 1
2854 8903 1
8903 42 1
42 8099 1
8099 5569 1
5569 8882 1
8882 9427 1
9427 3301 1
3301 537 1
537 2175 1
2175 1341 1
1341 3275 1
3275 4553 1
4553 4487 1
4487 6244 1
6244 5968 1
5968 10248 1
10248 4670 1
4670 8439 1
8439 5696 1
5696 627 1
627 10235 1
627 7705 1
7705 1365 1
1365 3584 1
1365 8401 1
8401 1128 1
1128 1365 1
1365 11007 1
11007 10882 1
10882 9872 1
9872 9025 1
9025 9693 1
9693 9253 1
9693 3062 1
3062 9605 1
9605 2044 1
42 1749 1
1749 7992 1
7992 10588 1
10588 7239 1
7239 3062 1
3062 8229 1
8229 4631 1
4631 1130 1
1130 7768 1
7768 4238 1
4238 9733 1
9733 2936 1
2936 6139 1
6139 3517 1
3517 1739 1
1739 7359 1
7359 1629 1
1629 10022 1
10022 6097 1
6097 11132 1
11132 7371 1
7371 2734 1
2734 3625 1
3625 887 1
887 10140 1
10140 2877 1
2877 5458 1
5458 7876 1
7876 5819 1
5819 9011 1
9011 8987 1
8987 2381 1
2381 2272 1
2272 10792 1
10792 7091 1
7091 3523 1
3523 5053 1
5053 7159 1
7159 8716 1
8716 2958 1
2958 982 1
982 4477 1
4477 4104 1
4104 3234 1
3234 1564 1
1564 4238 1
4238 10343 1
10343 2243 1
2243 4774 1
4774 8187 1
8187 8871 1
8871 9788 1
9788 5623 1
5623 2187 1
2187 9070 1
9070 8598 1
8598 1634 1
1634 1836 1
1836 7228 1
7228 9441 1
9441 10452 1
10452 11002 1
11002 7758 1
7758 10802 1
10802 3364 1
3364 6715 1
6715 9110 1
9110 4199 1
4199 6595 1
6595 3326 1
3326 357 1
357 9165 1
9165 4464 1
4464 606 1
606 9165 1
9165 6383 1
6383 2734 1
2734 7379 1
7379 6572 1
6572 899 1
899 8802 1
8802 9170 1
9170 7359 1
7359 68 1
68 6286 1
6286 6491 1
6491 3813 1
3813 10882 1
10882 2438 1
2438 6963 1
6963 10882 1
10882 8919 1
8919 5437 1
5437 3193 1
3193 10418 1
10418 3344 1
3344 8666 1
8666 6118 1
6118 3572 1
3572 2339 1
2339 6391 1
6391 5969 1
5969 4464 1
4464 3022 1
3301 9733 1
9733 3409 1
3409 3517 1
3517 2381 1
2381 6061 1
6061 2284 1
2284 4483 1
4483 8316 1
8316 10546 1
10546 3327 1
3327 1210 1
1210 3993 1
3993 1208 1
1208 2880 1
2880 7768 1
7768 1959 1
1959 4349 1
1959 6712 1
6712 6383 1
6383 4238 1
4238 5053 1
5053 1801 1
1801 7676 1
7676 2020 1
2020 4483 1
4483 3344 1
3344 6712 1
6712 2284 1
2284 678 1
678 1959 1
1959 5569 1
5569 7511 1
7511 687 1
687 7308 1
7308 4253 1
4253 10954 1
10954 8767 1
8767 4253 1
4253 3631 1
3631 9101 1
9101 982 1
982 10287 1
10287 5819 1
5819 42 1
42 6101 1
6101 8802 1
8802 10609 1
10609 9015 1
9015 7084 1
7084 5442 1
5442 357 1
357 232 1
232 4483 1
4483 4061 1
4061 258 1
258 2975 1
2975 4474 1
4474 8343 1
8343 6918 1
6918 6286 1
6286 9934 1
9934 281 1
281 8153 1
8153 9545 1
9545 1801 1
1801 1629 1
1629 623 1
623 2395 1
2395 7977 1
7977 7494 1
7494 7945 1
7945 5161 1
5161 9545 1
9545 5374 1
5374 7359 1
7359 6595 1
6595 6019 1
6019 319 1
319 2958 1
2958 4661 1
4661 1664 1
1664 9733 1
9733 9939 1
9939 11054 1
11054 4298 1
4298 629 1
629 440 1
440 7702 1
7702 42 1
42 7047 1
7047 2354 1
2354 10158 1
10158 6708 1
6708 8903 1
8903 1837 1
1837 2354 1
7047 9490 1
9490 9356 1
9356 11163 1
11163 2532 1
2532 10123 1
10123 5374 1
5374 8229 1
8229 8316 1
8316 7911 1
7911 9180 1
9180 304 1
304 5225 1
5225 10782 1
10782 5545 1
5545 7242 1
7242 4749 1
7242 1151 1
1151 775 1
5437 5481 1
5481 9872 1
9872 346 1
346 731 1
731 7307 1
7307 8670 1
8670 3663 1
3663 319 1
319 6411 1
6411 9998 1
9998 2238 1
2238 5395 1
5395 6577 1
6577 2880 1
2880 8759 1
8759 4464 1
4464 4480 1
4480 3017 1
3017 6491 1
6491 6577 1
6577 9605 1
9605 2272 1
2272 6918 1
6918 10287 1
10287 9141 1
9141 6910 1
6910 10004 1
10004 2979 1
2979 4477 1
4477 9218 1
9218 2819 1
2819 4730 1
4730 853 1
853 8345 1
8345 2044 1
2044 8153 1
8153 1172 1
8153 6391 1
6391 4061 1
4061 2788 1
2788 5439 1
2788 4892 1
4892 8187 1
8187 899 1
8187 3100 1
3100 4774 1
4774 5318 1
5318 6572 1
6572 8565 1
8565 6863 1
6863 561 1
561 5295 1
5295 7370 1
7370 2243 1
2243 3611 1
3611 6642 1
6642 1953 1
1953 6927 1
6927 10691 1
10691 3317 1
3317 1233 1
1233 1564 1
1564 7159 1
7159 50 1
50 537 1
537 5053 1
5053 8345 1
8345 4830 1
4830 3010 1
3010 6346 1
6346 9072 1
9072 3356 1
3356 4868 1
4868 2259 1
2259 10757 1
10757 3391 1
3391 5452 1
10757 4432 1
4432 8071 1
8071 2819 1
2819 2936 1
2936 4474 1
1739 7091 1
7091 6918 1
6918 6577 1
6577 537 1
537 6770 1
6770 2958 1
2958 50 1
50 2658 1
2658 4060 1
4060 9142 1
9142 3383 1
6059 7505 1
7505 2020 1
2020 10041 1
10041 3644 1
3644 6061 1
6061 10022 1
10022 2979 1
2979 2020 1
2020 8961 1
8961 2958 1
2958 7091 1
7091 982 1
982 281 1
281 2339 1
2339 11187 1
11187 9591 1
9591 5898 1
5898 6422 1
6422 2339 1
2339 1802 1
1802 5574 1
5574 7676 1
7676 583 1
583 2238 1
2238 9577 1
9577 6525 1
6525 1535 1
1535 3993 1
3993 3344 1
3344 2058 1
2058 4960 1
4960 10073 1
10073 964 1
964 9204 1
9204 2307 1
2307 964 1
964 2691 1
2691 4149 1
4149 9165 1
9165 6061 1
6061 10726 1
10726 4892 1
4892 9141 1
9141 10266 1
10266 8335 1
8335 6033 1
6033 3637 1
3637 4843 1
4843 3945 1
3945 1130 1
1130 5503 1
5503 4871 1
4871 9223 1
9223 4278 1
4278 8935 1
8935 994 1
994 6172 1
6172 5829 1
5829 1748 1
1748 3138 1
3138 100 1
100 8072 1
8072 5829 1
5829 2413 1
2413 8957 1
8957 5409 1
5409 3988 1
3988 5659 1
5659 10563 1
5659 3121 1
3121 6172 1
3121 8957 1
8957 994 1
994 10580 1
10580 5317 1
5317 3845 1
3845 3989 1
3989 3076 1
3076 9474 1
9474 9827 1
9827 6172 1
6172 3076 1
3076 2807 1
2807 7007 1
7007 9474 1
9474 6172 1
6172 4768 1
4768 304 1
304 4021 1
4021 1375 1
1375 377 1
377 10307 1
10307 9988 1
10307 8450 1
8450 4420 1
4420 9072 1
9072 1088 1
1088 4670 1
4670 6013 1
6013 317 1
317 9169 1
9169 5441 1
5441 6491 1
5441 3017 1
3017 2880 1
2880 7867 1
7867 3218 1
3218 1944 1
1944 10263 1
10263 1557 1
1557 8927 1
8927 1934 1
1934 2674 1
2674 8611 1
8611 9216 1
8611 5680 1
5680 8106 1
8106 2555 1
2555 612 1
612 798 1
798 4887 1
4887 2732 1
2732 2465 1
2465 9496 1
2465 10429 1
10429 4004 1
4004 4679 1
4679 4697 1
4697 4887 1
4887 4465 1
4465 10429 1
10429 1811 1
1811 7356 1
7356 10429 1
10429 2295 1
2295 3997 1
2295 11042 1
2295 10008 1
10008 1057 1
1057 5741 1
5741 2314 1
2314 10806 1
10806 8664 1
8664 10556 1
10556 43 1
43 10008 1
10008 10226 1
10226 8752 1
8752 1057 1
1057 2314 1
2314 2646 1
2646 10835 1
10835 10556 1
10556 2646 1
2646 2953 1
2953 7413 1
7413 10835 1
10835 7280 1
7280 10740 1
10740 10556 1
10556 6128 1
6128 5661 1
5661 10740 1
10740 696 1
696 10835 1
10835 3468 1
3468 9368 1
9368 2882 1
2882 9195 1
9195 10008 1
10008 10556 1
10556 1057 1
1057 10226 1
10226 3824 1
3824 3153 1
3153 2882 1
2882 293 1
2882 4083 1
4083 7924 1
7924 8533 1
7924 2431 1
2431 7169 1
7169 5996 1
5996 2539 1
2539 9991 1
9991 538 1
538 4322 1
4322 9991 1
9991 4266 1
4266 10907 1
4266 3953 1
3953 309 1
3953 5696 1
5696 1426 1
1426 8028 1
8028 5696 1
5696 5337 1
5337 10235 1
10235 1826 1
1826 5696 1
5696 5058 1
5058 7314 1
7314 8432 1
8432 7088 1
7088 8534 1
8534 158 1
158 6694 1
6694 1297 1
6694 3653 1
3653 9555 1
9555 6483 1
6483 11119 1
11119 9162 1
9162 9590 1
9590 4198 1
4198 7954 1
7954 9581 1
7954 536 1
536 3284 1
3284 8520 1
8520 536 1
536 87 1
87 8707 1
8707 5994 1
5994 7543 1
7543 140 1
140 4198 1
4198 132 1
132 5462 1
132 291 1
291 6332 1
6332 3093 1
3093 4272 1
4272 2567 1
2567 3093 1
6332 8262 1
8262 291 1
291 10427 1
10427 8262 1
291 2177 1
291 8348 1
8348 2057 1
2057 1486 1
2057 2101 1
2101 3726 1
3726 6437 1
6437 10582 1
10582 9959 1
9959 1318 1
1318 9450 1
9450 7081 1
9450 9991 1
9991 8739 1
8739 9937 1
9937 3621 1
3621 809 1
809 327 1
327 10462 1
10462 6774 1
6774 4841 1
4841 10815 1
10815 1269 1
1269 9991 1
9991 1287 1
1287 809 1
809 619 1
619 5170 1
5170 8984 1
8984 809 1
809 10815 1
10815 8984 1
10815 1287 1
1287 10913 1
10913 2174 1
10913 9991 1
8739 1051 1
1051 3869 1
1051 9991 1
9991 327 1
1051 3168 1
3168 134 1
3168 9991 1
9991 619 1
619 1269 1
1269 2377 1
2377 4495 1
4495 5170 1
5170 1269 1
1269 3621 1
3621 3041 1
3041 3992 1
3992 9012 1
9012 10181 1
10181 1044 1
1044 6580 1
6580 9932 1
9932 9510 1
9510 5111 1
9510 6580 1
6580 6577 1
6577 8239 1
8239 3218 1
3218 4830 1
4830 2466 1
2466 1483 1
1483 9147 1
9147 6391 1
6391 1806 1
1806 7678 1
7678 6391 1
6391 8285 1
8285 2041 1
2041 10158 1
10158 6892 1
6892 8979 1
8979 1822 1
1822 817 1
817 5402 1
5402 5690 1
5690 2838 1
2838 9499 1
9499 8557 1
9499 5869 1
9499 1458 1
1458 9027 1
9027 9499 1
9499 3226 1
3226 9027 1
9027 1333 1
1333 9499 1
2838 859 1
2838 5402 1
9499 9192 1
9192 2838 1
5402 6026 1
6026 4132 1
6026 817 1
817 5801 1
5801 3203 1
5801 4032 1
4032 6892 1
10158 6063 1
6063 2493 1
2493 4044 1
4044 5046 1
1965 2854 1
2854 6383 1
6383 8282 1
8282 4008 1
4008 3482 1
3482 6528 1
6528 5324 1
5324 3482 1
3482 331 1
331 9387 1
9387 887 1
887 3794 1
887 6528 1
6528 10624 1
10624 414 1
414 2418 1
2418 2595 1
2595 3926 1
3926 10031 1
10031 5899 1
5899 10850 1
10850 10031 1
10031 3914 1
3914 2854 1
2854 4917 1
4917 4937 1
4937 1772 1
1772 3726 1
2057 2177 1
2177 11031 1
11031 9169 1
9169 10374 1
10374 3154 1
3154 3426 1
3426 2411 1
2411 3915 1
3915 4971 1
4971 9740 1
9740 3922 1
3922 2401 1
2401 6862 1
2401 9204 1
9204 10158 1
10158 5831 1
5831 2904 1
2904 811 1
811 1331 1
1331 9441 1
9441 9358 1
9358 1688 1
1688 4003 1
4003 4942 1
4942 4128 1
4128 3017 1
3017 11043 1
11043 594 1
594 6885 1
6885 705 1
705 6433 1
6433 594 1
594 7886 1
7886 6885 1
6885 1881 1
1881 9555 1
9555 336 1
336 7088 1
7088 11045 1
11045 7373 1
7373 9029 1
9029 11045 1
11045 8036 1
8036 10489 1
10489 10328 1
10328 11045 1
11045 1913 1
1913 10328 1
10328 8534 1
8534 1297 1
1297 2004 1
2004 3653 1
3653 176 1
176 6093 1
6093 2821 1
2821 2795 1
2795 5119 1
5119 8872 1
8872 584 1
584 4044 1
4044 10129 1
10129 10397 1
10397 2119 1
2119 240 1
240 5586 1
5586 5107 1
5107 2731 1
2731 9714 1
9714 3809 1
3809 6109 1
6109 4149 1
4149 6529 1
6529 2535 1
2535 5970 1
5970 360 1
360 1806 1
1806 6288 1
6288 3862 1
3862 7992 1
7992 9605 1
9605 8730 1
8730 7992 1
7992 1785 1
1785 2819 1
2819 5708 1
5708 8871 1
8871 8523 1
8523 5970 1
5970 5817 1
5817 2768 1
2768 1193 1
2768 6470 1
6470 7128 1
7128 1270 1
6470 2298 1
2298 7483 1
7483 7779 1
7779 33 1
33 8007 1
8007 11078 1
11078 5968 1
5968 6704 1
6704 1403 1
1403 4221 1
4208 918 1
918 8542 1
8542 4066 1
4066 10106 1
10106 8406 1
8406 10199 1
10199 9482 1
9482 4040 1
4040 2851 1
2851 9011 1
9011 3317 1
3317 10041 1
10041 5792 1
5792 2734 1
2734 7505 1
7505 2121 1
2121 2272 1
2272 10777 1
10777 180 1
180 3064 1
3064 6935 1
6935 767 1
767 8401 1
8401 10158 1
10158 2401 1
2401 7479 1
7479 5824 1
5824 9740 1
9740 8782 1
8782 10809 1
10809 11068 1
11068 10143 1
10143 9319 1
9319 6846 1
6846 1948 1
1948 9319 1
10143 5669 1
5669 5097 1
5097 3898 1
3898 4452 1
4452 761 1
761 10126 1
10126 7971 1
7971 10921 1
10921 761 1
761 7270 1
7270 1659 1
1659 1201 1
1201 3770 1
3770 1659 1
1659 8891 1
8891 6504 1
6504 4255 1
4255 11054 1
11054 982 1
982 3754 1
3754 6196 1
6196 2226 1
2226 8959 1
8959 982 1
982 3574 1
3574 437 1
437 5395 1
5395 8229 1
8229 5442 1
5442 6894 1
6894 7159 1
7159 4462 1
4462 1829 1
1829 11167 1
11167 5501 1
5501 9397 1
9397 8229 1
8229 2734 1
2734 7695 1
7695 2819 1
2819 9147 1
9147 10807 1
10807 3678 1
3678 7379 1
7379 2020 1
2020 437 1
437 10551 1
10551 4766 1
4766 4563 1
4563 9870 1
9870 8374 1
8374 9733 1
9733 758 1
758 10397 1
10397 2284 1
2284 4661 1
4661 9011 1
9011 8079 1
8079 7530 1
7530 7945 1
7945 3197 1
3197 8523 1
8523 7530 1
7530 85 1
85 629 1
629 756 1
756 8345 1
8345 4199 1
4199 1328 1
1328 5593 1
5593 6058 1
6058 1210 1
1210 11087 1
11087 4531 1
4531 3115 1
3115 6288 1
6288 5593 1
5593 10588 1
10588 3813 1
3813 9142 1
9142 6391 1
6391 10600 1
10600 3017 1
3017 2595 1
2595 1341 1
1341 10278 1
10278 3926 1
3926 4942 1
4942 3602 1
3602 5740 1
5740 527 1
527 2267 1
2267 504 1
738 9045 1
9045 8040 1
8040 9034 1
9034 2302 1
2302 891 1
891 9045 1
8040 9654 1
9654 5698 1
5698 5086 1
5086 5873 1
5873 453 1
453 9264 1
9264 7681 1
7681 4519 1
4519 9264 1
9264 3326 1
3326 7359 1
7359 8935 1
8935 8319 1
8319 2854 1
2854 4941 1
4941 6918 1
6918 3778 1
3778 3788 1
3788 3064 1
3064 4877 1
4877 4264 1
4264 3772 1
3772 11132 1
11132 4061 1
4061 4954 1
4954 4480 1
4480 7359 1
7359 6288 1
1806 2842 1
2842 2819 1
2819 6712 1
6712 3383 1
3383 1564 1
1564 1132 1
1132 4776 1
4776 9899 1
9899 5831 1
6111 1726 1
1726 4044 1
4044 9441 1
9358 2821 1
2821 1248 1
1248 5637 1
5637 7432 1
7432 10143 1
10143 2058 1
2058 9731 1
2058 5244 1
5244 5451 1
5451 2950 1
2950 3011 1
3011 6970 1
6970 3130 1
3130 4230 1
4230 4941 1
4941 7064 1
7064 3042 1
3042 258 1
258 5053 1
5053 3064 1
3064 281 1
281 718 1
718 7845 1
7845 2791 1
2791 7977 1
7977 3463 1
3463 2243 1
2243 7457 1
7457 7977 1
7977 3039 1
3039 3326 1
3326 9473 1
9473 9141 1
9141 4610 1
4610 4008 1
4008 11187 1
11187 6505 1
6505 2275 1
2275 887 1
887 4747 1
4747 1802 1
1802 8215 1
8215 3956 1
3956 3996 1
3996 4066 1
8542 7876 1
7876 8095 1
8095 4278 1
4278 5458 1
5458 9441 1
9441 5119 1
5119 359 1
359 9441 1
9441 1904 1
1904 2921 1
2921 2188 1
2188 6111 1
6111 2926 1
2926 4919 1
4919 9796 1
9796 2691 1
2691 1097 1
2691 9761 1
9761 2301 1
2301 6192 1
6192 2926 1
2926 2198 1
2198 8146 1
8146 10849 1
10849 2864 1
2864 8872 1
8872 3699 1
3699 5978 1
5978 10087 1
10087 2932 1
2932 3011 1
3011 6689 1
6689 2223 1
6689 10757 1
10757 1467 1
1467 5162 1
5162 3205 1
3205 10757 1
6689 2117 1
2117 2331 1
2331 6824 1
2331 8460 1
2331 6689 1
6689 6821 1
6821 8078 1
8078 2760 1
2760 4648 1
4648 5906 1
5906 8871 1
8871 2381 1
2381 5355 1
5355 3993 1
6894 319 1
319 941 1
941 437 1
437 6059 1
6059 4115 1
4115 3517 1
3517 437 1
437 9605 1
9605 4774 1
4774 7359 1
7359 414 1
414 9161 1
414 8020 1
8020 10551 1
10551 629 1
629 42 1
42 7228 1
7228 9358 1
9358 9502 1
9502 2877 1
2877 3062 1
3062 5158 1
5158 5226 1
5226 2136 1
2136 9797 1
9797 6889 1
6889 1312 1
1312 3663 1
3663 9797 1
9797 6253 1
6253 124 1
124 2558 1
2558 11085 1
11085 6889 1
1312 9221 1
9221 3663 1
3663 5737 1
5737 541 1
541 4180 1
4180 3674 1
3674 6943 1
6943 10759 1
10759 10882 1
10882 3611 1
3611 1674 1
1674 1026 1
1026 4008 1
4008 3794 1
4008 10624 1
10624 11187 1
11187 4298 1
4298 5355 1
5355 3326 1
3326 4238 1
4238 10007 1
10007 10158 1
10158 2662 1
2662 2227 1
2227 10976 1
10976 6565 1
6565 7159 1
7159 9473 1
9473 9165 1
9165 1959 1
1959 7484 1
7484 8871 1
8871 9400 1
9400 7359 1
7359 10020 1
10020 8054 1
8054 2535 1
2535 8565 1
8565 3062 1
3062 6407 1
6407 10882 1
10882 10551 1
10551 3062 1
3062 3042 1
3042 6099 1
6099 2527 1
2527 2209 1
2209 6328 1
6328 2848 1
2848 10149 1
10149 2175 1
2175 4480 1
4480 3227 1
3227 8736 1
8736 6391 1
6391 10654 1
10654 1688 1
1688 5458 1
5458 9356 1
9356 2842 1
2842 882 1
882 281 1
281 9165 1
9165 1535 1
1535 8374 1
8374 678 1
678 3778 1
3778 1535 1
1535 9373 1
9373 7582 1
