11046 6544 1
6544 1677 1
1677 5010 1
5010 1474 1
1474 10382 1
5010 2762 1
2762 3747 1
3747 1987 1
1987 411 1
411 6821 1
6821 2831 1
2831 4142 1
4142 1152 1
1152 6936 1
6936 5469 1
5469 10073 1
10073 1406 1
1406 6970 1
6970 9405 1
9405 4960 1
4960 4027 1
4027 2078 1
2078 9823 1
9823 6803 1
6803 2932 1
2932 2260 1
2260 9071 1
9071 10397 1
10397 8316 1
8316 360 1
360 4135 1
4135 7494 1
7494 9132 1
9132 7223 1
7223 8327 1
8327 9753 1
9753 7870 1
9753 8721 1
9753 695 1
695 7494 1
7494 2130 1
2130 5113 1
5113 4338 1
4338 7373 1
7373 10604 1
10604 2703 1
2703 2945 1
2945 5748 1
5748 4371 1
4371 4338 1
4338 3649 1
3649 9224 1
9224 1881 1
1881 10527 1
10527 10021 1
10021 5420 1
5420 9099 1
9099 7650 1
7650 10449 1
10449 3598 1
3598 4416 1
4416 1110 1
1110 3542 1
3542 9447 1
3542 9376 1
9376 8880 1
8880 3542 1
3542 2242 1
2242 4331 1
4331 6984 1
6984 5682 1
5682 11004 1
11004 7583 1
11004 1146 1
1146 8108 1
8108 6379 1
6379 6206 1
6206 6421 1
6421 8632 1
8632 7256 1
7256 6825 1
6825 5360 1
5360 10372 1
10372 6908 1
6908 8621 1
6908 1 1
1 6391 1
6391 6894 1
6894 7945 1
7945 10113 1
7945 7695 1
7695 11054 1
11054 5335 1
5335 10163 1
10163 4345 1
4345 6329 1
6329 9605 1
9605 6834 1
6834 6529 1
6529 4018 1
4018 1210 1
1210 11129 1
11129 9602 1
9602 6459 1
6459 6491 1
6491 9733 1
9733 2402 1
2402 6099 1
6099 10022 1
10022 1130 1
1130 8719 1
8719 2272 1
2272 3517 1
3517 8998 1
8998 6737 1
6737 6549 1
6549 2284 1
2284 10726 1
10726 678 1
678 3778 1
3778 1629 1
1629 7484 1
7484 6099 1
6099 10267 1
10267 3414 1
3414 8014 1
8014 4067 1
4067 9658 1
9658 5261 1
5261 8999 1
8999 1372 1
1372 5943 1
5943 4257 1
4257 1119 1
1119 1673 1
1673 3551 1
3551 1298 1
1298 946 1
946 492 1
492 9658 1
9658 1372 1
1372 10443 1
10443 6795 1
6795 10297 1
6795 7977 1
7977 2289 1
2289 3327 1
3327 1629 1
1629 1681 1
1681 2381 1
2381 7484 1
7484 5355 1
5355 7768 1
7768 4297 1
4297 4357 1
4357 941 1
941 9427 1
9427 8343 1
8343 1801 1
1801 6061 1
6061 4061 1
4061 4357 1
4357 5611 1
5611 6097 1
6097 1233 1
1233 1130 1
1130 3517 1
3517 10588 1
10588 3386 1
3386 6712 1
6712 10041 1
10041 7484 1
7484 3574 1
3574 6935 1
6935 4298 1
4298 437 1
437 2819 1
2819 6935 1
6935 9131 1
9131 675 1
675 2545 1
2545 8277 1
8277 10062 1
10062 3699 1
3699 1331 1
1331 6770 1
6770 8802 1
8802 8187 1
8187 758 1
758 3914 1
3914 1959 1
1959 7023 1
7023 4357 1
4357 583 1
583 1535 1
1535 232 1
232 2936 1
2936 1801 1
1801 4115 1
4115 8343 1
8343 6549 1
6549 4008 1
4008 887 1
887 2970 1
2970 4629 1
4629 4379 1
4379 9733 1
9733 1564 1
1564 9523 1
9523 3383 1
3383 3022 1
3022 6383 1
6383 319 1
319 4941 1
4941 7546 1
7546 10809 1
10809 2760 1
2760 4818 1
4818 8827 1
8827 5524 1
5524 6376 1
6376 3722 1
3722 4885 1
4885 4980 1
4980 3722 1
3722 6254 1
3722 2361 1
2361 4145 1
4145 3303 1
3303 7429 1
7429 7192 1
7192 5471 1
5471 6984 1
4331 10862 1
10862 9407 1
9407 1350 1
1350 8571 1
8571 3079 1
3079 3598 1
3598 850 1
850 6205 1
6205 8571 1
8571 8315 1
8315 2279 1
2279 2107 1
2107 3591 1
3591 9376 1
9376 3292 1
3292 8154 1
8154 5807 1
5807 2145 1
2145 8108 1
2145 8921 1
8921 2028 1
2028 3289 1
3289 2145 1
2145 10729 1
10729 14 1
14 3600 1
3600 8921 1
8921 10729 1
10729 2028 1
2028 10306 1
10306 8524 1
8524 8718 1
8718 2923 1
2923 10212 1
10212 5248 1
5248 6346 1
6346 7214 1
7214 10016 1
10016 10155 1
10155 1766 1
1766 3748 1
3748 1986 1
1986 649 1
649 8765 1
8765 8197 1
8197 1326 1
1326 582 1
582 4397 1
4397 649 1
649 4853 1
4853 1368 1
1368 1066 1
1066 3822 1
3822 582 1
582 7163 1
7163 1986 1
1986 1096 1
1096 2867 1
2867 10985 1
10985 5360 1
5360 6293 1
6293 5387 1
5387 8858 1
8858 5080 1
5080 9328 1
9328 9163 1
9163 2211 1
2211 3829 1
3829 380 1
380 8209 1
8209 8082 1
8082 8967 1
8967 3968 1
3968 8172 1
8172 8967 1
8967 2625 1
2625 2799 1
2799 5207 1
2625 6360 1
6360 9392 1
9392 7412 1
7412 3734 1
3734 8958 1
8958 10693 1
10693 8822 1
10693 3070 1
3070 9846 1
9846 10693 1
10693 773 1
773 5491 1
5491 448 1
448 209 1
209 2236 1
2236 3943 1
3943 4817 1
4817 8256 1
8256 8741 1
8741 6559 1
6559 6997 1
6997 8097 1
6997 11187 1
11187 3977 1
3977 5324 1
5324 6043 1
6043 6505 1
6505 3794 1
3794 896 1
896 331 1
331 3625 1
3625 4008 1
4008 2798 1
2798 331 1
896 4115 1
4115 9011 1
9011 2958 1
2958 5442 1
5442 10434 1
10434 11060 1
11060 8233 1
8233 5161 1
5161 10804 1
10804 2958 1
2958 3772 1
3772 10022 1
10022 2461 1
2461 5906 1
5906 4019 1
4019 1152 1
1152 5668 1
5668 2223 1
2223 6803 1
6803 4142 1
4142 2950 1
2950 3092 1
3092 6970 1
6970 3011 1
6970 5637 1
5637 7719 1
7719 10073 1
10073 2223 1
2223 1152 1
1152 2367 1
2367 95 1
95 122 1
122 1152 1
1152 10591 1
10591 9118 1
9118 4196 1
4196 8239 1
8239 980 1
980 4115 1
4115 6097 1
6097 10041 1
10041 4238 1
4238 7031 1
7031 3326 1
3326 2281 1
2281 8274 1
8274 10004 1
10004 3574 1
3574 6239 1
6239 6101 1
6101 3951 1
3951 6329 1
6329 4606 1
4606 9605 1
9605 3778 1
3778 2658 1
2658 1564 1
1564 2402 1
2402 9473 1
9473 1664 1
1664 6059 1
6059 4061 1
4061 2447 1
2447 8282 1
8282 8572 1
8572 5574 1
5574 9011 1
9011 6446 1
6446 731 1
731 2100 1
2100 3300 1
3300 6576 1
6576 10329 1
10329 1250 1
1250 2686 1
2686 10654 1
10654 2846 1
2846 7400 1
7400 3409 1
3409 4379 1
4379 3326 1
3326 8099 1
8099 3300 1
3300 4510 1
4510 1586 1
1586 5763 1
5763 7784 1
7784 8773 1
8773 8212 1
8212 5561 1
8212 1084 1
1084 1510 1
1510 4195 1
4195 374 1
374 9449 1
9449 5989 1
5989 7198 1
7198 208 1
208 2715 1
2715 7530 1
7530 3957 1
3957 180 1
180 2979 1
2979 264 1
264 678 1
678 8374 1
8374 4382 1
4382 7663 1
7663 3386 1
3386 1412 1
1412 3574 1
3574 2936 1
2936 9142 1
9142 2284 1
2284 3062 1
3062 11132 1
11132 7239 1
7239 6194 1
6194 2262 1
2262 9278 1
9278 2281 1
2281 3301 1
3301 8233 1
8233 3523 1
3523 8274 1
8274 1892 1
1892 7371 1
7371 8229 1
8229 10102 1
8229 9073 1
9073 7558 1
7558 9915 1
7558 2533 1
2533 237 1
237 8229 1
8229 4766 1
4766 5318 1
5318 4892 1
4892 2975 1
2975 5161 1
5161 6383 1
6383 2527 1
2527 624 1
624 2209 1
2209 3993 1
3993 6288 1
6288 5974 1
5974 4474 1
4474 4861 1
4861 10792 1
10792 3772 1
3772 9011 1
9011 4199 1
4199 3115 1
3115 10020 1
10020 9602 1
9602 7359 1
7359 4892 1
4892 10287 1
10287 2112 1
2112 4954 1
4954 6391 1
6391 6329 1
6329 4349 1
4349 3362 1
3362 10434 1
10434 319 1
319 8998 1
8998 3100 1
3100 4480 1
4480 5355 1
5355 5439 1
5439 8998 1
8998 1716 1
1716 10691 1
10691 8079 1
8079 10235 1
10235 10318 1
10318 5597 1
5597 4661 1
4661 8345 1
8345 9278 1
9278 7239 1
7239 2262 1
2262 542 1
542 5439 1
5439 3100 1
3100 5792 1
5792 9146 1
9146 8716 1
8716 2243 1
2243 6059 1
6059 7239 1
7239 5439 1
5439 3042 1
3042 4061 1
4061 1681 1
1681 982 1
982 8401 1
8401 5251 1
5251 7215 1
7215 9887 1
9887 7120 1
7120 2846 1
2846 7705 1
7705 543 1
543 6561 1
6561 8009 1
8009 3522 1
3522 10491 1
10491 7364 1
7364 3409 1
3409 3772 1
3772 5597 1
5597 7064 1
7064 6353 1
6353 7359 1
7359 8719 1
8719 6722 1
6722 10434 1
10434 3574 1
3574 7768 1
7768 2734 1
2734 3317 1
3317 8395 1
8395 7359 1
7359 4474 1
4474 4115 1
4115 4000 1
4000 7023 1
7023 2854 1
2854 5847 1
5847 10062 1
10062 359 1
359 4073 1
4073 3699 1
3699 8911 1
8911 9899 1
9899 8432 1
8432 7299 1
7299 6490 1
6490 9044 1
9044 10725 1
10725 5044 1
10725 2307 1
2307 6376 1
6376 2691 1
2691 5244 1
5244 1504 1
1504 9071 1
9071 6631 1
6631 6735 1
6735 6231 1
6231 7367 1
7367 6631 1
6631 3767 1
3767 7367 1
7367 7098 1
7098 2819 1
2819 10539 1
10539 10091 1
10091 6383 1
6383 3523 1
3523 11006 1
11006 10777 1
10777 8316 1
8316 3326 1
3326 9141 1
9141 9110 1
9110 4873 1
4873 10882 1
