1984 11177 1
11177 3200 1
11177 6379 1
6379 10973 1
10973 6811 1
10973 3165 1
3165 9129 1
9129 1886 1
1886 6765 1
1886 3165 1
3165 3824 1
3824 4701 1
4701 8204 1
8204 6707 1
6707 3153 1
3153 9368 1
9368 5771 1
5771 5890 1
5890 9383 1
9383 8852 1
8852 1330 1
1330 7978 1
7978 8841 1
8841 10294 1
10294 3128 1
10294 9319 1
9319 8151 1
8151 7392 1
8151 7748 1
7748 9442 1
9442 6176 1
6176 2498 1
2498 4831 1
4831 7637 1
7637 10840 1
10840 10819 1
10819 93 1
93 7996 1
7996 6489 1
6489 2790 1
2790 3652 1
3652 9625 1
9625 790 1
790 235 1
235 1660 1
1660 11161 1
11161 6703 1
6703 3652 1
3652 2899 1
3652 790 1
790 5061 1
5061 9625 1
9625 531 1
531 2505 1
2505 8546 1
8546 3844 1
3844 4104 1
4104 8374 1
8374 4861 1
4861 2505 1
2505 9788 1
9788 16 1
16 8160 1
8160 865 1
865 1479 1
865 7596 1
7596 8073 1
8073 10732 1
8073 10418 1
10418 2877 1
2877 7193 1
7193 7047 1
7047 5453 1
5453 7193 1
7193 3229 1
3229 6708 1
6708 11163 1
11163 9356 1
9356 3373 1
3373 8401 1
8401 8987 1
8987 756 1
756 4477 1
4477 4357 1
4357 2505 1
2505 4892 1
4892 3678 1
3678 505 1
505 3309 1
3309 421 1
421 8239 1
8239 8734 1
8734 5395 1
5395 248 1
5395 10318 1
10318 756 1
756 10726 1
10726 3344 1
3344 10912 1
10912 3813 1
3813 1564 1
1564 4480 1
4480 6459 1
6459 10886 1
10886 258 1
258 232 1
232 4297 1
4297 1681 1
1681 6712 1
6712 232 1
232 483 1
483 3062 1
3062 4060 1
3062 8716 1
8716 3517 1
3517 264 1
264 8187 1
8187 2071 1
2071 50 1
50 1629 1
1629 4474 1
4474 4766 1
4766 2381 1
2381 4861 1
4861 941 1
941 2958 1
2958 3100 1
3100 258 1
258 6286 1
6286 483 1
483 4061 1
4061 3644 1
3644 10041 1
10041 1739 1
1739 8961 1
8961 7159 1
7159 3794 1
3794 5898 1
5898 4801 1
4801 9018 1
9018 2890 1
2890 8282 1
8282 7663 1
7663 5792 1
5792 4861 1
4861 8736 1
8736 2044 1
2044 3788 1
3788 2854 1
2854 7359 1
7359 478 1
478 2970 1
2970 606 1
606 6286 1
6286 5906 1
5906 3092 1
3092 7367 1
7367 10977 1
10977 8996 1
8996 7098 1
7098 6327 1
6327 10031 1
10031 5443 1
5443 8079 1
8079 3999 1
3999 7359 1
7359 4308 1
4308 7047 1
7047 3317 1
3317 5978 1
5978 2198 1
2198 397 1
397 3181 1
3181 2545 1
2545 2864 1
2864 2795 1
2795 10989 1
10989 7755 1
7755 9441 1
9441 2344 1
2344 11163 1
11163 8516 1
8516 9223 1
9223 3317 1
3317 1629 1
1629 3344 1
1629 3062 1
3062 4483 1
4483 4892 1
3678 2284 1
2284 2281 1
2281 3858 1
3858 10869 1
10869 2639 1
2639 9104 1
9104 1096 1
1096 1818 1
1818 1986 1
1986 9148 1
9148 7787 1
7787 3748 1
3748 1986 1
1986 3026 1
3026 4853 1
4853 2073 1
2073 1818 1
1818 5723 1
5723 1096 1
1096 4978 1
4978 317 1
317 1103 1
1103 1692 1
1692 4390 1
4390 6470 1
6470 1088 1
1088 4653 1
4653 585 1
585 1588 1
1588 9990 1
1588 10319 1
10319 10976 1
10976 8461 1
10976 7910 1
7910 3908 1
3908 7159 1
7159 10041 1
10041 2121 1
2121 3644 1
3644 6572 1
6572 818 1
818 3957 1
3957 7371 1
7371 3100 1
3100 8755 1
8755 2658 1
2658 3397 1
3397 6653 1
6653 1944 1
1944 3392 1
3392 2343 1
2343 8998 1
8998 2535 1
2535 7400 1
7400 10318 1
10318 8719 1
8719 1801 1
1801 6525 1
6525 2658 1
2658 7484 1
7484 6525 1
6525 497 1
497 8961 1
8961 2658 1
2658 8506 1
8506 7505 1
7505 5969 1
5969 9577 1
9577 8998 1
8998 629 1
629 3227 1
3227 232 1
232 4060 1
4060 2958 1
2958 85 1
85 2243 1
2243 8274 1
8274 5241 1
5241 6125 1
6125 9272 1
9272 6153 1
9272 884 1
884 6153 1
6153 4977 1
4977 160 1
160 9272 1
9272 5133 1
5133 8338 1
8338 10290 1
10290 6404 1
10290 8457 1
8457 2581 1
8457 1779 1
8457 6503 1
8457 923 1
923 1129 1
1129 1703 1
1703 4347 1
4347 1671 1
1671 10512 1
10512 1681 1
1681 9146 1
9146 8153 1
8153 9939 1
9939 1629 1
1629 4861 1
4861 11054 1
11054 8998 1
8998 3317 1
3317 6019 1
6019 3914 1
3914 5574 1
5574 9591 1
9591 5898 1
5898 887 1
887 3073 1
887 2884 1
887 1153 1
1153 4684 1
4684 8395 1
8395 7020 1
7020 8286 1
8286 4947 1
4947 6328 1
6328 10539 1
10539 1716 1
1716 3999 1
3999 7253 1
7253 2979 1
2979 5016 1
5016 8239 1
8239 8174 1
8174 1412 1
1412 9600 1
9600 1286 1
1286 2170 1
2170 3637 1
3637 3483 1
3483 2170 1
2170 5537 1
5537 4008 1
4008 8572 1
8572 414 1
414 6286 1
6286 2788 1
2788 8343 1
8343 2505 1
2505 4298 1
4298 1522 1
1522 2231 1
2231 4298 1
4298 2243 1
2243 8229 1
8229 7239 1
7239 5503 1
5503 941 1
941 8871 1
8871 5708 1
5708 9110 1
9110 9600 1
9600 1730 1
1730 10612 1
10612 4039 1
4039 10649 1
10649 8316 1
8316 4199 1
4199 9033 1
9033 1629 1
1629 3957 1
3957 1801 1
1801 6019 1
6019 818 1
818 7239 1
7239 1130 1
1130 2936 1
2936 5161 1
5161 50 1
50 8565 1
8565 2791 1
2791 8330 1
8330 7676 1
7676 8802 1
8802 3042 1
3042 4298 1
4298 9110 1
9110 1233 1
1233 2044 1
2044 5355 1
5355 4477 1
4477 3397 1
3397 6383 1
6383 3234 1
3234 982 1
982 8987 1
8987 8506 1
8506 606 1
606 5472 1
5472 3364 1
3364 9934 1
9934 11093 1
11093 8660 1
11093 2192 1
2192 5597 1
5597 3397 1
3397 3383 1
3383 2272 1
2272 3326 1
3326 6059 1
6059 2044 1
2044 3386 1
3386 1535 1
1535 8385 1
8385 9427 1
9427 4119 1
4119 5969 1
5969 8603 1
8603 7695 1
7695 5395 1
5395 10004 1
10004 7768 1
7768 2880 1
2880 7695 1
7695 2658 1
2658 5792 1
5792 5439 1
5439 4747 1
4747 3625 1
4747 3100 1
3100 4477 1
4477 2044 1
2044 10726 1
10726 3788 1
3788 3100 1
3100 8882 1
8882 4606 1
4606 7211 1
7211 1535 1
1535 4941 1
4941 6443 1
6443 161 1
161 2260 1
2260 7123 1
7123 1152 1
1152 4196 1
4196 9275 1
9275 6196 1
6196 2187 1
2187 5623 1
5623 9662 1
9662 5978 1
5978 233 1
233 1210 1
1210 3463 1
3463 2289 1
2289 5974 1
5974 3409 1
3409 758 1
758 1059 1
1059 7530 1
7530 4087 1
4087 3317 1
3317 7074 1
7074 10551 1
10551 4238 1
4238 3022 1
3022 9108 1
9108 4199 1
4199 7524 1
7524 6505 1
6505 2734 1
2734 2044 1
2044 3813 1
3813 6923 1
6923 1739 1
1739 5241 1
5241 3813 1
3813 5046 1
3813 818 1
818 4483 1
4483 5442 1
5442 1412 1
1412 3317 1
3317 9356 1
9356 8079 1
8079 7253 1
7253 8020 1
8020 606 1
606 7017 1
7017 2041 1
2041 10886 1
10886 6894 1
6894 8274 1
8274 8153 1
8153 8565 1
8565 4464 1
4464 10318 1
10318 2880 1
2880 5616 1
5616 1806 1
1806 4135 1
4135 11132 1
11132 10551 1
10551 6894 1
6894 8716 1
8716 10318 1
10318 4298 1
4298 3993 1
3993 4060 1
4060 5964 1
5964 5442 1
5442 3569 1
3569 8345 1
8345 3730 1
3730 3392 1
3392 9422 1
9422 1363 1
1363 661 1
661 7922 1
7922 5116 1
5116 2095 1
5116 6445 1
7922 2024 1
7922 6792 1
6792 3730 1
3392 4454 1
4454 11108 1
4454 9286 1
9286 9072 1
9072 3397 1
3397 3788 1
3788 4298 1
4298 818 1
4298 7467 1
4298 9018 1
9018 2339 1
2339 6923 1
6923 6770 1
6770 437 1
437 5395 1
5395 2946 1
2946 5318 1
5318 8736 1
8736 2970 1
2970 11006 1
11006 4480 1
4480 8736 1
8736 5491 1
5491 258 1
258 10343 1
10343 3957 1
3957 6737 1
6737 2957 1
2957 4480 1
4480 10231 1
10231 2077 1
2077 11129 1
11129 2791 1
2791 3164 1
3164 2505 1
2505 7505 1
7505 10123 1
10123 4474 1
4474 606 1
606 7379 1
7379 11132 1
11132 9577 1
9577 3945 1
3945 7945 1
7945 7153 1
7153 7313 1
7313 5708 1
5708 1059 1
1059 2339 1
2339 1204 1
1204 6737 1
6737 3100 1
3100 2020 1
2020 5053 1
5053 10004 1
10004 9011 1
9011 9131 1
9131 972 1
972 7758 1
7758 3813 1
3813 3517 1
3517 7695 1
7695 2281 1
2281 10792 1
10792 1664 1
1664 6099 1
6099 3572 1
3572 2114 1
2114 2821 1
2821 2877 1
2877 10964 1
10964 7845 1
7845 4730 1
4730 1132 1
1132 976 1
976 6328 1
6328 2209 1
2209 7177 1
7177 9594 1
9594 2209 1
2209 3489 1
3489 9275 1
9275 5443 1
5443 10873 1
10873 2819 1
2819 4061 1
4061 606 1
606 6563 1
6563 2880 1
2880 3772 1
3772 11132 1
11132 8229 1
8229 5798 1
5798 7867 1
7867 4060 1
4060 3022 1
3022 2447 1
2447 1535 1
1535 8759 1
8759 296 1
296 8071 1
8071 8358 1
8071 3914 1
3914 9732 1
9732 10235 1
10235 2872 1
10235 6052 1
6052 3510 1
3510 6408 1
6408 7275 1
7275 1802 1
1802 3844 1
3844 7845 1
7845 414 1
414 4709 1
4709 3409 1
3409 7370 1
7370 7400 1
7400 360 1
360 5534 1
5534 2819 1
2819 3926 1
3926 7845 1
7845 2960 1
2960 5204 1
5204 5534 1
2960 8269 1
8269 3844 1
3844 7968 1
7968 8580 1
8580 1211 1
1211 10909 1
10909 7968 1
7968 9397 1
9397 2664 1
2664 5574 1
5574 944 1
944 7159 1
7159 1959 1
1959 6526 1
6526 6876 1
6876 7582 1
7582 2071 1
2071 6722 1
6722 9605 1
9605 3409 1
3409 8020 1
8020 159 1
159 8079 1
8079 42 1
42 9044 1
9044 10725 1
10725 4987 1
4987 9272 1
4987 2718 1
2718 2369 1
2369 9069 1
9069 5260 1
5260 6131 1
6131 9454 1
9454 3062 1
3062 281 1
281 2238 1
2238 5395 1
5395 5318 1
5318 537 1
537 10807 1
10807 8998 1
8998 9733 1
9733 7064 1
7064 6097 1
6097 1336 1
1336 9400 1
9400 4766 1
4766 2071 1
2071 5964 1
5964 8802 1
8802 8565 1
8565 2192 1
2192 3772 1
3772 5374 1
5374 629 1
629 6391 1
6391 4877 1
4877 2238 1
2238 10792 1
10792 6525 1
6525 756 1
756 7064 1
7064 1564 1
1564 2979 1
2979 7530 1
7530 2162 1
2162 1229 1
1229 2877 1
2877 4196 1
4196 8883 1
8883 10031 1
10031 10394 1
10394 4947 1
4947 1082 1
1082 4842 1
4842 5868 1
5868 5724 1
5724 7123 1
7123 1541 1
1541 2223 1
2223 5244 1
5244 4019 1
4019 4757 1
4757 10143 1
10143 9405 1
9405 5496 1
5496 4960 1
4960 9446 1
9446 5244 1
5244 2684 1
2684 8078 1
8078 8543 1
8543 4230 1
4230 10979 1
10979 10251 1
10251 4230 1
4230 8078 1
8078 3288 1
3288 4960 1
4960 6197 1
6197 6689 1
6689 9731 1
9731 7432 1
7432 2260 1
2260 1097 1
1097 3288 1
3288 1406 1
1406 6109 1
6109 7546 1
7546 5117 1
5117 8543 1
8543 3344 1
3344 1634 1
1634 9011 1
9011 7768 1
7768 758 1
7768 10588 1
10588 2381 1
2381 2734 1
2734 4774 1
4774 437 1
437 1233 1
1233 2979 1
2979 10804 1
10804 3813 1
6923 3386 1
3386 11054 1
11054 2382 1
2382 761 1
761 7971 1
7971 5039 1
5039 6110 1
6110 761 1
761 7991 1
7991 7270 1
7270 10921 1
10921 5097 1
5097 8182 1
8182 3826 1
5097 4943 1
4943 8064 1
8064 2382 1
2382 4345 1
4345 4513 1
4513 641 1
641 3447 1
3447 292 1
292 5335 1
5335 6367 1
6367 5190 1
5190 4943 1
4943 3314 1
3314 11054 1
2382 10371 1
10371 1061 1
1061 2606 1
2606 8891 1
8891 4682 1
4682 6056 1
6056 641 1
641 10163 1
10163 8064 1
8064 7270 1
7270 6056 1
6056 3314 1
3314 8011 1
8011 4682 1
4682 6248 1
6248 7991 1
7991 8064 1
8064 4513 1
4513 10163 1
4513 870 1
870 292 1
292 4513 1
4513 5097 1
5097 6056 1
6056 562 1
562 4345 1
4345 9802 1
9802 10364 1
10364 4452 1
4452 7528 1
7528 4965 1
4965 4849 1
4849 7971 1
7971 4452 1
4452 6110 1
6110 5097 1
5097 7991 1
7991 10211 1
10211 10163 1
10163 8916 1
8916 9802 1
9802 6504 1
6504 11054 1
11054 1801 1
1801 8802 1
8802 3100 1
7371 3022 1
3022 1681 1
1681 2238 1
2238 6723 1
6723 9015 1
9015 4606 1
4606 5569 1
5569 9457 1
9457 4253 1
4253 687 1
687 4942 1
4942 853 1
853 4543 1
4543 6224 1
6224 1250 1
1250 4727 1
4727 1780 1
1780 7885 1
7885 5319 1
5319 800 1
800 5681 1
5681 4146 1
4146 1755 1
1755 10860 1
10860 4926 1
10860 7838 1
7838 2756 1
2756 3598 1
3598 2242 1
2242 1350 1
1350 3261 1
3261 4416 1
4416 8880 1
8880 840 1
840 6205 1
6205 9447 1
9447 4537 1
4537 9407 1
9407 5346 1
5346 9447 1
9447 8315 1
8315 3079 1
3079 2279 1
2279 8880 1
8880 5982 1
5982 1384 1
1384 850 1
1384 8571 1
8571 3542 1
3542 2987 1
2987 2985 1
2985 8004 1
8004 1234 1
1234 4422 1
4422 5206 1
5206 5350 1
5350 10683 1
10683 8337 1
5350 10122 1
10122 10227 1
10227 5350 1
5206 8586 1
4422 8477 1
8477 9013 1
9013 8437 1
9013 3753 1
3753 8785 1
8785 4297 1
4297 1233 1
1233 7379 1
7379 10886 1
10886 3523 1
3523 4766 1
4766 5161 1
5161 5439 1
5439 4474 1
4474 2192 1
2192 537 1
537 1806 1
1806 6529 1
6529 2363 1
2363 8871 1
8871 7494 1
7494 623 1
623 5974 1
5974 8100 1
8100 9136 1
9136 2192 1
2192 2238 1
2238 6918 1
6918 9427 1
9427 5442 1
5442 4104 1
4104 180 1
180 2819 1
2819 11132 1
11132 9296 1
9296 2243 1
2243 11132 1
11132 9033 1
9033 5974 1
5974 9602 1
9602 233 1
233 1629 1
1629 8712 1
8712 623 1
623 11008 1
623 11129 1
11129 5010 1
5010 11114 1
11114 9693 1
9693 8013 1
8013 3193 1
3193 5437 1
5437 6341 1
6341 2826 1
2826 10940 1
10940 9732 1
9732 8767 1
8767 2970 1
2970 5395 1
5395 2121 1
2121 2734 1
2734 9733 1
9733 7606 1
7606 2162 1
2162 42 1
42 4606 1
4606 3230 1
3230 9589 1
9589 873 1
873 3692 1
3692 7845 1
7845 10031 1
10031 10873 1
10873 2083 1
2083 3692 1
3692 2532 1
2532 10873 1
10873 7816 1
7816 4623 1
7816 1341 1
1341 7098 1
7098 6227 1
6227 2635 1
2635 5279 1
5279 9071 1
9071 6645 1
6645 1158 1
1158 6349 1
6349 304 1
304 1559 1
1559 7192 1
7192 4768 1
4768 7007 1
7007 5829 1
5829 3121 1
3121 2283 1
2283 3684 1
3684 9240 1
9240 8957 1
8957 5659 1
5659 8935 1
8935 9852 1
9852 8319 1
8319 7758 1
7758 9934 1
9934 6491 1
6491 10123 1
10123 7845 1
7845 18 1
18 7231 1
7231 7754 1
7754 2545 1
2545 5858 1
5858 4462 1
4462 9062 1
9062 5574 1
5574 5161 1
5161 10886 1
10886 982 1
982 8719 1
8719 6391 1
6391 4298 1
4298 296 1
296 853 1
853 7171 1
7171 7120 1
7120 8178 1
8178 2226 1
2226 10516 1
10516 10152 1
10152 6576 1
6576 9346 1
9346 9872 1
9872 7353 1
7353 16 1
9788 10374 1
10374 6228 1
6228 1836 1
1836 4978 1
4978 6228 1
6228 1746 1
1746 8666 1
8666 4754 1
4754 6542 1
4754 9251 1
9251 8666 1
8666 720 1
720 7174 1
7174 10260 1
10260 8912 1
8912 1443 1
1443 7548 1
7548 4135 1
4135 9732 1
9732 2339 1
2339 10802 1
10802 102 1
102 3364 1
3364 972 1
972 102 1
102 7768 1
7768 6061 1
6061 1535 1
1535 11060 1
11060 5442 1
5442 7710 1
7710 7857 1
7857 987 1
987 7710 1
7710 3623 1
3623 4543 1
3623 10233 1
10233 8592 1
8592 902 1
902 2778 1
902 6561 1
6561 8457 1
8457 6284 1
6284 9491 1
9491 3026 1
3026 8197 1
8197 5573 1
5573 4397 1
4397 1326 1
1326 649 1
649 2073 1
2073 8858 1
8858 10869 1
10869 730 1
730 9605 1
9605 1157 1
1157 6329 1
6329 1958 1
1958 6526 1
6526 6239 1
6239 11006 1
11006 3344 1
3344 6109 1
6109 5451 1
5451 5637 1
5637 10073 1
10073 1406 1
1406 9071 1
9071 6970 1
6970 10983 1
10983 1471 1
1471 7962 1
7962 8440 1
7962 9368 1
5771 7162 1
5771 3477 1
3477 184 1
184 2870 1
2870 11155 1
11155 9495 1
9495 10235 1
10235 6715 1
6715 7548 1
7548 718 1
718 7530 1
7530 4286 1
4286 5968 1
5968 3397 1
3397 4873 1
4873 6459 1
6459 6498 1
6498 264 1
264 2243 1
2243 5439 1
5439 3042 1
3042 4877 1
4877 3813 1
3813 1130 1
1130 3993 1
3993 4018 1
4018 2792 1
2792 8316 1
8316 10804 1
10804 9218 1
9218 4480 1
4480 4297 1
4297 7239 1
7239 11006 1
11006 4563 1
4563 5053 1
5053 3574 1
3574 5442 1
5442 2097 1
2097 8229 1
8229 7867 1
7867 4774 1
4774 8755 1
8755 6194 1
6194 1801 1
1801 2402 1
2402 5374 1
5374 4747 1
4747 9733 1
9733 4629 1
4629 5064 1
5064 8730 1
8730 9296 1
9296 2792 1
2792 6595 1
6595 6722 1
6722 6139 1
6139 8343 1
8343 7023 1
7023 1664 1
1664 5574 1
5574 3510 1
3510 2664 1
2664 1829 1
1829 2545 1
2545 15 1
15 4278 1
4278 6708 1
11163 3373 1
3373 1381 1
1381 9223 1
9223 6991 1
6991 7193 1
7193 7279 1
7279 9356 1
9356 7359 1
7359 2359 1
2359 1674 1
1674 2535 1
2535 8565 1
8565 6923 1
6923 5453 1
5453 9356 1
7279 6708 1
6708 5443 1
5443 6525 1
6525 5395 1
5395 2936 1
2936 2658 1
2658 3062 1
3062 6036 1
6036 2854 1
2854 357 1
357 8316 1
8316 6061 1
6061 2243 1
2243 6194 1
6194 1336 1
1336 1130 1
2936 8316 1
8316 6052 1
6052 3844 1
3844 5434 1
5434 10287 1
10287 9427 1
9427 6737 1
6737 75 1
75 5540 1
5540 357 1
357 4747 1
4747 4472 1
4472 1248 1
1248 11068 1
11068 985 1
985 1541 1
1541 6443 1
4941 10318 1
10318 9870 1
9870 9141 1
9141 6139 1
6139 7484 1
7484 8523 1
8523 1959 1
1959 3945 1
3945 11132 1
11132 10172 1
10172 2395 1
2395 9108 1
9108 10487 1
10487 6595 1
6595 4747 1
4747 2238 1
2238 3022 1
3022 4861 1
4861 1801 1
1801 8759 1
8759 6923 1
6923 5439 1
5439 1412 1
1412 10804 1
10804 6525 1
6525 6813 1
6525 8041 1
8041 7682 1
7682 8269 1
8269 6097 1
6097 7876 1
7876 2284 1
2284 3574 1
3574 3383 1
3383 4357 1
4357 583 1
583 3386 1
2044 5051 1
5051 1252 1
1252 3623 1
3623 2162 1
2162 720 1
720 7370 1
7370 7945 1
7945 7371 1
7371 2112 1
2112 8345 1
8345 9110 1
9110 10104 1
10104 537 1
537 9870 1
9870 68 1
68 7359 1
2854 8516 1
8516 7789 1
7789 7064 1
7064 5053 1
5053 6525 1
6525 1661 1
1661 4870 1
4870 7843 1
7843 9602 1
9602 4663 1
4663 4135 1
4135 8054 1
8054 5751 1
5751 6715 1
6715 7768 1
7768 3644 1
3644 5881 1
5881 4060 1
4060 8759 1
8759 4264 1
4264 10588 1
10588 7920 1
7920 9165 1
9165 8523 1
8523 2162 1
42 8095 1
8095 6991 1
6991 5819 1
5819 8451 1
8451 9358 1
9358 6093 1
6093 11163 1
11163 8401 1
8401 5639 1
8401 6935 1
6935 8731 1
8731 4098 1
4098 414 1
414 11187 1
11187 8949 1
8949 2890 1
2890 3073 1
3073 331 1
3073 3482 1
3482 5388 1
5388 5574 1
5574 8862 1
8862 8907 1
8907 808 1
808 2545 1
2545 8911 1
8911 2188 1
2188 7427 1
7427 4919 1
4919 7814 1
7814 9899 1
9899 7134 1
7134 6796 1
6796 7492 1
6796 8199 1
8199 10742 1
10742 1567 1
10742 4752 1
4752 39 1
4752 4054 1
4054 3333 1
3333 4752 1
4752 4407 1
4407 7543 1
7543 3975 1
3975 5159 1
5159 7543 1
4407 6489 1
6489 1190 1
1190 10860 1
10860 3351 1
3351 3264 1
3264 7289 1
7289 3351 1
7289 2711 1
2711 207 1
2711 3351 1
2711 3264 1
2711 2435 1
2435 9906 1
9906 2711 1
9906 207 1
207 2712 1
2712 2303 1
2303 10816 1
10816 9382 1
9382 6838 1
6838 1274 1
1274 2776 1
2776 8640 1
8640 3286 1
3286 1606 1
1606 10246 1
10246 7281 1
7281 1087 1
1087 6647 1
6647 6002 1
6002 3436 1
3436 1413 1
1413 8273 1
8273 1981 1
8273 4883 1
4883 3436 1
8273 722 1
722 8191 1
8191 1711 1
8191 536 1
8191 6620 1
6620 722 1
722 1981 1
722 1413 1
722 8553 1
8553 4413 1
4413 10449 1
10449 7650 1
7650 8119 1
8119 536 1
536 1927 1
1927 722 1
722 9414 1
9414 7650 1
7650 4702 1
4702 978 1
978 7650 1
7650 4331 1
4331 4416 1
4416 9376 1
9376 8921 1
8921 3600 1
8921 3292 1
3292 10729 1
10729 10306 1
10306 6239 1
6239 6890 1
6890 7091 1
7091 10343 1
10343 5611 1
5611 6296 1
6296 653 1
653 862 1
653 10828 1
10828 3737 1
3737 7830 1
7830 1087 1
1087 3225 1
3225 2042 1
2042 6980 1
6980 8915 1
6980 991 1
991 3508 1
3508 6801 1
6801 7144 1
7144 9238 1
9238 11087 1
11087 2792 1
2792 7457 1
7457 3326 1
3326 258 1
6286 8374 1
8374 6391 1
6391 1172 1
1172 4474 1
4474 9473 1
9473 5574 1
5574 2876 1
2876 1859 1
2876 4298 1
4298 8239 1
8239 8515 1
8515 8174 1
8174 6935 1
6935 7663 1
7663 9870 1
9870 4298 1
4298 3397 1
3397 2262 1
2262 2788 1
2788 5241 1
5241 4861 1
4861 678 1
678 10022 1
10022 617 1
10022 7370 1
7370 4899 1
4899 5064 1
5064 10588 1
10588 10022 1
10022 483 1
483 3914 1
3914 10777 1
10777 7695 1
7695 6391 1
6391 7023 1
7023 6572 1
6572 2819 1
2819 68 1
68 10004 1
10004 6286 1
6286 2970 1
2970 1806 1
1806 7977 1
7977 6910 1
6910 7484 1
7484 583 1
583 9733 1
9733 6963 1
6963 3062 1
3062 9346 1
9346 9092 1
9092 6642 1
6642 7768 1
7768 8565 1
8565 9141 1
9141 1029 1
1029 9922 1
9922 4082 1
4082 4119 1
4119 8282 1
8282 6935 1
6935 7676 1
7676 2262 1
2262 4357 1
4357 7920 1
7920 10551 1
10551 10726 1
10726 357 1
357 10874 1
10874 6572 1
6572 10434 1
10434 6918 1
6918 2508 1
2508 3560 1
3560 7582 1
7582 2238 1
2238 4382 1
4382 7676 1
7676 7505 1
7505 3022 1
3022 4000 1
4000 1739 1
1739 8565 1
8565 4536 1
4536 3914 1
3914 6061 1
6061 9733 1
9733 5241 1
5241 4877 1
4877 9577 1
9577 8153 1
8153 9733 1
9733 3022 1
3022 10343 1
10343 4464 1
4464 8871 1
8871 2461 1
2461 4828 1
4828 7147 1
7147 3392 1
3392 2988 1
2988 7155 1
7155 6787 1
6787 2988 1
2988 7845 1
7845 9929 1
9929 1341 1
1341 5293 1
5293 3237 1
3237 2848 1
2848 3572 1
3572 5453 1
5453 2842 1
2842 1381 1
1381 6708 1
6708 7193 1
7193 5458 1
5458 9441 1
9441 4725 1
4725 7359 1
7359 9400 1
9400 4298 1
4298 3778 1
3778 2284 1
2284 2821 1
2821 7963 1
7963 2877 1
2877 7047 1
7047 11163 1
11163 6391 1
7023 2979 1
2979 4483 1
4483 8345 1
8345 4298 1
4298 8802 1
8802 4829 1
4829 6577 1
6577 537 1
537 3344 1
3344 8523 1
8523 10723 1
10723 2192 1
2192 4412 1
4412 8660 1
8660 6513 1
6513 3617 1
3617 2796 1
2796 5654 1
5654 9136 1
9136 7689 1
7689 2255 1
2255 2796 1
2796 376 1
376 7616 1
7616 5974 1
5974 4264 1
4264 5439 1
5439 9733 1
9733 5970 1
5970 7370 1
7370 2505 1
2505 3517 1
3517 3022 1
3022 9922 1
9922 4468 1
4468 3364 1
3364 5534 1
360 1059 1
1059 10202 1
10202 4873 1
4873 9008 1
9008 6459 1
6459 8909 1
6459 6097 1
6097 3364 1
3364 2851 1
2851 2563 1
2563 7275 1
7275 7159 1
7159 10886 1
10886 7530 1
7530 8912 1
8912 8987 1
8987 7017 1
7017 8451 1
8451 9223 1
9223 11163 1
6391 7682 1
7682 1806 1
1806 3397 1
3397 4865 1
4865 4104 1
4104 2819 1
6572 9681 1
9681 9373 1
9373 1959 1
1959 9605 1
9605 4115 1
4115 5792 1
5792 3788 1
3788 4357 1
4357 629 1
629 2958 1
2958 3993 1
3993 6722 1
6722 2568 1
2568 6491 1
6491 6918 1
6918 8759 1
8759 7091 1
7091 818 1
818 1535 1
1535 1130 1
1130 2946 1
2946 1892 1
1892 9146 1
9146 8343 1
8343 7159 1
7159 5388 1
5388 2890 1
2890 4747 1
4747 6223 1
6223 414 1
414 8281 1
8281 9594 1
9594 10179 1
10179 5974 1
5974 2322 1
2322 8871 1
8871 3154 1
8871 2447 1
2447 2734 1
2734 3604 1
3604 896 1
896 4563 1
4563 4382 1
4382 9545 1
9545 2658 1
2658 5881 1
5881 10022 1
10022 3234 1
3234 3945 1
3945 5374 1
5374 5574 1
5574 3234 1
3234 3386 1
3386 7239 1
7239 3234 1
3234 10004 1
10004 5241 1
5241 4871 1
4871 6391 1
6391 7017 1
7017 8903 1
8903 8095 1
8095 7789 1
7789 1381 1
1381 6737 1
6737 10031 1
10031 9929 1
9929 5503 1
5503 437 1
437 5439 1
5439 9146 1
9146 2880 1
2880 2658 1
2658 8736 1
8736 2975 1
2975 3517 1
3517 9146 1
9146 8987 1
8987 10343 1
10343 6770 1
6770 2272 1
2272 542 1
542 4661 1
4661 6918 1
6918 6525 1
6525 5906 1
5906 9823 1
9823 7352 1
7352 3092 1
3092 7994 1
7994 1482 1
1482 2762 1
2762 2078 1
2078 3747 1
3747 8078 1
8078 1173 1
1173 9374 1
9374 10073 1
10073 10143 1
10143 3344 1
3344 161 1
161 7352 1
7352 1406 1
1406 9405 1
9405 2078 1
2078 8543 1
8543 9071 1
9071 2695 1
2695 6936 1
6936 7069 1
7069 2635 1
2635 3767 1
3767 9070 1
9070 6500 1
6500 10374 1
10374 7843 1
7843 9169 1
9169 4105 1
4105 8304 1
8304 3644 1
3644 3778 1
3778 232 1
232 3301 1
3301 6194 1
6194 497 1
497 10723 1
10723 5792 1
5792 9146 1
9146 3397 1
3397 4774 1
4774 537 1
537 3100 1
8882 8187 1
8187 756 1
756 4861 1
4861 3042 1
3042 5374 1
5374 606 1
606 11054 1
11054 7505 1
7505 264 1
264 2020 1
2020 10804 1
10804 6572 1
6572 8998 1
8998 8961 1
8961 2970 1
2970 3813 1
3813 2322 1
2322 5708 1
5708 9008 1
9008 9108 1
9108 11132 1
11132 606 1
606 8603 1
8603 8565 1
8565 1328 1
1328 6052 1
6052 11087 1
11087 5295 1
5295 5048 1
5048 5593 1
5593 68 1
68 623 1
623 7878 1
7878 9600 1
9600 1806 1
1806 3170 1
3170 2505 1
2505 7768 1
7768 7505 1
7505 5241 1
5241 10792 1
10792 6019 1
6019 2979 1
2979 6923 1
6923 6715 1
6715 3164 1
3164 10882 1
10882 8174 1
8174 8684 1
8684 2 1
2 10684 1
10684 2422 1
2422 5564 1
5564 8815 1
8815 9710 1
9710 319 1
319 3064 1
3064 4239 1
4239 3788 1
3788 5395 1
5395 4060 1
4060 3644 1
3644 8987 1
8987 2447 1
2447 4747 1
4747 4774 1
4774 8233 1
8233 3560 1
3560 10434 1
10434 5569 1
5569 5783 1
5783 7702 1
7702 7582 1
7582 4829 1
4829 899 1
899 440 1
440 3100 1
3100 3772 1
3772 1629 1
1629 6059 1
6059 10804 1
10804 2243 1
2243 8523 1
8523 10343 1
10343 9141 1
9141 2170 1
2170 10649 1
10649 3945 1
3945 2272 1
2272 5318 1
5318 4104 1
4104 7804 1
7804 6362 1
6362 6374 1
6374 6627 1
6627 10882 1
10882 8187 1
8187 7359 1
7359 5355 1
4477 3326 1
3326 1785 1
1785 2658 1
2658 4954 1
4954 281 1
281 3574 1
3383 9577 1
9577 2614 1
2614 3315 1
3315 9752 1
9752 10424 1
10424 7445 1
7445 2257 1
2257 10213 1
10213 7445 1
2257 1451 1
1451 4005 1
4005 10424 1
4005 2257 1
7445 4005 1
7445 609 1
609 2257 1
10424 9698 1
9698 4338 1
4338 410 1
410 7694 1
7694 1822 1
1822 10607 1
10607 4770 1
10607 4942 1
4942 11052 1
11052 532 1
532 2595 1
2595 7845 1
7845 7229 1
7229 6938 1
6938 7845 1
10031 11052 1
11052 4128 1
4128 7959 1
7959 209 1
209 9218 1
9218 180 1
180 10343 1
10343 11132 1
8229 3788 1
3788 9146 1
9146 6033 1
6033 9141 1
9141 10287 1
10287 5574 1
5574 6722 1
6722 7031 1
7031 2044 1
2044 9733 1
9733 3788 1
3788 5056 1
5056 6529 1
6529 561 1
561 2791 1
2791 6648 1
6648 1328 1
1328 5064 1
5064 7876 1
7876 9358 1
9358 2284 1
2284 4747 1
4747 3386 1
3386 5597 1
2192 11006 1
11006 3234 1
3234 3383 1
3383 7768 1
7768 10551 1
10551 8374 1
8374 1681 1
1681 756 1
756 5792 1
5792 3383 1
3383 3523 1
3523 2734 1
2734 4239 1
4239 8992 1
4239 8754 1
8754 8229 1
8229 4766 1
4766 8994 1
8994 8701 1
8701 1453 1
1453 6749 1
6749 5085 1
6749 5628 1
6749 6683 1
6683 6096 1
6096 7276 1
7276 10249 1
10249 6506 1
10249 9504 1
6506 11141 1
11141 10249 1
10249 4374 1
9504 4374 1
10249 7208 1
7208 5900 1
5900 9565 1
5900 5763 1
5763 7784 1
7784 4427 1
4427 7667 1
4427 9876 1
9876 4189 1
4189 10761 1
10761 11157 1
11157 4189 1
4189 7673 1
7673 6898 1
6898 5778 1
5778 8941 1
5778 564 1
564 10550 1
10550 10743 1
10743 3415 1
3415 5312 1
5312 4578 1
4578 5970 1
5970 2864 1
2864 7814 1
7814 10496 1
10496 9788 1
9788 3062 1
3062 3383 1
3383 4877 1
4877 6572 1
6572 1801 1
8719 6910 1
6910 1892 1
1892 3397 1
3397 4069 1
4069 6146 1
6146 7866 1
6146 2674 1
2674 3296 1
3296 9124 1
9124 165 1
165 7287 1
7287 4069 1
4069 5133 1
5133 49 1
49 7733 1
7733 4664 1
4664 1418 1
1418 10882 1
10882 10418 1
10418 9594 1
9594 1208 1
1208 9600 1
9600 8724 1
8724 8565 1
8565 10792 1
10792 3813 1
3813 7091 1
7091 1233 1
1233 4464 1
4464 3914 1
3914 4264 1
4264 2958 1
2958 3227 1
232 2788 1
2788 8374 1
8374 6028 1
6028 1542 1
1542 9134 1
9134 1454 1
1454 9300 1
9300 9988 1
9988 5920 1
5920 1542 1
1542 3204 1
3204 9194 1
9194 3429 1
3429 382 1
382 9180 1
9180 1365 1
1365 6981 1
6981 2936 1
2936 629 1
629 8374 1
8374 6910 1
6910 7370 1
7370 8079 1
8079 9733 1
9733 4464 1
4464 264 1
264 68 1
68 4836 1
4836 2261 1
4836 606 1
606 4709 1
4709 2466 1
2466 4830 1
4830 987 1
7710 5559 1
5559 4830 1
4830 9593 1
9593 10263 1
10263 3401 1
3401 7867 1
7867 7147 1
7147 3100 1
3100 7695 1
7695 5442 1
5442 9605 1
9605 537 1
537 1153 1
1153 7321 1
7321 3914 1
3914 9011 1
9011 2664 1
2664 9640 1
9640 6917 1
6917 8029 1
8029 7910 1
7910 808 1
808 3908 1
808 5858 1
5858 4610 1
4610 331 1
331 719 1
719 7159 1
7159 1629 1
1629 4480 1
4480 8998 1
8998 2402 1
2402 6391 1
6391 8961 1
8961 2946 1
2946 9577 1
9577 4480 1
4480 2281 1
2281 6019 1
6019 3042 1
3042 8961 1
8961 5161 1
5161 2734 1
2734 7768 1
7768 2970 1
2970 3574 1
3574 2238 1
2238 4297 1
4297 9165 1
9165 9011 1
9011 4664 1
4664 2908 1
2908 10209 1
10209 4128 1
4128 6197 1
6197 2162 1
2162 8274 1
8274 8303 1
8303 2071 1
2071 4480 1
4480 4829 1
4829 5969 1
5969 5974 1
5974 2819 1
2819 2734 1
2734 3386 1
3386 3317 1
3317 965 1
965 1412 1
1412 3574 1
3574 3234 1
3234 2975 1
2975 7505 1
7505 10343 1
10343 2734 1
2734 3062 1
3062 8523 1
8523 7091 1
7091 440 1
440 2568 1
2568 10609 1
10609 3951 1
3951 9681 1
9681 730 1
730 5964 1
5964 3362 1
3362 6876 1
6876 8274 1
8274 9473 1
9473 2238 1
2238 6383 1
6383 2736 1
2736 4198 1
4198 10421 1
4198 7650 1
7650 7497 1
7497 4435 1
4435 8118 1
8118 7483 1
7483 5224 1
5224 6243 1
6243 1748 1
1748 7660 1
7660 7400 1
7400 8274 1
8274 7313 1
7313 2322 1
2322 6923 1
6923 360 1
360 7591 1
7591 8410 1
8410 477 1
477 10609 1
10609 2281 1
2281 7379 1
7379 3957 1
3957 9142 1
9142 2238 1
2238 3772 1
3772 7159 1
7159 4357 1
4357 2936 1
2936 2979 1
2979 357 1
357 10434 1
10434 6391 1
6391 5540 1
5540 4185 1
4185 8791 1
8791 1574 1
1574 3726 1
3726 1453 1
1453 3029 1
1453 1365 1
1365 8239 1
8239 9141 1
9141 4008 1
4008 2970 1
2970 4774 1
4774 8719 1
8719 3234 1
3234 4238 1
4238 6383 1
6383 9147 1
9147 5670 1
5670 2957 1
2957 3100 1
3100 10723 1
10723 3115 1
3115 2792 1
2792 3510 1
3510 6288 1
6288 3115 1
3115 3463 1
3463 5616 1
1806 8153 1
8153 6918 1
6918 2112 1
2112 2975 1
2975 7676 1
7676 6863 1
6863 6288 1
6288 10723 1
10723 623 1
623 1785 1
1785 4199 1
4199 11039 1
11039 6398 1
6398 3986 1
3986 1715 1
1715 614 1
614 5968 1
5968 7378 1
5968 3218 1
3218 7911 1
7911 2218 1
2218 8380 1
8380 7686 1
7686 3624 1
3624 7120 1
7120 3047 1
3047 5562 1
5562 3866 1
3866 10329 1
10329 2686 1
2686 1416 1
1416 10654 1
10654 2371 1
2371 997 1
997 6576 1
6576 9939 1
9939 5724 1
5724 5468 1
5468 8705 1
8705 4842 1
4842 5914 1
5914 4033 1
4033 5468 1
5468 299 1
299 10152 1
10152 1082 1
1082 853 1
853 7511 1
7511 3732 1
3732 8958 1
8958 7511 1
7511 5569 1
9457 2085 1
2085 7807 1
7807 5230 1
5230 5382 1
5382 10814 1
10814 2226 1
2226 5724 1
5724 8959 1
8959 2218 1
2218 5640 1
5640 8380 1
8380 9134 1
9134 9300 1
9300 6189 1
9134 1036 1
1036 8917 1
8917 5942 1
5942 5125 1
5125 6742 1
6742 1114 1
1114 4576 1
4576 856 1
856 9931 1
9931 6841 1
9931 6508 1
6508 11108 1
3392 8666 1
8666 6197 1
6197 613 1
613 10591 1
10591 1190 1
1190 7211 1
7211 9015 1
9015 10609 1
10609 42 1
42 8903 1
8903 6935 1
6935 10041 1
10041 2020 1
2020 9427 1
9427 1535 1
1535 8274 1
8274 3383 1
3383 6737 1
6737 7159 1
7159 6840 1
6840 10976 1
10976 9062 1
5574 2798 1
2798 4008 1
4008 5388 1
5388 2798 1
2798 2339 1
2339 7753 1
7753 3373 1
3373 5073 1
5073 8698 1
8698 5815 1
5815 340 1
340 9516 1
9516 5226 1
5226 797 1
797 268 1
268 10828 1
10828 3263 1
3263 4474 1
4474 4477 1
4477 10123 1
10123 4954 1
4954 3100 1
3100 10004 1
10004 1233 1
1233 606 1
606 319 1
319 8670 1
8670 7307 1
7307 2100 1
2100 9416 1
9416 9080 1
9080 1921 1
1921 6935 1
6935 11129 1
11129 1705 1
1705 2363 1
2363 7294 1
7294 7768 1
7768 1204 1
1204 2077 1
2077 5574 1
5574 5324 1
5324 5388 1
5388 4801 1
4801 9387 1
9387 4563 1
4563 2658 1
2658 264 1
264 2958 1
2958 2946 1
2946 3317 1
3317 2243 1
8274 8759 1
8759 281 1
281 9577 1
9577 9278 1
9278 3022 1
3022 483 1
483 180 1
180 8595 1
8595 4865 1
4865 6391 1
6391 606 1
606 5395 1
5395 4536 1
4536 10726 1
10726 4480 1
4480 10343 1
10343 1959 1
1959 5964 1
2071 3858 1
3858 3060 1
3060 2552 1
2552 2238 1
2238 8961 1
8961 756 1
756 232 1
232 6890 1
6890 11060 1
11060 4119 1
4119 4101 1
4101 1526 1
4101 6329 1
6329 899 1
899 2071 1
2071 9015 1
7211 8917 1
8917 2181 1
2181 827 1
2181 8469 1
8469 982 1
982 68 1
2819 6525 1
6918 10041 1
10041 7023 1
7023 4892 1
4892 3022 1
3022 6139 1
6139 1681 1
1681 1535 1
1535 730 1
730 6671 1
6671 10773 1
10773 3532 1
3532 10583 1
6671 3822 1
6671 3275 1
3275 2729 1
2729 4291 1
4291 7824 1
7824 8333 1
8333 5973 1
5973 2881 1
2881 908 1
2881 3466 1
3466 6124 1
6124 10658 1
10658 3466 1
3466 5308 1
5308 9366 1
9366 3542 1
3542 8536 1
8536 10994 1
10994 6410 1
6410 3080 1
6410 10585 1
10585 3870 1
3870 5830 1
5830 7938 1
7938 10707 1
10707 5830 1
5830 11137 1
11137 7192 1
7192 5471 1
5471 5946 1
5946 10585 1
10585 7998 1
7998 2601 1
2601 4914 1
4914 7095 1
7095 1671 1
1671 8883 1
8883 4724 1
4724 3342 1
3342 370 1
370 6035 1
6035 10031 1
10031 10123 1
10123 4483 1
4483 8871 1
2322 4629 1
4629 8871 1
8871 3993 1
3993 7618 1
7618 7582 1
7582 6159 1
6159 9651 1
9651 9621 1
9621 2091 1
2091 10071 1
10071 5818 1
5818 11036 1
11036 2145 1
2145 1009 1
1009 7188 1
7188 1733 1
1733 10082 1
1733 3860 1
3860 10536 1
10536 9328 1
9328 5938 1
5938 10536 1
10536 7595 1
7595 1733 1
1733 8044 1
8044 8229 1
8229 8274 1
8274 258 1
258 2554 1
258 4115 1
4115 2936 1
2936 720 1
720 7768 1
7768 9545 1
9545 2854 1
2854 3945 1
3945 1629 1
1629 3397 1
3397 7945 1
7945 483 1
483 5574 1
5574 8029 1
8029 8907 1
8907 5574 1
5574 4774 1
4774 5053 1
5053 818 1
818 3517 1
3517 3772 1
3772 8233 1
8233 5355 1
5355 7695 1
7695 2447 1
2447 10551 1
10551 4483 1
4483 1681 1
1681 6118 1
6118 8666 1
8666 10850 1
10850 7946 1
7946 11007 1
11007 11 1
11 3928 1
3928 8309 1
8309 10662 1
8309 1165 1
1165 377 1
377 9766 1
9766 1781 1
1781 7911 1
7911 9422 1
9422 2024 1
2024 10263 1
10263 7922 1
7922 2096 1
2096 7334 1
7334 6312 1
6312 554 1
554 4427 1
7784 3658 1
3658 554 1
554 7784 1
7784 9784 1
9784 554 1
7784 8212 1
8212 10534 1
10534 424 1
424 3722 1
3722 2470 1
3722 8212 1
8212 1084 1
8212 8773 1
1084 1510 1
1510 3722 1
3722 8654 1
8654 8613 1
8654 10534 1
10534 10947 1
10534 6376 1
6376 9731 1
9731 9823 1
9823 985 1
985 2762 1
2762 6821 1
6821 1252 1
1252 10636 1
1252 5504 1
5504 687 1
687 10278 1
10278 11052 1
11052 7720 1
4128 3914 1
3914 8401 1
8401 7279 1
7279 8451 1
8451 176 1
176 2041 1
2041 2344 1
2344 3229 1
3229 993 1
993 8903 1
6935 4104 1
4104 7618 1
7618 9873 1
9873 4862 1
4862 6239 1
6239 6491 1
6491 2535 1
2535 4468 1
4468 10547 1
10547 1965 1
1965 10087 1
10087 5831 1
5831 2301 1
2301 5978 1
5978 3840 1
3840 5442 1
5442 4115 1
9605 8233 1
8233 2447 1
2447 8523 1
8523 5974 1
5974 8754 1
8754 4069 1
4069 1229 1
1229 976 1
1132 1341 1
1341 10539 1
10539 2877 1
2877 2081 1
2081 1381 1
1381 8451 1
8451 2877 1
2877 3623 1
3623 7397 1
7397 2008 1
2008 2880 1
2880 10886 1
10886 9427 1
9427 1141 1
1141 10161 1
1141 10140 1
10140 8398 1
8398 1141 1
1141 247 1
247 4376 1
4376 3075 1
3075 337 1
337 247 1
247 4234 1
4234 9765 1
9765 10225 1
10225 2754 1
2754 7972 1
2754 4078 1
4078 2975 1
2975 1746 1
1746 9431 1
9431 6500 1
6500 3062 1
3062 7682 1
7682 10807 1
10807 7457 1
7457 8330 1
8330 11132 1
11132 5597 1
5597 3813 1
3813 3344 1
3344 5154 1
5154 5133 1
5133 10504 1
10504 8368 1
8368 7530 1
7530 1465 1
1465 7205 1
7205 53 1
53 7134 1
7134 7812 1
7812 2255 1
2255 7616 1
7616 1662 1
1662 376 1
376 2255 1
2255 4357 1
4357 7663 1
7663 606 1
606 10343 1
10343 9923 1
9923 3572 1
3572 4356 1
4356 8546 1
8546 7457 1
7457 3397 1
3397 8374 1
8374 2880 1
2880 5964 1
5964 899 1
899 5503 1
5503 3409 1
3409 10886 1
10886 4536 1
4536 6737 1
6737 6549 1
6549 6194 1
6194 3914 1
3914 50 1
50 1233 1
437 6059 1
6059 3022 1
3022 3218 1
3218 6498 1
6498 9600 1
9600 9141 1
9141 5969 1
5969 11060 1
11060 7091 1
7091 8802 1
8802 7945 1
7945 537 1
537 4119 1
4119 219 1
219 7950 1
4119 8274 1
8274 4474 1
4474 629 1
629 11054 1
11054 8064 1
4943 8011 1
8011 6504 1
6504 562 1
562 11054 1
11054 583 1
583 6097 1
6097 10807 1
10807 8345 1
8345 10064 1
10064 7911 1
7911 8229 1
8229 3301 1
3301 4480 1
4480 6061 1
6061 9141 1
9141 2112 1
2112 9142 1
9142 7505 1
7505 4104 1
4104 11170 1
11170 4862 1
4862 4766 1
4766 4060 1
4060 4861 1
4861 7695 1
7695 2505 1
2505 5161 1
5161 1233 1
1233 497 1
497 583 1
583 678 1
678 1535 1
1535 2175 1
2175 3097 1
3097 3914 1
3914 8316 1
8316 8153 1
8153 10723 1
10723 1681 1
1681 6061 1
6061 3042 1
3042 3301 1
3301 5241 1
5241 5161 1
5161 1739 1
1739 232 1
483 7159 1
7159 10318 1
10318 3386 1
3386 6525 1
6525 3100 1
3100 10292 1
10292 5969 1
5969 537 1
537 3164 1
3164 3022 1
9108 4873 1
4873 8316 1
8316 4728 1
8316 7031 1
7031 10529 1
10529 10123 1
10123 10022 1
10022 1785 1
1785 7370 1
7370 1634 1
1634 304 1
304 4473 1
4473 492 1
492 3698 1
3698 5650 1
5650 728 1
728 6783 1
6783 8537 1
8537 3551 1
3551 6118 1
6118 9743 1
9743 4209 1
4209 6118 1
6118 1186 1
1186 5437 1
5437 1634 1
1634 7095 1
7095 1952 1
1952 5378 1
1952 7154 1
7154 6280 1
6280 788 1
788 2909 1
2909 8458 1
8458 6175 1
6175 2909 1
2909 601 1
601 2676 1
2676 5448 1
5448 1706 1
1706 10969 1
10969 8383 1
8383 7156 1
7156 2137 1
2137 910 1
910 1456 1
1456 8843 1
8843 910 1
910 659 1
659 9361 1
9361 9470 1
9470 9834 1
9834 3894 1
3894 3904 1
3904 1814 1
1814 4554 1
4554 3904 1
1814 10006 1
10006 4551 1
4551 11112 1
4551 6243 1
11112 9701 1
9701 11166 1
11166 1814 1
1814 7670 1
7670 7897 1
3904 9701 1
9701 10326 1
10326 4970 1
9701 3894 1
3894 9470 1
9470 828 1
828 3224 1
3224 9361 1
9361 9752 1
9752 2336 1
2336 5448 1
5448 681 1
681 910 1
681 3894 1
3894 4231 1
4231 9188 1
9188 3224 1
828 9361 1
9361 1456 1
1456 3224 1
3224 8211 1
8211 828 1
828 2676 1
2676 9332 1
9332 9188 1
9188 9196 1
9196 9752 1
9752 9834 1
9834 4231 1
4231 6713 1
6713 3716 1
3716 4231 1
3894 9188 1
9188 8211 1
3224 3894 1
4231 8843 1
8843 6163 1
6163 10173 1
10173 2336 1
2336 828 1
828 6599 1
6599 9288 1
9288 601 1
601 10969 1
10969 9752 1
9752 659 1
659 828 1
828 8843 1
8843 9752 1
9752 7436 1
7436 2336 1
2336 1452 1
1452 5242 1
5242 2540 1
2540 7183 1
7183 8257 1
8257 271 1
271 5110 1
5110 4850 1
4850 6430 1
6430 2405 1
2405 8157 1
8157 6757 1
6757 854 1
854 2405 1
2405 4850 1
4850 7183 1
7183 4178 1
4178 5866 1
5866 3755 1
3755 6394 1
6394 3764 1
3764 1114 1
1114 839 1
839 10088 1
10088 1497 1
1497 9769 1
9769 4260 1
4260 4943 1
4943 9540 1
9540 641 1
641 10211 1
7991 10000 1
10000 3447 1
3447 4255 1
4255 1061 1
1061 10921 1
10921 10667 1
10667 7971 1
4849 7528 1
7528 8951 1
8951 6110 1
5039 4849 1
4849 6504 1
6504 7991 1
7991 10364 1
10364 6056 1
6056 5190 1
5190 10211 1
10211 8064 1
8064 4682 1
6248 1061 1
1061 6056 1
6056 1659 1
1659 2329 1
2329 6473 1
6473 404 1
404 2729 1
2729 2066 1
2066 6473 1
404 581 1
581 6107 1
6107 10782 1
10782 8704 1
10782 5082 1
5082 9092 1
9092 11007 1
11007 10591 1
10591 3342 1
3342 2782 1
2782 2988 1
2988 6737 1
6737 3317 1
3317 5318 1
5318 6097 1
6097 8374 1
8374 7159 1
10886 6918 1
6918 7379 1
7379 6019 1
6019 2447 1
2447 2008 1
2008 797 1
797 2936 1
2658 2379 1
2379 10022 1
10022 9545 1
9545 8506 1
8506 4060 1
232 5442 1
5442 440 1
440 2281 1
2281 2568 1
2568 9605 1
9605 5295 1
5295 2505 1
2505 9427 1
9427 10123 1
10123 7023 1
7023 2788 1
2788 357 1
10726 4892 1
4892 8282 1
8282 10804 1
10804 3042 1
3042 497 1
497 7031 1
7031 4000 1
4000 3234 1
3234 4264 1
4264 8274 1
8274 8755 1
8274 11170 1
11170 1197 1
1197 6101 1
6101 2737 1
2737 8470 1
8470 2568 1
2568 4606 1
4606 9007 1
9007 3100 1
3100 5374 1
5374 7530 1
7530 7371 1
7371 8736 1
8736 899 1
899 10609 1
10609 5969 1
5969 2281 1
2281 2854 1
2854 2979 1
2979 5792 1
3788 4922 1
4922 3086 1
3086 3788 1
3788 2262 1
2262 4464 1
4464 232 1
232 7505 1
7505 6286 1
6286 7359 1
7359 9142 1
9142 537 1
537 6918 1
6918 2020 1
2020 1629 1
1629 7505 1
7505 176 1
176 1837 1
1837 7228 1
7228 9441 1
9441 8364 1
8364 5336 1
5336 3099 1
3099 10129 1
10129 6489 1
6489 4073 1
4073 2864 1
2864 9280 1
9280 2064 1
2064 5759 1
5759 5056 1
5056 1208 1
9600 6033 1
6033 3678 1
3678 8802 1
8802 4941 1
4941 7057 1
7057 3344 1
3344 5974 1
5974 264 1
264 4135 1
4135 4018 1
4018 5616 1
5616 4097 1
4097 6529 1
6529 6863 1
6863 3115 1
3115 7370 1
7370 1629 1
1629 9296 1
9296 7494 1
7494 2395 1
2395 8345 1
8345 9733 1
9733 2535 1
2535 1785 1
1785 4135 1
4135 3844 1
6052 6923 1
6923 9218 1
9218 2044 1
2044 9011 1
9011 1892 1
1892 5597 1
5597 5503 1
5503 2508 1
2508 7211 1
7211 5783 1
7702 3523 1
3523 6770 1
6770 5894 1
5894 5442 1
5442 11132 1
11132 6099 1
6099 3957 1
3957 5318 1
5318 6722 1
6722 8998 1
8998 2044 1
2044 5388 1
5388 3977 1
3977 7524 1
7524 3073 1
3073 8949 1
8949 8282 1
8282 9605 1
8233 85 1
85 5969 1
5969 8565 1
8565 2943 1
2943 10551 1
10551 281 1
281 3788 1
3788 2281 1
2281 7505 1
7505 5792 1
5792 9278 1
9278 7379 1
3957 2854 1
2854 3175 1
3175 7228 1
7228 5453 1
5453 2081 1
2081 6036 1
6036 2344 1
2344 2842 1
2842 9662 1
5623 8767 1
9732 8708 1
8708 6196 1
6196 10938 1
10938 9347 1
9347 3624 1
3624 10516 1
10516 1767 1
1767 2226 1
2226 1169 1
2226 5941 1
5941 5468 1
5468 10890 1
10890 8959 1
8959 4262 1
4262 8592 1
8592 3797 1
3797 9139 1
9139 8592 1
8592 5953 1
5953 1759 1
1759 10431 1
10431 9007 1
9007 5241 1
5241 3778 1
3778 4297 1
4297 5974 1
5974 8712 1
8712 7359 1
7359 8802 1
8802 1233 1
1233 7023 1
7023 7159 1
719 5324 1
5324 9018 1
9018 887 1
887 4199 1
4199 1025 1
1025 4135 1
4135 1328 1
1328 8054 1
8054 7878 1
7878 74 1
74 2505 1
7768 7091 1
7091 4060 1
4060 4483 1
4483 4464 1
4464 7945 1
7945 7400 1
7400 7768 1
7768 941 1
941 9400 1
9400 3813 1
3813 8054 1
8054 233 1
233 8153 1
8153 3409 1
3409 8871 1
8871 6549 1
6549 1664 1
1664 5792 1
5792 9142 1
9142 3383 1
9142 5881 1
5881 6383 1
6383 1412 1
1412 50 1
50 4563 1
4563 3386 1
3386 3644 1
3644 5442 1
5442 8233 1
8233 6737 1
6737 4128 1
4128 6938 1
6938 6737 1
6737 3569 1
3569 4606 1
4606 3574 1
3574 6876 1
6876 3383 1
3383 1564 1
1564 5964 1
8802 8961 1
8961 5611 1
5611 2854 1
2854 398 1
398 3572 1
3572 3409 1
3409 8079 1
8079 8020 1
8020 2362 1
2362 3473 1
3473 6062 1
6062 7321 1
7321 767 1
767 295 1
295 10551 1
10551 5503 1
5503 6572 1
6572 9146 1
9146 5318 1
5318 5881 1
5881 8755 1
8755 3523 1
3523 2880 1
2880 50 1
50 4774 1
4774 10343 1
10343 941 1
941 667 1
667 8381 1
8381 3011 1
3011 1152 1
1152 1190 1
1190 6959 1
6959 3861 1
3861 4707 1
4707 1165 1
4707 9362 1
9362 4791 1
4791 242 1
242 4635 1
4635 3589 1
3589 568 1
568 8093 1
8093 6735 1
6735 6304 1
6304 8093 1
8093 8531 1
8531 6231 1
6231 1934 1
1934 1603 1
1603 6304 1
6304 1834 1
1834 9071 1
9071 3589 1
3589 6304 1
6304 685 1
685 7069 1
6936 2078 1
2078 1173 1
2078 5668 1
5668 8078 1
2684 4941 1
4941 3416 1
3416 6902 1
6902 5664 1
5664 5740 1
5740 5873 1
5873 504 1
504 9034 1
9034 9816 1
9816 891 1
891 527 1
527 504 1
504 9264 1
9264 264 1
264 4468 1
4468 10807 1
10807 3397 1
3397 4297 1
4297 1892 1
1892 6097 1
6097 6923 1
6923 678 1
678 2281 1
2281 4349 1
4349 5503 1
5503 5971 1
5971 7857 1
7857 6383 1
6383 1785 1
1785 11087 1
11087 5064 1
5064 561 1
561 8153 1
8153 5398 1
5398 10609 1
10609 7091 1
7091 1336 1
1336 7663 1
7663 8759 1
8759 4115 1
4115 5016 1
5016 6642 1
6642 4104 1
4104 6099 1
6099 258 1
258 10804 1
10804 10022 1
10022 10777 1
10777 483 1
483 2238 1
2238 5355 1
5355 2854 1
2854 9141 1
9141 2658 1
2658 5597 1
5597 8759 1
8759 2381 1
2381 9278 1
9278 3383 1
3383 7867 1
7867 3974 1
3974 4239 1
4239 3401 1
3401 9089 1
9089 614 1
614 4239 1
4239 3977 1
3977 5898 1
5898 4298 1
4298 2262 1
2262 1664 1
1664 10529 1
10529 3062 1
3062 6918 1
6918 4349 1
4349 7084 1
7084 4104 1
4104 3951 1
3951 7211 1
7211 8882 1
8187 730 1
730 2594 1
2594 3809 1
3809 730 1
730 629 1
8998 7023 1
7023 2516 1
2516 1025 1
1025 8565 1
8565 1443 1
1443 7945 1
7945 8316 1
8316 1029 1
1029 5972 1
1029 1965 1
1965 5103 1
5103 2484 1
2484 6063 1
6063 10087 1
10087 3699 1
3699 3049 1
3049 7427 1
7427 8911 1
8911 709 1
709 5119 1
5119 6892 1
6892 9899 1
9899 7751 1
7751 3267 1
3267 3049 1
3049 10849 1
10849 7814 1
7814 5119 1
5119 1331 1
1331 3049 1
3049 1275 1
1275 233 1
233 8146 1
8146 2932 1
2932 7231 1
7754 6192 1
6192 9441 1
9441 811 1
811 3720 1
3720 2926 1
2926 7754 1
7754 1275 1
1275 11081 1
11081 5336 1
5336 5978 1
5978 4480 1
4480 2238 1
2238 9141 1
9141 5255 1
5255 2979 1
2979 5439 1
5439 3386 1
3386 2447 1
2447 50 1
50 5241 1
5241 4264 1
4264 2192 1
2192 9427 1
10123 7397 1
3623 7942 1
7942 8229 1
8229 7582 1
7582 296 1
296 7720 1
7720 6183 1
6183 1640 1
1640 5212 1
5212 5226 1
5226 10662 1
10662 5023 1
5023 9193 1
9193 9132 1
9132 5882 1
9132 633 1
9132 647 1
9132 8327 1
8327 695 1
695 7494 1
7494 9108 1
9108 233 1
233 10849 1
10849 9899 1
9899 233 1
233 452 1
452 4917 1
4917 4919 1
4919 8002 1
8002 4108 1
4108 5410 1
5410 8225 1
8225 8979 1
8979 7210 1
7210 9174 1
7210 6825 1
6825 67 1
67 10688 1
10688 8947 1
8947 10555 1
8947 10032 1
10032 1241 1
1241 298 1
298 7256 1
7256 10555 1
10555 10177 1
10177 10584 1
10584 4422 1
4422 1628 1
1628 8477 1
8477 8437 1
8437 4422 1
4422 8514 1
8514 605 1
605 4422 1
8477 148 1
148 10584 1
148 5626 1
5626 8477 1
8477 4381 1
4381 8576 1
8576 5540 1
5540 10600 1
10600 3285 1
3285 4852 1
4852 2845 1
2845 5784 1
5784 2077 1
2077 7758 1
7758 10452 1
10452 4664 1
4664 3317 1
3317 2754 1
7972 10840 1
10840 10252 1
10252 4852 1
4852 8981 1
3285 5394 1
5394 1273 1
1273 10600 1
10600 5819 1
5819 3570 1
3570 10031 1
10031 7177 1
7177 9788 1
9788 10022 1
10022 9939 1
9939 3326 1
3326 7676 1
7676 583 1
583 11006 1
11006 3858 1
3858 6526 1
6526 5569 1
5569 4104 1
4104 4356 1
3572 6353 1
6353 4278 1
4278 1837 1
1837 6391 1
6391 10886 1
10886 6549 1
6549 6525 1
6525 264 1
264 10135 1
10135 1025 1
1025 7253 1
7253 3022 1
3022 9147 1
9147 4865 1
4865 5395 1
5395 2281 1
2281 8755 1
8755 4483 1
4483 4298 1
4298 4918 1
4918 3218 1
3218 9100 1
9100 8269 1
8269 4567 1
4567 9110 1
9110 4199 1
4199 6528 1
6528 331 1
331 11039 1
11039 414 1
414 2466 1
2466 3232 1
3232 10453 1
10453 10954 1
10954 6383 1
6383 4744 1
4744 6737 1
6737 1664 1
1664 6595 1
6595 7159 1
7159 10976 1
10976 9011 1
9011 7313 1
7313 5970 1
5970 5759 1
5759 9927 1
9927 7654 1
7654 68 1
68 2402 1
2402 9146 1
9146 8274 1
8274 8603 1
8603 537 1
537 7591 1
7591 2395 1
2395 7992 1
7992 5616 1
5616 1208 1
1208 8153 1
8153 9600 1
9600 10547 1
10547 9141 1
9141 6770 1
6770 6935 1
6935 8736 1
8736 756 1
756 629 1
629 6549 1
6549 3914 1
3914 10529 1
10529 4563 1
4563 4239 1
4239 7682 1
4239 2097 1
2097 9072 1
9072 6935 1
6935 3373 1
3373 3317 1
3317 10410 1
10410 4351 1
4351 6786 1
6786 7876 1
7876 2842 1
2842 10248 1
10248 1993 1
1993 1700 1
1700 9994 1
9994 10248 1
10248 1700 1
1700 309 1
309 9980 1
9980 10736 1
9980 10154 1
10154 4213 1
4213 6065 1
6065 5121 1
5121 8632 1
8632 8725 1
8725 5121 1
6065 1822 1
1822 3239 1
3239 8471 1
8471 5773 1
5773 8008 1
8008 208 1
208 7530 1
7530 258 1
258 8759 1
8759 3574 1
3574 7663 1
7663 4877 1
4877 5439 1
5439 4298 1
4298 8871 1
8871 8316 1
8316 3862 1
3862 4199 1
4199 2475 1
2475 10056 1
10056 3317 1
3317 2162 1
2162 4629 1
4629 8730 1
8730 2243 1
2243 9278 1
9278 3344 1
3344 6019 1
6019 8343 1
8343 6099 1
6099 3926 1
3926 7511 1
7511 9786 1
9786 8983 1
8983 7252 1
8983 10916 1
10916 4750 1
4750 9905 1
9905 4442 1
4442 3640 1
3640 1852 1
3640 2088 1
2088 2726 1
2726 5615 1
2726 3702 1
3702 4750 1
4750 10991 1
10991 7107 1
7107 9488 1
9488 8924 1
9488 2088 1
2088 6207 1
6207 10880 1
10880 4442 1
4442 5615 1
5615 4111 1
4111 4750 1
4750 5927 1
5927 6207 1
6207 10991 1
10991 4442 1
4442 4750 1
10991 10880 1
10880 2726 1
2726 1272 1
1272 2365 1
2365 10991 1
10991 4111 1
4111 4478 1
4478 8512 1
4478 5615 1
5615 10880 1
10880 8924 1
8924 5927 1
5927 928 1
928 2088 1
2088 4442 1
4442 5927 1
5927 2726 1
5927 5011 1
5011 8597 1
8597 2365 1
2365 3044 1
3044 5927 1
5927 4111 1
4111 2365 1
2365 8505 1
8505 5011 1
5011 8983 1
8983 5615 1
5615 2365 1
2365 6207 1
6207 8983 1
8983 9488 1
8983 2365 1
2365 8924 1
8924 8258 1
8258 9905 1
9905 928 1
928 10991 1
10991 5011 1
5011 3044 1
3044 4442 1
4442 8512 1
8512 2088 1
2726 3640 1
3640 10916 1
10916 4478 1
4478 3981 1
3981 10880 1
10880 5011 1
5011 928 1
928 9488 1
8983 10680 1
10680 7425 1
7425 922 1
922 8983 1
8983 4111 1
5927 8597 1
8597 3044 1
3044 4717 1
4717 4750 1
4750 3640 1
3640 3044 1
3044 8983 1
8983 5927 1
5927 9905 1
9905 2726 1
2726 8258 1
8258 7107 1
7107 10916 1
10916 5164 1
5164 1272 1
1272 5615 1
1272 8505 1
8505 5615 1
5615 10991 1
10991 4717 1
4717 1855 1
1855 5164 1
5164 3702 1
3702 5011 1
5011 5615 1
5615 8258 1
8258 4478 1
4478 2726 1
9905 3640 1
3640 5927 1
9905 2088 1
2088 4750 1
4750 9488 1
10991 10916 1
8983 4442 1
5615 8512 1
8512 2365 1
2365 2088 1
2088 5011 1
5011 5164 1
5164 2726 1
2726 9488 1
2088 4717 1
4717 9905 1
9905 9488 1
9488 8597 1
8597 5164 1
5164 7107 1
7107 4750 1
3702 8258 1
8258 4750 1
4442 8924 1
4442 2726 1
2088 1855 1
1855 10991 1
10991 5927 1
5927 7107 1
7107 2726 1
2726 6207 1
6207 7107 1
928 8983 1
8983 10880 1
10880 3044 1
3044 10991 1
10991 8597 1
5164 10880 1
10880 3640 1
10916 5615 1
2365 3981 1
3981 4717 1
4717 4442 1
4442 6207 1
6207 3640 1
3640 8597 1
9488 4442 1
4442 8505 1
8505 8924 1
8924 1272 1
1272 4442 1
8512 4717 1
4717 8924 1
4111 4717 1
8512 2726 1
5164 4478 1
4478 3640 1
8597 4717 1
4717 3640 1
10916 1855 1
1855 6207 1
7107 5615 1
8258 10880 1
10880 4717 1
4442 7107 1
10880 9905 1
9905 8597 1
5927 2088 1
5011 6207 1
6207 10916 1
3640 2365 1
4111 4442 1
4442 3702 1
3702 9905 1
9905 8512 1
8512 10880 1
10880 9488 1
9488 2365 1
8505 2726 1
8505 5164 1
5164 9905 1
9905 8505 1
8505 3044 1
3044 3702 1
3702 8512 1
8512 8597 1
8597 2088 1
2088 8983 1
8983 4750 1
10991 8512 1
8512 8983 1
8983 8924 1
8924 3640 1
10916 2365 1
2365 7107 1
7107 1855 1
1855 10880 1
10880 4111 1
4111 3981 1
3981 3044 1
4717 10916 1
10916 3044 1
3702 5927 1
928 10916 1
4111 2088 1
928 5164 1
3702 1855 1
1855 4750 1
4750 928 1
928 5615 1
8505 8597 1
8597 4442 1
3044 9905 1
9905 6207 1
6207 1272 1
1272 4478 1
4478 10880 1
3044 8258 1
4111 8505 1
8505 4478 1
3640 3702 1
1855 8505 1
3702 928 1
928 10880 1
10880 8505 1
8505 928 1
928 4442 1
4442 1855 1
1855 4111 1
3981 5927 1
5927 1855 1
1855 9905 1
4717 5615 1
5615 9488 1
9488 10991 1
10991 8505 1
8505 5927 1
8597 4111 1
4111 5164 1
4478 9905 1
10880 10916 1
10916 5011 1
5011 8258 1
9905 10991 1
10991 3702 1
3702 2088 1
1272 9488 1
9488 10916 1
4717 8505 1
2088 3981 1
3981 8924 1
8924 5615 1
6207 3044 1
5927 8258 1
8258 5164 1
5164 5615 1
5615 2724 1
2724 8983 1
8983 8970 1
8983 1215 1
7425 8983 1
8983 10836 1
10836 1215 1
8983 3702 1
5164 4750 1
4750 2726 1
3044 5615 1
5615 3702 1
5615 1855 1
9905 8924 1
8924 4750 1
7107 4478 1
8512 5927 1
7107 3640 1
3640 8512 1
928 4717 1
2365 928 1
3640 1272 1
1272 3702 1
3702 7107 1
10880 1272 1
1272 3044 1
5164 4442 1
6207 4717 1
4717 9488 1
2726 5011 1
5011 4717 1
9488 8512 1
8512 5164 1
1855 2365 1
2365 4442 1
8512 10916 1
10991 3981 1
8512 3981 1
4750 2365 1
8597 5615 1
5615 2088 1
6207 8505 1
8505 9488 1
5011 8924 1
8924 4111 1
4111 10916 1
5011 9905 1
3044 9488 1
10880 7107 1
5927 10916 1
4717 5164 1
8512 4750 1
5615 3640 1
3044 928 1
3044 8924 1
8924 3702 1
8258 1855 1
1855 9488 1
10991 3640 1
4111 6207 1
8597 7107 1
4750 3981 1
4750 6207 1
4442 3981 1
3981 7107 1
3640 5164 1
5164 10991 1
9905 3981 1
3981 10916 1
2726 8597 1
8597 3981 1
10991 4478 1
2365 5011 1
4717 5927 1
5927 5615 1
3044 2088 1
4111 2726 1
6207 8597 1
8597 10916 1
10916 2726 1
2726 3044 1
10991 8924 1
4111 8512 1
8924 8512 1
3702 10880 1
8505 10916 1
9905 7107 1
928 7107 1
9488 4478 1
4478 5927 1
3702 6207 1
2088 8258 1
4750 3044 1
928 1855 1
1855 5011 1
5011 8512 1
8512 8258 1
8258 1272 1
1272 10916 1
3981 8505 1
8597 3702 1
3702 8505 1
8505 8512 1
10880 2088 1
8924 6207 1
928 1272 1
9905 10916 1
10916 8924 1
1272 5011 1
8597 1855 1
1855 8983 1
8983 4478 1
4478 928 1
2365 2726 1
7107 4717 1
4717 4478 1
4478 8597 1
6207 928 1
4442 8258 1
3640 8983 1
8983 8597 1
1272 2088 1
8258 928 1
9905 2365 1
2365 8258 1
8258 4111 1
4111 928 1
5927 1272 1
7107 8512 1
8258 3640 1
3640 9488 1
8258 4717 1
9905 4111 1
3640 8505 1
4717 2726 1
5164 6207 1
8258 8983 1
10680 922 1
7511 10291 1
10291 5194 1
5194 3291 1
5194 8826 1
8826 8673 1
8673 92 1
8673 5194 1
5194 5105 1
5105 8673 1
8673 9354 1
9354 7933 1
7933 8673 1
8673 10291 1
7511 7308 1
7308 176 1
176 6935 1
6935 4709 1
4709 8731 1
8731 5413 1
8731 7768 1
7768 8395 1
8395 10691 1
10691 4684 1
4684 7017 1
7017 4278 1
15 2794 1
2794 6892 1
6892 7751 1
7751 7746 1
7746 7814 1
7814 6947 1
6947 5513 1
5513 4474 1
4474 8716 1
8716 42 1
42 2238 1
2238 7505 1
7505 5503 1
5503 1801 1
1801 8345 1
8345 3397 1
3397 9110 1
9110 2343 1
2343 10263 1
10263 6392 1
6392 3397 1
3397 281 1
281 3517 1
3517 3644 1
3644 10886 1
10886 3022 1
3022 3364 1
3364 3326 1
3326 3262 1
3262 2979 1
2979 3772 1
3772 4104 1
4104 6019 1
2281 4877 1
4877 11132 1
11132 9605 1
9605 6723 1
6723 6918 1
6918 7768 1
7768 3197 1
3197 4135 1
4135 4379 1
4135 5751 1
5751 8274 1
8274 6194 1
6194 6770 1
6770 8354 1
8354 5642 1
5642 6769 1
6769 1248 1
1248 4019 1
4019 3597 1
3597 7352 1
1406 1248 1
1248 8484 1
8484 929 1
929 9580 1
9580 4981 1
4981 8222 1
8222 4171 1
4171 6393 1
6393 9580 1
9580 8484 1
8484 4019 1
4019 5117 1
5117 2760 1
2760 7057 1
7057 7994 1
7994 4027 1
4027 1097 1
1097 7905 1
1097 5212 1
5212 9 1
9 5815 1
5815 6350 1
6350 1252 1
1252 4543 1
4543 6675 1
4543 4003 1
4003 486 1
486 6926 1
6926 1278 1
1278 7965 1
7965 4003 1
4003 4942 1
4942 4128 1
4128 3097 1
3097 1229 1
1229 5293 1
5293 853 1
853 6938 1
6938 5503 1
5503 2121 1
2121 8282 1
8282 7695 1
7695 2020 1
2020 5611 1
5611 4000 1
4000 7239 1
7239 1412 1
1412 4382 1
4382 7031 1
7031 5974 1
5974 10792 1
10792 10041 1
10041 8987 1
8987 9400 1
9400 8153 1
8153 3644 1
3644 3678 1
3678 7845 1
7845 6715 1
6715 360 1
360 8565 1
8565 1801 1
1801 9011 1
9011 2238 1
2238 8316 1
8316 4008 1
4008 7524 1
7524 4801 1
4801 2275 1
2275 6528 1
6528 5388 1
5388 2734 1
2734 4061 1
4061 1801 1
1801 1739 1
1739 8274 1
3397 2289 1
2289 8506 1
8506 6737 1
6737 4000 1
4000 8429 1
8429 3146 1
3146 3033 1
3033 8711 1
8711 8302 1
8302 3841 1
3841 3033 1
3033 739 1
739 7290 1
7290 3721 1
3721 534 1
534 8301 1
8301 9643 1
9643 10894 1
10894 10944 1
10944 7290 1
7290 7416 1
7416 5150 1
5150 9167 1
9167 9840 1
9840 7966 1
7966 8711 1
8711 7290 1
7290 5306 1
5306 333 1
333 9955 1
9955 9840 1
9840 8400 1
8400 5306 1
5306 3721 1
3721 8429 1
8429 333 1
333 10385 1
10385 10944 1
10944 9167 1
9167 333 1
333 10198 1
10198 2496 1
2496 9615 1
9615 333 1
333 8243 1
8243 3585 1
3585 1355 1
1355 8138 1
8138 739 1
739 8302 1
8302 4923 1
4923 10256 1
10256 1099 1
1099 9840 1
9840 9856 1
9856 7966 1
7966 3841 1
3841 3721 1
3721 6668 1
6668 263 1
263 5602 1
5602 9856 1
9856 10198 1
10198 9643 1
9643 8400 1
8400 1553 1
1553 5150 1
5150 8301 1
8301 4063 1
4063 1099 1
1099 8301 1
8301 1355 1
1355 3146 1
3146 333 1
333 8138 1
8138 4187 1
4187 9167 1
9167 8088 1
8088 9856 1
9856 8302 1
8302 7966 1
7966 10419 1
10419 8302 1
8302 4000 1
4000 2496 1
2496 1099 1
1099 1553 1
1553 10894 1
10894 5375 1
5375 6668 1
6668 10894 1
10894 8138 1
8138 2496 1
2496 8400 1
8400 6668 1
6668 10385 1
10385 1099 1
1099 2767 1
2767 7173 1
7173 4923 1
4923 10932 1
10932 8301 1
1355 8302 1
8302 10894 1
10894 8243 1
8243 9955 1
9955 4187 1
4187 10894 1
10894 8400 1
8400 7966 1
7966 8429 1
8429 10932 1
10932 1355 1
1355 10198 1
10198 5838 1
5838 4063 1
4063 5602 1
5602 6668 1
6668 974 1
974 333 1
10198 10894 1
10894 2496 1
8400 9615 1
333 9643 1
9643 5602 1
5602 7877 1
7877 4187 1
4187 4000 1
4000 8088 1
8088 1355 1
1355 10419 1
10419 9840 1
9840 7173 1
7173 10256 1
10256 10894 1
8138 8301 1
8301 6763 1
6763 2496 1
2496 8711 1
8711 3841 1
3841 9643 1
9643 4187 1
4187 3841 1
3841 9955 1
7877 7173 1
7173 8429 1
8429 6763 1
6763 5838 1
5838 3721 1
3721 7416 1
7416 9615 1
9615 4923 1
4923 3841 1
3841 263 1
263 5375 1
5375 5838 1
5838 1553 1
1553 8243 1
8243 4063 1
4063 9955 1
9955 3146 1
3146 3585 1
3585 1099 1
1099 8400 1
8400 5602 1
5602 8429 1
8429 4923 1
3841 9167 1
333 8711 1
7290 3146 1
3146 11051 1
11051 6668 1
6668 7173 1
7173 9615 1
9615 1355 1
1355 1099 1
1099 333 1
333 7877 1
7877 8088 1
7877 10894 1
10894 5150 1
5150 8429 1
3721 4187 1
4187 6763 1
6763 9615 1
9615 7966 1
7966 6763 1
6763 534 1
534 10419 1
9955 10932 1
10932 8711 1
8711 5602 1
5602 3585 1
3585 739 1
739 534 1
534 9856 1
9856 3146 1
3146 9167 1
9167 3585 1
3585 7290 1
7290 3033 1
3033 4000 1
4000 6139 1
6139 2121 1
2121 4941 1
4941 3747 1
3747 667 1
667 1504 1
1504 4347 1
4347 442 1
442 3047 1
3047 2388 1
2388 3866 1
3866 9901 1
9901 1767 1
1767 6977 1
6977 5914 1
5914 5468 1
5468 6576 1
6576 5451 1
6109 10143 1
10143 3288 1
3288 667 1
667 1882 1
1882 411 1
411 10983 1
10983 6137 1
6137 5668 1
5668 472 1
5668 3344 1
3344 667 1
667 4019 1
4019 4149 1
4149 6996 1
6996 1688 1
1688 5453 1
5453 6093 1
6093 806 1
806 9502 1
9502 9441 1
9441 8401 1
8401 5906 1
5906 9011 1
9011 319 1
319 4661 1
4661 1664 1
1664 10886 1
10886 2081 1
2081 6991 1
6991 3572 1
3572 10031 1
10031 5503 1
5503 2020 1
2020 8233 1
8233 2508 1
2508 6491 1
6491 6526 1
6526 4349 1
4349 6239 1
6239 3523 1
3523 7064 1
7064 4468 1
4468 505 1
505 384 1
384 9147 1
9147 5534 1
5534 3678 1
3678 2381 1
2381 583 1
583 85 1
85 1412 1
1412 3383 1
3383 1157 1
1157 8282 1
8282 6894 1
6894 10804 1
10804 9141 1
9141 9218 1
9218 8374 1
8374 5597 1
5597 9142 1
9142 10588 1
10588 5395 1
5395 1801 1
1801 2272 1
2272 6910 1
6910 4104 1
4104 10529 1
10529 756 1
756 982 1
982 2851 1
2851 6737 1
6737 2381 1
2381 537 1
537 6139 1
6139 4298 1
4298 4735 1
4735 2063 1
2063 4215 1
4215 5609 1
5609 2432 1
2432 1380 1
1380 3512 1
3512 10776 1
10776 3111 1
3111 7710 1
7710 8345 1
8345 7457 1
7457 4223 1
7457 7878 1
7878 6834 1
6834 1966 1
6834 9011 1
9011 7695 1
7695 3678 1
3678 7484 1
7484 8759 1
8759 8755 1
8755 2975 1
2975 1892 1
1892 8229 1
8229 1535 1
818 3523 1
3523 4861 1
4861 10723 1
10723 2975 1
2975 6894 1
6894 281 1
3517 8755 1
8755 68 1
7359 8716 1
8716 6549 1
6549 4464 1
4464 2447 1
2447 11054 1
11054 6923 1
6923 5053 1
5053 7023 1
7023 8565 1
8565 3945 1
3945 497 1
497 4954 1
4954 2505 1
2505 9033 1
9033 8506 1
8506 2238 1
2238 2819 1
2819 7505 1
7505 7455 1
7455 10948 1
10948 10673 1
10673 3317 1
3317 4725 1
4725 11163 1
11163 2821 1
2821 1688 1
1688 1705 1
1705 4149 1
4149 2691 1
2691 2904 1
2904 8872 1
8872 5326 1
5326 10849 1
10849 6192 1
7754 1726 1
1726 3267 1
1726 10158 1
10158 8285 1
8285 8341 1
8341 6036 1
6036 918 1
918 319 1
319 6770 1
6770 414 1
414 5639 1
5639 5388 1
2798 9018 1
9018 719 1
719 2275 1
2275 3625 1
3625 3977 1
3977 6997 1
6997 6549 1
6549 6910 1
6910 8274 1
8274 4892 1
4892 3062 1
3062 8013 1
8013 5503 1
5503 7682 1
7682 3326 1
3326 2020 1
2020 2975 1
2975 10041 1
10041 7091 1
7091 6723 1
6723 5318 1
5318 10022 1
10022 9146 1
9146 2788 1
2788 3234 1
3234 2272 1
2272 3317 1
3317 2970 1
2970 180 1
180 437 1
437 982 1
982 2880 1
2880 4087 1
4087 8188 1
8188 9406 1
9406 4664 1
4664 3788 1
3788 8233 1
8233 7379 1
7379 10777 1
10777 7505 1
7505 8316 1
8316 4918 1
4918 6033 1
6033 5016 1
5016 10886 1
10886 1381 1
1381 4631 1
4631 9356 1
9356 2354 1
2354 5819 1
5819 10792 1
10792 5053 1
5053 2044 1
2044 7768 1
7768 9131 1
9131 75 1
75 6833 1
5540 2880 1
2880 1564 1
1564 6391 1
6391 730 1
730 4060 1
4060 2071 1
2071 3993 1
3993 3510 1
2792 2970 1
2970 2262 1
2262 6712 1
6712 10022 1
10022 2284 1
2284 50 1
50 8802 1
8802 941 1
941 6383 1
6383 2447 1
2447 818 1
818 941 1
941 10318 1
10318 1629 1
1629 2192 1
2192 678 1
678 3993 1
3993 3227 1
3227 8998 1
8998 7695 1
7695 6019 1
6019 50 1
50 6563 1
6563 11039 1
11039 8949 1
8949 6997 1
6997 414 1
414 2362 1
2362 10001 1
414 10551 1
10551 7548 1
7548 8523 1
8523 2262 1
2262 4892 1
4892 7031 1
7031 8506 1
8506 10777 1
10777 6737 1
6737 18 1
18 5443 1
18 853 1
853 2209 1
2209 6383 1
6383 5161 1
5161 7239 1
7239 4115 1
4115 9600 1
9600 5056 1
5056 2410 1
2410 9793 1
9793 4241 1
4241 2646 1
2646 4701 1
4701 696 1
696 4667 1
4667 7413 1
7413 1057 1
1057 959 1
959 10740 1
10740 8204 1
8204 10008 1
10008 2646 1
2646 96 1
96 3468 1
3468 1057 1
1057 285 1
285 9217 1
9217 4935 1
9217 6767 1
6767 6401 1
6401 2540 1
2540 9383 1
9383 22 1
22 10110 1
10110 9383 1
9383 3407 1
3407 184 1
184 5994 1
5994 219 1
219 1012 1
1012 7439 1
7439 5994 1
5994 10212 1
10212 1783 1
1783 3266 1
3266 9007 1
3100 678 1
678 3022 1
3022 11054 1
11054 9605 1
9605 1958 1
1958 6391 1
6391 2359 1
2359 2535 1
2535 7606 1
7606 1443 1
8912 2943 1
2943 720 1
720 6060 1
6060 10293 1
10293 6220 1
6220 4096 1
4096 4471 1
4471 2749 1
2749 7243 1
7243 4096 1
4096 6279 1
6279 2207 1
2207 3664 1
3664 8412 1
8412 620 1
620 10293 1
10293 3937 1
3937 105 1
105 4277 1
4277 3320 1
3320 8601 1
8601 799 1
799 4096 1
4471 8601 1
8601 105 1
105 4096 1
4096 3664 1
3664 226 1
226 8412 1
8412 6279 1
6279 1288 1
1288 6985 1
6985 3320 1
3320 3664 1
3664 4277 1
4277 1288 1
1288 759 1
759 4471 1
799 3664 1
4096 2277 1
2277 6220 1
6220 10938 1
10938 2226 1
2226 1082 1
1082 2686 1
2686 5182 1
5182 7299 1
7299 7123 1
7123 1169 1
1169 9347 1
9347 10890 1
10890 9468 1
9468 5382 1
5382 2371 1
2371 10311 1
10311 236 1
236 1838 1
1838 9951 1
9951 11149 1
11149 498 1
498 10390 1
10390 10581 1
10581 6594 1
6594 8422 1
8422 498 1
498 1816 1
1816 10516 1
10516 6220 1
6220 299 1
299 7274 1
7274 3866 1
3866 10890 1
10890 8015 1
8015 10311 1
10311 1082 1
1082 5724 1
5724 2944 1
2944 9901 1
9901 3372 1
3372 5868 1
5868 5468 1
5468 4028 1
4028 10654 1
10654 6584 1
6584 3669 1
3669 8395 1
8395 3993 1
3993 2008 1
2008 68 1
68 6770 1
6770 10022 1
10022 232 1
232 42 1
42 4725 1
3317 1664 1
1664 7663 1
7663 9278 1
9278 6099 1
6099 9473 1
9473 5974 1
5974 561 1
561 6459 1
6459 5442 1
5442 5439 1
5439 2734 1
2734 6894 1
6894 4357 1
4357 10041 1
10041 4861 1
4861 357 1
357 7064 1
7064 2041 1
2041 9438 1
9438 10158 1
10158 2188 1
2188 2795 1
2795 452 1
452 2198 1
2198 1248 1
1248 5637 1
1248 5894 1
5894 398 1
398 10263 1
10263 4199 1
4199 7359 1
7359 8998 1
8998 8153 1
8153 941 1
5503 2443 1
2443 5241 1
5241 8961 1
8961 8187 1
8187 5318 1
5318 2658 1
2658 9406 1
9406 11103 1
11103 49 1
49 1921 1
1921 10504 1
10504 10723 1
10723 319 1
319 3951 1
3951 7872 1
7872 7103 1
7103 4381 1
4381 7759 1
7759 140 1
140 6333 1
6333 3296 1
3296 2851 1
2851 9131 1
9131 1540 1
1540 2880 1
2880 8506 1
8506 4941 1
4941 8345 1
8345 7676 1
7676 10726 1
10726 7031 1
7031 6549 1
6549 2044 1
2044 11132 1
11132 5374 1
5374 2121 1
2121 10699 1
10699 2535 1
2535 3572 1
3572 2175 1
2175 5503 1
2175 9110 1
9110 537 1
537 421 1
3309 8269 1
8269 8345 1
8345 3623 1
3623 2175 1
2175 7229 1
2175 4810 1
4810 5293 1
5293 2595 1
2595 414 1
414 6528 1
6528 3625 1
3625 8949 1
8949 4008 1
4008 9100 1
9100 5441 1
