11085 9797 1
9797 3663 1
3663 4180 1
4180 6039 1
6039 2455 1
2455 8954 1
8954 1814 1
1814 10430 1
1814 4551 1
4551 11040 1
11040 1129 1
1129 3085 1
1129 5000 1
5000 686 1
1129 7947 1
7947 2845 1
2845 8186 1
8186 6096 1
6096 8434 1
8434 9780 1
6096 8641 1
6096 1365 1
1365 7215 1
7215 5868 1
5868 3986 1
3986 1521 1
1521 10329 1
10329 8959 1
10329 10516 1
10516 3457 1
3457 7299 1
7299 6220 1
6220 6576 1
6576 3457 1
3457 1278 1
1278 9779 1
9779 4003 1
4003 3883 1
4003 11052 1
11052 176 1
176 4104 1
4104 2281 1
2281 5503 1
5503 8755 1
8755 10723 1
10723 10004 1
10004 6059 1
6059 4115 1
4115 319 1
319 3100 1
3100 5597 1
5597 818 1
818 6099 1
6099 7920 1
7920 4464 1
4464 4104 1
4104 10726 1
10726 4382 1
4382 4477 1
4477 9142 1
9142 10004 1
10004 1564 1
1564 3778 1
3778 1664 1
1664 2819 1
2819 3397 1
3397 7591 1
7591 3761 1
3761 9264 1
9264 2175 1
2175 853 1
853 5443 1
5443 8095 1
8095 4871 1
4871 7017 1
7017 3409 1
3409 6722 1
6722 3386 1
3386 3344 1
3344 7663 1
7663 8343 1
8343 3517 1
3517 2447 1
2447 2979 1
2979 2958 1
2958 2734 1
2734 9400 1
9400 3678 1
3678 4766 1
4766 7695 1
7695 8316 1
8316 10649 1
10649 9141 1
9141 10529 1
10529 5053 1
5053 5974 1
5974 4766 1
4766 8343 1
8343 8755 1
8755 10041 1
10041 2734 1
2734 7371 1
7371 6595 1
6595 5048 1
5048 11132 1
11132 3039 1
3039 9605 1
9605 8013 1
8013 6341 1
6341 6362 1
6362 10654 1
10654 7299 1
7299 4842 1
4842 9275 1
9275 11052 1
11052 11 1
11 2557 1
2557 5513 1
5513 10609 1
10609 8153 1
8153 8233 1
8233 2788 1
2788 8345 1
8345 2121 1
2121 6391 1
6391 3611 1
3611 8730 1
8730 2791 1
2791 1785 1
1785 756 1
756 6918 1
6918 9278 1
9278 3042 1
3042 437 1
437 10723 1
10723 8343 1
8343 5161 1
5161 2975 1
2975 10777 1
10777 6918 1
6918 9218 1
9218 2406 1
2406 1229 1
1229 10091 1
10091 6391 1
6391 8719 1
8719 3678 1
3678 505 1
505 9108 1
9108 1483 1
1483 2466 1
2466 10539 1
10539 10091 1
10091 6328 1
6328 5191 1
5191 7229 1
7229 6077 1
6077 4128 1
4128 11114 1
11114 9319 1
9319 4828 1
4828 10411 1
10411 617 1
617 2658 1
2658 10411 1
10411 7904 1
7904 6529 1
6529 1688 1
1688 3373 1
3373 7047 1
7047 9223 1
9223 9441 1
9441 2904 1
2904 10129 1
10129 4044 1
4044 3478 1
3478 2921 1
2921 4073 1
4073 2904 1
2904 8547 1
8547 7755 1
7755 4044 1
4044 8277 1
8277 7751 1
7751 2795 1
2795 9796 1
2795 9441 1
9441 10087 1
10087 584 1
584 2864 1
2864 1207 1
1207 9528 1
9528 2864 1
2864 2301 1
2301 2285 1
2285 4776 1
4776 4830 1
4830 8762 1
8762 8345 1
8345 7867 1
7867 2880 1
2880 2162 1
2162 4135 1
4135 2535 1
2535 7370 1
7370 6459 1
6459 9264 1
9264 4583 1
4583 5016 1
5016 9108 1
9108 9033 1
9033 5593 1
5593 3170 1
3170 6863 1
6863 5056 1
5056 6052 1
6052 623 1
623 2880 1
2880 941 1
941 2020 1
2020 7159 1
7159 8736 1
8736 50 1
50 7695 1
7695 497 1
497 537 1
537 455 1
455 8949 1
8949 4747 1
4747 3397 1
3397 2395 1
2395 10179 1
10179 1328 1
1328 7878 1
7878 4629 1
4629 1208 1
1208 2792 1
2792 4663 1
4663 7878 1
7878 10179 1
10179 5616 1
5616 5163 1
5163 3309 1
3309 6391 1
6391 4464 1
4464 7530 1
7530 10588 1
10588 7920 1
7920 7031 1
7031 6935 1
6935 10504 1
10504 8368 1
8368 10723 1
10723 7066 1
7066 9600 1
9600 2175 1
2175 4583 1
4583 8269 1
8269 537 1
537 9733 1
9733 3301 1
3301 3234 1
3234 3386 1
3386 4877 1
4877 68 1
68 7457 1
7457 3678 1
3678 2262 1
2262 8716 1
8716 1681 1
1681 4774 1
4774 3813 1
3813 4044 1
4044 7751 1
7751 1726 1
1726 2795 1
2795 8277 1
8277 6192 1
6192 811 1
811 7754 1
7754 10062 1
10062 3099 1
3099 4776 1
4776 3215 1
3215 4917 1
4917 2860 1
2860 2932 1
2932 5496 1
5496 2260 1
2260 5244 1
5244 8484 1
8484 6970 1
6970 7123 1
7123 5117 1
5117 5524 1
5524 10528 1
10528 3111 1
3111 8246 1
8246 8117 1
8117 8973 1
8973 10343 1
10343 2970 1
2970 10022 1
10022 982 1
982 2181 1
2181 7433 1
7433 1036 1
1036 8469 1
8469 6197 1
6197 4707 1
4707 2077 1
2077 3364 1
3364 7682 1
7682 6910 1
6910 5611 1
5611 5503 1
5503 853 1
853 4871 1
4871 6991 1
6991 9502 1
9502 6786 1
6786 9490 1
9490 8903 1
8903 6991 1
6991 3373 1
3373 5819 1
5819 9356 1
9356 5884 1
5884 2877 1
2877 4003 1
4003 6224 1
6224 7308 1
7308 3623 1
3623 3517 1
3517 2658 1
2658 10041 1
10041 9870 1
9870 4104 1
4104 3993 1
3993 3326 1
3326 7682 1
7682 7023 1
7023 4877 1
4877 5053 1
5053 2658 1
2658 357 1
357 8523 1
8523 6139 1
6139 1801 1
1801 2975 1
2975 3397 1
3397 7911 1
7911 8992 1
8992 8229 1
8229 8282 1
8282 9387 1
9387 1892 1
1892 281 1
281 2970 1
2970 9872 1
9872 7977 1
7977 233 1
233 5326 1
5326 6892 1
6892 10849 1
10849 10678 1
10678 10976 1
10976 6408 1
6408 11167 1
11167 4462 1
4462 808 1
808 3510 1
3510 11167 1
11167 9011 1
9011 5133 1
5133 10290 1
10290 5968 1
5968 4208 1
4208 3394 1
3394 5564 1
5564 8474 1
8474 798 1
798 8681 1
8681 612 1
612 9277 1
9277 1583 1
1583 8124 1
1583 4874 1
4874 3682 1
3682 6118 1
6118 42 1
42 6329 1
6329 3100 1
3100 2192 1
2192 606 1
606 2447 1
2447 982 1
982 7663 1
7663 4061 1
4061 4297 1
4297 4661 1
4661 2020 1
2020 6383 1
6383 8762 1
8762 4606 1
4606 8385 1
4606 4744 1
4744 3111 1
4744 8565 1
8565 7400 1
7400 2846 1
2846 11177 1
11177 4734 1
4734 10235 1
10235 7660 1
7660 6465 1
6465 3395 1
3395 3776 1
3776 3711 1
3776 8199 1
8199 25 1
8199 2456 1
2456 6649 1
6649 2133 1
6649 11177 1
11177 6898 1
6898 5726 1
5726 7627 1
7627 10772 1
10772 2518 1
2518 6915 1
6915 10772 1
10772 9793 1
9793 720 1
720 9743 1
9743 599 1
599 2771 1
2771 9743 1
9743 11113 1
11113 5482 1
5482 7188 1
7188 1281 1
1281 9035 1
9035 5419 1
5419 6170 1
6170 9158 1
9158 970 1
970 7076 1
7076 2910 1
2910 9471 1
9471 7076 1
7076 8291 1
7076 4114 1
4114 116 1
116 2801 1
2801 3914 1
3914 50 1
50 6101 1
6101 7491 1
6101 6890 1
6890 6329 1
6329 11006 1
11006 8802 1
8802 2854 1
2854 4308 1
4308 4871 1
4871 8767 1
8767 7720 1
7720 10092 1
10092 2023 1
2023 3592 1
10092 10910 1
10910 1419 1
1419 4537 1
4537 7647 1
7647 6547 1
6547 5346 1
6547 9376 1
9376 2279 1
2279 840 1
840 9276 1
9276 6205 1
6205 8864 1
8864 3651 1
3651 1812 1
1812 5982 1
5982 3079 1
3079 850 1
850 1686 1
1686 8744 1
8744 8584 1
8584 7150 1
8584 1213 1
1213 2756 1
2756 7498 1
7498 420 1
420 5784 1
5784 10711 1
5784 8067 1
8067 10646 1
10646 2845 1
6096 923 1
923 1129 1
1129 686 1
1129 10334 1
10334 7914 1
7914 11177 1
11177 3662 1
3662 6742 1
6742 7693 1
7693 10664 1
10664 1897 1
1897 2828 1
2828 1687 1
2828 2455 1
6039 9285 1
9285 10641 1
10641 324 1
2455 2109 1
2109 4568 1
4568 10817 1
10817 2828 1
2828 8954 1
2828 2109 1
4568 2828 1
2828 5915 1
5915 4760 1
5915 3495 1
3495 2828 1
2828 4696 1
4696 1897 1
1897 4760 1
4760 7605 1
7605 9957 1
9957 1284 1
9957 7647 1
7647 1236 1
1236 5109 1
5109 6205 1
6205 2021 1
2021 2446 1
2446 4331 1
4331 3598 1
3598 5109 1
5109 6804 1
6804 10384 1
10384 8042 1
5109 840 1
840 3598 1
3598 6489 1
6489 2484 1
2484 5847 1
5847 7212 1
7212 5831 1
5831 10129 1
10129 9899 1
9899 5336 1
5336 2854 1
2854 9545 1
9545 2112 1
2112 2192 1
2192 10041 1
10041 4297 1
4297 7945 1
7945 4474 1
4474 2272 1
2272 9545 1
9545 7023 1
7023 1681 1
1681 10912 1
10912 7843 1
7843 7878 1
7878 2880 1
2880 4379 1
4379 1248 1
1248 4019 1
4019 9731 1
9731 10143 1
10143 5451 1
5451 8604 1
8604 2842 1
2842 42 1
42 9605 1
9605 8719 1
8719 7945 1
7945 3197 1
3197 7147 1
7147 7922 1
7922 6787 1
6787 2343 1
2343 4865 1
4865 8099 1
8099 180 1
180 2975 1
2975 8374 1
8374 7920 1
7920 1770 1
1770 4792 1
1770 8407 1
8407 11142 1
11142 5322 1
5322 782 1
782 11142 1
11142 10195 1
10195 10369 1
10369 8407 1
8407 7920 1
7920 537 1
537 3164 1
3164 384 1
384 2395 1
