198 303 1
303 1365 1
1365 4842 1
4842 1152 1
1152 411 1
411 4027 1
4027 4941 1
4941 985 1
985 4149 1
4149 2363 1
2363 6691 1
6691 11109 1
11109 2162 1
2162 3062 1
3062 7682 1
7682 7023 1
7023 5241 1
5241 11132 1
11132 8374 1
8374 606 1
606 2362 1
2362 8020 1
8020 2445 1
2445 1412 1
1412 5792 1
5792 9605 1
9605 11170 1
11170 4766 1
4766 7768 1
7768 818 1
818 232 1
232 3409 1
3409 5969 1
5969 11132 1
11132 4483 1
4483 4877 1
4877 8759 1
8759 4382 1
4382 4474 1
4474 1801 1
1801 3227 1
3227 3678 1
3678 7253 1
7253 8239 1
8239 4744 1
4744 10547 1
10547 9141 1
9141 1739 1
1739 7945 1
7945 9146 1
9146 3772 1
3772 7484 1
7484 6383 1
6383 3517 1
3517 2979 1
2979 10726 1
10726 9605 1
9605 5241 1
5241 6286 1
6286 5819 1
5819 8319 1
8319 10452 1
10452 2794 1
2794 4650 1
4650 2545 1
2545 3844 1
3844 7591 1
7591 360 1
360 7457 1
7457 3115 1
3115 4199 1
4199 7370 1
7370 720 1
720 2535 1
2535 7977 1
7977 6426 1
6426 11018 1
11018 3533 1
11018 2307 1
2307 8973 1
8973 7824 1
7824 1196 1
1196 5312 1
5312 10782 1
10782 10198 1
10198 7877 1
7877 8138 1
8138 9955 1
9955 10894 1
10894 5150 1
5150 5838 1
5838 10932 1
10932 9840 1
9840 534 1
534 1553 1
1553 333 1
333 8400 1
8400 8711 1
8711 9840 1
9840 5838 1
5838 3033 1
3033 5375 1
5375 1099 1
1099 8302 1
8302 8243 1
8243 1355 1
1355 9615 1
9615 739 1
739 7416 1
7416 5375 1
5375 1355 1
1355 8400 1
8400 8243 1
8243 5375 1
5375 9167 1
5375 4063 1
4063 5150 1
5150 1355 1
1355 4187 1
4187 739 1
739 8138 1
8138 7416 1
7416 5602 1
5602 8711 1
8711 10944 1
10944 10419 1
10419 9840 1
9840 8088 1
8088 3585 1
3585 333 1
333 4063 1
4063 4923 1
4923 10198 1
10198 7416 1
7416 10256 1
10256 7877 1
7877 10944 1
10944 7290 1
7290 1553 1
1553 4063 1
4063 5306 1
5306 5375 1
5375 10256 1
10256 7729 1
7729 1099 1
1099 8711 1
8711 8088 1
8088 7173 1
7173 10385 1
10385 8429 1
8429 3841 1
3841 5306 1
5306 3033 1
3033 9643 1
9643 5375 1
7416 10419 1
10419 8302 1
8302 1355 1
1355 9955 1
9955 6763 1
6763 5602 1
5602 2496 1
2496 10419 1
8302 8301 1
8301 9643 1
9643 534 1
534 5375 1
5375 739 1
739 10944 1
10944 5150 1
5150 8302 1
8302 10385 1
10385 10894 1
9955 8429 1
9955 4923 1
4923 10256 1
10256 974 1
974 4063 1
4063 9840 1
9840 10256 1
10256 333 1
333 3146 1
3146 5306 1
5306 7290 1
7290 1099 1
1099 6895 1
6895 1819 1
1819 8390 1
8390 3246 1
3246 8896 1
8896 10009 1
10009 1952 1
1952 6530 1
1952 6334 1
6334 8430 1
8430 601 1
601 4303 1
4303 8009 1
8009 1259 1
1259 6618 1
6618 3522 1
6618 108 1
108 8009 1
8009 7434 1
7434 4954 1
4954 7023 1
7023 1959 1
1959 6876 1
6876 5971 1
5971 10123 1
10123 5161 1
5161 1564 1
1564 542 1
542 7484 1
7484 2381 1
2381 5241 1
6286 8719 1
8719 1801 1
1801 4877 1
4877 6563 1
6563 9545 1
9545 5395 1
5395 6459 1
6459 10487 1
10487 7843 1
7843 3170 1
3170 3993 1
3993 10123 1
10123 2965 1
2965 3993 1
3993 4480 1
4480 11132 1
11132 3862 1
3862 5064 1
5064 9661 1
9661 1774 1
1774 1755 1
1755 9594 1
9594 982 1
982 8374 1
8374 2447 1
2447 4661 1
4661 2936 1
2936 4954 1
4954 982 1
982 5539 1
5539 1479 1
1479 865 1
865 7637 1
7637 6465 1
6465 8199 1
8199 3746 1
3746 25 1
25 1512 1
1512 10557 1
10557 8665 1
8665 1059 1
1059 10557 1
1512 5839 1
1512 5288 1
5288 327 1
327 1287 1
1287 6774 1
6774 9991 1
9991 3168 1
3168 200 1
200 2796 1
2796 4373 1
2796 7689 1
7689 3806 1
3806 11093 1
11093 2255 1
2255 4412 1
4412 2192 1
2192 10529 1
10529 8316 1
8316 9089 1
9089 2097 1
2097 9422 1
9422 3342 1
3342 11039 1
11039 11187 1
11187 9018 1
9018 1153 1
1153 719 1
719 4199 1
4199 7992 1
7992 2880 1
2880 50 1
50 7768 1
7768 10948 1
10948 8987 1
8987 9870 1
9870 357 1
357 1233 1
1233 1739 1
1739 7379 1
7379 9605 1
9605 5395 1
5395 10041 1
10041 2936 1
2936 2505 1
2505 9788 1
9788 4886 1
4886 10974 1
10974 296 1
296 3386 1
3386 3234 1
3234 982 1
982 7379 1
7379 2020 1
2020 8736 1
8736 4829 1
4829 4480 1
4480 10588 1
10588 9011 1
9011 4199 1
4199 7524 1
7524 944 1
944 1153 1
1153 159 1
159 8079 1
8079 2322 1
2322 3914 1
3914 3234 1
3234 7379 1
7379 7371 1
7371 8233 1
8233 6890 1
6890 8282 1
8282 4862 1
4862 2071 1
2071 7084 1
7084 1958 1
1958 4060 1
4060 8316 1
8316 5439 1
5439 258 1
258 7239 1
7239 8274 1
8274 8054 1
8054 3039 1
3039 561 1
561 3170 1
3170 2791 1
2791 11129 1
11129 1688 1
1688 2532 1
2532 9164 1
9164 9011 1
9011 731 1
731 7307 1
7307 10725 1
10725 4987 1
4987 7218 1
4987 10722 1
10722 7218 1
4987 3170 1
3170 6834 1
6834 7494 1
7494 9602 1
9602 6529 1
6529 11132 1
11132 9142 1
9142 2880 1
2880 4531 1
4531 3039 1
3039 68 1
68 4060 1
4060 2936 1
2936 8187 1
8187 7379 1
7379 8506 1
8506 2734 1
2734 8274 1
8274 9605 1
9605 6019 1
6019 2238 1
2238 7527 1
7527 8889 1
8889 2238 1
2238 3560 1
3560 8736 1
8736 6019 1
6019 10343 1
10343 497 1
497 2571 1
2571 8871 1
8871 10343 1
10343 1801 1
1801 10123 1
10123 7177 1
7177 4947 1
4947 9649 1
9649 8952 1
8952 11149 1
11149 6836 1
6836 5540 1
5540 5819 1
5819 4104 1
4104 5597 1
5597 6935 1
6935 4892 1
4892 8755 1
8755 10123 1
10123 6286 1
6286 3778 1
3778 8603 1
8603 8316 1
8316 8229 1
8229 8755 1
8755 6139 1
6139 9577 1
9577 2044 1
2044 10636 1
10636 9876 1
9876 7809 1
7809 4525 1
9876 7558 1
7558 4030 1
4030 10669 1
10669 7110 1
7110 9693 1
9693 8013 1
8013 8919 1
8919 4978 1
4978 720 1
720 281 1
281 2571 1
2571 5969 1
5969 7159 1
7159 4877 1
4877 2854 1
2854 7484 1
7484 10723 1
10723 6058 1
6058 7878 1
7878 5295 1
5295 8506 1
8506 6383 1
6383 3914 1
3914 8233 1
8233 3062 1
3062 1130 1
1130 4563 1
4563 4338 1
4338 1592 1
1592 3484 1
3484 3649 1
3649 10859 1
10859 1726 1
1726 7755 1
7755 709 1
709 7751 1
7751 2795 1
2795 452 1
452 7751 1
7751 10062 1
10062 8002 1
8002 3010 1
3010 4573 1
4573 4972 1
4972 8354 1
8354 4868 1
4868 1248 1
1248 4776 1
4776 2932 1
2932 3344 1
3344 9374 1
9374 2932 1
2932 9446 1
9446 4960 1
4960 9731 1
9731 3597 1
3597 6970 1
6970 9374 1
9374 7432 1
7432 2950 1
2950 1504 1
1504 4757 1
4757 1482 1
1482 636 1
636 8566 1
8566 4941 1
4941 6549 1
6549 542 1
542 2121 1
2121 8274 1
8274 3772 1
3772 7676 1
7676 180 1
180 2958 1
2958 3326 1
3326 281 1
281 6491 1
6491 8523 1
8523 11006 1
11006 10343 1
10343 10792 1
10792 6491 1
6491 2281 1
2281 542 1
542 4298 1
4298 4766 1
4766 6549 1
6549 9939 1
9939 8506 1
8506 10318 1
10318 5318 1
5318 3993 1
3993 1233 1
1233 7920 1
7920 9473 1
9473 2979 1
2979 4536 1
4536 3644 1
3644 9218 1
9218 4464 1
4464 8274 1
8274 4297 1
4297 2788 1
2788 10004 1
10004 6099 1
6099 10278 1
10278 853 1
853 10954 1
10954 9594 1
9594 4629 1
4629 8274 1
8274 8506 1
8506 281 1
281 537 1
537 6894 1
6894 5597 1
5597 6923 1
6923 7313 1
7313 2846 1
2846 3346 1
3346 6977 1
6977 8959 1
8959 2218 1
2218 9082 1
9082 4021 1
4021 4673 1
4673 382 1
382 4968 1
4968 5023 1
5023 10305 1
10305 10437 1
10437 14 1
14 5181 1
5181 3292 1
3292 3600 1
3600 10306 1
10306 8154 1
8154 14 1
14 5466 1
5466 10834 1
10834 5812 1
5812 10305 1
5812 7067 1
7067 10305 1
10305 4305 1
4305 9952 1
9952 6051 1
6051 4305 1
6051 5037 1
5037 5023 1
5023 6350 1
6350 633 1
633 6849 1
6849 10905 1
10905 10176 1
10176 6350 1
6350 2819 1
2819 3945 1
3945 8425 1
8425 1286 1
1286 5340 1
5340 4843 1
4843 8316 1
8316 1674 1
1674 4135 1
4135 7400 1
7400 2162 1
2162 3623 1
3623 621 1
621 5670 1
5670 4830 1
4830 8385 1
8385 1132 1
1132 1428 1
1428 3100 1
3100 10343 1
10343 1191 1
10343 2979 1
2979 9870 1
9870 7867 1
7867 1891 1
1891 3842 1
3842 5115 1
3842 7732 1
3842 895 1
3842 7876 1
7876 9356 1
9356 10886 1
10886 8716 1
8716 4563 1
4563 6099 1
6099 4766 1
4766 583 1
583 8716 1
8716 3326 1
3326 6715 1
6715 3409 1
3409 6722 1
6722 4536 1
4536 8229 1
8229 4998 1
4998 6398 1
6398 11039 1
11039 2734 1
2734 4483 1
4483 537 1
537 3788 1
3788 3534 1
3534 10263 1
10263 3218 1
3218 4865 1
4865 6391 1
6391 5161 1
5161 4115 1
5161 9218 1
9218 2284 1
2284 8374 1
982 5010 1
5010 615 1
615 4313 1
4313 3831 1
3831 3491 1
3491 574 1
574 9158 1
9158 9007 1
9007 2736 1
2736 9870 1
9870 5611 1
5611 3100 1
3100 6910 1
6910 4774 1
4774 6923 1
6923 4483 1
4483 4766 1
4766 7031 1
7031 982 1
982 4298 1
4298 2876 1
2876 1153 1
1153 11187 1
11187 8572 1
8572 6223 1
6223 9387 1
9387 7147 1
7147 11039 1
11039 3064 1
3064 10064 1
10064 2024 1
2024 6392 1
6392 9422 1
9422 6737 1
6737 10158 1
10158 8002 1
8002 2545 1
2545 7361 1
7361 3806 1
3806 4357 1
4357 2402 1
2402 1801 1
1801 1412 1
1412 10673 1
10673 8133 1
8133 6927 1
6927 10948 1
10948 2362 1
2362 7359 1
7359 4725 1
4725 1837 1
1837 9358 1
9358 3967 1
3967 2314 1
2314 3824 1
3824 10973 1
10973 9128 1
9128 11199 1
11199 66 1
66 3952 1
3952 438 1
66 8450 1
8450 794 1
794 2201 1
794 3214 1
3214 904 1
904 5726 1
5726 1031 1
1031 1492 1
1492 6898 1
6898 2312 1
2312 1963 1
1963 5630 1
1963 10772 1
1963 6105 1
10772 1768 1
1768 1031 1
1492 3423 1
6898 1362 1
1362 6008 1
6008 7203 1
7203 1362 1
6008 3529 1
3529 6898 1
6008 358 1
7203 6898 1
6898 8941 1
8941 6008 1
6898 3549 1
3549 10550 1
10550 11177 1
11177 4247 1
4247 7634 1
7634 6267 1
6267 5942 1
5942 11181 1
11181 2046 1
2046 4098 1
4098 9752 1
9752 2405 1
2405 9383 1
9383 10240 1
10240 6281 1
6281 6281 1
6281 9383 1
9383 1552 1
1552 184 1
184 3407 1
184 2132 1
184 1423 1
1423 7119 1
7119 676 1
7119 1165 1
1165 382 1
382 9082 1
9082 4968 1
4968 9700 1
9700 8380 1
8380 9134 1
8380 1270 1
1270 1781 1
1781 4968 1
9700 5640 1
5640 1781 1
1781 304 1
304 9572 1
9572 6349 1
6349 6936 1
6936 5906 1
5906 9731 1
9731 1173 1
1173 9446 1
9446 9071 1
9071 667 1
667 2831 1
2831 161 1
161 5668 1
5668 7994 1
7994 4019 1
4019 1173 1
1173 2078 1
2078 2757 1
2757 10287 1
10287 5881 1
5881 2958 1
2958 6383 1
6383 3993 1
3993 5442 1
5442 5569 1
5569 9457 1
5569 5318 1
5318 2272 1
2272 6563 1
6563 629 1
629 7084 1
7084 3100 1
3100 264 1
264 10886 1
10886 3778 1
3778 8871 1
8871 7484 1
7484 3574 1
3574 2497 1
3574 2737 1
2737 4480 1
4480 6526 1
6526 7091 1
7091 941 1
941 8987 1
8987 1801 1
1801 2979 1
2979 3574 1
3574 9870 1
9870 7371 1
7371 9011 1
9011 5154 1
5154 32 1
32 1088 1
1088 6470 1
6470 4195 1
4195 11079 1
4195 4704 1
4704 7369 1
4195 7195 1
7195 8039 1
7195 6161 1
6161 4125 1
4125 7511 1
7511 10396 1
10396 3732 1
3732 10399 1
10399 8861 1
3732 5393 1
5393 1584 1
1584 8584 1
8584 7647 1
7647 7170 1
7170 9447 1
9447 2279 1
2279 7647 1
7647 7334 1
7334 5023 1
5023 647 1
647 10176 1
10176 2725 1
2725 9132 1
9132 633 1
6350 731 1
7307 4387 1
4387 11130 1
11130 2859 1
2859 4947 1
4947 9887 1
9887 10591 1
10591 2954 1
2954 1190 1
1190 7777 1
7777 5418 1
7777 1928 1
1928 4447 1
7777 604 1
604 4592 1
604 1538 1
1538 1079 1
1079 9226 1
9226 6553 1
6553 1079 1
6553 3252 1
6553 704 1
704 4305 1
6051 704 1
704 5037 1
6051 5178 1
6051 9227 1
9227 2145 1
2145 5812 1
5812 3292 1
3292 10305 1
10305 10306 1
10306 5971 1
5971 8762 1
8762 1965 1
1965 4472 1
4472 3022 1
3022 9100 1
9100 3678 1
3678 319 1
319 7064 1
7064 4357 1
4357 5969 1
5969 2734 1
2734 1664 1
1664 818 1
818 8759 1
8759 2243 1
2243 8755 1
8755 1700 1
1700 7530 1
7530 8054 1
8054 281 1
281 3022 1
3022 4199 1
4199 8054 1
8054 11087 1
11087 2255 1
2255 3918 1
3918 393 1
393 2796 1
2796 8848 1
8848 6229 1
6229 4150 1
4150 8848 1
8848 9131 1
9131 75 1
75 10802 1
10802 3813 1
3813 2734 1
2734 10287 1
10287 5053 1
5053 50 1
50 6019 1
6019 1801 1
1801 2020 1
2020 5374 1
5374 264 1
264 505 1
505 2395 1
2395 4135 1
4135 8724 1
8724 3309 1
3309 7131 1
3309 1483 1
1483 2024 1
2024 2466 1
2466 3986 1
3986 6392 1
6392 5974 1
5974 4629 1
4629 2505 1
2505 606 1
606 10004 1
10004 6549 1
542 2238 1
2238 2819 1
2819 7945 1
7945 6549 1
6549 7524 1
7524 3604 1
3604 3073 1
3073 414 1
414 8133 1
8133 4190 1
4190 3409 1
3409 10235 1
10235 4135 1
4135 1153 1
1153 6033 1
6033 10612 1
10612 10649 1
10649 9600 1
9600 5534 1
5534 9110 1
9110 2791 1
2791 8506 1
8506 6572 1
6572 3060 1
3060 10123 1
10123 3560 1
3560 4060 1
4060 3227 1
3227 7379 1
7379 4382 1
4382 2571 1
2571 3813 1
3813 9733 1
9733 6595 1
6595 3926 1
3926 10954 1
10954 8767 1
8767 4128 1
4128 7720 1
7720 8226 1
8226 8767 1
8767 3572 1
3572 4073 1
4073 8911 1
8911 2188 1
2188 2904 1
2904 8002 1
8002 359 1
359 5326 1
5326 3699 1
3699 6489 1
6489 452 1
452 3267 1
3267 3572 1
3572 8079 1
8079 2854 1
2854 6572 1
6572 8153 1
8153 1208 1
1208 5616 1
5616 6529 1
6529 9605 1
9605 2044 1
2044 53 1
53 3703 1
3703 7972 1
7972 4831 1
4831 3703 1
3703 1754 1
3703 2498 1
2498 6176 1
6176 2530 1
2530 10425 1
10425 7192 1
7192 9306 1
9306 9999 1
9999 4112 1
4112 6984 1
6984 5471 1
5471 9999 1
9999 5282 1
5282 4768 1
4768 3804 1
3804 3988 1
3988 8957 1
8957 7007 1
7007 10968 1
10968 3988 1
3988 7890 1
7890 3121 1
3121 3845 1
3845 7890 1
7890 2283 1
2283 3076 1
3076 2807 1
2807 10563 1
10563 8236 1
8236 1026 1
1026 9240 1
9240 8236 1
8236 5409 1
5409 6172 1
6172 10580 1
10580 7526 1
7526 5317 1
5317 9474 1
9474 7007 1
7007 6172 1
6172 10968 1
10968 3804 1
3804 9474 1
9474 10580 1
10580 3684 1
3684 3804 1
3804 4485 1
4485 10563 1
8236 6172 1
10580 2283 1
2283 10563 1
10563 9240 1
9240 4768 1
4768 5829 1
5829 3138 1
3138 10542 1
10542 2537 1
10542 100 1
100 716 1
716 8091 1
8091 9184 1
9184 899 1
899 10213 1
10213 2257 1
2257 609 1
609 4005 1
4005 10213 1
10213 7445 1
7445 609 1
4005 7445 1
10213 2194 1
2194 8091 1
716 3438 1
3438 3138 1
5829 4499 1
4499 3438 1
3438 100 1
100 5304 1
5304 5829 1
4499 3198 1
3198 8072 1
8072 5304 1
5304 4499 1
4499 3343 1
3343 1748 1
1748 6243 1
6243 4827 1
4827 2286 1
2286 8688 1
8688 10961 1
10961 2342 1
2342 5230 1
5230 10938 1
10938 3372 1
3372 9468 1
9468 9044 1
9044 720 1
720 3062 1
3062 6383 1
6383 1428 1
1428 2736 1
2736 3840 1
3840 1965 1
1965 7052 1
7052 2535 1
2535 9146 1
9146 3678 1
3678 3218 1
3218 7131 1
7131 4135 1
4135 5970 1
5970 7945 1
7945 7400 1
7400 9732 1
9732 10634 1
10634 9044 1
9044 807 1
807 42 1
42 9356 1
9356 9223 1
9223 4278 1
4278 5458 1
5458 10158 1
10158 402 1
402 8922 1
8922 7230 1
7230 10146 1
10146 6828 1
6828 7230 1
7230 9154 1
7230 9724 1
9724 7743 1
7743 1713 1
1713 9724 1
9724 11162 1
11162 4269 1
9724 5104 1
5104 4495 1
4495 546 1
546 1269 1
1269 9991 1
9991 4495 1
4495 6774 1
1287 546 1
1287 4036 1
1287 10531 1
10531 9115 1
1287 6771 1
1287 619 1
619 7547 1
619 809 1
809 9458 1
9458 10815 1
10815 10462 1
10462 3621 1
3621 8984 1
8984 327 1
327 10815 1
10815 10913 1
10913 2698 1
10913 8787 1
8787 9486 1
9486 10446 1
10446 979 1
979 9878 1
9878 382 1
382 1781 1
1781 7911 1
7911 1375 1
1375 9700 1
9700 377 1
377 5001 1
5001 2754 1
2754 8504 1
8504 3241 1
3241 10287 1
10287 9164 1
9164 3241 1
10287 2238 1
2238 10723 1
10723 4747 1
4747 3517 1
3517 5355 1
5355 1233 1
1233 8153 1
8153 8274 1
8274 2262 1
2262 3993 1
3993 258 1
258 50 1
50 6194 1
6194 6061 1
6061 8229 1
8229 10804 1
10804 8719 1
8719 4892 1
4892 437 1
437 483 1
483 7920 1
7920 1564 1
1564 987 1
987 4830 1
4830 2736 1
2736 5184 1
5184 10316 1
5184 8576 1
8576 887 1
887 4888 1
4888 7638 1
7638 9291 1
9291 8357 1
8357 4530 1
4530 4596 1
4596 3875 1
3875 10757 1
10757 3180 1
3180 1497 1
1497 10088 1
10088 8514 1
10088 839 1
839 4870 1
4870 42 1
42 4978 1
4978 9788 1
9788 5154 1
5154 5016 1
5016 6737 1
6737 6935 1
6935 7321 1
7321 4709 1
4709 2466 1
2466 10723 1
10723 3993 1
3993 3788 1
3788 8771 1
8771 9406 1
9406 757 1
757 4922 1
4922 9406 1
9406 32 1
32 10723 1
10723 1229 1
1229 6391 1
6391 6019 1
6019 6286 1
6286 10343 1
10343 264 1
264 4865 1
4865 6097 1
6097 1535 1
1535 621 1
621 5442 1
5442 982 1
982 9165 1
9165 10083 1
9165 7945 1
7945 606 1
606 6927 1
6927 596 1
596 10191 1
10191 8036 1
8036 596 1
596 2703 1
2703 9175 1
9175 4866 1
4866 5696 1
5696 2055 1
2055 7798 1
7798 10235 1
10235 26 1
26 1443 1
1443 8912 1
8912 5708 1
5708 758 1
758 4629 1
4629 6058 1
6058 8330 1
8330 2289 1
2289 561 1
561 8712 1
8712 7676 1
7676 9108 1
9108 360 1
360 1806 1
1806 3862 1
3862 10546 1
10546 10179 1
10179 10487 1
10487 4663 1
4663 9605 1
9605 6239 1
6239 5783 1
5783 8882 1
8882 5318 1
5318 7484 1
7484 5442 1
5442 4862 1
4862 8187 1
8187 11170 1
11170 232 1
232 8506 1
8506 68 1
68 3574 1
3574 8470 1
8470 6491 1
6491 6715 1
6715 281 1
281 483 1
483 4774 1
4774 3064 1
3064 10886 1
10886 4877 1
4877 7239 1
7239 4661 1
4661 8998 1
8998 6061 1
6061 6918 1
6918 3993 1
3993 3383 1
3383 2568 1
2568 5569 1
5569 6572 1
6572 2284 1
2284 4104 1
4104 9373 1
9373 4060 1
4060 3788 1
3788 10726 1
10726 8345 1
8345 1892 1
1892 9427 1
9427 9141 1
9141 3517 1
3517 11054 1
11054 483 1
483 319 1
319 7023 1
7023 2632 1
2632 6935 1
6935 3572 1
3572 7457 1
7457 7682 1
7682 6836 1
6836 6935 1
6935 9733 1
9733 5439 1
5439 3064 1
3064 6061 1
6061 6910 1
6910 6549 1
6549 9011 1
9011 5318 1
5318 2737 1
2737 5442 1
5442 8316 1
8316 4766 1
4766 606 1
606 8343 1
8343 3945 1
3945 8961 1
8961 10723 1
10723 7066 1
7066 10179 1
10179 233 1
233 7359 1
7359 1535 1
1535 7768 1
7768 5161 1
5161 6097 1
6097 1681 1
1681 8523 1
8523 583 1
583 5439 1
5439 3317 1
3317 1921 1
1921 1088 1
1088 1692 1
1692 4390 1
4390 8578 1
8578 7455 1
7455 10948 1
7768 8215 1
8215 8853 1
8853 583 1
583 6770 1
6770 5161 1
5161 3326 1
3326 2897 1
2897 5881 1
5881 2788 1
2788 8802 1
8802 10343 1
10343 4536 1
4536 8716 1
8716 85 1
85 9141 1
9141 3364 1
3364 7682 1
7682 7845 1
7845 661 1
661 7922 1
7922 2096 1
7922 8229 1
8229 4464 1
4464 1336 1
1336 4115 1
4115 5395 1
5395 3945 1
3945 8719 1
8719 2381 1
2381 8523 1
8523 9146 1
9146 1535 1
1535 3813 1
3813 8987 1
8987 8731 1
8731 6345 1
8731 1716 1
1716 5241 1
5241 6918 1
6918 4483 1
4483 10318 1
10318 7663 1
7663 8343 1
8343 7676 1
7676 583 1
583 5503 1
5503 4474 1
4474 5792 1
5792 678 1
678 10777 1
10777 5974 1
5974 6288 1
6288 8316 1
8316 7992 1
7992 68 1
68 232 1
232 6329 1
6329 4349 1
4349 2880 1
2880 440 1
440 2568 1
2568 2238 1
2238 8374 1
8374 1629 1
1629 2936 1
2936 2658 1
2658 678 1
678 2936 1
2936 982 1
982 2447 1
2447 7768 1
7768 2958 1
2958 10123 1
10123 6737 1
6737 4536 1
4536 3957 1
3957 583 1
583 3993 1
3993 440 1
440 8274 1
8274 8470 1
8470 8233 1
8233 1157 1
1157 629 1
629 7484 1
7484 8274 1
8274 7768 1
7768 9427 1
9427 621 1
621 873 1
873 8461 1
8461 6998 1
6998 9743 1
9743 11113 1
11113 2100 1
2100 7807 1
7807 5720 1
5720 8863 1
8863 6269 1
6269 2339 1
2339 6935 1
6935 9278 1
9278 5611 1
5611 2571 1
2571 2854 1
2854 7371 1
7371 3042 1
3042 5881 1
5881 4563 1
4563 4954 1
4954 2970 1
2970 3788 1
3788 10318 1
10318 1892 1
1892 1739 1
1739 7867 1
7867 8734 1
8734 9922 1
9922 4082 1
4082 4527 1
4527 7052 1
7052 4119 1
4119 4480 1
4480 10041 1
10041 9146 1
9146 4774 1
4774 8374 1
8374 6722 1
6722 2946 1
2946 9605 1
9605 5441 1
5441 7992 1
7992 9044 1
9044 11132 1
11132 3326 1
3326 8239 1
8239 10984 1
10984 8565 1
8565 1026 1
1026 8957 1
1026 6311 1
6311 6391 1
6391 9502 1
9502 2877 1
2877 4308 1
4308 3317 1
3317 2979 1
2979 3058 1
3058 2343 1
2343 8410 1
8410 2175 1
2175 532 1
532 1229 1
1229 2532 1
2532 4664 1
4664 8319 1
8319 6927 1
6927 10723 1
10723 4474 1
4474 5355 1
5355 818 1
818 5503 1
5503 7023 1
7023 1564 1
1564 7676 1
7676 10020 1
10020 6529 1
6529 433 1
433 10318 1
10318 9011 1
9011 5442 1
5442 3010 1
3010 3397 1
3397 3232 1
3232 3218 1
3218 6398 1
6398 5974 1
5974 7922 1
5974 4238 1
4238 7031 1
7031 10529 1
10529 542 1
542 8603 1
8603 9142 1
9142 8345 1
8345 6019 1
6019 3993 1
3993 1535 1
1535 8736 1
8736 2284 1
2284 10343 1
10343 818 1
818 678 1
678 8343 1
8343 537 1
537 4000 1
4000 5442 1
5442 678 1
678 232 1
232 3344 1
3344 2734 1
2734 10022 1
10022 10723 1
10723 8716 1
8716 11170 1
11170 6491 1
6491 4583 1
4583 5016 1
5016 6033 1
6033 8316 1
8316 4008 1
4008 9591 1
9591 4563 1
4563 6139 1
6139 4238 1
4238 6572 1
6572 6923 1
6923 8912 1
8912 7768 1
7768 8871 1
8871 10723 1
10723 11054 1
11054 1659 1
1659 6056 1
6056 5335 1
5335 11054 1
11054 9427 1
9427 1197 1
1197 6411 1
6411 8802 1
8802 3301 1
3301 7023 1
7023 2970 1
2970 1634 1
1634 3062 1
3062 756 1
756 8755 1
8755 9761 1
9761 7814 1
7814 3215 1
3215 5326 1
5326 2864 1
2864 9761 1
9761 1904 1
