2259 8229 1
8229 497 1
497 10886 1
10886 6549 1
6549 1643 1
1643 3977 1
3977 2734 1
2734 6223 1
6223 4008 1
4008 5898 1
5898 9387 1
9387 3342 1
3342 7598 1
7598 10591 1
10591 4724 1
4724 6197 1
6197 11132 1
11132 1208 1
1208 3397 1
3397 3644 1
3644 2505 1
2505 10172 1
10172 5056 1
5056 232 1
232 4954 1
4954 2819 1
2819 3234 1
3234 2658 1
2658 10411 1
10411 6341 1
6341 1634 1
1634 8598 1
8598 9468 1
9468 442 1
442 2686 1
2686 6196 1
6196 10814 1
10814 1250 1
1250 6220 1
6220 3346 1
3346 10329 1
10329 9901 1
9901 8959 1
8959 1250 1
1250 10890 1
10890 10329 1
10329 7274 1
7274 1570 1
1570 10814 1
10814 9468 1
9468 299 1
299 10654 1
10654 5941 1
5941 3457 1
3457 10152 1
10152 5382 1
5382 2686 1
2686 8705 1
8705 10654 1
10654 42 1
42 730 1
730 7618 1
7618 4349 1
4349 3574 1
3574 5442 1
5442 8153 1
8153 7663 1
7663 7031 1
7031 6061 1
6061 2044 1
2044 9011 1
9011 3170 1
3170 2880 1
2880 42 1
42 2532 1
2532 2819 1
2819 3926 1
3926 6938 1
3926 296 1
296 6327 1
6327 4432 1
4432 2595 1
2595 264 1
264 10266 1
10266 2343 1
2343 6787 1
6787 3342 1
3342 11039 1
11039 7867 1
7867 6712 1
6712 2854 1
2854 7379 1
7379 4563 1
4563 6595 1
6595 5969 1
5969 1664 1
1664 5161 1
5161 2262 1
2262 606 1
606 7920 1
7920 982 1
982 8281 1
982 8716 1
8716 42 1
42 11129 1
11129 7066 1
7066 2535 1
2535 3678 1
3678 7768 1
7768 2077 1
2077 1389 1
1389 9491 1
9491 4887 1
4887 9983 1
9983 9814 1
9814 7824 1
7824 10397 1
10397 4757 1
4757 2762 1
2762 2223 1
2223 10143 1
10143 4757 1
4757 68 1
68 4661 1
4661 537 1
537 1233 1
1233 1373 1
1373 537 1
537 180 1
180 629 1
629 497 1
497 1535 1
1535 6894 1
6894 8759 1
8759 10529 1
10529 6391 1
6391 6411 1
6411 5971 1
5971 7710 1
7710 9007 1
9007 9147 1
9147 7710 1
7710 3111 1
3111 2736 1
2736 4198 1
4198 8553 1
4198 6489 1
6489 8988 1
8988 3670 1
8988 7543 1
7543 10757 1
10757 2987 1
2987 3062 1
3062 3957 1
3957 4477 1
4477 4536 1
4536 4297 1
4297 7064 1
7064 1785 1
1785 11054 1
11054 10804 1
11054 8802 1
8802 1664 1
1664 10326 1
10326 1228 1
1228 5675 1
5675 10676 1
10676 2692 1
2692 4471 1
4471 2207 1
2207 8601 1
2207 6279 1
6279 6985 1
6985 2277 1
2277 4277 1
4277 6279 1
6279 9550 1
9550 620 1
620 7438 1
7438 226 1
226 2277 1
2277 9550 1
9550 7438 1
226 6220 1
6220 7686 1
7686 8753 1
8753 7171 1
7171 5536 1
5536 5562 1
5562 7120 1
7120 7686 1
7686 3624 1
3624 442 1
442 8959 1
8959 1416 1
1416 5230 1
5230 5562 1
5562 1169 1
1169 9347 1
9347 10938 1
10938 7686 1
7686 9347 1
9347 1082 1
1082 3767 1
3767 8531 1
8531 10977 1
10977 6735 1
6735 3092 1
3092 2635 1
2635 1603 1
1603 8093 1
8093 7367 1
7367 2635 1
2635 1019 1
1019 8093 1
8093 8856 1
8856 3092 1
3092 3288 1
3288 6443 1
6443 9071 1
9071 7057 1
7057 472 1
472 1504 1
1504 9823 1
9823 10809 1
10809 667 1
667 7994 1
7994 7190 1
7190 8543 1
8543 2260 1
2260 1882 1
1882 2223 1
2223 10073 1
10073 2695 1
2695 10983 1
10983 1471 1
1471 5259 1
5259 3546 1
5259 6500 1
6500 304 1
304 4673 1
4673 4968 1
4968 304 1
304 9194 1
9194 6810 1
9194 5878 1
5878 2530 1
2530 2601 1
2601 3176 1
2601 4557 1
4557 5282 1
5282 10325 1
10325 2601 1
2601 1035 1
1035 1126 1
1035 4521 1
4521 6954 1
6954 6734 1
6734 2830 1
6734 6360 1
6360 9392 1
9392 1497 1
1497 1827 1
1827 9769 1
1827 1620 1
1827 1795 1
1795 4619 1
4619 5158 1
5158 9300 1
9300 6189 1
6189 6838 1
6838 5592 1
5592 6936 1
6936 7994 1
7994 1987 1
1987 4019 1
4019 1504 1
1504 10143 1
10143 10809 1
10809 5601 1
5601 6309 1
6309 10809 1
10809 9319 1
9319 2559 1
2559 1697 1
1697 11089 1
11089 4590 1
4590 16 1
16 7714 1
16 7110 1
7110 6257 1
6257 1746 1
1746 335 1
335 6228 1
6228 1443 1
1443 8666 1
8666 1746 1
1746 2975 1
2975 9427 1
9427 2979 1
2979 2281 1
2281 4060 1
4060 9473 1
9473 3022 1
3022 1483 1
1483 9147 1
9147 8345 1
8345 9142 1
9142 8187 1
8187 6549 1
6549 6505 1
6505 3794 1
3794 2890 1
2890 6422 1
6422 11039 1
11039 4472 1
4472 8229 1
8229 4061 1
4061 281 1
281 8603 1
8603 180 1
180 4238 1
4238 3772 1
3772 3100 1
3100 4892 1
4892 4382 1
4382 7023 1
7023 6722 1
6722 10551 1
10551 9141 1
9141 3778 1
3778 9939 1
9939 8153 1
8153 5597 1
5597 9733 1
9733 9142 1
9142 7676 1
7676 10004 1
10004 2854 1
2854 5974 1
5974 1959 1
1959 6712 1
6712 6910 1
6910 4774 1
4774 2505 1
2505 3510 1
3510 1629 1
1629 8274 1
8274 2243 1
2243 9939 1
9939 4536 1
4536 6391 1
6391 1806 1
1806 6529 1
6529 6288 1
6288 9033 1
9033 2880 1
2880 3353 1
3353 1331 1
1331 5119 1
5119 3478 1
3478 8911 1
8911 10129 1
10129 2285 1
2285 10087 1
10087 7746 1
7746 9761 1
9761 233 1
233 3720 1
3720 359 1
359 5103 1
5103 3720 1
3720 4919 1
4919 9899 1
9899 4044 1
4044 8002 1
8002 398 1
398 3181 1
3181 7751 1
3181 8547 1
8547 3099 1
3099 4919 1
4919 3478 1
3478 9899 1
9899 7755 1
7755 8364 1
8364 2198 1
2198 5169 1
5169 7755 1
7755 3720 1
4919 10849 1
10849 8973 1
8973 5410 1
5410 5698 1
5698 1524 1
1524 9654 1
9654 4519 1
4519 5410 1
5410 1374 1
1374 5416 1
5416 11117 1
11117 3736 1
3736 6001 1
6001 4519 1
4519 494 1
494 5416 1
5416 10589 1
10589 6121 1
6121 1676 1
1676 4673 1
4673 9766 1
9766 8380 1
8380 3204 1
3204 3429 1
3429 9194 1
9194 1542 1
1542 1775 1
1775 5361 1
1775 3617 1
3617 9234 1
9234 9085 1
9234 11037 1
11037 6626 1
6626 3091 1
3091 271 1
271 3852 1
3852 3759 1
3759 271 1
271 2718 1
271 10759 1
10759 16 1
16 9253 1
9253 5540 1
5540 5230 1
5230 5686 1
5686 1147 1
1147 6465 1
6465 9179 1
6465 1777 1
6465 791 1
791 11011 1
6465 6087 1
6087 10575 1
10575 9533 1
9533 373 1
373 1748 1
1748 8072 1
8072 10924 1
10924 4499 1
4499 5829 1
5829 7890 1
7890 10580 1
10580 3845 1
3845 7007 1
7007 9827 1
9827 5659 1
5659 5829 1
5829 3121 1
3121 2807 1
2807 994 1
2807 9827 1
9827 4485 1
4485 3076 1
3076 2807 1
2807 7890 1
7890 10968 1
10968 5317 1
5317 10580 1
10580 4768 1
10580 6172 1
6172 2413 1
2413 5829 1
5829 3684 1
3684 994 1
994 3804 1
3804 3989 1
3989 4485 1
4485 10968 1
10968 3121 1
3121 2283 1
2283 7890 1
7890 3076 1
3076 7526 1
7526 3121 1
3121 7890 1
7890 9240 1
9240 3988 1
9240 10563 1
10563 2807 1
2807 5317 1
5317 6172 1
6172 3989 1
3989 10968 1
10968 5659 1
5659 4768 1
4768 3989 1
3989 5829 1
5829 9827 1
9827 8957 1
8957 5409 1
5409 9240 1
9240 8236 1
8236 3804 1
3804 2413 1
2413 9240 1
9240 3989 1
3989 2413 1
2413 8957 1
8957 5659 1
10968 9827 1
9827 6172 1
6172 4768 1
4768 3684 1
3684 2413 1
3989 7526 1
7526 3988 1
3988 2807 1
3121 3804 1
3804 2283 1
2283 5409 1
5409 994 1
994 8343 1
8343 1535 1
1535 2243 1
2243 6097 1
6097 2979 1
9427 2284 1
2284 3813 1
3813 8374 1
8374 3344 1
3344 2932 1
2932 1248 1
1248 8364 1
8364 10397 1
10397 9110 1
9110 2897 1
2897 2608 1
2608 3309 1
3309 4298 1
4298 7159 1
7159 8998 1
8998 8239 1
8239 3342 1
3342 3730 1
3730 1934 1
1934 2635 1
2635 5279 1
5279 7626 1
7626 7236 1
7236 6304 1
6304 3092 1
8856 7069 1
7069 3767 1
3767 3097 1
3097 9072 1
9072 8368 1
8368 3317 1
3317 10723 1
10723 10546 1
10546 11129 1
11129 2289 1
2289 7676 1
7676 3170 1
3170 74 1
74 3611 1
3611 10886 1
10886 9011 1
9011 718 1
718 720 1
720 281 1
281 2854 1
2854 7159 1
7159 5501 1
5501 2664 1
2664 6565 1
6565 7968 1
7968 7275 1
7275 8509 1
8509 2563 1
2563 7968 1
7968 8029 1
8029 7910 1
7910 808 1
808 5434 1
5434 6408 1
6408 5188 1
5188 3844 1
3844 2563 1
2563 1802 1
1802 7968 1
8029 2664 1
2664 5858 1
5858 3844 1
3844 6374 1
6374 6642 1
6642 397 1
397 8364 1
8364 1904 1
1904 3267 1
3267 2860 1
2860 233 1
233 8872 1
8872 7814 1
7814 8576 1
8576 6489 1
6489 4707 1
6489 5308 1
5308 2119 1
2119 9814 1
9814 9723 1
9723 2671 1
2671 2426 1
2426 2015 1
2015 2867 1
2867 5387 1
5387 3026 1
3026 2426 1
2426 582 1
582 9104 1
9104 6536 1
6536 649 1
649 367 1
649 3111 1
3111 1326 1
1326 6536 1
6536 582 1
582 2492 1
2492 8858 1
8858 8765 1
8765 1096 1
1096 5080 1
5080 10869 1
10869 5318 1
5318 8961 1
8961 3344 1
3344 8187 1
8187 1801 1
1801 6286 1
6286 10726 1
10726 9142 1
9142 4774 1
4774 6894 1
6894 7530 1
7530 5611 1
5611 2979 1
2979 4774 1
4774 8759 1
8759 8755 1
8755 10804 1
10804 6737 1
6737 8719 1
8719 7064 1
7064 5768 1
5768 4978 1
4978 1130 1
1130 6737 1
6737 7563 1
7563 10339 1
10339 3615 1
3615 8748 1
8748 6115 1
6115 3615 1
3615 412 1
412 8103 1
8103 7000 1
7000 7147 1
7147 8754 1
8754 3397 1
3397 6918 1
6918 5881 1
5881 1751 1
1751 9600 1
9600 5974 1
5974 393 1
393 6229 1
6229 5654 1
5654 1662 1
1662 376 1
376 7689 1
7689 3918 1
3918 11093 1
11093 2880 1
2880 10777 1
10777 9400 1
9400 5442 1
5442 3111 1
3111 5360 1
5360 10158 1
10158 7279 1
7279 5453 1
5453 4664 1
4664 4325 1
4325 6328 1
6328 2819 1
2819 3611 1
3611 6288 1
6288 478 1
478 5593 1
5593 7457 1
7457 3397 1
3397 5064 1
5064 7198 1
7198 9173 1
9173 5970 1
5970 2255 1
2255 8196 1
8196 8275 1
8196 4261 1
2255 1662 1
1662 7689 1
7689 6229 1
6229 4150 1
4150 3384 1
3384 4042 1
4042 6513 1
6513 11087 1
11087 4135 1
4135 8998 1
8998 2112 1
2112 1629 1
1629 4877 1
4877 6712 1
6712 4747 1
4747 2970 1
2970 6383 1
6383 8736 1
8736 9141 1
9141 180 1
180 5969 1
5969 5503 1
5503 3659 1
3659 1229 1
1229 2925 1
2925 8779 1
8779 2877 1
2877 10147 1
10147 4003 1
4003 2466 1
2466 159 1
159 3914 1
3914 3523 1
3523 10004 1
10004 11006 1
11006 4115 1
4115 3386 1
3386 2272 1
2272 4464 1
4464 982 1
982 6019 1
6019 10804 1
10804 10723 1
10723 561 1
561 4199 1
4199 6997 1
6997 8282 1
8282 4349 1
4349 11060 1
11060 8274 1
8274 10123 1
10123 10267 1
10267 992 1
992 8586 1
8586 3578 1
992 1526 1
1526 635 1
635 4468 1
4468 1806 1
1806 4018 1
4018 4629 1
4629 11086 1
11086 10551 1
10551 3234 1
3234 3022 1
3022 9600 1
9600 4663 1
4663 7878 1
7878 2243 1
2243 3327 1
3327 8506 1
8506 3993 1
3993 3042 1
3042 1801 1
1801 8961 1
8961 7379 1
7379 629 1
497 4264 1
4264 7676 1
7676 6383 1
6383 5611 1
5611 8153 1
8153 6459 1
6459 4744 1
4744 10547 1
10547 4199 1
4199 8316 1
8316 6923 1
6923 3383 1
3383 4661 1
4661 2975 1
2975 2044 1
2044 1959 1
1959 2571 1
2571 5439 1
5439 2112 1
2112 7530 1
7530 2506 1
2506 3255 1
2506 3733 1
3733 5604 1
5604 6529 1
6529 3170 1
3170 2395 1
2395 8565 1
8565 233 1
233 8712 1
8712 7370 1
7370 7768 1
7768 2946 1
2946 2044 1
2044 4536 1
4536 3397 1
3397 7064 1
7064 4861 1
4861 4480 1
4480 9278 1
9278 9733 1
9733 3022 1
3022 4382 1
4382 2262 1
2262 3022 1
3022 2979 1
2979 232 1
232 10723 1
10723 6288 1
6288 6052 1
6052 5751 1
5751 7400 1
7400 2943 1
2943 10397 1
10397 6821 1
6821 2691 1
2691 8484 1
8484 5524 1
5524 10397 1
10397 985 1
985 2932 1
2932 397 1
397 10087 1
10087 2795 1
2795 2198 1
2198 3215 1
3215 7427 1
7427 3099 1
3099 3572 1
3572 10091 1
10091 1648 1
1648 1494 1
1494 7139 1
7139 1648 1
1648 8118 1
8118 7701 1
7701 7497 1
7497 4435 1
4435 7102 1
7102 4915 1
7102 1066 1
1066 1986 1
1986 2426 1
2426 9925 1
9925 8316 1
8316 11087 1
11087 5048 1
5048 7878 1
7878 10628 1
10628 10172 1
10172 7457 1
7457 3611 1
3611 4115 1
4115 5597 1
5597 1785 1
1785 3386 1
3386 8871 1
8871 6963 1
6963 9092 1
9092 8523 1
8523 6391 1
6391 1801 1
8187 5241 1
5241 6194 1
6194 437 1
437 11132 1
11132 1564 1
1564 9278 1
9278 85 1
85 3100 1
3100 3574 1
3574 5611 1
5611 5374 1
5374 5318 1
5318 5964 1
5964 10869 1
10869 2552 1
2552 2471 1
2471 5564 1
5564 5885 1
5885 3997 1
3997 2295 1
2295 9345 1
9345 1092 1
1092 5510 1
5510 2634 1
2634 9995 1
9995 2809 1
9995 7924 1
7924 4854 1
7924 5435 1
7924 5968 1
5968 3397 1
3397 5616 1
5616 561 1
561 6648 1
6648 9602 1
9602 8316 1
8316 7370 1
7370 10202 1
10202 8565 1
8565 3062 1
3062 9346 1
9346 9788 1
9788 2970 1
2970 319 1
319 4480 1
4480 281 1
281 2238 1
2238 1564 1
1564 8987 1
8987 7660 1
8987 678 1
678 3993 1
3993 3111 1
3111 10321 1
10321 5636 1
5636 6277 1
6277 9709 1
6277 1444 1
1444 3227 1
3227 3312 1
3312 9404 1
3312 6962 1
6962 3227 1
3227 497 1
497 5395 1
5395 2272 1
2272 4766 1
4766 6286 1
6286 4115 1
4115 8374 1
8374 8153 1
8153 6722 1
6722 264 1
264 10318 1
10318 8345 1
8345 3914 1
3914 6737 1
6737 3659 1
3659 4810 1
4810 10964 1
10964 2466 1
2466 9593 1
9593 8037 1
8037 6770 1
6770 4661 1
4661 3813 1
3813 3397 1
3397 4239 1
4239 9018 1
9018 9591 1
9591 8949 1
8949 4115 1
4115 8998 1
8998 6019 1
6019 264 1
264 4199 1
4199 7066 1
7066 2970 1
2970 3227 1
3227 68 1
68 3234 1
3234 8345 1
8345 3644 1
3644 5053 1
5053 7768 1
7768 4297 1
4297 8759 1
8759 8187 1
6894 2788 1
2788 4483 1
4483 497 1
497 9400 1
9400 2854 1
2854 3064 1
3064 2975 1
2975 5161 1
5161 6923 1
6923 7153 1
7153 2943 1
2943 224 1
224 2339 1
2339 8863 1
8863 5720 1
5720 5026 1
5720 6833 1
6833 2506 1
2506 2339 1
2339 8697 1
2339 11129 1
11129 3115 1
3115 3326 1
3326 10343 1
10343 7824 1
7824 4553 1
4553 240 1
240 1132 1
1132 6391 1
6391 2535 1
2535 3058 1
3058 3022 1
3022 2281 1
2281 3042 1
3042 7867 1
7867 2880 1
2880 3678 1
3678 678 1
678 1130 1
1130 6525 1
6525 10529 1
10529 8998 1
8998 3957 1
3957 3409 1
3409 8716 1
8716 7945 1
7945 3234 1
3234 9146 1
9146 5053 1
5053 4115 1
4115 4480 1
4480 2284 1
2284 3100 1
3100 6194 1
6194 8153 1
8153 10529 1
10529 818 1
818 3397 1
3397 2020 1
2020 10004 1
10004 8603 1
8603 2734 1
2734 3344 1
3344 10318 1
10318 5355 1
5355 1130 1
1130 1629 1
1629 5969 1
5969 7064 1
7064 1664 1
1664 8106 1
8106 10782 1
10782 8901 1
8901 7110 1
7110 7411 1
7411 8401 1
8401 3999 1
3999 4098 1
4098 3144 1
3144 3247 1
3247 1360 1
1360 1700 1
1700 9105 1
9105 3800 1
3800 627 1
627 2463 1
2463 8065 1
2463 3243 1
2463 4125 1
4125 6161 1
6161 1143 1
1143 7736 1
1143 7140 1
7140 8296 1
8296 9449 1
9449 3673 1
3673 4487 1
4487 2237 1
2237 1616 1
1616 8923 1
8923 995 1
995 9442 1
9442 9795 1
9795 885 1
885 6156 1
6156 4365 1
6156 2714 1
2714 981 1
981 4312 1
4312 4466 1
4312 2442 1
2442 8141 1
8141 4460 1
4460 7327 1
7327 2930 1
4460 8755 1
8755 2284 1
2284 2281 1
2281 2568 1
2568 4766 1
4766 11054 1
11054 4861 1
4861 2272 1
2272 3517 1
3517 2402 1
2402 2880 1
9033 3170 1
3170 9600 1
9600 1806 1
1806 2970 1
2970 5056 1
5056 7494 1
7494 7066 1
7066 2243 1
2243 7031 1
7031 678 1
678 2946 1
2946 4480 1
4480 258 1
258 4000 1
4000 2020 1
2020 3326 1
3326 68 1
68 5442 1
5442 4119 1
4119 8274 1
8274 2854 1
2854 2946 1
2946 1664 1
1664 3517 1
3517 7460 1
3517 11073 1
11073 1141 1
1141 7638 1
7638 62 1
62 9291 1
9291 363 1
363 2987 1
2987 7687 1
2987 3542 1
3542 9842 1
9842 3598 1
3598 7257 1
7257 1876 1
1876 7186 1
7186 8074 1
8074 1365 1
1365 4196 1
4196 1190 1
1190 8883 1
8883 1152 1
1152 10809 1
10809 10007 1
10007 4238 1
4238 2505 1
2505 4531 1
4531 10628 1
10628 9296 1
9296 5974 1
5974 11039 1
11039 6787 1
6787 1557 1
1557 1732 1
1732 6541 1
6541 1542 1
1542 10449 1
10449 5920 1
10449 3632 1
3632 3148 1
3632 9436 1
9436 850 1
3632 6378 1
6378 7404 1
6378 3598 1
3598 1213 1
1213 3195 1
3195 8463 1
8463 2288 1
2288 4387 1
4387 1543 1
1543 2656 1
2656 5500 1
5500 1543 1
5500 3543 1
1543 6461 1
6461 1310 1
1310 3414 1
3414 10267 1
10267 6099 1
6099 4060 1
4060 4349 1
4349 42 1
42 4238 1
4238 8153 1
8153 10588 1
10588 8506 1
8506 2791 1
2791 7457 1
7457 8730 1
8730 3326 1
3326 8282 1
8282 8755 1
8755 9605 1
9605 4941 1
4941 5974 1
5974 9033 1
9033 9600 1
9600 2535 1
2535 5974 1
5974 8961 1
8961 10004 1
10004 6918 1
6918 4349 1
4349 9427 1
9427 2020 1
2020 8316 1
8316 1208 1
1208 1210 1
1210 2243 1
2243 3170 1
3170 3397 1
3397 1564 1
1564 483 1
483 8603 1
8603 3993 1
3993 319 1
319 3042 1
3042 3644 1
3644 8961 1
8961 10343 1
10343 1412 1
1412 980 1
980 8998 1
8998 1336 1
1336 3945 1
3945 4861 1
4861 2975 1
2975 4892 1
4892 7064 1
7064 3778 1
3778 2243 1
2243 8187 1
8187 180 1
180 542 1
542 2571 1
2571 3326 1
3326 5373 1
3326 6549 1
6549 4060 1
4060 6411 1
6411 4829 1
4829 3523 1
3523 4061 1
4061 3397 1
3397 1944 1
1944 4239 1
4239 414 1
414 8099 1
8099 3326 1
3326 2897 1
2897 8316 1
8316 11054 1
11054 3100 1
3100 10292 1
10292 3303 1
3303 426 1
426 8014 1
8014 8267 1
8267 10141 1
10141 752 1
752 3698 1
3698 10023 1
10023 8267 1
8267 8466 1
8466 832 1
832 10023 1
10023 10443 1
10443 9122 1
9122 946 1
946 832 1
832 9122 1
9122 10141 1
10141 1034 1
1034 8014 1
8014 11018 1
11018 10856 1
10856 7494 1
7494 11109 1
11109 10912 1
10912 6691 1
6691 3232 1
3232 8754 1
8754 8345 1
8345 7920 1
7920 483 1
483 6737 1
6737 4308 1
4308 10158 1
10158 402 1
402 4901 1
4901 7230 1
402 6009 1
6009 5336 1
5336 8911 1
8911 1904 1
1904 4917 1
4917 10989 1
10989 4073 1
4073 3215 1
3215 3099 1
3099 2198 1
2198 2691 1
2691 10174 1
10174 9849 1
9849 4449 1
4449 4879 1
4879 2206 1
2206 8619 1
8619 11111 1
11111 4449 1
4449 2206 1
2206 9849 1
9849 7176 1
7176 471 1
471 4814 1
4814 5664 1
5664 6685 1
6685 7176 1
471 1543 1
1543 4814 1
4814 7096 1
7096 2552 1
2552 8802 1
8802 3788 1
3788 2466 1
2466 8071 1
8071 3812 1
3812 8354 1
8354 4972 1
4972 4573 1
4573 4868 1
4868 5894 1
5894 9593 1
9593 2097 1
2097 2024 1
2024 8229 1
8229 5439 1
5439 9427 1
9427 8282 1
8282 1412 1
1412 3227 1
68 8345 1
8345 779 1
779 9788 1
9788 6910 1
6910 2571 1
2571 5161 1
5161 2880 1
42 10123 1
10123 7023 1
7023 4536 1
4536 4774 1
4774 9427 1
9427 5374 1
5374 4264 1
4264 3945 1
3945 2788 1
2788 7663 1
7663 2362 1
2362 767 1
767 8020 1
8020 7017 1
7017 3175 1
3175 9356 1
9356 5458 1
5458 4631 1
4631 1551 1
1551 3978 1
1551 3469 1
3469 6036 1
6036 2438 1
2438 9454 1
9454 1264 1
1264 531 1
531 5895 1
5895 2438 1
2438 8871 1
8871 3772 1
3772 10948 1
10948 295 1
295 3993 1
3993 11170 1
11170 8303 1
8303 11006 1
11006 232 1
232 3234 1
3234 10723 1
10723 2020 1
2020 2402 1
2402 9400 1
9400 2530 1
2530 5195 1
5195 2214 1
2214 6984 1
6984 5935 1
5935 4112 1
5935 4685 1
4685 6186 1
6186 1559 1
1559 2530 1
2530 9561 1
9561 1369 1
1369 9722 1
9722 6667 1
6667 9561 1
9561 6465 1
791 7523 1
7523 11011 1
11011 3281 1
11011 10395 1
10395 5393 1
5393 8444 1
8444 3732 1
3732 8958 1
8958 2110 1
2110 9719 1
9719 4125 1
4125 8371 1
8371 7511 1
7511 4597 1
4597 10954 1
10954 687 1
687 6099 1
6099 2418 1
2418 7229 1
7229 4003 1
4003 486 1
486 9779 1
9779 7129 1
7129 1082 1
1082 2686 1
2686 5941 1
5941 442 1
442 10311 1
10311 1838 1
1838 1816 1
1816 10311 1
10311 2226 1
2226 9901 1
9901 3346 1
3346 7885 1
7885 10329 1
10329 3047 1
3047 1250 1
1250 5468 1
5468 2412 1
2412 8959 1
8959 1329 1
8959 5382 1
5382 1250 1
1250 7120 1
7120 7264 1
7264 6388 1
6388 6656 1
6656 504 1
504 9034 1
9034 5086 1
5086 8979 1
8979 6001 1
6001 2302 1
2302 891 1
891 5698 1
5698 738 1
738 3736 1
3736 5873 1
5873 5664 1
5664 494 1
494 8477 1
8477 11165 1
11165 4343 1
11165 2569 1
2569 1653 1
1653 680 1
1653 1340 1
1340 4833 1
4833 9166 1
9166 10532 1
10532 4078 1
4078 7588 1
7588 6841 1
6841 2317 1
2317 8151 1
8151 10809 1
10809 7352 1
7352 1541 1
1541 7057 1
1541 1504 1
1504 3597 1
3597 7432 1
7432 161 1
161 3788 1
3788 4115 1
4115 1233 1
1233 5792 1
5792 7091 1
7091 2788 1
2788 3788 1
3788 4563 1
4563 4801 1
4801 2890 1
2890 3977 1
3977 2798 1
2798 2339 1
2339 11039 1
11039 6272 1
11039 3482 1
3482 4298 1
4298 2272 1
2272 1412 1
1412 2044 1
2044 312 1
312 8099 1
8099 2339 1
2339 5324 1
5324 1802 1
1802 3326 1
3326 5534 1
5534 7591 1
7591 9100 1
9100 8239 1
8239 6035 1
6035 6328 1
6328 2595 1
2595 4871 1
4871 2848 1
2848 5443 1
5443 10873 1
10873 830 1
10873 2175 1
2175 5395 1
5395 1801 1
1801 8603 1
8603 6894 1
6894 3914 1
3914 2854 1
281 9343 1
9343 8523 1
8523 9939 1
9939 10041 1
10041 583 1
583 7676 1
7676 7484 1
7484 10588 1
10588 2020 1
2020 4357 1
4357 1801 1
1801 1412 1
1412 7379 1
7379 5792 1
5792 4747 1
4747 2876 1
2876 1892 1
1892 6059 1
6059 3644 1
3644 6770 1
6770 7064 1
7064 42 1
42 5441 1
5441 317 1
317 10912 1
10912 7174 1
7174 9788 1
9788 10022 1
10022 2788 1
2788 3022 1
3022 4468 1
4468 2175 1
2175 4128 1
4128 3097 1
3097 7177 1
7177 5404 1
7177 10278 1
10278 4942 1
4942 1688 1
1688 9502 1
9502 806 1
806 2821 1
2821 9438 1
9438 2114 1
2114 3373 1
3373 2601 1
2601 236 1
236 10581 1
236 1816 1
1816 7865 1
7865 6686 1
6686 3605 1
3605 1729 1
1729 7448 1
1729 4174 1
4174 11149 1
11149 8401 1
8401 8998 1
8998 1153 1
1153 1412 1
1153 6391 1
6391 2508 1
2508 7211 1
7211 6350 1
6350 9193 1
9193 10905 1
10905 9132 1
9132 9753 1
9753 695 1
695 4549 1
4549 7223 1
7223 9219 1
9219 1640 1
1640 6665 1
6665 8954 1
6665 3078 1
3078 2472 1
6665 1042 1
1042 8692 1
1042 836 1
1042 2030 1
2030 3089 1
2030 9316 1
8692 836 1
836 2030 1
2030 1544 1
1544 6665 1
8954 2455 1
2455 1687 1
1687 2109 1
2109 10503 1
10503 4568 1
2109 2455 1
2109 2828 1
2828 9517 1
9517 9470 1
9470 2137 1
2137 8383 1
8383 8458 1
8458 6599 1
6599 2909 1
2909 6280 1
6280 828 1
828 10652 1
10652 3716 1
3716 8383 1
8383 10319 1
10319 5056 1
5056 1208 1
1208 6529 1
6529 1629 1
1629 4382 1
4382 8233 1
8233 264 1
264 258 1
258 818 1
818 9591 1
9591 896 1
896 3625 1
3625 2339 1
2339 6505 1
6505 4008 1
4008 5255 1
5255 2608 1
2608 9141 1
9141 4382 1
4382 4357 1
4357 11006 1
11006 8998 1
8998 6923 1
6923 8229 1
5439 9141 1
9141 2112 1
2112 2788 1
2788 8759 1
8759 10318 1
10318 2162 1
2162 5133 1
5133 7597 1
7597 5906 1
5906 8543 1
8543 6137 1
6137 4757 1
4757 5451 1
5451 10073 1
10073 7432 1
7432 5496 1
5496 2691 1
2691 2921 1
2921 3699 1
3699 3181 1
3181 5326 1
5326 584 1
584 6063 1
6063 4919 1
4919 3267 1
3267 4776 1
4776 2860 1
2860 1248 1
1248 6109 1
6109 3011 1
3011 161 1
161 2379 1
2379 10411 1
10411 617 1
617 10265 1
617 3877 1
3877 1055 1
1055 4672 1
4672 369 1
4672 10265 1
10265 2379 1
2379 4672 1
4672 161 1
161 5469 1
5469 6821 1
6821 2950 1
2950 5524 1
5524 1882 1
1882 3092 1
3092 685 1
685 1934 1
1934 6333 1
6333 3296 1
3296 6146 1
6146 6333 1
6333 5671 1
5671 3875 1
3875 11168 1
11168 1786 1
1786 6874 1
6874 727 1
727 7604 1
7604 2078 1
2078 9374 1
9374 6803 1
6803 2695 1
2695 4818 1
4818 9823 1
9823 1987 1
1987 4149 1
4149 5668 1
5668 3597 1
3597 4941 1
4941 4661 1
4661 7867 1
7867 1959 1
1959 10723 1
10723 8719 1
8719 2332 1
8719 2600 1
2600 5360 1
5360 1986 1
1986 1326 1
1326 7163 1
7163 5387 1
5387 7831 1
7831 8765 1
8765 5573 1
5573 1096 1
1096 4853 1
4853 2015 1
2015 9104 1
9104 7831 1
7831 2403 1
2403 9579 1
9579 8074 1
8074 9669 1
9669 10947 1
10947 10685 1
10685 4752 1
4752 203 1
203 4054 1
4054 39 1
39 4752 1
203 39 1
39 1244 1
1244 1675 1
1675 9255 1
1675 5027 1
1675 1184 1
1184 9561 1
9561 6027 1
6027 10216 1
10216 3498 1
3498 9777 1
3498 2410 1
2410 1661 1
1661 4870 1
4870 6118 1
6118 9044 1
9044 9732 1
9732 7153 1
7153 9577 1
9577 4709 1
4709 7359 1
7359 3862 1
3862 4199 1
4199 2243 1
2243 5442 1
5442 8767 1
8767 830 1
830 2175 1
2175 987 1
987 1535 1
1535 9218 1
9218 6099 1
6099 756 1
756 6910 1
6910 7768 1
7768 483 1
483 85 1
85 5974 1
5974 4379 1
4379 5970 1
5970 7313 1
7313 10318 1
10318 8565 1
8565 6099 1
6099 6061 1
6061 4297 1
8759 2243 1
2243 8330 1
8330 7843 1
7843 7066 1
7066 561 1
561 3463 1
3463 2792 1
2792 7359 1
7359 4684 1
4684 10948 1
10948 3409 1
3409 7370 1
7370 1515 1
1515 5056 1
5056 5230 1
5230 10882 1
10882 6500 1
6500 335 1
335 10418 1
10418 5604 1
5604 8871 1
8871 4536 1
4536 6549 1
6549 2975 1
2975 10041 1
10041 11132 1
11132 9594 1
9594 5056 1
5056 8565 1
8565 8603 1
8603 5969 1
5969 258 1
258 9473 1
9473 4480 1
4480 9015 1
9015 3523 1
3523 1739 1
1739 9011 1
9011 6244 1
6244 982 1
982 8187 1
8187 4104 1
4104 7789 1
7789 9356 1
9356 3229 1
3229 6923 1
6923 5053 1
5053 1681 1
1681 8719 1
8719 7695 1
7695 9870 1
9870 10777 1
10777 2112 1
2112 2243 1
2243 1629 1
1629 5616 1
5616 2395 1
2395 10179 1
10179 2289 1
2289 9108 1
2289 9602 1
9602 10723 1
10723 8987 1
8987 3473 1
3473 6062 1
6062 1153 1
1153 4190 1
4190 2466 1
2466 2024 1
2024 1483 1
1483 4199 1
4199 6288 1
6288 8330 1
8330 3039 1
3039 8506 1
8506 7031 1
7031 10777 1
10777 5597 1
5597 10123 1
10123 6329 1
6329 6239 1
6239 6411 1
6411 1564 1
1564 9733 1
9733 10004 1
10004 3386 1
3386 11054 1
11054 5611 1
5611 4298 1
4298 505 1
505 3326 1
3326 7530 1
7530 3227 1
3227 5053 1
5053 264 1
264 4297 1
4297 10588 1
10588 2791 1
2791 9602 1
9602 8565 1
8565 11132 1
11132 8330 1
8330 7457 1
7457 2243 1
2243 8802 1
8802 1535 1
1535 4747 1
4747 3813 1
3813 2943 1
2943 6715 1
6715 1806 1
1806 9110 1
9110 3572 1
3572 5847 1
5847 3478 1
3478 7231 1
7231 3699 1
3699 452 1
452 3099 1
3099 6892 1
6892 6192 1
6192 9899 1
9899 9441 1
9441 4917 1
4917 3720 1
3720 7754 1
7754 5169 1
5169 8644 1
8644 10129 1
10129 4073 1
4073 2301 1
2301 2545 1
2545 4664 1
4664 3175 1
3175 8516 1
8516 7963 1
7963 6036 1
6036 3374 1
3374 4619 1
1795 2891 1
2891 10565 1
10565 6113 1
10565 6021 1
6021 6633 1
6633 3286 1
3286 10292 1
10292 5503 1
5503 5439 1
5439 8523 1
8523 3523 1
3523 9873 1
9873 3060 1
3060 50 1
50 537 1
537 4472 1
4472 5972 1
5972 3750 1
5972 1733 1
1733 1500 1
1733 3860 1
3860 1029 1
1029 9110 1
9110 4135 1
4135 2343 1
2343 3761 1
3761 3164 1
3164 4104 1
4104 6577 1
6577 6572 1
6572 6923 1
6923 4954 1
4954 1892 1
1892 2339 1
2339 5574 1
5574 2975 1
2975 3813 1
3813 1535 1
1535 6525 1
6525 1801 1
1801 7371 1
7371 1336 1
1336 5241 1
5241 1484 1
1484 5503 1
5503 10041 1
10041 85 1
85 3042 1
3042 7159 1
7159 85 1
85 3517 1
3517 3383 1
3383 3951 1
3951 3574 1
3574 4061 1
4061 2020 1
2020 5318 1
5318 11060 1
11060 6391 1
6391 8961 1
8961 10723 1
10723 3344 1
3344 3062 1
3062 1705 1
1705 3733 1
3733 6737 1
6737 9146 1
9146 7663 1
7663 3397 1
3397 718 1
9011 50 1
50 8153 1
8153 2658 1
2658 2788 1
2788 4115 1
4115 2958 1
2958 8345 1
8345 3623 1
3623 1945 1
3623 3926 1
3926 7504 1
7504 6224 1
6224 4003 1
4003 5504 1
5504 7505 1
7505 8233 1
8233 4061 1
4061 5611 1
5611 6019 1
6019 8187 1
8187 3957 1
3957 9870 1
9870 3301 1
3301 3993 1
3993 6019 1
6019 7530 1
7530 5161 1
5161 4877 1
4877 3317 1
3317 1389 1
1389 7768 1
7768 8716 1
8716 7618 1
7618 4480 1
4480 10287 1
10287 6712 1
6712 2121 1
2121 3574 1
3574 68 1
68 5048 1
68 7836 1
68 7992 1
7992 2791 1
2791 2505 1
2505 3326 1
3326 4766 1
4766 7582 1
7582 4143 1
4143 6327 1
6327 3882 1
3882 5443 1
5443 3175 1
3175 6737 1
6737 7239 1
7239 7159 1
7159 2946 1
2946 2505 1
2505 5048 1
5048 7359 1
7359 2272 1
2272 6383 1
2970 9939 1
9939 982 1
982 9456 1
9456 3300 1
3300 7390 1
7390 6584 1
6584 10654 1
10654 9358 1
9358 9490 1
9490 4871 1
4871 7193 1
7193 7017 1
7017 8451 1
8451 9358 1
9358 4664 1
4664 2859 1
2859 10238 1
2859 11130 1
11130 5206 1
5206 5001 1
5001 89 1
89 4645 1
4645 4584 1
4584 1969 1
1969 4645 1
4645 3753 1
3753 8437 1
8437 9013 1
9013 2367 1
2367 8437 1
8437 3499 1
3499 3753 1
3753 5942 1
5942 8469 1
8469 1165 1
1165 6197 1
6197 5117 1
5117 4149 1
4149 8381 1
8381 2058 1
2058 7546 1
7546 10983 1
10983 7084 1
7084 7091 1
7091 4829 1
4829 1157 1
1157 357 1
357 9870 1
9870 50 1
50 5355 1
5355 2854 1
2854 264 1
264 1153 1
1153 8949 1
8949 7159 1
7159 3397 1
3397 10179 1
10179 7370 1
7370 2284 1
2284 5751 1
5751 3813 1
3813 50 1
50 6890 1
6890 482 1
482 7211 1
7211 5442 1
5442 3218 1
3218 3974 1
3974 3401 1
3401 8229 1
8229 6019 1
6019 606 1
606 678 1
678 3062 1
3062 9278 1
9278 9218 1
9218 6255 1
6255 6737 1
6737 11129 1
11129 5604 1
5604 10318 1
10318 6715 1
6715 6491 1
6491 3364 1
3364 6391 1
6391 7505 1
7505 5318 1
5318 3914 1
3914 3574 1
3574 9373 1
9373 1958 1
1958 2737 1
2737 8187 1
8187 4861 1
4861 180 1
180 2262 1
2262 281 1
281 3042 1
3042 10343 1
10343 4941 1
4941 6391 1
6391 2243 1
2243 4892 1
4892 2819 1
2819 5443 1
5443 3317 1
3317 7047 1
7047 2081 1
2081 3572 1
3572 5191 1
5191 3097 1
3097 8071 1
8071 10539 1
10539 9218 1
9218 68 1
68 2792 1
2792 7676 1
7676 4199 1
4199 7806 1
7806 623 1
623 11132 1
8565 7064 1
7064 3042 1
3042 9473 1
9473 8345 1
8345 8506 1
8506 9939 1
9939 4480 1
4480 5974 1
5974 8345 1
8345 3062 1
3062 8174 1
8174 176 1
176 8095 1
8095 3572 1
3572 6786 1
6786 4308 1
4308 2354 1
2354 18 1
18 2925 1
2925 10964 1
10964 10123 1
10123 437 1
437 4661 1
4661 3517 1
3517 3022 1
3022 2044 1
312 8684 1
8684 5388 1
5388 6223 1
6223 7139 1
7139 10091 1
1494 7497 1
7497 7650 1
7650 8042 1
8042 10491 1
10491 8987 1
8987 2112 1
2112 343 1
343 10031 1
10031 1341 1
1341 1877 1
1877 6938 1
6938 976 1
976 2083 1
2083 8071 1
8071 6938 1
6938 2083 1
2083 2595 1
2595 1716 1
1716 264 1
264 10529 1
10529 1233 1
1233 10723 1
10723 5318 1
5318 6910 1
6910 4357 1
4357 8153 1
8153 9146 1
9146 1629 1
1629 606 1
606 8229 1
8229 6097 1
6097 10726 1
10726 2121 1
2121 11006 1
11006 6139 1
6139 7695 1
7695 1785 1
1785 6194 1
6194 2788 1
2788 264 1
264 5318 1
5318 10292 1
10292 2508 1
2508 8274 1
8274 537 1
537 2284 1
2284 497 1
497 537 1
537 10807 1
10807 3326 1
505 8269 1
8269 5881 1
5881 5439 1
5439 10723 1
10723 11054 1
11054 537 1
537 1785 1
1785 10792 1
10792 7920 1
7920 5974 1
5974 2880 1
2880 2044 1
2044 11149 1
11149 7431 1
7431 597 1
597 498 1
498 6686 1
6686 236 1
1816 3605 1
3605 4174 1
4174 10516 1
10516 5724 1
5724 5230 1
5230 11 1
11 7720 1
7720 9872 1
9872 9732 1
9732 11086 1
11086 8054 1
8054 4135 1
4135 720 1
720 1285 1
1285 5312 1
5312 10782 1
10782 10512 1
10512 2153 1
2153 8815 1
2153 5564 1
5564 10234 1
10234 8160 1
8160 6500 1
6500 7760 1
7760 1471 1
1471 8440 1
1471 7457 1
7457 3327 1
3327 9033 1
9033 623 1
623 216 1
216 4949 1
4949 6071 1
6071 4409 1
4949 8506 1
8506 1739 1
1739 6391 1
6391 3241 1
3241 5204 1
5204 2960 1
2960 3241 1
3241 357 1
357 5969 1
5969 5374 1
5374 3517 1
3517 5241 1
1336 10318 1
10318 3644 1
3644 9169 1
9169 3915 1
3915 4729 1
4729 3199 1
3199 7468 1
7468 4860 1
4860 3199 1
3199 9967 1
9967 2550 1
2550 2407 1
2407 2414 1
2414 10695 1
10695 9878 1
10695 3650 1
3650 7302 1
7302 797 1
797 5226 1
5226 7731 1
7731 10662 1
10662 7479 1
7479 3922 1
3922 6535 1
6535 7076 1
7076 9566 1
9566 8378 1
8378 10422 1
10422 11186 1
11186 519 1
519 10826 1
10826 7835 1
7835 4418 1
4418 10824 1
10824 10633 1
10633 2561 1
2561 5809 1
5809 153 1
153 1342 1
1342 10824 1
10824 2238 1
2238 2071 1
2071 5569 1
5569 8736 1
8736 2281 1
2281 3560 1
3560 4862 1
4862 1958 1
1958 5569 1
5569 5442 1
5442 4349 1
4349 8187 1
8187 606 1
606 7159 1
4298 7530 1
7530 281 1
281 6563 1
6563 2262 1
2262 2272 1
2272 6595 1
6595 11179 1
11179 3017 1
3017 9164 1
9164 10792 1
10792 2854 1
2854 6935 1
6935 7064 1
7064 4060 1
4060 1959 1
1959 4264 1
4264 678 1
678 10123 1
8274 68 1
68 2381 1
2381 8998 1
8998 4104 1
4104 9441 1
9441 7751 1
7751 398 1
398 5847 1
5847 2932 1
2932 4776 1
4776 9589 1
9589 8657 1
8657 4606 1
4606 11170 1
11170 6722 1
6722 9142 1
9142 10287 1
10287 8759 1
8759 3523 1
3523 7945 1
7945 583 1
583 7505 1
7505 4563 1
4563 887 1
887 8949 1
8949 3977 1
3977 4747 1
4747 8759 1
8759 3386 1
3386 7676 1
7676 10287 1
10287 6019 1
6019 7695 1
7695 5969 1
5969 482 1
482 5971 1
5971 6383 1
6383 11036 1
11036 6099 1
6099 180 1
180 9400 1
9400 258 1
258 7768 1
7768 6391 1
6391 2880 1
2880 5295 1
5295 10172 1
10172 6863 1
10172 8712 1
8712 10723 1
10723 1801 1
1801 9577 1
9577 9733 1
9733 3813 1
3813 1389 1
1389 2339 1
2339 3794 1
3794 944 1
944 2097 1
2097 3064 1
3064 8998 1
8998 9427 1
9427 1336 1
1336 9577 1
9577 10343 1
10343 9473 1
9473 7023 1
9473 6737 1
6737 5318 1
5318 629 1
629 11170 1
11170 7582 1
7582 9523 1
9523 2880 1
2880 6910 1
6910 6737 1
6737 3644 1
3644 5671 1
5671 9180 1
9180 2467 1
9180 8048 1
8048 4138 1
4138 7637 1
7637 5364 1
5364 5686 1
5686 10418 1
10418 7843 1
7843 4199 1
4199 1806 1
1806 8330 1
8330 1208 1
1208 1463 1
1463 2401 1
2401 5010 1
5010 4481 1
4481 9756 1
9756 10233 1
10233 10525 1
10525 6737 1
6737 3812 1
3812 3882 1
3882 2083 1
2083 10123 1
10123 7845 1
7845 6938 1
6938 3237 1
3237 4596 1
4596 6739 1
6739 4597 1
4597 10528 1
10528 7147 1
7147 5910 1
5910 614 1
614 6653 1
6653 10974 1
10974 10873 1
10873 3882 1
3882 2877 1
2877 4308 1
4308 6708 1
6708 6935 1
6935 10231 1
10231 10802 1
10802 3813 1
3813 3778 1
3778 3788 1
3788 3386 1
3386 3344 1
3344 8755 1
8755 1564 1
1564 7710 1
7710 7147 1
7147 7563 1
7563 9072 1
9072 2532 1
2532 9502 1
9502 3373 1
3373 8095 1
8095 2854 1
2854 3772 1
3772 3813 1
3813 8229 1
8229 2936 1
2936 10004 1
10004 5597 1
5597 8603 1
8603 7768 1
7768 4766 1
4766 11060 1
11060 4060 1
4060 9733 1
9733 5969 1
5969 3951 1
3951 1535 1
1535 319 1
319 3060 1
3060 1959 1
1959 10792 1
10792 4536 1
4536 8523 1
8523 9427 1
9427 258 1
258 1170 1
1170 6583 1
6583 629 1
629 8374 1
8374 1535 1
1535 4238 1
4238 3778 1
3778 8802 1
8802 42 1
42 4725 1
4725 10886 1
10886 9605 1
9605 2192 1
2192 2880 1
2880 1389 1
1389 9760 1
9760 2310 1
2310 1389 1
1389 9100 1
9100 6491 1
6491 2162 1
2162 10882 1
10882 2877 1
2877 3914 1
3914 3022 1
3022 8153 1
8153 5709 1
5709 4474 1
4474 4747 1
4747 2238 1
2238 3517 1
1664 10620 1
10620 11177 1
11177 2846 1
2846 5438 1
2846 8753 1
8753 5914 1
5914 10329 1
10329 8261 1
7274 5230 1
5230 1208 1
1208 2395 1
2395 623 1
623 3510 1
3510 5974 1
5974 6229 1
6229 7361 1
7361 2255 1
2255 5654 1
5654 7361 1
7361 8100 1
8100 3806 1
3806 4357 1
4357 9473 1
9473 7371 1
7371 1892 1
1892 818 1
818 4892 1
4382 8187 1
8187 6935 1
6935 2734 1
2734 9218 1
9218 2121 1
2121 3788 1
3788 437 1
437 10022 1
10022 4060 1
4060 606 1
606 180 1
180 9146 1
9146 8316 1
8316 3862 1
3862 9108 1
9108 6642 1
6642 7215 1
7215 4838 1
7215 9118 1
9118 2877 1
2877 5884 1
5884 3572 1
3572 3326 1
3326 5295 1
5295 9605 1
9605 10418 1
9605 4297 1
4297 8233 1
8233 8755 1
8755 7945 1
7945 10726 1
10726 4563 1
4563 4338 1
4338 8432 1
8432 2055 1
2055 7798 1
7798 6885 1
6885 10527 1
10527 8890 1
8890 6545 1
6545 10527 1
10527 9899 1
9899 9796 1
9796 7751 1
7751 2691 1
2691 9374 1
9374 8078 1
8078 9405 1
9405 11068 1
11068 2932 1
2932 9823 1
9823 1541 1
1541 6936 1
6936 9405 1
9405 3130 1
3130 3597 1
3597 1152 1
1152 8078 1
8078 4648 1
4648 2695 1
4818 7546 1
7546 3092 1
3092 5451 1
5451 10235 1
10235 1664 1
1664 10551 1
10551 8345 1
8345 3364 1
3364 2339 1
2339 4747 1
4747 11039 1
11039 1717 1
1717 8754 1
8754 6653 1
6653 8345 1
8345 4410 1
4410 853 1
853 7308 1
7308 1252 1
1252 7511 1
7511 6739 1
4597 2877 1
2877 3373 1
3373 8698 1
8698 3018 1
3018 10436 1
3018 2504 1
2504 6838 1
6838 8093 1
8093 3092 1
3092 7190 1
7190 1097 1
1097 2223 1
2223 6443 1
6443 411 1
411 1097 1
1097 5117 1
4149 10528 1
10528 4606 1
4606 4862 1
4862 7702 1
7702 9427 1
9427 2281 1
2281 8153 1
8153 2734 1
2734 3317 1
3317 1535 1
1535 10318 1
10318 941 1
941 9218 1
9218 2020 1
2020 1785 1
1785 1664 1
1664 10123 1
10123 3383 1
3383 3858 1
3858 6491 1
6491 6577 1
6577 7084 1
7084 6329 1
6329 6248 1
6248 8011 1
8011 8891 1
8891 4345 1
4345 4160 1
4160 8064 1
8064 10371 1
10371 10364 1
10364 6056 1
6056 4513 1
4513 5335 1
5335 6367 1
6367 5612 1
5612 9540 1
9540 5335 1
5335 4943 1
4943 8011 1
8011 2382 1
2382 2606 1
2606 6329 1
6329 7618 1
7618 1157 1
1157 2737 1
2737 482 1
482 5503 1
5503 357 1
357 10123 1
357 281 1
281 2975 1
2975 10912 1
10912 3813 1
3813 6391 1
6391 2877 1
2877 5868 1
5868 2686 1
2686 299 1
299 10516 1
10516 8422 1
8422 236 1
236 7865 1
7865 4174 1
10516 5382 1
5382 1082 1
1082 6099 1
180 2272 1
2272 1564 1
1564 497 1
497 7159 1
7159 5898 1
5898 2876 1
2876 3482 1
3482 5574 1
5574 4801 1
4801 1802 1
1802 5277 1
5277 5858 1
5858 5434 1
5434 4649 1
4649 6565 1
6565 808 1
808 3908 1
3908 2664 1
2664 2545 1
2545 10158 1
10158 8146 1
8146 3572 1
3572 5458 1
5458 6391 1
6391 9545 1
9545 281 1
3042 9545 1
9545 8343 1
8343 2946 1
2946 9142 1
9142 6563 1
6563 6918 1
6918 537 1
11054 9802 1
11054 10287 1
10287 3241 1
357 4747 1
4747 1892 1
1892 6043 1
6043 2876 1
6043 7745 1
7745 6918 1
6918 6722 1
6722 1958 1
1958 3574 1
3574 5503 1
5503 5881 1
5881 2284 1
2284 7789 1
7789 8516 1
8516 7193 1
7193 2877 1
2877 3317 1
3317 5969 1
5969 3234 1
3234 7920 1
10792 6894 1
6894 3523 1
3523 2402 1
2402 9733 1
9733 357 1
357 1535 1
1535 9261 1
9261 4565 1
4565 309 1
309 6904 1
6904 4565 1
309 1228 1
1228 9871 1
9871 4139 1
9871 2197 1
9871 684 1
684 4486 1
4486 8556 1
8556 4967 1
4967 7320 1
7320 7652 1
4967 8928 1
7320 1967 1
1967 3808 1
3808 1455 1
1455 4934 1
4934 10840 1
10840 8901 1
8901 5970 1
5970 6052 1
6052 1802 1
1802 4115 1
4115 4264 1
4264 5881 1
5881 4474 1
4474 6722 1
264 4730 1
4730 4871 1
4871 3392 1
3392 8927 1
8927 1934 1
1934 4476 1
4476 1022 1
1022 2177 1
2177 11033 1
11033 7352 1
7352 1482 1
1482 2359 1
2359 10047 1
10047 8320 1
10047 703 1
703 6212 1
6212 6092 1
6092 703 1
703 5007 1
703 1549 1
1549 7067 1
1549 9658 1
9658 9727 1
9727 4521 1
4521 888 1
888 5830 1
5830 8778 1
8778 10425 1
10425 6355 1
6355 7192 1
7192 3094 1
3094 3850 1
3850 7470 1
7470 6815 1
6815 11068 1
11068 3130 1
3130 5668 1
9405 3597 1
3597 7352 1
7352 6970 1
6970 9071 1
9071 1987 1
1987 9446 1
9446 1173 1
1173 7432 1
7432 7804 1
7804 9788 1
9788 7370 1
7370 2658 1
2658 264 1
264 7359 1
7359 11054 1
11054 3778 1
3778 2272 1
2272 9146 1
9146 8523 1
8523 8343 1
8343 2281 1
2281 6563 1
6563 9577 1
9577 7400 1
7400 10318 1
10318 6036 1
6036 3229 1
3229 2854 1
2854 2658 1
2658 7371 1
7371 5574 1
5574 4649 1
4649 7910 1
7910 7159 1
7159 756 1
756 2880 1
2880 2571 1
2571 3397 1
3397 8153 1
8153 10532 1
10532 7643 1
7643 2298 1
2298 7594 1
2298 7213 1
7213 9738 1
9738 7204 1
7213 704 1
704 9524 1
704 4305 1
4305 10305 1
10305 5812 1
5812 10834 1
10834 1549 1
1549 989 1
989 4882 1
4882 2666 1
2666 3051 1
3051 14 1
14 7067 1
7067 989 1
989 3289 1
3289 2548 1
2548 10305 1
10305 2145 1
2145 3542 1
3542 9376 1
9376 3598 1
3598 2279 1
2279 9324 1
9324 4501 1
4501 3542 1
3542 1469 1
1469 1110 1
1110 2279 1
2279 3261 1
3261 3079 1
3079 8864 1
8864 850 1
850 1350 1
1350 1812 1
1812 850 1
850 2531 1
2531 4402 1
850 10449 1
10449 4413 1
4413 8553 1
8553 536 1
536 87 1
87 7954 1
7954 9882 1
9882 261 1
9882 7472 1
7472 7862 1
7862 4746 1
4746 9399 1
9399 7862 1
7472 4746 1
9399 7472 1
7472 7954 1
9882 6086 1
6086 2084 1
2084 9606 1
9606 8184 1
8184 6086 1
6086 10981 1
261 1956 1
1956 2793 1
2793 4903 1
2793 3144 1
3144 2499 1
2499 461 1
461 5030 1
5030 3144 1
3144 1226 1
1226 8635 1
8635 4532 1
4532 6652 1
6652 2491 1
8635 1900 1
1900 1087 1
1087 1581 1
1581 10972 1
10972 3737 1
10972 1087 1
1087 2021 1
2021 1110 1
1110 840 1
840 8315 1
8315 1686 1
1686 7838 1
7838 2756 1
2756 7186 1
7186 10024 1
10024 8074 1
8074 1155 1
9669 7741 1
9669 4305 1
7741 10448 1
10448 6458 1
6458 5620 1
5620 7638 1
7638 10140 1
10140 11146 1
11146 3180 1
3180 9663 1
3180 2625 1
3180 6140 1
3180 3347 1
3347 1620 1
3347 8183 1
8183 1636 1
1636 3347 1
3180 5043 1
5043 2799 1
2799 3854 1
3854 8398 1
8398 8008 1
8008 5143 1
5143 8398 1
8398 282 1
8398 1309 1
1309 2380 1
2380 9876 1
9876 3859 1
3859 1703 1
1703 10669 1
10669 5100 1
5100 783 1
783 9872 1
9872 32 1
32 8871 1
8871 3326 1
3326 4774 1
4774 6935 1
6935 7768 1
7768 10886 1
10886 8401 1
8401 7876 1
7876 5453 1
5453 4351 1
4351 3229 1
3229 6708 1
4308 3373 1
3373 10123 1
10123 5443 1
5443 3572 1
3572 5751 1
5751 9577 1
9577 2958 1
2958 3062 1
3062 3064 1
3064 3227 1
3227 7676 1
7676 6099 1
6099 6059 1
6059 3778 1
3778 10022 1
10022 11054 1
11054 5053 1
5053 10723 1
10723 982 1
982 10041 1
10041 2243 1
2243 9577 1
9577 5970 1
5970 10882 1
10882 4069 1
4069 8316 1
8316 6595 1
6595 1535 1
1535 7710 1
1564 4954 1
4954 5395 1
5395 8239 1
8239 2975 1
2975 2262 1
2262 583 1
583 2243 1
2243 11132 1
11132 4661 1
4661 4861 1
4861 483 1
483 982 1
982 4707 1
4707 3861 1
3861 2772 1
2772 7779 1
7779 775 1
775 10316 1
10316 5184 1
5184 3993 1
3993 9146 1
9146 2020 1
2020 9473 1
9473 3772 1
3772 8736 1
8736 5971 1
5971 6737 1
6737 2819 1
2819 537 1
537 4892 1
4892 10318 1
10318 180 1
180 5395 1
5395 2946 1
2946 8523 1
8523 9011 1
9011 2402 1
2402 5611 1
5611 6722 1
6722 3945 1
3945 4060 1
4060 6019 1
6019 8233 1
8233 8345 1
8345 11054 1
11054 7867 1
7867 8565 1
8565 2281 1
2281 6099 1
6099 3326 1
3326 4536 1
4536 9605 1
9605 7371 1
7371 9141 1
9141 2447 1
2447 2008 1
2008 5589 1
5589 7958 1
5589 5056 1
5056 10792 1
10792 3317 1
3317 7663 1
7663 6194 1
6194 4298 1
4298 1801 1
1801 6549 1
6549 941 1
941 2281 1
2281 7618 1
7618 1197 1
1197 9681 1
9681 9373 1
9373 5969 1
5969 8802 1
8802 10022 1
10022 10777 1
10777 7371 1
7371 7945 1
7945 9011 1
9011 7910 1
7910 2563 1
2563 8862 1
8862 8907 1
8907 4563 1
4563 5974 1
5974 6549 1
6549 232 1
232 7031 1
7031 4941 1
4941 258 1
258 10041 1
10041 3344 1
3344 7695 1
7695 2936 1
2936 6910 1
6910 2121 1
2121 2970 1
2970 7676 1
7676 9218 1
9218 10777 1
10777 3386 1
3386 6923 1
6923 9427 1
2020 1629 1
1629 1535 1
1535 4474 1
4474 2975 1
2975 5374 1
5374 2505 1
2505 3409 1
3409 10886 1
10886 11006 1
11006 9015 1
9015 629 1
629 6526 1
6526 4060 1
4060 7768 1
7768 4941 1
4941 3517 1
3517 1801 1
1801 9165 1
9165 1130 1
1130 3409 1
3409 5969 1
5969 7288 1
7288 2294 1
2294 1208 1
1208 6978 1
6978 11199 1
11199 6813 1
6813 7692 1
7692 10128 1
10128 9145 1
10128 156 1
156 3216 1
3216 10128 1
10128 6615 1
6615 9311 1
3216 6615 1
9311 5014 1
6615 156 1
6615 10778 1
9311 10128 1
10128 6813 1
6813 1746 1
1746 5124 1
5124 7380 1
7380 5996 1
5996 9769 1
9769 7136 1
7136 6213 1
6213 848 1
848 9723 1
9723 2627 1
2627 1066 1
1066 2970 1
2970 6059 1
6059 1233 1
1233 1130 1
1130 756 1
756 497 1
497 3042 1
3042 1892 1
1892 10004 1
10004 8736 1
8736 4829 1
4829 5783 1
5783 1197 1
1197 3362 1
3362 440 1
440 730 1
730 8303 1
8303 4862 1
4862 4349 1
4349 10292 1
3100 6239 1
6239 9427 1
9427 1785 1
1785 4297 1
4297 3788 1
3788 6194 1
6194 4264 1
4264 8187 1
8187 2238 1
2238 9218 1
9218 1233 1
1233 4298 1
4298 678 1
678 1629 1
1629 6834 1
6834 1210 1
1210 3115 1
3115 3327 1
3327 3862 1
3862 2243 1
2243 2658 1
2658 8716 1
8716 8229 1
8229 3523 1
3523 357 1
357 8304 1
8304 2970 1
2970 2044 1
2044 6019 1
6019 583 1
583 4060 1
4060 2262 1
2262 5503 1
5503 483 1
483 4661 1
4661 7379 1
7379 5503 1
5503 10792 1
10792 6923 1
5053 3778 1
3778 1959 1
1959 483 1
483 3409 1
3409 9165 1
9165 85 1
85 2192 1
2192 10792 1
10792 10804 1
10804 2658 1
2658 4382 1
4382 5441 1
5441 10411 1
10411 4828 1
4828 617 1
617 8219 1
617 10768 1
10768 10353 1
10768 5441 1
5441 6750 1
6750 136 1
136 10277 1
10277 6750 1
6750 6760 1
6760 136 1
6760 5457 1
5457 7168 1
7168 10277 1
136 7168 1
7168 6760 1
6750 7168 1
6760 10277 1
6750 700 1
700 5441 1
5441 11129 1
11129 233 1
233 8316 1
233 5295 1
3326 1959 1
1959 899 1
899 5783 1
5783 7618 1
7618 6890 1
6890 8233 1
8233 3383 1
3383 6101 1
6101 3858 1
3858 899 1
899 8833 1
8833 11094 1
11094 8385 1
8385 9427 1
9427 9373 1
9373 2281 1
2281 4774 1
2979 9870 1
9870 2970 1
2970 8343 1
8343 4861 1
4861 3317 1
3317 9872 1
9872 7733 1
7733 7530 1
3227 258 1
258 537 1
537 6737 1
6737 1248 1
1248 6197 1
6197 9823 1
9823 2695 1
2695 2223 1
2223 11173 1
11173 9731 1
9731 5524 1
5524 11173 1
11173 3344 1
3344 8738 1
8738 3733 1
6737 5355 1
5355 3234 1
3234 3778 1
3778 3409 1
3409 2819 1
2819 4382 1
4382 2112 1
2112 3301 1
3301 10777 1
10777 1892 1
1892 2238 1
2238 4774 1
4774 2788 1
2788 2880 1
2880 9545 1
9545 9605 1
9605 1328 1
1328 3327 1
3327 5974 1
5974 6923 1
6923 7047 1
7047 7193 1
7193 6991 1
6991 8095 1
5191 10031 1
10031 11052 1
11052 6035 1
6035 11007 1
11007 5588 1
11007 9118 1
9118 9887 1
9887 8239 1
8239 4082 1
4082 9342 1
9342 2585 1
2585 10285 1
10285 2614 1
2614 8395 1
8395 2877 1
2877 10539 1
10539 3659 1
3659 2150 1
2150 8736 1
8736 3326 1
3326 3042 1
3042 9146 1
9146 9427 1
9427 3523 1
3523 482 1
482 440 1
440 10718 1
10718 5926 1
5926 10528 1
10528 125 1
125 9165 1
9165 5969 1
5969 6894 1
6894 3993 1
3993 6097 1
6097 10588 1
10588 5048 1
5048 1328 1
1328 2243 1
2243 8736 1
8736 6391 1
6391 10318 1
10318 10397 1
10397 8543 1
8543 10809 1
10809 3011 1
3011 10528 1
10528 3111 1
3111 5016 1
5016 4443 1
4443 6902 1
6902 4793 1
4793 3747 1
3747 411 1
411 3344 1
2932 4230 1
4230 2078 1
2078 6197 1
6197 9374 1
9374 4052 1
4052 9126 1
9126 3250 1
9126 8933 1
9126 6054 1
6054 10700 1
10700 2677 1
2677 6319 1
2677 9226 1
9226 6553 1
6553 604 1
604 7777 1
7777 4090 1
7777 10603 1
10603 8527 1
8527 7777 1
7777 6984 1
6984 5265 1
5265 8116 1
8116 4635 1
4635 6304 1
6304 8531 1
8531 1019 1
1019 6645 1
6645 568 1
568 7626 1
5279 6631 1
6631 9071 1
9071 10073 1
10073 10849 1
10849 811 1
811 2904 1
2904 6063 1
6063 5103 1
5103 1726 1
1726 707 1
707 6892 1
6892 5103 1
5103 10158 1
10158 707 1
707 3215 1
3215 3267 1
3267 9662 1
9662 1252 1
1252 1341 1
1341 3812 1
3812 415 1
415 11043 1
11043 9286 1
9286 3392 1
3392 661 1
661 1363 1
1363 3615 1
3615 9072 1
9072 9929 1
9929 6595 1
6595 7371 1
7371 2958 1
2958 4563 1
4563 9577 1
9577 3813 1
3813 3022 1
2262 8229 1
8229 9651 1
9651 7188 1
7188 10813 1
10813 2985 1
2985 2673 1
2673 4596 1
4596 7738 1
4596 9148 1
9148 4342 1
4342 3305 1
3305 7831 1
7831 9068 1
9068 3065 1
3065 431 1
431 10813 1
10813 11084 1
11084 1920 1
11084 1013 1
1013 1920 1
1920 3607 1
3607 6912 1
6912 1920 1
1920 5986 1
5986 1013 1
1013 10813 1
10813 121 1
121 10232 1
10232 3564 1
10232 8888 1
8888 4495 1
4495 9937 1
9937 2377 1
2377 10462 1
10462 5170 1
5170 9620 1
5170 2377 1
2377 546 1
546 5170 1
5170 619 1
619 3621 1
3621 1287 1
1287 4036 1
4036 3609 1
3609 3737 1
3737 1287 1
1287 6774 1
6774 3800 1
3800 9991 1
9991 2390 1
2390 8772 1
8772 8223 1
8223 1700 1
1700 4004 1
4004 4679 1
4679 1895 1
4679 9761 1
9761 2904 1
2904 5336 1
8911 8547 1
8547 2926 1
2926 3181 1
3181 5978 1
5978 7427 1
7427 584 1
584 5169 1
2198 3720 1
3720 10849 1
10849 2301 1
2301 2921 1
2921 3049 1
3049 1904 1
1904 2795 1
2795 2926 1
2926 6192 1
6192 2188 1
2188 3099 1
7427 233 1
233 6052 1
6052 10628 1
10628 3993 1
3993 2272 1
2272 7379 1
7379 3042 1
3042 6099 1
6099 3100 1
3100 6329 1
6329 50 1
50 10287 1
10287 1564 1
1564 11170 1
11170 319 1
319 8374 1
8374 7371 1
7371 437 1
437 2238 1
2238 2571 1
2571 8523 1
8523 10397 1
10397 667 1
667 3288 1
3288 3011 1
3011 11173 1
11173 4149 1
4149 6109 1
6109 6803 1
6803 2762 1
2762 7994 1
7994 2695 1
2695 5244 1
5244 3011 1
3011 2058 1
2058 2932 1
2932 7057 1
7057 5469 1
5469 1882 1
1882 10073 1
10073 2058 1
2058 3597 1
3597 6970 1
6970 7432 1
7432 6362 1
6362 10882 1
10882 9577 1
9577 2734 1
2734 1233 1
1233 7253 1
7253 10673 1
10673 2362 1
2362 6927 1
6927 10784 1
10784 6244 1
6244 10028 1
10028 3673 1
3673 9009 1
3673 4358 1
9449 7140 1
7140 10290 1
10290 1088 1
1088 11177 1
2846 5463 1
5463 5100 1
5100 11004 1
11004 5682 1
5682 5314 1
5314 9228 1
9228 9662 1
9662 8146 1
8146 7427 1
7427 18 1
18 7064 1
7064 7530 1
7530 2281 1
2281 6918 1
6918 5969 1
5969 4238 1
4238 6383 1
6383 8233 1
8233 5442 1
5442 10588 1
10588 7806 1
7806 5974 1
5974 9577 1
9577 2339 1
2339 7548 1
7548 718 1
718 4356 1
4356 9108 1
9108 537 1
537 3301 1
3301 1681 1
1681 3772 1
3772 8316 1
8316 756 1
756 4536 1
4536 10588 1
10588 1801 1
1801 7239 1
7239 6391 1
6391 4483 1
4483 10529 1
10529 8565 1
8565 4563 1
4563 6935 1
6935 2880 1
2880 8054 1
8054 4199 1
4199 5574 1
5574 2979 1
2979 2571 1
2571 7023 1
7023 4238 1
4238 3326 1
3326 6052 1
6052 10551 1
10551 2614 1
2614 7299 1
7299 2371 1
2371 6220 1
6220 3047 1
3047 1082 1
1082 7120 1
7120 5278 1
5278 1780 1
1780 7264 1
7264 11035 1
11035 3654 1
3654 1736 1
1736 385 1
385 3144 1
3144 6817 1
6817 385 1
385 526 1
526 1736 1
1736 9778 1
1736 7346 1
7346 3654 1
3654 7849 1
7849 9043 1
9043 4997 1
4997 2044 1
2044 53 1
53 6454 1
6454 2078 1
2078 3572 1
5884 9438 1
5884 6923 1
6923 2842 1
2842 9666 1
9666 1806 1
1806 10546 1
10546 5616 1
5616 3170 1
3170 2792 1
2792 4629 1
4629 233 1
233 1210 1
1210 6058 1
6058 8730 1
8730 3510 1
3510 5510 1
5510 1617 1
1617 5629 1
5629 9995 1
9995 4732 1
9995 2431 1
2431 3003 1
2431 3102 1
3102 10028 1
10028 285 1
285 9217 1
9217 5432 1
9217 10028 1
10028 3304 1
3304 10492 1
10492 6690 1
6690 777 1
777 3849 1
3849 1691 1
1691 2161 1
2161 777 1
2161 3849 1
3849 2597 1
2597 1888 1
1888 3117 1
3117 6658 1
6658 1291 1
1291 4192 1
4192 3422 1
3422 4370 1
4370 8341 1
8341 4308 1
4308 2532 1
42 6722 1
6722 4115 1
4115 319 1
319 678 1
678 4474 1
4474 8374 1
8374 437 1
437 6391 1
6391 4828 1
4828 1634 1
1634 9011 1
9011 3409 1
3409 7239 1
7239 2284 1
2284 10041 1
10041 437 1
437 8736 1
8736 1412 1
1412 9218 1
9218 2925 1
2925 830 1
830 6255 1
6255 264 1
264 9929 1
9929 10964 1
10964 240 1
240 532 1
532 2175 1
2175 621 1
621 5978 1
5978 632 1
632 4954 1
4954 7434 1
7434 3572 1
3572 5453 1
5453 7193 1
7193 7789 1
7789 806 1
7789 7064 1
7789 6737 1
6737 4297 1
4297 9577 1
9577 3999 1
3999 6935 1
6935 2727 1
2727 8368 1
8368 1921 1
1921 2970 1
2970 6288 1
6288 4663 1
4663 2505 1
2505 537 1
537 9577 1
9577 3064 1
3064 11039 1
11039 8754 1
8754 6835 1
6835 3232 1
3232 757 1
3232 5968 1
5968 8383 1
8383 8843 1
8843 910 1
910 681 1
681 9288 1
9288 10969 1
10969 3224 1
3224 9361 1
9361 1456 1
1456 5232 1
5232 9752 1
9752 10173 1
10173 659 1
659 9834 1
9834 910 1
9834 8211 1
8211 3716 1
3716 3224 1
3224 10842 1
10842 1633 1
1633 3224 1
3224 6175 1
6175 601 1
601 11003 1
11003 5448 1
5448 9335 1
9335 7519 1
7519 1952 1
1952 10173 1
10173 7154 1
7154 1633 1
1633 2909 1
2909 8458 1
8458 9288 1
9288 4303 1
4303 5187 1
5187 659 1
659 788 1
788 2909 1
2909 8383 1
8383 9188 1
9188 7154 1
7154 3535 1
3535 2336 1
2336 10365 1
10365 8430 1
8430 1952 1
1952 2405 1
2405 2219 1
2219 11155 1
11155 3171 1
3171 3155 1
3155 9191 1
3155 2870 1
2870 6401 1
6401 854 1
854 6757 1
6757 3755 1
3755 5678 1
5678 2540 1
2540 5110 1
5110 6401 1
6401 6430 1
6430 5852 1
5852 2039 1
5852 4986 1
4986 2039 1
2039 6430 1
6430 4609 1
4609 7006 1
7006 8157 1
8157 2947 1
2947 2650 1
2650 2373 1
2373 8157 1
8157 1452 1
1452 8703 1
8703 3552 1
3552 10396 1
10396 11180 1
10396 3732 1
3732 3005 1
3005 9217 1
9217 1187 1
1187 10579 1
1187 9995 1
9995 8450 1
8450 5137 1
5137 7452 1
7452 8402 1
8402 2630 1
8402 5068 1
5068 6490 1
6490 7299 1
7299 5068 1
7299 2388 1
2388 5382 1
5382 9901 1
9901 2388 1
2388 5230 1
7274 4033 1
4033 2944 1
2944 5868 1
5868 1136 1
1136 1780 1
5278 7885 1
7885 9347 1
9347 8015 1
8015 10654 1
10654 2284 1
2284 7676 1
7676 7806 1
7806 6058 1
6058 6595 1
6595 10343 1
10343 4264 1
4264 4000 1
4000 3993 1
3993 9108 1
9108 3218 1
3218 2535 1
2535 7253 1
7253 3262 1
3262 1025 1
1025 10616 1
10616 347 1
347 7682 1
7682 5978 1
7682 6286 1
6286 3644 1
3644 3064 1
3064 7695 1
7695 7768 1
7768 8802 1
8802 3678 1
3678 6595 1
6595 10551 1
10551 4774 1
4774 10022 1
10022 4672 1
369 161 1
161 5244 1
5244 6197 1
6197 9405 1
11068 1504 1
1504 5244 1
5244 3130 1
3130 2762 1
2762 161 1
161 6803 1
6803 1017 1
6803 6137 1
6137 9071 1
9071 8176 1
8176 6320 1
6320 6735 1
6735 9071 1
6137 3011 1
3011 9731 1
9731 1173 1
1173 4019 1
4019 5244 1
5244 4230 1
4230 1152 1
1152 6970 1
6970 2223 1
2223 2260 1
2260 5469 1
5469 5637 1
5637 9374 1
9374 11068 1
1504 4142 1
4142 2760 1
2760 6970 1
6970 5668 1
5668 7432 1
7432 3130 1
3130 5496 1
5496 2078 1
2078 2684 1
2684 5668 1
5668 5451 1
5451 317 1
317 4870 1
4870 1520 1
1520 9113 1
9113 4854 1
4854 1520 1
4854 4668 1
4854 1195 1
1195 3758 1
4854 904 1
904 4249 1
4249 7924 1
7924 6017 1
6017 591 1
591 3091 1
3091 9 1
9 5372 1
271 544 1
544 426 1
426 2403 1
9068 1760 1
9068 431 1
431 5104 1
5104 121 1
5104 3564 1
3564 4495 1
4495 6774 1
3800 246 1
246 9769 1
