698 5703 1
5703 2196 1
2196 6913 1
6913 2587 1
2587 3768 1
3768 5874 1
5874 4671 1
4671 6039 1
6039 231 1
231 9917 1
9917 4651 1
9917 7003 1
7003 231 1
6039 2427 1
6039 8540 1
8540 6847 1
6847 10292 1
10292 7702 1
7702 11006 1
11006 2508 1
2508 1958 1
1958 6101 1
6101 3574 1
3574 7064 1
7064 2658 1
2658 537 1
537 6722 1
6722 3945 1
3945 6935 1
6935 1801 1
1801 583 1
583 1785 1
1785 6563 1
6563 4563 1
4563 5395 1
5395 8316 1
8316 6910 1
6910 4941 1
4941 10983 1
10983 8381 1
8381 7994 1
7994 4960 1
4960 6376 1
6376 3597 1
3597 4230 1
4230 10355 1
10355 3703 1
3703 2339 1
2339 2355 1
2339 2798 1
2798 2970 1
2970 8987 1
8987 3227 1
3227 4747 1
4747 9591 1
9591 8572 1
8572 2734 1
2734 4861 1
4861 3813 1
3813 7313 1
7313 8912 1
8912 10318 1
10318 3317 1
3317 7758 1
7758 11093 1
11093 4412 1
4412 7689 1
7689 8848 1
8848 8660 1
8660 4150 1
4150 7616 1
7616 8660 1
8660 1662 1
1662 2796 1
2796 10522 1
10522 9075 1
9075 6384 1
6384 10522 1
9075 1531 1
1531 7457 1
7457 3364 1
3364 384 1
384 505 1
505 3678 1
3678 1806 1
1806 6058 1
6058 2289 1
2289 8565 1
8565 1564 1
1564 4536 1
4536 6286 1
6286 10317 1
10317 3844 1
3844 718 1
718 11086 1
11086 7606 1
7606 5970 1
5970 8901 1
8901 4232 1
4232 9996 1
9996 5212 1
5212 1869 1
1869 7637 1
7637 9194 1
9194 6810 1
9194 5878 1
5878 5503 1
5503 2083 1
2083 2175 1
2175 3882 1
3882 10048 1
10048 5379 1
5379 8203 1
8203 289 1
289 4840 1
4840 4978 1
4978 5774 1
5774 8160 1
8160 3193 1
3193 8347 1
8347 6374 1
6374 3364 1
3364 2608 1
2608 3058 1
3058 7253 1
7253 7017 1
7017 10948 1
10948 1716 1
1716 4432 1
4432 853 1
853 6595 1
6595 10287 1
10287 2272 1
2272 3409 1
3409 10882 1
10882 6491 1
6491 3574 1
3574 6411 1
6411 8470 1
8470 8274 1
8274 1958 1
1958 4606 1
4606 4830 1
4830 2175 1
2175 3164 1
3164 6459 1
6459 7977 1
7977 5056 1
5056 11177 1
11177 4734 1
4734 10235 1
10235 2703 1
2703 11045 1
11045 4371 1
4371 10086 1
10086 3633 1
3633 5312 1
5312 2879 1
2879 6196 1
6196 1169 1
1169 1416 1
1416 299 1
299 2686 1
2686 7123 1
7123 7432 1
7432 2691 1
2691 709 1
709 6892 1
6892 1331 1
1331 4937 1
4937 709 1
709 7751 1
7751 2864 1
2864 2795 1
2795 6192 1
6192 3720 1
3720 1275 1
1275 8911 1
8911 8146 1
8146 3720 1
3720 3267 1
3267 2795 1
2795 10849 1
10849 8547 1
8547 8277 1
8277 10397 1
10397 2484 1
2484 9662 1
9662 4917 1
4917 1275 1
1275 10062 1
10062 5978 1
5978 3517 1
3517 4298 1
4298 8282 1
8282 4774 1
4774 3386 1
3386 2946 1
2946 7371 1
7371 756 1
756 9218 1
9218 6286 1
6286 6840 1
6840 8862 1
8862 5527 1
5527 4610 1
4610 2664 1
2664 6565 1
6565 6286 1
6286 10551 1
10551 3778 1
3778 10318 1
10318 3344 1
3344 1564 1
1564 8961 1
8961 1546 1
1546 596 1
596 9683 1
9683 8961 1
8961 9605 1
9605 1801 1
1801 8523 1
8523 2734 1
2734 4610 1
4610 8565 1
8565 2238 1
2238 4892 1
4892 982 1
982 10551 1
10551 6770 1
6770 50 1
50 8233 1
8233 4862 1
4862 5569 1
5569 6374 1
6374 3296 1
3296 2506 1
2506 5026 1
2506 2851 1
2851 972 1
972 3317 1
3317 319 1
319 10418 1
10418 1688 1
1688 1341 1
1341 3882 1
3882 9218 1
9218 3409 1
3409 1535 1
1535 10287 1
10287 8269 1
8269 2897 1
2897 3022 1
3022 7682 1
7682 4298 1
4298 8716 1
8716 2854 1
2854 2192 1
2192 8506 1
8506 3327 1
3327 5593 1
5593 5616 1
5616 7843 1
7843 9169 1
9169 10912 1
10912 6197 1
6197 2078 1
2078 2762 1
2762 2223 1
2223 1406 1
1406 4960 1
4960 2695 1
2695 8152 1
2695 4757 1
4757 7546 1
7546 6936 1
6936 4648 1
4648 3092 1
3092 2078 1
2078 2691 1
2691 4142 1
4142 3344 1
3344 3772 1
3772 9870 1
9870 9605 1
9605 2788 1
2788 6712 1
6712 4536 1
4536 7091 1
7091 5574 1
5574 3957 1
3957 5241 1
5241 2571 1
2571 10804 1
10804 6061 1
6061 1130 1
1130 4954 1
4954 1535 1
1535 7091 1
7091 10434 1
10434 3100 1
3100 7359 1
7359 7370 1
7370 2410 1
2410 3806 1
3806 2796 1
2796 4212 1
4212 3617 1
3617 6513 1
6513 3384 1
3384 7689 1
7689 1662 1
1662 3918 1
3918 376 1
376 7361 1
7361 2255 1
2255 8100 1
8100 11087 1
11087 7494 1
7494 2535 1
2535 11132 1
11132 3914 1
3914 7920 1
7920 4104 1
4104 6867 1
6867 864 1
864 4104 1
4104 8285 1
8285 8401 1
8401 6093 1
6093 3317 1
3317 3344 1
3344 4870 1
4870 3572 1
3572 5458 1
5458 5819 1
5819 4308 1
4308 9438 1
4308 9223 1
9223 10654 1
10654 1767 1
1767 10890 1
10890 6196 1
6196 16 1
16 9788 1
9788 9693 1
9693 9872 1
9872 10234 1
10234 6374 1
6374 6349 1
6349 6838 1
6838 6320 1
6320 7069 1
7069 5013 1
5013 5592 1
5592 10977 1
10977 8996 1
8996 6939 1
6939 1019 1
1019 6304 1
6304 10977 1
10977 2635 1
2635 6645 1
6645 7626 1
7626 8093 1
8093 1603 1
1603 541 1
541 4180 1
4180 471 1
471 1411 1
1411 1690 1
1411 1543 1
1543 5664 1
5664 4814 1
4814 6412 1
6412 6461 1
6461 5029 1
6461 4814 1
4814 6096 1
6096 9481 1
6096 7827 1
6096 6902 1
6902 5154 1
5154 6935 1
6935 8233 1
8233 6239 1
6239 6329 1
6329 2382 1
2382 6504 1
6504 4452 1
4452 4849 1
4849 6110 1
6110 5097 1
5097 7944 1
7944 5190 1
5190 8064 1
8064 7270 1
7270 6367 1
6367 880 1
6367 292 1
292 9802 1
9802 562 1
562 4943 1
4943 10039 1
10039 4260 1
4260 10708 1
10708 4943 1
4943 10812 1
10812 3581 1
3581 8990 1
8990 8551 1
8551 2462 1
2462 8990 1
8990 4206 1
4206 2462 1
2462 9655 1
9655 1619 1
1619 7 1
7 10660 1
10660 7901 1
7901 1619 1
10660 2217 1
2217 7 1
2217 7901 1
7901 657 1
657 9013 1
9013 10584 1
10584 2569 1
2569 423 1
423 9804 1
9804 9433 1
9433 11090 1
11090 9338 1
9338 5645 1
9338 4296 1
4296 7894 1
7894 8359 1
7894 7698 1
7698 9804 1
9804 600 1
600 2074 1
2074 4835 1
4835 600 1
600 9433 1
9433 4997 1
4997 4153 1
4153 7849 1
7849 4997 1
4997 775 1
775 5441 1
5441 9131 1
9131 3364 1
3364 6935 1
6935 8767 1
8767 2187 1
2187 7177 1
7177 6926 1
6926 7885 1
7885 5319 1
5319 7264 1
7264 11035 1
11035 7849 1
7849 504 1
504 5698 1
5698 453 1
453 2267 1
2267 527 1
527 494 1
494 5740 1
5740 1374 1
1374 9045 1
9045 8040 1
8040 3736 1
3736 527 1
527 2326 1
2326 504 1
504 8573 1
8573 6388 1
6388 3654 1
6388 4296 1
4296 8232 1
8232 4153 1
4153 3654 1
3654 4997 1
4153 5645 1
4153 9043 1
9043 4296 1
4296 4818 1
4818 6936 1
6936 6631 1
6631 8531 1
8531 8176 1
8176 3092 1
3092 7057 1
7057 5496 1
5496 6970 1
6970 6376 1
6376 9731 1
9731 6109 1
6109 3288 1
3288 2831 1
2831 8827 1
8827 8078 1
8078 4142 1
4142 4648 1
4648 2950 1
2950 10073 1
10073 3344 1
3344 756 1
756 1892 1
1892 944 1
944 6043 1
6043 5388 1
5388 414 1
414 2975 1
2975 4954 1
4954 3227 1
3227 8719 1
8719 2970 1
2970 319 1
319 10318 1
10318 6529 1
6529 478 1
478 10172 1
10172 9605 1
9605 8802 1
8802 1412 1
1412 1892 1
1892 8998 1
8998 3042 1
3042 281 1
281 9218 1
9218 8274 1
8274 2508 1
2508 232 1
232 5792 1
5792 7676 1
7676 9605 1
9605 6194 1
6194 4474 1
4474 537 1
537 542 1
542 8987 1
8987 2044 1
2044 9400 1
9400 1892 1
1892 2112 1
2112 7867 1
7867 1664 1
1664 1130 1
1130 5442 1
5442 8603 1
8603 818 1
818 437 1
437 5503 1
5503 10149 1
10149 6328 1
6328 1716 1
1716 3237 1
3237 10873 1
10873 7229 1
7229 8756 1
8756 9072 1
9072 4786 1
4786 9387 1
9387 6223 1
6223 10624 1
10624 4298 1
4298 7524 1
7524 3604 1
3604 4115 1
4115 678 1
678 4877 1
4877 5881 1
5881 2880 1
2880 3788 1
3788 6391 1
6391 8802 1
8802 7676 1
7676 7457 1
7457 6498 1
6498 3397 1
3397 258 1
258 7359 1
7359 8565 1
8565 3309 1
3309 7845 1
7845 6328 1
10149 6391 1
6391 3234 1
3234 4104 1
4104 8153 1
8153 10287 1
10287 4563 1
4563 6722 1
6722 8565 1
8565 1629 1
1629 1664 1
1664 10022 1
10022 6525 1
6525 1412 1
1412 6927 1
6927 10723 1
10723 10172 1
10172 8730 1
8730 3993 1
3993 8759 1
8759 2112 1
2112 4774 1
4774 5503 1
5503 258 1
258 5355 1
5355 5241 1
5241 9385 1
9385 10308 1
10308 5241 1
5241 10964 1
5241 3397 1
3397 8269 1
8269 10397 1
8269 3058 1
3058 5255 1
5255 8269 1
8269 2608 1
2608 1233 1
1233 10318 1
10318 9146 1
9146 6061 1
6061 3914 1
3914 7548 1
7548 10202 1
10202 11086 1
11086 3914 1
3914 3812 1
3812 10531 1
10531 1861 1
1861 3737 1
3737 1287 1
1287 8797 1
1287 9991 1
9991 1051 1
1051 3869 1
3869 7733 1
7733 9593 1
7733 2727 1
2727 9072 1
9072 6653 1
6653 9422 1
9422 2024 1
2024 3401 1
3401 9089 1
9089 4239 1
4239 3064 1
3064 8871 1
8871 8374 1
8374 8274 1
8274 818 1
818 4861 1
4861 10529 1
4861 629 1
629 8229 1
8229 980 1
980 4298 1
4298 331 1
331 4115 1
4115 8755 1
8755 3772 1
3772 1519 1
1519 7299 1
7299 7977 1
7977 3039 1
3039 5048 1
5048 3170 1
3170 9108 1
9108 505 1
505 537 1
537 9870 1
9870 4000 1
4000 5792 1
5792 6549 1
6549 678 1
678 3644 1
3644 2658 1
2658 2284 1
2284 1785 1
1785 8374 1
8374 4104 1
4104 3042 1
3042 3397 1
3397 2447 1
2447 3383 1
3383 8282 1
8282 6061 1
6061 3100 1
3100 4061 1
4061 8603 1
8603 7484 1
7484 8153 1
8153 1664 1
1664 6061 1
6061 68 1
68 5318 1
5318 4892 1
4892 2044 1
2044 7977 1
7977 3397 1
3397 3772 1
3772 629 1
629 7359 1
7359 4238 1
4238 982 1
982 6341 1
6341 6814 1
6814 6362 1
6362 1836 1
1836 3193 1
3193 6362 1
6362 8013 1
8013 1634 1
1634 6374 1
6374 4135 1
4135 4472 1
4472 7582 1
7582 9015 1
9015 8282 1
8282 11187 1
11187 6997 1
11187 7159 1
7159 10287 1
10287 4238 1
4238 2020 1
2020 4264 1
4264 10004 1
10004 5355 1
5355 10123 1
10123 1681 1
1681 281 1
281 3772 1
3772 6722 1
6722 7359 1
7359 4297 1
4297 10343 1
10343 5611 1
5611 2734 1
2734 414 1
414 6422 1
6422 4298 1
4298 2979 1
2979 497 1
497 4954 1
4954 9733 1
9733 6286 1
6286 8506 1
8506 3064 1
3064 7695 1
7695 10551 1
10551 3301 1
3301 818 1
818 5597 1
5597 982 1
982 9400 1
9400 7359 1
7359 8755 1
8755 7695 1
7695 264 1
264 4115 1
4115 5388 1
5388 982 1
982 5355 1
5355 3227 1
3227 2936 1
2936 982 1
982 7023 1
7023 5318 1
5318 6737 1
6737 6991 1
6991 7876 1
7876 4104 1
4104 10792 1
10792 9473 1
9473 5792 1
5792 6910 1
6910 7505 1
7505 1341 1
1341 3914 1
3914 8229 1
8229 8755 1
8755 2281 1
2281 3914 1
3914 9473 1
9473 2281 1
2281 2958 1
2958 7530 1
7530 8229 1
8229 5894 1
5894 3218 1
3218 4104 1
4104 3241 1
3241 8498 1
3241 8099 1
8099 895 1
895 7530 1
7530 818 1
818 4104 1
4104 4918 1
4918 9146 1
9146 2243 1
2243 6923 1
6923 4877 1
4877 2447 1
2447 4297 1
4297 10004 1
10004 3523 1
3523 10343 1
10343 7920 1
7920 6099 1
6099 6923 1
6923 5318 1
5318 2112 1
2112 4000 1
4000 8374 1
8374 6595 1
6595 1801 1
1801 7920 1
7920 3957 1
3957 10886 1
10886 264 1
264 10777 1
10777 2734 1
2734 2876 1
2876 11039 1
11039 4563 1
4563 2876 1
2876 2275 1
2275 6505 1
6505 4115 1
4115 10792 1
10792 7084 1
7084 3993 1
3993 10588 1
10588 8998 1
8998 6286 1
6286 5277 1
5277 6408 1
6408 3510 1
3510 11087 1
11087 11132 1
11132 623 1
623 10723 1
10723 74 1
74 8565 1
8565 6894 1
6894 7945 1
7945 2121 1
2121 2272 1
2272 4000 1
4000 3042 1
3042 6059 1
6059 9165 1
9165 6996 1
9165 1739 1
1739 8316 1
8316 4941 1
4941 5241 1
5241 8961 1
8961 8755 1
8755 7518 1
7518 7344 1
7344 5009 1
5009 7518 1
7518 9660 1
7518 10828 1
10828 9028 1
9028 8104 1
8104 8713 1
8713 6195 1
6195 5288 1
5288 5687 1
5687 2046 1
2046 2027 1
2027 767 1
767 1412 1
1412 3778 1
3778 6923 1
6099 4115 1
4115 2121 1
2121 3945 1
3945 8425 1
8425 5340 1
5340 1730 1
1730 10612 1
10612 4843 1
4843 5537 1
5537 6033 1
6033 2535 1
2535 6715 1
6715 8316 1
8316 7845 1
7845 6653 1
6653 7147 1
7147 2024 1
2024 3788 1
3788 606 1
606 9594 1
9594 8395 1
8395 1716 1
1716 6938 1
6938 8767 1
8767 8345 1
8345 3342 1
3342 9072 1
9072 2083 1
2083 6328 1
6328 9594 1
9594 3170 1
3170 10723 1
10723 4892 1
2044 606 1
606 7663 1
7663 1664 1
1664 4254 1
4254 10620 1
10620 1664 1
1664 3409 1
3409 6061 1
6061 5439 1
5439 8871 1
8374 8759 1
8759 6910 1
6910 1233 1
1233 5355 1
5355 5792 1
5792 3788 1
3788 7945 1
7945 1134 1
1134 5906 1
5906 5056 1
5056 3115 1
3115 5295 1
5295 4663 1
4663 6529 1
6529 3344 1
3344 2078 1
2078 5637 1
5637 2058 1
2058 3747 1
3747 6689 1
6689 5906 1
5056 623 1
623 7359 1
7359 2936 1
2936 6737 1
6737 993 1
993 6353 1
6353 2842 1
2842 7047 1
7047 5443 1
5443 8341 1
8341 11163 1
11163 3572 1
3572 10343 1
10343 10308 1
9385 3574 1
3574 7239 1
7239 264 1
264 976 1
976 2595 1
976 1877 1
1877 6255 1
6255 5293 1
5293 2925 1
2925 4947 1
4947 10873 1
10873 264 1
264 10104 1
264 2121 1
2121 10886 1
10886 11163 1
11163 9438 1
9438 8095 1
8095 5819 1
5819 7876 1
7876 2081 1
2081 8285 1
8285 9490 1
9490 2854 1
2854 7228 1
7228 2354 1
2354 2114 1
2114 5453 1
5453 7017 1
7017 3473 1
3473 10723 1
10723 8316 1
8316 6549 1
6549 9545 1
9545 258 1
258 6894 1
6894 5792 1
5792 1412 1
1412 1130 1
1130 4061 1
4061 5395 1
5395 5574 1
5574 941 1
941 4877 1
4877 1336 1
1336 4477 1
4477 1172 1
1172 11176 1
11176 1 1
1 6391 1
6391 3344 1
3344 4019 1
4019 1504 1
1504 9731 1
9731 5244 1
5244 11173 1
11173 1248 1
1248 2760 1
2760 4142 1
4142 4941 1
4941 4954 1
4954 4661 1
4661 4774 1
4774 4877 1
4877 4357 1
4357 2281 1
2281 2734 1
2734 3778 1
3778 5161 1
5161 2946 1
2946 437 1
437 583 1
583 5318 1
5318 7379 1
7379 4264 1
4264 606 1
606 537 1
537 1959 1
1959 2819 1
2819 1229 1
1229 976 1
976 4730 1
4730 10031 1
10031 1877 1
1877 7229 1
7229 3882 1
2175 1341 1
1341 2819 1
2819 6572 1
6572 8909 1
8909 3164 1
3164 10202 1
10202 2505 1
2505 2970 1
2970 2289 1
2289 8153 1
8153 11132 1
11132 11177 1
11177 6118 1
6118 3813 1
3813 8187 1
8187 6595 1
6595 2254 1
2254 10723 1
10723 8712 1
8712 7457 1
7457 4918 1
4918 4135 1
4135 7131 1
7131 4199 1
4199 2475 1
2475 3317 1
3317 1629 1
1629 8712 1
8712 8054 1
8054 10235 1
10235 1443 1
1443 3344 1
3344 583 1
583 5374 1
5374 2854 1
2854 5442 1
5442 483 1
483 9427 1
9427 9165 1
9165 6549 1
6549 3788 1
3788 5154 1
5154 7084 1
7084 6890 1
6890 4766 1
4766 10031 1
10031 11149 1
11149 2908 1
2908 8305 1
2908 4325 1
4325 2944 1
2944 5536 1
5536 5868 1
5868 370 1
370 2954 1
2954 5899 1
5899 9118 1
9118 4947 1
4947 10123 1
10123 1564 1
1564 10777 1
10777 2975 1
2975 8523 1
8523 1664 1
1664 10235 1
10235 4254 1
4254 612 1
612 8973 1
8973 2864 1
2864 6063 1
6063 7814 1
7814 5119 1
5119 11081 1
11081 811 1
811 4917 1
4917 4919 1
4919 5119 1
4919 1331 1
1331 4917 1
4917 8002 1
8002 2864 1
2864 7427 1
7427 2493 1
2493 4917 1
4917 2285 1
2285 3181 1
3181 9441 1
9441 4308 1
4308 6935 1
6935 1088 1
1088 505 1
384 3164 1
3164 2819 1
2819 357 1
357 4000 1
4000 4661 1
4661 2958 1
2958 4483 1
4483 537 1
537 2243 1
2243 68 1
68 6549 1
6549 5898 1
5898 9591 1
9591 3073 1
3073 9387 1
9387 719 1
719 887 1
887 8576 1
8576 7786 1
8576 7814 1
7814 8719 1
8719 9131 1
9131 3813 1
3813 6019 1
6019 10022 1
10022 11054 1
11054 1664 1
1664 3788 1
3788 7867 1
7867 5798 1
5798 6392 1
6392 944 1
1892 497 1
497 4747 1
4747 2571 1
2571 6019 1
6019 8755 1
8755 3517 1
3517 4483 1
4483 10287 1
10287 4357 1
4357 4941 1
4941 818 1
818 50 1
50 3234 1
3234 10792 1
10792 5906 1
5906 3344 1
3344 8506 1
8506 8759 1
8759 6525 1
6525 2819 1
2819 3386 1
3386 4766 1
4766 5255 1
5255 7955 1
5255 1373 1
1373 4610 1
4610 8907 1
8907 9062 1
9062 9397 1
9397 1840 1
1840 8862 1
8862 6408 1
6408 1840 1
1840 9011 1
9011 1959 1
1959 2508 1
2508 2281 1
2281 5241 1
5241 5792 1
5792 4357 1
4357 6737 1
6737 2979 1
2979 4115 1
4115 4264 1
4264 7023 1
7023 6194 1
6194 1787 1
1787 9482 1
9482 6529 1
6529 10882 1
10882 8523 1
8523 3234 1
3234 180 1
180 6935 1
6935 5906 1
5906 6137 1
6137 8078 1
8078 2691 1
2691 3130 1
2691 10983 1
10983 9071 1
9071 2058 1
2058 472 1
472 1504 1
1504 5469 1
5469 5906 1
5906 3809 1
3809 667 1
667 9405 1
9405 5906 1
5906 5637 1
5637 10143 1
10143 11068 1
11068 2260 1
2260 2691 1
2691 8827 1
8827 4149 1
4149 6109 1
6109 10143 1
10143 7719 1
7719 4142 1
4142 6137 1
6137 6970 1
6970 5668 1
5668 1504 1
1504 6689 1
6689 3288 1
3288 5668 1
5668 2762 1
2762 1097 1
1097 2223 1
2223 2260 1
2260 2932 1
2932 4073 1
4073 5831 1
5831 7755 1
7755 4776 1
4776 1965 1
1965 5559 1
5559 7857 1
7857 2736 1
2736 9007 1
9007 3111 1
3111 9768 1
9768 2613 1
2613 2426 1
2426 887 1
887 6422 1
6422 7159 1
7159 1233 1
1233 982 1
982 5230 1
5230 5467 1
5467 10666 1
10666 3994 1
3994 11129 1
11129 2880 1
2880 102 1
102 1540 1
1540 2192 1
2192 6513 1
6513 11087 1
11087 6863 1
6863 3397 1
3397 5374 1
5374 6019 1
6019 8374 1
8374 2788 1
2788 4774 1
4774 6894 1
6894 8961 1
8961 11132 1
11132 2284 1
2284 8153 1
8153 8523 1
8523 5597 1
5597 11006 1
11006 1412 1
1412 5611 1
5611 3383 1
3383 5395 1
5395 9870 1
9870 4941 1
4941 10248 1
10248 1196 1
1196 10566 1
10566 1285 1
1285 3393 1
3393 6196 1
6196 2371 1
2371 7120 1
7120 7299 1
7299 1115 1
1115 10935 1
1115 662 1
662 4627 1
4627 3300 1
3300 5638 1
5638 4354 1
4354 3984 1
3984 5638 1
5638 5291 1
5291 8380 1
8380 382 1
382 5815 1
5815 5443 1
5443 5241 1
5241 7816 1
7816 2819 1
2819 2284 1
2284 5881 1
5881 4480 1
4480 4264 1
4264 264 1
264 2925 1
2925 2848 1
2848 5953 1
5953 8592 1
8592 6243 1
6243 5224 1
5224 7571 1
7571 10250 1
10250 6070 1
6070 10493 1
10493 9738 1
9738 2601 1
2601 1416 1
1416 7120 1
7120 800 1
800 6552 1
6552 7902 1
6552 1169 1
1169 1250 1
1250 6220 1
6220 5468 1
5468 10329 1
10329 5990 1
5990 2177 1
2177 7403 1
7403 7494 1
7494 8730 1
8730 11129 1
11129 5133 1
5133 8738 1
8738 3733 1
3733 5133 1
5133 72 1
72 1088 1
1088 10504 1
10504 4396 1
4396 882 1
882 8187 1
8187 678 1
678 7031 1
7031 50 1
50 3813 1
3813 972 1
972 5441 1
5441 16 1
16 7837 1
16 6257 1
6257 6971 1
6971 8637 1
8637 2551 1
2551 8829 1
8829 7084 1
7084 6239 1
6239 6572 1
6572 8343 1
8343 10723 1
10723 10041 1
10041 2238 1
2238 10434 1
10434 3362 1
3362 9015 1
9015 4119 1
4119 3574 1
3574 7676 1
7676 7806 1
7806 5056 1
5056 6286 1
6286 7275 1
7275 9640 1
9640 5574 1
5574 2192 1
2192 9011 1
9011 4877 1
6923 1381 1
1381 4871 1
4871 2081 1
2081 7064 1
7064 2447 1
2447 1801 1
1801 2880 1
2880 9872 1
9872 7095 1
7095 4590 1
4590 1671 1
1671 3176 1
3176 9876 1
9876 5545 1
5545 7242 1
7242 1151 1
1151 3422 1
3422 8600 1
8600 5733 1
5733 936 1
936 6515 1
6515 5786 1
5786 5826 1
5826 388 1
388 8087 1
8087 481 1
481 5733 1
5733 6937 1
6937 8859 1
8859 915 1
915 5826 1
5826 8087 1
8087 9747 1
9747 6937 1
5733 6515 1
6515 6937 1
6937 2678 1
2678 4779 1
4779 6674 1
6674 8600 1
8600 6515 1
6515 1430 1
1430 936 1
936 2839 1
2839 8175 1
8175 1430 1
1430 4348 1
4348 2678 1
4779 5826 1
5826 8175 1
8175 6674 1
6674 5826 1
5826 506 1
506 8600 1
6515 4348 1
4348 5786 1
5786 6674 1
6674 6515 1
8600 8617 1
8617 3849 1
3849 8455 1
8455 6871 1
6871 694 1
694 7101 1
7101 1043 1
1043 2424 1
2424 514 1
514 7586 1
7586 694 1
694 1043 1
1043 7818 1
7818 694 1
694 10540 1
10540 37 1
10540 4430 1
4430 1358 1
4430 3452 1
3452 598 1
598 4430 1
10540 7010 1
7010 170 1
170 10540 1
10540 2424 1
2424 694 1
694 5514 1
5514 7818 1
7818 6871 1
6871 9713 1
9713 8455 1
6871 514 1
514 7291 1
7291 9090 1
9090 9918 1
9918 7586 1
7586 6871 1
6871 6420 1
6420 1332 1
1332 3293 1
3293 1888 1
1888 4192 1
4192 1291 1
1291 6871 1
7818 7101 1
1043 7586 1
7586 9001 1
9001 2347 1
2347 690 1
690 8689 1
8689 5052 1
5052 9580 1
9580 8222 1
8222 11068 1
11068 7542 1
7542 2358 1
2358 9668 1
9668 8484 1
8484 2932 1
2932 4941 1
4941 2112 1
2112 9011 1
9011 11054 1
11054 1011 1
1011 8916 1
8916 10211 1
10211 10371 1
10371 7270 1
7270 4849 1
4849 10364 1
10364 6110 1
10364 3898 1
3898 6504 1
6504 7270 1
7270 3447 1
3447 6056 1
6056 4255 1
4255 6329 1
6329 9373 1
9373 357 1
357 3957 1
3957 4774 1
4774 7768 1
7768 4474 1
4474 4661 1
4661 9427 1
9427 2552 1
2552 3560 1
3560 7091 1
7091 7359 1
7359 706 1
706 1859 1
1859 433 1
1859 7494 1
7494 6058 1
6058 8153 1
8153 3301 1
3301 3062 1
3062 6737 1
6737 6139 1
6139 6923 1
6923 1564 1
10123 1664 1
1664 10041 1
10041 8274 1
8274 10588 1
10588 8961 1
8961 9939 1
9939 3945 1
3945 6525 1
6525 9218 1
9218 4877 1
4877 5611 1
5611 3993 1
3993 6563 1
6563 2262 1
2262 7371 1
7371 10022 1
10022 5154 1
5154 9292 1
5154 2970 1
2970 6595 1
6595 4477 1
4477 9577 1
9577 583 1
583 10886 1
10886 10726 1
10726 7023 1
5318 10588 1
10588 1629 1
1629 6288 1
6288 1806 1
1806 1629 1
1629 3574 1
3574 2975 1
2975 2238 1
2238 2121 1
2121 9218 1
9218 606 1
606 85 1
85 8759 1
8759 9011 1
9011 32 1
32 6910 1
6910 9545 1
9545 9400 1
9400 2505 1
2505 2438 1
2438 9454 1
9454 9733 1
9733 7663 1
7663 483 1
483 6595 1
6595 7992 1
7992 7843 1
7843 5441 1
5441 9468 1
9468 1570 1
1570 2226 1
2226 2388 1
2388 5182 1
5182 1169 1
1169 10516 1
10516 5914 1
5914 299 1
1416 6220 1
6220 1570 1
1570 3866 1
3866 8015 1
8015 95 1
95 4664 1
4664 3175 1
3175 5884 1
5884 7963 1
7963 8285 1
8285 1837 1
1837 2041 1
2041 993 1
993 2344 1
2344 5453 1
5453 7064 1
7064 2788 1
2788 756 1
756 10318 1
10318 4774 1
4774 4298 1
4298 6722 1
6722 6411 1
6411 4060 1
4060 9873 1
9873 8274 1
8274 7211 1
7211 1159 1
1159 5052 1
5052 8278 1
