2915 8403 1
8403 2426 1
2426 960 1
960 8687 1
8687 848 1
848 9723 1
9723 2627 1
2627 4826 1
4826 6861 1
6861 9098 1
6861 10046 1
10046 942 1
942 1802 1
1802 8949 1
8949 3482 1
3482 5574 1
5574 7695 1
7695 10723 1
10723 1229 1
1229 3914 1
3914 2044 1
2044 9427 1
9427 4061 1
4061 8345 1
8345 2175 1
2175 5246 1
5246 5241 1
5241 4766 1
4766 2044 1
2044 5053 1
5053 7091 1
7091 1564 1
1564 10041 1
10041 2970 1
2970 2979 1
2979 4480 1
4480 9870 1
9870 497 1
497 5439 1
5439 1664 1
1664 7484 1
7484 4298 1
4298 2402 1
2402 437 1
437 3678 1
3678 2402 1
2402 6918 1
6918 180 1
180 3227 1
3227 4536 1
4536 9400 1
9400 5355 1
5355 9146 1
9146 8343 1
8343 4480 1
4480 6391 1
6391 2041 1
2041 18 1
18 4432 1
4432 3097 1
3097 3237 1
3237 976 1
976 10091 1
10091 10149 1
10149 10123 1
10123 3692 1
3692 4871 1
4871 6328 1
6328 3882 1
3882 853 1
853 10613 1
10613 5899 1
5899 5366 1
5366 6304 1
6304 2635 1
2635 5013 1
5013 6939 1
6939 6838 1
6838 1158 1
1158 7367 1
7367 7236 1
7236 5592 1
5592 3767 1
3767 3589 1
3589 4635 1
4635 8093 1
8093 7098 1
7098 5876 1
7098 6349 1
6349 8856 1
8856 7098 1
7098 2842 1
2842 9358 1
9358 9441 1
9441 2691 1
2691 5831 1
5831 8644 1
8644 4919 1
4919 2921 1
2921 7755 1
7755 7231 1
7231 6489 1
6489 5308 1
5308 9782 1
9782 6860 1
9782 3443 1
3443 7106 1
7106 5939 1
5939 10334 1
10334 4274 1
4274 8450 1
8450 10334 1
10334 1129 1
1129 686 1
10334 6688 1
6688 7722 1
7722 1765 1
1765 5363 1
5363 7894 1
7894 3018 1
3018 10557 1
10557 1640 1
1640 856 1
856 3344 1
3344 2381 1
2381 1233 1
1233 1336 1
1336 10886 1
10886 9400 1
9400 7023 1
7023 3409 1
3409 2614 1
2614 2585 1
2585 6086 1
6086 8184 1
8184 9535 1
9535 5099 1
9535 10331 1
10331 10133 1
10133 7536 1
10331 10077 1
10077 8789 1
8789 3854 1
3854 2799 1
2799 9663 1
9663 5043 1
5043 2799 1
2799 2625 1
2625 3513 1
3513 4038 1
4038 9921 1
9921 6984 1
6984 4112 1
4112 5471 1
5471 4557 1
4557 5282 1
5282 5946 1
5946 8950 1
5946 2601 1
2601 1416 1
1416 3624 1
3624 2686 1
2686 6576 1
6576 2371 1
2371 3047 1
3047 299 1
299 5536 1
5536 10890 1
10890 5868 1
5868 5899 1
5899 6926 1
6926 8779 1
8779 10613 1
10613 3097 1
3097 5293 1
5293 4432 1
4432 3926 1
3926 7505 1
7505 8736 1
8736 941 1
941 2272 1
2272 8603 1
8603 7379 1
7379 982 1
982 9278 1
9278 5241 1
5241 5293 1
5293 1716 1
1716 7229 1
7229 5191 1
5191 853 1
853 10149 1
10149 3692 1
3692 4128 1
4128 1252 1
1252 414 1
414 9577 1
9577 11006 1
11006 9400 1
10886 421 1
421 8998 1
8998 9600 1
9600 6052 1
6052 281 1
281 8603 1
8603 3772 1
3772 2936 1
2936 11054 1
11054 2447 1
2447 180 1
180 606 1
606 5439 1
5439 2854 1
2854 3914 1
3914 3473 1
3473 2614 1
2614 1412 1
1412 10041 1
10041 7379 1
7379 6139 1
6139 4483 1
4483 4954 1
4954 4060 1
4060 3383 1
3383 6572 1
6572 5783 1
5783 8233 1
8233 3993 1
3993 10691 1
10691 8731 1
8731 7768 1
7768 8530 1
8530 848 1
848 9814 1
9814 8333 1
9814 8117 1
8117 10343 1
10343 5053 1
5053 1233 1
1233 6722 1
6722 9998 1
9998 3951 1
3951 10609 1
10609 6723 1
6723 11060 1
11060 10609 1
10609 8736 1
8736 3042 1
3042 4563 1
4563 9939 1
9939 4357 1
4357 8100 1
8100 376 1
376 9131 1
9131 3364 1
3364 6374 1
6374 6196 1
6196 2371 1
2371 1570 1
1570 299 1
299 5468 1
5468 997 1
997 8015 1
8015 3457 1
3457 7965 1
7965 4200 1
4200 6445 1
6445 5071 1
5071 3857 1
3857 4200 1
7965 414 1
414 2890 1
2890 2798 1
2798 9817 1
9817 4008 1
4008 6528 1
6528 2890 1
2890 3625 1
3625 2798 1
2798 4298 1
4298 2192 1
2192 2946 1
2946 9165 1
9165 8345 1
8345 6525 1
6525 1233 1
1233 3042 1
3042 2112 1
2112 10004 1
10004 8343 1
8343 5241 1
4766 5318 1
5318 3386 1
3386 8345 1
8345 4238 1
4238 2946 1
2946 5355 1
5355 756 1
756 2262 1
2262 10551 1
10551 2854 1
2854 8364 1
8364 9441 1
9441 10989 1
10989 6489 1
6489 2198 1
2198 709 1
709 10849 1
10849 7746 1
7746 3572 1
3572 4351 1
4351 5443 1
5443 5458 1
5458 6737 1
6737 4766 1
4766 8343 1
8343 3914 1
3914 7371 1
7371 7091 1
7091 6712 1
6712 8523 1
8523 5161 1
5161 2936 1
2936 5974 1
5974 8345 1
8345 68 1
68 9605 1
9605 5569 1
5569 6491 1
6491 3397 1
3397 4018 1
4018 5048 1
5048 1785 1
1785 2447 1
2447 8565 1
8565 7920 1
7920 3409 1
3409 5709 1
5709 1412 1
1412 8736 1
8736 9278 1
9278 7676 1
7676 233 1
233 2493 1
2493 9537 1
9537 2046 1
2046 3150 1
3150 1360 1
1360 2046 1
2046 11181 1
11181 5125 1
11181 5942 1
5942 5032 1
5032 2181 1
2181 7211 1
7211 2552 1
2552 3362 1
3362 730 1
730 4104 1
4104 6255 1
6255 1877 1
1877 2532 1
2532 5443 1
5443 1082 1
1082 6576 1
6576 3346 1
3346 7171 1
7171 7299 1
7299 9901 1
9901 4842 1
4842 10031 1
10031 1341 1
1341 2848 1
2848 10964 1
10964 4730 1
4730 5503 1
5503 6244 1
6244 6770 1
6770 6549 1
6549 6139 1
6139 5053 1
5053 8187 1
8187 2112 1
2112 583 1
583 4357 1
4357 10804 1
10804 4747 1
4747 2238 1
2238 10123 1
10123 1681 1
1681 3100 1
3100 9218 1
9218 10343 1
10343 2447 1
2447 6712 1
6712 583 1
583 2447 1
2447 3301 1
3301 4861 1
4861 2272 1
2272 264 1
264 9165 1
9165 8274 1
8274 10022 1
10022 1336 1
1336 3778 1
3778 10777 1
10777 982 1
982 6795 1
6795 5868 1
5868 4196 1
4196 5899 1
5899 8883 1
8883 1671 1
1671 9938 1
9938 4834 1
4834 9127 1
9127 9453 1
9453 10669 1
10669 1513 1
1513 8535 1
8535 8370 1
8370 7014 1
8370 4893 1
4893 2444 1
2444 6206 1
6206 6421 1
6421 5552 1
5552 423 1
423 2596 1
2596 1340 1
1340 10050 1
10050 10521 1
10521 5298 1
10050 5298 1
10050 5552 1
5552 5455 1
5455 10688 1
10688 11092 1
11092 7256 1
7256 5455 1
5455 8947 1
5455 6421 1
6421 3493 1
3493 5455 1
5455 4586 1
4586 9174 1
9174 6825 1
6825 67 1
67 8632 1
8632 740 1
740 11092 1
7256 298 1
298 67 1
67 10032 1
10032 1241 1
1241 740 1
740 10688 1
10688 7739 1
7739 11092 1
11092 1241 1
1241 7739 1
7739 298 1
298 10032 1
10032 6825 1
10032 3649 1
3649 10376 1
10376 5788 1
5788 9555 1
9555 11119 1
11119 8051 1
8051 9162 1
9162 3129 1
3129 8253 1
8253 267 1
267 10092 1
10092 8982 1
10092 9854 1
9854 7720 1
7720 6327 1
6327 9072 1
9072 3237 1
3237 1716 1
1716 18 1
18 7876 1
7876 5458 1
5458 4871 1
4871 7047 1
7047 176 1
176 3317 1
3317 5969 1
5969 2402 1
2402 3227 1
3227 6712 1
6712 3062 1
3062 6383 1
6383 2238 1
2238 5161 1
5161 10886 1
10886 7963 1
7963 4308 1
4308 7047 1
7047 4664 1
4664 5453 1
5453 4725 1
4725 2842 1
2842 7963 1
7963 6737 1
6737 5884 1
5884 8285 1
8285 9502 1
9502 8903 1
8903 5819 1
5819 4631 1
4631 1381 1
1381 11163 1
11163 1688 1
1688 7494 1
7494 10961 1
10961 8604 1
8604 7904 1
7904 5010 1
5010 11114 1
11114 9693 1
9693 3300 1
3300 3518 1
3518 2100 1
2100 5564 1
5564 8815 1
5564 1100 1
5564 10235 1
10235 4254 1
4254 10620 1
10620 2237 1
2237 4097 1
4097 78 1
78 7494 1
7494 8871 1
8871 373 1
373 1748 1
1748 6788 1
6788 7419 1
7419 6688 1
6688 4589 1
4589 4476 1
4476 1339 1
1339 9659 1
9659 1659 1
1659 5770 1
5770 6757 1
6757 5866 1
5866 2650 1
2650 7183 1
7183 5678 1
5678 2460 1
2460 5093 1
5093 854 1
854 9383 1
9383 6430 1
6430 3004 1
3004 4986 1
4986 2039 1
2039 4129 1
4129 3004 1
4129 5852 1
5852 3004 1
3004 2039 1
2039 6430 1
6430 10760 1
10760 4129 1
2039 10760 1
6430 9744 1
9744 6934 1
9744 2219 1
2219 271 1
271 5678 1
5678 6757 1
6757 10549 1
10549 8157 1
8157 2219 1
2219 6757 1
6757 9291 1
9291 7638 1
7638 887 1
887 6505 1
6505 6422 1
6422 4199 1
4199 980 1
980 5709 1
5709 1068 1
1068 1600 1
1600 6621 1
6621 8581 1
8581 6823 1
6823 8746 1
8746 8581 1
8746 7956 1
8746 6621 1
6621 8398 1
8398 1785 1
1785 3227 1
3227 7379 1
7379 319 1
319 10869 1
10869 3111 1
3111 2957 1
2957 6737 1
6737 9141 1
9141 4000 1
4000 2979 1
2979 5355 1
5355 3778 1
3778 6910 1
6910 3772 1
3772 7091 1
7091 2508 1
2508 9681 1
9681 9605 1
9605 3971 1
3971 4543 1
4543 687 1
687 10278 1
10278 7308 1
7308 11052 1
11052 853 1
853 8071 1
8071 3659 1
3659 10873 1
10873 9072 1
9072 6346 1
6346 6653 1
6653 3397 1
3397 10397 1
10397 5244 1
5244 2691 1
2691 4919 1
4919 8277 1
8277 2484 1
2484 6063 1
6063 1275 1
1275 2301 1
2301 4919 1
4919 8872 1
8872 3215 1
3215 1726 1
1726 9441 1
9441 10886 1
10886 3022 1
3022 606 1
606 8731 1
8731 7321 1
7321 7017 1
7017 7228 1
7228 4664 1
4664 2908 1
2908 4128 1
4128 7215 1
7215 2202 1
7215 8239 1
8239 414 1
414 6770 1
6770 7663 1
7663 11006 1
11006 10609 1
10609 8802 1
8802 3778 1
3778 7091 1
7091 6239 1
6239 11170 1
11170 6329 1
6329 357 1
357 9400 1
9400 4877 1
4877 5241 1
5241 7229 1
7229 4947 1
4947 10123 1
10123 2819 1
2819 5355 1
5355 281 1
281 10882 1
10882 7720 1
7720 856 1
856 6183 1
6183 5815 1
5815 2819 1
2819 8546 1
8546 3844 1
3844 6374 1
6374 9468 1
9468 7299 1
7299 7885 1
7885 8959 1
8959 4262 1
4262 5705 1
5705 1650 1
5705 2103 1
2103 10190 1
10190 7419 1
7419 5224 1
5224 2903 1
2903 9102 1
2903 6778 1
2903 3096 1
3096 3393 1
3393 4189 1
4189 6244 1
6244 2369 1
2369 3814 1
3814 8654 1
8654 3722 1
3722 8212 1
8212 5561 1
5561 1510 1
1510 10534 1
10534 5541 1
5541 5015 1
5015 4749 1
5015 8135 1
8135 3414 1
3414 6655 1
6655 8135 1
3414 6841 1
6841 8668 1
8668 1267 1
1267 8871 1
8871 531 1
531 5061 1
5061 11161 1
11161 1554 1
1554 9625 1
9625 531 1
531 2438 1
5061 6703 1
6703 3652 1
3652 2790 1
2790 6489 1
6489 2987 1
2987 4624 1
4624 4596 1
4596 3748 1
3748 2073 1
2073 1986 1
1986 9925 1
9925 1368 1
1368 9544 1
9544 9148 1
9148 5080 1
5080 8858 1
8858 8117 1
8117 3026 1
3026 10869 1
10869 10434 1
10434 4766 1
4766 2020 1
2020 1535 1
1535 1629 1
1629 8759 1
8759 3517 1
3517 10287 1
10287 7530 1
7530 2505 1
2505 3100 1
3100 3301 1
3301 4298 1
4298 50 1
50 8882 1
8882 10874 1
10874 6572 1
6572 6099 1
6099 2466 1
2466 3570 1
3570 240 1
240 2595 1
2595 6821 1
6821 10974 1
10974 7675 1
10974 4143 1
4143 7582 1
7582 6890 1
6890 10292 1
10292 6876 1
6876 6723 1
6723 482 1
482 8736 1
8736 7695 1
7695 7867 1
7867 3678 1
3678 50 1
50 6876 1
6876 3560 1
3560 1535 1
1535 9545 1
9545 2272 1
2272 4661 1
4661 6918 1
6918 3951 1
3951 3560 1
3560 6918 1
6918 10318 1
10318 10792 1
10792 10777 1
10777 10551 1
10551 4379 1
4379 8079 1
8079 5974 1
5974 11086 1
11086 1059 1
1059 9732 1
9732 10487 1
10487 3993 1
3993 4480 1
4480 6890 1
10292 7699 1
6890 6411 1
6411 6723 1
6723 8303 1
8303 2238 1
2238 4349 1
4349 2880 1
2880 6019 1
6019 1336 1
1336 6918 1
6918 5395 1
5395 3945 1
3945 8736 1
8736 1892 1
1892 10886 1
10886 6383 1
6383 8233 1
8233 10318 1
10318 6715 1
6715 8987 1
8987 8802 1
8802 3951 1
3951 232 1
232 7371 1
7371 6722 1
6722 9427 1
9427 10804 1
10804 1233 1
1233 3062 1
3062 3397 1
3397 8282 1
8282 9387 1
9387 6549 1
6549 50 1
50 7484 1
7484 7676 1
7676 982 1
982 3008 1
3008 4987 1
4987 7812 1
7812 6379 1
6379 4078 1
4078 5364 1
5364 7474 1
5364 7370 1
7370 5970 1
5970 5751 1
5751 3409 1
3409 10123 1
10123 2595 1
2595 4104 1
4104 6642 1
6642 9131 1
9131 3617 1
3617 8100 1
8100 2192 1
2192 9131 1
9131 8580 1
8580 4335 1
4335 5277 1
5277 8862 1
8862 6565 1
6565 2664 1
6565 3774 1
3774 4649 1
4649 9131 1
9131 75 1
75 6286 1
6286 3844 1
3844 1829 1
1829 7159 1
7159 437 1
437 5439 1
5439 4747 1
4747 331 1
331 8282 1
8282 8153 1
8153 11054 1
11054 8343 1
8343 3993 1
3993 3383 1
3383 6737 1
6737 4810 1
4810 7229 1
7229 264 1
264 7064 1
7064 8285 1
8285 4631 1
4631 7789 1
7789 9356 1
9356 8095 1
8095 176 1
176 10654 1
10654 5724 1
5724 2944 1
2944 10157 1
10157 3503 1
3503 4128 1
4128 7816 1
7816 2595 1
2595 5512 1
5512 10993 1
10993 6609 1
6609 5512 1
5512 10824 1
10824 7245 1
10824 1764 1
1764 1180 1
1180 1786 1
1786 9850 1
9850 1523 1
1523 5513 1
5513 6947 1
6947 8719 1
8719 2600 1
8719 6097 1
6097 6722 1
6722 10886 1
10886 8187 1
8187 5056 1
5056 4018 1
4018 2880 1
2880 2508 1
2508 8303 1
8303 3951 1
3951 9605 1
9605 7618 1
7618 629 1
629 3914 1
3914 1801 1
1801 6712 1
6712 7159 1
7159 85 1
85 6712 1
6712 7484 1
7484 6099 1
6099 5318 1
5318 5783 1
5783 9373 1
9373 7211 1
7211 50 1
50 1801 1
1801 7359 1
7359 5374 1
5374 3234 1
3234 7505 1
7505 4128 1
4128 10147 1
10147 1110 1
1110 2987 1
2987 8167 1
8167 4596 1
4596 9148 1
9148 8197 1
9148 5231 1
5231 1866 1
1866 8014 1
8014 8999 1
8999 3551 1
3551 5650 1
5650 8537 1
8537 1673 1
1673 8466 1
8466 946 1
946 728 1
728 3887 1
3887 10141 1
10141 7322 1
7322 304 1
304 10550 1
10550 5385 1
10550 10634 1
10634 9743 1
9743 4240 1
4240 4163 1
4163 1982 1
1982 4240 1
4240 8419 1
8419 10518 1
10518 5364 1
5364 10582 1
10582 7839 1
7839 10625 1
7839 793 1
7839 1228 1
1228 309 1
309 10248 1
10248 3953 1
3953 4266 1
4266 9870 1
9870 7064 1
7064 3234 1
3234 7239 1
7239 10804 1
10804 6194 1
6194 941 1
941 8187 1
8187 3397 1
3397 6058 1
6058 3510 1
3510 9011 1
9011 9142 1
9142 3517 1
10287 5434 1
5434 8580 1
8580 5527 1
5527 1840 1
1840 8580 1
8580 5188 1
5188 5434 1
5434 5277 1
5277 8029 1
8029 3908 1
3908 6840 1
6840 3844 1
3844 6491 1
6491 9008 1
9008 4356 1
4356 3397 1
3397 542 1
542 6722 1
6722 5969 1
5969 3560 1
3560 6491 1
6491 2077 1
2077 3813 1
3813 3062 1
3062 9431 1
9431 3813 1
3813 3397 1
3397 319 1
319 7084 1
7084 8233 1
8233 68 1
68 7457 1
7457 8330 1
8330 8712 1
8712 1785 1
1785 5969 1
5969 180 1
180 5395 1
5395 8736 1
8736 7239 1
7239 7091 1
7091 5964 1
5964 9605 1
9605 319 1
319 9855 1
7084 7582 1
7582 1535 1
1535 4474 1
4474 1108 1
4474 2658 1
2658 4477 1
4477 2064 1
2064 2642 1
2064 9927 1
9927 10678 1
10678 6376 1
6376 6197 1
6197 1746 1
1746 5124 1
5124 10007 1
10007 3653 1
3653 5402 1
5402 5007 1
5007 2055 1
2055 10235 1
2055 8960 1
2055 4670 1
4670 1196 1
1196 10566 1
10566 1285 1
1285 4034 1
1285 6013 1
6013 7269 1
7269 11177 1
11177 6898 1
6898 7105 1
6898 7203 1
7203 1362 1
1362 6898 1
6898 5778 1
5778 5385 1
5385 4099 1
4099 5778 1
5778 2953 1
2953 3468 1
3468 4895 1
4895 293 1
293 3765 1
3765 10806 1
10806 10008 1
10008 11199 1
11199 5311 1
5311 4331 1
4331 3651 1
3651 5982 1
5982 1110 1
1110 4596 1
4596 3542 1
3542 2242 1
2242 4331 1
4331 6548 1
4331 8108 1
8108 4938 1
8108 5015 1
5015 8341 1
8341 11163 1
11163 6036 1
6036 176 1
176 7963 1
7963 4351 1
7963 6991 1
6991 8285 1
8285 2854 1
2854 8316 1
8316 11006 1
11006 440 1
440 6491 1
6491 3951 1
6918 9218 1
9218 1681 1
1681 2281 1
2281 2958 1
2958 1785 1
1785 4464 1
4464 5597 1
5597 6061 1
6061 9278 1
9278 4000 1
4000 2192 1
2192 5611 1
5611 2936 1
2936 4477 1
4477 6099 1
6099 3386 1
3386 2880 1
2880 9164 1
9164 5133 1
5133 2461 1
2461 3062 1
3062 5574 1
5574 4861 1
4861 4061 1
4061 4464 1
4464 9605 1
9605 2734 1
2734 2854 1
2854 5611 1
5611 7023 1
7023 7945 1
7945 1233 1
1233 9577 1
9577 4861 1
4861 5355 1
5355 7530 1
7530 5792 1
5792 7484 1
7484 6563 1
6563 10726 1
10726 9142 1
9142 8603 1
8603 1681 1
1681 8229 1
8229 2505 1
2505 1629 1
1629 8719 1
8719 4480 1
4480 2552 1
2552 730 1
730 6572 1
6572 7702 1
7702 3362 1
3362 11006 1
11006 1336 1
1336 1801 1
1801 7371 1
7371 6194 1
6194 2571 1
2571 7867 1
7867 8233 1
8233 1157 1
1157 4349 1
4349 8303 1
8303 6526 1
6526 3560 1
3560 2238 1
2238 9870 1
9870 8523 1
8523 629 1
629 2044 1
3914 9427 1
9427 6459 1
6459 2395 1
2395 10547 1
10547 5395 1
5395 6770 1
6770 8719 1
8719 5597 1
5597 2044 1
2044 10041 1
10041 2880 1
2880 4060 1
4060 6770 1
6770 7379 1
7379 678 1
678 9605 1
9605 4115 1
4115 4563 1
4563 11132 1
11132 6894 1
6894 7359 1
7359 6036 1
6036 6737 1
6737 9387 1
6549 9870 1
9870 3317 1
3317 8903 1
8903 2081 1
2081 4664 1
4664 7288 1
7288 5686 1
5686 8959 1
8959 10329 1
10329 8261 1
10329 2388 1
2388 1767 1
2388 8959 1
8959 10661 1
8959 6576 1
6576 9872 1
9872 7328 1
7328 9732 1
9732 8987 1
8987 497 1
497 232 1
232 3644 1
3644 2958 1
2958 7159 1
7159 6422 1
6422 944 1
944 9089 1
9089 5974 1
5974 9278 1
9278 2958 1
2958 7371 1
7371 4536 1
4536 357 1
357 6194 1
6194 4104 1
4104 8935 1
8935 11163 1
11163 6737 1
6737 2402 1
2402 3409 1
3409 7505 1
7505 1252 1
1252 9275 1
9275 6328 1
6328 2175 1
2175 5534 1
5534 6715 1
6715 7530 1
7530 6923 1
6923 8153 1
8153 8730 1
8730 3327 1
3327 561 1
561 7066 1
7066 5163 1
5163 10628 1
10628 74 1
74 2505 1
2505 3914 1
3914 7336 1
3914 3022 1
3022 4474 1
4474 5513 1
5513 10158 1
10158 477 1
477 5564 1
477 8153 1
8153 1739 1
1739 5969 1
5969 11132 1
11132 982 1
982 5899 1
5899 6099 1
6099 624 1
624 2209 1
2209 5191 1
5191 264 1
264 10964 1
10964 7229 1
7229 830 1
830 532 1
532 5293 1
5293 3572 1
3572 6063 1
6063 6489 1
6489 3478 1
3478 2795 1
2795 10849 1
10849 3215 1
3215 233 1
233 8330 1
8330 3326 1
3326 74 1
74 3115 1
3115 6595 1
6595 9733 1
9733 8054 1
8054 9600 1
9600 1629 1
1629 10726 1
10726 4766 1
4766 1892 1
1892 3604 1
3604 9817 1
9817 2734 1
2734 4000 1
4000 8374 1
8374 4477 1
2658 606 1
606 982 1
982 1664 1
1664 3993 1
3993 9523 1
9523 3560 1
3560 4606 1
4606 4862 1
4862 3993 1
3993 730 1
730 2071 1
2071 6411 1
6411 3060 1
3060 9998 1
9998 482 1
482 3951 1
3951 6890 1
6890 3060 1
3060 3523 1
3523 818 1
818 6770 1
6770 9733 1
9733 180 1
180 2238 1
2238 3914 1
3914 3772 1
3772 2734 1
2734 497 1
497 1959 1
1959 8343 1
8343 3344 1
3344 7920 1
7920 497 1
497 4747 1
4747 4000 1
4000 5974 1
5974 3164 1
3164 11176 1
11176 1 1
1 1752 1
1752 5860 1
1752 182 1
1752 9391 1
1752 6949 1
1752 240 1
240 6328 1
6328 4730 1
4730 18 1
18 1688 1
1688 7308 1
7308 4128 1
4128 4871 1
4871 11043 1
11043 4454 1
4454 6737 1
6737 1934 1
1934 6653 1
6653 408 1
408 1715 1
1715 7733 1
7733 2097 1
2097 1717 1
1717 5894 1
5894 6398 1
6398 7992 1
7992 10628 1
10628 5593 1
5593 4531 1
4531 1785 1
1785 2272 1
2272 8759 1
8759 8736 1
8736 2571 1
2571 3100 1
3100 8716 1
8716 1197 1
1197 1862 1
1862 2338 1
2338 4862 1
4862 893 1
893 403 1
403 426 1
403 9148 1
9148 6293 1
6293 10985 1
10985 9104 1
9104 3026 1
3026 649 1
649 6536 1
6536 582 1
582 10869 1
10869 11006 1
11006 3993 1
3993 2395 1
2395 7977 1
7977 1634 1
1634 7682 1
7682 537 1
537 3100 1
3100 7064 1
7064 176 1
176 4253 1
4253 4938 1
4938 7858 1
7858 7630 1
7630 3185 1
3185 10548 1
10548 7041 1
7041 10077 1
8789 6955 1
6955 2165 1
2165 2690 1
2690 10947 1
10947 3741 1
3741 10534 1
10534 8463 1
8463 4816 1
8463 2288 1
2288 4387 1
4387 3344 1
3344 2936 1
2936 4104 1
4104 8343 1
8343 3326 1
3326 4892 1
4892 4264 1
4264 8802 1
8802 4297 1
4297 7484 1
7484 7530 1
7530 2854 1
2854 4661 1
4661 6286 1
6286 4335 1
4335 5858 1
5858 8029 1
8029 9011 1
9011 2658 1
2658 180 1
180 6383 1
6383 1959 1
1959 6563 1
6563 6770 1
6549 4483 1
4483 2788 1
2788 8987 1
8987 6139 1
6139 3945 1
3945 7945 1
7945 6052 1
6052 10546 1
10546 3170 1
3170 5593 1
10628 3611 1
3611 6642 1
6642 3164 1
3164 1483 1
1483 3974 1
3974 8229 1
8229 5910 1
5910 3974 1
3974 1717 1
1717 614 1
614 3397 1
3397 11129 1
11129 11132 1
11132 7023 1
7023 437 1
437 8187 1
8187 3517 1
3517 1233 1
1233 7663 1
7663 2975 1
2975 4536 1
4536 542 1
542 437 1
437 6139 1
6139 583 1
583 4954 1
4954 2505 1
2505 10551 1
10551 4190 1
4190 10673 1
10673 1412 1
1412 4464 1
4464 6563 1
6563 3778 1
3778 3234 1
3234 5574 1
5574 8603 1
8603 9011 1
9011 85 1
85 1785 1
1785 3022 1
3022 8523 1
8523 4954 1
4954 4382 1
4382 2447 1
2447 4766 1
4766 4061 1
4061 9605 1
9605 10834 1
10834 2015 1
2015 7163 1
7163 2073 1
2073 7831 1
7831 10848 1
10848 9148 1
9148 9104 1
9104 1326 1
1326 4853 1
4853 10869 1
10869 4060 1
4060 2243 1
2243 2791 1
2791 9264 1
9264 9600 1
9600 4663 1
4663 2791 1
2791 7066 1
7066 9594 1
9594 9011 1
9011 2121 1
2121 1959 1
1959 730 1
730 7702 1
7702 6582 1
6582 5241 1
5241 2848 1
2848 8756 1
8756 2175 1
2175 10233 1
10233 1589 1
1589 621 1
621 5016 1
5016 4873 1
4873 7591 1
7591 4583 1
4583 8585 1
8585 6301 1
8585 3583 1
8585 9110 1
9110 6459 1
6459 3164 1
3164 7682 1
7682 384 1
384 9928 1
9928 9653 1
9653 1806 1
1806 6529 1
6529 3327 1
3327 5048 1
5048 233 1
233 7427 1
7427 8911 1
8911 584 1
584 6192 1
6192 5831 1
5831 7751 1
7751 5103 1
5103 3478 1
3478 2484 1
2484 1965 1
1965 2854 1
2854 18 1
18 3926 1
3926 2083 1
2083 10123 1
10123 3858 1
3858 6101 1
6101 440 1
440 2281 1
2281 6737 1
6737 2848 1
2848 3882 1
3882 6255 1
6255 4128 1
4128 7020 1
7020 2908 1
2908 10209 1
10209 8952 1
8952 1793 1
8952 4947 1
10123 5964 1
5964 730 1
730 7375 1
7375 6879 1
730 7084 1
7084 8282 1
8282 7091 1
7091 483 1
483 5241 1
5241 5574 1
5574 1892 1
1892 5597 1
5597 2854 1
2854 7746 1
7746 3720 1
3720 584 1
584 8002 1
8002 8277 1
8277 3099 1
3099 5119 1
5119 1331 1
1331 8319 1
8319 6134 1
6134 4664 1
4664 9011 1
9011 5503 1
5503 3397 1
3062 1873 1
1873 2044 1
2044 7867 1
7867 606 1
606 3993 1
3993 2281 1
2281 2975 1
2975 2788 1
2788 1336 1
1336 6061 1
6061 6059 1
6059 7867 1
7867 9922 1
9922 7052 1
7052 2535 1
2535 4115 1
4115 9577 1
9577 3344 1
3344 7023 1
7023 6019 1
6019 4536 1
4536 8523 1
8523 3397 1
3397 2044 1
2044 85 1
85 5355 1
5355 10529 1
10529 2979 1
2979 6525 1
6525 8374 1
8374 232 1
232 6059 1
6059 2121 1
2121 6923 1
6923 1681 1
1681 8274 1
8274 5969 1
5969 8719 1
8719 10004 1
10004 3945 1
3945 3788 1
3788 8871 1
3788 10768 1
10768 7054 1
7054 10265 1
7054 161 1
161 9405 1
9405 985 1
985 3344 1
3344 7380 1
7380 2539 1
2539 9281 1
2539 9994 1
9994 3800 1
3800 995 1
995 8923 1
8923 2247 1
2247 7832 1
7832 8923 1
8923 1093 1
1093 7005 1
7005 3800 1
3800 9991 1
9991 3953 1
3953 10490 1
3953 8223 1
8223 2539 1
9994 4998 1
4998 3064 1
3064 10726 1
10726 6019 1
6019 4115 1
4115 4104 1
4104 6595 1
6595 623 1
623 1806 1
1806 2819 1
2819 8756 1
8756 240 1
240 4730 1
4730 10149 1
10149 532 1
532 6938 1
6938 9218 1
9218 2272 1
2272 4563 1
4563 5870 1
5870 6849 1
6849 4332 1
4332 4239 1
4239 9089 1
4239 944 1
944 4563 1
4563 6737 1
6737 9223 1
9223 8341 1
8341 7193 1
7193 8516 1
8516 7047 1
7047 993 1
993 6786 1
6786 2041 1
2041 7064 1
7064 4631 1
4631 6737 1
6737 5974 1
5974 3993 1
3993 4357 1
4357 4042 1
4042 1662 1
1662 4357 1
4357 3383 1
3383 1564 1
1564 4482 1
4482 4776 1
4776 5670 1
5670 3569 1
3569 7710 1
7710 1535 1
1535 6572 1
6572 3517 1
3517 621 1
621 5246 1
5246 4149 1
4149 10528 1
10528 2831 1
2831 3344 1
3344 8374 1
8374 10343 1
10343 537 1
537 3611 1
3611 6715 1
6715 4873 1
4873 2535 1
2535 8506 1
8506 3115 1
3115 7992 1
7992 9108 1
9108 3115 1
3115 2505 1
2505 10397 1
10397 2535 1
2535 11086 1
11086 7400 1
11086 3572 1
3572 8935 1
8935 7193 1
7193 2041 1
2041 9441 1
9441 7193 1
7193 7963 1
7963 5819 1
5819 7655 1
7655 2532 1
2532 5453 1
5453 7193 1
7193 2877 1
2877 10418 1
10418 9011 1
9011 6863 1
6863 1328 1
1328 478 1
478 5056 1
5056 7806 1
7806 8565 1
8565 7676 1
7676 1785 1
1785 7484 1
7484 537 1
537 8716 1
8716 730 1
730 8736 1
8736 3560 1
3560 1157 1
1157 6723 1
6723 1958 1
1958 8187 1
8187 5318 1
5318 4061 1
4061 11132 1
11132 1210 1
1210 3115 1
3115 9011 1
9011 9146 1
9146 258 1
258 9165 1
9165 10726 1
10726 10123 1
10123 296 1
296 5442 1
5442 678 1
678 2447 1
2447 1681 1
1681 5503 1
5503 296 1
296 264 1
264 9600 1
9600 7494 1
7494 4874 1
4874 7134 1
7134 9584 1
9584 7773 1
7773 1939 1
7773 53 1
53 6576 1
6576 8013 1
8013 6228 1
8013 5133 1
5133 7370 1
7370 11086 1
11086 7530 1
7530 583 1
583 8282 1
8282 3858 1
3858 10292 1
10292 6491 1
6491 1157 1
1157 1564 1
1564 3644 1
3644 3022 1
3022 1739 1
1739 1412 1
1412 4954 1
4954 2121 1
2121 9939 1
9939 1412 1
1412 10726 1
10726 2381 1
2381 10004 1
10004 10318 1
10318 1130 1
1130 10723 1
10723 941 1
941 68 1
68 9218 1
9218 8961 1
8961 8282 1
8282 5355 1
5355 8506 1
8506 258 1
258 5439 1
258 6019 1
6019 4892 1
4892 9146 1
9146 3574 1
3574 3344 1
3344 7190 1
7190 2058 1
2058 3011 1
3011 4757 1
4757 985 1
985 1541 1
1541 3130 1
3130 5668 1
5668 1173 1
1173 2223 1
2223 6376 1
6376 1504 1
1504 10007 1
10007 9761 1
9761 9980 1
9980 309 1
309 1853 1
1853 6437 1
6437 6339 1
309 4565 1
4565 10248 1
10248 4098 1
4098 3999 1
3999 10673 1
1412 5016 1
5016 8345 1
8345 4828 1
4828 6927 1
6927 2362 1
2362 7017 1
7017 4351 1
4351 6786 1
6786 3317 1
3317 4563 1
4563 9142 1
9142 6139 1
6139 8998 1
8998 10287 1
10287 8401 1
8401 8239 1
8239 3528 1
3528 7215 1
7215 982 1
606 1535 1
1535 756 1
756 6059 1
6059 7530 1
7530 32 1
32 9431 1
9431 5717 1
9431 9044 1
9044 7843 1
9044 335 1
335 1749 1
335 9444 1
335 3062 1
3062 4747 1
4747 2854 1
8285 2354 1
2354 2284 1
2284 360 1
360 10318 1
10318 3326 1
3326 5255 1
5255 10104 1
10104 2979 1
2979 6099 1
6099 9146 1
9146 3326 1
3326 2115 1
3326 8730 1
8730 7806 1
7806 7843 1
7843 8912 1
8912 2339 1
2339 7143 1
7143 7465 1
7465 2362 1
2362 5966 1
5966 3914 1
3914 3812 1
3812 3572 1
3572 532 1
3572 5884 1
5884 9490 1
9490 18 1
18 6063 1
6063 2904 1
2904 10062 1
10062 2493 1
2493 398 1
398 5847 1
5847 397 1
5847 7754 1
7754 2285 1
2285 10087 1
10087 2493 1
2493 5103 1
5103 5169 1
5169 2860 1
2860 9662 1
9662 5103 1
5103 1726 1
1726 2493 1
2493 9761 1
9761 8911 1
8911 6111 1
6111 2691 1
2691 3270 1
3270 873 1
873 7119 1
7119 2009 1
7119 7119 1
7119 8461 1
8461 7419 1
7419 10743 1
10743 2841 1
2841 839 1
839 2528 1
2528 6731 1
6731 6014 1
6014 2528 1
6014 7146 1
7146 4621 1
4621 512 1
512 8260 1
8260 5763 1
5763 5018 1
5018 8778 1
8778 4145 1
4145 10534 1
10534 4885 1
10534 2288 1
2288 2380 1
2380 4834 1
2380 9876 1
9876 4155 1
4155 7809 1
7809 6741 1
6741 4155 1
6741 524 1
524 3172 1
3172 775 1
775 6374 1
6374 6349 1
6349 1019 1
1019 7069 1
7069 1934 1
1934 9387 1
9387 414 1
414 7147 1
7147 7662 1
7662 10263 1
10263 6346 1
6346 8754 1
8754 6653 1
6653 6737 1
6737 5617 1
5617 5163 1
5163 10546 1
10546 6648 1
6648 478 1
478 3463 1
3463 2535 1
2535 9100 1
9100 5441 1
5441 2162 1
2162 1354 1
1354 6036 1
6737 10343 1
10343 9939 1
9939 7530 1
7530 718 1
718 224 1
224 7768 1
7768 75 1
75 3317 1
3317 1785 1
1785 7371 1
7371 3301 1
3301 437 1
437 6391 1
6391 4661 1
4661 1564 1
1564 4382 1
4382 3914 1
7371 3523 1
3523 7867 1
7867 2281 1
2281 6491 1
6491 3317 1
3317 5133 1
5133 8368 1
8368 7733 1
7733 6346 1
6346 614 1
614 9072 1
9072 9011 1
9011 5540 1
5540 5574 1
5574 2402 1
2402 542 1
542 10792 1
10792 5154 1
5154 7084 1
7084 2552 1
2552 2471 1
2471 4859 1
4859 7793 1
7793 9843 1
9843 5722 1
5722 8611 1
8611 991 1
8611 10487 1
10487 9600 1
9600 1806 1
1806 7098 1
7098 3364 1
3364 4865 1
4865 9089 1
9089 3986 1
3986 9422 1
9422 8754 1
8754 6563 1
6563 6286 1
6286 6894 1
6894 7023 1
7023 2192 1
2192 8755 1
8755 4480 1
4480 5374 1
5374 10343 1
10343 357 1
357 11132 1
11132 4078 1
4078 10247 1
4078 4818 1
4818 1504 1
1504 6689 1
6689 10143 1
10143 4960 1
4960 2695 1
2695 6137 1
6137 4960 1
4960 6803 1
6803 6689 1
6689 5524 1
5524 6803 1
6803 6109 1
6109 11068 1
11068 472 1
472 4960 1
4960 4019 1
4019 6821 1
6821 4027 1
4027 4230 1
4230 6291 1
6291 10205 1
10205 7530 1
7530 5974 1
5974 2262 1
2262 2044 1
2044 264 1
264 3218 1
3218 3974 1
3974 614 1
614 4239 1
4239 5898 1
5898 2275 1
2275 2890 1
414 8604 1
8604 9756 1
9756 3990 1
3990 7094 1
7094 7657 1
7657 2434 1
2434 6819 1
2434 7761 1
2434 7494 1
7494 6058 1
6058 6459 1
6459 9147 1
9147 3611 1
3611 478 1
478 8712 1
8712 1629 1
1629 7159 1
7159 5881 1
5881 9473 1
9473 7695 1
7695 5395 1
5395 8565 1
8565 4663 1
4663 5163 1
5163 3397 1
3397 85 1
85 9605 1
9605 8871 1
8871 5708 1
5708 2535 1
2535 4199 1
4199 7494 1
9600 6595 1
6595 2880 1
2880 3574 1
3574 606 1
606 9165 1
9165 10792 1
10792 3957 1
3957 2121 1
2121 1846 1
1846 6621 1
6621 7956 1
7956 6823 1
8398 4946 1
4946 8184 1
8184 9606 1
6086 261 1
261 9882 1
9882 7954 1
7954 4198 1
4198 3466 1
3466 9367 1
9367 10658 1
10658 6124 1
6124 3466 1
3466 7954 1
7954 5308 1
5308 2736 1
2736 10776 1
10776 3111 1
3111 10091 1
10091 10525 1
10525 4776 1
4776 584 1
584 3049 1
3049 8277 1
8277 2691 1
2691 10062 1
10062 2301 1
2301 8547 1
8547 6063 1
1275 7746 1
7746 4919 1
4919 1904 1
1904 10062 1
10062 7751 1
7751 10158 1
10158 2795 1
2795 5336 1
5336 2545 1
2545 709 1
709 9761 1
9761 10849 1
10849 10678 1
10678 3010 1
3010 5499 1
5499 4830 1
4830 7857 1
7857 4776 1
4776 8911 1
7427 2932 1
2932 4757 1
4757 10356 1
4757 1173 1
1173 6197 1
6197 3288 1
3288 5668 1
5668 2762 1
2762 7380 1
2539 9991 1
9991 538 1
538 9959 1
9959 767 1
767 4098 1
4098 8987 1
8987 8133 1
8133 7359 1
7359 11132 1
11132 9011 1
9011 8565 1
8565 11087 1
11087 561 1
561 10628 1
10628 6459 1
6459 7857 1
7857 2175 1
2175 4776 1
4776 10062 1
10062 8872 1
8872 7755 1
7755 10989 1
10989 3699 1
3699 6489 1
6489 7177 1
7177 6255 1
6255 2083 1
2083 7229 1
830 5489 1
5489 4862 1
4862 1197 1
1197 2238 1
2238 4104 1
4104 2946 1
2946 6894 1
6894 5442 1
5442 8871 1
8871 718 1
718 3364 1
3364 10802 1
10802 6391 1
6391 1629 1
1629 2979 1
2979 2975 1
2975 2402 1
2402 8802 1
8802 629 1
629 4349 1
4349 8233 1
8233 10792 1
10792 10041 1
10041 7239 1
7239 2020 1
2020 583 1
583 1412 1
1412 497 1
497 4464 1
4464 50 1
50 1233 1
1233 4477 1
4477 6595 1
6595 8719 1
8719 2381 1
2381 8282 1
8282 11039 1
11039 7159 1
7159 2876 1
2876 3977 1
3977 8282 1
8282 3604 1
3604 6505 1
6505 1153 1
1153 4801 1
4801 944 1
944 3482 1
3482 8572 1
8572 5056 1
5056 7066 1
7066 2395 1
2395 1208 1
1208 1806 1
1806 10202 1
10202 2162 1
2162 2363 1
2363 6737 1
6737 8523 1
8523 2044 1
2044 941 1
941 8755 1
8755 6923 1
6923 7359 1
7359 965 1
7359 3695 1
3695 9011 1
9011 718 1
718 10202 1
10202 6374 1
6374 8565 1
8565 8719 1
8719 4297 1
4297 4747 1
4747 9605 1
9605 542 1
542 4000 1
2192 8736 1
8736 7768 1
7768 7294 1
7294 3813 1
3813 3678 1
3678 9165 1
9165 6935 1
6935 4828 1
4828 853 1
853 1229 1
1229 6642 1
6642 7457 1
7457 3463 1
3463 7843 1
7843 4870 1
4870 8666 1
8666 335 1
9044 7992 1
7992 9011 1
9011 7682 1
7682 9147 1
9147 6737 1
6737 2571 1
2571 542 1
542 4115 1
4115 9108 1
9108 11129 1
11129 3364 1
3364 10266 1
10266 6498 1
6498 8565 1
8565 2936 1
2936 7945 1
7945 1130 1
1130 4238 1
4238 7159 1
7159 8871 1
8871 5374 1
5374 9939 1
9939 1681 1
2447 10804 1
10804 10551 1
10551 1801 1
1801 9427 1
9427 8987 1
8987 10948 1
10948 159 1
159 9577 1
9577 982 1
982 941 1
941 8506 1
8506 9733 1
9733 8282 1
3977 3482 1
3482 3625 1
3625 4298 1
4298 10529 1
10529 5395 1
5395 9147 1
9147 9110 1
9110 264 1
264 8153 1
8153 9108 1
9108 3862 1
3862 5056 1
5056 1634 1
1634 3788 1
8871 9011 1
9011 2077 1
2077 2530 1
2530 5779 1
5779 10707 1
10707 8950 1
8950 3166 1
3166 11137 1
11137 7640 1
7640 7938 1
7938 2601 1
2601 3346 1
3346 6552 1
6552 4028 1
4028 5382 1
5382 4842 1
4842 5562 1
5562 4028 1
4028 8178 1
8178 997 1
997 5914 1
5914 2412 1
2412 2686 1
2686 2944 1
2944 9468 1
9468 8705 1
8705 997 1
997 1250 1
1250 3624 1
3624 5182 1
5182 10890 1
10890 1570 1
1570 7686 1
7686 1273 1
1273 5917 1
5917 10003 1
10003 3285 1
3285 5754 1
5754 4852 1
4852 2845 1
2845 5784 1
5784 10704 1
5784 4302 1
4302 10367 1
10367 4771 1
4771 5684 1
5684 4302 1
4302 4852 1
4852 8981 1
8981 2506 1
2506 5540 1
5540 2970 1
2970 3574 1
3574 9681 1
9681 2238 1
2238 7582 1
7582 9523 1
9523 7091 1
7091 629 1
629 6491 1
6491 2339 1
2339 2970 1
2970 2734 1
2734 7695 1
7695 3574 1
3574 2497 1
2497 9600 1
9600 1026 1
1026 5409 1
5409 4485 1
4485 5317 1
5317 9240 1
9240 8236 1
8236 2413 1
2413 2283 1
2283 8957 1
8957 5659 1
5659 994 1
994 8343 1
10004 1801 1
1801 4563 1
4563 5597 1
5597 2970 1
2970 6223 1
6223 4239 1
4239 7159 1
7159 5611 1
5611 982 1
982 10726 1
10726 4238 1
4238 4818 1
4818 7352 1
7352 2831 1
2831 5451 1
5451 4818 1
4818 10355 1
10355 2624 1
2624 11130 1
11130 3977 1
3977 9387 1
9387 2734 1
2734 4382 1
4382 8871 1
8871 3064 1
3064 2121 1
2121 3644 1
3644 3945 1
3945 2936 1
2936 6563 1
6563 4000 1
4747 6059 1
6059 3644 1
3644 818 1
818 3993 1
3993 2819 1
2819 1483 1
1483 11039 1
11039 3482 1
3482 2970 1
2970 10777 1
10777 3042 1
3042 3772 1
3772 5611 1
5611 10529 1
10529 7663 1
7663 2243 1
2243 9602 1
9602 2395 1
6459 6863 1
6863 8316 1
8316 1730 1
8316 10397 1
10397 1406 1
1406 2762 1
2762 2695 1
2695 985 1
2695 3572 1
3572 7824 1
7824 240 1
240 0 1
0 9120 1
9120 9486 1
9486 11177 1
11177 10009 1
10009 16 1
10009 4980 1
4980 8235 1
8235 1510 1
1510 5997 1
5997 8145 1
5997 1258 1
1258 3542 1
3542 2987 1
2987 8043 1
8043 446 1
446 4043 1
446 62 1
62 11046 1
11046 10970 1
10970 1073 1
1073 2311 1
2311 1410 1
1410 1073 1
10970 1281 1
1281 2112 1
2112 2402 1
2402 9165 1
9165 1739 1
1739 6059 1
6059 1130 1
1130 9400 1
9400 583 1
583 818 1
818 5503 1
5503 6574 1
6574 1414 1
1414 5686 1
8959 10516 1
10516 6220 1
6220 2573 1
2573 3346 1
3346 5230 1
5230 4536 1
4536 6391 1
6391 6525 1
6525 4477 1
4477 10777 1
10777 3227 1
3227 2788 1
2788 8755 1
8755 10551 1
10551 3788 1
3788 2238 1
2238 5318 1
5318 4297 1
4297 3383 1
3383 4747 1
4747 2819 1
2819 2343 1
2343 8998 1
8998 6923 1
6923 224 1
224 7370 1
7370 7945 1
7945 10882 1
10882 5082 1
5082 8013 1
8013 3317 1
3317 1412 1
1412 4098 1
767 965 1
965 1412 1
1412 3574 1
3574 3409 1
3409 4477 1
4477 1130 1
1130 1535 1
1535 5971 1
5971 9873 1
9873 6723 1
6723 3858 1
3858 2281 1
2281 9400 1
9400 2262 1
2262 10804 1
10804 3227 1
3227 4483 1
4483 5355 1
5355 258 1
258 4483 1
4483 5574 1
5574 6840 1
6840 4335 1
4335 5434 1
5277 6286 1
6286 6099 1
6099 6563 1
6563 6391 1
6391 1483 1
1483 7682 1
7682 9146 1
9146 4774 1
4774 6572 1
6572 10318 1
10318 7484 1
7676 2975 1
2975 4104 1
4104 10292 1
6876 5971 1
5971 4482 1
4482 6459 1
6459 3611 1
3611 4115 1
4115 6498 1
6498 537 1
537 10547 1
10547 4082 1
4082 4119 1
4119 9015 1
9015 6876 1
6876 8882 1
8882 232 1
232 537 1
537 6935 1
6935 3397 1
3397 1208 1
1208 7992 1
7992 3611 1
3611 1208 1
1208 2208 1
2208 5969 1
5969 8802 1
8802 6572 1
6572 7159 1
7159 3234 1
3234 10041 1
10041 756 1
756 7768 1
7768 4954 1
4954 3022 1
3022 4135 1
4135 7359 1
7359 4474 1
4474 9165 1
9165 3409 1
3409 4104 1
4104 8401 1
8401 8731 1
8731 5472 1
5472 4410 1
4410 853 1
853 4543 1
4543 7504 1
7504 1945 1
1945 4003 1
4003 1252 1
1252 6350 1
6350 8073 1
8073 4978 1
4978 9788 1
9788 11114 1
11114 9025 1
9025 2555 1
2555 10338 1
10338 7496 1
7496 1945 1
7496 540 1
540 5934 1
5934 1140 1
1140 1945 1
1945 2877 1
2877 613 1
613 4724 1
4724 1190 1
1190 3660 1
3660 5982 1
5982 9376 1
9376 3599 1
3599 7170 1
7170 4537 1
4537 6547 1
6547 5346 1
5346 7170 1
7170 9376 1
9376 8930 1
8930 1350 1
1350 9324 1
9324 5982 1
3651 2279 1
2279 6205 1
6205 2446 1
2446 840 1
840 8930 1
1350 2279 1
6205 1384 1
1384 4416 1
4416 2021 1
2021 9376 1
9376 7647 1
7647 2772 1
2772 7779 1
7779 10757 1
10757 2259 1
2259 5894 1
5894 3397 1
3397 583 1
583 7768 1
7768 5751 1
5751 718 1
718 8187 1
8187 8961 1
8961 8719 1
8719 3574 1
3574 1958 1
1958 3540 1
3540 11006 1
11006 4298 1
4298 1412 1
1412 542 1
542 9011 1
9011 7530 1
7530 11006 1
11006 5971 1
5971 6239 1
6239 9605 1
9605 3463 1
3463 8730 1
8730 8712 1
8712 1210 1
1210 2505 1
2505 7591 1
7591 6715 1
6715 7845 1
7845 3326 1
3326 4663 1
4663 5616 1
5616 5710 1
5710 6286 1
6286 2077 1
2077 8693 1
2077 10792 1
10792 357 1
357 6923 1
6923 3373 1
3373 4351 1
3373 5453 1
7193 3317 1
3317 258 1
258 2819 1
2819 6595 1
6595 4629 1
4629 10020 1
10020 8712 1
8712 2880 1
2880 5593 1
5593 3039 1
3039 7992 1
7992 720 1
720 10235 1
10235 9732 1
9732 224 1
224 10318 1
10318 941 1
941 6099 1
6099 10267 1
10267 9865 1
9865 5241 1
5241 258 1
258 678 1
678 8343 1
8343 2946 1
2946 2970 1
2970 6043 1
6043 6528 1
6528 1802 1
1802 11187 1
11187 331 1
331 6422 1
6422 1153 1
1153 2362 1
2362 10661 1
10661 377 1
377 3667 1
3667 4021 1
4021 9766 1
9766 4700 1
4700 1375 1
1375 2322 1
2322 5974 1
5974 5611 1
5611 6296 1
6296 653 1
653 862 1
862 7819 1
7819 9768 1
9768 2613 1
2613 2426 1
2426 1096 1
1096 1326 1
1326 9544 1
9544 9104 1
9104 1368 1
1368 367 1
367 1818 1
1818 9621 1
9621 10233 1
10233 10528 1
10528 4142 1
4142 2932 1
2932 2198 1
2198 3572 1
3572 10091 1
10091 2343 1
2343 384 1
384 4199 1
4199 264 1
264 3022 1
3022 319 1
319 4563 1
4563 5974 1
5974 8961 1
8961 7945 1
7945 357 1
357 2658 1
2658 10487 1
10487 11132 1
11132 8187 1
8187 2447 1
2447 9939 1
9939 6549 1
6549 4008 1
4008 6563 1
6563 8374 1
8374 3386 1
3386 7064 1
7064 2734 1
2734 6059 1
6059 10804 1
10804 2975 1
2975 3574 1
3574 5053 1
5053 6572 1
6572 1801 1
1801 11132 1
11132 10588 1
10588 4297 1
4297 9463 1
9463 5660 1
5660 4297 1
4297 5611 1
5611 1739 1
1739 1629 1
1629 5616 1
5616 2970 1
2970 1959 1
1959 6712 1
6712 5792 1
5792 10792 1
10792 8882 1
8882 8233 1
8233 8987 1
8987 2262 1
2262 4104 1
2595 1132 1
1132 2406 1
2406 1229 1
1229 5731 1
5731 10417 1
10417 6341 1
6341 10882 1
10882 5534 1
5534 4468 1
4468 9264 1
9264 8565 1
8565 7843 1
7843 6052 1
6052 7768 1
7768 5574 1
5574 3523 1
3523 6876 1
6876 8274 1
8274 1959 1
1959 6722 1
6722 7768 1
7768 6894 1
6894 7663 1
7663 2936 1
2936 6935 1
6935 6061 1
6059 180 1
180 5574 1
5574 4766 1
4766 9400 1
7023 6770 1
6770 5439 1
5439 6383 1
6383 5395 1
5395 2571 1
2571 5439 1
5439 5969 1
5969 7359 1
7359 3042 1
3042 4298 1
4298 437 1
437 2936 1
2936 3062 1
3062 8738 1
8738 10418 1
10418 7705 1
7705 10157 1
10157 5899 1
5899 9275 1
9275 6642 1
6642 10031 1
10031 9118 1
9118 7215 1
7215 10754 1
10754 10290 1
10290 6404 1
10754 4838 1
4838 7215 1
7215 5366 1
5366 4664 1
4664 2877 1
2877 240 1
240 1 1
1 7172 1
7172 1752 1
1752 6143 1
240 2819 1
2819 7359 1
7359 3022 1
3022 11132 1
7023 678 1
678 5439 1
5439 5053 1
5053 2284 1
2284 3229 1
3229 7228 1
7228 9235 1
9235 1836 1
1836 304 1
304 7192 1
7192 6297 1
6297 1566 1
1566 5954 1
5954 5946 1
5946 5830 1
5830 5471 1
5471 8950 1
10707 2589 1
2589 2451 1
2451 5935 1
5935 5779 1
5779 7192 1
7192 8950 1
3166 643 1
643 4416 1
4416 9276 1
9276 2279 1
2279 1424 1
1424 3873 1
1424 5037 1
5037 6051 1
5037 6797 1
6051 10305 1
10305 3292 1
3292 9376 1
9376 2015 1
2015 6023 1
6023 3111 1
3111 9925 1
9925 6023 1
6023 5387 1
5387 7831 1
7831 3494 1
3494 2119 1
2119 3572 1
3572 7231 1
7231 4044 1
4044 397 1
397 6111 1
6111 6892 1
6892 738 1
738 1374 1
1374 5416 1
5416 8979 1
8979 817 1
817 10607 1
10607 3239 1
3239 6825 1
6825 298 1
3649 594 1
594 11043 1
4871 2819 1
2819 3644 1
3644 8998 1
8998 7091 1
7091 4661 1
4661 5974 1
5974 4873 1
4873 6374 1
6374 8316 1
6863 6529 1
6529 9605 1
9605 6723 1
3858 9873 1
9873 2498 1
2498 7706 1
2498 754 1
2498 6176 1
6176 5810 1
5810 9019 1
9019 6577 1
6577 3022 1
3022 1564 1
1564 606 1
606 5792 1
5792 1739 1
1739 9733 1
9733 629 1
629 8998 1
8998 6097 1
6097 7159 1
7159 6923 1
6923 2112 1
2112 8282 1
8282 2284 1
2284 5046 1
5046 9934 1
9934 3017 1
3017 18 1
18 4278 1
4278 3229 1
3229 5443 1
5443 2925 1
2925 6255 1
6255 9218 1
9218 6059 1
6059 4892 1
4892 8998 1
8998 2238 1
2238 4774 1
4774 6918 1
6918 1412 1
1412 6910 1
6910 1233 1
1233 8316 1
8316 10287 1
10287 8187 1
8187 2238 1
2238 9373 1
9373 6577 1
6577 1564 1
1564 5355 1
5355 4115 1
4115 2979 1
6099 5439 1
5439 3386 1
3386 68 1
68 2979 1
2979 1801 1
1801 5969 1
5969 8316 1
8316 3164 1
3164 3844 1
3844 808 1
808 7159 1
7159 4008 1
4008 4747 1
4747 1892 1
1892 10318 1
10318 7548 1
7548 5974 1
5974 8730 1
8730 10487 1
10487 6691 1
6691 11109 1
11109 11125 1
11125 11114 1
11114 6432 1
6432 6767 1
6767 4609 1
4609 2947 1
2947 5110 1
5110 854 1
854 4178 1
4178 7006 1
7006 5866 1
5866 10549 1
10549 7006 1
7006 544 1
544 10207 1
544 9877 1
9877 5692 1
5692 2738 1
2738 2419 1
2419 1543 1
1543 6359 1
6359 4072 1
4072 9292 1
4072 6721 1
6721 3654 1
3654 5667 1
5667 1956 1
1956 8921 1
8921 1258 1
1258 1956 1
1956 1582 1
1582 2793 1
2793 5016 1
5016 4776 1
4776 10233 1
10233 6415 1
10233 987 1
987 5971 1
5971 5016 1
5016 1535 1
1535 5978 1
5978 3517 1
3517 3100 1
3100 2958 1
2958 6383 1
6383 1739 1
1739 7359 1
7359 6927 1
6927 3914 1
3473 7017 1
7017 2354 1
2354 4308 1
4308 6786 1
6786 4631 1
4631 5443 1
5443 1381 1
1381 7789 1
7789 9438 1
9438 9356 1
9356 7193 1
7193 4871 1
4871 10031 1
10031 1132 1
1132 5503 1
5503 4536 1
4536 4861 1
4861 2819 1
2819 6327 1
6327 2804 1
2804 10071 1
10071 1009 1
1009 2015 1
2015 3494 1
3494 2528 1
2528 10088 1
10088 11012 1
10088 839 1
839 3321 1
3321 9807 1
9807 6838 1
6838 8676 1
6838 4473 1
4473 9372 1
9372 10141 1
10141 4676 1
4676 10443 1
10443 7611 1
7611 9372 1
9372 4676 1
4676 3698 1
3698 5943 1
3698 752 1
752 4257 1
4257 847 1
847 5261 1
5261 728 1
728 7322 1
7322 8537 1
8537 8466 1
8466 6783 1
6783 2817 1
2817 1372 1
1372 1673 1
1673 5650 1
5650 7322 1
7322 832 1
832 8014 1
8014 1380 1
1380 6661 1
6661 8014 1
8014 1119 1
1119 5261 1
5261 4257 1
4257 10023 1
10023 10141 1
10141 728 1
728 1372 1
1372 9122 1
9122 9658 1
9658 5261 1
5261 9122 1
9122 7322 1
7322 3551 1
3551 4935 1
4935 7494 1
4199 1483 1
1483 5798 1
5798 8754 1
8754 398 1
398 2795 1
2795 359 1
359 707 1
707 4044 1
4044 2864 1
2864 1180 1
1180 4782 1
4782 9870 1
9870 5974 1
5974 1717 1
1717 4998 1
4998 7911 1
7911 1717 1
1717 4069 1
4069 5133 1
5133 7140 1
7140 6057 1
6057 8338 1
8338 9718 1
9718 5722 1
5722 6533 1
6533 2617 1
2617 6576 1
6576 7123 1
7123 5496 1
5496 1248 1
1248 5524 1
5524 8484 1
8484 8078 1
8078 6970 1
6970 3288 1
3288 7352 1
7352 667 1
7352 6628 1
6628 2919 1
2919 7644 1
7644 48 1
48 7352 1
7352 4598 1
4598 8019 1
8019 7644 1
7644 2224 1
2224 2983 1
2983 7624 1
7624 2919 1
7624 8019 1
4598 6628 1
7352 2932 1
2932 5668 1
5668 2684 1
2684 5244 1
5244 9446 1
9446 1406 1
1406 2760 1
2760 161 1
161 8484 1
8484 4757 1
4757 5469 1
5469 8827 1
8827 8078 1
8078 3092 1
3092 10397 1
10397 6459 1
6459 10020 1
10020 7945 1
7945 483 1
483 8233 1
8233 7702 1
7702 1958 1
1958 2737 1
2737 4862 1
4862 9015 1
9015 7582 1
7582 899 1
899 6391 1
6391 4104 1
4104 2114 1
2114 1837 1
1837 7017 1
7017 8903 1
8903 8516 1
8516 1381 1
1381 2354 1
2354 7279 1
7279 6708 1
6708 8401 1
8401 1412 1
1412 6061 1
6061 10123 1
10123 3926 1
3926 7229 1
7229 414 1
414 3482 1
3482 719 1
719 2970 1
2970 9817 1
9817 6043 1
6043 4239 1
4239 3986 1
3986 3624 1
3624 2388 1
2388 3346 1
3346 3986 1
3986 1521 1
1416 5562 1
5562 9347 1
9347 5724 1
5724 9468 1
9468 1250 1
1250 5382 1
1250 3389 1
3389 4146 1
4146 1780 1
1780 7264 1
7264 5645 1
5645 3190 1
3190 3654 1
3654 10811 1
10811 2434 1
7494 5616 1
5616 3463 1
3463 10487 1
10487 6595 1
6595 1341 1
1341 2532 1
5453 9356 1
9356 6737 1
6737 3812 1
3812 3926 1
3926 4730 1
4730 976 1
976 10149 1
10149 264 1
264 4810 1
4810 6769 1
6769 2008 1
6769 3572 1
7231 9761 1
9761 1275 1
1275 5831 1
5831 9761 1
9761 2198 1
2198 7755 1
7755 5336 1
5336 3699 1
3699 2188 1
2188 3181 1
3181 3099 1
3099 9662 1
9662 1252 1
1252 10278 1
10278 4325 1
4325 8401 1
8401 6391 1
6391 4664 1
4664 6003 1
6003 7758 1
7758 75 1
75 10231 1
10231 7294 1
7294 102 1
102 3813 1
3813 718 1
718 8274 1
8274 1130 1
1130 11160 1
1130 4766 1
4766 1959 1
1959 9011 1
9011 2854 1
2854 4774 1
4774 4061 1
4061 4298 1
4298 7031 1
7031 3813 1
3813 3364 1
3364 10882 1
10882 6118 1
6118 9275 1
9275 1015 1
1015 9468 1
9468 8013 1
8013 7682 1
7682 5395 1
5395 1483 1
1483 6563 1
6563 5969 1
8802 9427 1
9427 2262 1
2262 1535 1
1535 9278 1
9278 542 1
542 8506 1
8506 319 1
319 5352 1
319 4747 1
4747 8523 1
8523 3301 1
3301 6595 1
6595 2121 1
2121 1681 1
1681 6918 1
6918 2071 1
2071 7618 1
7618 1958 1
1958 8802 1
8802 3100 1
3100 6101 1
6101 482 1
482 42 1
42 6491 1
6491 11170 1
11170 730 1
730 3809 1
3809 4941 1
4941 5881 1
5881 4104 1
4104 50 1
50 11060 1
11060 11170 1
11170 3060 1
3060 6101 1
6101 4606 1
4606 629 1
629 8506 1
8506 4531 1
4531 2395 1
2395 9605 1
9605 3409 1
3409 4892 1
4892 8523 1
8523 6059 1
6059 2819 1
2819 2791 1
2791 9605 1
9605 2071 1
2071 10869 1
10869 5360 1
5360 3748 1
3748 3494 1
3494 848 1
848 7136 1
7136 8990 1
8990 6717 1
6717 4206 1
4206 1680 1
1680 6464 1
6464 1166 1
6464 10054 1
6464 4206 1
6464 8990 1
8990 10956 1
4206 10077 1
4206 2462 1
2462 8990 1
7136 5575 1
5575 5157 1
5157 7136 1
7136 7831 1
7831 4397 1
4397 1066 1
1066 7281 1
7281 8837 1
8837 1066 1
1066 1727 1
1727 5505 1
5505 4840 1
4840 3494 1
3494 7163 1
3494 8197 1
8197 8858 1
8858 2426 1
2426 2492 1
2492 4853 1
4853 8858 1
8858 1096 1
1096 1986 1
1986 3318 1
3318 7782 1
3318 1442 1
1442 4978 1
4978 3572 1
3572 9431 1
9431 3344 1
3344 7372 1
3344 1705 1
1705 7294 1
7294 281 1
281 4297 1
4297 2238 1
2238 8889 1
2238 11054 1
11054 4747 1
4747 8759 1
8759 3317 1
3317 497 1
497 281 1
281 5318 1
5318 4382 1
4382 5442 1
5442 5053 1
5053 7031 1
7031 3945 1
3945 10726 1
10726 4061 1
8345 4747 1
4747 2658 1
2658 4661 1
4661 6099 1
6099 8871 1
8871 7239 1
7239 10588 1
10588 7530 1
7530 4264 1
4264 5442 1
5442 5318 1
5318 6286 1
6286 6391 1
6391 2406 1
2406 1877 1
1877 3926 1
10123 3523 1
3523 9015 1
9015 2774 1
9015 357 1
357 2238 1
2238 2112 1
2112 4503 1
4503 6952 1
6952 2112 1
2112 9427 1
9427 2121 1
2121 6722 1
6722 4483 1
4483 6894 1
6894 2262 1
2262 8506 1
8506 9870 1
9870 4264 1
4264 10792 1
10792 6712 1
6712 606 1
606 3813 1
3813 4298 1
4298 9870 1
9870 1629 1
1629 7031 1
7031 3022 1
3022 8759 1
8759 8719 1
8719 5161 1
8523 9142 1
9142 2281 1
2281 2243 1
2243 5597 1
5597 9400 1
9400 9146 1
9146 8716 1
8716 85 1
85 4238 1
4238 3788 1
10551 8736 1
8736 6737 1
6737 4069 1
4069 11109 1
11109 8523 1
8523 1336 1
1336 7379 1
7379 5974 1
5974 1681 1
1681 8401 1
8401 6786 1
6786 10410 1
10410 5819 1
5819 2354 1
2284 7047 1
7047 6708 1
6708 2081 1
2081 3317 1
3317 6353 1
6353 1837 1
1837 993 1
993 2821 1
2821 10397 1
10397 7768 1
7768 10022 1
10022 2243 1
2243 8716 1
8716 6910 1
6910 3553 1
3553 3788 1
3560 357 1
357 10434 1
10434 1157 1
6491 7294 1
7294 4069 1
4069 10263 1
10263 3788 1
3788 10487 1
10487 9011 1
9011 11103 1
11103 10723 1
10723 3778 1
3778 5881 1
5881 6572 1
6572 2658 1
2658 7597 1
7597 6935 1
6935 9788 1
9788 10260 1
10260 4130 1
4130 7843 1
4870 6500 1
6500 6814 1
6814 304 1
304 8950 1
8950 5935 1
5935 5195 1
5195 2214 1
2214 9758 1
9758 2451 1
2451 6186 1
6186 6364 1
6364 6401 1
6401 1301 1
1301 2460 1
2460 6767 1
6767 9383 1
9383 8462 1
8462 6934 1
6934 2405 1
2405 8373 1
8373 6430 1
6430 8157 1
8157 7183 1
7183 1301 1
1301 6472 1
6472 8030 1
6472 7841 1
7841 8143 1
8143 9277 1
9277 6466 1
6466 9468 1
9468 7171 1
7171 10152 1
10152 7299 1
7299 6977 1
6977 8959 1
8959 9878 1
9878 5599 1
5599 3049 1
3049 3031 1
3031 8215 1
8215 6491 1
6491 4060 1
4060 6194 1
6194 1229 1
1229 606 1
606 2192 1
7023 10616 1
10616 1025 1
1025 3672 1
3672 10104 1
10104 3309 1
3309 9600 1
9600 11132 1
11132 10260 1
10260 3062 1
3062 1746 1
1746 2975 1
2975 10318 1
10318 531 1
531 9092 1
9092 9732 1
9732 9733 1
9733 3301 1
3301 6549 1
6549 10886 1
10886 2272 1
2272 11132 1
11132 2792 1
2792 10723 1
10723 5163 1
5163 1965 1
1965 4468 1
4468 1483 1
1483 2097 1
2097 296 1
296 4730 1
4730 2877 1
2877 3344 1
3344 3788 1
3788 7484 1
7484 6286 1
6286 5161 1
5161 6935 1
6935 6491 1
6491 9015 1
9015 9427 1
9427 3111 1
3111 8345 1
8345 7591 1
7591 7457 1
7457 2970 1
2970 7768 1
7768 10529 1
10529 2447 1
2447 9336 1
2447 8282 1
9733 3326 1
3326 7371 1
7371 3234 1
3234 3227 1
3227 3326 1
3326 1130 1
1130 3945 1
3945 5442 1
5442 10600 1
10600 5574 1
5574 4239 1
4239 1153 1
1153 10673 1
10673 3993 1
3993 11087 1
11087 7361 1
7361 3384 1
3384 11093 1
11093 7689 1
7689 3633 1
3633 10782 1
10782 5082 1
5082 9788 1
9788 779 1
779 7922 1
7922 6392 1
6392 7147 1
7147 1535 1
1535 7065 1
4474 4661 1
4661 7663 1
7663 4536 1
4536 5053 1
5053 3383 1
3383 6061 1
6061 3042 1
3042 3386 1
3386 4104 1
4104 8516 1
8516 2842 1
2842 7193 1
7193 3572 1
3572 2285 1
3572 8364 1
8364 10087 1
10087 10129 1
10129 5336 1
5336 811 1
811 8872 1
8872 5119 1
5119 452 1
452 3478 1
3478 9899 1
9899 3267 1
3267 2285 1
2285 707 1
707 3699 1
3699 9796 1
9796 2936 1
2936 8282 1
8282 7524 1
7524 2890 1
2890 887 1
887 8572 1
8572 4298 1
4298 4666 1
4298 2112 1
2112 437 1
437 583 1
583 9733 1
9733 7159 1
7159 6019 1
6019 9141 1
9141 2505 1
2505 6288 1
6288 9108 1
9108 4663 1
4663 11132 1
11132 3383 1
3383 6563 1
6563 2238 1
2238 319 1
319 4862 1
4862 3383 1
3383 5503 1
5503 240 1
240 4553 1
4553 11177 1
11177 1088 1
1088 1692 1
1088 2970 1
2970 3604 1
3604 2275 1
2275 6223 1
6223 887 1
887 2339 1
2339 2192 1
2192 10041 1
10041 10551 1
10551 2284 1
2284 3945 1
3945 3523 1
3523 6712 1
6712 10041 1
10041 4747 1
4747 5053 1
5053 10287 1
10287 1233 1
1233 6383 1
6383 6923 1
6923 1688 1
1688 1381 1
1381 2041 1
2041 7279 1
7279 8516 1
8516 4725 1
4725 4308 1
4308 4351 1
3373 2821 1
2821 6093 1
6093 7064 1
7064 7530 1
7530 8506 1
8506 846 1
8506 6863 1
6863 5048 1
5048 9600 1
9600 3327 1
3327 9108 1
9108 3039 1
3039 74 1
74 8730 1
3463 2395 1
2395 3115 1
3115 3397 1
3397 3534 1
3534 3986 1
3986 4865 1
4865 8595 1
8595 7455 1
7455 7505 1
7505 2243 1
2243 11054 1
11054 6918 1
6918 6286 1
6286 497 1
497 6923 1
357 10886 1
10886 6595 1
6595 2946 1
2946 2447 1
2447 2975 1
4536 4766 1
2020 2044 1
2044 4115 1
4115 7131 1
7131 6498 1
6498 3678 1
3678 3218 1
3218 4135 1
7359 5589 1
5589 5056 1
5056 7753 1
7753 3373 1
3373 2354 1
2354 9356 1
9356 8401 1
8401 9787 1
9787 920 1
920 7215 1
7215 2877 1
240 9218 1
9218 3017 1
3017 1540 1
1540 2851 1
2851 409 1
409 10837 1
10837 9943 1
9943 7494 1
7494 3327 1
3327 8565 1
8565 3517 1
3517 8274 1
8274 6525 1
6525 1336 1
1336 6923 1
6923 7548 1
7548 8523 1
8523 8736 1
8736 5783 1
5783 3362 1
3362 1197 1
1197 1958 1
1958 6572 1
6572 7676 1
8565 4563 1
4563 3678 1
3678 8759 1
8759 7505 1
7505 5969 1
5969 2044 1
2044 8153 1
8153 1806 1
1806 9264 1
9264 2302 1
2302 891 1
891 5664 1
891 2267 1
2267 2326 1
2326 3736 1
3736 10109 1
10109 4364 1
4364 10987 1
10987 10109 1
10109 5121 1
5121 6511 1
5121 5552 1
10050 8225 1
8225 504 1
504 1142 1
1142 9576 1
1142 6388 1
6388 9804 1
9804 6656 1
6656 7849 1
7849 6964 1
6964 5363 1
6964 3886 1
3886 5677 1
5677 7894 1
7894 10177 1
10177 6388 1
6388 5645 1
5645 11035 1
11035 9433 1
9433 4153 1
4153 8232 1
8232 4997 1
4997 4296 1
4296 11090 1
11090 9338 1
9338 9433 1
9433 7849 1
7849 9043 1
9043 6388 1
6388 6660 1
6660 7879 1
7879 4296 1
4296 4078 1
4078 3703 1
3703 4831 1
3703 53 1
53 4767 1
4767 5639 1
5639 8515 1
8515 10309 1
10309 5388 1
5388 2970 1
2970 8565 1
8565 7379 1
7379 4774 1
4774 2571 1
2571 2734 1
2734 7663 1
7663 6525 1
6525 3409 1
3409 7606 1
7606 4379 1
4379 8871 1
8871 6963 1
6963 7313 1
7313 9577 1
9577 5974 1
5974 1959 1
1959 9146 1
9146 2447 1
2447 7530 1
7530 8565 1
8565 4474 1
4474 4480 1
4480 6525 1
6525 2381 1
2381 4861 1
4861 8716 1
8716 7505 1
7505 2272 1
2272 7359 1
7359 7695 1
7695 3914 1
3914 3344 1
3344 8078 1
3092 5469 1
5469 4142 1
4142 3130 1
3130 11068 1
11068 7994 1
7994 2260 1
2260 9405 1
9405 2078 1
2078 4142 1
4142 8827 1
8827 2932 1
2932 3092 1
3092 7352 1
7352 6689 1
6689 2691 1
6111 2921 1
2921 8911 1
8911 1331 1
1331 7755 1
7755 7814 1
7814 2545 1
7814 733 1
733 11116 1
733 2548 1
2548 989 1
989 7332 1
7332 10834 1
10834 1485 1
1485 2320 1
2320 10092 1
10092 7720 1
7720 6183 1
6183 1640 1
1640 11007 1
11007 6036 1
6036 1418 1
1418 7354 1
7354 10343 1
10343 2402 1
2402 180 1
3227 8565 1
8565 7484 1
7484 7945 1
7945 1564 1
1564 9165 1
9165 8153 1
8153 258 1
258 9733 1
9733 10723 1
10723 5966 1
5966 4098 1
4098 7768 1
7768 3064 1
3064 232 1
232 9278 1
9278 10804 1
10804 4477 1
4477 4115 1
4115 9591 1
9591 6997 1
6997 414 1
414 2819 1
2819 1801 1
1801 10343 1
10343 2819 1
2819 5534 1
5534 6097 1
6097 7239 1
7239 50 1
50 9165 1
9165 542 1
542 8233 1
8233 8506 1
8506 5318 1
5318 10551 1
10551 8020 1
8020 8133 1
8133 6927 1
6927 10551 1
10551 4483 1
4483 3517 1
3517 2243 1
2243 4941 1
4941 5611 1
5611 2112 1
2112 8603 1
8603 4774 1
4774 10792 1
10792 2284 1
2284 5318 1
5318 8565 1
8565 4610 1
4610 10046 1
4610 10909 1
10909 5434 1
5434 5574 1
5574 8572 1
8572 4801 1
4801 4563 1
4563 4298 1
9870 753 1
753 1722 1
1722 1412 1
1412 9100 1
9100 10266 1
10266 8316 1
8316 8269 1
8269 10202 1
10202 3914 1
3914 6327 1
6327 1229 1
1229 1877 1
1877 6099 1
6099 1629 1
1629 4861 1
4861 542 1
542 357 1
357 2532 1
2532 1132 1
2532 10410 1
10410 2354 1
2354 5453 1
5453 5884 1
5884 8341 1
8341 8935 1
8935 2041 1
2041 8401 1
8401 10031 1
4871 2354 1
2354 9441 1
9441 8401 1
8401 8516 1
8516 2081 1
2081 806 1
806 4889 1
4889 5391 1
5391 8714 1
8714 806 1
806 6093 1
6093 6991 1
6991 9490 1
9490 2854 1
2854 2958 1
2958 5241 1
5241 6563 1
6563 7379 1
7379 8282 1
8282 9873 1
9873 3362 1
3362 3060 1
3060 319 1
319 4000 1
4000 6097 1
6097 9218 1
9218 296 1
296 2083 1
2083 7845 1
7845 7591 1
7591 2343 1
2343 7457 1
7457 9264 1
9264 7591 1
7845 3342 1
3342 8345 1
8345 1130 1
1130 7379 1
7379 68 1
68 264 1
264 6595 1
6595 6288 1
6288 7977 1
7977 2614 1
2614 159 1
159 7074 1
7074 4709 1
4709 10551 1
10551 8912 1
8912 7299 1
10152 6576 1
6576 9887 1
6576 1169 1
1169 2601 1
2601 3373 1
3373 1688 1
1688 6093 1
6093 11163 1
11163 9502 1
9502 2041 1
2041 176 1
176 10954 1
10954 7308 1
7308 6224 1
6224 7504 1
7504 1252 1
687 10147 1
10147 7308 1
7308 1945 1
7504 7511 1
7511 687 1
687 7505 1
7505 8755 1
8755 3042 1
3042 982 1
606 3062 1
3062 2878 1
2878 1040 1
2878 8118 1
8118 7701 1
7701 7102 1
7102 7497 1
7497 1648 1
7497 7701 1
7701 7139 1
7139 9541 1
9541 1867 1
7139 10091 1
10091 5246 1
5246 1564 1
1564 8187 1
8187 4298 1
2192 6595 1
6595 1877 1
1877 10149 1
10149 6737 1
7963 5443 1
5443 6353 1
6353 7789 1
7789 4871 1
4871 6255 1
6255 8767 1
8767 5819 1
5819 2821 1
2821 11002 1
11002 5819 1
8903 10886 1
10886 11054 1
11054 3945 1
3945 6770 1
6770 2571 1
2571 537 1
537 4877 1
4877 2571 1
2571 4238 1
4238 2788 1
2788 6097 1
6097 3813 1
3813 10022 1
10022 8716 1
8716 4563 1
4563 8802 1
8802 440 1
440 2880 1
2880 8755 1
8755 5374 1
5374 2970 1
2970 7977 1
7977 543 1
543 8592 1
8592 977 1
977 5010 1
5010 2401 1
2401 3537 1
2401 4793 1
4793 2013 1
2013 6773 1
2013 10671 1
10671 4216 1
4216 2013 1
2013 10840 1
10840 1422 1
1422 9996 1
9996 2530 1
2530 6179 1
2530 9400 1
583 6286 1
6286 483 1
483 4941 1
4941 5318 1
5318 10529 1
10529 9278 1
9278 5374 1
5374 10886 1
10886 2658 1
2658 8274 1
8274 11144 1
8274 678 1
678 7695 1
7695 10804 1
10804 11132 1
982 5395 1
5395 6194 1
6194 8345 1
8345 4135 1
4135 5616 1
5616 9594 1
9594 5295 1
5295 3115 1
3115 3510 1
3510 233 1
233 8872 1
8872 6192 1
6192 8911 1
8911 2904 1
2904 4917 1
4917 8872 1
8872 9441 1
9441 584 1
584 3181 1
3181 2545 1
2545 2691 1
2691 54 1
54 6243 1
6243 8106 1
8106 1285 1
1285 4254 1
4254 11177 1
11177 3415 1
3415 10782 1
10782 4670 1
2055 703 1
703 10047 1
10047 5321 1
5321 6578 1
6578 1311 1
1311 2295 1
2295 831 1
2295 3997 1
3997 831 1
831 66 1
66 2282 1
66 8450 1
8450 6299 1
6299 1887 1
1887 268 1
268 9939 1
9939 2571 1
2571 7768 1
7768 1664 1
1664 11054 1
11054 4477 1
4477 10551 1
10551 2322 1
2322 4629 1
4629 6863 1
6863 3993 1
3993 7494 1
7494 1705 1
1705 11109 1
11109 3344 1
3344 3301 1
3301 10343 1
10343 8759 1
8759 6097 1
6097 1801 1
1801 3022 1
3022 3813 1
3813 68 1
68 8719 1
8719 4000 1
4000 3022 1
3022 5241 1
5241 1629 1
1629 5439 1
5439 6894 1
6894 11054 1
11054 2979 1
2979 11006 1
11006 11170 1
11170 1197 1
1197 319 1
319 258 1
258 629 1
629 8077 1
8077 843 1
843 3022 1
3022 10984 1
10984 4468 1
4468 4104 1
4104 2175 1
2175 3237 1
9072 6770 1
6770 7530 1
7530 8343 1
8343 6042 1
6042 994 1
8343 10318 1
10318 7031 1
7031 9545 1
9545 542 1
3397 3064 1
3064 8316 1
8316 3517 1
3517 6737 1
6737 9733 1
9733 4135 1
4135 537 1
537 10886 1
10886 1564 1
1564 3678 1
3678 8716 1
8716 7084 1
7084 2508 1
2508 319 1
319 2880 1
440 2737 1
2737 2071 1
2071 3574 1
3574 1664 1
1664 6770 1
6770 10004 1
10004 7505 1
7505 497 1
497 3227 1
3227 10726 1
10726 3957 1
3957 4357 1
4357 1681 1
1681 5574 1
3234 8759 1
8759 10804 1
10804 6549 1
6549 1336 1
1336 9146 1
9146 4877 1
4877 5574 1
5574 7023 1
7023 6194 1
6194 3100 1
3100 9007 1
9007 9158 1
9007 9147 1
9147 987 1
987 5978 1
5978 2188 1
3699 8002 1
8002 1490 1
1490 2691 1
2691 4917 1
4917 10129 1
10129 1726 1
1726 9761 1
9761 2921 1
7755 811 1
811 1331 1
1331 4044 1
4044 11081 1
11081 397 1
397 4917 1
4917 5336 1
5336 6892 1
6892 1904 1
1904 5336 1
5336 3267 1
3267 4919 1
4919 4782 1
4782 5696 1
5696 5451 1
5451 7970 1
7970 6898 1
6898 7673 1
7673 4189 1
4189 7149 1
7149 2846 1
2846 442 1
442 9901 1
9901 10654 1
10654 10516 1
10516 5914 1
5914 5562 1
5562 2686 1
2686 7885 1
7885 3857 1
3857 6445 1
6445 7965 1
7965 1082 1
1082 8705 1
8705 2412 1
2412 299 1
2412 2371 1
2412 5941 1
5941 5536 1
5536 7274 1
7274 7120 1
7120 5724 1
5724 10311 1
10311 1118 1
10311 6594 1
6594 7448 1
7448 1816 1
1816 8884 1
8884 8422 1
8422 2601 1
2601 5914 1
5914 5724 1
5724 1416 1
1416 6196 1
6196 10516 1
10516 10814 1
10814 10311 1
5724 1570 1
1570 3624 1
3624 8178 1
8178 4842 1
4842 2226 1
2226 6220 1
6220 2371 1
2371 7299 1
7299 8959 1
5705 3345 1
3345 7237 1
3345 11113 1
11113 1317 1
1317 7259 1
7259 10586 1
7259 4262 1
4262 3211 1
3211 6848 1
6848 4589 1
4589 2771 1
2771 7320 1
7320 9668 1
9668 407 1
407 929 1
929 7542 1
7542 407 1
407 10108 1
10108 399 1
399 11068 1
11068 10073 1
10073 5410 1
5410 6001 1
6001 8979 1
8979 6801 1
6801 4274 1
10334 7914 1
7914 6107 1
6107 7947 1
7947 1129 1
1129 1703 1
1703 1671 1
1671 10512 1
10512 6118 1
6118 3777 1
6118 4406 1
6118 3344 1
2936 2505 1
2505 6863 1
6863 8330 1
8330 2970 1
2970 1664 1
1664 6099 1
6099 687 1
687 3623 1
3623 7308 1
7308 4253 1
4253 10954 1
10954 853 1
853 4253 1
4938 5325 1
5325 7858 1
7630 4068 1
3185 7041 1
7041 1923 1
1923 2931 1
2931 7813 1
7813 1923 1
1923 6438 1
1923 10077 1
10077 8183 1
8183 3347 1
3347 1620 1
1620 1827 1
1827 1795 1
1795 4259 1
1795 9878 1
5599 9486 1
9486 8787 1
8787 2698 1
2698 1383 1
2698 11001 1
11001 9767 1
9767 6651 1
6651 5790 1
5790 2698 1
2698 10693 1
10693 9148 1
9148 1986 1
1986 6293 1
6293 1727 1
1727 3882 1
2848 5293 1
5293 1281 1
1281 5968 1
5968 3218 1
3218 8239 1
8239 10886 1
10886 6525 1
6525 941 1
941 2238 1
2238 6099 1
6572 4474 1
4474 3386 1
3386 8716 1
8716 2975 1
2975 8316 1
8316 2897 1
2897 9110 1
9110 5974 1
5974 10882 1
10882 718 1
3813 1513 1
1513 10466 1
10466 1399 1
1399 2846 1
2846 10319 1
10319 7370 1
7370 2162 1
2162 11086 1
11086 6923 1
6923 6019 1
6019 5597 1
5597 1130 1
1130 6595 1
6595 2936 1
2936 4298 1
4298 944 1
944 8316 1
8316 4861 1
4861 2975 1
2975 3993 1
11087 1629 1
1629 6737 1
6737 7031 1
7031 6549 1
6549 1801 1
1801 3993 1
3993 6910 1
6910 3100 1
9007 1759 1
1759 5953 1
5953 2848 1
2848 1877 1
1877 6327 1
6327 10162 1
10162 10475 1
10162 9570 1
9570 7942 1
7942 3623 1
3623 3517 1
3517 4298 1
437 941 1
941 4357 1
4357 6061 1
6061 2121 1
2121 3813 1
3813 4870 1
6500 7843 1
7843 7676 1
7676 3064 1
3064 10064 1
10064 7147 1
7147 661 1
661 11039 1
11039 9817 1
9817 4747 1
4747 1535 1
1535 11132 1
11132 5881 1
5881 5611 1
5611 4474 1
4474 4941 1
4941 7190 1
7190 4230 1
4230 1482 1
1482 9374 1
9374 1097 1
1097 1406 1
2760 11173 1
11173 9374 1
9374 1504 1
1504 161 1
161 4672 1
4672 7054 1
7054 4382 1
4382 7695 1
7695 3788 1
3788 10064 1
10064 3974 1
3974 1715 1
1715 944 1
944 1717 1
1717 6392 1
6392 3397 1
3397 10339 1
10339 5512 1
5512 1965 1
1965 5246 1
5246 3067 1
3067 9275 1
9275 4003 1
4003 1082 1
1082 299 1
299 3346 1
3346 2412 1
2412 1082 1
1082 7171 1
7171 5914 1
5914 8705 1
8705 3047 1
8705 6196 1
6196 4664 1
4664 6093 1
6093 4871 1
3692 5241 1
5241 240 1
240 5968 1
5968 614 1
614 3064 1
3064 2466 1
2466 10539 1
10539 1132 1
1132 8071 1
8071 532 1
532 3659 1
3659 3812 1
3812 8481 1
3812 2848 1
2848 9218 1
9218 2880 1
2880 1664 1
1664 50 1
50 11132 1
11132 4297 1
4297 3301 1
3301 9870 1
9870 8719 1
8719 3326 1
3326 478 1
478 7992 1
7992 5441 1
5441 1389 1
1389 102 1
3397 2975 1
2975 11149 1
11149 7448 1
7448 1729 1
1729 11149 1
11149 8395 1
8395 982 1
982 7359 1
7359 7023 1
7023 8961 1
8961 9427 1
9427 8719 1
8719 9400 1
9400 1739 1
1739 9142 1
9142 3788 1
3788 10784 1
10784 6927 1
6927 9577 1
9577 2192 1
2192 10343 1
10343 10792 1
10792 9320 1
10792 2552 1
2552 3100 1
3100 2946 1
2946 8736 1
8736 9146 1
9146 9600 1
9600 4918 1
4918 9100 1
9100 75 1
75 9934 1
9934 4480 1
4480 7505 1
7505 6194 1
6194 232 1
232 7359 1
7359 50 1
50 4264 1
4264 7359 1
7359 5318 1
5318 3227 1
3227 319 1
319 5230 1
5230 10654 1
10654 42 1
42 2975 1
2975 1397 1
1397 1823 1
1823 2975 1
2975 756 1
756 2281 1
2281 6383 1
6383 10551 1
4477 8603 1
8603 5586 1
5586 2800 1
5586 10149 1
10149 5191 1
5191 8071 1
8071 4242 1
4242 6125 1
6125 9168 1
9168 1281 1
5293 7816 1
7816 264 1
264 756 1
756 7159 1
7159 6099 1
6099 2418 1
2418 7098 1
7098 1877 1
1877 3097 1
3097 976 1
976 9218 1
9218 542 1
542 537 1
537 4199 1
4199 4610 1
4610 9817 1
9817 7159 1
7159 3301 1
3301 1336 1
1336 10726 1
10726 10343 1
10343 3813 1
3813 8716 1
8716 10041 1
10041 6019 1
6019 8998 1
8998 9870 1
9870 7920 1
7920 6894 1
6894 5395 1
5395 10266 1
10266 2395 1
2395 3309 1
3309 7677 1
7677 10780 1
10780 2532 1
2532 4871 1
4871 4687 1
4871 2344 1
2344 2354 1
2354 7789 1
9438 7279 1
1381 10410 1
10410 8516 1
8516 9356 1
9356 6786 1
3317 6642 1
6642 75 1
75 1389 1
1389 11093 1
11093 9136 1
9136 3384 1
3384 2545 1
2545 2493 1
2493 4776 1
4776 8762 1
8762 1132 1
1132 6255 1
6255 7804 1
7804 5623 1
5623 9788 1
9788 4664 1
9788 10022 1
10022 9278 1
9278 8153 1
8153 478 1
478 6529 1
6529 6076 1
6076 8350 1
