2778 902 1
902 6561 1
6561 7259 1
7259 1317 1
1317 11113 1
11113 9513 1
9513 9743 1
9743 2933 1
2933 3814 1
3814 4980 1
4980 9743 1
9743 4240 1
4240 1379 1
1379 9514 1
9514 6578 1
6578 1595 1
1595 10008 1
10008 11199 1
11199 6978 1
6978 4505 1
11199 5311 1
5311 8478 1
8478 9981 1
9981 691 1
691 279 1
691 8478 1
8478 150 1
150 11028 1
8478 8436 1
8436 691 1
9981 192 1
192 9578 1
9578 9924 1
9924 4654 1
4654 444 1
444 6197 1
6197 2950 1
2950 10983 1
10983 3092 1
3092 1406 1
1406 2831 1
2831 9731 1
9731 2078 1
2078 472 1
472 6376 1
6376 8484 1
8484 1935 1
1935 6845 1
6845 187 1
187 10969 1
10969 10842 1
10842 9188 1
9188 2909 1
2909 3224 1
3224 828 1
828 10598 1
10598 5242 1
5242 2405 1
2405 2219 1
2219 4609 1
4609 6430 1
6430 4129 1
4129 10760 1
10760 5852 1
5852 6430 1
6430 2650 1
2650 5242 1
5242 1016 1
1016 9335 1
9335 7519 1
7519 5448 1
5448 2676 1
2676 6599 1
6599 6163 1
6163 9834 1
9834 9188 1
10842 828 1
828 5187 1
5187 6599 1
6599 9332 1
9332 1633 1
1633 10842 1
10842 3224 1
3224 9834 1
9834 3716 1
3716 1456 1
3716 7154 1
7154 9470 1
9470 828 1
828 7519 1
7519 2069 1
7519 3535 1
3535 7398 1
7398 8430 1
8430 5448 1
5448 3535 1
3535 828 1
828 2648 1
2648 875 1
875 4520 1
4520 651 1
651 6315 1
6315 5484 1
5484 2907 1
2907 9597 1
9597 6406 1
6406 1534 1
1534 2907 1
2907 875 1
4520 5484 1
5484 2648 1
2648 1046 1
1046 7507 1
7507 4894 1
4894 2914 1
2914 1482 1
1482 5244 1
5244 4818 1
4818 42 1
42 6723 1
6723 3100 1
3100 3064 1
3064 5241 1
5241 1716 1
1716 7253 1
7253 264 1
264 10123 1
10123 3301 1
3301 4264 1
4264 319 1
319 4483 1
4483 8755 1
8755 6099 1
6099 6549 1
6549 8802 1
8802 8523 1
8523 3574 1
3574 6572 1
6572 8882 1
8882 8736 1
8736 629 1
629 2737 1
2737 1958 1
1958 10869 1
10869 4606 1
4606 730 1
730 6723 1
6723 2238 1
2238 4661 1
4661 2979 1
2979 7530 1
7530 9218 1
9218 2281 1
2281 3858 1
3858 1862 1
3858 7211 1
7211 4349 1
4349 4060 1
4060 7702 1
7702 6582 1
6582 6125 1
6125 9168 1
9168 1281 1
1281 3574 1
3574 8374 1
8374 1785 1
1785 2792 1
2792 8565 1
8565 4663 1
4663 2505 1
2505 9092 1
9092 5539 1
5539 6076 1
6076 11130 1
11130 8827 1
8827 1152 1
1152 10591 1
10591 4947 1
4947 3528 1
3528 370 1
370 8399 1
8399 10215 1
10215 1791 1
1791 370 1
370 3053 1
3053 4724 1
4724 7215 1
7215 6642 1
6642 529 1
529 9531 1
9531 4333 1
9531 1264 1
6642 1877 1
1877 5191 1
5191 4730 1
4730 1341 1
1341 7505 1
7505 3957 1
3957 2946 1
2946 7023 1
7023 7505 1
7505 4253 1
4253 2971 1
2971 4952 1
4952 8015 1
8015 10890 1
10890 6552 1
6552 1416 1
1416 10814 1
10814 2686 1
2686 3624 1
3624 8178 1
8178 2601 1
2601 7299 1
7299 6220 1
6220 10516 1
10516 5382 1
5382 2944 1
2944 9347 1
9347 7686 1
7686 2573 1
2573 3457 1
3457 1169 1
1169 6576 1
6576 6273 1
6273 5724 1
5724 9347 1
9347 5230 1
5230 9092 1
9092 7637 1
7637 6176 1
6176 9019 1
9019 1262 1
9019 9985 1
9985 6580 1
6580 9510 1
6580 8283 1
8283 3779 1
3779 6432 1
6432 8380 1
8380 5814 1
5814 7686 1
7686 5868 1
5868 3705 1
3705 6552 1
6552 8156 1
8156 2589 1
2589 7192 1
7192 5779 1
5779 304 1
304 3429 1
3429 1864 1
1864 10433 1
1864 8012 1
8012 5226 1
5226 9516 1
9516 340 1
340 10283 1
10283 10878 1
10878 10662 1
10662 8309 1
8309 9368 1
8309 5226 1
5226 10878 1
5226 3141 1
3141 5158 1
5158 2505 1
2505 2946 1
2946 4357 1
4357 1412 1
1412 9870 1
9870 4000 1
4000 2958 1
2958 2020 1
2020 8603 1
8603 7663 1
7663 7695 1
7695 3945 1
3945 5611 1
5611 5881 1
5881 1959 1
1959 9998 1
9998 3858 1
3858 7091 1
7091 9998 1
9998 3523 1
3523 7676 1
7676 1210 1
1210 8565 1
8565 10487 1
10487 32 1
32 2363 1
2363 1688 1
1688 4942 1
4942 11052 1
11052 4253 1
4253 6099 1
6099 2734 1
2734 8523 1
8523 5708 1
5708 8912 1
8912 2697 1
2697 8973 1
8973 7383 1
7383 3421 1
3421 1180 1
1180 1996 1
1996 1029 1
1029 1180 1
1180 2864 1
2864 8002 1
8002 1991 1
1991 5410 1
5410 453 1
453 5664 1
5664 11117 1
11117 891 1
891 8979 1
8979 9174 1
9174 4586 1
4586 5455 1
5455 6825 1
6825 7210 1
7210 8979 1
8979 5801 1
5801 3203 1
3203 6892 1
6892 4414 1
4414 2196 1
2196 1846 1
1846 5803 1
5803 8944 1
8944 1285 1
1285 1196 1
1196 3415 1
3415 5970 1
5970 4379 1
4379 2162 1
2162 7758 1
7758 6003 1
6003 9441 1
9441 2795 1
2795 8002 1
8002 1904 1
1904 8146 1
8146 584 1
584 2904 1
2904 6063 1
6063 452 1
452 8146 1
8146 18 1
18 10539 1
10539 6328 1
6328 5503 1
5503 9427 1
9427 11060 1
11060 3060 1
3060 4104 1
4104 4828 1
4828 6391 1
6391 2284 1
2284 6642 1
6642 7859 1
6642 6286 1
6286 7484 1
7484 2788 1
2788 5503 1
5503 1818 1
1818 1727 1
1727 2721 1
1727 5505 1
5505 8593 1
8593 4654 1
444 8959 1
8959 7299 1
7299 3346 1
3346 10890 1
10890 2846 1
2846 5463 1
5463 4030 1
4030 1513 1
1513 10235 1
10235 3813 1
3813 8345 1
8345 3572 1
3572 8767 1
8767 5443 1
5443 6328 1
5443 5191 1
5191 1341 1
1341 2418 1
2418 9218 1
9218 6099 1
6099 8565 1
8565 7379 1
7379 6595 1
6595 5439 1
5439 8282 1
8282 4801 1
4801 5898 1
5898 2890 1
2890 4008 1
4008 2979 1
2979 85 1
85 6383 1
6383 8603 1
8603 3062 1
3062 3957 1
3957 7945 1
7945 8603 1
8603 4766 1
4766 10792 1
10792 10551 1
10551 4060 1
4060 5597 1
5597 9011 1
9011 5751 1
5751 8565 1
8565 3022 1
3022 3064 1
3064 9427 1
9427 5395 1
5395 7457 1
7457 537 1
537 3344 1
3344 8282 1
8282 2936 1
2936 8782 1
8782 6981 1
6981 9740 1
9740 5296 1
5296 8014 1
8014 9568 1
8014 798 1
798 10009 1
10009 9732 1
9732 7313 1
7313 6036 1
6036 1556 1
1556 5230 1
5230 2601 1
2601 1566 1
1566 10882 1
10882 7530 1
7530 5974 1
5974 5881 1
5881 6910 1
6910 264 1
264 1564 1
1564 6099 1
6099 10588 1
10588 3914 1
3914 2658 1
2658 7023 1
7023 3386 1
3386 7379 1
7379 11132 1
11132 437 1
437 11006 1
11006 6061 1
6061 9577 1
9577 497 1
497 1664 1
1664 606 1
606 2272 1
2272 9400 1
9400 9605 1
9605 42 1
42 7618 1
7618 2071 1
2071 6239 1
6239 3060 1
3060 3993 1
3993 6288 1
6288 8730 1
8730 11129 1
11129 10882 1
1566 10585 1
10585 6410 1
6410 8808 1
8808 6159 1
8808 4119 1
4119 7161 1
7161 6156 1
6156 2714 1
2714 4365 1
4365 981 1
981 6156 1
7161 3196 1
3196 8790 1
8790 10562 1
10562 7056 1
7056 3830 1
7056 10505 1
10505 6410 1
6410 9860 1
9860 8038 1
8038 8318 1
8318 714 1
714 1612 1
1612 3565 1
1612 8318 1
714 8038 1
8038 7690 1
714 3565 1
3565 6992 1
3565 8318 1
3565 6714 1
3565 6022 1
3565 8683 1
8683 6842 1
8683 7780 1
8683 9860 1
9860 4119 1
4119 10547 1
10547 6238 1
6238 1412 1
1412 8345 1
8345 9141 1
9141 10726 1
10726 8736 1
8736 5611 1
5611 3772 1
3772 4766 1
4766 9218 1
9218 1739 1
1739 1629 1
1629 1806 1
1806 2535 1
2535 4119 1
4119 8303 1
8303 5503 1
5503 7845 1
7845 7922 1
7922 3986 1
3986 6576 1
6576 10234 1
10234 3394 1
3394 2846 1
2846 8178 1
8178 2388 1
2388 10152 1
10152 3986 1
3986 5990 1
5990 5536 1
5536 5868 1
5868 7171 1
7171 3624 1
3624 7299 1
7299 9170 1
7299 224 1
224 3813 1
3813 4954 1
4954 3574 1
3574 2946 1
2946 2243 1
2243 3317 1
3317 9072 1
9072 5442 1
5442 614 1
614 6346 1
614 5798 1
5798 4865 1
4865 3401 1
3401 8754 1
8754 4069 1
4069 2363 1
2363 3733 1
32 7977 1
7977 1785 1
1785 9165 1
9165 1130 1
1130 941 1
941 1664 1
1664 10529 1
10529 7945 1
7945 2243 1
2243 9602 1
9602 4663 1
4663 8730 1
8730 3862 1
3862 7806 1
7806 561 1
561 6459 1
6459 5064 1
5064 3611 1
3611 3844 1
3844 5527 1
5527 7275 1
7275 8862 1
8862 9397 1
9397 3064 1
3064 982 1
982 3788 1
3788 4115 1
3788 8219 1
8219 10768 1
10768 2379 1
2379 3788 1
3788 10504 1
10504 5968 1
5968 9355 1
9355 4912 1
4912 5251 1
5968 8022 1
8022 10582 1
10582 7839 1
7839 9701 1
9701 2637 1
2637 7670 1
7670 10716 1
10716 1814 1
1814 7539 1
1814 11159 1
1814 6665 1
6665 2030 1
2030 10716 1
10716 8812 1
8812 2360 1
2360 1345 1
1345 8424 1
8424 4424 1
4424 3199 1
3199 7134 1
7134 52 1
52 4078 1
4078 8496 1
8496 8030 1
8030 1774 1
1774 5064 1
5064 5970 1
5970 2879 1
2879 10900 1
10900 6868 1
6868 2879 1
2879 10782 1
10782 2846 1
2846 5382 1
5382 7123 1
7123 9071 1
9071 5013 1
5013 7367 1
7367 6304 1
6304 8093 1
8093 5279 1
5279 6939 1
6939 8996 1
8996 1158 1
1158 5592 1
5592 8856 1
8856 6349 1
6349 3193 1
3193 8160 1
8160 5774 1
5774 6374 1
6374 3296 1
3296 2970 1
2970 5881 1
5881 3022 1
3022 7023 1
7023 5318 1
5318 8755 1
8755 7676 1
7676 5611 1
5611 8274 1
8274 68 1
68 4941 1
4941 9142 1
9142 3227 1
3227 2020 1
2020 941 1
941 6737 1
6737 7072 1
6737 281 1
281 7945 1
7945 8759 1
8759 2262 1
2262 4061 1
4061 4357 1
4357 3914 1
3914 3473 1
3473 8401 1
8401 982 1
982 85 1
85 2402 1
2402 6563 1
6563 2788 1
2788 7371 1
7371 7239 1
7239 5974 1
5974 9545 1
9545 2238 1
2238 7505 1
7505 10343 1
10343 10041 1
10041 3409 1
3409 4060 1
4060 7064 1
7064 5611 1
5611 6737 1
6737 7159 1
7159 10551 1
10551 9141 1
9141 2734 1
2734 7031 1
7031 9733 1
9733 4356 1
4356 9092 1
9092 6036 1
6036 5230 1
5230 2078 1
2078 10143 1
10143 7994 1
7994 6936 1
6936 9071 1
9071 10528 1
10528 6234 1
6234 8769 1
8769 5349 1
5349 9797 1
9797 1352 1
1352 918 1
918 2 1
918 4208 1
4208 2106 1
2106 5905 1
5905 404 1
404 4331 1
4331 3598 1
3598 2279 1
2279 2446 1
2446 3542 1
3542 5109 1
3542 8744 1
8744 1942 1
1942 4211 1
4211 9966 1
4211 1274 1
1274 10751 1
10751 3286 1
3286 10840 1
10840 83 1
10840 8901 1
8901 4232 1
4232 2448 1
2448 5132 1
5132 10355 1
10355 4296 1
4296 5645 1
4296 7879 1
7879 6964 1
6964 504 1
504 2326 1
2326 5873 1
5873 5664 1
5664 1017 1
5664 2267 1
2267 3416 1
3416 593 1
3416 1365 1
1365 370 1
370 11007 1
11007 10954 1
10954 6328 1
6328 9594 1
9594 3327 1
3327 10179 1
10179 1208 1
1208 7359 1
7359 4954 1
4954 2946 1
2946 1336 1
1336 6923 1
6923 9107 1
9107 9172 1
9172 6923 1
6923 3301 1
3301 1564 1
1564 8153 1
8153 8316 1
8316 11039 1
11039 9422 1
9422 6398 1
6398 6099 1
6099 2970 1
2970 5906 1
5906 6137 1
6137 5668 1
5668 7190 1
7190 5244 1
5244 5451 1
5451 10235 1
10235 26 1
10235 8611 1
10235 10604 1
10604 3653 1
3653 10235 1
10235 3572 1
3572 6923 1
6923 360 1
360 5708 1
5708 6491 1
6491 3560 1
3560 5969 1
5969 6059 1
6059 7663 1
7663 2958 1
2958 4480 1
4480 8716 1
8716 899 1
899 9681 1
9681 1157 1
1157 11170 1
11170 9873 1
9873 7091 1
7091 6935 1
6935 2979 1
2979 483 1
483 6918 1
6918 6139 1
6139 9939 1
9939 6383 1
6383 3344 1
3344 720 1
720 6228 1
6228 6814 1
6814 8013 1
8013 3558 1
3558 9355 1
9355 4844 1
4844 3408 1
3408 1832 1
1832 9181 1
3408 9355 1
9355 10757 1
10757 2227 1
2227 6825 1
5455 3493 1
3493 6421 1
6421 5455 1
5455 10555 1
10555 10688 1
10688 5856 1
10688 7256 1
7256 67 1
67 10688 1
67 6825 1
6825 7256 1
7256 11092 1
11092 298 1
298 740 1
740 7739 1
7739 11092 1
11092 6825 1
6825 7739 1
11092 10555 1
10688 298 1
298 7256 1
7256 5455 1
5455 11092 1
67 298 1
298 6825 1
6825 740 1
740 8632 1
8632 8947 1
8947 7739 1
11092 8947 1
8947 740 1
740 11092 1
10555 298 1
298 8632 1
8632 7256 1
67 7739 1
7739 1241 1
1241 67 1
67 5455 1
298 7739 1
8947 67 1
1241 11092 1
740 67 1
67 11092 1
11092 8632 1
8632 5121 1
5121 5552 1
5552 2596 1
2596 9610 1
9610 2056 1
2056 1653 1
1653 9804 1
9804 5677 1
5677 10177 1
10177 7894 1
7894 10061 1
10061 750 1
10061 10316 1
10061 7060 1
7894 6388 1
6388 7879 1
7879 8573 1
8573 1765 1
1765 3009 1
3009 5677 1
5677 504 1
504 5410 1
5410 9816 1
9816 2326 1
2326 891 1
891 9034 1
891 8225 1
8225 2596 1
2596 4833 1
4833 2056 1
2056 1340 1
1340 10050 1
10050 5552 1
5552 6421 1
3493 3736 1
3736 5416 1
5416 2302 1
2302 9034 1
8979 6001 1
6001 9654 1
9654 504 1
504 8979 1
8979 1524 1
1524 9654 1
9654 5410 1
5410 4108 1
4108 8973 1
2697 3912 1
3912 3317 1
3317 9100 1
9100 7768 1
7768 8716 1
8716 5881 1
5881 6918 1
6918 2975 1
2975 8565 1
8565 10777 1
10777 5161 1
5161 10529 1
10529 319 1
319 1785 1
1785 2402 1
2402 3062 1
3062 42 1
42 4149 1
4149 6489 1
6489 4776 1
4776 6192 1
6192 2493 1
2493 2285 1
2285 10989 1
10989 7427 1
7427 8277 1
8277 10849 1
10849 6376 1
6376 7994 1
7994 1406 1
1406 9405 1
9405 161 1
161 4757 1
4757 68 1
68 7371 1
7371 8719 1
8719 10551 1
10551 5395 1
5395 9218 1
9218 830 1
830 3926 1
3926 2339 1
2339 2178 1
2178 8427 1
8427 5970 1
5970 7945 1
7945 4747 1
4747 2979 1
2979 3344 1
3344 3772 1
3772 11132 1
11132 6923 1
1336 4264 1
319 2272 1
2272 10777 1
10777 5792 1
5792 2402 1
2402 5374 1
5374 1892 1
1892 2272 1
2272 7239 1
7239 7676 1
7676 10041 1
10041 281 1
281 720 1
720 5751 1
5751 4629 1
4629 4199 1
4199 7878 1
7878 11132 1
11132 9870 1
9870 4357 1
4357 2112 1
2112 5969 1
5969 5442 1
5442 7084 1
7084 6491 1
6491 4180 1
4180 155 1
155 8850 1
8850 4180 1
4180 1603 1
1603 5013 1
5013 8093 1
8093 7626 1
7626 6939 1
6939 9071 1
9071 8176 1
8176 4635 1
4635 8531 1
8531 8176 1
8176 6631 1
6631 7098 1
7098 2175 1
2175 10525 1
10525 5246 1
5246 10091 1
10091 5835 1
5835 9426 1
5835 1494 1
1494 7497 1
7497 9541 1
9541 1648 1
1648 7102 1
7102 2524 1
7102 1066 1
1066 2970 1
2970 2447 1
2447 7359 1
7359 537 1
537 629 1
629 9278 1
9278 4892 1
4892 5439 1
5439 437 1
437 2658 1
2658 180 1
180 483 1
483 3042 1
3042 3523 1
3523 4298 1
4298 5442 1
5442 4061 1
4061 9473 1
9473 5241 1
5241 7354 1
7354 8753 1
8753 7171 1
7171 10152 1
10152 7274 1
7274 4028 1
4028 9901 1
9901 1416 1
1416 7299 1
7299 10948 1
10948 7321 1
10948 4709 1
4709 4967 1
4967 7320 1
7320 7225 1
7320 4247 1
4247 8579 1
4247 1656 1
1656 9956 1
9956 8721 1
8721 7870 1
7870 1656 1
1656 9753 1
9753 7870 1
7870 8107 1
8107 9753 1
9753 9132 1
9132 11017 1
11017 647 1
647 2725 1
2725 9193 1
9193 11145 1
11145 5023 1
5023 10176 1
5023 9132 1
9132 7494 1
7494 7601 1
7601 9701 1
7601 1814 1
1814 4551 1
4551 6118 1
6118 5781 1
6118 10912 1
10912 4978 1
4978 7843 1
7843 5696 1
5696 4782 1
4782 4670 1
4670 1296 1
1296 4476 1
4476 10810 1
10810 8415 1
8415 6338 1
6338 8063 1
6338 8406 1
8406 6687 1
6687 7178 1
7178 349 1
349 8340 1
349 6297 1
6297 10585 1
10585 3870 1
3870 9306 1
9306 2562 1
2562 6984 1
6984 8156 1
8156 5265 1
5265 1668 1
1668 10707 1
10707 10325 1
10325 6984 1
8156 6186 1
6186 5946 1
6186 5935 1
6186 954 1
954 9907 1
954 94 1
94 9758 1
9758 6552 1
6552 3346 1
3346 2388 1
2388 5941 1
5941 5562 1
5562 5868 1
5868 613 1
613 7598 1
7598 2877 1
2877 5868 1
5868 4842 1
4842 10329 1
10329 10814 1
10814 7299 1
7299 10938 1
10938 6977 1
6977 5382 1
5382 5914 1
5914 8432 1
8432 7201 1
7201 10436 1
10436 10744 1
10744 7201 1
7201 10856 1
10856 932 1
932 7201 1
7201 10315 1
10856 9753 1
9753 8596 1
8596 1850 1
1850 9753 1
9753 9721 1
9721 8721 1
8721 7494 1
7494 7945 1
7945 7400 1
7945 4877 1
4877 2192 1
2192 180 1
180 1681 1
1681 8174 1
8174 5886 1
5886 8499 1
5886 7977 1
7977 6795 1
6795 9497 1
6795 1151 1
1151 1504 1
1504 9731 1
9731 1173 1
1173 2950 1
2950 3344 1
3344 2020 1
2020 4877 1
4877 1892 1
1892 3022 1
3022 8724 1
8724 7457 1
7457 10179 1
10179 2792 1
2792 2505 1
2505 6407 1
6407 2846 1
2846 531 1
531 6963 1
6963 8871 1
8871 2438 1
2438 8264 1
8264 5895 1
5895 529 1
529 2438 1
2438 9733 1
9733 8603 1
8603 6910 1
6910 583 1
583 8998 1
8998 2284 1
2284 8374 1
8374 9605 1
9605 2880 1
2880 9131 1
9131 393 1
393 7616 1
7616 9131 1
9131 8215 1
8215 75 1
75 6039 1
6039 6847 1
6847 10292 1
10292 5503 1
5503 3812 1
3812 3914 1
3914 3197 1
3197 2943 1
2943 7530 1
7530 5597 1
5597 9939 1
9939 7768 1
7768 8719 1
8719 8987 1
8987 3778 1
3778 1336 1
1336 5597 1
5597 2958 1
2958 6770 1
6770 5894 1
5894 6563 1
6563 7911 1
7911 4865 1
4865 9442 1
9442 6825 1
7210 8763 1
8763 6825 1
6825 5360 1
5360 2426 1
2426 8858 1
8858 6293 1
6293 9148 1
9148 5573 1
5573 8858 1
8858 2073 1
2073 10985 1
10985 7831 1
7831 10923 1
7831 500 1
500 3748 1
3748 9925 1
9925 582 1
582 6293 1
6293 2015 1
2015 9925 1
9925 9544 1
9544 1096 1
1096 1368 1
1368 3111 1
3111 7147 1
7147 2988 1
2988 6737 1
6737 3010 1
3010 6762 1
6762 8229 1
8229 614 1
614 8754 1
8754 9089 1
9089 1715 1
1715 398 1
398 3397 1
3397 5355 1
5355 1785 1
1785 6648 1
6648 7878 1
7878 1328 1
1328 1210 1
8565 4018 1
4018 10172 1
10172 8730 1
8730 11087 1
11087 10628 1
10628 6834 1
6834 2535 1
2535 1483 1
1483 7457 1
7457 3327 1
3327 7483 1
7483 1208 1
1208 9011 1
9011 7359 1
7359 1959 1
1959 10529 1
10529 3042 1
3042 583 1
583 1801 1
1801 3042 1
3042 10287 1
10287 2402 1
2402 3644 1
3644 3042 1
3042 2946 1
2946 6059 1
6059 7023 1
7023 1535 1
1535 6411 1
6411 8233 1
8233 2112 1
2112 10022 1
10022 1564 1
1564 1892 1
1892 9939 1
9939 4298 1
4298 4264 1
4264 2788 1
2788 4563 1
4563 1564 1
1564 4482 1
4482 5978 1
5978 3478 1
3478 11081 1
11081 1248 1
1248 5336 1
5336 8364 1
8364 2854 1
2854 8095 1
8095 5443 1
5443 10873 1
10873 2466 1
2466 7816 1
7816 9072 1
9072 853 1
853 4410 1
4410 6642 1
6642 2595 1
2595 8071 1
8071 5130 1
5130 7517 1
7517 2475 1
2475 3317 1
3317 6708 1
6708 4664 1
4664 7017 1
7017 6391 1
6391 4918 1
4918 2535 1
2535 2608 1
2608 10104 1
10104 3678 1
3678 6194 1
6194 4264 1
4264 180 1
180 7371 1
7371 6563 1
6563 4747 1
4747 8719 1
8719 3813 1
3813 6715 1
6715 8269 1
8269 1233 1
1233 2571 1
2571 7867 1
7867 5442 1
5442 1892 1
1892 2381 1
2381 2505 1
2505 8987 1
8987 3301 1
3301 6383 1
6383 9007 1
9007 8993 1
8993 5442 1
5442 11006 1
11006 1801 1
1801 8523 1
8523 6910 1
6910 5574 1
5574 1681 1
1681 4892 1
4892 3301 1
3301 4563 1
4563 1535 1
1535 6526 1
6526 4480 1
4480 10343 1
10343 7239 1
7239 4357 1
4357 232 1
232 6563 1
6563 180 1
180 7359 1
7359 7945 1
7945 8523 1
8523 2044 1
2044 4747 1
4747 2192 1
2192 8716 1
8716 9733 1
9733 4766 1
4766 8961 1
8961 6286 1
6286 9733 1
9733 7695 1
7695 2571 1
2571 3574 1
3574 6097 1
6097 8282 1
8282 629 1
629 5971 1
5971 4060 1
4060 3362 1
3362 7618 1
7618 8802 1
8802 9141 1
9141 3611 1
3611 10202 1
10202 7660 1
7660 9732 1
9732 7153 1
7153 5974 1
5974 6398 1
6398 5910 1
5910 8229 1
8229 2284 1
2284 11086 1
11086 5751 1
2975 3517 1
3517 2946 1
2946 1664 1
1664 6737 1
6737 9218 1
9218 2532 1
2532 9490 1
9490 4725 1
4725 7228 1
7228 3229 1
3229 7789 1
7789 4278 1
4278 6991 1
6991 9438 1
9438 4351 1
4351 2877 1
2877 8401 1
8401 9146 1
9146 3301 1
3301 4474 1
4474 7379 1
7379 6935 1
6935 7239 1
7239 9400 1
9400 9464 1
9400 3317 1
7517 7200 1
7200 11134 1
7200 10121 1
7200 2865 1
2865 11134 1
11134 6672 1
6672 9465 1
9465 1280 1
1280 7200 1
2865 10121 1
10121 6672 1
11134 9465 1
9465 7200 1
7200 4199 1
4199 887 1
887 2876 1
2876 3125 1
3125 9011 1
5751 4379 1
4379 3914 1
3914 2272 1
2272 8274 1
8274 3678 1
3678 7379 1
7379 9142 1
9142 6097 1
6097 11132 1
11132 6737 1
6737 3993 1
3993 7695 1
7695 4060 1
5971 621 1
621 5670 1
5670 4480 1
4480 1336 1
1336 5792 1
5792 7876 1
7876 4278 1
4278 7017 1
7017 965 1
965 9577 1
9577 3574 1
3574 10869 1
10869 3858 1
3858 6491 1
6491 4060 1
4060 8274 1
8274 3362 1
3362 2508 1
2508 8736 1
8736 4048 1
8736 2238 1
2238 7437 1
2238 3914 1
3914 9218 1
9218 2044 1
2044 9142 1
9142 583 1
583 537 1
537 3309 1
3309 2532 1
2532 8095 1
8095 9502 1
9502 5819 1
5819 6286 1
6286 8603 1
8603 8595 1
8595 180 1
180 7239 1
7239 4480 1
4480 5439 1
5439 3317 1
3317 2979 1
4008 9600 1
9600 537 1
537 7484 1
7484 7379 1
7379 4661 1
4661 8274 1
8274 2322 1
2322 1443 1
1443 4135 1
4135 5881 1
5881 7752 1
7752 5255 1
5255 5881 1
5881 4861 1
4861 10723 1
10723 4774 1
4774 9605 1
9605 3327 1
3327 9108 1
9108 2175 1
2175 505 1
505 9600 1
9600 10588 1
10588 6563 1
6563 1681 1
1681 4747 1
4747 2880 1
2880 8755 1
8755 6042 1
6042 2695 1
2695 1504 1
1504 2691 1
2691 9441 1
9441 5847 1
5847 1904 1
1904 5169 1
5169 2932 1
2932 3597 1
3597 11068 1
11068 5668 1
5668 4648 1
4648 2932 1
2932 10397 1
10397 3611 1
3611 1751 1
1751 7955 1
7955 9600 1
9600 3463 1
3463 7676 1
7676 1785 1
1785 8345 1
8345 8754 1
8754 4998 1
4998 9422 1
9422 614 1
614 6770 1
6770 10343 1
10343 10123 1
10123 6525 1
6525 5597 1
5597 8343 1
8343 542 1
542 7359 1
7359 483 1
483 4892 1
4892 2975 1
2975 483 1
483 10022 1
10022 10804 1
10804 11064 1
11064 7415 1
7415 8626 1
8626 9035 1
9035 2977 1
9035 9158 1
9158 6170 1
6170 2977 1
2977 4925 1
4925 9067 1
9067 6170 1
6170 5419 1
5419 9035 1
9035 7188 1
7188 7582 1
7582 9621 1
9621 5971 1
5971 3383 1
3383 3858 1
3858 4766 1
4766 7920 1
7920 10723 1
10723 9400 1
9400 6770 1
6770 3062 1
3062 2363 1
2363 6737 1
6737 3301 1
3301 7023 1
7023 4000 1
4000 5838 1
5838 263 1
263 6763 1
6763 3033 1
6763 8138 1
8138 7966 1
7966 739 1
739 333 1
333 2980 1
2980 8301 1
8301 9840 1
9840 1553 1
1553 5602 1
5602 4063 1
4063 8138 1
8138 2496 1
2496 7290 1
7290 333 1
333 10894 1
10894 10256 1
10256 5150 1
5150 10894 1
10894 8138 1
8138 9167 1
9167 1355 1
1355 8088 1
8088 8711 1
8711 3585 1
3585 7966 1
739 6668 1
6668 11051 1
11051 10894 1
6763 7290 1
7290 534 1
534 5602 1
5602 1099 1
1099 6668 1
6668 8711 1
8711 5150 1
5150 534 1
534 6763 1
6763 8243 1
8243 5602 1
5602 1355 1
1355 7877 1
7877 3033 1
3033 2980 1
2980 9615 1
9615 2496 1
2496 9167 1
9167 3033 1
3033 10385 1
10385 9615 1
9615 8243 1
8243 3721 1
3721 10256 1
10256 8302 1
8302 10385 1
10385 8429 1
8429 974 1
974 6763 1
6763 4000 1
4000 6572 1
6572 3678 1
3678 7920 1
7920 9605 1
9605 2192 1
2192 3317 1
3317 8229 1
8229 7922 1
7922 6975 1
6975 1934 1
1934 6404 1
6404 3170 1
3170 9594 1
9594 7977 1
7977 10792 1
10792 7091 1
7091 50 1
50 10609 1
10609 9927 1
9927 1560 1
1560 8153 1
8153 7379 1
7379 1801 1
1801 5374 1
5374 6563 1
6563 3409 1
3409 3383 1
3383 2505 1
2505 3993 1
3993 4297 1
4297 2788 1
2788 6194 1
6194 4563 1
4563 180 1
180 8716 1
8716 2958 1
2958 9870 1
9870 3326 1
3326 1806 1
1806 4865 1
4865 8345 1
8345 5395 1
5395 1806 1
1806 4018 1
4018 1210 1
1210 7494 1
7494 8523 1
8523 7660 1
7660 7548 1
7548 8079 1
8079 8095 1
8095 6923 1
6923 4382 1
4382 7695 1
7695 8345 1
8345 2192 1
2192 5654 1
5654 4150 1
4150 4357 1
4357 4766 1
4766 3234 1
3234 9545 1
9545 8603 1
8603 2238 1
2238 4474 1
4474 4483 1
4483 2262 1
2262 85 1
85 6910 1
6910 6019 1
6019 1130 1
1130 7695 1
7695 7379 1
7379 4877 1
4877 4941 1
4941 10886 1
10886 2402 1
2402 8153 1
8153 7457 1
7457 8330 1
8330 9296 1
9296 8712 1
8712 4663 1
4663 8330 1
8330 478 1
478 3326 1
3326 1412 1
1412 10123 1
10123 7064 1
7064 3397 1
3397 1153 1
1153 5966 1
5966 3473 1
3473 8731 1
8731 3999 1
3999 10948 1
10948 2614 1
2614 6062 1
6062 10673 1
10673 2362 1
2362 5709 1
5709 5398 1
5398 5513 1
5513 8153 1
8153 2064 1
2064 9927 1
9927 3052 1
3052 8973 1
8973 10678 1
10678 10976 1
10976 6286 1
6286 756 1
756 6712 1
6712 4061 1
4061 8233 1
8233 7084 1
7084 8736 1
8736 9523 1
9523 5318 1
5318 8233 1
8233 1959 1
1959 6894 1
6894 8565 1
8565 11129 1
11129 10411 1
10411 5441 1
5441 6244 1
6244 5906 1
5906 6910 1
6910 3042 1
3042 2284 1
2284 9502 1
9502 1688 1
1688 3733 1
3733 6529 1
6529 3463 1
3463 5295 1
5295 9594 1
9594 8153 1
8153 4629 1
4629 5295 1
5295 4663 1
4663 1806 1
1806 360 1
360 9733 1
9733 6099 1
6099 8153 1
8153 3517 1
3517 10287 1
10287 4563 1
4563 7064 1
7064 3022 1
3022 6549 1
6549 8987 1
8987 6770 1
6770 2272 1
2272 10551 1
10551 9146 1
9146 4892 1
4892 1535 1
1535 4104 1
4104 4536 1
4536 180 1
180 8282 1
8282 8274 1
8274 9373 1
9373 3858 1
3858 10874 1
10874 3523 1
3523 9218 1
9218 2979 1
2979 6770 1
6770 264 1
264 4061 1
4061 5053 1
5053 9165 1
9165 3344 1
3344 1152 1
1152 7994 1
7994 1248 1
1248 3011 1
3011 8484 1
8484 4886 1
4886 9070 1
9070 532 1
532 9060 1
9060 6183 1
532 1877 1
1877 10964 1
10964 2083 1
2083 853 1
853 3926 1
3926 532 1
3926 2848 1
2848 3237 1
3237 3097 1
3097 2877 1
2877 10147 1
10147 4942 1
4942 10278 1
10278 7177 1
7177 3767 1
3767 6936 1
6936 3344 1
3344 1482 1
1482 1987 1
1987 5451 1
5451 1513 1
1513 8729 1
8729 3461 1
3461 9135 1
9135 5038 1
9135 3731 1
9135 6379 1
6379 9584 1
9584 7134 1
7134 53 1
53 10635 1
10635 2754 1
2754 1147 1
1147 7972 1
7972 3703 1
3703 1754 1
1754 8804 1
8804 3421 1
1754 905 1
1754 7981 1
7981 8542 1
8542 3996 1
3996 2427 1
2427 8424 1
4424 2396 1
2396 3199 1
3199 8168 1
8168 9967 1
9967 2407 1
9967 2550 1
8168 2396 1
9967 4729 1
4729 7732 1
7732 239 1
7732 7288 1
7288 5444 1
5444 3062 1
3062 3317 1
3317 5503 1
5503 2310 1
5503 7977 1
7977 6459 1
6459 3844 1
3611 10487 1
10487 11132 1
11132 606 1
606 7031 1
7031 8506 1
8506 2395 1
2395 7591 1
7591 4298 1
4298 8736 1
8736 3074 1
3074 3574 1
3574 4861 1
4861 3957 1
3957 4104 1
4104 7920 1
7920 6019 1
6019 7091 1
7091 10588 1
10588 2535 1
2535 10179 1
10179 1785 1
2402 3409 1
3409 10343 1
10343 6722 1
6722 7023 1
7023 6061 1
6061 6737 1
6737 4069 1
4069 6691 1
6691 3232 1
3232 4396 1
4396 10504 1
10504 2880 1
2880 6061 1
6061 10551 1
10551 7153 1
7153 7400 1
7400 10318 1
10318 4382 1
4382 497 1
497 5442 1
5442 3560 1
3560 6239 1
6239 4060 1
4060 10123 1
10123 5881 1
5881 6097 1
6097 5503 1
5503 6572 1
6572 6411 1
6411 8802 1
8802 1564 1
1564 9681 1
9681 6722 1
6722 5053 1
5053 2112 1
2112 9605 1
9605 8523 1
8523 5611 1
5611 9605 1
9605 8719 1
8719 6894 1
6894 10757 1
10757 10341 1
10341 11136 1
11136 4659 1
4659 1131 1
1131 2441 1
2441 6167 1
1131 9383 1
9383 2405 1
2405 9335 1
9335 5448 1
5448 681 1
681 9361 1
9361 910 1
910 2137 1
2137 8843 1
8843 8383 1
8383 6843 1
6843 6579 1
6579 7841 1
7841 6472 1
6472 4078 1
4078 5064 1
5064 5616 1
5616 1208 1
1208 10765 1
10765 2401 1
2401 6862 1
2401 7312 1
7312 5296 1
8014 5650 1
5650 4257 1
4257 7322 1
7322 8999 1
8999 9658 1
9658 4676 1
4676 3887 1
3887 4067 1
4067 1372 1
1372 10023 1
10023 4545 1
4545 1119 1
1119 9372 1
9372 10198 1
10198 8014 1
8014 8466 1
8466 4521 1
4521 10325 1
10325 5830 1
5830 3870 1
3870 5471 1
5471 8919 1
8919 6341 1
6341 10827 1
10827 9152 1
9152 5353 1
5353 7286 1
7286 2513 1
7286 2629 1
2629 8031 1
8031 8914 1
8914 5353 1
5353 10820 1
10820 11083 1
11083 5353 1
8914 7286 1
2513 5353 1
2513 9152 1
7286 8031 1
8914 2629 1
7286 9152 1
10827 9869 1
9869 6020 1
6020 2329 1
2329 7109 1
7109 8472 1
8472 1047 1
1047 275 1
1047 178 1
178 3726 1
3726 1453 1
1453 7988 1
7988 6722 1
6722 6910 1
6910 7359 1
7359 3572 1
3572 5443 1
5443 982 1
982 2788 1
2788 8316 1
8316 9218 1
9218 3397 1
3397 8103 1
8103 5163 1
5163 3397 1
3397 505 1
505 7457 1
7457 4918 1
4918 4104 1
4104 4877 1
4877 2658 1
2658 7359 1
7359 7031 1
7031 7663 1
7663 3383 1
3383 10123 1
10123 4119 1
4119 2737 1
2737 319 1
319 5772 1
319 50 1
50 437 1
437 2505 1
2505 4480 1
4480 5783 1
5783 6577 1
6577 4472 1
4472 4610 1
4610 8029 1
8029 9640 1
9640 5277 1
5277 7968 1
7968 2545 1
2545 9899 1
9899 6063 1
6063 5103 1
5103 1275 1
1275 11081 1
11081 6892 1
6892 10007 1
10007 4937 1
4937 4782 1
4937 3931 1
3931 6075 1
6075 7530 1
7530 5374 1
5374 10004 1
10004 4536 1
4536 6383 1
6383 6572 1
6572 3523 1
3523 4483 1
4483 10343 1
7239 6572 1
6572 6097 1
6097 5974 1
5974 2281 1
2281 10318 1
10318 818 1
818 258 1
258 4238 1
4238 319 1
319 1745 1
319 8802 1
8802 5374 1
5374 5792 1
5792 3317 1
3317 5884 1
5884 4351 1
4351 7228 1
7228 1688 1
1688 6036 1
6036 11007 1
11007 4196 1
4196 2954 1
2954 4842 1
4842 6220 1
6220 8959 1
8959 3624 1
3624 8015 1
8015 1767 1
1767 7171 1
7171 997 1
997 4033 1
4033 9347 1
9347 3866 1
3866 5868 1
5868 7598 1
7598 10792 1
10792 4115 1
4115 9577 1
9577 2112 1
2112 2946 1
2946 3409 1
3409 8759 1
8759 6061 1
6061 9939 1
9939 4536 1
4536 9473 1
9473 6097 1
6097 50 1
50 1535 1
6526 1564 1
1564 5016 1
5016 1029 1
1029 1233 1
1233 7091 1
7091 10318 1
10318 1267 1
1267 10235 1
10235 9944 1
9944 6013 1
6013 1285 1
1285 4254 1
4254 5309 1
5309 450 1
450 7486 1
7486 9586 1
9586 6008 1
6008 3529 1
3529 3827 1
3827 6008 1
6008 6898 1
6898 10686 1
10686 5068 1
5068 6017 1
6017 2184 1
6017 3743 1
6017 9106 1
6017 8207 1
8207 4753 1
4753 1434 1
1434 3806 1
3806 2545 1
2545 5336 1
5336 8002 1
8002 3478 1
3478 8644 1
8644 5326 1
5326 8547 1
8547 3720 1
3720 9796 1
9796 584 1
584 2921 1
2921 2932 1
2932 2285 1
2285 6063 1
6063 4917 1
6063 3181 1
3181 8547 1
8547 452 1
452 10158 1
10158 3229 1
3229 8079 1
8079 606 1
606 5053 1
5053 5969 1
5969 6411 1
6411 9605 1
9605 9594 1
9594 7992 1
7992 2535 1
2535 4082 1
4082 4472 1
6577 1959 1
1959 899 1
899 3574 1
3574 1233 1
1233 8343 1
8343 3678 1
3678 4104 1
4104 4410 1
853 10278 1
10278 687 1
687 10954 1
10954 7177 1
7177 6255 1
6255 7229 1
7229 3914 1
3914 6255 1
6255 9072 1
9072 240 1
240 3275 1
3275 1727 1
1727 2073 1
2073 8765 1
8765 6536 1
6536 3111 1
3111 887 1
887 7638 1
7638 8948 1
7638 10100 1
7638 1341 1
1341 10147 1
10147 11052 1
11052 7505 1
7505 4060 1
4060 11006 1
11006 50 1
50 3574 1
3574 6777 1
6777 10343 1
10343 2119 1
2119 830 1
830 5503 1
7977 6595 1
6595 18 1
18 10031 1
10031 5472 1
5472 3572 1
3572 6821 1
6821 7123 1
7123 8543 1
8543 5637 1
5637 1152 1
1152 4947 1
4947 7229 1
7229 3067 1
3067 2877 1
3097 4810 1
4810 10149 1
10149 296 1
296 10091 1
10091 6459 1
6459 1210 1
1210 4199 1
4199 6052 1
6052 10172 1
10172 4531 1
4531 1210 1
1210 3463 1
3463 623 1
623 1210 1
1210 4629 1
4629 10882 1
10882 8871 1
8871 9008 1
9008 6374 1
6374 5016 1
5016 9008 1
8871 5881 1
5881 8961 1
8961 2112 1
2112 2192 1
2192 9577 1
9577 2854 1
2854 4941 1
4941 4960 1
4960 4648 1
4648 9446 1
9446 4757 1
4757 1152 1
1152 613 1
5868 10591 1
10591 11007 1
11007 9092 1
2505 8506 1
8506 1629 1
1629 8712 1
8712 3463 1
3463 3510 1
3510 4135 1
4135 6052 1
6052 8316 1
8316 8871 1
8871 6061 1
6061 6099 1
6099 537 1
537 2395 1
2395 5460 1
5460 3022 1
3022 1965 1
1965 8734 1
8734 4119 1
4119 5783 1
5783 5318 1
5318 9373 1
9373 7211 1
7211 4104 1
4104 7484 1
7484 9545 1
9545 7239 1
7239 6595 1
6595 6052 1
6052 8523 1
8523 4000 1
4000 10726 1
10726 8998 1
8998 2854 1
2854 281 1
281 8736 1
8736 440 1
440 8882 1
8882 9015 1
9015 8233 1
8233 3813 1
3813 10231 1
10231 7294 1
7294 6480 1
7294 9072 1
9072 8037 1
8037 3397 1
3397 1208 1
1208 2401 1
2401 1490 1
2401 3659 1
3659 2091 1
2091 2804 1
2804 3659 1
3659 4810 1
4810 4128 1
4128 6642 1
6642 5472 1
5472 2532 1
2532 9502 1
9502 10410 1
10410 2354 1
2354 11163 1
11163 8451 1
8451 7359 1
7359 8285 1
8285 2344 1
2344 4631 1
4631 7876 1
7876 2041 1
7876 993 1
993 8079 1
8079 2041 1
2041 4725 1
4725 2532 1
2532 7876 1
7876 1381 1
1381 6353 1
6353 42 1
42 4664 1
6708 8285 1
8285 10164 1
10164 9358 1
9358 8903 1
8903 1381 1
1381 4631 1
4631 8285 1
8285 8935 1
8935 806 1
806 10654 1
10654 6685 1
6685 1200 1
10654 6737 1
6737 7371 1
7371 6770 1
6770 7091 1
7091 5503 1
5503 678 1
678 5318 1
5318 9015 1
9015 2737 1
2737 2238 1
2238 8303 1
8303 6918 1
6918 537 1
537 4298 1
4298 6019 1
6019 3993 1
3993 2238 1
2238 2970 1
2970 2727 1
2727 1088 1
1088 32 1
32 7378 1
32 9872 1
9872 9788 1
9788 6500 1
6500 1634 1
1634 1755 1
1755 4146 1
4146 6629 1
6629 7120 1
7120 1154 1
1154 5278 1
5278 6629 1
6629 5868 1
10591 2877 1
2877 2954 1
2954 10071 1
10071 2091 1
2091 2772 1
2772 4195 1
4195 1841 1
1841 6470 1
6470 4987 1
4987 7812 1
7812 2255 1
2255 9131 1
9131 1829 1
1829 2563 1
2563 6052 1
6052 11167 1
11167 8862 1
8862 6286 1
6286 6383 1
6383 4661 1
4661 7920 1
7920 606 1
606 2381 1
2381 6139 1
6139 1336 1
1336 8802 1
8802 6876 1
6876 5783 1
5783 1157 1
1157 8736 1
8736 2734 1
2734 8719 1
8719 319 1
319 3951 1
3951 8303 1
8303 1197 1
1197 9015 1
9015 2238 1
2238 5241 1
5241 6910 1
6910 7945 1
7945 5881 1
2970 3993 1
3993 4861 1
4861 6563 1
6563 6391 1
6391 2552 1
2552 4349 1
7211 8716 1
8716 6712 1
6712 3100 1
3100 8719 1
8719 8603 1
8603 8233 1
8233 818 1
818 2192 1
2192 982 1
982 9788 1
9788 8484 1
8484 5117 1
5117 5469 1
5469 7352 1
7352 3597 1
3597 3011 1
3011 3130 1
3130 4149 1
4149 10912 1
10912 1443 1
1443 8079 1
8079 3317 1
3317 9165 1
9165 10004 1
10004 3945 1
3945 10041 1
10041 3227 1
3227 5355 1
5355 4954 1
4954 5053 1
4061 8759 1
8759 4357 1
4357 1662 1
1662 4042 1
4042 11087 1
11087 10487 1
10487 7494 1
7494 3062 1
3062 4536 1
4536 7867 1
7867 1965 1
1965 2301 1
2301 1248 1
1248 2921 1
2921 10129 1
10129 8644 1
8644 5336 1
5336 3478 1
3478 7212 1
7212 10062 1
10062 10087 1
10087 1965 1
1965 3111 1
3111 3840 1
3840 1535 1
1535 606 1
606 5597 1
8343 6712 1
6712 8274 1
8274 7084 1
7084 2880 1
2880 3383 1
3383 10022 1
10022 6549 1
6549 6223 1
6223 1947 1
1947 1727 1
1727 367 1
367 649 1
649 8858 1
8858 2492 1
2492 3748 1
3748 3494 1
3494 582 1
582 6023 1
6023 9104 1
9104 582 1
582 7831 1
7831 2867 1
2867 1727 1
367 2015 1
6293 3494 1
582 1096 1
1368 6536 1
6536 582 1
582 3882 1
3882 3692 1
3692 2877 1
2877 10882 1
10882 6036 1
6036 1418 1
1418 6525 1
6525 68 1
68 5230 1
5230 8705 1
8705 4842 1
4842 299 1
299 3866 1
3866 8705 1
8705 8753 1
8753 10814 1
10814 2388 1
2388 9326 1
9326 4338 1
4338 10032 1
10032 7739 1
7739 8632 1
10555 4770 1
4770 2296 1
2296 9174 1
9174 7210 1
8763 4586 1
4586 6825 1
5455 10109 1
10109 3493 1
5416 2219 1
2219 3724 1
3724 8257 1
8257 6757 1
6757 1452 1
1452 2947 1
2947 5678 1
5678 8257 1
8257 3587 1
3587 7183 1
7183 5242 1
5242 1301 1
1301 4850 1
4850 8462 1
8462 10549 1
10549 8373 1
8373 6430 1
6430 5093 1
5093 8157 1
8157 8703 1
8703 5678 1
5678 3587 1
3587 8703 1
8703 4178 1
4178 2405 1
2405 601 1
601 1633 1
1633 9703 1
9703 5448 1
5448 2909 1
2909 1633 1
1633 2840 1
2840 601 1
601 9752 1
9752 4231 1
4231 10652 1
10652 8383 1
8383 1706 1
1706 10969 1
10969 1203 1
1203 187 1
187 8828 1
8828 1935 1
6845 8828 1
1935 3270 1
3270 3669 1
3669 8395 1
8395 7359 1
7359 3064 1
3064 7676 1
7676 3301 1
3301 3772 1
3772 756 1
756 2447 1
2447 437 1
437 4298 1
4298 5490 1
5490 4735 1
4735 2063 1
2063 8624 1
8624 9889 1
9889 1213 1
1213 10273 1
10273 4624 1
4624 10214 1
10214 10096 1
10096 2987 1
2987 6501 1
6501 8541 1
8541 3358 1
3358 10291 1
10291 7560 1
7560 8703 1
8703 7183 1
5242 2373 1
2373 6401 1
6401 2405 1
2405 1301 1
1301 2650 1
2650 544 1
544 854 1
854 3587 1
3587 2219 1
2219 8349 1
8349 3404 1
8349 10891 1
10891 10589 1
10589 2471 1
2471 5558 1
5558 3394 1
3394 7621 1
3394 7883 1
7883 5016 1
5016 360 1
360 9011 1
9011 8029 1
8029 5501 1
5501 7968 1
7968 9397 1
9397 4069 1
4069 3401 1
3401 1944 1
1944 9397 1
9397 2466 1
2466 11039 1
11039 3604 1
3604 6043 1
6043 2734 1
9141 5969 1
5969 5503 1
5503 4357 1
4357 756 1
4357 11006 1
11006 1233 1
1233 8187 1
8187 4483 1
4483 264 1
264 5163 1
5163 1025 1
1025 1412 1
1412 10948 1
10948 10551 1
10551 8215 1
8215 8853 1
8853 1132 1
1132 4432 1
4432 1229 1
1229 3999 1
3999 9577 1
9577 8233 1
8233 2975 1
2975 2658 1
2658 2734 1
8719 4000 1
4000 5161 1
5161 8153 1
8153 6834 1
6834 9296 1
9296 3993 1
3993 11054 1
11054 180 1
180 2975 1
2975 9165 1
9165 606 1
606 5574 1
5574 5053 1
5053 7359 1
7359 1674 1
1674 6033 1
6033 6498 1
6498 4104 1
4104 982 1
982 2284 1
2284 7318 1
7318 2975 1
2975 3678 1
3678 5442 1
5442 3064 1
3064 9605 1
9605 1892 1
1892 232 1
232 4877 1
4877 1739 1
9218 9545 1
9545 1130 1
1130 2658 1
2658 4060 1
4060 3100 1
3100 10022 1
10022 8523 1
8523 5439 1
5439 8345 1
8345 3945 1
3945 756 1
756 4892 1
4892 4766 1
4766 3301 1
3301 2020 1
2020 6099 1
6099 3383 1
3383 8187 1
8187 10551 1
10551 2880 1
2880 6019 1
6019 6097 1
6097 6194 1
6194 3644 1
3644 2571 1
2571 6923 1
6923 993 1
993 2284 1
2284 10882 1
10882 8546 1
8546 4104 1
4104 7047 1
7047 1381 1
1381 8451 1
8451 8903 1
8903 7228 1
7228 8285 1
8285 9490 1
9490 6935 1
6935 606 1
606 10551 1
10551 4238 1
4238 8316 1
8316 9264 1
9264 7845 1
7845 4410 1
7845 384 1
384 9147 1
9147 4199 1
4199 6288 1
6288 10588 1
10588 10886 1
10886 2936 1
2936 3813 1
3813 8274 1
8274 2162 1
2162 2970 1
2970 2402 1
2402 2272 1
2272 8153 1
8153 1801 1
1801 3409 1
10041 9146 1
9146 606 1
606 7017 1
7017 2877 1
2877 9072 1
9072 10539 1
10539 4432 1
4432 1672 1
1672 9197 1
9197 6314 1
6314 4432 1
4432 9072 1
9072 532 1
532 1716 1
1716 3926 1
3926 4871 1
4871 10158 1
10158 2284 1
2284 8187 1
8187 7867 1
7867 10318 1
10318 2658 1
2658 10551 1
10551 7695 1
7695 10287 1
10287 4661 1
4661 3042 1
3042 1681 1
1681 1873 1
1873 2975 1
2975 8187 1
8187 7379 1
8187 2071 1
2071 8282 1
8282 2658 1
2658 10123 1
10123 7211 1
7211 2238 1
2238 2958 1
2958 5241 1
5241 621 1
621 9007 1
9007 3517 1
3517 4264 1
4264 2447 1
2447 3301 1
3301 3945 1
3945 4477 1
4477 357 1
357 9545 1
9545 1739 1
1739 9577 1
9577 7153 1
7153 2284 1
2284 6491 1
6491 8269 1
8269 9141 1
9141 629 1
629 7084 1
7084 1959 1
1959 7064 1
1959 3064 1
3064 4474 1
4474 11132 1
11132 483 1
483 6770 1
6770 7359 1
7359 2395 1
2395 6834 1
6834 10723 1
10723 3463 1
3463 8153 1
8153 1806 1
1806 6374 1
6374 6826 1
6826 8160 1
8160 5441 1
5441 10759 1
10759 9253 1
9253 281 1
281 2121 1
2121 3397 1
3397 1483 1
1483 5798 1
5798 8754 1
8754 3986 1
3986 9901 1
9901 10890 1
10890 2388 1
2388 2130 1
2130 11039 1
11039 7530 1
7530 6383 1
6383 1716 1
1716 2614 1
2614 159 1
159 6935 1
6935 5906 1
5906 8078 1
8078 9446 1
9446 6821 1
6821 9731 1
9731 5244 1
5244 4027 1
4027 1541 1
1541 5117 1
5117 4027 1
4027 3011 1
3011 667 1
667 11173 1
11173 8484 1
8484 7432 1
7432 4230 1
4230 2058 1
2058 8484 1
8484 10031 1
10031 2848 1
2848 10964 1
10964 5191 1
5191 9218 1
9218 6019 1
6019 6737 1
6737 5293 1
5293 3914 1
3914 5374 1
5374 2381 1
2381 10886 1
10886 4351 1
9438 4308 1
4308 8079 1
993 176 1
176 2114 1
2114 8285 1
8285 296 1
296 9845 1
296 4604 1
296 8071 1
8071 3825 1
3825 10056 1
10056 3317 1
3317 2112 1
2112 7867 1
7867 2734 1
2734 3945 1
3945 4298 1
4298 4766 1
4766 4774 1
4774 9218 1
9218 2975 1
2975 264 1
5163 233 1
233 3181 1
3181 2926 1
2926 7755 1
7755 6063 1
6063 8364 1
8364 2285 1
6063 2864 1
2864 3478 1
3478 2285 1
2285 3699 1
3699 5978 1
5978 9007 1
9007 2948 1
2948 3266 1
3266 9007 1
9007 10431 1
10431 1759 1
1759 2848 1
2848 6327 1
6327 1341 1
1341 6642 1
6642 8756 1
8756 10954 1
10954 4253 1
4253 4128 1
4128 10123 1
10123 6910 1
6910 2979 1
2979 9165 1
9165 7239 1
7239 5241 1
5241 10551 1
10551 3644 1
3644 3062 1
3062 8987 1
8987 2238 1
2238 5439 1
5439 4357 1
4357 3523 1
3523 5969 1
5969 9733 1
9733 8961 1
8961 10529 1
10529 2946 1
2946 6194 1
6194 7159 1
7159 2970 1
2970 4828 1
4828 853 1
853 6595 1
6595 357 1
357 4563 1
4563 1664 1
1664 3945 1
3945 2958 1
2958 2936 1
2936 6770 1
6770 4563 1
4563 629 1
629 6383 1
6383 7768 1
7768 3409 1
3409 8343 1
8343 4104 1
4104 1959 1
1959 756 1
756 8719 1
8719 8736 1
8736 3778 1
3778 3397 1
3397 232 1
232 2946 1
2946 3064 1
3064 8961 1
8961 1546 1
1546 8507 1
8507 2466 1
2466 5709 1
5709 4474 1
4474 6923 1
6923 4264 1
4264 7379 1
7379 4941 1
4941 6549 1
6549 1535 1
1535 9939 1
9939 10529 1
10529 2936 1
8282 6528 1
6528 719 1
719 9591 1
9591 3977 1
3977 6422 1
6422 6528 1
6528 7159 1
7159 7023 1
7023 2516 1
2516 10616 1
10616 8401 1
10616 7023 1
7023 2819 1
2819 4661 1
4661 3788 1
3788 9872 1
9872 1817 1
1817 9670 1
9670 6038 1
6038 10334 1
10334 3932 1
3932 6107 1
6107 1129 1
1129 2453 1
2453 10304 1
10304 9349 1
10304 6076 1
6076 525 1
525 2842 1
2842 7876 1
7876 42 1
7876 3572 1
3572 335 1
335 9044 1
9044 42 1
42 10792 1
10792 414 1
414 7965 1
7965 1278 1
1278 2127 1
2127 7965 1
7965 1082 1
1082 9779 1
9779 7129 1
7129 1082 1
1082 2827 1
2827 7229 1
7229 5482 1
5482 9416 1
9416 2100 1
2100 7307 1
7307 306 1
306 9734 1
9734 2183 1
9734 809 1
809 2377 1
2377 6774 1
6774 4841 1
4841 546 1
546 9458 1
9458 10045 1
9458 6774 1
6774 6906 1
6774 809 1
809 4841 1
4841 8984 1
8984 1287 1
1287 546 1
546 809 1
809 4495 1
4495 10232 1
10232 5104 1
5104 1085 1
10232 3564 1
3564 4495 1
4495 5170 1
5170 1269 1
1269 4495 1
4495 8888 1
8888 5104 1
5104 9724 1
9724 1713 1
1713 9047 1
9047 9724 1
9724 643 1
643 4057 1
643 2107 1
2107 3542 1
3542 8584 1
8584 8744 1
8744 9419 1
8744 10354 1
10354 4596 1
4596 363 1
363 62 1
62 7638 1
7638 1141 1
1141 1785 1
1785 8961 1
8961 8755 1
8755 497 1
497 8506 1
8506 8802 1
8802 6019 1
6019 9939 1
9939 4941 1
4941 11006 1
11006 6239 1
6239 4829 1
4829 1197 1
1197 42 1
42 5783 1
5783 9998 1
9998 6722 1
6722 3397 1
3397 8187 1
1233 4954 1
4954 5241 1
5241 5443 1
5443 4947 1
4947 1365 1
1365 5268 1
5268 9180 1
9180 5389 1
9180 5422 1
5422 404 1
404 2873 1
2873 4331 1
4331 9911 1
9911 1357 1
1357 10757 1
10757 9911 1
9911 11168 1
11168 2964 1
2964 727 1
727 10143 1
10143 2932 1
2932 2762 1
2762 5010 1
5010 615 1
615 7148 1
7148 177 1
177 3324 1
3324 6785 1
6785 1694 1
6785 5064 1
5064 2289 1
2289 2970 1
2970 7484 1
7484 2402 1
2402 6770 1
6770 1629 1
1629 6052 1
6052 2162 1
2162 7660 1
7660 3409 1
8759 5974 1
5974 3806 1
5974 5792 1
5792 3947 1
3947 2195 1
2195 4480 1
4480 3022 1
3022 7371 1
7371 6391 1
6391 384 1
384 9666 1
9666 9653 1
9653 9928 1
9928 2842 1
2842 10248 1
10248 9175 1
9175 7948 1
9175 7088 1
7088 8036 1
8036 596 1
596 5673 1
5673 158 1
5673 2703 1
2703 8432 1
8432 7088 1
7088 5788 1
5788 9555 1
9555 8051 1
8051 11119 1
11119 9162 1
9162 9590 1
9590 8166 1
8166 3129 1
3129 2652 1
2652 10647 1
10647 3129 1
3129 9590 1
9590 955 1
955 8982 1
8982 1972 1
1972 10092 1
10092 6292 1
10092 7720 1
7720 5230 1
5230 5536 1
5536 8705 1
8705 8959 1
8959 7686 1
7686 5780 1
5780 423 1
423 10050 1
10050 6278 1
6278 4686 1
4686 10246 1
10246 10839 1
10246 7366 1
7366 7798 1
7798 9224 1
9224 9259 1
9259 10582 1
10582 6437 1
6437 6339 1
6339 3726 1
3726 9588 1
9588 8642 1
3726 2101 1
3726 8701 1
3726 10915 1
10915 8943 1
8943 10243 1
10243 10494 1
10494 382 1
382 4021 1
4021 3667 1
3667 1375 1
1375 304 1
304 1348 1
1348 6984 1
6984 5682 1
5682 11004 1
5682 8108 1
8108 8237 1
8237 9119 1
9119 5560 1
9119 1510 1
1510 1470 1
1470 3474 1
3474 1510 1
1510 2710 1
2710 10378 1
10378 9791 1
9791 1510 1
3474 655 1
655 1510 1
1510 481 1
481 4779 1
4779 6515 1
6515 6937 1
6937 2839 1
2839 11143 1
11143 388 1
388 6674 1
6674 4348 1
4348 8087 1
8087 8859 1
8859 5826 1
5826 6307 1
6307 9747 1
9747 8600 1
8600 4192 1
4192 3293 1
3293 1332 1
1332 4192 1
4192 9713 1
9713 104 1
104 8455 1
8455 1291 1
1291 3821 1
3821 3293 1
3293 10271 1
10271 1332 1
1332 3849 1
3849 3821 1
3821 6420 1
6420 10271 1
10271 10492 1
10492 8276 1
8276 10127 1
10127 8562 1
8562 8276 1
8276 3117 1
8276 5435 1
5435 4571 1
5435 3214 1
3214 2369 1
3214 794 1
794 4393 1
4393 2479 1
2479 794 1
794 5435 1
5435 7914 1
7914 3415 1
3415 5312 1
5312 720 1
720 8112 1
8112 1115 1
1115 10935 1
10935 559 1
10935 10021 1
10021 1773 1
1773 1303 1
1303 1876 1
1876 1190 1
1190 744 1
744 6035 1
6035 613 1
613 8239 1
8239 71 1
71 4664 1
4664 3373 1
3373 2532 1
2532 3017 1
3017 2970 1
2970 9142 1
9142 2262 1
2262 6712 1
6712 2281 1
2281 5611 1
5611 11054 1
11054 3945 1
3945 941 1
941 9141 1
9141 3914 1
3914 5969 1
5969 7211 1
7211 5442 1
5442 2819 1
2819 11179 1
11179 6642 1
6642 3017 1
2532 2851 1
2851 10759 1
10759 9693 1
9693 2851 1
2851 409 1
409 10837 1
10837 1296 1
1296 6338 1
6338 9943 1
9943 8201 1
8201 8729 1
8729 2851 1
2851 11129 1
11129 3813 1
3813 4382 1
4382 6139 1
6139 6712 1
6712 2238 1
2238 10588 1
10588 3788 1
3788 8013 1
8013 2658 1
2658 8343 1
8343 10041 1
10041 4264 1
4264 7663 1
7663 756 1
756 258 1
258 9577 1
1739 3317 1
3317 8987 1
8987 3678 1
3678 2897 1
2897 10547 1
10547 4135 1
4135 10588 1
10588 1535 1
1535 9427 1
9427 482 1
482 6723 1
6723 3858 1
3858 8716 1
8716 8316 1
8316 2272 1
2272 483 1
483 2936 1
2936 1130 1
1130 756 1
756 11132 1
11132 2788 1
2788 2044 1
2044 9473 1
9473 7530 1
7530 7400 1
7400 3197 1
3197 6715 1
6715 8987 1
8987 232 1
232 11054 1
11054 7945 1
7945 437 1
437 3100 1
3100 6061 1
6061 2958 1
2958 5503 1
5503 9072 1
7816 6523 1
7816 10964 1
10964 6327 1
6327 10162 1
10162 10661 1
10661 4700 1
4700 9700 1
9700 3667 1
3667 4968 1
4968 9180 1
1365 6950 1
6950 4743 1
6950 4664 1
4664 9072 1
9072 7000 1
7000 7147 1
7147 1717 1
1717 2024 1
2024 4865 1
4865 7682 1
7682 8269 1
8269 4199 1
4199 6648 1
6648 3397 1
3397 3534 1
3534 7867 1
7867 11132 1
11132 3914 1
3914 7359 1
7359 9142 1
9142 2238 1
2238 10886 1
10886 3611 1
3611 10546 1
10546 5616 1
5616 5295 1
5295 1806 1
1806 3309 1
3309 8316 1
8316 1483 1
1483 9110 1
9110 4104 1
4104 5016 1
5016 4606 1
4606 7084 1
7084 3574 1
3574 10292 1
10292 6526 1
6526 5318 1
5318 2958 1
2958 8998 1
8998 7091 1
7091 2071 1
2071 9523 1
9523 5783 1
5783 8303 1
8303 9427 1
9427 9007 1
9007 2736 1
2736 10350 1
10350 3923 1
3923 1955 1
3923 5264 1
3923 9629 1
3923 7108 1
5264 4468 1
4468 264 1
264 2020 1
2020 6595 1
6595 10318 1
10318 4941 1
4941 4000 1
4000 9615 1
10385 10198 1
10198 492 1
492 847 1
847 1298 1
1298 3698 1
3698 7322 1
7322 5650 1
5650 3887 1
3887 7611 1
7611 4676 1
4676 7790 1
7790 10198 1
10198 3176 1
3176 2555 1
2555 9579 1
9579 4125 1
4125 11150 1
11150 2163 1
2163 7748 1
7748 2864 1
2864 4917 1
4917 9761 1
9761 811 1
811 3699 1
5978 1965 1
1965 4527 1
4527 4468 1
4468 8565 1
8565 1564 1
1564 5246 1
5246 6459 1
6459 360 1
360 8274 1
8274 3397 1
3397 1715 1
1715 6770 1
6770 3644 1
3644 10792 1
10792 2381 1
2381 6286 1
6286 3510 1
3510 6052 1
6052 3993 1
3993 9033 1
9033 11129 1
11129 7768 1
7768 9545 1
9545 3062 1
3062 10287 1
10287 7867 1
7867 4115 1
4115 7379 1
7379 8987 1
8987 4115 1
4115 7031 1
7031 180 1
180 8719 1
8719 7484 1
2788 6549 1
6549 7239 1
7239 5318 1
5318 7582 1
7582 10609 1
10609 10874 1
10874 5569 1
5569 8233 1
8233 730 1
730 7163 1
7163 4853 1
4853 2492 1
2492 5573 1
5573 3748 1
3748 1368 1
1368 649 1
649 582 1
582 5387 1
5387 1326 1
1326 4397 1
4397 9544 1
9544 1727 1
1727 8197 1
8197 1818 1
1818 10985 1
10985 6293 1
6293 9925 1
9925 5080 1
5080 4397 1
4397 6293 1
6293 2073 1
2073 10869 1
10869 10874 1
10874 3560 1
3560 1157 1
1157 899 1
899 10213 1
10213 8091 1
8091 4428 1
4428 1343 1
1343 2611 1
2611 4451 1
2611 9241 1
9241 2194 1
2194 2816 1
2194 8407 1
8407 5273 1
8407 9712 1
9712 1770 1
9712 1392 1
1392 1716 1
1716 6171 1
6171 9712 1
9712 7776 1
6171 5675 1
5675 1228 1
1228 9871 1
9871 2286 1
2286 4827 1
4827 6848 1
4827 4933 1
4933 10365 1
10365 271 1
271 2460 1
2460 6757 1
6757 854 1
854 1301 1
1301 6364 1
6364 4557 1
4557 10425 1
10425 304 1
304 6374 1
6374 1836 1
1836 8160 1
8160 8347 1
8347 8919 1
8919 3870 1
3870 7998 1
7998 5471 1
5471 5935 1
5935 10707 1
10707 1559 1
1559 2340 1
2340 8778 1
8778 1035 1
1035 3166 1
3166 8156 1
3166 4557 1
4557 2589 1
6364 370 1
370 2151 1
2151 212 1
212 8399 1
370 744 1
744 2877 1
2877 3229 1
3229 9502 1
9502 2877 1
2877 2848 1
2848 3882 1
3882 9929 1
3882 5586 1
5586 7188 1
7188 9621 1
9621 10306 1
10306 2145 1
2145 933 1
933 377 1
377 1274 1
1274 9304 1
9304 1606 1
1606 1274 1
1274 10292 1
10292 8736 1
8736 10318 1
10318 9577 1
9577 1681 1
1681 11149 1
11149 4174 1
4174 8422 1
8422 3605 1
3605 597 1
597 2601 1
2601 2562 1
2562 6552 1
6552 954 1
954 1791 1
1791 3233 1
3233 9064 1
9064 370 1
370 5868 1
5868 7902 1
7902 7885 1
7885 5941 1
5941 5182 1
5182 10654 1
10654 2918 1
2918 7390 1
7390 8015 1
8015 3866 1
3866 1416 1
1416 8753 1
8753 1767 1
1767 7885 1
7885 7264 1
7264 3654 1
3654 4316 1
4316 7310 1
7310 9609 1
9609 4585 1
4585 10376 1
10376 516 1
516 4032 1
4032 410 1
410 7631 1
7631 7796 1
7796 2306 1
7796 10257 1
10257 7631 1
7631 9609 1
9609 1549 1
1549 2055 1
2055 2004 1
2004 5696 1
5696 9528 1
9528 1241 1
740 10688 1
10688 5796 1
5796 2894 1
5796 9784 1
9784 10688 1
10688 10032 1
10032 1056 1
1056 4586 1
4586 9642 1
9642 8979 1
8979 7694 1
7694 10640 1
10640 6976 1
6976 4585 1
4585 8818 1
8818 9609 1
9609 6976 1
6976 516 1
516 410 1
410 7881 1
7881 3973 1
3973 10376 1
10376 5799 1
5799 7694 1
7694 7310 1
7310 11191 1
11191 1487 1
1487 410 1
410 5799 1
5799 4316 1
5799 516 1
516 4316 1
4316 7088 1
4316 9433 1
9433 4153 1
9433 9043 1
9043 5645 1
5645 3190 1
3190 9043 1
3190 3654 1
9043 10840 1
10840 4934 1
4934 10252 1
10252 10840 1
10840 6564 1
6564 3555 1
3555 7556 1
7556 6564 1
7556 10840 1
10840 1422 1
1422 340 1
340 1573 1
1573 10283 1
10283 2625 1
2625 4523 1
4523 10535 1
10535 8394 1
4523 5325 1
5325 5420 1
5420 7630 1
7630 4523 1
4523 4726 1
4726 2625 1
2625 10545 1
10545 9479 1
9479 3687 1
9479 2625 1
2625 785 1
785 3687 1
3687 8056 1
8056 4726 1
4726 10520 1
10520 4071 1
10520 10545 1
10545 4071 1
4071 3687 1
3687 2625 1
10283 4203 1
4203 10878 1
10878 6794 1
6794 11 1
11 6036 1
6036 8341 1
8341 6391 1
6391 6194 1
6194 9733 1
9733 3772 1
3772 10022 1
10022 3517 1
3517 3064 1
3064 7031 1
7031 3813 1
3813 2339 1
2339 3703 1
3703 3296 1
3296 6333 1
6333 9124 1
9124 75 1
75 6391 1
6391 4606 1
4606 6890 1
6890 1959 1
1959 542 1
542 9146 1
9146 2734 1
2734 4239 1
4239 1717 1
1717 7867 1
7867 1944 1
1944 3788 1
3788 1535 1
1535 1965 1
1965 1899 1
1965 7427 1
7427 2860 1
2860 6489 1
6489 2493 1
2493 6892 1
6892 9441 1
9441 8451 1
8451 7064 1
7064 4747 1
4747 11054 1
11054 3022 1
3022 542 1
542 3914 1
3914 10123 1
10123 2979 1
2979 5355 1
5355 4563 1
4563 1739 1
1739 5374 1
5374 7695 1
10287 232 1
232 9545 1
9545 8716 1
8716 482 1
482 2737 1
2737 6918 1
6918 4774 1
4774 9473 1
9473 8523 1
8523 6139 1
6139 4238 1
4238 5792 1
5792 2819 1
2819 10529 1
10529 5442 1
5442 2788 1
2788 9870 1
9870 483 1
483 2505 1
8987 4297 1
4297 5395 1
5395 50 1
50 6910 1
6019 4104 1
4104 2970 1
2970 1153 1
1153 4610 1
4610 10350 1
10350 825 1
825 1137 1
1137 10041 1
10041 756 1
756 5574 1
5574 808 1
808 7159 1
7159 3644 1
3644 7867 1
7867 3974 1
3974 5974 1
5974 8187 1
8187 9400 1
9400 10551 1
10551 3234 1
3234 4000 1
4000 9733 1
9733 5318 1
5318 3386 1
3386 1629 1
1629 1412 1
1412 8961 1
8961 5974 1
5974 1629 1
1629 437 1
437 4747 1
4747 3409 1
3409 5241 1
5241 1877 1
1877 1229 1
1229 10149 1
10149 2877 1
2877 4003 1
4003 1688 1
1688 5504 1
5504 7308 1
7308 10278 1
687 853 1
853 2925 1
2925 8071 1
8071 532 1
532 853 1
853 6224 1
6224 7885 1
7885 10890 1
10890 4028 1
9901 2371 1
2371 5230 1
5230 3374 1
3374 5158 1
5158 9594 1
9594 8316 1
8316 4008 1
2890 3977 1
3977 2970 1
2970 4087 1
4087 10504 1
3788 4087 1
4087 7530 1
7530 4168 1
4168 720 1
720 7400 1
7400 7768 1
7768 3301 1
3945 2262 1
2262 4357 1
4357 2281 1
2281 9873 1
9873 1157 1
1157 9427 1
9427 6549 1
6549 5318 1
5318 1629 1
1629 7920 1
7920 9942 1
9942 310 1
310 11142 1
