11124 6929 1
11124 10379 1
10379 8624 1
8624 1380 1
1380 6287 1
6287 2432 1
2432 9889 1
9889 4331 1
4331 3599 1
4331 4413 1
4413 10449 1
10449 1542 1
1542 1775 1
1775 3617 1
3617 11093 1
11093 1662 1
1662 9131 1
9131 3017 1
3017 5819 1
5819 806 1
806 8401 1
8401 7321 1
7321 1716 1
1716 240 1
240 4432 1
4432 4810 1
4810 5241 1
5241 6549 1
6549 7023 1
7023 232 1
232 7371 1
7371 3301 1
3301 3574 1
3574 6595 1
6595 1208 1
1208 3922 1
3922 9740 1
9740 374 1
374 10853 1
10853 7409 1
7409 374 1
374 4195 1
4195 9645 1
9645 6755 1
6755 7638 1
7638 1141 1
7638 62 1
62 4341 1
4341 5532 1
5532 6724 1
6724 1693 1
6724 4341 1
4341 3789 1
3789 10306 1
3789 4119 1
4119 3560 1
3560 10792 1
10792 6770 1
6770 6097 1
6097 5374 1
5374 8719 1
8719 4464 1
4464 2281 1
2281 3788 1
3788 5910 1
5910 9422 1
9422 3534 1
3534 3397 1
3397 6459 1
6459 6642 1
6642 8565 1
8565 258 1
258 7031 1
7031 1664 1
1664 3644 1
3644 9221 1
9221 9797 1
9221 2558 1
2558 124 1
124 10840 1
10840 1036 1
1036 2557 1
1036 2181 1
2181 8465 1
8465 4673 1
4673 827 1
827 2181 1
1036 4673 1
4673 8380 1
8380 10600 1
10600 8767 1
8767 296 1
296 3914 1
3914 4432 1
4432 1877 1
1877 3812 1
3812 2083 1
2083 1341 1
1341 11179 1
11179 4104 1
4104 7695 1
7695 8316 1
8316 4663 1
4663 8330 1
8330 68 1
68 258 1
258 5395 1
5395 2243 1
2243 4941 1
4941 9142 1
9142 2447 1
2447 9473 1
9473 3788 1
3788 7768 1
7768 1892 1
1892 678 1
678 542 1
542 4954 1
4954 8374 1
8374 3406 1
3406 5523 1
5523 6600 1
6600 9096 1
9096 5126 1
5126 5063 1
5063 3406 1
3406 10352 1
10352 10590 1
10590 3406 1
3406 6468 1
6468 2837 1
2837 3491 1
2837 9158 1
9158 3831 1
3831 9007 1
9007 3517 1
3517 3678 1
3678 8998 1
8998 85 1
85 3062 1
3062 1785 1
1785 8233 1
8233 2737 1
2737 6391 1
6391 11093 1
11093 6642 1
6642 9468 1
9468 8705 1
8705 1570 1
1570 3866 1
3866 1250 1
1250 1154 1
1154 1136 1
1154 6552 1
6552 4112 1
4112 8156 1
4112 8950 1
8950 2530 1
2530 6179 1
2530 10942 1
10942 8950 1
8950 11137 1
11137 6984 1
6984 2663 1
2663 5682 1
5682 5015 1
5015 4322 1
4322 3422 1
3422 8455 1
8455 8925 1
8925 1291 1
1291 8276 1
8276 10108 1
10108 399 1
399 8278 1
8278 8484 1
8484 1097 1
1097 2684 1
2684 7352 1
7352 10528 1
10528 2831 1
2831 3747 1
3747 3011 1
3011 2932 1
2932 10809 1
10809 7604 1
7604 4757 1
4757 3344 1
3344 3288 1
3288 11068 1
11068 2691 1
2691 9442 1
9442 995 1
9442 8997 1
8997 2227 1
2227 9795 1
9795 3823 1
3823 5364 1
5364 8304 1
8304 1705 1
1705 4069 1
4069 7867 1
7867 4000 1
4000 6935 1
6935 18 1
18 3229 1
3229 7228 1
7228 7963 1
7963 8285 1
8285 10164 1
8285 176 1
176 2854 1
2854 6286 1
6286 1959 1
1959 9015 1
9015 629 1
629 5569 1
5569 6391 1
6391 10726 1
10726 6737 1
6737 7072 1
6737 10410 1
10410 6991 1
6991 5453 1
5453 7279 1
7279 7789 1
7789 4308 1
4308 2842 1
2842 2854 1
2854 941 1
941 2571 1
2571 3234 1
3234 2121 1
2121 3772 1
3772 6770 1
6770 2946 1
2946 8716 1
8716 678 1
678 9545 1
9545 8523 1
8523 4861 1
4861 8274 1
8274 8374 1
8374 6595 1
6595 2447 1
2447 3678 1
3678 5374 1
5374 4060 1
4060 7945 1
7945 1681 1
1681 818 1
818 2788 1
2788 9939 1
9939 2946 1
2946 8565 1
8565 2044 1
2044 9939 1
9939 7171 1
7171 6552 1
6552 7274 1
7274 10654 1
10654 3372 1
3372 6196 1
6196 2944 1
2944 4842 1
4842 997 1
997 3047 1
3047 1416 1
1416 10516 1
10516 2226 1
2226 299 1
299 5182 1
5182 1169 1
1169 5230 1
5230 3047 1
3047 5536 1
5536 7299 1
7299 9468 1
9468 5468 1
5468 5382 1
5382 442 1
5382 10890 1
10890 5468 1
5468 442 1
442 6220 1
6220 7686 1
7686 997 1
997 8178 1
8178 7120 1
7120 3372 1
3372 997 1
997 5468 1
5468 10329 1
10329 7299 1
7299 9872 1
9872 11114 1
11114 6328 1
6328 9072 1
9072 1934 1
1934 3451 1
3451 9969 1
9969 5665 1
9969 2477 1
2477 4798 1
4798 6591 1
6591 2477 1
2477 9101 1
9101 3136 1
3136 217 1
217 3491 1
3491 3507 1
3507 6209 1
6209 4191 1
4191 3507 1
3507 464 1
464 3456 1
3456 10813 1
10813 7942 1
7942 1699 1
1699 8648 1
8648 3491 1
3491 6209 1
3507 7281 1
7281 8229 1
8229 10813 1
10813 11064 1
11064 7831 1
7831 4397 1
4397 1368 1
1368 8246 1
8246 1326 1
1326 2639 1
2639 1818 1
1818 5573 1
5573 6536 1
6536 5080 1
5080 1096 1
1096 649 1
649 5360 1
5360 8765 1
8765 1818 1
1818 5360 1
5360 2426 1
2426 3512 1
3512 6661 1
6661 9148 1
9148 1223 1
1223 10766 1
10766 1341 1
1341 4942 1
4942 3602 1
4942 5504 1
5504 4003 1
4003 3926 1
3926 1132 1
1132 209 1
209 11179 1
11179 6595 1
6595 6863 1
6863 2792 1
2792 4663 1
4663 4531 1
4531 7806 1
7806 6863 1
6863 2880 1
2880 7878 1
7878 1328 1
1328 7494 1
7494 3733 1
3733 11109 1
3733 6737 1
6737 11129 1
11129 3397 1
3397 10202 1
10202 7660 1
7660 5212 1
5212 795 1
795 206 1
206 9269 1
9269 8229 1
8229 7106 1
7106 9782 1
9782 9257 1
9257 5413 1
9257 2693 1
2693 8380 1
8380 5159 1
5159 1366 1
1366 5343 1
5159 7387 1
7387 3749 1
3749 8340 1
8340 8524 1
8524 8718 1
8718 41 1
41 8854 1
8854 5994 1
5994 5248 1
5248 10016 1
10016 8173 1
8173 6176 1
6176 6923 1
6923 10588 1
10588 9473 1
9473 3523 1
3523 7484 1
7484 4941 1
4941 9577 1
9577 7379 1
7379 6019 1
6019 10723 1
10723 7379 1
7379 8759 1
8759 7530 1
7530 2112 1
2112 7663 1
7663 10162 1
10162 10808 1
10808 10475 1
10808 3897 1
3897 1008 1
1008 4011 1
4011 5449 1
5449 1008 1
5449 7362 1
7362 11097 1
11097 9931 1
9931 10169 1
10169 1562 1
1562 9120 1
9120 1204 1
1204 10832 1
10832 710 1
710 1998 1
1998 6429 1
6429 710 1
710 3253 1
3253 6805 1
6805 1998 1
1998 3381 1
3381 5263 1
5263 10832 1
10832 1914 1
1914 1998 1
1998 3253 1
3253 6217 1
6217 301 1
301 5483 1
5483 5263 1
5263 3470 1
3470 5483 1
3470 710 1
710 4161 1
4161 7396 1
7396 939 1
939 3470 1
3470 2742 1
2742 8991 1
8991 6217 1
6217 2742 1
3470 8442 1
8442 5483 1
5483 1204 1
1204 11129 1
11129 10628 1
10628 9108 1
9108 5616 1
5616 623 1
623 10546 1
10546 1629 1
1629 3227 1
3227 483 1
483 4563 1
4563 4610 1
4610 10909 1
10909 1840 1
1840 10317 1
10317 7275 1
7275 9397 1
9397 4335 1
4335 6052 1
6052 1328 1
1328 6459 1
6459 5670 1
5670 5016 1
5016 3761 1
3761 9264 1
9264 9045 1
9045 8040 1
8040 9034 1
9034 5671 1
5671 10229 1
10229 3311 1
3311 4356 1
4356 9110 1
9110 2395 1
2395 2175 1
2175 9427 1
9427 232 1
232 5611 1
5611 8374 1
8374 8755 1
8755 1785 1
1785 1141 1
1141 10140 1
10140 1839 1
1839 5816 1
5816 10140 1
10140 2877 1
2877 5604 1
5604 5133 1
5133 3317 1
3317 3523 1
3523 9523 1
9523 6391 1
6391 8603 1
8603 3517 1
3517 6549 1
6549 3945 1
3945 2571 1
2571 9165 1
9165 5881 1
5881 4536 1
4536 4297 1
4297 678 1
8716 7359 1
7359 1892 1
1892 2571 1
2571 10792 1
10792 5974 1
5974 180 1
180 8153 1
8153 10179 1
10179 2792 1
6863 5593 1
5593 3115 1
3115 7457 1
7457 3170 1
3170 4663 1
8330 5295 1
5295 7992 1
7992 6228 1
6228 10418 1
10418 10882 1
10882 7945 1
7945 7548 1
7945 3993 1
3993 767 1
767 1228 1
1228 2200 1
2200 6749 1
6749 1956 1
1956 8154 1
8154 2548 1
2548 3292 1
3292 5807 1
5807 1818 1
1818 6293 1
6293 9104 1
9104 5360 1
5360 7531 1
9104 5387 1
5387 6023 1
6023 5573 1
5573 2867 1
2867 7163 1
7163 2426 1
2426 10985 1
10985 6536 1
6536 9544 1
9544 2015 1
2015 2145 1
2145 933 1
933 6633 1
933 1480 1
1480 5634 1
5634 1422 1
1422 1274 1
1274 11131 1
1274 1890 1
1890 3201 1
3201 2693 1
2693 3930 1
3930 4059 1
4059 6974 1
6974 5106 1
5106 6470 1
6470 1103 1
1103 317 1
317 5451 1
5451 3747 1
3747 6197 1
6197 5441 1
5441 7294 1
