3052 8973 1
8973 8912 1
8912 7660 1
7660 10202 1
10202 11086 1
11086 8523 1
8523 6194 1
6194 1564 1
1564 2936 1
2936 9605 1
9605 11132 1
11132 1210 1
1210 10172 1
10172 3993 1
3993 3039 1
3039 3115 1
3115 8506 1
8506 1806 1
1806 11132 1
11132 2791 1
2791 4531 1
4531 7676 1
7676 7695 1
7695 4382 1
4382 5056 1
5056 3463 1
3463 5593 1
3463 2505 1
2505 9577 1
9577 10777 1
10777 6549 1
6549 3523 1
3523 4060 1
4060 68 1
68 4104 1
4104 3611 1
3611 5295 1
5295 7992 1
7992 10882 1
10882 7530 1
7530 2272 1
2272 437 1
437 9141 1
9141 483 1
483 3813 1
3813 3317 1
3317 4664 1
4664 7064 1
7064 8516 1
8516 8095 1
8095 9490 1
9490 42 1
42 8285 1
8285 8045 1
8285 2821 1
2821 398 1
398 9761 1
9761 10391 1
10391 5003 1
10391 8987 1
8987 3472 1
3472 9577 1
9577 3517 1
3517 7867 1
7867 6392 1
6392 8992 1
8992 3064 1
3064 6099 1
6099 3022 1
3022 3344 1
3344 6970 1
6970 8827 1
8827 472 1
472 7123 1
7123 5124 1
5124 10007 1
10007 336 1
336 3239 1
3239 9259 1
9259 9555 1
9555 4316 1
4316 3653 1
3653 158 1
158 4371 1
4371 1297 1
1297 9029 1
9029 4319 1
4319 10489 1
10489 11045 1
11045 10328 1
10328 5673 1
5673 7088 1
7088 1549 1
1549 8921 1
8921 5971 1
5971 319 1
319 6061 1
6061 3993 1
3993 3778 1
3778 8871 1
8871 4297 1
4297 4661 1
4661 3344 1
3344 1746 1
1746 6118 1
6118 5781 1
5781 317 1
317 3813 1
3813 3234 1
3234 437 1
437 4061 1
4061 1336 1
1336 2979 1
2979 6061 1
6061 5374 1
5374 5611 1
5611 2272 1
2272 10318 1
10318 8374 1
8374 3945 1
3945 10041 1
10041 7031 1
7031 9939 1
9939 8153 1
8153 5241 1
5241 2259 1
2259 4573 1
4573 4972 1
4972 6762 1
6762 4868 1
4868 3356 1
3356 8229 1
8229 6737 1
6737 4297 1
4297 8716 1
8716 4119 1
4119 1012 1
1012 5994 1
5994 6305 1
5994 2923 1
2923 3298 1
3298 10212 1
3298 8173 1
8173 5248 1
5248 4756 1
4756 3298 1
3298 8707 1
8707 87 1
8707 1783 1
1783 863 1
863 2948 1
863 3266 1
3266 2948 1
3266 1783 1
1783 6760 1
6760 136 1
136 10277 1
10277 7168 1
7168 6750 1
6750 6760 1
1783 7168 1
10277 6760 1
1783 4993 1
10277 6750 1
1783 9007 1
9007 3569 1
3569 2175 1
2175 976 1
976 1229 1
1229 2083 1
2083 10123 1
10123 4264 1
4264 6563 1
6563 7064 1
7064 7676 1
7676 357 1
357 414 1
414 2614 1
2614 7017 1
7017 8395 1
8395 5421 1
5421 2859 1
2859 1793 1
1793 7020 1
7020 5313 1
5313 8952 1
8952 7020 1
7020 4128 1
4128 5241 1
5241 2112 1
2112 7920 1
7920 8736 1
8736 10318 1
10318 2262 1
2262 6712 1
2262 4861 1
4861 2975 1
2975 5053 1
5053 437 1
437 8316 1
8316 10612 1
10612 4008 1
4008 3482 1
3482 5324 1
5324 3604 1
3604 6549 1
6549 8374 1
8374 10529 1
10529 5969 1
5969 3317 1
3317 1153 1
1153 264 1
264 7371 1
7371 6099 1
6099 9733 1
9733 2975 1
2975 11149 1
11149 9951 1
9951 7448 1
7448 7431 1
7431 4174 1
4174 10311 1
10311 2686 1
2686 7123 1
7123 5469 1
5469 667 1
667 2950 1
2950 2691 1
2691 5326 1
5326 8547 1
8547 9899 1
9899 1904 1
1904 4776 1
4776 8146 1
8146 2198 1
2198 2691 1
2691 233 1
233 1629 1
1629 2020 1
2020 8802 1
8802 2552 1
2552 9427 1
9427 5597 1
5597 2402 1
2402 3778 1
3778 2112 1
2112 3914 1
3914 10886 1
10886 4631 1
4631 4104 1
4104 281 1
281 756 1
756 583 1
583 8274 1
8274 1739 1
1739 497 1
497 7676 1
7676 281 1
281 818 1
818 2121 1
2121 9146 1
9146 3778 1
3778 1959 1
1959 2281 1
2281 5792 1
5792 3326 1
3326 7806 1
7806 1208 1
1208 10020 1
10020 5295 1
5295 3326 1
3326 6529 1
6529 10588 1
10588 6894 1
6894 6712 1
6712 5355 1
5355 9142 1
9142 9146 1
9146 4954 1
4954 5881 1
5881 4774 1
4774 4861 1
4861 11132 1
11132 7878 1
7878 8316 1
8316 3611 1
3611 7992 1
7992 9602 1
9602 11132 1
11132 2289 1
2289 6459 1
6459 4873 1
4873 2535 1
2535 2343 1
2343 2782 1
2782 8748 1
8748 6787 1
6787 1557 1
1557 2988 1
2988 3730 1
3730 7662 1
7662 7922 1
7922 1363 1
1363 1934 1
1934 8927 1
8927 6975 1
6975 9387 1
9387 719 1
719 7159 1
7159 2970 1
2970 6595 1
6595 4480 1
4480 4061 1
4061 10004 1
10004 6572 1
6572 1664 1
1664 10551 1
10551 4892 1
4892 4297 1
4297 3064 1
3064 3993 1
3993 3463 1
5056 2535 1
2535 3611 1
3611 3844 1
3844 9108 1
9108 478 1
478 74 1
74 6052 1
6052 6923 1
6923 6991 1
6991 4664 1
4664 2794 1
2794 4650 1
4650 2821 1
2821 5978 1
5978 9605 1
9605 4349 1
4349 42 1
42 7582 1
7582 6876 1
6876 5503 1
5503 7211 1
7211 440 1
440 2737 1
2737 2552 1
2552 10874 1
10874 5783 1
5783 2880 1
2880 11087 1
11087 3384 1
3384 1662 1
1662 8100 1
8100 3617 1
3617 376 1
376 2255 1
2255 2545 1
2545 3478 1
3478 9662 1
9662 6489 1
6489 4159 1
4159 4704 1
4704 2452 1
2452 1696 1
4704 10749 1
4704 5308 1
5308 2772 1
2772 7779 1
7779 10243 1
10243 382 1
382 8575 1
8575 10243 1
7779 7970 1
7970 1513 1
1513 10466 1
1513 6379 1
6379 2274 1
6379 10166 1
10166 9106 1
9106 6379 1
6379 9584 1
9584 4818 1
4818 7123 1
4818 3838 1
3838 6299 1
6299 1887 1
1887 10889 1
10889 5848 1
5848 1887 1
5848 2772 1
2772 4198 1
2772 33 1
33 6688 1
6688 9449 1
9449 5989 1
9449 3673 1
3673 4358 1
4358 9449 1
9449 5904 1
5904 618 1
618 3203 1
3203 3768 1
3768 4169 1
4169 5874 1
5874 4671 1
4671 1027 1
4671 6039 1
6039 9285 1
9285 324 1
324 10641 1
10641 9285 1
6039 6831 1
6831 7225 1
7225 4671 1
4671 7895 1
7895 7225 1
7895 6039 1
6039 2828 1
2828 1687 1
2828 4568 1
4568 10817 1
10817 7854 1
7854 2828 1
2828 10817 1
10817 2109 1
2109 2455 1
2455 1687 1
1687 2109 1
2109 2828 1
2828 5915 1
5915 3495 1
5915 4760 1
4760 8447 1
8447 3156 1
3156 4760 1
4760 205 1
205 8424 1
8424 4424 1
4424 3199 1
3199 2396 1
2396 4424 1
4424 2414 1
2414 7134 1
7134 7349 1
7134 3199 1
2396 8168 1
2396 4729 1
4729 6533 1
6533 4740 1
4740 4729 1
4729 6891 1
4729 3199 1
4729 1675 1
1675 1184 1
1184 9561 1
9561 2779 1
2779 2085 1
2085 7807 1
7807 9968 1
9968 5540 1
5540 1171 1
1171 8304 1
8304 6391 1
6391 50 1
50 6722 1
6722 7484 1
7484 2658 1
2658 5968 1
5968 9923 1
9923 8117 1
8117 2015 1
2015 8858 1
8858 7831 1
7831 10848 1
10848 10013 1
10013 4193 1
4193 2987 1
2987 2985 1
2985 8043 1
8043 209 1
209 6255 1
6255 9072 1
9072 8354 1
8354 4868 1
3356 3010 1
3010 4797 1
3010 10678 1
10678 8002 1
8002 1275 1
1275 6111 1
6111 7231 1
7231 5336 1
5336 10087 1
10087 1904 1
1904 8277 1
8277 10397 1
10397 9108 1
9108 7359 1
7359 1639 1
1639 6029 1
7359 5087 1
5087 7684 1
7684 1639 1
1639 5087 1
1639 4015 1
4015 10644 1
10644 3207 1
10644 4013 1
10644 882 1
3207 9061 1
9061 10644 1
882 5364 1
5364 2077 1
2077 7660 1
2077 8441 1
8441 8361 1
8361 1274 1
1274 10860 1
10860 1755 1
1755 1503 1
1503 10860 1
10860 2009 1
10860 2776 1
2776 1274 1
1274 857 1
857 7355 1
857 1890 1
1890 6742 1
6742 5656 1
5656 5982 1
5982 4693 1
4693 5700 1
5700 6529 1
6529 8712 1
8712 3862 1
3862 2505 1
2505 7695 1
7695 3574 1
3574 8282 1
8282 2788 1
2788 6712 1
6712 5574 1
5574 6910 1
6910 8282 1
8282 4060 1
4060 3301 1
3301 4563 1
4563 497 1
497 2658 1
2658 2121 1
2121 6286 1
6286 808 1
808 4335 1
4335 5858 1
5858 9011 1
9011 3397 1
3397 1564 1
1564 5670 1
5670 2736 1
2736 2957 1
2957 3840 1
2957 1965 1
1965 2921 1
2921 397 1
397 9899 1
9899 8002 1
8002 6063 1
6063 2285 1
6063 7231 1
7231 6192 1
6192 4917 1
4917 9899 1
9899 895 1
895 3059 1
3059 2702 1
2702 3324 1
2702 5338 1
5338 8142 1
8142 2372 1
2372 5599 1
5599 1242 1
1242 2372 1
2372 7518 1
7518 3430 1
7518 2708 1
7518 10828 1
10828 8309 1
8309 1503 1
1503 6197 1
6197 3572 1
3572 9490 1
9490 2821 1
2821 3648 1
3648 4650 1
4650 5819 1
5819 10287 1
10287 6910 1
6910 7920 1
7920 2402 1
2402 3517 1
3517 1681 1
1681 9733 1
9733 2402 1
2402 8716 1
8716 3772 1
3772 2571 1
2571 2854 1
2854 5442 1
5442 4382 1
4382 4464 1
4464 3397 1
3397 6194 1
6194 2880 1
2880 10546 1
10546 3397 1
3397 2975 1
2975 6923 1
6923 1460 1
1460 7064 1
7064 180 1
180 2979 1
2979 1025 1
1025 4199 1
4199 4298 1
4298 331 1
331 2798 1
2798 3073 1
3073 8572 1
8572 4008 1
4008 6033 1
6033 9146 1
9146 357 1
357 7867 1
7867 3993 1
3993 5792 1
5792 2734 1
2734 3100 1
3100 4357 1
4357 2796 1
2796 10522 1
10522 9075 1
9075 1531 1
1531 5968 1
5968 10330 1
10330 8055 1
10330 6399 1
6399 10047 1
10047 8320 1
8320 45 1
45 10190 1
10190 2103 1
2103 3647 1
3647 10079 1
3647 458 1
458 9756 1
9756 1535 1
1535 8233 1
8233 8736 1
8736 8523 1
8523 6910 1
6910 10004 1
10004 2121 1
2121 232 1
232 7359 1
7359 8335 1
8335 9600 1
9600 9594 1
9594 1208 1
1208 5048 1
5048 3327 1
3327 11129 1
11129 9100 1
9100 4298 1
4298 9387 1
9387 3342 1
3342 1363 1
1934 3730 1
3730 6792 1
3730 7922 1
7922 3392 1
3392 3017 1
3017 972 1
972 5441 1
5441 1055 1
1055 4828 1
4828 7370 1
7370 3463 1
3463 9594 1
9594 3374 1
3374 9468 1
9468 1416 1
1416 5230 1
5230 2601 1
2601 4557 1
4557 2530 1
2530 1668 1
1668 4112 1
4112 6355 1
6355 7192 1
7192 7464 1
7464 8336 1
8336 7998 1
7998 3094 1
3094 7192 1
7192 4768 1
4768 4112 1
4112 3166 1
3166 6355 1
6355 5779 1
5779 5471 1
5471 10585 1
10585 913 1
913 7998 1
7998 7640 1
7640 5830 1
5830 9306 1
9306 9630 1
9630 8919 1
8919 5437 1
5437 8160 1
8160 10882 1
10882 304 1
304 7611 1
7611 1673 1
1673 1034 1
1034 10023 1
10023 832 1
832 10443 1
10443 771 1
771 4473 1
4473 304 1
304 5640 1
5640 3667 1
3667 1795 1
1795 340 1
340 6971 1
6971 6518 1
6518 10158 1
10158 9358 1
9358 6935 1
6935 10804 1
10804 9473 1
9473 7031 1
7031 7484 1
7484 8374 1
8374 11054 1
11054 7505 1
7505 8802 1
8802 3788 1
3788 3042 1
3042 818 1
818 9870 1
9870 9218 1
9218 4536 1
4536 4877 1
4877 4104 1
4104 2381 1
2381 10723 1
10723 2727 1
2727 4087 1
4087 8188 1
8188 4148 1
4148 9872 1
9872 1817 1
9872 8013 1
8013 9025 1
9025 982 1
982 6894 1
6894 2946 1
2946 8374 1
8374 10343 1
10343 2970 1
2970 7524 1
7524 4747 1
4747 9146 1
9146 7663 1
7663 9127 1
9127 476 1
9127 2466 1
2466 4190 1
4190 3999 1
3999 7017 1
7017 3914 1
3914 2044 1
2044 3386 1
3386 1959 1
1959 3064 1
3064 4954 1
4954 2112 1
2112 6286 1
6286 8603 1
8603 3042 1
3042 1892 1
1892 5974 1
5974 9594 1
9594 233 1
233 3463 1
3463 1629 1
1629 9165 1
9165 9473 1
9473 3234 1
3234 982 1
982 3008 1
3008 10009 1
10009 5441 1
5441 7758 1
7758 1204 1
1204 798 1
798 5824 1
5824 9538 1
798 4887 1
4887 2465 1
2465 2295 1
2295 7144 1
2465 10008 1
10008 10429 1
10429 6057 1
6057 2465 1
2465 4526 1
4526 6503 1
6503 2500 1
2500 416 1
416 5582 1
416 6046 1
6046 4035 1
4035 416 1
4035 5312 1
5312 5582 1
5582 6046 1
5582 4035 1
4035 10699 1
10699 1664 1
1664 6563 1
6563 9089 1
9089 1717 1
1717 7911 1
7911 9180 1
9180 9766 1
9766 8959 1
8959 444 1
444 9766 1
9766 11181 1
11181 3280 1
11181 1664 1
1664 6737 1
6737 7193 1
7193 6353 1
6353 7228 1
7228 6795 1
6795 654 1
6795 7610 1
7610 1906 1
1906 6795 1
6795 8377 1
6795 10569 1
6795 9275 1
9275 4724 1
4724 3053 1
3053 2944 1
2944 3457 1
3457 7299 1
7299 10311 1
10311 1729 1
1729 6999 1
6999 5133 1
5133 2970 1
2970 4298 1
4298 5460 1
5460 8316 1
8316 6722 1
6722 6549 1
6549 264 1
264 542 1
542 6097 1
6097 10343 1
10343 4480 1
4480 129 1
4480 7702 1
7702 8303 1
8303 1959 1
1959 7768 1
7768 1233 1
1233 4115 1
4115 2339 1
2339 8427 1
8427 4578 1
4578 5451 1
5451 6407 1
6407 8535 1
8535 8370 1
8370 7014 1
8370 4893 1
8535 9106 1
9106 2163 1
2163 7748 1
7748 9442 1
9442 126 1
126 7090 1
7090 3781 1
3781 9795 1
9795 5600 1
5600 7090 1
7090 9795 1
9795 3823 1
3823 8419 1
8419 3969 1
3969 883 1
3969 72 1
3969 8406 1
8406 2691 1
2691 4776 1
4776 2904 1
2904 9441 1
9441 9490 1
9490 11163 1
11163 2842 1
2842 3229 1
2842 10248 1
10248 3800 1
3800 6774 1
6774 5170 1
5170 9458 1
9458 4841 1
4841 6774 1
3800 9281 1
9281 167 1
9281 2539 1
2539 8223 1
8223 8899 1
8223 2390 1
2390 9994 1
9994 3953 1
3953 560 1
3953 8223 1
8223 8772 1
8772 1269 1
1269 9937 1
9937 8739 1
8739 9616 1
9616 8772 1
8772 2390 1
2390 767 1
767 4709 1
4709 1412 1
1412 9400 1
9400 9870 1
9870 319 1
319 7920 1
7920 7676 1
7676 6052 1
6052 7400 1
7400 4629 1
4629 9033 1
9033 7066 1
7066 8153 1
8153 3611 1
3611 11129 1
11129 7457 1
7457 7977 1
7977 5056 1
5056 8506 1
8506 10551 1
10551 6391 1
6391 2402 1
2402 9146 1
9146 2854 1
2854 4954 1
4954 4747 1
4747 8215 1
8215 11093 1
11093 675 1
675 3384 1
11087 3510 1
3510 11129 1
11129 6391 1
6391 10802 1
10802 9100 1
9100 3761 1
3761 9108 1
9108 4873 1
4873 10882 1
10882 720 1
720 360 1
360 9008 1
9008 10318 1
10318 9278 1
9278 10123 1
10123 2281 1
2281 3644 1
3644 2243 1
2243 4766 1
4766 9939 1
9939 4061 1
4061 3326 1
3326 2734 1
2734 2819 1
2819 10792 1
10792 2243 1
2243 233 1
233 11087 1
11087 9108 1
9108 7676 1
7676 3788 1
3788 5053 1
5053 2571 1
2571 9165 1
9165 7159 1
7159 3945 1
3945 6563 1
6563 4115 1
4115 8233 1
8233 1629 1
1629 623 1
623 7843 1
7843 5616 1
5616 3327 1
3327 10588 1
10588 4892 1
4892 3064 1
3064 10004 1
10004 6894 1
6894 9011 1
9011 6459 1
6459 3111 1
3111 10985 1
10985 5573 1
5573 8765 1
8765 2015 1
2015 6536 1
6536 3748 1
3748 219 1
219 10239 1
219 7439 1
7439 5994 1
5994 10016 1
10016 3440 1
3440 1131 1
1131 7381 1
7381 5729 1
5729 4195 1
4195 1510 1
1510 6580 1
6580 1044 1
1044 6479 1
6479 2032 1
2032 1044 1
6580 327 1
327 907 1
907 9985 1
907 9019 1
9019 5810 1
9019 9281 1
9281 1080 1
1080 9019 1
9281 1441 1
1441 10250 1
10250 7571 1
7571 4817 1
4817 7483 1
7483 3461 1
3461 6379 1
6379 4078 1
4078 10635 1
10635 10225 1
10225 4234 1
4234 634 1
4234 5010 1
5010 1556 1
1556 6407 1
6407 3062 1
3062 1892 1
1892 264 1
264 11132 1
11132 5161 1
5161 7945 1
7945 50 1
50 606 1
606 2381 1
2381 3517 1
3517 10343 1
10343 2734 1
2734 3604 1
3604 1802 1
1802 11039 1
11039 5968 1
5968 7682 1
7682 505 1
505 5395 1
5395 2819 1
2819 8282 1
8282 2970 1
2970 6459 1
6459 1564 1
1564 3383 1
3383 3409 1
3409 2162 1
2162 2547 1
2162 8987 1
8987 8871 1
8871 6715 1
6715 224 1
224 5515 1
5515 7876 1
7876 2854 1
2854 3409 1
3409 3644 1
3644 3778 1
3778 7064 1
7064 8285 1
8285 2114 1
2114 3229 1
3229 8935 1
8935 7193 1
7193 6786 1
6786 806 1
806 18 1
18 9662 1
9662 11081 1
11081 8146 1
8146 8644 1
8644 5831 1
5831 6489 1
6489 3062 1
3062 4747 1
4747 10343 1
10343 7945 1
7945 6935 1
6935 2571 1
2571 1336 1
1336 5442 1
5442 4829 1
4829 4862 1
4862 4606 1
4606 8802 1
8802 440 1
440 42 1
42 7017 1
7017 5453 1
5453 4351 1
4351 9438 1
9438 5884 1
5884 4725 1
4725 3229 1
3229 7047 1
7047 4351 1
4351 3572 1
3572 9732 1
9732 5708 1
5708 6374 1
6374 6691 1
6691 757 1
757 8771 1
8771 10487 1
10487 72 1
72 4081 1
4081 6131 1
6131 2093 1
2093 9331 1
9331 2688 1
2688 2093 1
2688 6131 1
6131 5968 1
5968 8007 1
5968 10021 1
10021 4884 1
10021 4159 1
4159 2015 1
2015 7136 1
7136 848 1
848 6213 1
6213 3581 1
3581 10812 1
10812 7076 1
7076 10246 1
10246 10859 1
10859 7366 1
7366 6885 1
6885 7886 1
6885 7798 1
7798 9175 1
7798 5696 1
5696 8912 1
8912 8565 1
8565 8269 1
8269 9147 1
9147 2957 1
2957 8345 1
8345 3100 1
3100 6099 1
6099 9011 1
9011 2272 1
2272 2819 1
2819 10886 1
10886 806 1
806 2041 1
2041 9441 1
9441 6036 1
6036 2477 1
2477 9969 1
9969 2308 1
9969 4228 1
4228 8199 1
8199 1934 1
1934 8856 1
8856 7626 1
7626 8176 1
8176 3092 1
3092 5496 1
5496 1152 1
1152 7546 1
7546 5451 1
5451 7719 1
7719 411 1
411 9405 1
9405 2950 1
2950 7352 1
7352 10397 1
10397 7719 1
7719 4941 1
4941 9011 1
9011 8188 1
8188 49 1
49 4664 1
4664 8401 1
8401 7253 1
7253 606 1
606 497 1
497 7695 1
7695 2658 1
2658 8523 1
8523 2238 1
2238 7945 1
7945 6572 1
6572 5439 1
5439 2281 1
2281 2571 1
2571 8274 1
8274 10874 1
10874 9605 1
9605 8871 1
8871 6059 1
6059 2121 1
2121 537 1
537 4892 1
4892 9011 1
9011 11006 1
11006 11060 1
11060 5971 1
5971 7147 1
7147 4482 1
4482 9147 1
9147 4468 1
4468 5016 1
5016 5881 1
5881 3644 1
3644 50 1
50 2737 1
2737 9605 1
9605 5589 1
5589 10828 1
10828 653 1
10828 8595 1
8595 1172 1
8595 7639 1
7639 6908 1
6908 2085 1
2085 5089 1
2085 75 1
75 9934 1
9934 7768 1
7768 4892 1
4892 8755 1
8755 3100 1
3100 7484 1
7484 7530 1
7530 319 1
319 2788 1
2788 8374 1
8374 6722 1
6722 8470 1
8470 1197 1
1197 10123 1
10123 8987 1
8987 7364 1
7364 7238 1
7238 10491 1
10491 7364 1
8987 4580 1
4580 1259 1
1259 3522 1
3522 108 1
3522 8009 1
8009 8542 1
8542 9830 1
9830 9277 1
9277 612 1
612 9787 1
9787 920 1
920 6196 1
6196 6374 1
6374 6036 1
6036 5884 1
5884 176 1
176 2284 1
2284 2020 1
2020 2121 1
2121 7505 1
7505 2272 1
2272 8871 1
8871 4238 1
4238 2402 1
2402 483 1
483 3317 1
3317 6572 1
6572 6577 1
6577 6239 1
6239 8882 1
8882 319 1
319 1745 1
319 2262 1
2262 6194 1
6194 8603 1
8603 6391 1
6391 3364 1
3364 3326 1
3326 10318 1
10318 6491 1
6491 3362 1
3362 629 1
629 8802 1
8802 6239 1
6239 1157 1
1157 2508 1
2508 3574 1
3574 10308 1
10308 9385 1
10308 5503 1
5503 6411 1
6411 6890 1
6890 8716 1
8716 6723 1
6723 2880 1
2880 7618 1
7618 6491 1
6491 9110 1
9110 3761 1
3761 9008 1
9008 7845 1
7845 9110 1
9110 6459 1
6459 5460 1
5460 384 1
384 3397 1
3397 2571 1
2571 3813 1
3813 85 1
85 6194 1
6194 1233 1
1233 7867 1
7867 2958 1
2958 3064 1
3064 9733 1
9733 3100 1
3100 10588 1
10588 7484 1
7484 2243 1
2243 3022 1
3022 5574 1
5574 1681 1
1681 3383 1
3383 7031 1
7031 6712 1
6712 6391 1
6391 583 1
583 232 1
232 6239 1
6239 9681 1
9681 8187 1
8187 6935 1
6935 10022 1
10022 1412 1
1412 4190 1
4190 5966 1
5966 2445 1
2445 8987 1
8987 3383 1
3383 6411 1
6411 4480 1
4480 2162 1
2162 2363 1
2363 10882 1
10882 8269 1
8269 5657 1
5657 3364 1
3364 5163 1
5163 4663 1
4663 6648 1
6648 68 1
68 6563 1
6563 3344 1
3344 1152 1
1152 1190 1
1190 7750 1
7750 3441 1
3441 10021 1
10021 1775 1
1775 2008 1
2008 4723 1
2008 6692 1
6692 10123 1
10123 9218 1
9218 6910 1
6910 7484 1
7484 7663 1
7663 629 1
629 6577 1
6577 5503 1
5503 3386 1
3386 7091 1
7091 9142 1
9142 8802 1
8802 2658 1
2658 3993 1
3993 10041 1
10041 7379 1
7379 7695 1
7695 3788 1
3788 10768 1
10768 8807 1
8807 10411 1
10411 3410 1
3410 10265 1
3410 10022 1
10022 7920 1
10022 7530 1
7530 4941 1
4941 6910 1
6910 1412 1
1412 2854 1
2854 2121 1
2121 3993 1
7867 8998 1
8998 9427 1
9427 2970 1
2970 2381 1
2381 7663 1
7663 4060 1
4060 8525 1
4060 4298 1
4298 3482 1
3482 3625 1
3625 4199 1
4199 3397 1
3397 4135 1
4135 3862 1
3862 7843 1
7843 8506 1
8506 3644 1
3644 4536 1
4536 8871 1
8871 11109 1
11109 4097 1
4097 8542 1
8542 918 1
918 6036 1
6036 11 1
11 377 1
377 4673 1
4673 1676 1
1676 382 1
382 933 1
933 6633 1
6633 10748 1
10748 9135 1
9135 3461 1
3461 2463 1
2463 4125 1
4125 10024 1
2463 8065 1
8065 5467 1
5467 6036 1
6036 9358 1
9358 8341 1
8341 3373 1
3373 2354 1
2354 4871 1
4871 2041 1
2041 10410 1
10410 1837 1
1837 2821 1
5978 5670 1
1564 1959 1
1959 4747 1
4747 9427 1
9427 3383 1
8987 7370 1
7370 3572 1
3572 2943 1
2943 3197 1
3197 7660 1
3197 6115 1
6115 3397 1
3397 9147 1
9147 1132 1
1132 971 1
971 10149 1
10149 1716 1
1716 6099 1
6099 8736 1
8736 5792 1
5792 68 1
68 2289 1
2289 7676 1
7676 9600 1
9600 6052 1
6052 478 1
478 9605 1
9605 8054 1
8054 10172 1
10172 6834 1
6834 7370 1
8987 5003 1
8987 8998 1
8998 10616 1
10616 5978 1
5978 6489 1
6489 3478 1
3478 7814 1
7814 2864 1
2864 5326 1
5326 4776 1
4776 2860 1
2860 397 1
397 2301 1
2301 3049 1
3049 359 1
359 7427 1
7427 5978 1
5978 2932 1
2932 6936 1
6936 2760 1
2760 9374 1
9374 4833 1
4833 9610 1
9610 2056 1
9610 1653 1
1653 9804 1
9804 1142 1
1142 1765 1
1765 6688 1
6688 10334 1
10334 1306 1
1306 10540 1
10540 7586 1
7586 7101 1
7101 6871 1
6871 9001 1
9001 9668 1
9668 8222 1
8222 6393 1
6393 5052 1
5052 4372 1
4372 690 1
690 8562 1
8562 6393 1
6393 4372 1
4372 10127 1
10127 2347 1
2347 10094 1
10094 399 1
399 8276 1
8276 6852 1
6852 6393 1
6393 9580 1
9580 2358 1
2358 10108 1
10108 9001 1
9001 9090 1
9090 1782 1
1782 6871 1
6871 7586 1
7586 37 1
37 10992 1
10992 6343 1
6343 6871 1
6871 6658 1
6658 6420 1
6420 3117 1
3117 10492 1
10492 4192 1
4192 1888 1
1888 6871 1
6871 7818 1
7818 9090 1
9090 7924 1
7924 1225 1
1225 9214 1
9214 9478 1
9478 3102 1
3102 3186 1
3102 2431 1
2431 9995 1
9995 4668 1
4668 2781 1
2781 9736 1
2781 7900 1
7900 7051 1
7051 2781 1
4668 919 1
4668 3189 1
3189 1938 1
1938 1964 1
1964 3171 1
3171 1938 1
1938 10899 1
1938 5968 1
5968 296 1
296 4298 1
4298 2238 1
2238 4861 1
4861 4480 1
4480 2355 1
2355 2085 1
2085 6833 1
6833 5428 1
5428 10221 1
10221 9091 1
9091 2077 1
2077 8693 1
2077 5540 1
5540 7494 1
7494 8506 1
8506 10041 1
10041 8345 1
8345 1739 1
1739 7945 1
7945 10123 1
10123 1336 1
1336 7505 1
7505 7064 1
7064 10777 1
10777 1130 1
1130 68 1
68 10172 1
10172 10487 1
10487 3326 1
3326 10723 1
10723 7091 1
7091 1801 1
1801 2979 1
2979 4563 1
4563 319 1
319 4061 1
4061 10123 1
10123 357 1
357 6722 1
6722 3326 1
3326 982 1
982 7945 1
7945 10886 1
10886 2041 1
2041 7963 1
7963 7017 1
5453 10654 1
10654 4028 1
4028 5230 1
5230 2078 1
5230 5868 1
5868 4724 1
4724 6157 1
4724 9887 1
9887 4196 1
4196 7964 1
7964 6951 1
6951 617 1
617 10768 1
10768 4672 1
4672 10265 1
10265 10411 1
10411 10022 1
10022 8603 1
8603 7031 1
7031 1664 1
1664 8187 1
8187 537 1
537 8719 1
8719 7091 1
7091 1739 1
1739 2262 1
2262 4298 1
4298 818 1
818 8759 1
8759 6935 1
6935 10673 1
10673 6062 1
6062 8731 1
8731 295 1
295 5966 1
5966 5472 1
5472 4104 1
4104 9939 1
9939 6061 1
6061 3914 1
3914 5318 1
5318 2734 1
2734 11054 1
11054 9218 1
9218 2192 1
2192 7484 1
7484 2281 1
2281 5921 1
5921 8274 1
8274 7371 1
7371 7505 1
11054 4255 1
4255 2382 1
2382 761 1
761 4965 1
4965 10364 1
10364 6504 1
6504 6056 1
6056 8891 1
8891 10371 1
10371 10364 1
10364 6110 1
6110 10921 1
10921 174 1
174 5865 1
5865 761 1
761 4943 1
4943 5190 1
5190 6056 1
6056 9540 1
9540 9802 1
9802 3447 1
9802 8064 1
8064 10364 1
4965 5097 1
5097 10921 1
6110 761 1
761 174 1
174 5097 1
5097 9802 1
9802 4943 1
4943 5097 1
5097 4452 1
4452 5039 1
5039 10921 1
10921 4452 1
4452 3826 1
3826 8182 1
8182 4452 1
4452 3898 1
3898 6504 1
6504 6367 1
6367 4345 1
4345 2606 1
2606 4943 1
4943 641 1
641 1011 1
1011 4943 1
4943 8064 1
8064 7991 1
8064 8916 1
8916 3447 1
3447 5612 1
5612 8064 1
8064 880 1
880 4160 1
4160 4345 1
4345 3314 1
3314 1659 1
1659 5297 1
5297 2754 1
2754 7972 1
2754 7359 1
7359 10172 1
10172 9296 1
9296 478 1
478 2970 1
2970 3296 1
3296 1934 1
1934 7641 1
7641 8608 1
8608 1533 1
1533 6326 1
6326 9968 1
9968 9463 1
9463 4914 1
4914 5206 1
5206 4387 1
4387 10725 1
10725 573 1
573 9315 1
9315 8855 1
8855 7099 1
7099 573 1
10725 5044 1
10725 7307 1
7307 2288 1
2288 5441 1
5441 10411 1
10411 9781 1
9781 8604 1
8604 2286 1
2286 7267 1
7267 1748 1
1748 373 1
373 10575 1
10575 7267 1
7267 5451 1
5451 9446 1
9446 6821 1
6821 9405 1
9405 7719 1
7719 161 1
161 7190 1
7190 4960 1
4960 411 1
411 985 1
985 9405 1
9405 6137 1
6137 6689 1
6689 1097 1
1097 3288 1
3288 667 1
667 5496 1
5496 7190 1
7190 7719 1
7719 11068 1
11068 4941 1
4941 1892 1
1892 5161 1
5161 8187 1
8187 4104 1
4104 7963 1
7963 9356 1
9356 2354 1
2354 9358 1
9358 9356 1
9356 10886 1
10886 9142 1
9142 7064 1
7064 4774 1
4774 2975 1
2975 4115 1
4115 542 1
542 7064 1
7064 3945 1
3945 4661 1
4661 2788 1
2788 3317 1
3317 414 1
414 42 1
42 6923 1
6923 8719 1
8719 7371 1
7371 5969 1
5969 483 1
483 6595 1
6595 11054 1
11054 3386 1
3386 2498 1
2498 6698 1
2498 9873 1
9873 7618 1
7618 5569 1
5569 1533 1
1533 9482 1
9482 1787 1
1787 4407 1
4407 7192 1
3166 4557 1
4557 7938 1
7938 10325 1
10325 4768 1
4768 5935 1
5935 5265 1
5265 6355 1
7192 6186 1
6186 2601 1
2601 8126 1
8126 6118 1
6118 6228 1
6228 4978 1
4978 6362 1
6362 7177 1
7177 10873 1
10873 9070 1
9070 5774 1
5774 8160 1
8160 9788 1
9788 7629 1
7629 8345 1
8345 2262 1
2262 3301 1
3301 4480 1
4480 3678 1
3678 5611 1
5611 6935 1
6935 806 1
2041 6093 1
6093 4308 1
4308 6935 1
6935 5056 1
5056 8013 1
8013 3813 1
3813 7294 1
7294 3317 1
3317 6093 1
6093 7047 1
7047 8079 1
8079 1837 1
1837 11163 1
11163 1688 1
1688 4664 1
4664 3788 1
3788 6918 1
6918 1664 1
1664 6383 1
6383 1785 1
1785 1664 1
1664 10792 1
10792 8343 1
8343 9218 1
9218 4264 1
4264 5442 1
5442 2851 1
2851 2880 1
2880 10792 1
10792 2532 1
2532 176 1
176 9438 1
9438 8095 1
8095 10410 1
10410 10158 1
10158 4157 1
4157 1307 1
4157 8153 1
8153 1068 1
1068 2064 1
2064 1207 1
1207 4782 1
4782 4937 1
4937 9528 1
9528 4782 1
4782 172 1
172 2864 1
2864 4044 1
4044 10129 1
10129 4073 1
4073 8364 1
8364 5169 1
5169 1248 1
1248 3011 1
3011 3809 1
3809 5117 1
5117 10143 1
10143 7123 1
7123 1882 1
1882 6109 1
6109 7352 1
7352 2495 1
7352 9823 1
9823 7190 1
7190 4757 1
4757 8827 1
8827 4818 1
4818 4230 1
4230 7432 1
7432 6803 1
6803 4960 1
4960 8827 1
4960 1504 1
1504 11202 1
11202 6432 1
6432 7048 1
7048 6036 1
6036 7789 1
7789 2821 1
2821 2041 1
2041 42 1
42 2071 1
2071 8274 1
8274 542 1
542 606 1
606 5161 1
5161 10551 1
10551 4941 1
4941 6109 1
6109 8543 1
8543 1482 1
1482 6740 1
6740 10439 1
10439 1046 1
1046 4894 1
4894 5359 1
5359 2648 1
2648 8843 1
8843 681 1
681 9361 1
9361 4231 1
4231 9834 1
9834 9361 1
9361 828 1
828 7436 1
7436 9335 1
9335 7154 1
7154 9834 1
9834 6713 1
6713 2648 1
2648 6406 1
6406 1534 1
1534 6315 1
6315 6406 1
6406 4520 1
4520 6315 1
6315 9597 1
9597 651 1
9597 8801 1
8801 2648 1
2648 9196 1
9196 8211 1
8211 8843 1
8843 6163 1
6163 4231 1
4231 681 1
681 1706 1
1706 2840 1
2840 6280 1
6280 8383 1
8383 10905 1
8383 9361 1
681 9188 1
9188 7154 1
7154 1706 1
7154 9332 1
9332 9288 1
9288 8383 1
8383 3716 1
3716 8843 1
681 7156 1
7156 10652 1
10652 3894 1
3894 3716 1
3716 10652 1
10652 910 1
910 2137 1
2137 6483 1
2137 10652 1
3894 11026 1
11026 8383 1
8383 2137 1
2137 681 1
681 6713 1
6713 7154 1
7154 6280 1
6280 601 1
601 3224 1
3224 6599 1
6599 9188 1
9188 10652 1
10652 8383 1
8383 6163 1
6163 8211 1
6163 9703 1
9703 9752 1
9752 11026 1
11026 9361 1
828 5951 1
5951 8383 1
8383 2676 1
2676 828 1
5951 6175 1
6175 1633 1
1633 2840 1
2840 5187 1
5187 1706 1
1706 6280 1
6280 9607 1
9607 5448 1
5448 9335 1
9335 5242 1
5242 601 1
601 2405 1
2405 9383 1
9383 4850 1
4850 854 1
854 8373 1
8373 5093 1
5093 4609 1
4609 3724 1
3724 8257 1
8257 2947 1
2947 7183 1
7183 2405 1
7183 8373 1
8373 5866 1
5866 544 1
544 3166 1
3166 1731 1
1731 7967 1
7967 6800 1
6800 7487 1
7967 2200 1
2200 7196 1
7196 6749 1
6749 1611 1
1611 2037 1
2037 6749 1
6749 8922 1
8922 7230 1
7230 2707 1
2707 973 1
973 9714 1
9714 11133 1
973 4964 1
973 4999 1
973 7282 1
7282 4964 1
7282 6031 1
6031 4804 1
4804 4103 1
4103 6031 1
6031 4964 1
973 7230 1
7230 3144 1
3144 11107 1
11107 3654 1
3654 9433 1
9433 11090 1
11090 9043 1
9043 4316 1
4316 410 1
410 7310 1
7310 516 1
516 4032 1
4032 3239 1
3239 8471 1
8471 1822 1
1822 10607 1
10607 1152 1
1152 9071 1
9071 985 1
985 3597 1
3597 2691 1
2691 9405 1
2691 3010 1
3010 3218 1
3218 4830 1
4830 10263 1
10263 944 1
944 3977 1
3977 11187 1
11187 7159 1
7159 9473 1
9473 8716 1
8716 8871 1
8871 8603 1
8603 3234 1
3234 6139 1
6139 4954 1
4954 4298 1
4298 85 1
85 9870 1
9870 8755 1
8755 2112 1
2112 1959 1
1959 6099 1
6099 7177 1
10873 2083 1
2083 8756 1
8756 1229 1
1229 4871 1
4871 8071 1
8071 3659 1
3659 2532 1
2532 2041 1
2041 3175 1
3175 7193 1
7193 5453 1
5453 3229 1
3229 7876 1
7876 3159 1
3159 2610 1
2610 2878 1
2878 3812 1
3812 116 1
116 2121 1
2121 8523 1
8523 7313 1
7313 10882 1
10882 9788 1
9788 16 1
16 2846 1
2846 2291 1
2291 7912 1
2291 2307 1
2307 10678 1
10678 10158 1
10158 4601 1
4601 2509 1
4601 7136 1
7136 5575 1
5575 5157 1
5157 10757 1
10757 7685 1
10757 7229 1
7229 3914 1
3914 5443 1
5443 4432 1
4432 9320 1
9320 3812 1
3812 4810 1
4810 18 1
18 2925 1
2925 3914 1
3914 1535 1
1535 10233 1
10233 6415 1
6415 9007 1
9007 10233 1
10233 9147 1
9147 4199 1
4199 7493 1
7493 9689 1
9689 4298 1
4298 1522 1
4298 10263 1
10263 3482 1
3482 331 1
331 1153 1
1153 4239 1
4239 9089 1
9089 3397 1
3397 6286 1
6286 4877 1
4877 483 1
483 7676 1
7676 9939 1
9939 5974 1
5974 758 1
758 8054 1
8054 4199 1
4199 2243 1
2243 3327 1
3327 5824 1
5824 10395 1
10395 11011 1
11011 3037 1
3037 5260 1
5260 72 1
72 1531 1
1531 906 1
906 1790 1
906 278 1
278 4599 1
278 1790 1
278 6951 1
6951 682 1
6951 7149 1
6951 4169 1
4169 1425 1
1425 6078 1
1425 5449 1
5449 1008 1
1425 3203 1
4169 3203 1
3768 4795 1
4795 6195 1
6195 5288 1
5288 10836 1
10836 1215 1
10836 5290 1
5290 11185 1
11185 10836 1
1215 8983 1
8983 751 1
8983 9786 1
9786 7511 1
7511 9579 1
9579 9498 1
9579 9669 1
9669 10947 1
10947 10996 1
10996 10534 1
10534 8132 1
8132 3814 1
3814 5541 1
5541 10534 1
10534 10947 1
10947 424 1
424 374 1
374 8754 1
8754 6653 1
6653 9387 1
9387 1944 1
1944 6737 1
6737 3356 1
6762 5894 1
5894 9422 1
9422 6737 1
6737 1589 1
1589 8993 1
8993 4776 1
4776 2175 1
2175 5442 1
5442 4892 1
4892 5318 1
5318 8759 1
8759 232 1
232 1336 1
1336 10022 1
10022 3678 1
3678 10984 1
10984 2535 1
2535 8239 1
8239 1873 1
1873 6836 1
6836 6935 1
6935 3409 1
3409 357 1
3409 2121 1
2121 7867 1
7867 10886 1
10886 5881 1
5881 3914 1
3914 3383 1
3383 4606 1
4606 9998 1
9998 6101 1
6101 8303 1
8303 6890 1
6890 10123 1
10123 10964 1
10964 1229 1
1229 2877 1
2877 2466 1
2466 2024 1
2024 3397 1
3397 7484 1
7484 583 1
583 2958 1
2958 180 1
180 1233 1
1233 756 1
756 497 1
606 7031 1
7031 4464 1
4464 9545 1
9545 7031 1
7031 9400 1
9400 7484 1
7484 8506 1
8506 7505 1
7505 6737 1
6737 7000 1
7000 3397 1
3397 2243 1
2243 7023 1
7023 4747 1
4747 6194 1
6194 7676 1
7676 7505 1
7505 2284 1
2284 8759 1
8759 629 1
629 11060 1
11006 2284 1
2284 7017 1
7017 6391 1
6391 209 1
209 6099 1
6099 3344 1
3344 7597 1
7597 9788 1
9788 6196 1
6196 3062 1
3062 583 1
583 224 1
224 7660 1
7660 1443 1
1443 9899 1
9899 452 1
452 3181 1
3181 8911 1
8911 2691 1
2691 4149 1
4149 7057 1
7057 9374 1
9374 5117 1
5117 7123 1
7123 9319 1
9319 8151 1
8151 7123 1
7123 9446 1
9446 7994 1
7994 8381 1
8381 8484 1
8484 4757 1
4757 6803 1
6803 5664 1
5664 6685 1
6685 8829 1
8829 2551 1
2551 8637 1
8637 725 1
725 10582 1
10582 10625 1
10625 895 1
895 3295 1
3295 5519 1
5519 871 1
871 381 1
381 8397 1
8397 8127 1
8127 871 1
871 1496 1
1496 7947 1
7947 2845 1
2845 10646 1
2845 923 1
923 1703 1
1703 4347 1
4347 5224 1
5224 10434 1
10434 7211 1
7211 10151 1
10151 5140 1
5140 7334 1
7334 2096 1
7334 10911 1
10911 7211 1
7211 5318 1
5318 68 1
68 7920 1
7920 4480 1
4480 2238 1
2238 6411 1
6411 11060 1
5971 8282 1
8282 1351 1
1351 8799 1
8799 2789 1
2789 8778 1
8778 2361 1
2361 10534 1
10534 9432 1
9432 2690 1
2690 10685 1
10685 8489 1
10685 98 1
10685 4407 1
4407 7759 1
7759 140 1
140 2023 1
2023 6333 1
6333 9124 1
9124 3583 1
3583 6301 1
6301 4583 1
4583 5534 1
5534 10882 1
10882 9169 1
9169 8666 1
8666 2993 1
2993 8239 1
8239 9275 1
9275 209 1
209 5539 1
5539 7720 1
7720 5815 1
5815 3193 1
3193 9572 1
9572 5774 1
5774 304 1
304 1270 1
1270 9700 1
9700 4673 1
4673 5640 1
5640 8380 1
8380 382 1
382 4021 1
4021 4700 1
4700 1270 1
1270 4021 1
4021 444 1
444 377 1
377 9082 1
9082 9961 1
9961 622 1
622 9082 1
9082 4673 1
4673 2218 1
2218 9180 1
9180 4673 1
4673 1270 1
1270 8959 1
8959 3667 1
3667 4968 1
4968 9700 1
9700 304 1
304 2562 1
304 1035 1
1035 5935 1
5265 7192 1
7192 2530 1
2530 954 1
4557 6984 1
6984 1668 1
1668 2451 1
2451 7640 1
7640 8156 1
8156 4685 1
4685 10942 1
4685 2562 1
2562 6552 1
6552 8950 1
8950 1035 1
1035 10325 1
10325 5830 1
5830 10942 1
10942 304 1
9700 8959 1
8959 1283 1
8959 4033 1
4033 7123 1
7123 5468 1
5468 5382 1
5382 10516 1
10516 8753 1
8753 606 1
606 5709 1
5709 159 1
159 8998 1
8998 6194 1
6194 7132 1
6194 6935 1
6935 8374 1
8374 2734 1
2734 3644 1
50 3227 1
3227 8343 1
8343 11132 1
11132 3574 1
3574 9385 1
9385 6777 1
6777 10343 1
10343 6525 1
6525 678 1
6525 5906 1
5906 1519 1
1519 1489 1
1489 4709 1
4709 3317 1
3317 3017 1
3017 75 1
75 972 1
972 4480 1
4480 982 1
982 264 1
264 3788 1
3788 10487 1
10487 3170 1
3170 6595 1
6595 8565 1
8565 2734 1
2734 6059 1
6059 4060 1
4060 5974 1
5974 180 1
180 10343 1
10343 678 1
678 3100 1
3100 2281 1
2281 2936 1
2936 6770 1
6770 3064 1
3064 2121 1
2121 68 1
68 8716 1
8716 8345 1
8345 8187 1
8187 7400 1
7400 8079 1
8079 4684 1
4684 4098 1
4098 7074 1
7074 7321 1
7321 2362 1
2362 767 1
767 1153 1
1153 4135 1
4135 8215 1
8215 3956 1
3956 7175 1
7175 4489 1
7175 8215 1
8215 3409 1
3409 818 1
818 5355 1
5355 3914 1
3914 583 1
583 8998 1
8998 5472 1
5472 7074 1
7074 965 1
965 7321 1
7321 7253 1
7253 3993 1
3993 7695 1
7695 2020 1
2020 3042 1
3042 8736 1
8736 6194 1
6194 10318 1
10318 6770 1
6770 2447 1
2447 3788 1
3788 5355 1
5355 319 1
319 8374 1
8374 4661 1
4661 10529 1
10529 6712 1
6712 10318 1
10318 6918 1
6918 2975 1
6923 10343 1
10343 2284 1
2284 4351 1
4351 2041 1
2041 7359 1
7359 7321 1
7321 4684 1
4684 2614 1
2614 1229 1
1229 2532 1
1229 10123 1
10123 2175 1
2175 3517 1
3517 10123 1
10123 440 1
440 9373 1
9373 2281 1
2281 482 1
482 3362 1
3362 3951 1
3951 8274 1
8274 8565 1
8565 4382 1
4382 10343 1
10343 7484 1
7484 756 1
756 5241 1
5241 357 1
357 8987 1
8987 7159 1
7159 6061 1
6061 8274 1
8274 10292 1
10292 1958 1
1958 50 1
50 3060 1
3060 440 1
440 7702 1
7702 6918 1
6918 7484 1
583 9218 1
9218 1535 1
1535 10869 1
10869 9427 1
9427 4061 1
4061 9605 1
9605 14 1
14 2028 1
2028 8921 1
8921 1956 1
1956 708 1
708 7346 1
7346 3729 1
7346 6817 1
7346 385 1
385 3729 1
385 708 1
708 5667 1
708 6855 1
708 9359 1
9359 3144 1
3144 9655 1
9655 4185 1
4185 10668 1
10668 657 1
657 6567 1
6567 2802 1
2802 10668 1
4185 8994 1
8994 3726 1
3726 2101 1
2101 4091 1
4091 10931 1
10931 10887 1
10887 9799 1
9799 5998 1
5998 4091 1
4091 3854 1
3854 5961 1
5961 9691 1
9691 3180 1
3180 3854 1
3180 11146 1
3180 10077 1
10077 7680 1
7680 9598 1
9598 3779 1
3779 8283 1
8283 10785 1
8283 9521 1
9521 10785 1
3779 1675 1
1675 152 1
152 9911 1
9911 5019 1
9911 4401 1
4401 5027 1
5027 1675 1
1675 512 1
512 5985 1
5985 497 1
497 4115 1
4115 4774 1
4774 4941 1
4941 5668 1
5668 2695 1
2695 2078 1
2078 3130 1
3130 4142 1
4142 4648 1
4648 1097 1
1097 6803 1
6803 10809 1
10809 775 1
775 6349 1
6349 8013 1
8013 6286 1
6286 6244 1
6244 4487 1
4487 10973 1
10973 10686 1
10686 5068 1
5068 271 1
271 9383 1
9383 7006 1
7006 8462 1
8462 1301 1
1301 9744 1
9744 2405 1
2405 3587 1
3587 1452 1
1452 10598 1
10598 7398 1
7398 5448 1
5448 10598 1
10598 10365 1
10365 10173 1
10173 8430 1
8430 5242 1
5242 8462 1
8462 2540 1
2540 6757 1
6757 5110 1
5110 4609 1
4609 5866 1
5866 4178 1
4178 6767 1
6767 4609 1
4609 3587 1
3587 6401 1
6401 2219 1
2219 6848 1
6848 8938 1
8938 11130 1
11130 268 1
268 63 1
63 352 1
268 6267 1
6267 5840 1
5840 7599 1
7599 4180 1
4180 7634 1
7634 4247 1
4247 7553 1
7553 4487 1
4487 4490 1
10686 3743 1
3743 6017 1
6017 3160 1
6017 7924 1
7924 778 1
778 6107 1
6107 2879 1
6107 3393 1
3393 317 1
317 7411 1
7411 8347 1
8347 1634 1
1634 9605 1
9605 6061 1
6061 5355 1
5355 3317 1
4709 8395 1
8395 1793 1
1793 11149 1
11149 9649 1
9649 5313 1
5313 5421 1
1793 2908 1
2908 8395 1
8395 8952 1
8952 1793 1
1793 9649 1
5421 7020 1
8952 2859 1
2859 11130 1
11130 4230 1
4230 9446 1
9446 2760 1
2760 6874 1
6874 7152 1
7152 10189 1
10189 6874 1
6874 4230 1
9446 2950 1
2950 5906 1
5906 7023 1
7023 10723 1
10723 7768 1
7768 5881 1
5881 2970 1
2970 6288 1
6288 11087 1
11087 9605 1
9605 4000 1
4000 4954 1
4954 319 1
319 606 1
606 1959 1
1959 5053 1
5053 8802 1
8802 3042 1
3042 281 1
281 3234 1
3234 3678 1
3678 2975 1
2975 2284 1
2284 7963 1
9356 7789 1
7789 10158 1
10158 2864 1
2864 359 1
359 398 1
398 4919 1
4919 709 1
709 2188 1
2188 3215 1
3215 7755 1
7755 3267 1
3267 7814 1
7814 9899 1
9899 1331 1
1331 4917 1
4917 584 1
584 9899 1
9899 4776 1
4776 6737 1
6737 10792 1
10792 2505 1
2505 3278 1
3278 4629 1
4629 3409 1
6935 3644 1
3644 8229 1
8229 8716 1
8716 9218 1
9218 4563 1
4563 4008 1
4008 5460 1
5460 2897 1
2897 9141 1
9141 2284 1
2284 9146 1
9146 5442 1
5442 3042 1
3042 1130 1
1130 3227 1
3227 7867 1
7867 5442 1
5442 8762 1
8762 1132 1
1132 3100 1
3100 8736 1
8736 258 1
258 7530 1
7530 11039 1
11039 3977 1
3977 5898 1
5898 3604 1
3604 4115 1
4115 7524 1
7524 4239 1
4239 5324 1
5324 4008 1
4008 2511 1
2511 7000 1
2511 7147 1
7147 2932 1
2932 8827 1
8827 2078 1
2078 6376 1
6376 5668 1
5668 4648 1
4648 9731 1
9731 9446 1
9446 5117 1
5117 4027 1
4027 7057 1
7057 7352 1
7352 3809 1
3809 7190 1
161 10143 1
10143 4960 1
4960 2058 1
2058 9405 1
9405 3809 1
3809 10983 1
10983 2058 1
2058 4230 1
4230 4874 1
4874 3586 1
4874 5451 1
5451 4230 1
4230 10355 1
10355 11130 1
11130 6546 1
11130 8827 1
4960 6821 1
6821 5117 1
5117 2223 1
2223 4818 1
4818 7994 1
7994 4149 1
4149 1152 1
10607 6803 1
6803 1482 1
1482 6109 1
6109 5496 1
5496 7352 1
7352 10143 1
10143 10528 1
10528 3130 1
3130 5496 1
5496 6376 1
6376 3288 1
3288 2223 1
2223 10143 1
10143 9319 1
9319 4956 1
4956 7221 1
4956 1497 1
1497 8514 1
8514 8397 1
8397 871 1
871 4095 1
4095 5519 1
871 8066 1
8066 3838 1
3838 4457 1
4457 9561 1
9561 10216 1
10216 1369 1
1369 4457 1
4457 1449 1
1449 1274 1
1274 1755 1
1755 9025 1
9025 6196 1
6196 7288 1
7288 3754 1
3754 9468 1
9468 5382 1
5382 3457 1
3457 1570 1
1570 442 1
442 5124 1
5124 4230 1
4230 6803 1
6803 1541 1
1541 2058 1
2058 1482 1
1482 6970 1
6970 3011 1
3011 6197 1
6197 6443 1
6443 2760 1
2760 6689 1
6689 6970 1
6970 4818 1
4818 1248 1
1248 109 1
109 0 1
0 2995 1
2995 3415 1
3415 10782 1
3415 9120 1
9120 7335 1
9120 8886 1
9120 701 1
7335 8001 1
8001 9409 1
9409 1867 1
1867 9541 1
8001 475 1
475 7940 1
7940 10686 1
7940 8450 1
8450 1917 1
1917 6494 1
1917 7725 1
7725 8450 1
8450 7189 1
7189 318 1
318 7572 1
7572 6330 1
6330 7189 1
7189 3710 1
3710 2634 1
2634 6801 1
6801 3659 1
3659 10091 1
10091 3111 1
3111 2867 1
2867 1326 1
1326 5387 1
5387 9544 1
9544 10869 1
10869 6411 1
6411 6239 1
6239 3100 1
3100 85 1
85 5161 1
5161 3317 1
3317 5819 1
5819 4664 1
4664 9358 1
9358 1381 1
1381 10158 1
10158 3572 1
3572 6228 1
6228 1749 1
1749 10374 1
10374 8666 1
8666 9431 1
9431 9044 1
9044 6118 1
6118 4078 1
4078 4713 1
4713 10838 1
4078 5118 1
4078 7134 1
7134 6796 1
6796 547 1
547 4069 1
4069 8229 1
8229 678 1
678 3326 1
3326 2192 1
2192 2281 1
2281 3914 1
3914 5969 1
5969 5964 1
5964 4349 1
5964 3951 1
3951 4104 1
4104 2505 1
2505 7023 1
7023 6525 1
6525 9605 1
9605 6737 1
6737 6935 1
6935 6097 1
6097 2395 1
2395 8153 1
8153 3523 1
3523 6286 1
6286 7379 1
7379 258 1
258 2262 1
2262 4483 1
4483 7159 1
7159 7484 1
7484 8565 1
8565 678 1
6525 3100 1
3100 4480 1
4480 6525 1
678 5318 1
5318 4115 1
4115 8187 1
8187 6391 1
6391 9015 1
9015 3993 1
3993 6910 1
6910 2381 1
2381 10551 1
10551 4536 1
4536 4382 1
4382 319 1
319 4119 1
4119 9458 1
9458 8984 1
8984 1287 1
1287 546 1
546 10462 1
10462 2377 1
2377 10815 1
2377 327 1
2377 5996 1
5996 9769 1
9769 10103 1
9769 1620 1
9769 766 1
766 5996 1
5996 2376 1
2376 7705 1
7705 10367 1
10367 5784 1
5784 1525 1
1525 10367 1
10367 8812 1
8812 1640 1
1640 2846 1
2846 7705 1
7705 10418 1
10418 982 1
982 8523 1
8523 4104 1
4631 2854 1
2854 7676 1
7676 5318 1
5318 483 1
483 10123 1
10123 629 1
629 7091 1
7091 2505 1
2505 9602 1
9602 3170 1
3170 7676 1
7676 10022 1
10022 437 1
437 2658 1
2658 6244 1
6244 7588 1
6244 9069 1
9069 3008 1
3008 451 1
3008 10479 1
10009 16 1
16 9156 1
16 6196 1
6196 8013 1
8013 9070 1
9070 7411 1
7411 1749 1
1749 335 1
335 4978 1
4978 9036 1
4978 3344 1
3344 2238 1
2238 583 1
583 8506 1
8506 6770 1
6770 4298 1
4298 2975 1
2975 6097 1
6097 3344 1
3344 9011 1
9011 10588 1
10588 3339 1
3339 483 1
483 1130 1
1130 9427 1
9427 50 1
50 7663 1
7663 10004 1
10004 8316 1
8316 1944 1
1944 3534 1
3534 3788 1
3788 1921 1
3788 1055 1
1055 2658 1
2658 3644 1
3644 4563 1
4563 9146 1
9146 9165 1
9165 2262 1
2262 2192 1
2192 4464 1
4464 4661 1
4661 483 1
483 2819 1
2819 232 1
232 5974 1
5974 3064 1
3064 8987 1
8987 2946 1
2946 3813 1
3813 4870 1
4870 9044 1
9044 9788 1
9788 2162 1
2162 11093 1
11093 6642 1
6642 2851 1
2851 10231 1
10231 6286 1
6286 180 1
180 6918 1
6918 8374 1
8374 2121 1
2121 4661 1
4661 7371 1
7371 5395 1
5395 10529 1
10529 8153 1
8153 2535 1
2535 3058 1
3058 1029 1
1029 7582 1
7582 4862 1
4862 629 1
629 2958 1
2958 8736 1
8736 9605 1
9605 1564 1
1564 7867 1
7867 3064 1
3064 3062 1
6196 9872 1
9872 6576 1
6576 10759 1
10759 9346 1
9346 6196 1
6196 997 1
997 7686 1
7686 3624 1
3624 2601 1
2601 2686 1
2686 3866 1
3866 10814 1
10814 9901 1
9901 10516 1
10516 6594 1
10516 10654 1
10654 2918 1
2918 7390 1
7390 9693 1
9693 2755 1
2755 5010 1
5010 414 1
414 8767 1
8767 5293 1
5293 3237 1
3237 3572 1
3572 10391 1
10391 2372 1
2372 6177 1
6177 10337 1
10337 8972 1
8972 2372 1
2372 1443 1
1443 718 1
718 4104 1
4104 7047 1
7047 10158 1
10158 2921 1
2921 2864 1
2864 2227 1
2227 2662 1
2662 5360 1
5360 2867 1
2867 9104 1
9104 8765 1
8765 1818 1
1818 6383 1
6383 2970 1
2970 1892 1
1892 319 1
319 6595 1
6595 11087 1
11087 10172 1
10172 10546 1
10546 7457 1
7457 1328 1
1328 7676 1
7676 2281 1
2281 5053 1
5053 5611 1
5611 7359 1
7359 1381 1
1381 2114 1
2114 9502 1
9502 4351 1
4351 3229 1
3229 2041 1
4871 7816 1
7816 18 1
18 9358 1
9358 4278 1
4278 8903 1
8903 9223 1
9223 9490 1
9490 8516 1
8516 7789 1
7789 8285 1
8285 10886 1
10886 6786 1
6786 4664 1
4664 7215 1
7215 982 1
982 6350 1
6350 11017 1
11017 406 1
406 5023 1
5023 6350 1
6350 5815 1
5815 532 1
532 264 1
264 8282 1
8282 6770 1
6770 5574 1
5574 9577 1
9577 1785 1
1785 3317 1
3317 2970 1
2970 9400 1
9400 3957 1
3957 4297 1
4297 3397 1
3397 10318 1
10318 2734 1
2734 3957 1
3957 4774 1
4774 8153 1
8153 3344 1
3344 2571 1
2571 6286 1
6286 2281 1
2281 8345 1
8345 10496 1
10496 7629 1
7629 2932 1
2932 5668 1
4941 6197 1
6197 1274 1
1274 7534 1
7534 9946 1
9946 7187 1
7187 8361 1
8361 4693 1
5700 8529 1
8529 44 1
44 44 1
44 6557 1
6557 6782 1
6557 2324 1
2324 6782 1
6782 4693 1
4693 9476 1
9476 5982 1
5982 3261 1
5982 1110 1
1110 1350 1
1350 7811 1
1350 3079 1
3079 3542 1
3542 9842 1
9842 1087 1
1087 1080 1
1080 3145 1
3145 5806 1
5806 1159 1
1159 9043 1
9043 3286 1
3286 1159 1
1159 5052 1
5052 9580 1
9580 10127 1
10127 10094 1
10094 6393 1
6393 9668 1
9668 2347 1
2347 4171 1
4171 10833 1
10833 4372 1
4372 399 1
399 9580 1
9580 690 1
690 11068 1
11068 3809 1
3809 8078 1
8078 2684 1
2684 2078 1
2078 6109 1
6109 4757 1
7190 2260 1
2260 161 1
161 3011 1
3011 10397 1
10397 10809 1
10809 9731 1
9446 11173 1
11173 10528 1
10528 8385 1
10528 3993 1
3993 4661 1
4661 5611 1
5611 4477 1
4477 982 1
982 3062 1
3062 2851 1
2851 543 1
543 42 1
42 7091 1
7091 4480 1
4480 2946 1
2946 6910 1
6910 4297 1
4297 8593 1
4297 5241 1
5241 3301 1
3301 2192 1
2192 10588 1
10588 6910 1
6910 4861 1
4861 5503 1
5503 10149 1
10149 4810 1
4810 4871 1
4871 11043 1
11043 10351 1
10351 763 1
763 8354 1
8354 11043 1
11043 6770 1
6770 6653 1
6653 296 1
296 3659 1
3659 11195 1
3659 1309 1
1309 4618 1
4618 2046 1
2046 8345 1
8345 5472 1
5472 7768 1
7768 4774 1
4774 678 1
678 3813 1
3813 5241 1
5241 5442 1
5442 4861 1
4861 5439 1
5439 3383 1
5439 8187 1
8187 6101 1
6101 8736 1
8736 1233 1
1233 818 1
818 3517 1
3517 3523 1
3523 10874 1
10874 4104 1
4104 10287 1
10287 5439 1
5439 2020 1
2020 4474 1
4474 2658 1
2658 3813 1
3813 3364 1
3364 5534 1
5534 6491 1
6491 10802 1
10802 2339 1
2339 6833 1
6833 4400 1
4400 5784 1
1525 5684 1
5684 5784 1
5784 2845 1
2845 5015 1
5015 5541 1
5541 10950 1
10950 10534 1
10996 6853 1
6853 6878 1
10534 8778 1
8778 9758 1
9758 9041 1
9041 9064 1
9064 8089 1
8089 954 1
954 6186 1
6186 10325 1
10325 1348 1
1348 10707 1
10707 5265 1
5265 1668 1
1668 1035 1
1035 5195 1
5195 8950 1
8950 6355 1
6355 9758 1
9758 10942 1
10942 8950 1
8950 7938 1
7938 4521 1
4521 6954 1
6954 10341 1
10341 10757 1
10757 1467 1
10757 3875 1
3875 6761 1
3875 5671 1
5671 11049 1
11049 7097 1
5671 9034 1
9034 5086 1
5086 5410 1
5410 964 1
5410 5740 1
5740 5086 1
5086 5698 1
5698 738 1
738 5801 1
5801 3610 1
3610 7332 1
7332 3292 1
3292 1549 1
1549 9609 1
9609 516 1
516 10376 1
10376 7088 1
7088 4371 1
4371 7373 1
7373 10527 1
10527 4494 1
4494 1297 1
1297 5673 1
5673 1913 1
1913 8036 1
8036 6694 1
6694 10328 1
10328 158 1
158 10998 1
10998 5673 1
5673 3653 1
3653 6400 1
6400 3776 1
3776 4770 1
4770 1822 1
1822 9259 1
9555 10604 1
10604 7088 1
7088 1913 1
1913 7373 1
7373 3649 1
3649 1592 1
1592 6272 1
6272 2130 1
2130 9326 1
9326 4911 1
4911 5113 1
5113 2388 1
2388 8753 1
8753 1082 1
1082 6328 1
6328 3097 1
3097 3572 1
3572 3099 1
3099 5336 1
5336 2864 1
2864 5831 1
5831 2795 1
2795 233 1
233 10179 1
10179 7370 1
7370 3510 1
3510 233 1
233 11132 1
11132 9333 1
9333 6426 1
6426 11132 1
11132 3326 1
3326 6288 1
6288 2505 1
2505 3326 1
3326 2115 1
2115 8316 1
8316 11132 1
11132 2979 1
2979 1535 1
1535 5969 1
5969 7945 1
7945 2339 1
2339 5708 1
5708 4873 1
4873 8269 1
8269 6391 1
6391 2851 1
2851 8304 1
8304 9164 1
9164 5968 1
5968 7841 1
7841 1403 1
1403 5564 1
5564 4688 1
4688 2221 1
2221 3948 1
3948 5112 1
3948 9790 1
9790 10581 1
10581 1838 1
1838 1816 1
1816 10390 1
10390 8884 1
8884 10581 1
10581 3605 1
3605 6594 1
6594 2601 1
2601 8884 1
8884 8422 1
8422 10581 1
10581 236 1
236 2601 1
2601 8753 1
8753 5536 1
5536 3372 1
3372 10654 1
10654 10975 1
10975 1015 1
1015 3419 1
3419 1846 1
1846 5526 1
5526 8969 1
8969 1461 1
8969 2898 1
2898 11011 1
11011 8969 1
8969 9539 1
9539 5431 1
5431 8228 1
8228 6683 1
6683 10527 1
10527 1592 1
1592 4563 1
4563 10529 1
10529 3409 1
3409 8802 1
8802 9170 1
8802 7695 1
7695 6286 1
6286 4766 1
4766 8755 1
8755 4483 1
4483 7023 1
7023 11006 1
11006 4119 1
4119 5972 1
5972 1029 1
7582 6723 1
6723 8274 1
8274 85 1
85 4766 1
4766 7582 1
7582 2071 1
42 1535 1
1535 2381 1
2381 11132 1
11132 8802 1
8802 5574 1
5574 5501 1
5501 6917 1
6917 5527 1
5527 7968 1
7968 4610 1
4610 5188 1
5188 6565 1
6565 6286 1
6286 7945 1
7945 2505 1
2505 3022 1
3022 3164 1
3164 360 1
360 5534 1
5534 2395 1
2395 1483 1
1483 3218 1
3218 614 1
614 10064 1
10064 2466 1
