1637 5722 1
1637 4033 1
1637 7169 1
1637 9307 1
1637 9718 1
7169 7174 1
7169 1637 1
7169 3003 1
7169 5722 1
7169 8419 1
9718 8457 1
9718 4679 1
9718 8338 1
9718 5722 1
9718 6057 1
4033 10814 1
4033 442 1
4033 1169 1
4033 10516 1
4033 5868 1
5722 9718 1
5722 377 1
5722 2617 1
5722 6118 1
5722 7914 1
9307 9756 1
9307 1637 1
9307 8592 1
9307 5996 1
9307 7169 1
7914 11177 1
7914 368 1
7914 3393 1
7914 4189 1
7914 11150 1
6118 5781 1
6118 54 1
6118 377 1
6118 4078 1
6118 3682 1
377 982 1
377 271 1
377 10753 1
377 2877 1
377 9180 1
5868 4146 1
5868 370 1
5868 7299 1
5868 3053 1
5868 2944 1
1169 10329 1
1169 442 1
1169 2944 1
1169 5562 1
1169 2226 1
6057 10290 1
6057 923 1
6057 1779 1
6057 9793 1
6057 9646 1
10516 6196 1
10516 299 1
10516 597 1
10516 4028 1
10516 3624 1
442 2371 1
442 2944 1
442 8959 1
442 6813 1
442 2601 1
8338 10429 1
8338 1779 1
8338 4679 1
8338 6057 1
8338 10290 1
4679 6561 1
4679 1242 1
4679 1895 1
4679 8987 1
4679 9718 1
8419 8252 1
8419 804 1
8419 2166 1
8419 9079 1
8419 10434 1
5996 7847 1
5996 689 1
5996 2376 1
5996 2539 1
5996 9281 1
8457 9718 1
8457 923 1
8457 2500 1
8457 9083 1
8457 10429 1
10814 7299 1
10814 442 1
10814 1169 1
10814 5562 1
10814 5382 1
9756 10233 1
9756 550 1
9756 2605 1
9756 3647 1
9756 8604 1
2617 4827 1
2617 1003 1
2617 2219 1
2617 3300 1
2617 6576 1
7174 9431 1
7174 317 1
7174 720 1
7174 6500 1
7174 6165 1
8592 10233 1
8592 902 1
8592 2848 1
8592 4262 1
8592 9307 1
3003 7179 1
3003 7169 1
3003 9993 1
3003 5968 1
3003 9270 1
1242 1162 1
1242 3361 1
1242 5599 1
1242 4679 1
1242 2372 1
6561 8592 1
6561 902 1
6561 4679 1
6561 5230 1
6561 8960 1
9180 7535 1
9180 377 1
9180 444 1
9180 4654 1
9180 4021 1
9083 416 1
9083 2500 1
9083 10954 1
9083 6503 1
9083 8457 1
6813 11199 1
6813 442 1
6813 4977 1
6813 6525 1
6813 10128 1
8959 4627 1
8959 299 1
8959 9082 1
8959 2944 1
8959 2601 1
3624 8705 1
3624 442 1
3624 1169 1
3624 5536 1
3624 3866 1
2848 3237 1
2848 240 1
2848 532 1
2848 9072 1
2848 6938 1
2371 2573 1
2371 442 1
2371 1169 1
2371 3372 1
2371 8753 1
9646 4526 1
9646 4679 1
9646 8457 1
9646 4887 1
9646 6057 1
4028 8705 1
4028 442 1
4028 1169 1
4028 5914 1
4028 7299 1
5968 3008 1
5968 232 1
5968 5503 1
5968 7378 1
5968 1938 1
597 3605 1
597 498 1
597 8422 1
597 10516 1
597 9951 1
1779 8457 1
1779 8338 1
1779 6057 1
1779 10290 1
1779 9614 1
5562 5914 1
5562 442 1
5562 1082 1
5562 4842 1
5562 4028 1
1003 8014 1
1003 10291 1
1003 4827 1
1003 6533 1
1003 2617 1
10290 8338 1
10290 1088 1
10290 1934 1
10290 5133 1
10290 6057 1
299 1082 1
299 3457 1
299 6977 1
299 5941 1
299 5562 1
9793 11177 1
9793 720 1
9793 2465 1
9793 4887 1
9793 6244 1
3682 4874 1
3682 2466 1
3682 7134 1
3682 4078 1
3682 6118 1
2226 7885 1
2226 442 1
2226 1169 1
2226 6576 1
2226 2601 1
11150 7635 1
11150 368 1
11150 2235 1
11150 4125 1
11150 6273 1
2601 3605 1
2601 299 1
2601 5282 1
2601 5946 1
2601 2226 1
370 2151 1
370 212 1
370 7559 1
370 6477 1
370 4419 1
54 8799 1
54 6118 1
54 3751 1
54 10801 1
54 3223 1
6165 3306 1
6165 6896 1
6165 7174 1
5781 6282 1
5781 720 1
5781 2380 1
5781 2846 1
5781 6118 1
9079 804 1
9079 1187 1
9079 8419 1
3647 9756 1
3647 550 1
3647 5705 1
3647 10079 1
3647 3345 1
7299 5724 1
7299 224 1
7299 9044 1
7299 3986 1
7299 3457 1
10434 5254 1
10434 50 1
10434 9427 1
10434 3858 1
10434 3523 1
9270 2431 1
9270 3003 1
2166 804 1
2166 5208 1
2166 10118 1
2166 8419 1
7847 689 1
7847 5996 1
7847 9769 1
3053 7620 1
3053 370 1
3053 1152 1
3053 7254 1
3053 3528 1
804 8252 1
804 2166 1
804 8155 1
804 8419 1
804 9079 1
689 9769 1
689 5996 1
689 7847 1
2539 9994 1
2539 2390 1
2539 9991 1
2539 5996 1
2539 7380 1
9281 5607 1
9281 445 1
9281 1234 1
9281 1441 1
9281 11164 1
2500 8457 1
2500 6057 1
2500 6503 1
2500 4679 1
2500 9083 1
902 8592 1
902 6561 1
902 2778 1
3393 6196 1
3393 720 1
3393 1285 1
3393 7970 1
3393 6262 1
550 458 1
550 3345 1
550 3647 1
550 9756 1
4827 6243 1
4827 662 1
4827 1003 1
4827 6700 1
4827 7267 1
8604 7494 1
8604 615 1
8604 2130 1
8604 9349 1
8604 7870 1
4146 5868 1
4146 982 1
4146 1250 1
4146 1780 1
4146 6629 1
2877 2363 1
2877 32 1
2877 4196 1
2877 10954 1
2877 4543 1
8987 8229 1
8987 68 1
8987 10041 1
8987 4190 1
8987 8282 1
3300 10044 1
3300 315 1
3300 1586 1
3300 7390 1
3300 9838 1
9993 3003 1
9993 3939 1
9993 8419 1
317 6013 1
317 10882 1
317 9431 1
317 1443 1
317 720 1
7179 3003 1
6500 7992 1
6500 304 1
6500 529 1
6500 5750 1
6500 5437 1
10233 8592 1
10233 977 1
10233 1132 1
10233 5559 1
10233 5246 1
2376 1659 1
2376 7705 1
2376 10367 1
2376 5996 1
720 5968 1
720 224 1
720 4168 1
720 9011 1
720 4135 1
1895 3049 1
1895 9761 1
1895 4679 1
4262 6576 1
4262 628 1
4262 3211 1
4262 6561 1
4262 4615 1
8252 8940 1
8252 804 1
8252 3093 1
8252 5619 1
8252 6843 1
982 3772 1
982 42 1
982 2936 1
982 7484 1
982 1739 1
2605 6700 1
2605 2286 1
2605 6336 1
2605 10620 1
2605 7265 1
10753 377 1
10753 556 1
10753 10307 1
10753 8450 1
2944 9275 1
2944 442 1
2944 1169 1
2944 5914 1
2944 3866 1
10429 10235 1
10429 305 1
10429 1311 1
10429 1811 1
10429 8457 1
923 9780 1
923 6721 1
923 8457 1
923 8314 1
923 6057 1
2219 8157 1
2219 419 1
2219 854 1
2219 5605 1
2219 8373 1
6196 5724 1
6196 299 1
6196 8178 1
6196 3986 1
6196 3624 1
9431 9044 1
9431 42 1
9431 720 1
9431 10260 1
9431 9169 1
11177 9120 1
11177 720 1
11177 934 1
11177 6379 1
11177 5339 1
368 6916 1
368 10756 1
368 7635 1
368 7914 1
368 10685 1
6576 5441 1
6576 53 1
6576 10938 1
6576 3969 1
6576 3624 1
271 3587 1
271 2947 1
271 10759 1
271 10549 1
271 8413 1
4078 6118 1
4078 53 1
4078 1465 1
4078 8496 1
4078 6313 1
10329 7123 1
10329 299 1
10329 1082 1
10329 5468 1
10329 5182 1
5382 10938 1
5382 442 1
5382 1169 1
5382 5868 1
5382 9347 1
4189 6898 1
4189 904 1
4189 3415 1
4189 7673 1
4189 6244 1
10938 7299 1
10938 442 1
10938 1169 1
10938 5562 1
10938 5382 1
10882 5441 1
315 3300 1
10044 3300 1
3372 7885 1
3372 442 1
3372 1169 1
3372 3624 1
3372 5562 1
8229 68 1
458 9756 1
458 550 1
7992 68 1
32 10882 1
8753 6977 1
8753 442 1
8753 1082 1
8753 5182 1
5437 6118 1
7494 32 1
7267 2286 1
7267 4827 1
1132 68 1
662 6533 1
662 5230 1
4874 53 1
4874 3682 1
10041 68 1
5133 42 1
5133 3969 1
1285 3393 1
1586 9838 1
5599 1242 1
5599 4679 1
5599 3049 1
7390 377 1
3211 628 1
3211 2219 1
3211 4262 1
1443 42 1
1443 7992 1
1443 9011 1
4627 982 1
4627 2219 1
4627 3300 1
4627 7265 1
615 8604 1
7885 5536 1
7885 442 1
7885 1082 1
7885 4028 1
7378 5968 1
9169 9431 1
9169 7174 1
8373 8157 1
3008 982 1
3008 6244 1
3605 498 1
3605 2601 1
6503 9083 1
6503 2500 1
6503 8457 1
6503 4526 1
6503 4679 1
2235 11150 1
6533 1003 1
6533 4827 1
4543 2877 1
9275 4842 1
6262 3393 1
6262 5781 1
1934 8252 1
5914 442 1
5914 1169 1
5914 5382 1
5914 4842 1
6243 6700 1
9427 50 1
212 7559 1
10759 271 1
232 50 1
8282 50 1
8314 923 1
7635 11150 1
10620 11177 1
10620 2605 1
3751 8419 1
7134 11177 1
7134 53 1
6273 5724 1
6273 6576 1
6273 11150 1
3345 550 1
3345 9756 1
2936 53 1
6916 368 1
977 9756 1
5246 9275 1
1465 4078 1
5605 2219 1
10128 442 1
10128 6813 1
7265 4827 1
9011 6244 1
5230 42 1
5230 6977 1
5230 7123 1
9120 6118 1
7484 68 1
10756 368 1
7970 11177 1
7970 3393 1
9614 1779 1
9614 6057 1
9614 10290 1
9614 8338 1
9614 8457 1
6629 1780 1
6629 7885 1
6898 11177 1
904 271 1
3772 68 1
5750 5437 1
6977 442 1
6977 1169 1
6977 5562 1
6977 5382 1
7559 212 1
10954 9275 1
1739 68 1
2286 4827 1
2286 7267 1
2286 2605 1
10307 8450 1
10307 10753 1
7123 2944 1
7123 2226 1
8422 498 1
8422 2601 1
9780 923 1
6379 4078 1
1082 10814 1
1082 299 1
1082 5941 1
1082 8753 1
5339 11177 1
9838 1586 1
8496 4078 1
8496 4808 1
6896 7174 1
6896 7169 1
6896 8634 1
6896 6165 1
3049 10062 1
3049 8215 1
5503 8669 1
5503 32 1
5503 8755 1
5503 3517 1
10291 465 1
10291 8703 1
10291 10918 1
5441 32 1
5441 9934 1
5441 2162 1
6843 8604 1
6843 3380 1
6843 5968 1
6843 8252 1
4654 444 1
4654 1775 1
2465 4887 1
2465 305 1
2465 2295 1
2465 4990 1
53 5639 1
5282 7192 1
5282 10425 1
3237 4596 1
3237 240 1
3237 4128 1
3237 5503 1
7705 6689 1
7705 563 1
7705 994 1
7705 1659 1
7705 10418 1
4842 10157 1
4842 370 1
4842 7123 1
4842 3624 1
4842 3372 1
8413 10334 1
8413 662 1
8413 1703 1
8413 7941 1
10801 8799 1
10801 3223 1
10801 4078 1
1250 442 1
1250 1082 1
1250 6576 1
1250 5724 1
1659 2430 1
1659 761 1
1659 4521 1
1659 4943 1
7673 4189 1
7673 6898 1
7673 8483 1
9951 498 1
9951 2601 1
9951 10516 1
42 8303 1
42 32 1
42 7372 1
5468 6196 1
5468 442 1
5468 1082 1
5468 9347 1
5468 5182 1
2466 9422 1
2466 5472 1
5182 10814 1
5182 442 1
5182 1169 1
5182 9347 1
5182 6977 1
6336 2434 1
6336 7494 1
1162 3049 1
1162 7395 1
1162 4457 1
1162 1449 1
1162 8987 1
10235 2601 1
419 2219 1
419 6017 1
419 8700 1
419 7924 1
6313 4078 1
9994 6659 1
9994 627 1
9994 1356 1
9994 9105 1
9994 10248 1
7535 10156 1
7535 9180 1
6938 5443 1
6938 240 1
6938 532 1
6938 3572 1
532 240 1
532 7816 1
3858 7211 1
3858 50 1
6721 3654 1
6721 3394 1
6721 4072 1
498 3605 1
498 8422 1
498 10581 1
498 9951 1
3361 1242 1
3361 1675 1
3361 11068 1
4021 377 1
4021 1270 1
4021 1781 1
4021 9082 1
240 5241 1
240 1 1
240 3570 1
240 5968 1
4419 212 1
4419 7385 1
9991 9458 1
9991 619 1
9991 10462 1
1811 10429 1
1811 4887 1
11164 626 1
11164 3708 1
11164 10021 1
2372 3572 1
2372 1162 1
2372 1464 1
2372 10391 1
5607 10780 1
5607 240 1
5607 2029 1
5607 6418 1
4977 9272 1
4977 5643 1
4977 6153 1
2390 9991 1
2390 7459 1
2390 10248 1
2390 8772 1
6525 68 1
6525 3517 1
6525 4941 1
6525 10551 1
1152 6197 1
1152 122 1
1152 9374 1
1152 7719 1
1938 3171 1
1938 7690 1
1938 5968 1
1938 3189 1
5619 8940 1
5619 8252 1
10118 2166 1
10118 5208 1
9072 32 1
9072 7147 1
2947 3755 1
2947 8373 1
1311 6578 1
1311 11042 1
1311 2732 1
9082 9180 1
9082 377 1
9082 1375 1
9082 8959 1
934 8832 1
934 11177 1
4615 543 1
4615 4262 1
4615 7259 1
8705 442 1
8705 1169 1
8705 5536 1
8705 5230 1
4526 6057 1
4526 2500 1
4526 4679 1
4526 8457 1
4526 6503 1
2363 11129 1
2363 42 1
2363 2162 1
2363 7294 1
2363 8871 1
6244 982 1
6244 5133 1
6244 4828 1
8960 8432 1
8960 3653 1
8960 7798 1
8960 9974 1
8960 7373 1
9347 7171 1
9347 442 1
9347 1169 1
9347 5562 1
9347 5382 1
628 4827 1
628 4262 1
628 2219 1
5536 9901 1
5536 299 1
5536 1082 1
5536 5382 1
5536 4842 1
444 4654 1
444 304 1
444 1270 1
444 8943 1
10260 317 1
10260 1377 1
10260 9431 1
10260 9044 1
4125 2463 1
4125 11150 1
3528 4842 1
3528 370 1
3528 1152 1
3528 4724 1
3528 5868 1
1441 655 1
1441 9281 1
1441 8039 1
2573 8015 1
2573 442 1
2573 1169 1
2573 9901 1
2573 3624 1
5941 6196 1
5941 442 1
5941 1169 1
5941 5562 1
5941 5382 1
6477 212 1
6477 8399 1
7870 8107 1
7870 9753 1
7870 8604 1
8799 2789 1
8799 3728 1
6013 4670 1
6013 2722 1
2431 7169 1
2431 9270 1
2431 3003 1
2431 7924 1
3223 642 1
3223 10801 1
3223 7488 1
3306 6896 1
3306 6165 1
3306 7174 1
556 10753 1
6282 5781 1
2380 3897 1
2380 2288 1
2380 5041 1
10549 7006 1
10549 8373 1
2778 902 1
2846 3624 1
2846 299 1
2846 9349 1
2846 10235 1
2846 2601 1
3457 10516 1
3457 10890 1
3866 10311 1
3866 442 1
3866 1169 1
3866 5536 1
3866 6552 1
1187 9079 1
1187 8293 1
8178 7299 1
8178 442 1
8178 1169 1
8178 5562 1
8178 5382 1
5724 5914 1
5724 442 1
5724 1169 1
5724 5230 1
5724 4867 1
4887 305 1
4887 10429 1
5705 4262 1
5705 2103 1
5705 3647 1
5705 3345 1
11199 9128 1
11199 7924 1
11199 9409 1
6700 8604 1
6700 801 1
6700 4141 1
6700 4827 1
6700 7494 1
10079 748 1
10079 3647 1
10079 2219 1
224 360 1
224 7299 1
224 7945 1
9044 8666 1
9044 317 1
9044 720 1
9044 10260 1
9044 10882 1
305 2465 1
305 10429 1
305 4887 1
3986 9347 1
3986 299 1
3986 8178 1
3986 3372 1
3986 3064 1
5254 1068 1
5254 10885 1
3523 50 1
3523 3383 1
3523 9278 1
5208 2166 1
5208 5093 1
5208 10118 1
1088 505 1
1088 1465 1
8450 316 1
8450 794 1
8450 6160 1
8450 5507 1
3939 3003 1
3939 9993 1
3939 8419 1
7620 3053 1
7620 4596 1
7620 9547 1
445 7160 1
445 5607 1
445 5962 1
445 9281 1
854 2540 1
854 8373 1
7254 3053 1
7254 3704 1
7254 7147 1
8155 8419 1
8155 3093 1
8155 8252 1
9349 7904 1
9349 2846 1
9349 8604 1
9349 10417 1
8940 5619 1
8940 8252 1
7380 5124 1
7380 2539 1
7380 3800 1
7380 5996 1
7380 3344 1
2151 212 1
4196 8239 1
4196 8883 1
416 4296 1
416 10954 1
1234 4213 1
1234 445 1
1234 5248 1
1234 9207 1
1234 9097 1
