102 2851 1
102 9934 1
102 3813 1
102 11093 1
102 7768 1
11093 2162 1
11093 4480 1
11093 5441 1
11093 4150 1
11093 7689 1
3813 3301 1
3813 1059 1
3813 2975 1
3813 941 1
3813 5597 1
7768 3049 1
7768 982 1
7768 2880 1
7768 941 1
7768 7920 1
2851 9934 1
2851 3364 1
2851 6576 1
2851 6166 1
2851 8013 1
9934 2880 1
9934 11093 1
9934 10792 1
9934 9100 1
9934 9131 1
9100 9934 1
9100 3813 1
9100 10231 1
9100 3611 1
9100 5534 1
8013 9693 1
8013 5906 1
8013 9011 1
8013 5503 1
8013 6910 1
6166 10618 1
6166 3759 1
6166 2851 1
6166 5601 1
6166 10759 1
3364 4468 1
3364 2395 1
3364 5974 1
3364 2284 1
3364 3164 1
10792 3227 1
10792 1157 1
10792 2958 1
10792 972 1
10792 9939 1
2880 2791 1
2880 899 1
2880 4000 1
2880 730 1
2880 9164 1
982 1233 1
982 5133 1
982 9416 1
982 941 1
982 2946 1
3049 4073 1
3049 9761 1
3049 10158 1
3049 7768 1
3049 10849 1
5441 11114 1
5441 2379 1
5441 7758 1
5441 2284 1
5441 3572 1
4150 3918 1
4150 7361 1
4150 675 1
4150 11093 1
4150 9131 1
7689 3806 1
7689 4150 1
7689 675 1
7689 8848 1
7689 10428 1
3301 10343 1
3301 1892 1
3301 3644 1
3301 1739 1
3301 2447 1
6576 8178 1
6576 4028 1
6576 10938 1
6576 3866 1
6576 5536 1
941 4298 1
941 8229 1
941 5815 1
941 3100 1
941 2121 1
9131 10792 1
9131 3384 1
9131 8215 1
9131 3017 1
9131 4462 1
2162 3733 1
2162 3086 1
2162 7843 1
2162 7945 1
2162 6187 1
1059 7313 1
1059 1443 1
1059 7660 1
1059 11086 1
1059 5970 1
4480 2979 1
4480 1130 1
4480 2788 1
4480 972 1
4480 8987 1
5597 4357 1
5597 1892 1
5597 3957 1
5597 1739 1
5597 2447 1
7920 4238 1
7920 1739 1
7920 3788 1
7920 1629 1
7920 2281 1
2975 8802 1
2975 1629 1
2975 8755 1
2975 1412 1
2975 2121 1
3572 3397 1
3572 1443 1
3572 3181 1
3572 1248 1
3572 8316 1
9416 5482 1
9416 6222 1
9416 982 1
9416 3296 1
9416 11113 1
5536 6977 1
5536 9347 1
5536 5990 1
5536 5230 1
5536 9267 1
5133 9872 1
5133 4382 1
5133 9406 1
5133 4087 1
5133 8738 1
10759 5441 1
10759 9872 1
10759 10234 1
10759 9468 1
10759 9693 1
4357 3918 1
4357 1681 1
4357 3523 1
4357 1629 1
4357 2262 1
730 6883 1
730 10292 1
730 7375 1
730 11060 1
730 4840 1
2379 7054 1
2379 4352 1
2379 617 1
2379 2658 1
2379 10411 1
4028 2573 1
4028 5562 1
4028 5536 1
4028 6552 1
4028 7885 1
2791 5064 1
2791 3164 1
2791 5295 1
2791 7457 1
2791 8269 1
11114 5082 1
11114 9872 1
11114 10105 1
11114 9468 1
11114 9693 1
9939 4060 1
9939 1664 1
9939 3644 1
9939 1535 1
9939 2243 1
10618 271 1
10618 6166 1
10618 10492 1
2958 6286 1
2958 1892 1
2958 3678 1
2958 1739 1
2958 2447 1
9011 2806 1
9011 808 1
9011 11167 1
9011 756 1
9011 7806 1
10158 5360 1
10158 2227 1
10158 4797 1
10158 2114 1
10158 2842 1
899 3574 1
899 10306 1
899 9427 1
899 10292 1
899 10869 1
3227 7695 1
3227 1801 1
3227 6712 1
3227 1681 1
3227 2381 1
8178 2573 1
8178 5868 1
8178 5914 1
8178 5536 1
8178 8015 1
4298 3227 1
4298 1130 1
4298 2970 1
4298 980 1
4298 10135 1
6910 4060 1
6910 1664 1
6910 3644 1
6910 1564 1
6910 2272 1
4000 3813 1
4000 1553 1
4000 3409 1
4000 1355 1
4000 2238 1
3806 3498 1
3806 4412 1
3806 4458 1
3806 11093 1
3806 8848 1
1233 7359 1
1233 3100 1
1233 3234 1
1233 7768 1
1233 9278 1
2979 8282 1
2979 1739 1
2979 6712 1
2979 1629 1
2979 2281 1
9693 7110 1
9693 8160 1
9693 2851 1
9693 10234 1
9693 11113 1
1157 9681 1
1157 6722 1
1157 3574 1
1157 4119 1
1157 6526 1
1739 4298 1
1739 9473 1
1739 8374 1
1739 6061 1
1739 4661 1
9164 3017 1
9164 6935 1
9164 7530 1
9164 6391 1
9164 6489 1
10231 2880 1
10231 11129 1
10231 11093 1
10231 9934 1
10231 10792 1
3759 271 1
3759 8349 1
3759 3852 1
3759 6166 1
3759 7924 1
5534 6391 1
5534 4583 1
5534 6374 1
5534 4298 1
5534 10397 1
3788 3326 1
3788 1233 1
3788 3042 1
3788 1055 1
3788 6563 1
3918 7616 1
3918 7689 1
3918 675 1
3918 11093 1
3918 9136 1
7313 7548 1
7313 6374 1
7313 8274 1
7313 5974 1
7313 9008 1
9761 10849 1
9761 4044 1
9761 8987 1
9761 3478 1
9761 6892 1
10343 3778 1
10343 1535 1
10343 3397 1
10343 1341 1
10343 2192 1
2946 6595 1
2946 1892 1
2946 8187 1
2946 1739 1
2946 2447 1
972 7758 1
972 7294 1
972 11093 1
972 6391 1
972 11129 1
5503 2819 1
5503 941 1
5503 8153 1
5503 834 1
5503 6722 1
7758 2284 1
7758 6286 1
7758 6374 1
7758 6003 1
7758 10802 1
10938 2573 1
10938 5868 1
10938 5914 1
10938 5536 1
10938 8015 1
5815 2877 1
5815 6183 1
5815 7720 1
5815 6036 1
5815 10602 1
8848 3918 1
8848 4357 1
8848 675 1
8848 11087 1
8848 7689 1
8229 3401 1
8229 1564 1
8229 3218 1
8229 1412 1
8229 9142 1
2121 2734 1
2121 1739 1
2121 6019 1
2121 1629 1
2121 4610 1
8755 4061 1
8755 1785 1
8755 3772 1
8755 1681 1
8755 2372 1
3733 6529 1
3733 6737 1
3733 1688 1
3733 7294 1
3733 10418 1
3644 5671 1
3644 1785 1
3644 9473 1
3644 1664 1
3644 2281 1
2281 5241 1
2281 1564 1
2281 6239 1
2281 1336 1
2281 2192 1
7945 3644 1
7945 1443 1
7945 3326 1
7945 1233 1
7945 2121 1
1412 8316 1
1412 1153 1
1412 4199 1
1412 982 1
1412 6910 1
3866 2573 1
3866 9901 1
3866 6576 1
3866 5562 1
3866 8015 1
7843 9788 1
7843 3115 1
7843 8712 1
7843 2970 1
7843 4135 1
11086 2943 1
11086 7606 1
11086 7660 1
11086 7400 1
11086 9732 1
1892 2192 1
1892 1564 1
1892 8187 1
1892 1336 1
1892 4104 1
10428 505 1
10428 6781 1
10428 3653 1
10428 7689 1
10428 10086 1
4462 4610 1
4462 8907 1
4462 10317 1
4462 5434 1
4462 8509 1
1443 1746 1
1443 9788 1
1443 7400 1
1443 10551 1
1443 9577 1
1130 1233 1
1130 8229 1
1130 3772 1
1130 4477 1
1130 8374 1
8987 3317 1
8987 1153 1
8987 3022 1
8987 982 1
8987 8998 1
7660 8871 1
7660 6269 1
7660 10202 1
7660 5974 1
7660 10882 1
3017 7655 1
3017 6935 1
3017 3241 1
3017 4871 1
3017 5442 1
3957 8233 1
3957 1892 1
3957 9218 1
3957 1739 1
3957 2447 1
1629 3227 1
1629 1535 1
1629 10022 1
1629 1328 1
1629 8229 1
3086 9406 1
3086 3232 1
3086 2658 1
3086 10504 1
3086 6691 1
4073 5847 1
4073 3181 1
4073 10989 1
4073 2932 1
4073 7231 1
6187 7116 1
6187 4612 1
6187 3782 1
6187 5717 1
6187 8949 1
3100 7239 1
3100 1336 1
3100 9218 1
3100 1157 1
3100 3409 1
675 5654 1
675 4357 1
675 7616 1
675 8848 1
675 4150 1
3164 2791 1
3164 11176 1
3164 8316 1
3164 3364 1
3164 8269 1
5906 8543 1
5906 2614 1
5906 6936 1
5906 2260 1
5906 3288 1
3384 7689 1
3384 8660 1
3384 675 1
3384 4150 1
3384 9131 1
7361 3918 1
7361 4357 1
7361 675 1
7361 9131 1
7361 8660 1
5970 8187 1
5970 4135 1
5970 7370 1
5970 3813 1
5970 9733 1
2284 7294 1
2284 993 1
2284 8274 1
2284 941 1
2284 3386 1
5974 2936 1
5974 941 1
5974 7064 1
5974 756 1
5974 6229 1
8802 3772 1
8802 1564 1
8802 3362 1
8802 1336 1
8802 2121 1
2788 3062 1
2788 1892 1
2788 8716 1
2788 1739 1
2788 2447 1
5601 10809 1
5601 6309 1
5601 6166 1
2395 6058 1
2395 10266 1
2395 5016 1
2395 4629 1
2395 6459 1
4238 9733 1
4238 1801 1
4238 3945 1
4238 1681 1
4238 2402 1
8215 2284 1
8215 4810 1
8215 5441 1
8215 4480 1
8215 7768 1
4468 2395 1
4468 6923 1
4468 8345 1
4468 4865 1
4468 9264 1
2447 3062 1
2447 1892 1
2447 8716 1
2447 1739 1
2447 2402 1
3611 4865 1
3611 2791 1
3611 6834 1
3611 2395 1
3611 3364 1
10849 10678 1
10849 3478 1
10849 8547 1
10849 3181 1
10849 5410 1
5241 3097 1
5241 1229 1
5241 2936 1
5241 987 1
5241 10091 1
7695 4357 1
7695 1892 1
7695 3957 1
7695 1739 1
7695 2447 1
5671 4544 1
5671 10887 1
5671 1117 1
5671 6333 1
5671 7761 1
6489 10129 1
6489 3652 1
6489 7543 1
6489 3542 1
6489 5184 1
6239 10609 1
6239 4060 1
6239 7582 1
6239 3858 1
6239 5969 1
10418 9878 1
10418 4287 1
10418 8073 1
10418 3978 1
10418 6036 1
6737 2354 1
6737 818 1
6737 6918 1
6737 678 1
6737 7228 1
2238 8187 1
2238 1336 1
2238 5719 1
2238 1157 1
2238 2044 1
4061 4477 1
4061 1892 1
4061 3957 1
4061 1739 1
4061 2447 1
9142 4357 1
9142 1892 1
9142 3957 1
9142 1739 1
9142 2447 1
3401 4865 1
3401 3986 1
3401 5798 1
3401 8229 1
3401 7911 1
10492 3422 1
10492 10618 1
10492 11009 1
10492 9713 1
10492 10028 1
6036 7279 1
6036 2846 1
6036 7228 1
6036 2693 1
6036 4256 1
4610 8862 1
4610 3482 1
4610 6549 1
4610 3326 1
4610 4335 1
7064 3397 1
7064 1460 1
7064 3227 1
7064 1336 1
7064 8998 1
6003 10452 1
6003 8319 1
6003 2545 1
6003 3570 1
6003 5819 1
2819 9278 1
2819 976 1
2819 4115 1
2819 830 1
2819 2946 1
7294 2077 1
7294 4871 1
7294 11129 1
7294 4149 1
7294 10418 1
4840 2145 1
4840 7102 1
4840 289 1
4840 4978 1
4840 5907 1
8187 3317 1
8187 1130 1
8187 2979 1
8187 941 1
8187 9998 1
6595 2970 1
6595 976 1
6595 2791 1
6595 830 1
6595 7843 1
2192 8316 1
2192 1535 1
2192 7768 1
2192 1336 1
2192 2077 1
6691 3062 1
6691 10912 1
6691 8738 1
6691 9732 1
6691 10504 1
6892 7231 1
6892 3203 1
6892 8644 1
6892 3049 1
6892 4776 1
6374 10411 1
6374 4135 1
6374 10882 1
6374 3761 1
6374 5437 1
3478 5847 1
3478 3099 1
3478 10397 1
3478 2926 1
3478 4937 1
10022 3945 1
10022 1564 1
10022 3517 1
10022 1336 1
10022 2238 1
2260 3809 1
2260 6443 1
2260 10143 1
2260 4230 1
2260 4960 1
9264 9008 1
9264 3736 1
9264 9600 1
9264 3572 1
9264 5204 1
2372 3409 1
2372 7768 1
2372 1242 1
2372 2620 1
2372 3271 1
1055 3410 1
1055 10265 1
1055 617 1
1055 10411 1
1055 3788 1
6781 3633 1
6781 10086 1
6781 8912 1
6781 9175 1
6781 7373 1
3042 8316 1
3042 1892 1
3042 6737 1
3042 1739 1
3042 2447 1
4583 5016 1
4583 3761 1
4583 3583 1
4583 7845 1
4583 9264 1
3772 7239 1
3772 1739 1
3772 9733 1
3772 1639 1
3772 2284 1
8349 10589 1
8349 2425 1
8349 2219 1
8349 3404 1
8349 6243 1
7530 3227 1
7530 1130 1
7530 2946 1
7530 982 1
7530 11039 1
10802 2880 1
10802 11129 1
10802 11093 1
10802 9934 1
10802 10231 1
6712 4357 1
6712 1892 1
6712 3957 1
6712 1739 1
6712 2447 1
6935 2632 1
6935 834 1
6935 8079 1
6935 767 1
6935 10588 1
6526 10609 1
6526 4104 1
6526 7582 1
6526 3951 1
6526 5971 1
4661 4357 1
4661 1892 1
4661 3957 1
4661 1739 1
4661 2447 1
980 10135 1
980 3678 1
980 6498 1
980 5709 1
980 3022 1
2877 5313 1
2877 1877 1
2877 4196 1
2877 1785 1
2877 2595 1
4104 2552 1
4104 818 1
4104 9100 1
4104 756 1
4104 5881 1
8160 3062 1
8160 6257 1
8160 10234 1
8160 5970 1
8160 9092 1
8269 10104 1
8269 3572 1
8269 9147 1
8269 3326 1
8269 4873 1
10306 3292 1
10306 4119 1
10306 635 1
10306 10834 1
10306 10729 1
2943 10882 1
2943 8523 1
2943 5708 1
2943 8054 1
2943 5970 1
8316 2936 1
8316 1026 1
8316 9008 1
8316 980 1
8316 8054 1
271 10492 1
271 6757 1
271 11009 1
271 820 1
271 7598 1
1664 2238 1
1664 8961 1
1664 5792 1
1664 1629 1
1664 10287 1
1535 6383 1
1535 1336 1
1535 5318 1
1535 1157 1
1535 9142 1
10678 3010 1
10678 9870 1
10678 9927 1
10678 9245 1
10678 9442 1
11087 8712 1
11087 3327 1
11087 7977 1
11087 3115 1
11087 4199 1
3326 3100 1
3326 1208 1
3326 2946 1
3326 1025 1
3326 6286 1
4458 2410 1
4458 3498 1
4458 3806 1
6923 3227 1
6923 1233 1
6923 2958 1
6923 993 1
6923 10004 1
4060 3778 1
4060 1564 1
4060 3383 1
4060 1336 1
4060 2192 1
6883 730 1
6883 3809 1
6883 2695 1
6883 8152 1
6883 2594 1
6286 3344 1
6286 1336 1
6286 3022 1
6286 1211 1
6286 6391 1
10266 2535 1
10266 5163 1
10266 5395 1
10266 4918 1
10266 8335 1
7806 9602 1
7806 4018 1
7806 7843 1
7806 3734 1
7806 6058 1
3574 3560 1
3574 1484 1
3574 3301 1
3574 1281 1
3574 2112 1
9427 3386 1
9427 1233 1
9427 3064 1
9427 1141 1
9427 10091 1
8233 3778 1
8233 1564 1
8233 3383 1
8233 1336 1
8233 2192 1
8282 3227 1
8282 982 1
8282 2958 1
8282 941 1
8282 10869 1
10869 8117 1
10869 2568 1
10869 6876 1
10869 2492 1
10869 3748 1
8712 9600 1
8712 4531 1
8712 10487 1
8712 4018 1
8712 6529 1
10105 2859 1
10105 11130 1
10105 11114 1
10105 8827 1
6722 3778 1
6722 1564 1
6722 3383 1
6722 1336 1
6722 2192 1
5868 8883 1
5868 3346 1
5868 7299 1
5868 3047 1
5868 4727 1
2842 9662 1
2842 9502 1
2842 8095 1
2842 7193 1
2842 8842 1
7110 3062 1
7110 9253 1
7110 10759 1
7110 9872 1
7110 7411 1
5717 6770 1
5717 4034 1
5717 3415 1
5717 6187 1
5717 8949 1
10602 667 1
10602 5815 1
10602 5154 1
10602 9996 1
10602 941 1
2573 2944 1
2573 8753 1
2573 6196 1
2573 3372 1
2573 10329 1
10135 3678 1
10135 9146 1
10135 9600 1
10135 8998 1
10135 9100 1
2272 9400 1
2272 1892 1
2272 8345 1
2272 1739 1
2272 7945 1
9901 2573 1
9901 5868 1
9901 5914 1
9901 5536 1
9901 8015 1
2936 9577 1
2936 1681 1
2936 8802 1
2936 1564 1
2936 2262 1
3022 5161 1
3022 1373 1
3022 4115 1
3022 1153 1
3022 2020 1
7400 2846 1
7400 9733 1
7400 7945 1
7400 7370 1
7400 8912 1
5410 2302 1
5410 8002 1
5410 9034 1
5410 9654 1
5410 10849 1
9136 3918 1
9136 4357 1
9136 675 1
9136 8848 1
9136 7689 1
3317 2614 1
3317 834 1
3317 6059 1
3317 767 1
3317 5792 1
4135 4630 1
4135 1802 1
4135 4082 1
4135 1629 1
4135 2608 1
1681 7945 1
1681 1664 1
1681 8343 1
1681 1535 1
1681 10792 1
5064 9661 1
5064 3862 1
5064 6288 1
5064 3463 1
5064 11018 1
4865 8345 1
4865 3788 1
4865 6097 1
4865 3534 1
4865 5894 1
1328 2535 1
1328 5048 1
1328 3327 1
1328 9033 1
1328 6529 1
3782 5397 1
3782 1387 1
3782 1285 1
3782 6187 1
3782 7189 1
7054 5441 1
7054 8807 1
7054 617 1
7054 2658 1
7054 4382 1
9732 11086 1
9732 7313 1
9732 10940 1
9732 6715 1
9732 8565 1
505 5016 1
505 8269 1
505 3022 1
505 10721 1
505 4104 1
10086 4371 1
10086 10721 1
10086 10235 1
10086 10248 1
10086 10428 1
10882 5954 1
10882 2175 1
10882 5441 1
10882 1806 1
10882 2877 1
5434 4335 1
5434 9011 1
5434 9397 1
5434 9640 1
5434 9131 1
1746 11132 1
1746 9824 1
1746 3344 1
1746 8024 1
1746 8666 1
9577 3386 1
9577 1153 1
9577 3062 1
9577 982 1
9577 1892 1
6269 2085 1
6269 9457 1
6269 5569 1
6269 10221 1
6269 8863 1
10202 9733 1
10202 4629 1
10202 8274 1
10202 4135 1
10202 7153 1
9406 3788 1
9406 4396 1
9406 757 1
9406 10723 1
9406 11103 1
6222 4209 1
6222 7574 1
6222 5967 1
6222 9080 1
6222 5176 1
9008 3164 1
9008 6715 1
9008 6963 1
9008 6459 1
9008 9110 1
8015 8178 1
8015 5230 1
8015 8705 1
8015 4842 1
8015 7123 1
7606 2943 1
7606 7548 1
7606 10882 1
7606 7400 1
7606 8274 1
3241 2880 1
3241 5434 1
3241 5819 1
3241 9264 1
3241 8304 1
9218 3344 1
9218 1233 1
9218 3042 1
9218 1130 1
9218 1959 1
8543 8827 1
8543 4019 1
8543 7352 1
8543 3597 1
8543 5524 1
4044 8644 1
4044 2932 1
4044 9441 1
4044 2904 1
4044 5169 1
3232 2466 1
3232 3517 1
3232 9406 1
3232 10974 1
3232 3422 1
10504 3788 1
10504 4396 1
10504 757 1
10504 10487 1
10504 10723 1
10317 4462 1
10317 8580 1
10317 8862 1
10317 7968 1
10317 8029 1
11113 7112 1
11113 8611 1
11113 2100 1
11113 3300 1
11113 5482 1
7116 72 1
7116 11187 1
7116 6187 1
7116 4612 1
8509 4462 1
8509 8862 1
8509 11167 1
8509 7968 1
8509 8029 1
7231 7746 1
7231 3181 1
7231 7754 1
7231 2932 1
7231 5169 1
4612 72 1
4612 7116 1
4612 11187 1
4612 6187 1
5360 2015 1
5360 4853 1
5360 6518 1
5360 4601 1
5360 6825 1
8949 2339 1
8949 5324 1
8949 5327 1
8949 4747 1
8949 7378 1
9347 2573 1
9347 5724 1
9347 5868 1
9347 5536 1
9347 7686 1
8153 3386 1
8153 1233 1
8153 3115 1
8153 1172 1
8153 11006 1
8738 5604 1
8738 6737 1
8738 1688 1
8738 2363 1
8738 11129 1
1785 6019 1
1785 1412 1
1785 9577 1
1785 1233 1
1785 4115 1
11176 7678 1
11176 9927 1
11176 1172 1
11176 2819 1
11176 6391 1
2614 2362 1
2614 4190 1
2614 10551 1
2614 6062 1
2614 10723 1
10234 3062 1
10234 8057 1
10234 8160 1
10234 7841 1
10234 11074 1
6936 10073 1
6936 3011 1
6936 7719 1
6936 2831 1
6936 4635 1
5847 2301 1
5847 5831 1
5847 7427 1
5847 5103 1
5847 10062 1
8660 3918 1
8660 4357 1
8660 675 1
8660 9131 1
8660 7689 1
993 2041 1
993 10654 1
993 3572 1
993 8935 1
993 6991 1
10809 10073 1
10809 3288 1
10809 8782 1
10809 3092 1
10809 4956 1
7548 2943 1
7548 9732 1
7548 9733 1
7548 7400 1
7548 7660 1
10411 4536 1
10411 5441 1
10411 617 1
10411 11129 1
10411 8767 1
9788 9070 1
9788 4394 1
9788 8013 1
9788 3813 1
9788 5472 1
3653 2722 1
3653 7088 1
3653 10248 1
3653 5673 1
3653 5007 1
2658 8802 1
2658 1564 1
2658 9141 1
2658 1336 1
2658 2192 1
3852 271 1
3852 9558 1
3852 8455 1
3852 3759 1
3362 5569 1
3362 10792 1
3362 6890 1
3362 8470 1
3362 5971 1
3062 7174 1
3062 1134 1
3062 2880 1
3062 982 1
3062 6286 1
8716 3772 1
8716 1564 1
8716 3383 1
8716 1336 1
8716 2192 1
756 2788 1
756 10287 1
756 8565 1
756 10792 1
756 7768 1
5016 8762 1
5016 2897 1
5016 7710 1
5016 2791 1
5016 3397 1
4629 9594 1
4629 3115 1
4629 7768 1
4629 2943 1
4629 3993 1
8998 3344 1
8998 1153 1
8998 3042 1
8998 982 1
8998 9146 1
2402 4264 1
2402 1892 1
2402 6286 1
2402 1739 1
2402 9733 1
6183 7720 1
6183 11007 1
6183 856 1
6183 5073 1
6183 6036 1
4477 4061 1
4477 1664 1
4477 3678 1
4477 1535 1
4477 2262 1
5295 10179 1
5295 4531 1
5295 7676 1
5295 4018 1
5295 7992 1
9872 11103 1
9872 5441 1
9872 9072 1
9872 5223 1
9872 7299 1
6459 5460 1
6459 2395 1
6459 4918 1
6459 2243 1
6459 3115 1
4810 6737 1
4810 3812 1
4810 8071 1
4810 3572 1
4810 6938 1
5230 5536 1
5230 2342 1
5230 6977 1
5230 2226 1
5230 3372 1
4412 3918 1
4412 4357 1
4412 675 1
4412 8848 1
4412 6229 1
10989 2301 1
10989 5831 1
10989 5847 1
10989 5103 1
10989 8644 1
3218 4298 1
3218 10886 1
3218 4432 1
3218 8992 1
3218 3397 1
4797 10158 1
4797 10073 1
4797 1991 1
4797 2691 1
4797 6376 1
8871 3234 1
8871 982 1
8871 2970 1
8871 818 1
8871 9218 1
9468 9092 1
9468 3866 1
9468 8160 1
9468 3457 1
9468 5366 1
3498 9525 1
3498 2410 1
3498 2304 1
3498 8160 1
3498 5968 1
11060 10970 1
11060 3951 1
11060 9681 1
11060 3574 1
11060 5569 1
6058 6834 1
6058 4531 1
6058 7676 1
6058 4018 1
6058 10179 1
6834 9108 1
6834 4018 1
6834 6863 1
6834 3611 1
6834 6058 1
3115 7370 1
3115 9011 1
3115 3327 1
3115 5163 1
3115 8565 1
8547 8872 1
8547 3181 1
8547 7755 1
8547 2932 1
8547 5169 1
5562 8178 1
5562 5230 1
5562 7123 1
5562 4356 1
5562 6950 1
1553 10894 1
1553 8400 1
1553 5838 1
1553 8243 1
1553 7290 1
9733 3644 1
9733 1443 1
9733 3317 1
9733 1233 1
9733 2162 1
10551 3386 1
10551 1153 1
10551 3062 1
10551 982 1
10551 1892 1
4382 3957 1
4382 1629 1
4382 3523 1
4382 1412 1
4382 2243 1
1355 8429 1
1355 5838 1
1355 10198 1
1355 8138 1
1355 7290 1
6529 7294 1
6529 3170 1
6529 9296 1
6529 3039 1
6529 4149 1
5914 2412 1
5914 5536 1
5914 9468 1
5914 5230 1
5914 8753 1
10292 9523 1
10292 3362 1
10292 8303 1
10292 3145 1
10292 4766 1
7375 730 1
7375 7167 1
7375 6879 1
7375 1647 1
808 8862 1
808 8907 1
808 10317 1
808 3774 1
808 3908 1
6977 2573 1
6977 5868 1
6977 5914 1
6977 5536 1
6977 8753 1
3296 9416 1
3296 3469 1
3296 199 1
3296 6333 1
3296 9968 1
9267 4161 1
9267 6619 1
9267 5536 1
9267 10014 1
9267 4561 1
3945 4115 1
3945 1785 1
3945 3772 1
3945 1681 1
3945 2281 1
5990 58 1
5990 5536 1
5990 3986 1
5990 10329 1
5990 2177 1
2806 1331 1
2806 9011 1
2806 2880 1
2806 6795 1
2806 8892 1
1336 2262 1
1336 3100 1
1336 2238 1
1336 8719 1
1336 6722 1
4199 8282 1
4199 2175 1
4199 10266 1
4199 1802 1
4199 2819 1
617 4382 1
617 3877 1
617 4672 1
617 3788 1
617 10265 1
8907 4462 1
8907 8509 1
8907 8580 1
8907 7910 1
8907 7968 1
3181 5336 1
3181 7427 1
3181 8872 1
3181 2932 1
3181 8277 1
3778 8759 1
3778 1892 1
3778 8719 1
3778 1739 1
3778 2447 1
4871 6786 1
4871 2848 1
4871 8079 1
4871 2819 1
4871 3659 1
8274 3317 1
8274 1130 1
8274 2979 1
8274 941 1
8274 9998 1
6229 3617 1
6229 4042 1
6229 592 1
6229 7616 1
6229 8660 1
2227 3747 1
2227 5543 1
2227 10757 1
2227 4299 1
2227 9278 1
834 1906 1
834 9788 1
834 6910 1
834 3062 1
834 1634 1
3288 6821 1
3288 7190 1
3288 8078 1
3288 3597 1
3288 9823 1
1688 8903 1
1688 6708 1
1688 8871 1
1688 11052 1
1688 5453 1
7457 6529 1
7457 2505 1
7457 6033 1
7457 2343 1
7457 3327 1
3234 8282 1
3234 1892 1
3234 6712 1
3234 1739 1
3234 2447 1
2932 7546 1
2932 2684 1
2932 5978 1
2932 2301 1
2932 3344 1
2114 6391 1
2114 10158 1
2114 7789 1
2114 11163 1
2114 9490 1
8345 2957 1
8345 1130 1
8345 9165 1
8345 944 1
8345 10339 1
1801 4298 1
1801 9733 1
1801 2734 1
1801 1739 1
1801 10804 1
5482 7987 1
5482 8116 1
5482 892 1
5482 2165 1
5482 11113 1
7885 9901 1
7885 4146 1
7885 7274 1
7885 3986 1
7885 5724 1
3386 8374 1
3386 1801 1
3386 8233 1
3386 1681 1
3386 2402 1
1341 7638 1
1341 9275 1
1341 7098 1
1341 4104 1
1341 2657 1
9278 4264 1
9278 1801 1
9278 3813 1
9278 1681 1
9278 2381 1
2734 8274 1
2734 1564 1
2734 3644 1
2734 1336 1
2734 2192 1
7239 4357 1
7239 1892 1
7239 3957 1
7239 1739 1
7239 2447 1
3409 3317 1
3409 1130 1
3409 3022 1
3409 965 1
3409 6910 1
5082 10782 1
5082 6374 1
5082 3062 1
5082 9092 1
5082 9788 1
6309 5124 1
6309 5601 1
6309 10809 1
3523 7702 1
3523 1564 1
3523 3383 1
3523 1336 1
3523 2192 1
2262 7867 1
2262 1892 1
2262 3227 1
2262 1739 1
2262 8719 1
5654 3918 1
5654 4357 1
5654 675 1
5654 6513 1
5654 8100 1
1564 4744 1
1564 1336 1
1564 5374 1
1564 1157 1
1564 3060 1
11167 4462 1
11167 8580 1
11167 8862 1
11167 7968 1
11167 8029 1
6391 2406 1
6391 853 1
6391 6712 1
6391 756 1
6391 10434 1
2243 10886 1
2243 1535 1
2243 8374 1
2243 1328 1
2243 2192 1
1248 9441 1
1248 3356 1
1248 4472 1
1248 10073 1
1248 4142 1
7616 3806 1
7616 4150 1
7616 675 1
7616 8100 1
7616 7689 1
2970 2876 1
2970 944 1
2970 3042 1
2970 887 1
2970 6935 1
11129 6737 1
11129 2299 1
11129 6286 1
11129 2243 1
11129 3062 1
6552 10814 1
6552 3047 1
6552 8753 1
6552 2686 1
6552 4557 1
7370 6052 1
7370 2461 1
7370 5503 1
7370 2339 1
7370 3197 1
3397 2975 1
3397 941 1
3397 3401 1
3397 718 1
3397 6894 1
5442 3022 1
5442 987 1
5442 2854 1
5442 899 1
5442 7920 1
4352 8807 1
4352 7054 1
4352 617 1
4352 2658 1
4352 10411 1
7924 3759 1
7924 10416 1
7924 7929 1
7924 8413 1
7924 9090 1
2381 2734 1
2381 1892 1
2381 6595 1
2381 1739 1
2381 9473 1
10397 3844 1
10397 1541 1
10397 3397 1
10397 1443 1
10397 2260 1
6019 4357 1
6019 1892 1
6019 3957 1
6019 1739 1
6019 2447 1
7655 5819 1
7655 6770 1
7655 1331 1
7655 2880 1
7655 8767 1
6563 3678 1
6563 1674 1
6563 3383 1
6563 1564 1
6563 2121 1
4087 9872 1
4087 4506 1
4087 674 1
4087 9406 1
4087 10487 1
3678 3364 1
3678 1336 1
3678 3100 1
3678 1153 1
3678 1965 1
7359 2658 1
7359 846 1
7359 7878 1
7359 767 1
7359 8316 1
9681 9373 1
9681 4104 1
9681 10869 1
9681 3951 1
9681 5971 1
4119 8802 1
4119 2552 1
4119 5969 1
4119 2316 1
4119 3678 1
7720 5212 1
7720 11007 1
7720 296 1
7720 9662 1
7720 8767 1
6061 4357 1
6061 1892 1
6061 3957 1
6061 1739 1
6061 2447 1
1153 11187 1
1153 3625 1
1153 3482 1
1153 2339 1
1153 5709 1
9473 4357 1
9473 1892 1
9473 3957 1
9473 1739 1
9473 2447 1
8374 4297 1
8374 1801 1
8374 3914 1
8374 1681 1
8374 2402 1
6257 6197 1
6257 9872 1
6257 7110 1
6257 10234 1
6257 6971 1
6876 10874 1
6876 4104 1
6876 7091 1
6876 3951 1
6876 5971 1
9824 8844 1
9824 4806 1
9824 4665 1
9824 5155 1
9824 9157 1
5709 8020 1
5709 5398 1
5709 6894 1
5709 4474 1
5709 7321 1
9110 8585 1
9110 3583 1
9110 10882 1
9110 3364 1
9110 4873 1
7279 8285 1
7279 5819 1
7279 8903 1
7279 5443 1
7279 7193 1
5176 4209 1
5176 9416 1
5176 9080 1
5176 5967 1
5176 7574 1
9080 9416 1
9080 3531 1
9080 1921 1
9080 5133 1
9080 6999 1
4142 6109 1
4142 4019 1
4142 8827 1
4142 3597 1
4142 6443 1
11103 6935 1
11103 8188 1
11103 1088 1
11103 2880 1
11103 10723 1
9457 7169 1
9457 4253 1
9457 2339 1
9457 4952 1
9457 11007 1
757 2162 1
757 4922 1
757 2658 1
757 9605 1
757 5133 1
6518 9633 1
6518 5360 1
6518 2693 1
6518 6971 1
6518 10158 1
8863 196 1
8863 2339 1
8863 2077 1
8863 6269 1
8863 8199 1
8666 2993 1
8666 7303 1
8666 7411 1
8666 6500 1
8666 10374 1
5374 4357 1
5374 1892 1
5374 3957 1
5374 1739 1
5374 2447 1
5719 5971 1
5719 2525 1
5719 2238 1
5719 3174 1
5719 8715 1
7098 8767 1
7098 5013 1
7098 11179 1
7098 4480 1
7098 6595 1
2175 10031 1
2175 4128 1
2175 6391 1
2175 3097 1
2175 8269 1
8759 4298 1
8759 1801 1
8759 3945 1
8759 1681 1
8759 2402 1
8782 6981 1
8782 2401 1
8782 2227 1
8782 2993 1
8782 9740 1
3844 10976 1
3844 4104 1
3844 6052 1
3844 7457 1
3844 9062 1
10248 3150 1
10248 7459 1
10248 7530 1
10248 6075 1
10248 6904 1
4371 4319 1
4371 10489 1
4371 10527 1
4371 5748 1
4371 10998 1
8565 2936 1
8565 941 1
8565 9033 1
8565 756 1
8565 8079 1
6715 7400 1
6715 4629 1
6715 7313 1
6715 4135 1
6715 7457 1
10143 10983 1
10143 3597 1
10143 9374 1
10143 3130 1
10143 5117 1
8807 5441 1
8807 10411 1
8807 617 1
8807 2658 1
8807 4382 1
7910 4462 1
7910 9640 1
7910 9131 1
7910 8862 1
7910 11167 1
1285 5217 1
1285 8106 1
1285 720 1
1285 5312 1
1285 4034 1
5894 2466 1
5894 5499 1
5894 9593 1
5894 4972 1
5894 7733 1
6097 3945 1
6097 1739 1
6097 3517 1
6097 1629 1
6097 2272 1
3463 7878 1
3463 4135 1
3463 7676 1
3463 3611 1
3463 5974 1
6288 7359 1
6288 4531 1
6288 7676 1
6288 4018 1
6288 7457 1
9661 1774 1
9661 5064 1
9661 4078 1
9661 2111 1
8343 4264 1
8343 1801 1
8343 3813 1
8343 1681 1
8343 2381 1
4956 3539 1
4956 11130 1
4956 9084 1
4956 7604 1
4956 7221 1
2608 3022 1
2608 9110 1
2608 1025 1
2608 8565 1
2608 3678 1
7546 10397 1
7546 4019 1
7546 7352 1
7546 3597 1
7546 5524 1
4082 4135 1
4082 5395 1
4082 1038 1
4082 7805 1
4082 9342 1
4630 9141 1
4630 6563 1
4630 2359 1
4630 3959 1
4630 7882 1
5453 7279 1
5453 10886 1
5453 9438 1
5453 5443 1
5453 10158 1
6059 4357 1
6059 1892 1
6059 3957 1
6059 1739 1
6059 2447 1
1387 11024 1
1387 10414 1
1387 3782 1
1387 2318 1
1387 1727 1
9034 4544 1
9034 5416 1
9034 504 1
9034 9816 1
9034 8040 1
8002 9796 1
8002 3478 1
8002 10849 1
8002 3181 1
8002 5410 1
3064 8802 1
3064 1715 1
3064 10287 1
3064 1629 1
3064 2238 1
5724 7123 1
5724 5468 1
5724 10329 1
5724 5182 1
5724 7686 1
1373 5460 1
1373 8565 1
1373 1025 1
1373 5881 1
1373 8316 1
3908 6917 1
3908 8029 1
3908 6565 1
3908 5574 1
3908 8907 1
7123 6109 1
7123 2555 1
7123 5496 1
7123 2371 1
7123 3047 1
1806 7591 1
1806 2343 1
1806 9108 1
1806 7457 1
1806 7494 1
4209 5176 1
4209 9416 1
4209 7574 1
4209 9743 1
4209 9650 1
9147 10807 1
9147 4298 1
9147 8269 1
9147 4104 1
9147 5534 1
4230 8381 1
4230 3597 1
4230 7057 1
4230 3130 1
4230 10007 1
10814 2573 1
10814 5868 1
10814 5914 1
10814 5536 1
10814 8015 1
9146 3914 1
9146 1629 1
9146 3409 1
9146 1412 1
9146 2262 1
10329 2388 1
10329 5562 1
10329 10654 1
10329 5382 1
10329 7299 1
6196 7288 1
6196 4033 1
6196 8178 1
6196 3866 1
6196 5914 1
2904 2188 1
2904 10158 1
2904 9796 1
2904 4044 1
2904 8911 1
9996 5697 1
9996 6680 1
9996 667 1
9996 2448 1
9996 10602 1
5881 3813 1
5881 1739 1
5881 3409 1
5881 1629 1
5881 2281 1
5154 3799 1
5154 6935 1
5154 6815 1
5154 6286 1
5154 10581 1
10723 3062 1
10723 1088 1
10723 2854 1
10723 941 1
10723 9142 1
11132 3409 1
11132 1336 1
11132 3170 1
11132 1210 1
11132 10792 1
9092 3062 1
9092 7622 1
9092 7637 1
9092 7110 1
9092 9732 1
3346 2573 1
3346 9901 1
3346 6576 1
3346 5382 1
3346 7120 1
667 9924 1
667 1504 1
667 11173 1
667 11068 1
667 2932 1
3415 5545 1
3415 5451 1
3415 7343 1
3415 6519 1
3415 6470 1
4034 32 1
4034 1285 1
4034 991 1
4034 5364 1
4034 5717 1
7193 9438 1
7193 5819 1
7193 8903 1
7193 5443 1
7193 8451 1
9662 10989 1
9662 4776 1
9662 9441 1
9662 3699 1
9662 7231 1
8095 8903 1
8095 5819 1
8095 8935 1
8095 5443 1
8095 7193 1
5954 8919 1
5954 9306 1
5954 1566 1
5954 3870 1
5954 10882 1
4727 5868 1
4727 5681 1
4727 1154 1
4727 2476 1
4727 6629 1
8842 10248 1
8842 3931 1
8842 2842 1
8842 5968 1
8842 10678 1
3047 2573 1
3047 6576 1
3047 8753 1
3047 3624 1
3047 7123 1
8883 3053 1
8883 9118 1
8883 9887 1
8883 8126 1
8883 8239 1
2299 4139 1
2299 1590 1
2299 1129 1
2299 7904 1
2299 9871 1
8827 10809 1
8827 3747 1
8827 11173 1
8827 3288 1
8827 5469 1
10721 505 1
10721 6781 1
10721 3653 1
10721 7689 1
10721 10086 1
4960 6109 1
4960 4019 1
4960 6803 1
4960 3597 1
4960 10528 1
11130 4230 1
11130 4956 1
11130 1254 1
11130 10355 1
11130 11114 1
2077 2284 1
2077 5456 1
2077 6847 1
2077 5441 1
2077 4480 1
7352 9446 1
7352 3130 1
7352 7546 1
7352 2983 1
7352 4941 1
3534 3397 1
3534 5974 1
3534 8229 1
3534 3788 1
3534 9422 1
10487 8054 1
10487 3039 1
10487 7370 1
10487 2792 1
10487 4018 1
1639 2842 1
1639 7684 1
1639 10179 1
1639 4015 1
1639 7359 1
2492 5573 1
2492 4853 1
2492 8246 1
2492 5360 1
2492 6536 1
846 2386 1
846 10886 1
846 6036 1
846 7359 1
846 10179 1
7299 10938 1
7299 4033 1
7299 9044 1
7299 3866 1
7299 5914 1
8117 1986 1
8117 4853 1
8117 5080 1
8117 4397 1
8117 10869 1
8400 3721 1
8400 8302 1
8400 9856 1
8400 8138 1
8400 9840 1
2568 7618 1
2568 7211 1
2568 3060 1
2568 2737 1
2568 6491 1
3748 1818 1
3748 5080 1
3748 4756 1
3748 9868 1
3748 5573 1
2112 4264 1
2112 1739 1
2112 10723 1
2112 1629 1
2112 9577 1
2302 9654 1
2302 6001 1
2302 891 1
2302 4519 1
2302 9264 1
1484 3659 1
1484 10308 1
1484 2443 1
1484 3574 1
1484 5503 1
4776 7147 1
4776 2821 1
4776 10062 1
4776 2691 1
4776 3215 1
3734 2169 1
3734 7412 1
3734 10656 1
3734 9846 1
3734 8958 1
4557 3166 1
4557 6355 1
4557 10325 1
4557 8778 1
4557 5195 1
4297 4115 1
4297 1785 1
4297 3778 1
4297 1664 1
4297 2284 1
5524 8381 1
5524 4019 1
5524 8484 1
5524 3597 1
5524 9731 1
3625 2798 1
3625 11187 1
3625 9591 1
3625 10624 1
3625 6505 1
296 1229 1
296 5515 1
296 6328 1
296 830 1
296 3464 1
5204 6491 1
5204 3761 1
5204 3364 1
5204 5016 1
5204 8269 1
5212 3411 1
5212 5815 1
5212 7177 1
5212 6183 1
5212 5226 1
2316 193 1
2316 3860 1
2316 7015 1
2316 4119 1
2316 1526 1
9373 10434 1
9373 4104 1
9373 10123 1
9373 3951 1
9373 5971 1
7878 10628 1
7878 4531 1
7878 10487 1
7878 4018 1
7878 6529 1
674 4087 1
674 8106 1
674 4551 1
674 9486 1
674 4506 1
4506 674 1
4506 9677 1
4506 8540 1
4506 4087 1
2461 6286 1
2461 3788 1
2461 2658 1
2461 5056 1
2461 3317 1
5324 2798 1
5324 11039 1
5324 6528 1
5324 6549 1
5324 6505 1
1674 3611 1
1674 2535 1
1674 6563 1
1674 4135 1
1674 4630 1
856 3344 1
856 3415 1
856 317 1
856 11007 1
856 1640 1
10416 11199 1
10416 4412 1
10416 4151 1
10416 4854 1
10416 7929 1
8903 8935 1
8903 5819 1
8903 9502 1
8903 5443 1
8903 7193 1
7676 3574 1
7676 1535 1
7676 3326 1
7676 1328 1
7676 2192 1
1541 6109 1
1541 3130 1
1541 6137 1
1541 4142 1
1541 4960 1
718 5970 1
718 8546 1
718 2505 1
718 7768 1
718 7313 1
2354 6093 1
2354 11163 1
2354 7279 1
2354 3229 1
2354 8903 1
3197 5751 1
3197 5163 1
3197 9072 1
3197 6052 1
3197 3914 1
4472 3572 1
4472 4527 1
4472 6577 1
4472 11039 1
4472 8229 1
10198 11051 1
10198 3841 1
10198 9727 1
10198 3585 1
10198 5312 1
887 1643 1
887 9387 1
887 4199 1
887 3111 1
887 5574 1
3356 9072 1
3356 4868 1
3356 3010 1
3356 5894 1
3356 6737 1
10434 11060 1
10434 3993 1
10434 9427 1
10434 3574 1
10434 5503 1
4299 126 1
4299 5008 1
4299 2227 1
4299 6215 1
4299 11023 1
2406 2819 1
2406 4128 1
2406 414 1
2406 7229 1
2406 6391 1
3633 10428 1
3633 10721 1
3633 5312 1
3633 10086 1
3633 6781 1
4042 3918 1
4042 5974 1
4042 675 1
4042 11093 1
4042 9136 1
3060 4862 1
3060 8736 1
3060 9681 1
3060 8470 1
3060 5964 1
3469 5210 1
3469 8304 1
3469 3296 1
3469 6036 1
3469 3978 1
7968 4462 1
7968 9640 1
7968 9131 1
7968 8580 1
7968 8862 1
4287 10418 1
4287 2100 1
4287 2078 1
4287 3300 1
4287 9400 1
4744 3022 1
4744 9007 1
4744 5442 1
4744 10525 1
4744 10233 1
4335 8580 1
4335 10317 1
4335 8029 1
4335 8509 1
4335 5574 1
5971 9015 1
5971 2957 1
5971 10792 1
5971 2736 1
5971 3993 1
6513 3918 1
6513 4357 1
6513 675 1
6513 9131 1
6513 8660 1
7867 3644 1
7867 1629 1
7867 3326 1
7867 1483 1
7867 2044 1
965 8731 1
965 1229 1
965 3409 1
965 4684 1
965 7074 1
7274 2573 1
7274 5868 1
7274 5914 1
7274 5536 1
7274 10938 1
2165 5663 1
2165 11154 1
2165 9808 1
2165 10685 1
2165 6955 1
11163 9490 1
11163 5819 1
11163 9356 1
11163 5443 1
11163 7193 1
8116 892 1
8116 5482 1
8116 5265 1
8116 9101 1
8116 4635 1
3617 3384 1
3617 11087 1
3617 7992 1
3617 6725 1
3617 4042 1
944 9689 1
944 10624 1
944 8949 1
944 2890 1
944 3974 1
9490 10886 1
9490 5819 1
9490 9356 1
9490 5443 1
9490 7193 1
7789 8079 1
7789 5819 1
7789 10654 1
7789 5443 1
7789 7193 1
2686 2412 1
2686 6576 1
2686 8753 1
2686 5468 1
2686 7120 1
5978 10091 1
5978 2860 1
5978 11081 1
5978 2795 1
5978 3699 1
10886 3301 1
10886 1153 1
10886 2979 1
10886 993 1
10886 9870 1
5569 6577 1
5569 3523 1
5569 7618 1
5569 3100 1
5569 4766 1
2343 9264 1
2343 8239 1
2343 2782 1
2343 8998 1
2343 3672 1
9296 10588 1
9296 4199 1
9296 10179 1
9296 3993 1
9296 6288 1
3570 5819 1
3570 6938 1
3570 10873 1
3570 5443 1
3570 6327 1
6033 3022 1
6033 5340 1
6033 5537 1
6033 4918 1
6033 9146 1
8078 8827 1
8078 4019 1
8078 7352 1
8078 3597 1
8078 5524 1
2505 4264 1
2505 1233 1
2505 9577 1
2505 1130 1
2505 6052 1
6708 6737 1
6708 5819 1
6708 6991 1
6708 5443 1
6708 7064 1
8753 8959 1
8753 5382 1
8753 10329 1
8753 4945 1
8753 7171 1
6821 10983 1
6821 3344 1
6821 8078 1
6821 3130 1
6821 4960 1
1634 5503 1
1634 1836 1
1634 6374 1
1634 2089 1
1634 8395 1
1906 834 1
1906 7610 1
1906 6795 1
1906 10353 1
3951 7091 1
3951 6411 1
3951 6101 1
3951 3858 1
3951 6723 1
3542 6036 1
3542 10384 1
3542 10868 1
3542 4501 1
3542 8880 1
3747 6109 1
3747 3092 1
3747 6821 1
3747 2932 1
3747 5668 1
3659 7845 1
3659 2877 1
3659 7354 1
3659 2804 1
3659 10031 1
4672 5441 1
4672 10768 1
4672 617 1
4672 2658 1
4672 4382 1
8762 3840 1
8762 8385 1
8762 10091 1
8762 7710 1
8762 7857 1
8892 6795 1
8892 2880 1
8892 2806 1
8892 4104 1
8892 8784 1
2177 11031 1
2177 8604 1
2177 1339 1
2177 3836 1
2177 7403 1
4561 4161 1
4561 10014 1
4561 10537 1
4561 9267 1
4561 6619 1
9878 7211 1
9878 9041 1
9878 382 1
9878 1283 1
9878 4690 1
10287 3957 1
10287 1739 1
10287 3517 1
10287 1629 1
10287 2281 1
10014 4161 1
10014 6619 1
10014 5536 1
10014 8699 1
10014 10594 1
6333 6146 1
6333 1488 1
6333 165 1
6333 2023 1
6333 9124 1
4161 6217 1
4161 4561 1
4161 710 1
4161 9267 1
4161 10537 1
9968 9482 1
9968 5540 1
9968 3296 1
9968 7807 1
9968 10487 1
1647 730 1
1647 7167 1
1647 6879 1
1647 7375 1
7373 4304 1
7373 7948 1
7373 9029 1
7373 9974 1
7373 10086 1
3203 4169 1
3203 1425 1
3203 817 1
3203 3776 1
3203 5904 1
10974 3218 1
10974 6821 1
10974 6835 1
10974 6595 1
10974 10343 1
7702 9427 1
7702 4060 1
7702 10869 1
7702 3858 1
7702 5569 1
6879 582 1
6879 1647 1
6879 1190 1
6879 7167 1
6879 730 1
7167 730 1
7167 6879 1
7167 1647 1
7167 7375 1
7167 1190 1
4766 3523 1
4766 1412 1
4766 3317 1
4766 1197 1
4766 5374 1
3145 7830 1
3145 3238 1
3145 1080 1
3145 1422 1
3145 9207 1
8303 9523 1
8303 4104 1
8303 9873 1
8303 3951 1
8303 5971 1
9523 9373 1
9523 4104 1
9523 10874 1
9523 3951 1
9523 5971 1
2412 3457 1
2412 6196 1
2412 10654 1
2412 9901 1
2412 10329 1
199 6580 1
199 9534 1
199 8386 1
199 1221 1
199 8514 1
8429 3721 1
8429 8302 1
8429 8400 1
8429 8138 1
8429 8711 1
7290 3721 1
7290 10932 1
7290 7966 1
7290 8088 1
7290 7416 1
4018 7878 1
4018 8730 1
4018 7676 1
4018 8712 1
4018 9296 1
8243 3721 1
8243 10894 1
8243 8301 1
8243 8138 1
8243 9840 1
5838 3721 1
5838 10932 1
5838 7877 1
5838 7966 1
5838 7416 1
10894 3721 1
10894 8302 1
10894 8400 1
10894 8138 1
10894 10932 1
6950 6525 1
6950 9358 1
6950 1365 1
6950 3110 1
6950 5443 1
7755 10158 1
7755 3181 1
7755 9761 1
7755 2932 1
7755 5169 1
8872 2188 1
8872 4917 1
8872 9899 1
8872 4044 1
8872 7751 1
8054 7977 1
8054 2970 1
8054 7494 1
8054 2792 1
8054 3862 1
9108 7370 1
9108 3022 1
9108 6498 1
9108 2819 1
9108 3678 1
5968 9245 1
5968 2339 1
5968 5503 1
5968 2119 1
5968 3102 1
1025 8316 1
1025 5163 1
1025 4104 1
1025 5460 1
1025 7253 1
6786 7017 1
6786 5819 1
6786 6991 1
6786 5443 1
6786 7064 1
2304 1088 1
2304 3498 1
2304 5970 1
2304 5968 1
9525 2410 1
9525 10319 1
9525 6219 1
9525 3498 1
6376 10158 1
6376 3130 1
6376 9405 1
6376 3010 1
6376 4757 1
2695 6883 1
2695 5906 1
2695 3288 1
2695 2831 1
2695 8755 1
5967 1954 1
5967 7574 1
5967 5176 1
5967 8073 1
5967 9650 1
9275 10031 1
9275 3754 1
9275 10147 1
9275 3419 1
9275 4948 1
2691 8911 1
2691 2078 1
2691 4776 1
2691 1987 1
2691 7427 1
7190 10397 1
7190 4019 1
7190 7432 1
7190 3597 1
7190 5524 1
8992 3534 1
8992 8754 1
8992 9089 1
8992 8229 1
8992 8316 1
4432 9248 1
4432 3926 1
4432 8071 1
4432 3812 1
4432 5360 1
2342 1329 1
2342 7265 1
2342 4627 1
2342 3867 1
2342 5230 1
3978 9693 1
3978 3300 1
3978 3193 1
3978 5206 1
3978 4631 1
8071 8756 1
8071 4128 1
8071 9072 1
8071 3882 1
8071 6234 1
976 10964 1
976 2848 1
976 6595 1
976 8756 1
976 2175 1
7929 1520 1
7929 4854 1
7929 4412 1
7929 7924 1
7929 10550 1
5460 2535 1
5460 4468 1
5460 4865 1
5460 4199 1
5460 10547 1
9141 3523 1
9141 1664 1
9141 3326 1
9141 1535 1
9141 2192 1
5223 3236 1
5223 9872 1
9072 5241 1
9072 2343 1
9072 4786 1
9072 2175 1
9072 3012 1
7845 6374 1
7845 2595 1
7845 5443 1
7845 2505 1
7845 3326 1
3877 10768 1
3877 8219 1
3877 617 1
3877 2658 1
3877 10411 1
7992 9011 1
7992 3326 1
7992 7977 1
7992 3062 1
7992 4531 1
7174 1967 1
7174 7169 1
7174 10882 1
7174 6228 1
7174 8981 1
11007 3053 1
11007 6183 1
11007 6197 1
11007 6035 1
11007 9457 1
4264 8961 1
4264 1892 1
4264 3945 1
4264 1739 1
4264 2447 1
2219 8462 1
2219 6848 1
2219 8257 1
2219 2617 1
2219 6243 1
3170 5056 1
3170 5163 1
3170 5616 1
3170 10020 1
3170 5974 1
3993 2791 1
3993 818 1
3993 8054 1
3993 730 1
3993 6712 1
6498 3678 1
6498 8565 1
6498 8724 1
6498 7457 1
6498 8998 1
10588 3523 1
10588 1535 1
10588 3326 1
10588 1328 1
10588 2192 1
10179 9594 1
10179 4015 1
10179 10644 1
10179 3611 1
10179 6052 1
7710 3517 1
7710 10091 1
7710 8345 1
7710 6459 1
7710 6737 1
7411 3062 1
7411 7110 1
7411 7174 1
7411 6500 1
7411 8919 1
5366 7288 1
5366 6642 1
5366 2187 1
5366 5899 1
5366 7708 1
2897 3022 1
2897 9110 1
2897 1025 1
2897 5016 1
2897 8239 1
1211 7968 1
1211 10976 1
1211 5858 1
1211 10317 1
1211 8029 1
9441 6134 1
9441 2354 1
9441 5458 1
9441 2285 1
9441 2921 1
1134 5906 1
1134 9400 1
1134 3062 1
1134 2970 1
1134 7091 1
8470 10792 1
8470 4104 1
8470 10609 1
8470 3951 1
8470 5971 1
6890 8233 1
6890 4104 1
6890 7091 1
6890 3951 1
6890 5971 1
8935 10886 1
8935 4664 1
8935 7876 1
8935 4308 1
8935 6391 1
9558 3852 1
9558 8455 1
892 5482 1
892 8116 1
5007 336 1
5007 3653 1
5007 2055 1
5007 6400 1
5007 10047 1
5673 7373 1
5673 10489 1
5673 1297 1
5673 3653 1
5673 11045 1
5472 2466 1
5472 8345 1
5472 8731 1
5472 8401 1
5472 10948 1
9070 3097 1
9070 6374 1
9070 6500 1
9070 6341 1
9070 8598 1
72 9379 1
72 4081 1
72 6980 1
72 7116 1
72 3225 1
3344 2880 1
3344 982 1
3344 2684 1
3344 834 1
3344 10004 1
8767 7432 1
8767 2848 1
8767 6595 1
8767 2595 1
8767 3692 1
2632 3553 1
2632 6935 1
2632 3317 1
2632 6525 1
2632 7023 1
4536 4357 1
4536 1892 1
4536 3957 1
4536 1739 1
4536 2447 1
3092 3767 1
3092 3011 1
3092 7123 1
3092 2831 1
3092 5668 1
6991 7017 1
6991 5819 1
6991 7876 1
6991 5443 1
6991 9358 1
2876 2275 1
2876 4008 1
2876 7524 1
2876 10672 1
2876 5324 1
2041 6093 1
2041 8935 1
2041 7279 1
2041 2344 1
2041 8903 1
11039 7155 1
11039 2890 1
11039 6505 1
11039 2782 1
11039 3788 1
2859 11114 1
2859 10031 1
2859 8395 1
2859 8401 1
2859 5281 1
3457 8178 1
3457 6552 1
3457 3986 1
3457 9347 1
3457 4028 1
5103 8911 1
5103 3181 1
5103 9662 1
5103 2932 1
5103 9761 1
9602 11087 1
9602 4531 1
9602 10487 1
9602 4018 1
9602 6529 1
5831 8911 1
5831 3181 1
5831 8547 1
5831 2932 1
5831 5169 1
3812 11043 1
3812 10123 1
3812 9320 1
3812 3692 1
3812 6595 1
4635 2635 1
4635 7098 1
4635 7236 1
4635 6320 1
4635 8176 1
7719 8078 1
7719 4019 1
7719 10983 1
7719 3597 1
7719 5521 1
10073 10678 1
10073 3130 1
10073 9405 1
10073 3010 1
10073 4818 1
7841 6704 1
7841 8143 1
7841 1403 1
7841 3931 1
7841 6060 1
4978 10374 1
4978 8347 1
4978 7411 1
4978 10912 1
4978 6349 1
8057 551 1
8057 8474 1
8057 10234 1
8057 6461 1
6062 2614 1
6062 7359 1
6062 7321 1
6062 8998 1
6062 10673 1
7678 8909 1
7678 9653 1
7678 2819 1
7678 3901 1
7678 7098 1
10970 11060 1
10970 2804 1
10970 1281 1
10970 3659 1
10970 11044 1
4190 2614 1
4190 4684 1
4190 5966 1
4190 10691 1
4190 10948 1
5437 4978 1
5437 9070 1
5437 7411 1
5437 10418 1
5437 6826 1
2145 1956 1
2145 5807 1
2145 2548 1
2145 3371 1
2145 10071 1
3372 2573 1
3372 6576 1
3372 8753 1
3372 5382 1
3372 7123 1
2362 10001 1
2362 3914 1
2362 8395 1
2362 7321 1
2362 4709 1
2363 4069 1
2363 5604 1
2363 1688 1
2363 10912 1
2363 7294 1
1172 10041 1
1172 5926 1
1172 86 1
1172 8761 1
1172 8153 1
4853 2492 1
4853 8246 1
4853 5573 1
4853 5360 1
4853 6536 1
4394 4664 1
4394 2762 1
4394 2644 1
4394 4154 1
4394 9787 1
6863 7066 1
6863 4531 1
6863 7676 1
6863 4018 1
6863 6529 1
7686 8959 1
7686 5182 1
7686 8705 1
7686 4033 1
7686 5941 1
7378 32 1
7378 5717 1
7378 2768 1
7378 6980 1
7378 8949 1
8100 3918 1
8100 4357 1
8100 675 1
8100 9131 1
8100 7689 1
2339 7945 1
2339 4610 1
2339 8427 1
2339 2284 1
2339 7753 1
2015 7163 1
2015 8477 1
2015 2492 1
2015 2073 1
2015 8154 1
7746 8547 1
7746 3049 1
7746 11081 1
7746 2921 1
7746 5103 1
10609 9605 1
10609 3560 1
10609 8282 1
10609 3383 1
10609 4817 1
2020 5318 1
2020 1892 1
2020 8871 1
2020 1739 1
2020 7239 1
1965 8103 1
1965 5442 1
1965 7052 1
1965 8734 1
1965 7231 1
11018 9272 1
11018 10856 1
11018 2307 1
11018 5031 1
11018 7201 1
2957 8385 1
2957 7710 1
2957 5559 1
2957 9007 1
2957 7857 1
11187 1892 1
11187 4610 1
11187 4612 1
11187 4271 1
11187 6997 1
3300 3978 1
3300 9783 1
3300 8060 1
3300 6576 1
3300 7390 1
2100 7949 1
2100 1053 1
2100 839 1
2100 4287 1
2100 5564 1
3736 5698 1
3736 8979 1
3736 504 1
3736 10109 1
3736 9045 1
8644 10129 1
8644 3181 1
8644 7755 1
8644 2932 1
8644 5169 1
8611 7087 1
8611 9216 1
8611 991 1
8611 2674 1
8611 4034 1
7112 5015 1
7112 6571 1
7112 425 1
7112 8189 1
7112 10597 1
8580 4462 1
8580 8862 1
8580 11167 1
8580 7968 1
8580 8029 1
11052 4253 1
11052 5504 1
11052 297 1
11052 10031 1
11052 7720 1
10339 7147 1
10339 8345 1
10339 1965 1
10339 3397 1
10339 6115 1
3597 11173 1
3597 7190 1
3597 8078 1
3597 9731 1
3597 9823 1
1959 10723 1
1959 1564 1
1959 5374 1
1959 1336 1
1959 8716 1
1141 2877 1
1141 1398 1
1141 11073 1
1141 7638 1
1141 3766 1
8304 3017 1
8304 10600 1
8304 9011 1
8304 9065 1
8304 9605 1
853 7504 1
853 9788 1
853 10954 1
853 8756 1
853 3812 1
10729 5773 1
10729 8923 1
10729 1258 1
10729 1616 1
10729 3289 1
9502 9490 1
9502 5819 1
9502 9356 1
9502 5443 1
9502 7193 1
8719 4115 1
8719 1892 1
8719 3778 1
8719 1739 1
8719 2384 1
1331 6391 1
1331 7754 1
1331 5336 1
1331 9796 1
1331 3699 1
7102 4408 1
7102 4852 1
7102 890 1
7102 10091 1
7102 9491 1
5073 1505 1
5073 6183 1
5073 4118 1
5073 5815 1
5073 3373 1
10834 3289 1
10834 10729 1
10834 1258 1
10834 10305 1
10834 10306 1
7153 2943 1
7153 10397 1
7153 8871 1
7153 7945 1
7153 8187 1
2595 5503 1
2595 6255 1
2595 6737 1
2595 6595 1
2595 7229 1
4196 5899 1
4196 4566 1
4196 744 1
4196 6197 1
4196 10591 1
5184 6489 1
5184 2066 1
5184 2015 1
5184 3993 1
5184 10757 1
1877 5241 1
1877 10031 1
1877 3572 1
1877 10539 1
1877 3659 1
7638 6755 1
7638 8948 1
7638 887 1
7638 1341 1
7638 4888 1
5169 2301 1
5169 10129 1
5169 8644 1
5169 5103 1
5169 8277 1
5313 5421 1
5313 10238 1
5313 2877 1
5313 4325 1
5313 8401 1
11074 1979 1
11074 9253 1
11074 6685 1
11074 10234 1
11074 5564 1
10221 7641 1
10221 8980 1
10221 2077 1
10221 3296 1
10221 5437 1
1991 2307 1
1991 10073 1
1991 3010 1
1991 2691 1
1991 9442 1
8079 7074 1
8079 2362 1
8079 6708 1
8079 2339 1
8079 3373 1
8912 2339 1
8912 6923 1
8912 10086 1
8912 6052 1
8912 8187 1
6443 10143 1
6443 4019 1
6443 6970 1
6443 3597 1
6443 5524 1
635 10045 1
635 1029 1
635 4468 1
635 9458 1
635 10306 1
6770 3409 1
6770 1535 1
6770 3234 1
6770 1331 1
6770 2112 1
5124 5451 1
5124 7123 1
5124 1504 1
5124 6576 1
5124 7267 1
10062 10989 1
10062 3181 1
10062 7755 1
10062 2932 1
10062 5169 1
2425 664 1
2425 2835 1
2425 2090 1
2425 8349 1
2425 3982 1
3652 10720 1
3652 790 1
3652 596 1
3652 1660 1
3652 5061 1
10589 10891 1
10589 3394 1
10589 3147 1
10589 5416 1
10589 8349 1
4873 3611 1
4873 9264 1
4873 6642 1
4873 6374 1
4873 9008 1
6918 3678 1
6918 1412 1
6918 3344 1
6918 1197 1
6918 2112 1
6795 2719 1
6795 10893 1
6795 10642 1
6795 6729 1
6795 7228 1
6052 10235 1
6052 2563 1
6052 9733 1
6052 2505 1
6052 3463 1
3583 5905 1
3583 3283 1
3583 3144 1
3583 9124 1
3583 7346 1
767 7314 1
767 10034 1
767 3409 1
767 6062 1
767 8395 1
592 6229 1
592 3893 1
592 5392 1
592 2951 1
592 8922 1
3011 3288 1
3011 6936 1
3011 7057 1
3011 5906 1
3011 9823 1
9600 5395 1
9600 2343 1
9600 4865 1
9600 2236 1
9600 3039 1
3404 1149 1
3404 6351 1
3404 5435 1
3404 11055 1
3404 1301 1
9165 4264 1
9165 1785 1
9165 3914 1
9165 1681 1
9165 2381 1
3858 4606 1
3858 6918 1
3858 9681 1
3858 3523 1
3858 11060 1
2085 5089 1
2085 6833 1
2085 196 1
2085 1204 1
2085 5720 1
2620 1162 1
2620 2372 1
1802 2798 1
1802 9011 1
1802 5574 1
1802 3625 1
1802 9397 1
4256 304 1
4256 5155 1
4256 3548 1
4256 6036 1
4256 1048 1
10104 3262 1
10104 3364 1
10104 1025 1
10104 10547 1
10104 7253 1
3560 6329 1
3560 8470 1
3560 6890 1
3560 8716 1
3560 5969 1
10654 7017 1
10654 2821 1
10654 6552 1
10654 2573 1
10654 3457 1
10235 9495 1
10235 3154 1
10235 8461 1
10235 2846 1
10235 4734 1
9442 2864 1
9442 8719 1
9442 8973 1
9442 7814 1
9442 10976 1
10265 5441 1
10265 8807 1
10265 617 1
10265 2658 1
10265 4382 1
5327 2275 1
5327 8949 1
9033 9600 1
9033 4531 1
9033 10487 1
9033 4018 1
9033 6529 1
4918 3678 1
4918 8724 1
4918 9108 1
4918 8239 1
4918 8565 1
6963 7313 1
6963 9008 1
6963 2438 1
6963 3062 1
6963 6642 1
2848 6255 1
2848 7850 1
2848 5241 1
2848 4128 1
2848 4810 1
7088 4319 1
7088 7373 1
7088 10527 1
7088 9555 1
7088 10086 1
7911 2024 1
7911 5151 1
7911 5640 1
7911 4865 1
7911 8992 1
2594 730 1
2594 2695 1
2594 6883 1
2594 5069 1
2594 3809 1
5048 7878 1
5048 4531 1
5048 7676 1
5048 4018 1
5048 6459 1
2301 2795 1
2301 4937 1
2301 2484 1
2301 8002 1
2301 2932 1
7598 3528 1
7598 10540 1
7598 10591 1
7598 8239 1
7598 10792 1
5543 11113 1
5543 3545 1
5543 3045 1
5543 4937 1
5543 10248 1
7189 8450 1
7189 3710 1
7189 2811 1
7189 5689 1
7189 10334 1
3099 5847 1
3099 10509 1
3099 8872 1
3099 2932 1
3099 8277 1
7987 3062 1
7987 5482 1
2226 7686 1
2226 6196 1
2226 8959 1
2226 9901 1
2226 9939 1
5907 9010 1
5907 2375 1
5907 1455 1
5907 4840 1
5907 7102 1
7543 7387 1
7543 7740 1
7543 1424 1
7543 4407 1
7543 6589 1
3986 4069 1
3986 3401 1
3986 8178 1
3986 3346 1
3986 10263 1
1117 6123 1
1117 9180 1
1117 5671 1
6549 3678 1
6549 1564 1
6549 3383 1
6549 1336 1
6549 2192 1
818 1739 1
818 10792 1
818 9400 1
818 8736 1
818 2121 1
5798 3534 1
5798 7911 1
5798 7147 1
5798 8992 1
5798 5910 1
9090 7586 1
9090 9001 1
9090 694 1
9090 2424 1
9090 6871 1
678 2788 1
678 8755 1
678 8565 1
678 8233 1
678 8282 1
2846 10654 1
2846 5382 1
2846 9349 1
2846 8705 1
2846 4655 1
7754 8364 1
7754 3099 1
7754 7751 1
7754 2932 1
7754 5103 1
9400 4264 1
9400 1785 1
9400 3813 1
9400 1664 1
9400 2381 1
5604 4149 1
5604 10882 1
5604 433 1
5604 10418 1
5604 6691 1
8073 4576 1
8073 5587 1
8073 1151 1
8073 9650 1
8073 10418 1
4544 9034 1
4544 5698 1
4544 5671 1
7427 7746 1
7427 3181 1
7427 7754 1
7427 2932 1
7427 5169 1
3327 10172 1
3327 4135 1
3327 10723 1
3327 3611 1
3327 5048 1
6619 4161 1
6619 9267 1
6619 5536 1
6619 10014 1
6619 4561 1
8523 3572 1
8523 1412 1
8523 3234 1
8523 1130 1
8523 2121 1
4842 5536 1
4842 3986 1
4842 7123 1
4842 3528 1
4842 5914 1
4019 6109 1
4019 9731 1
4019 8827 1
4019 3597 1
4019 4149 1
830 7229 1
830 1716 1
830 10539 1
830 5293 1
830 3914 1
1026 3076 1
1026 7890 1
1026 7715 1
1026 7882 1
1026 2413 1
7582 10609 1
7582 3574 1
7582 11060 1
7582 3383 1
7582 4829 1
3761 3397 1
3761 10202 1
3761 5204 1
3761 9264 1
3761 5708 1
5397 3782 1
5397 5717 1
5397 6330 1
5397 6025 1
5397 4377 1
2722 6013 1
2722 2122 1
2722 1196 1
2722 5312 1
2722 6259 1
10129 10062 1
10129 3181 1
10129 7755 1
10129 2932 1
10129 5169 1
1229 1716 1
1229 4104 1
1229 6595 1
1229 10539 1
1229 5709 1
2466 6398 1
2466 2362 1
2466 9422 1
2466 2097 1
2466 7229 1
820 271 1
820 10540 1
820 7598 1
6938 7845 1
6938 3914 1
6938 8767 1
6938 3692 1
6938 5586 1
7761 8108 1
7761 3016 1
7761 2434 1
7761 4041 1
7761 9101 1
9397 10064 1
9397 4865 1
9397 8316 1
9397 4462 1
9397 6392 1
3809 10143 1
3809 3747 1
3809 4818 1
3809 3288 1
3809 4142 1
5969 3644 1
5969 1535 1
5969 3326 1
5969 1233 1
5969 2121 1
987 5016 1
987 5246 1
987 5559 1
987 2736 1
987 7857 1
10912 2363 1
10912 6500 1
10912 6529 1
10912 6118 1
10912 8883 1
10782 5082 1
10782 5312 1
10782 945 1
10782 11188 1
10782 7914 1
2552 8187 1
2552 10792 1
2552 9427 1
2552 8736 1
2552 8274 1
2657 7702 1
2657 1341 1
2657 1066 1
2657 7824 1
2657 8333 1
10887 10273 1
10887 4233 1
10887 2701 1
10887 8025 1
10887 10931 1
5161 4357 1
5161 1892 1
5161 3957 1
5161 1739 1
5161 2447 1
8024 1746 1
8024 5124 1
2684 11173 1
2684 4648 1
2684 9374 1
2684 5668 1
2684 8543 1
10091 7710 1
10091 2848 1
10091 6632 1
10091 2595 1
10091 3812 1
7228 7359 1
7228 5443 1
7228 10158 1
7228 4725 1
7228 6991 1
4937 8644 1
4937 3267 1
4937 6892 1
4937 3099 1
4937 10248 1
3292 3239 1
3292 7332 1
3292 5812 1
3292 10729 1
3292 10834 1
4115 3517 1
4115 1412 1
4115 3301 1
4115 1153 1
4115 2112 1
11006 3772 1
11006 1564 1
11006 3383 1
11006 1336 1
11006 2192 1
8138 3721 1
8138 9615 1
8138 10256 1
8138 9856 1
8138 8302 1
8961 4238 1
8961 1739 1
8961 3788 1
8961 1629 1
8961 2284 1
5336 7746 1
5336 3181 1
5336 9441 1
5336 2932 1
5336 5169 1
2044 8343 1
2044 1535 1
2044 7359 1
2044 1252 1
2044 5639 1
3271 2372 1
3271 3409 1
3271 8987 1
1242 1162 1
1242 2372 1
1242 4679 1
1242 5599 1
1242 3361 1
10757 2259 1
10757 5452 1
10757 11136 1
10757 5084 1
10757 7779 1
58 5536 1
58 5990 1
58 3986 1
58 10329 1
58 6508 1
5819 7876 1
5819 3570 1
5819 8079 1
5819 3241 1
5819 5453 1
9175 4866 1
9175 6221 1
9175 2004 1
9175 10721 1
9175 10248 1
9998 9373 1
9998 4104 1
9998 11060 1
9998 3951 1
9998 5971 1
3422 3849 1
3422 6420 1
3422 1671 1
3422 9674 1
3422 8276 1
11009 9776 1
11009 2215 1
11009 1174 1
11009 4933 1
11009 10028 1
6894 3993 1
6894 1629 1
6894 3574 1
6894 1535 1
6894 2238 1
9713 6658 1
9713 8455 1
9713 1332 1
9713 3117 1
9713 4192 1
4396 10504 1
4396 5968 1
4396 757 1
4396 2162 1
4396 8187 1
10940 9732 1
10940 4097 1
10940 2826 1
10940 6374 1
10940 10882 1
4356 8316 1
4356 6036 1
4356 6642 1
4356 10759 1
4356 5562 1
6825 10688 1
6825 9442 1
6825 740 1
6825 9642 1
6825 7739 1
10028 9217 1
10028 10485 1
10028 328 1
10028 2215 1
10028 6244 1
7574 1954 1
7574 5967 1
7574 5176 1
7574 9080 1
7574 9416 1
2693 7990 1
2693 4059 1
2693 1659 1
2693 10110 1
2693 9340 1
4747 3574 1
4747 1535 1
4747 3326 1
4747 1336 1
4747 2121 1
8862 4462 1
8862 8580 1
8862 11167 1
8862 7968 1
8862 8029 1
2831 11173 1
2831 9071 1
2831 5524 1
2831 5637 1
2831 5451 1
3482 2798 1
3482 3625 1
3482 9387 1
3482 10624 1
3482 6223 1
9823 10528 1
9823 4019 1
9823 7352 1
9823 3597 1
9823 5524 1
5708 7548 1
5708 4629 1
5708 10397 1
5708 4135 1
5708 5970 1
8413 5543 1
8413 7880 1
8413 1028 1
8413 1819 1
8413 8810 1
1460 10083 1
1460 7064 1
1460 8507 1
1460 6923 1
1460 2498 1
9640 4335 1
9640 8509 1
9640 8580 1
9640 7910 1
9640 7968 1
6383 3678 1
6383 1664 1
6383 3326 1
6383 1535 1
6383 2145 1
3914 2946 1
3914 853 1
3914 2734 1
3914 767 1
3914 5966 1
8029 4462 1
8029 8862 1
8029 11167 1
8029 7968 1
8029 8580 1
3097 9070 1
3097 6255 1
3097 3812 1
3097 6035 1
3097 5899 1
8335 7359 1
8335 9600 1
8335 2359 1
8335 4008 1
8335 6311 1
10804 4298 1
10804 1892 1
10804 3945 1
10804 1739 1
10804 2447 1
10452 7758 1
10452 11002 1
10452 2545 1
10452 3570 1
10452 5819 1
4531 7878 1
4531 8712 1
4531 7676 1
4531 4018 1
4531 9033 1
2545 10909 1
2545 6408 1
2545 3478 1
2545 2563 1
2545 4150 1
289 4840 1
289 8203 1
8277 9899 1
8277 3181 1
8277 7755 1
8277 2932 1
8277 5169 1
3410 10353 1
3410 4352 1
3410 617 1
3410 2658 1
3410 5441 1
3774 6286 1
3774 6565 1
3774 10976 1
3774 8907 1
3774 10317 1
6243 4551 1
6243 6466 1
6243 11077 1
6243 8886 1
6243 7476 1
4149 10397 1
4149 2950 1
4149 5496 1
4149 2831 1
4149 4142 1
9870 3957 1
9870 1629 1
9870 3517 1
9870 1504 1
9870 2243 1
1281 9168 1
1281 6327 1
1281 7460 1
1281 8626 1
1281 2804 1
6757 2460 1
6757 6430 1
6757 8462 1
6757 5866 1
6757 6767 1
5792 4298 1
5792 1892 1
5792 3947 1
5792 1739 1
5792 2447 1
4146 7885 1
4146 7902 1
4146 1136 1
4146 1755 1
4146 7264 1
5318 3778 1
5318 1564 1
5318 3383 1
5318 1336 1
5318 2192 1
8319 4650 1
8319 5819 1
8319 1069 1
8319 8935 1
8319 9852 1
3010 2307 1
3010 4797 1
3010 7733 1
3010 6835 1
3010 6762 1
9594 8330 1
9594 3097 1
9594 7676 1
9594 2970 1
9594 4128 1
9927 8435 1
9927 10123 1
9927 1560 1
9927 3122 1
9927 7505 1
3383 9523 1
3383 1535 1
3383 3344 1
3383 1233 1
3383 2112 1
9245 10248 1
9245 3931 1
9245 2842 1
9245 4937 1
9245 7530 1
9654 5416 1
9654 6001 1
9654 504 1
9654 1260 1
9654 9264 1
3862 7878 1
3862 10020 1
3862 7676 1
3862 8153 1
3862 5048 1
3039 7370 1
3039 9011 1
3039 3327 1
3039 5163 1
3039 8565 1
7977 7682 1
7977 3039 1
7977 6863 1
7977 2792 1
7977 4018 1
2854 5169 1
2854 1233 1
2854 9223 1
2854 982 1
2854 2946 1
1208 5593 1
1208 6978 1
1208 10172 1
1208 7483 1
1208 3170 1
2410 3806 1
2410 6244 1
2410 1661 1
2410 5056 1
2410 10319 1
10004 4357 1
10004 1892 1
10004 3957 1
10004 1739 1
10004 2447 1
4601 2015 1
4601 7136 1
4601 2509 1
4601 4840 1
4601 7831 1
8152 730 1
8152 2695 1
8152 2594 1
8152 6042 1
8152 6829 1
2535 3218 1
2535 1802 1
2535 3197 1
2535 1629 1
2535 4865 1
8705 2412 1
8705 5724 1
8705 5868 1
8705 5468 1
8705 7885 1
2944 3346 1
2944 4128 1
2944 9185 1
2944 5562 1
2944 5941 1
3517 9733 1
3517 1428 1
3517 3259 1
3517 1320 1
3517 2112 1
8455 5732 1
8455 6871 1
8455 1332 1
8455 10675 1
8455 8617 1
5163 5512 1
5163 3197 1
5163 10339 1
5163 3039 1
5163 4104 1
9253 5564 1
9253 10759 1
9253 11074 1
9253 9346 1
9253 10882 1
2926 2188 1
2926 4776 1
2926 9796 1
2926 8644 1
2926 5326 1
5395 3644 1
5395 1535 1
5395 3326 1
5395 1336 1
5395 2121 1
2055 7314 1
2055 1297 1
2055 7088 1
5537 9141 1
5537 3945 1
5537 9600 1
336 4371 1
336 10007 1
336 7373 1
9041 7385 1
5559 3840 1
5559 6459 1
5559 10525 1
5559 10528 1
2111 1769 1
2111 9661 1
5593 6834 1
5593 4531 1
5593 5616 1
5593 4018 1
5593 9011 1
2921 9441 1
2921 5169 1
2921 8364 1
2921 3099 1
2921 10849 1
5858 4462 1
5858 9397 1
5858 9131 1
5858 10909 1
11081 10062 1
11081 3181 1
11081 7755 1
11081 2932 1
11081 5169 1
9340 2693 1
5732 9674 1
5732 1332 1
5732 3117 1
5732 4192 1
1320 3232 1
1320 3517 1
5435 3404 1
5435 7914 1
7904 6529 1
7904 8604 1
7904 2842 1
3259 3232 1
3259 3517 1
1428 1535 1
1428 5559 1
1428 2736 1
1428 7857 1
9185 2944 1
9185 4128 1
9185 3528 1
9185 10031 1
6829 2695 1
6829 3809 1
6829 8152 1
6042 8755 1
6042 3809 1
6042 8152 1
6042 2695 1
2509 4601 1
1661 6197 1
1661 8160 1
1260 10319 1
11136 5543 1
7505 3957 1
7505 1564 1
7505 3523 1
7505 2192 1
9974 2055 1
9974 7373 1
9974 10248 1
8435 10678 1
2674 6333 1
2674 3296 1
2484 2301 1
2484 7231 1
2484 7746 1
2484 2932 1
2484 8547 1
5966 2614 1
5966 10673 1
5966 10551 1
5966 8319 1
1028 271 1
1028 1819 1
1028 8413 1
6762 8229 1
6762 3356 1
6762 3010 1
6762 4868 1
7902 5868 1
7902 6629 1
7902 1154 1
7902 2476 1
3947 6508 1
6767 6757 1
6430 6757 1
3283 3583 1
3283 5905 1
3283 9124 1
3283 5671 1
8626 3812 1
6980 5968 1
6980 8842 1
6980 2307 1
6980 4937 1
2950 11173 1
2950 10528 1
2950 3011 1
2950 7190 1
2950 8484 1
9534 199 1
9534 1954 1
8886 1422 1
8886 8106 1
8203 7102 1
6408 4462 1
6408 9397 1
6408 9131 1
6408 10909 1
11002 7758 1
11002 10452 1
11002 2545 1
11002 3570 1
11002 5819 1
9356 10158 1
9356 5819 1
9356 10886 1
9356 5443 1
9356 7193 1
10083 4978 1
10083 5926 1
10083 10873 1
8810 1819 1
6341 8160 1
6341 6500 1
6341 8919 1
9633 6518 1
7880 7112 1
7880 8413 1
6234 8071 1
6234 5246 1
6234 10528 1
6223 4199 1
6223 8282 1
6223 6549 1
9071 3011 1
9071 7123 1
9071 2831 1
9071 4635 1
10110 4059 1
7641 8980 1
7641 5380 1
7641 9482 1
1659 2693 1
10485 3102 1
10485 7121 1
10485 6244 1
10485 10028 1
1715 5910 1
1715 3401 1
1715 8992 1
7476 7457 1
7476 4155 1
9217 6767 1
7739 740 1
7739 6825 1
6093 7789 1
6093 5819 1
6093 8285 1
6093 5443 1
6093 9502 1
11031 2177 1
11031 2401 1
3624 2573 1
3624 9901 1
3624 5562 1
3624 7885 1
9642 3239 1
740 10688 1
2386 8054 1
2386 11008 1
2386 846 1
2386 10179 1
2386 7359 1
10688 740 1
8219 10768 1
8219 617 1
8219 2379 1
8219 4352 1
2826 6691 1
2826 9732 1
2826 2851 1
2826 6374 1
2826 10882 1
10233 2957 1
10233 5971 1
10233 5978 1
10233 5503 1
10233 9007 1
2498 3386 1
2498 1460 1
3117 6420 1
3117 8276 1
3117 5732 1
3117 8617 1
5586 6938 1
5586 10091 1
1332 6871 1
1332 10492 1
1332 4192 1
4933 9776 1
4933 3300 1
9776 1174 1
9776 4933 1
9776 11009 1
4015 1639 1
4015 10179 1
4015 10644 1
4015 7359 1
9674 6658 1
9674 8455 1
9674 1332 1
9674 3117 1
9674 4192 1
2004 4371 1
2004 4304 1
2004 10086 1
4866 3653 1
4866 9175 1
4866 10086 1
5689 7189 1
7779 10757 1
5084 2236 1
5084 10757 1
5084 7582 1
5639 8401 1
5639 2044 1
5639 982 1
8108 5015 1
8108 1190 1
10256 3585 1
10256 8088 1
10256 8138 1
10256 7877 1
10256 11051 1
3672 3262 1
3672 3364 1
3672 1025 1
3672 8565 1
3672 9110 1
9615 3721 1
9615 8302 1
9615 8400 1
9615 8138 1
9615 9840 1
5812 2145 1
5812 10834 1
7332 3292 1
7332 3239 1
10624 2798 1
10624 5324 1
10624 9591 1
10581 5154 1
3174 2525 1
3174 8715 1
3174 5719 1
6466 9468 1
6466 9347 1
6466 6243 1
4725 7279 1
4725 6923 1
4725 9438 1
4725 10886 1
4725 6708 1
8025 10273 1
8025 10887 1
10273 8025 1
10273 10887 1
6981 9740 1
6981 1365 1
6981 2401 1
7824 830 1
7824 10397 1
1066 1727 1
1066 1341 1
11188 10757 1
11188 10782 1
5246 3111 1
5246 8345 1
5246 5978 1
5246 10528 1
5246 10233 1
6392 3534 1
6392 7911 1
6392 7147 1
6392 8229 1
6392 8992 1
2434 7494 1
2097 9089 1
2097 3788 1
2097 3397 1
2097 7147 1
4566 4196 1
4566 7964 1
6398 3401 1
6398 8345 1
6398 11039 1
6398 7147 1
7221 4956 1
7221 9468 1
6259 2722 1
6259 7314 1
6025 5397 1
6848 2219 1
10931 4091 1
2701 10887 1
4829 4104 1
4829 6101 1
4829 3951 1
4829 7211 1
5293 1716 1
5293 4128 1
5293 7845 1
5293 3882 1
8585 2175 1
8585 4583 1
8585 9110 1
8585 3583 1
10172 9605 1
10172 4199 1
10172 10723 1
10172 3993 1
10172 6459 1
9349 10417 1
9349 7904 1
9349 11129 1
5587 2877 1
5587 9358 1
5587 6036 1
5587 8073 1
433 5604 1
433 5540 1
433 8871 1
433 6691 1
9486 9878 1
7017 7321 1
7017 3317 1
7017 9490 1
7017 2877 1
7017 4664 1
8364 1965 1
8364 4073 1
8364 3699 1
8364 7427 1
4655 2846 1
4655 9253 1
4655 5154 1
4655 9346 1
9593 5442 1
9593 5968 1
9593 2097 1
9593 9072 1
694 9001 1
4407 7543 1
7740 6489 1
7740 1229 1
1979 10234 1
1979 11074 1
1979 6685 1
6917 4462 1
6917 9011 1
6917 9397 1
6917 9640 1
6917 9131 1
2375 5907 1
2375 9010 1
8959 9468 1
8959 3346 1
8959 2846 1
8959 4700 1
9010 5907 1
9010 2375 1
2811 8450 1
2811 7189 1
8450 6571 1
8450 10334 1
8040 5698 1
8040 504 1
3102 7924 1
3102 8413 1
3102 7121 1
10509 3099 1
3545 5543 1
9306 6355 1
9306 5954 1
10540 9001 1
664 2425 1
664 382 1
3528 6328 1
3528 10591 1
3528 8883 1
1455 5907 1
5069 2594 1
5069 2695 1
5069 3809 1
5640 8959 1
5640 382 1
2438 7313 1
2438 6963 1
6118 10912 1
6118 3813 1
4377 5397 1
9555 10527 1
9555 11119 1
9555 9259 1
7814 8547 1
7814 4044 1
7814 10129 1
7814 6192 1
8973 1991 1
8973 4797 1
8973 5410 1
8973 4304 1
8973 8912 1
5681 6629 1
5681 7264 1
5681 1154 1
5681 2476 1
1566 10942 1
1566 3870 1
1566 5954 1
1566 10882 1
1566 10585 1
9796 10129 1
9796 3720 1
9796 7814 1
9796 3267 1
9796 5336 1
6978 1208 1
6978 11199 1
1755 5230 1
1755 9594 1
1755 8496 1
2864 11081 1
2864 6063 1
2864 8277 1
2864 9761 1
2864 10678 1
3154 10235 1
3154 2505 1
3154 10374 1
6329 10123 1
6329 3523 1
6329 8282 1
6329 3362 1
2119 10397 1
2119 830 1
2119 9923 1
3860 4468 1
3860 10459 1
3860 1526 1
3860 2104 1
3262 9600 1
3262 1025 1
3262 8565 1
3262 3309 1
9846 10693 1
9846 3070 1
9846 7501 1
1616 6854 1
1616 6836 1
1616 2237 1
1048 4256 1
1048 3548 1
3548 1048 1
3548 4256 1
304 6826 1
304 10550 1
304 10325 1
11077 6243 1
2024 3788 1
2024 2097 1
2024 7147 1
2024 3218 1
1204 2851 1
1204 9131 1
1204 6642 1
1204 2162 1
1204 1443 1
6833 7660 1
6833 7498 1
6833 2077 1
6833 2506 1
5089 2077 1
5089 2085 1
8381 8827 1
8381 4019 1
8381 7352 1
8381 3597 1
8381 5524 1
1301 8462 1
1301 11055 1
11055 1301 1
11055 3404 1
5392 592 1
2719 596 1
2719 6795 1
10263 9072 1
10263 4069 1
10263 11039 1
10263 3788 1
10263 5910 1
6971 2741 1
6971 9796 1
8617 6658 1
3394 8474 1
3394 8360 1
5061 790 1
5061 3652 1
3982 2425 1
3982 4313 1
4576 856 1
4576 3062 1
4576 8073 1
2835 2425 1
2835 2090 1
2835 7898 1
1029 9110 1
1029 7867 1
1029 10045 1
1029 10547 1
1029 3678 1
6685 7176 1
6685 10234 1
8948 10678 1
8948 7638 1
8948 5723 1
10594 8699 1
10594 10014 1
6755 8530 1
6755 6421 1
6755 6894 1
8401 5709 1
8401 2041 1
8401 5251 1
8401 1836 1
8401 2821 1
2066 2015 1
10591 5868 1
10591 744 1
10591 9887 1
10591 8883 1
6255 6737 1
6255 3882 1
6255 9072 1
6255 3659 1
8724 3678 1
8724 10266 1
8724 8998 1
8724 10886 1
8724 9100 1
10305 3289 1
10305 9376 1
9482 6529 1
9482 7494 1
9482 3296 1
3373 9441 1
3373 4149 1
3373 8095 1
3373 9502 1
3373 8935 1
1727 8246 1
1727 2492 1
4118 157 1
4118 3960 1
4118 2785 1
4118 5073 1
4118 1505 1
4941 3130 1
4941 1336 1
4941 2958 1
4941 9165 1
1505 5073 1
1505 4118 1
3974 3534 1
3974 3986 1
3974 5798 1
3974 8229 1
3974 7911 1
9491 4679 1
9491 382 1
9491 8457 1
890 7102 1
890 4852 1
890 890 1
890 1455 1
7890 5659 1
6244 8013 1
6244 5056 1
6244 8871 1
2762 6109 1
2762 3092 1
2762 4937 1
2762 3344 1
9346 6525 1
9346 7267 1
9346 1755 1
9346 10759 1
9346 9693 1
790 10720 1
790 5061 1
6013 317 1
6013 2722 1
6013 1285 1
6013 5312 1
5866 6757 1
2384 9131 1
2384 2970 1
2384 8719 1
3289 2548 1
1643 5574 1
1643 2876 1
1643 2798 1
1258 2015 1
1258 10306 1
1258 10305 1
1258 2145 1
1258 3542 1
5773 10729 1
9065 2077 1
9065 8304 1
10954 10031 1
10600 4104 1
10600 10287 1
10600 10792 1
10600 9011 1
10600 9164 1
3193 6035 1
3193 3193 1
3193 3193 1
3193 4978 1
3193 7411 1
3766 1141 1
3766 11073 1
1297 4371 1
1297 336 1
1297 10998 1
1297 5673 1
11173 9823 1
11173 4019 1
11173 7352 1
11173 3597 1
11173 5524 1
1398 1141 1
4690 9878 1
3867 2342 1
3867 7265 1
297 11052 1
5504 7505 1
5504 10954 1
5504 853 1
5504 1688 1
5504 4253 1
6327 6328 1
6327 7720 1
6327 4810 1
8189 7112 1
8189 10540 1
5720 2085 1
5720 3296 1
5720 6833 1
5720 8863 1
425 7112 1
425 10597 1
425 3710 1
6571 8450 1
6571 8005 1
5748 4371 1
5748 7373 1
10238 8395 1
10238 8952 1
10238 2877 1
10238 4325 1
10238 5421 1
7087 3415 1
7087 8611 1
1424 9846 1
1424 7387 1
3893 592 1
9045 891 1
9045 5410 1
9868 3748 1
10932 3721 1
10932 8302 1
10932 8400 1
10932 8138 1
10720 790 1
10720 3652 1
8979 3776 1
8979 8040 1
8979 6892 1
4041 7761 1
5564 11074 1
5564 10319 1
1053 5564 1
1053 2100 1
7637 3193 1
7637 7807 1
7637 7660 1
7949 2100 1
7949 3300 1
7949 9416 1
1365 2877 1
8060 2691 1
8060 10678 1
3122 4477 1
5031 11018 1
10856 11018 1
10856 6691 1
10856 7494 1
9272 1088 1
9272 5133 1
6803 10528 1
6803 3092 1
6803 2932 1
6803 4648 1
8734 5395 1
8734 7867 1
8734 1965 1
8734 3678 1
8734 4472 1
504 5410 1
504 9816 1
7052 5395 1
7052 8239 1
7052 1965 1
7052 3678 1
7052 4472 1
3076 5659 1
10768 5441 1
10768 617 1
10768 2658 1
10768 4382 1
5545 4230 1
1819 8413 1
1819 1028 1
1819 3246 1
2073 8117 1
2073 4853 1
2073 8246 1
8477 2015 1
3539 4956 1
10123 2979 1
10123 2848 1
10123 941 1
10123 9070 1
7163 7831 1
7163 6536 1
4271 2350 1
7753 2339 1
7753 3373 1
7753 5056 1
6351 1149 1
6351 3404 1
3882 10091 1
3882 10873 1
3882 3692 1
3882 6327 1
1921 10723 1
1921 11103 1
1921 1088 1
1921 7733 1
1921 9011 1
7682 3788 1
7682 7845 1
7682 3397 1
7682 5441 1
5941 2573 1
5941 5868 1
5941 5914 1
5941 5536 1
5941 7171 1
7066 10179 1
7066 4199 1
7066 8153 1
7066 3993 1
7066 6459 1
1210 2535 1
1210 5048 1
1210 3327 1
1210 9033 1
1210 6529 1
2951 592 1
9787 8756 1
9787 8401 1
1590 7904 1
1590 2299 1
1590 11129 1
3236 5223 1
3236 9872 1
6528 2798 1
6528 5324 1
6528 8282 1
2413 5659 1
4154 1541 1
4154 6642 1
4154 4394 1
2644 9787 1
2644 4394 1
2644 9788 1
8761 7518 1
86 8761 1
86 4297 1
5926 6489 1
5926 4477 1
5926 4149 1
5926 5241 1
5926 10528 1
8395 10691 1
165 9124 1
165 2674 1
165 6146 1
165 6333 1
2122 317 1
2122 2722 1
4069 5910 1
4069 5604 1
4069 4865 1
4069 7740 1
9007 2848 1
9007 5442 1
9007 5559 1
9007 5016 1
9007 8385 1
4709 2362 1
4709 8731 1
4709 7321 1
4709 8020 1
6355 3166 1
6355 10942 1
7412 10931 1
7412 3734 1
7412 4233 1
8330 9600 1
8330 4531 1
8330 10487 1
8330 4018 1
8330 6529 1
6589 7543 1
10071 2145 1
9248 4432 1
9248 7824 1
9248 10397 1
3371 2015 1
3371 2145 1
2548 3292 1
2548 1818 1
2548 10305 1
2548 3289 1
5807 2145 1
5807 1818 1
5807 3292 1
5807 8154 1
8540 8106 1
8540 4087 1
9653 2842 1
9653 2819 1
9653 6391 1
9653 7678 1
8909 9441 1
8909 3164 1
8909 2819 1
8909 4104 1
8909 7098 1
10673 2614 1
10673 7768 1
10673 8020 1
10673 7253 1
10673 7321 1
2443 3659 1
2443 10308 1
2443 3574 1
2443 5503 1
8474 6461 1
5182 2573 1
5182 6552 1
5182 5914 1
5182 8705 1
6349 3092 1
6349 10882 1
1403 5968 1
3144 4822 1
8143 3836 1
6704 3931 1
6704 7841 1
5521 7719 1
6320 9071 1
6320 8176 1
7966 3721 1
7966 8088 1
7966 10894 1
7966 9840 1
2635 6349 1
2635 3767 1
2635 6320 1
4097 10318 1
4097 433 1
4097 1754 1
4097 6980 1
9320 3812 1
9320 9072 1
9320 10792 1
9320 4432 1
2736 4480 1
2736 7147 1
2736 10158 1
2736 5241 1
11043 7294 1
11043 3017 1
7751 2188 1
7751 4917 1
7751 11081 1
7751 4044 1
7751 8872 1
5281 8952 1
5281 2877 1
5281 4325 1
7155 6737 1
7155 7147 1
7155 11039 1
7155 9072 1
2344 6093 1
2344 9223 1
2344 7279 1
2344 9502 1
2344 8903 1
4008 3945 1
4008 3625 1
4008 10624 1
2275 6223 1
2275 9387 1
3767 2877 1
3767 9071 1
7882 1026 1
7882 8335 1
7882 4630 1
7023 4104 1
7023 1739 1
7023 3772 1
7023 1629 1
7023 2284 1
3553 7023 1
3553 3317 1
3553 6935 1
3553 6525 1
3225 72 1
8598 1634 1
8598 9468 1
8598 9070 1
11045 1297 1
11045 3653 1
11045 7088 1
4081 5968 1
4081 4081 1
6400 3239 1
6400 3776 1
3931 9245 1
3931 7841 1
3931 1403 1
3931 7530 1
2285 3478 1
2285 5831 1
2285 11081 1
2285 9662 1
2285 4073 1
3361 1242 1
3361 11068 1
3361 2401 1
10325 3166 1
10325 8778 1
8958 3734 1
8958 10693 1
7147 3053 1
7147 6391 1
7147 2932 1
7147 3572 1
2078 5668 1
2078 6443 1
2078 3747 1
2078 9405 1
6508 3947 1
6508 8802 1
4862 7582 1
4862 3383 1
4862 10434 1
4862 3060 1
4862 4829 1
8154 10306 1
8154 2015 1
8154 1956 1
8154 2548 1
8154 10834 1
1190 3053 1
7618 8802 1
7618 4104 1
7618 9373 1
7618 3951 1
7618 5971 1
9840 3721 1
9840 8302 1
9840 8400 1
9840 8138 1
9405 9823 1
9405 4019 1
9405 7352 1
9405 3597 1
9405 5524 1
11051 10894 1
1174 1198 1
1174 11009 1
1174 9776 1
1174 4933 1
8302 3721 1
8302 9856 1
8302 11051 1
8302 8138 1
8302 9840 1
328 11009 1
328 10028 1
328 2215 1
7387 1424 1
7387 3577 1
1151 3419 1
1151 3422 1
1151 1504 1
9856 3721 1
9856 8302 1
9856 8400 1
9856 8138 1
5456 2077 1
1254 4956 1
1254 1504 1
10528 6383 1
10528 2684 1
10528 3130 1
3754 9787 1
3754 2187 1
3754 8401 1
3754 6642 1
7236 9071 1
7236 8176 1
4397 2492 1
4397 8246 1
4397 5573 1
4397 5360 1
4397 6536 1
7914 6755 1
7914 3415 1
7091 3644 1
7091 1535 1
7091 3326 1
7091 1233 1
7091 2121 1
5443 2466 1
5443 2284 1
5443 3229 1
7403 3836 1
7403 6311 1
6580 9534 1
6580 9650 1
9871 6700 1
4648 6109 1
4648 4019 1
4648 8827 1
4648 3597 1
4648 6443 1
1560 9927 1
9852 1331 1
9852 5819 1
9852 8319 1
9852 9441 1
10675 8455 1
10675 10198 1
9118 5868 1
9118 744 1
9118 9275 1
9118 11007 1
8276 8455 1
8276 6871 1
3053 4196 1
6134 7758 1
6134 8319 1
6134 2545 1
6134 3570 1
6134 5819 1
1196 3415 1
1196 6013 1
8507 8961 1
8507 1460 1
8507 1248 1
8507 2466 1
8919 4978 1
8919 7411 1
1162 8987 1
1162 4679 1
1162 2372 1
1162 3049 1
1162 2620 1
8126 10912 1
8126 2461 1
9044 3813 1
9044 10912 1
9044 10418 1
7303 8666 1
5364 4034 1
5364 8187 1
3130 6821 1
3130 7190 1
3130 8078 1
3130 3344 1
3130 11068 1
10537 4161 1
10537 6619 1
10537 5536 1
10537 10014 1
10537 4561 1
2307 10856 1
5599 1162 1
5599 3049 1
5599 2372 1
5599 9878 1
1504 2684 1
1504 4648 1
1504 2762 1
1504 8782 1
8911 9441 1
8911 4073 1
8911 10158 1
8911 3699 1
8911 7231 1
7265 5230 1
7265 7494 1
7265 1329 1
6632 10091 1
9101 7761 1
8088 3721 1
8088 8301 1
8088 10894 1
8088 9840 1
4606 4744 1
4606 3060 1
4606 6491 1
4606 2880 1
4606 3993 1
7990 2693 1
9731 9823 1
9731 4019 1
9731 7352 1
9731 3597 1
9731 5524 1
5616 10487 1
5616 4018 1
5616 7843 1
5616 3611 1
5616 8712 1
3147 271 1
3147 2090 1
3147 10589 1
3147 1568 1
4888 887 1
4888 7638 1
4888 2498 1
6629 5868 1
6629 7120 1
6629 1154 1
6629 2476 1
7432 9446 1
7432 3809 1
7432 7546 1
7432 3344 1
7432 5451 1
1671 6118 1
1671 4230 1
1671 1681 1
6001 8979 1
6001 891 1
6001 2302 1
6001 5416 1
6729 6795 1
10041 4238 1
10041 1681 1
10041 3788 1
10041 1564 1
10041 2281 1
4818 7123 1
4818 3288 1
4818 10143 1
4818 3092 1
4818 4648 1
3710 425 1
3710 7189 1
5451 10007 1
5451 3130 1
5451 7267 1
6146 2674 1
6146 4069 1
6146 6333 1
8451 9441 1
8451 5819 1
8451 10158 1
8451 5443 1
8451 7193 1
6815 2876 1
3238 1080 1
3238 3145 1
8461 10235 1
8461 1661 1
6491 5971 1
6491 2339 1
6491 5318 1
6491 2238 1
6491 3017 1
9783 2617 1
9783 3300 1
9783 6576 1
7314 2004 1
7314 2722 1
7314 10086 1
5573 2492 1
5573 6536 1
5573 8246 1
7120 8959 1
7120 4727 1
7120 7171 1
7120 4028 1
7120 5941 1
2448 9180 1
2448 5697 1
4917 3181 1
4917 7814 1
4917 2932 1
6658 8455 1
6658 6871 1
6658 1332 1
6658 3117 1
6658 4192 1
4684 2614 1
4684 8395 1
4684 5966 1
4684 7321 1
4684 10691 1
6330 72 1
6330 5397 1
6330 3782 1
6330 7530 1
2215 328 1
2215 10492 1
2215 11009 1
10628 9605 1
10628 4199 1
10628 11132 1
10628 3993 1
10628 6459 1
3215 2188 1
3215 9761 1
3215 9796 1
3215 9441 1
3215 7755 1
551 8057 1
551 4474 1
551 8474 1
551 6461 1
551 10234 1
4033 2412 1
4033 5914 1
4033 8959 1
4033 7299 1
4033 6977 1
4519 8979 1
4519 504 1
4519 5698 1
991 8611 1
991 1285 1
991 6980 1
10807 3022 1
10807 6391 1
10807 6459 1
10807 5534 1
10807 9600 1
945 10782 1
9650 9534 1
9650 4209 1
9650 7574 1
8285 9358 1
8285 4664 1
8285 8903 1
8285 4313 1
8285 6391 1
6723 8233 1
6723 4104 1
6723 7582 1
6723 3951 1
6723 5971 1
5496 8381 1
5496 4019 1
5496 10073 1
5496 3597 1
5496 7432 1
3110 1418 1
3110 5443 1
3110 6525 1
8333 1309 1
8333 2657 1
5574 3241 1
5574 1331 1
5574 2975 1
5574 1153 1
10047 2055 1
10047 4472 1
6565 4462 1
6565 9397 1
6565 9131 1
6565 10909 1
7211 8303 1
7211 3383 1
7211 3100 1
7211 4862 1
3959 1026 1
3959 6997 1
9743 11199 1
9743 10550 1
1038 4082 1
1038 7805 1
7057 10143 1
7057 4019 1
7057 10528 1
7057 3597 1
7057 5524 1
10539 4810 1
10539 4871 1
10539 4128 1
10539 7845 1
6847 2077 1
6847 10292 1
6847 8540 1
1252 4253 1
1252 3926 1
1252 7505 1
4734 10235 1
4734 1671 1
2993 6981 1
2993 9374 1
8754 2466 1
8754 5968 1
8754 5974 1
8754 5798 1
8754 8229 1
3531 1921 1
3531 6999 1
3531 7294 1
5382 2573 1
5382 7299 1
5382 6977 1
5382 8705 1
6115 2466 1
6115 6327 1
126 2227 1
126 9442 1
8385 3111 1
8385 7710 1
8385 7857 1
8385 6459 1
8385 6737 1
10031 6595 1
10031 2595 1
10031 5868 1
10031 3364 1
6680 8778 1
6680 5265 1
6680 9996 1
9438 11163 1
9438 5819 1
9438 9356 1
9438 5443 1
9438 7193 1
11179 4128 1
11179 6255 1
11179 414 1
11179 9218 1
2525 3174 1
2525 5719 1
2525 8715 1
3419 9275 1
3419 10654 1
9180 4700 1
9180 7911 1
5698 5416 1
5698 9034 1
5698 504 1
5698 9654 1
4952 2085 1
4952 2762 1
1660 790 1
1660 3652 1
4139 2299 1
4139 9871 1
2476 4146 1
2476 6552 1
2476 1154 1
2476 7120 1
2476 5868 1
4945 5503 1
8427 5970 1
8427 2339 1
7604 4233 1
7604 4956 1
7604 10809 1
7390 4956 1
7390 1151 1
10374 3154 1
10374 7411 1
10374 7174 1
5151 7911 1
5151 5265 1
6500 9044 1
6500 7843 1
4854 7929 1
4854 1520 1
4854 10416 1
2804 3517 1
2804 7460 1
2804 10071 1
7201 720 1
7201 2307 1
10998 1297 1
10998 3653 1
10998 7088 1
2768 5717 1
8106 5312 1
8106 674 1
8106 7494 1
4253 9457 1
4253 7505 1
5899 5443 1
5899 8401 1
5899 7598 1
7169 9457 1
7169 4253 1
8103 7147 1
8103 9072 1
8103 1965 1
8103 3397 1
8103 6115 1
5155 9157 1
10001 2362 1
6519 3415 1
1283 382 1
1283 9878 1
1283 8959 1
6221 7373 1
6221 9175 1
6197 5970 1
6197 1746 1
6197 5441 1
6197 1541 1
6197 2877 1
4551 674 1
4551 1967 1
4551 6118 1
1069 6134 1
1069 9441 1
1069 4650 1
1069 10452 1
4665 5155 1
4665 9824 1
8844 4806 1
8844 9824 1
7171 9468 1
7171 5468 1
7171 8178 1
7171 5182 1
9216 8611 1
9216 11068 1
4806 9824 1
4806 8844 1
7321 2614 1
7321 8987 1
7321 8998 1
7321 7253 1
7321 8731 1
9062 3908 1
9062 7910 1
9062 7968 1
9062 6917 1
9062 10976 1
7416 3721 1
7416 8243 1
7416 10932 1
7416 10256 1
7416 9840 1
9157 5155 1
9157 9824 1
2236 9600 1
7459 767 1
7459 10248 1
10308 3574 1
10308 2443 1
10308 5241 1
10308 10343 1
6826 3193 1
6826 7411 1
8257 8462 1
10597 425 1
10597 7112 1
10597 3710 1
7015 193 1
7015 2316 1
7015 4119 1
7015 4472 1
8756 10238 1
8756 3659 1
8756 9072 1
8756 4871 1
5056 7753 1
5056 10022 1
5056 2505 1
5056 3327 1
7715 1026 1
4233 10887 1
4233 4757 1
4233 839 1
4233 7604 1
11154 2165 1
7264 7849 1
7264 7902 1
7264 11035 1
7074 2614 1
7074 8998 1
7074 10673 1
7074 8731 1
3699 3181 1
3699 10989 1
3699 2932 1
3699 7751 1
8922 592 1
4922 5974 1
4922 3086 1
4922 2658 1
4922 3788 1
4922 5133 1
5117 8381 1
5117 4019 1
5117 9405 1
5117 3597 1
5117 5637 1
7586 9090 1
7586 694 1
7586 2424 1
7586 6871 1
11068 6970 1
11068 2691 1
11068 6197 1
11068 2358 1
11068 3361 1
9422 2343 1
9422 5974 1
9422 6392 1
9422 5798 1
9422 8229 1
1954 6580 1
1954 9650 1
1954 4209 1
1954 7574 1
7177 3875 1
7177 8071 1
7177 6328 1
10691 2445 1
10691 7074 1
10691 7253 1
10691 6927 1
10691 10673 1
5468 2412 1
5468 5868 1
5468 5382 1
5468 10814 1
1986 3318 1
1986 5573 1
1986 5080 1
6101 6876 1
6101 4060 1
6101 6722 1
6101 3858 1
6101 5964 1
6311 6579 1
6311 2359 1
6311 6391 1
1088 5133 1
1088 3517 1
1088 9272 1
1088 3692 1
10964 10031 1
10964 3882 1
10964 8767 1
10964 3659 1
10964 5586 1
9223 10158 1
9223 5819 1
9223 9356 1
9223 5443 1
9223 7193 1
2259 2595 1
2259 6762 1
2259 3010 1
2259 5894 1
2259 4573 1
10489 1297 1
10489 3653 1
10489 7088 1
8020 2614 1
8020 7768 1
8020 8731 1
8020 7253 1
8020 7321 1
5013 7236 1
5013 9071 1
5013 6320 1
1818 2548 1
1818 5997 1
1818 3748 1
1818 8524 1
3464 296 1
3464 2466 1
3464 2275 1
3464 8719 1
6642 11179 1
6642 2406 1
6642 6459 1
6642 2192 1
6642 3164 1
2188 6892 1
2188 10062 1
2188 4937 1
2188 11081 1
2188 4776 1
10893 6795 1
11044 1281 1
11044 10970 1
891 2326 1
891 504 1
891 9264 1
6228 3062 1
6228 10374 1
6228 6826 1
6228 6374 1
8715 2525 1
8715 3174 1
8715 5719 1
2563 5527 1
2563 3908 1
2563 5574 1
2563 8509 1
4304 7373 1
4304 8987 1
4304 720 1
4304 1341 1
4304 5312 1
596 9941 1
596 4319 1
596 8636 1
596 4371 1
596 10998 1
4078 2975 1
4078 6454 1
4078 4713 1
8188 6935 1
8188 10504 1
8188 1088 1
8188 2880 1
8188 9406 1
10874 9373 1
10874 4104 1
10874 10434 1
10874 3951 1
10874 5971 1
2169 2467 1
2169 3734 1
2792 6863 1
2792 3327 1
2792 9011 1
2792 11129 1
5668 7994 1
5668 4019 1
5668 10073 1
5668 3597 1
5668 5524 1
10891 271 1
10891 8349 1
10891 10589 1
2401 9442 1
2401 8002 1
2401 2993 1
2401 7479 1
2401 6500 1
9808 2165 1
9808 6955 1
9740 6981 1
9740 374 1
9740 11070 1
9740 10395 1
3870 9306 1
3870 9630 1
3870 1566 1
3870 5954 1
3870 8919 1
9342 5341 1
9342 2813 1
9342 2585 1
9342 4194 1
9342 5926 1
4972 3356 1
4972 3010 1
4972 4868 1
4972 9072 1
10983 9823 1
10983 3288 1
10983 8285 1
10983 3011 1
10983 4877 1
8514 9734 1
8514 2015 1
8514 4422 1
6075 10678 1
6075 3931 1
6075 2842 1
6075 5968 1
6075 6980 1
5312 2879 1
5312 4035 1
5312 317 1
5312 9872 1
1197 2508 1
1197 5442 1
1197 3060 1
1197 4119 1
1197 10869 1
6420 8455 1
6420 6871 1
6420 1332 1
6420 3117 1
6420 4192 1
4679 8457 1
4679 7373 1
4679 10429 1
4679 8987 1
11073 7733 1
11073 3032 1
11073 2602 1
11073 3766 1
7591 8345 1
7591 4865 1
7591 10202 1
7591 4468 1
7591 6642 1
6060 10293 1
6060 11039 1
6060 7841 1
6060 6704 1
4319 4371 1
4319 1297 1
4319 3653 1
4319 5673 1
10527 9555 1
10527 9899 1
10527 8945 1
10527 9108 1
9873 3993 1
9873 10434 1
9873 3574 1
4650 4664 1
4650 5819 1
4650 2545 1
4650 3570 1
4650 7758 1
6577 8565 1
6577 3383 1
6577 8239 1
6577 3060 1
6577 4468 1
10334 5939 1
10334 1306 1
10334 8413 1
2737 7618 1
2737 4104 1
2737 3060 1
2737 10792 1
2737 6491 1
6219 3498 1
6219 9525 1
10355 4457 1
10355 1164 1
10355 2624 1
10672 2876 1
10672 7066 1
10672 6935 1
10672 8034 1
10672 9011 1
1967 1455 1
1967 7174 1
1967 4852 1
1967 7320 1
1967 3808 1
8923 995 1
8923 2247 1
8923 1616 1
8923 7785 1
6123 1117 1
6123 5671 1
9605 2946 1
9605 834 1
9605 10529 1
9605 756 1
9605 8233 1
7136 7388 1
7136 2015 1
7136 5157 1
1129 10334 1
1129 2453 1
1129 3085 1
7684 1639 1
7684 5087 1
720 10550 1
720 4168 1
720 9044 1
7733 2880 1
7733 6770 1
7733 6835 1
7733 5968 1
7733 10723 1
2795 9441 1
2795 8364 1
2795 6192 1
9379 72 1
9379 8007 1
9379 6187 1
9379 8760 1
9677 674 1
9677 4506 1
9677 4087 1
9677 8540 1
9677 10414 1
6999 5133 1
6999 3531 1
6999 9072 1
5421 2877 1
5421 4325 1
5421 8952 1
10644 10179 1
10644 3772 1
10644 3207 1
10644 4015 1
10644 7359 1
2359 10266 1
2359 6563 1
2359 1482 1
2359 9141 1
2359 6391 1
10642 6795 1
196 2339 1
196 7430 1
196 2085 1
196 791 1
196 8863 1
4501 4416 1
4501 5982 1
4501 1110 1
4501 9447 1
4501 11059 1
8711 3721 1
8711 8302 1
8711 8400 1
8711 8138 1
8711 9840 1
6970 9374 1
6970 4019 1
6970 9071 1
6970 3597 1
6970 5524 1
32 8188 1
32 4148 1
32 5604 1
32 10487 1
6997 8282 1
6997 4199 1
6997 6505 1
1774 8196 1
1774 1755 1
1774 9333 1
10976 2851 1
10976 5970 1
10976 6052 1
10976 5542 1
10976 8580 1
7494 6595 1
7494 2395 1
7494 5974 1
7494 3326 1
1154 3705 1
1154 7120 1
1154 5681 1
7343 7189 1
7343 3415 1
7343 9486 1
9084 4956 1
7805 1038 1
7805 4477 1
7805 4082 1
1221 199 1
1221 9080 1
1221 9416 1
7267 4230 1
7267 4540 1
7267 7123 1
2371 9347 1
2371 6576 1
2371 6196 1
2371 2388 1
5663 2165 1
5663 10685 1
11024 10414 1
11024 2134 1
11024 1387 1
11024 3782 1
10414 8709 1
10414 5440 1
2089 898 1
2089 1634 1
2089 6803 1
2089 8395 1
10319 7370 1
10319 1588 1
10319 2846 1
10319 5968 1
9591 2275 1
9591 5324 1
9591 4610 1
9591 7745 1
7850 2848 1
7850 9007 1
6109 6970 1
6109 4019 1
6109 6197 1
6109 3597 1
6109 5496 1
6904 10248 1
6904 4565 1
6904 9103 1
9358 9441 1
9358 4725 1
9358 9662 1
9358 6786 1
9168 1281 1
9168 7460 1
9168 3691 1
10909 4462 1
10909 8580 1
10909 8862 1
10909 7968 1
10909 8029 1
9816 11117 1
9816 504 1
9816 2068 1
9816 5410 1
8778 8778 1
8778 5195 1
8778 9306 1
3840 4480 1
3840 9427 1
3840 7710 1
3840 4776 1
3840 6383 1
5195 3166 1
5195 6355 1
5195 10325 1
2821 9356 1
2821 2545 1
2821 7359 1
2821 2484 1
2821 10989 1
1080 1159 1
1080 3238 1
1080 3145 1
1080 5806 1
9001 4372 1
9001 8562 1
9001 8689 1
9001 8276 1
9001 10108 1
1520 10550 1
1520 3145 1
8484 2932 1
8484 7123 1
8484 2760 1
8484 4149 1
2798 4610 1
2798 2876 1
2798 11187 1
2798 4199 1
8246 2492 1
6505 2798 1
6505 5324 1
6505 8282 1
5515 6770 1
5515 2404 1
5515 856 1
5515 3302 1
6328 6595 1
6328 3659 1
6328 10031 1
6328 3528 1
6328 5191 1
5217 1285 1
8699 10594 1
8699 10014 1
7876 4104 1
7876 6036 1
3411 5212 1
3411 1828 1
3411 9494 1
5910 3534 1
5910 7911 1
5910 7147 1
5910 8229 1
5910 8992 1
4169 1425 1
4169 5874 1
4169 3768 1
4169 6951 1
4169 3203 1
5226 797 1
5226 10751 1
5226 6254 1
5416 3736 1
5416 6001 1
5416 504 1
5416 5873 1
5416 5698 1
193 10571 1
193 3763 1
193 6516 1
4308 6093 1
4308 6036 1
4308 7017 1
4308 9356 1
4308 5819 1
2860 2285 1
2860 9662 1
2860 7231 1
2860 5169 1
2860 3181 1
9727 1673 1
9727 8537 1
9727 8163 1
9727 8267 1
10550 6898 1
10550 8135 1
10550 720 1
10550 5778 1
8604 4230 1
8604 8285 1
8604 9349 1
1640 9872 1
1640 1059 1
1640 11007 1
1640 10557 1
817 1822 1
817 3203 1
9458 5170 1
9458 9991 1
9458 619 1
9458 1029 1
9458 4119 1
11199 10416 1
11199 6978 1
11199 6813 1
11199 9128 1
8730 9600 1
8730 4531 1
8730 10487 1
8730 4018 1
8730 6529 1
9089 3534 1
9089 8754 1
9089 8992 1
9089 8229 1
9089 8316 1
9374 9071 1
9374 3809 1
9374 11173 1
9374 3344 1
9374 5244 1
4151 10416 1
6137 6970 1
6137 4019 1
6137 6197 1
6137 3597 1
6137 5524 1
8980 3563 1
8980 7641 1
8980 5380 1
8980 9074 1
8980 10221 1
8546 3611 1
8546 9108 1
8546 10202 1
8546 8269 1
8546 8316 1
3229 6093 1
3229 7193 1
3229 7279 1
3229 8341 1
3229 9441 1
1488 9124 1
1488 3851 1
1488 5671 1
1488 10670 1
5751 2943 1
5751 10551 1
5751 6715 1
5751 8871 1
5751 7530 1
3849 8455 1
3849 6871 1
3849 1332 1
3849 2161 1
3849 9005 1
4527 7052 1
4527 10984 1
4527 1965 1
4527 3678 1
4527 4472 1
9887 8239 1
9887 8883 1
9887 7598 1
9887 7686 1
4664 2545 1
4664 8319 1
4664 2344 1
4664 3175 1
3841 3721 1
3841 10198 1
3841 4187 1
3841 5375 1
3585 8400 1
3585 9955 1
3585 7877 1
3585 10894 1
5326 2188 1
5326 4917 1
5326 11081 1
5326 4044 1
5326 7746 1
10020 9594 1
10020 4199 1
10020 10628 1
10020 3993 1
10020 6058 1
5905 6387 1
5905 3144 1
5905 3583 1
5905 9124 1
9387 11187 1
9387 7845 1
9387 3625 1
4852 5060 1
4852 4934 1
4852 1335 1
3111 7147 1
3111 3840 1
3111 5573 1
3111 3026 1
3111 6459 1
8239 8077 1
8239 2877 1
8239 6577 1
8239 2535 1
8239 3397 1
4757 10983 1
4757 3288 1
4757 10418 1
4757 3011 1
4757 7432 1
3016 1876 1
3016 5859 1
3016 5212 1
4868 3356 1
4868 3010 1
4868 8229 1
4868 9072 1
9689 4199 1
9689 4115 1
7948 3653 1
7948 1826 1
7948 9555 1
2187 9275 1
2187 8767 1
2187 4104 1
2187 9788 1
2187 8756 1
1526 2316 1
1526 3860 1
1526 2657 1
1526 8262 1
1526 4119 1
3267 5847 1
3267 3181 1
3267 3478 1
3267 2932 1
3267 7755 1
5008 3131 1
5008 6215 1
5008 5863 1
1716 9929 1
1716 2819 1
1716 6062 1
1716 2595 1
1716 5709 1
6215 3131 1
6215 5008 1
6215 6405 1
4474 3993 1
4474 3523 1
4474 1233 1
4474 2192 1
4059 8144 1
4059 9898 1
4059 2998 1
4059 7881 1
2318 1387 1
2318 1727 1
2318 8837 1
11023 4299 1
11023 7214 1
11023 8828 1
5637 8381 1
5637 4019 1
5637 8484 1
5637 3597 1
5637 5524 1
414 6528 1
414 9788 1
414 10964 1
414 4664 1
414 4709 1
7229 9275 1
7229 3570 1
7229 8071 1
7229 3097 1
7229 4730 1
2388 8959 1
2388 5536 1
8736 3523 1
8736 1412 1
8736 3234 1
8736 1197 1
8736 2099 1
1329 2342 1
1329 4627 1
1329 8959 1
1329 7265 1
10034 4408 1
10034 507 1
9446 9731 1
9446 3809 1
9446 10983 1
9446 3344 1
9446 5496 1
5964 9373 1
5964 4104 1
5964 9681 1
5964 3951 1
5964 6411 1
4128 10873 1
4128 2532 1
4128 2406 1
7610 834 1
7610 10353 1
7610 6795 1
7610 1906 1
5210 4407 1
5210 9164 1
5210 1229 1
5210 6770 1
10045 635 1
10045 4119 1
10045 1261 1
10045 9222 1
10045 10011 1
10868 11059 1
10868 4501 1
10868 4237 1
10868 5997 1
10868 9376 1
7460 887 1
7460 2804 1
7460 2501 1
7460 3517 1
7460 5503 1
9015 10434 1
9015 4060 1
9015 10123 1
9015 3858 1
9015 5969 1
1483 2175 1
1483 4135 1
1483 6459 1
1483 3364 1
1483 4069 1
8731 2614 1
8731 7321 1
8731 7359 1
8731 7017 1
8731 9577 1
3721 9856 1
3721 9955 1
3721 10198 1
3721 5838 1
3721 10894 1
10685 4752 1
10685 368 1
10685 2690 1
10685 3692 1
6955 2165 1
6955 8789 1
6955 9808 1
6955 10077 1
3836 8199 1
3836 1024 1
3836 10498 1
3836 6576 1
5265 3166 1
5265 8116 1
5458 6391 1
5458 8451 1
5458 6737 1
5458 5443 1
5458 9223 1
6725 6951 1
6725 3617 1
7524 2798 1
7524 5324 1
8347 3193 1
8347 9070 1
4631 6093 1
4631 8451 1
4631 8079 1
4631 4278 1
4631 6991 1
1149 7224 1
1149 6351 1
1149 3404 1
1149 10755 1
2890 2798 1
2890 11187 1
2890 9591 1
2890 4008 1
2890 4199 1
7346 9603 1
7346 708 1
7346 526 1
7346 3144 1
7346 6817 1
382 7958 1
382 982 1
382 2776 1
382 1270 1
6461 6412 1
6461 2106 1
6461 2744 1
6461 8474 1
10064 3534 1
10064 8754 1
10064 8992 1
10064 8229 1
10064 8316 1
2782 3730 1
2782 6653 1
1136 3705 1
1136 1250 1
1136 7264 1
1136 5681 1
10873 3914 1
10873 9070 1
10873 3812 1
10873 5899 1
5340 10612 1
5340 9141 1
5340 3945 1
5340 5537 1
10547 2608 1
10547 5016 1
10547 4527 1
10547 8998 1
4786 4608 1
4786 9072 1
4786 9387 1
3045 1508 1
3045 4956 1
3045 5543 1
3045 5998 1
1836 9235 1
1836 3193 1
1836 982 1
1836 7228 1
1836 5437 1
6871 3422 1
6871 9674 1
6871 8276 1
10353 4672 1
10353 6795 1
10353 617 1
10353 1906 1
10353 10411 1
6411 10609 1
6411 4104 1
6411 7582 1
6411 3951 1
6411 5971 1
5398 10609 1
5398 3263 1
5398 1172 1
5398 4474 1
5398 10158 1
8880 3598 1
8880 4501 1
8880 840 1
5080 8117 1
5080 5573 1
5080 5360 1
7354 5241 1
7354 5724 1
7354 1365 1
7354 2443 1
7354 8753 1
8462 8257 1
3239 3610 1
3239 3776 1
3239 4586 1
3239 6825 1
7857 3111 1
7857 7339 1
7857 7710 1
7857 6459 1
7857 6737 1
10525 3517 1
10525 7917 1
10525 8345 1
10525 7147 1
10525 7710 1
8784 397 1
8784 8892 1
8784 6642 1
2023 8835 1
2023 2145 1
2023 6333 1
3901 9587 1
3901 7678 1
9124 5905 1
9124 1488 1
9124 3283 1
9124 6146 1
8301 3721 1
8301 9615 1
8301 8138 1
8301 9840 1
6217 10832 1
6217 710 1
6217 1914 1
4192 8276 1
4192 1332 1
4192 3117 1
4192 6658 1
710 5483 1
710 4161 1
710 6217 1
710 6805 1
3799 5016 1
3799 5154 1
317 2722 1
317 3415 1
317 1746 1
317 7411 1
5540 2203 1
5540 9482 1
5540 6770 1
5540 6529 1
3166 2214 1
3166 5935 1
3166 5946 1
1425 4169 1
1425 3203 1
1425 5449 1
4325 5313 1
4325 4664 1
4325 9275 1
4325 5421 1
7807 3295 1
7807 5230 1
7807 10801 1
7807 8162 1
10656 3734 1
3692 10539 1
3692 4432 1
3692 4871 1
3692 6327 1
9029 10191 1
9029 1297 1
9029 3653 1
9029 7088 1
7288 5230 1
7288 10068 1
7288 7825 1
7288 9275 1
3776 6400 1
3776 4032 1
3776 10607 1
3776 8979 1
5904 9449 1
5904 817 1
5904 2753 1
6835 5442 1
6835 5968 1
6835 2097 1
6835 8754 1
582 2073 1
582 3275 1
582 2639 1
582 1986 1
582 7163 1
7830 6771 1
7830 1413 1
7830 3436 1
10948 2466 1
10948 7074 1
10948 7253 1
10948 6927 1
10948 8802 1
9207 6021 1
9207 3145 1
9207 11165 1
7877 3721 1
7877 8243 1
7877 8301 1
7877 9840 1
8386 199 1
8386 9222 1
8386 1261 1
8386 10045 1
8386 338 1
1422 11152 1
1422 5713 1
1422 10876 1
10007 7123 1
10007 4230 1
10007 5124 1
6525 3945 1
6525 1629 1
6525 3517 1
6525 1418 1
6525 2243 1
9899 10849 1
9899 3699 1
9899 8277 1
9899 3215 1
7504 1252 1
7504 853 1
7504 2877 1
7504 6224 1
7253 9141 1
7253 3678 1
7253 7321 1
7253 3409 1
7253 5966 1
5512 8345 1
5512 1965 1
5512 3197 1
5512 10339 1
2424 694 1
2424 10540 1
10147 4128 1
10147 853 1
10147 11052 1
4948 9235 1
4948 982 1
4948 2537 1
4948 4499 1
5469 8381 1
5469 4019 1
5469 6970 1
5469 3597 1
5469 5906 1
1987 3809 1
1987 3130 1
1987 6970 1
1987 4648 1
1987 2932 1
3926 10873 1
3926 3692 1
3926 7816 1
3926 3572 1
3926 5443 1
4627 9468 1
4627 1755 1
4627 1329 1
4627 2342 1
3012 9072 1
3012 6770 1
8981 4852 1
8981 3255 1
8981 7174 1
8981 8863 1
5499 5442 1
5499 5968 1
5499 2097 1
5499 9593 1
6035 3193 1
6035 10031 1
6035 8883 1
6035 11052 1
2617 3358 1
2617 1586 1
2617 2604 1
2617 9783 1
744 4128 1
744 1152 1
744 7598 1
7708 9235 1
7708 9468 1
7708 2187 1
7708 5366 1
7708 7288 1
