1260 6606 1
1260 520 1
1260 2291 1
1260 1871 1
1260 6047 1
6047 4180 1
6047 1260 1
6047 2291 1
6047 1658 1
6606 2961 1
6606 214 1
6606 5083 1
6606 4180 1
6606 1260 1
1871 1260 1
520 1260 1
520 5083 1
520 6606 1
2291 7912 1
2291 1260 1
2291 7599 1
2291 2410 1
2291 5564 1
7912 2291 1
214 4487 1
214 5292 1
214 7249 1
214 8398 1
214 10973 1
2961 5705 1
2961 214 1
2961 9339 1
2961 3345 1
2961 6606 1
4180 1260 1
4180 3674 1
4180 1365 1
4180 1310 1
4180 2307 1
5083 2305 1
5083 520 1
5083 4180 1
5083 2934 1
5083 5944 1
2410 5824 1
2410 4458 1
2410 10374 1
2410 5056 1
2410 7312 1
1658 6047 1
1658 4180 1
7599 4180 1
7599 895 1
7599 5840 1
7599 4914 1
7599 2754 1
5564 477 1
5564 2479 1
5564 1053 1
5564 912 1
5564 2153 1
2934 10837 1
2934 1703 1
2934 5083 1
2934 6312 1
1310 9481 1
1310 30 1
1310 4814 1
1310 6412 1
1310 5564 1
1365 613 1
1365 9887 1
1365 797 1
1365 744 1
1365 2560 1
2305 6230 1
2305 1260 1
2305 5083 1
2305 8279 1
2305 4180 1
895 2702 1
895 4208 1
895 9425 1
895 5968 1
895 9605 1
3674 8893 1
3674 1365 1
3674 4180 1
3674 6943 1
3674 10759 1
3345 11113 1
3345 458 1
3345 8461 1
3345 9995 1
3345 3647 1
9339 2951 1
9339 214 1
9339 3108 1
9339 2961 1
9339 6606 1
10374 1443 1
10374 3405 1
10374 1749 1
10374 1746 1
10374 2877 1
5705 3647 1
5705 1650 1
5705 2961 1
5705 4262 1
5705 3345 1
4458 3498 1
4458 2410 1
4458 3806 1
477 4157 1
477 5513 1
477 1172 1
477 10609 1
477 4474 1
5056 233 1
5056 3747 1
5056 5064 1
5056 6459 1
5056 882 1
7312 3644 1
7312 9169 1
7312 4539 1
7312 4105 1
7312 5970 1
5840 8939 1
5840 554 1
5840 6267 1
5840 7784 1
5840 7634 1
2479 4393 1
2479 564 1
2479 5564 1
2479 10235 1
2479 5076 1
1053 2100 1
1053 5564 1
912 2221 1
912 4688 1
912 10234 1
912 5564 1
912 3394 1
4914 2461 1
4914 9252 1
4914 2702 1
4914 2601 1
4914 9463 1
2754 5248 1
2754 7588 1
2754 5001 1
2754 10016 1
2754 7637 1
5292 9563 1
5292 214 1
2307 1490 1
2307 9493 1
2307 1991 1
2307 1637 1
2307 11018 1
8398 1141 1
8398 4946 1
8398 1309 1
8398 1202 1
8398 1785 1
10973 2134 1
10973 10686 1
10973 3165 1
10973 2771 1
10973 6801 1
4487 3673 1
4487 7134 1
4487 4247 1
4487 3899 1
4487 4490 1
5944 10879 1
5944 2555 1
5944 6435 1
5944 5083 1
5944 6154 1
7249 9563 1
7249 112 1
7249 5289 1
7249 8398 1
7249 8408 1
5824 2177 1
5824 5381 1
5824 2401 1
5824 2199 1
5824 3381 1
2153 5564 1
2153 1403 1
2153 3394 1
2153 8815 1
2153 6387 1
1309 5412 1
1309 6621 1
1309 3880 1
1309 1990 1
1309 8333 1
2702 1694 1
2702 7071 1
2702 6785 1
2702 2615 1
2702 9425 1
3498 3806 1
3498 1088 1
3498 10216 1
3498 8160 1
3498 9777 1
5289 7249 1
5289 208 1
5289 9339 1
5289 8408 1
5289 4194 1
1141 10471 1
1141 247 1
1141 11146 1
1141 7638 1
1141 1785 1
9493 4180 1
9493 10235 1
9493 6841 1
9493 5333 1
9493 8871 1
5513 2356 1
5513 8153 1
5513 2880 1
5513 2557 1
5513 10881 1
7637 865 1
7637 3978 1
7637 1422 1
7637 1147 1
7637 2754 1
10016 3975 1
10016 1659 1
10016 5994 1
10016 5248 1
10016 8173 1
10234 1634 1
10234 4492 1
10234 2461 1
10234 1979 1
10234 2851 1
2221 5348 1
2221 2 1
2221 5564 1
2221 10983 1
2221 10684 1
2100 3300 1
2100 315 1
2100 9416 1
2100 4287 1
2100 3518 1
9463 4297 1
9463 895 1
9463 5540 1
9463 4914 1
9463 9616 1
4688 2221 1
4688 912 1
4688 5564 1
1703 1671 1
1703 2934 1
1703 4347 1
1703 4322 1
1703 4427 1
5076 5576 1
5076 564 1
5076 10235 1
5076 10745 1
5076 8971 1
613 7946 1
613 10850 1
613 2954 1
613 5899 1
613 4947 1
4105 8304 1
4105 3644 1
4105 10167 1
4105 9169 1
6312 3636 1
6312 554 1
6312 3992 1
6312 3838 1
6312 7402 1
2560 2384 1
2560 606 1
2560 6950 1
2560 5443 1
2560 8401 1
1202 7978 1
1202 8610 1
1202 1314 1
1202 3820 1
1202 11191 1
5381 5824 1
30 5461 1
30 6096 1
30 9045 1
30 6412 1
30 1310 1
8893 6943 1
8893 1365 1
8893 3674 1
8893 10759 1
8893 4180 1
1749 1443 1
1749 10912 1
1749 2177 1
1749 1746 1
1749 3344 1
11113 2933 1
11113 9416 1
11113 3345 1
11113 3300 1
11113 5543 1
6412 4814 1
6412 30 1
6412 6096 1
6412 5461 1
6412 6461 1
5248 1404 1
5248 8109 1
5248 2754 1
5248 1659 1
5248 4170 1
3405 10374 1
3405 2411 1
3405 5787 1
3405 3396 1
3405 3426 1
458 5711 1
458 3345 1
458 6638 1
458 9756 1
458 4313 1
8461 3345 1
8461 10976 1
8461 4897 1
8461 4075 1
8461 7419 1
6230 4992 1
6230 392 1
6230 8526 1
6230 5144 1
6230 4180 1
3647 5705 1
3647 458 1
3647 10079 1
3647 9756 1
3647 3345 1
3108 8066 1
3108 871 1
3108 5763 1
3108 6303 1
9995 2431 1
9995 4732 1
9995 2674 1
9995 2634 1
9995 3345 1
1637 7169 1
1637 9216 1
1637 9307 1
1637 5722 1
1637 9718 1
8408 5989 1
8408 214 1
8408 8611 1
8408 7249 1
8408 5289 1
1443 317 1
1443 360 1
1443 3572 1
1443 1059 1
8815 8362 1
8815 2153 1
8815 5564 1
8815 9710 1
8815 7208 1
1650 4262 1
1650 5705 1
4262 3211 1
4262 5468 1
4262 6561 1
4262 6848 1
4262 5230 1
1785 180 1
1785 8233 1
1785 3062 1
1785 10551 1
1785 357 1
233 4629 1
233 5326 1
233 6052 1
233 4919 1
233 7212 1
2134 7494 1
2134 11024 1
2134 10973 1
2134 6801 1
1746 636 1
1746 10912 1
1746 1443 1
1746 720 1
1746 6232 1
3165 5577 1
3165 10334 1
3165 8331 1
4814 4180 1
4814 471 1
4814 5664 1
4814 4387 1
4814 7869 1
5968 281 1
5968 3788 1
5968 8117 1
5968 8842 1
5968 830 1
3381 1190 1
3381 6217 1
3381 1354 1
3381 1204 1
3381 2742 1
2771 1815 1
2771 8489 1
2771 9857 1
2771 2641 1
2771 7320 1
6154 5944 1
6154 650 1
6154 9763 1
6154 9232 1
6154 5930 1
2177 1934 1
2177 8033 1
2177 5824 1
2177 2057 1
2177 3665 1
6801 2641 1
6801 8749 1
6801 3508 1
6801 2962 1
6801 5101 1
3899 4487 1
3899 1213 1
3899 7134 1
3899 9371 1
3899 7683 1
9169 337 1
9169 3890 1
9169 1443 1
9169 720 1
9169 2993 1
4393 5198 1
4393 794 1
4393 5435 1
4393 2479 1
4490 7134 1
4490 4487 1
4490 10415 1
4490 5646 1
4490 10578 1
112 9563 1
112 7249 1
10879 5944 1
10879 5745 1
10879 6435 1
8939 4475 1
8939 554 1
8939 7324 1
8939 5840 1
8939 4427 1
10686 7940 1
10686 3743 1
10686 8450 1
10686 8224 1
10686 6898 1
4247 3673 1
4247 7201 1
4247 6785 1
4247 3784 1
4247 7320 1
2555 1513 1
2555 4820 1
2555 8106 1
2555 2461 1
2555 7105 1
6435 5944 1
6435 181 1
6435 9586 1
6435 2040 1
2401 319 1
2401 9370 1
2401 964 1
2401 797 1
2401 1449 1
10759 2851 1
10759 6196 1
10759 3674 1
10759 3062 1
10759 5016 1
7134 2396 1
7134 6244 1
7134 3199 1
7134 2414 1
7134 4487 1
5970 467 1
5970 9280 1
5970 718 1
5970 10235 1
5970 1661 1
744 8239 1
744 10850 1
744 5899 1
744 7946 1
744 1365 1
2199 6815 1
2199 5824 1
2199 6981 1
2199 9216 1
2199 7470 1
1403 3394 1
1403 7530 1
1403 4168 1
1403 1543 1
1403 3931 1
6387 3394 1
6387 234 1
6387 10512 1
6387 5905 1
6387 2482 1
3747 667 1
3747 7994 1
3747 895 1
3747 5056 1
3747 1248 1
2951 3471 1
2951 208 1
2951 9339 1
2951 592 1
2951 10990 1
4946 8184 1
4946 1545 1
4946 6086 1
4946 9862 1
4946 2648 1
9481 6096 1
9481 1310 1
9481 6412 1
1490 1991 1
1490 4797 1
1490 5410 1
1490 6376 1
1490 8973 1
7588 2768 1
7588 9899 1
7588 4078 1
7588 3008 1
7588 6405 1
5001 2540 1
5001 89 1
5001 3861 1
5001 2754 1
5001 9078 1
9605 68 1
9605 1785 1
9605 10726 1
9605 9473 1
9605 264 1
9887 1082 1
9887 4724 1
9887 1190 1
9887 1152 1
9887 2954 1
5064 561 1
5064 6834 1
5064 11177 1
5064 1629 1
8279 2305 1
4208 1403 1
4208 10234 1
4208 2106 1
4208 1411 1
4208 7883 1
1991 8002 1
1991 4797 1
1991 2401 1
1991 2691 1
1991 10158 1
797 9740 1
797 5226 1
797 9807 1
797 1422 1
797 2136 1
3806 1662 1
3806 5974 1
3806 2192 1
3806 1810 1
3806 2796 1
4157 1180 1
4157 4474 1
4157 2728 1
4157 1307 1
4157 10609 1
6943 4180 1
6943 471 1
6943 10759 1
6943 4814 1
6943 3674 1
1172 1068 1
1172 3302 1
1172 5513 1
1172 9927 1
1172 10158 1
3644 232 1
3644 2788 1
3644 6923 1
3644 5442 1
3644 483 1
10609 319 1
10609 5709 1
10609 440 1
10609 9015 1
4474 232 1
4474 8474 1
4474 405 1
10837 1797 1
10837 8201 1
10837 2934 1
10837 2851 1
10837 4497 1
3673 4487 1
3673 4247 1
3673 4358 1
2877 9223 1
2877 687 1
6459 360 1
6459 7494 1
3394 1543 1
3394 11022 1
3394 2106 1
3394 2846 1
9563 7360 1
9563 112 1
9563 5292 1
9563 8398 1
9563 7249 1
2461 1634 1
2461 1671 1
2461 1661 1
11018 11068 1
11018 5064 1
11018 7299 1
4539 6372 1
4539 7312 1
554 4427 1
554 5840 1
554 3992 1
554 9559 1
554 8939 1
9252 7634 1
9252 2702 1
9252 5206 1
9252 4914 1
6267 2136 1
6267 10751 1
6267 4251 1
6267 3593 1
6267 5942 1
7784 5763 1
7784 554 1
7784 5840 1
7784 5807 1
7784 9784 1
9425 2702 1
9425 895 1
9425 7634 1
7634 2291 1
7634 6847 1
7634 2702 1
7634 4542 1
564 5778 1
564 3423 1
564 8112 1
564 3549 1
564 1308 1
2601 442 1
2601 5182 1
2601 7120 1
2601 10942 1
2601 1082 1
882 1639 1
882 7370 1
882 1515 1
882 10644 1
882 5364 1
10235 360 1
10235 5751 1
10235 627 1
10235 8987 1
10235 798 1
