4331 6548 1
4331 8880 1
4331 9447 1
4331 9705 1
4331 7170 1
6548 4331 1
6548 6984 1
8880 1110 1
8880 1469 1
8880 8930 1
8880 8744 1
8880 284 1
9705 6734 1
9705 4331 1
9705 1659 1
9447 1110 1
9447 9324 1
9447 4537 1
9447 4331 1
9447 7170 1
7170 4537 1
7170 9357 1
7170 5346 1
7170 6547 1
7170 1350 1
9324 1350 1
9324 2021 1
9324 8571 1
9324 9419 1
9324 643 1
6734 3854 1
6734 6360 1
6734 9202 1
6734 4346 1
6734 1659 1
1659 9160 1
1659 8891 1
1659 2220 1
1659 9898 1
1659 4682 1
284 8744 1
284 8880 1
1350 850 1
1350 8930 1
1350 10862 1
1350 3591 1
1350 2242 1
5346 4537 1
5346 6547 1
5346 9376 1
5346 7170 1
5346 1350 1
9357 4537 1
9357 7170 1
9357 5346 1
9357 6547 1
9357 1350 1
6547 4537 1
6547 9376 1
6547 5346 1
6547 9357 1
6547 1350 1
6984 1190 1
6984 11137 1
6984 9758 1
6984 4557 1
6984 5830 1
8744 933 1
8744 1419 1
8744 7334 1
8744 8880 1
8744 284 1
1469 8880 1
1469 1686 1
1469 3542 1
1469 8744 1
1469 1110 1
1110 4416 1
1110 4501 1
1110 4596 1
1110 8930 1
1110 1584 1
4537 1419 1
4537 2663 1
4537 5346 1
4537 7647 1
4537 149 1
8930 1350 1
8930 2021 1
8930 9376 1
8930 8571 1
8930 643 1
2663 4537 1
2663 5682 1
2663 8108 1
2663 7583 1
2663 7777 1
4501 1350 1
4501 2021 1
4501 8571 1
4501 9276 1
4501 643 1
1686 1110 1
1686 2279 1
1686 8315 1
1686 8880 1
1686 7650 1
1419 7013 1
1419 3723 1
1419 5308 1
1419 8744 1
1419 424 1
643 1110 1
643 6864 1
643 4331 1
643 3166 1
643 9419 1
933 8262 1
933 2891 1
933 1274 1
933 7186 1
933 377 1
10862 1812 1
10862 3598 1
10862 2446 1
10862 3542 1
10862 717 1
4416 1087 1
4416 7838 1
4416 9376 1
4416 3598 1
4416 8864 1
4557 1348 1
4557 9306 1
4557 5282 1
4557 6552 1
4557 5830 1
11137 1348 1
11137 9306 1
11137 5779 1
11137 5265 1
11137 6552 1
9376 1110 1
9376 10305 1
9376 5346 1
9376 4416 1
9376 8880 1
2242 3542 1
2242 7647 1
2242 8231 1
2242 4331 1
2242 1350 1
7647 1110 1
7647 9357 1
7647 9447 1
7647 3740 1
7647 5982 1
1584 5393 1
1584 9669 1
1584 8584 1
1584 10947 1
1584 812 1
5830 913 1
5830 7464 1
5830 6012 1
5830 8950 1
5830 5779 1
7334 2096 1
7334 3542 1
7334 7647 1
7334 10151 1
7334 1159 1
9898 3973 1
9898 5622 1
9898 9804 1
9898 5433 1
9898 410 1
2021 1110 1
2021 1686 1
2021 4501 1
2021 9447 1
2021 643 1
3854 2799 1
3854 3347 1
3854 9392 1
3854 6076 1
3854 8789 1
149 7777 1
149 5691 1
149 4537 1
149 10910 1
8891 2382 1
8891 3447 1
8891 10211 1
8891 10371 1
8891 761 1
9160 2815 1
9160 7443 1
9160 6554 1
9160 7186 1
9160 1087 1
4682 2382 1
4682 3447 1
4682 10364 1
4682 5097 1
4682 761 1
9758 370 1
9758 5946 1
9758 9794 1
9758 10425 1
9758 4768 1
8571 1110 1
8571 1686 1
8571 8315 1
8571 5982 1
8571 8880 1
3542 9324 1
3542 3740 1
3542 8536 1
3542 7245 1
3542 3079 1
2220 630 1
2220 1689 1
2220 9758 1
2220 4685 1
2220 8148 1
9419 1350 1
9419 2021 1
9419 9447 1
9419 9276 1
9419 643 1
3591 1350 1
3591 2021 1
3591 8930 1
3591 8880 1
3591 643 1
6360 2799 1
6360 9392 1
6360 3180 1
6360 3854 1
6360 1052 1
1190 7167 1
1190 3660 1
1190 6035 1
1190 9101 1
1190 2877 1
4596 446 1
4596 8757 1
4596 8004 1
4596 7417 1
4596 4624 1
9202 6734 1
9202 3854 1
9202 3180 1
9202 6360 1
850 1686 1
850 3598 1
850 4331 1
850 9447 1
850 4413 1
4346 2050 1
4346 3573 1
4346 6554 1
4346 2985 1
4346 1409 1
4768 6355 1
4768 9240 1
4768 9827 1
4768 8156 1
4768 4685 1
9794 630 1
9794 1791 1
9794 9758 1
9794 8399 1
9794 94 1
370 1152 1
370 2902 1
370 4196 1
370 7598 1
370 4419 1
7650 978 1
7650 1876 1
7650 10387 1
7650 8714 1
7650 8119 1
5308 1066 1
5308 5968 1
5308 9164 1
5308 4198 1
5308 9371 1
9306 954 1
9306 6552 1
9306 7998 1
9306 4521 1
9306 5935 1
6552 10329 1
6552 3372 1
6552 5536 1
6552 5468 1
6552 2589 1
8262 1526 1
8262 2928 1
8262 2657 1
8262 2805 1
8262 291 1
7583 5015 1
7583 5682 1
7583 5100 1
7583 5314 1
7583 781 1
1812 1110 1
1812 3261 1
1812 8571 1
1812 5982 1
1812 8584 1
8315 1384 1
8315 2015 1
8315 8479 1
8315 8864 1
8315 840 1
10305 1258 1
10305 10834 1
10305 5807 1
10305 5178 1
10305 8921 1
717 8988 1
717 10862 1
717 10748 1
717 1773 1
717 7811 1
1087 3330 1
1087 1236 1
1087 10972 1
1087 10917 1
1087 6205 1
5946 954 1
5946 7464 1
5946 5954 1
5946 4521 1
5946 5935 1
3723 9908 1
3723 1419 1
3723 7749 1
3723 4188 1
3723 1309 1
1348 11137 1
1348 9306 1
1348 5219 1
1348 3242 1
1348 3272 1
5779 1348 1
5779 10325 1
5779 11137 1
5779 5265 1
5779 5935 1
5682 5314 1
5682 8108 1
5682 11004 1
5682 6984 1
5682 2663 1
7245 10824 1
7245 3542 1
7245 7829 1
7245 5928 1
7245 2145 1
1689 630 1
1689 9794 1
1689 9907 1
1689 9064 1
1689 94 1
9669 1584 1
9669 2145 1
9669 9227 1
9669 7741 1
9669 442 1
913 5830 1
913 8336 1
913 7998 1
913 5946 1
913 349 1
5097 641 1
5097 6056 1
5097 8891 1
5097 4345 1
5097 7944 1
9276 1110 1
9276 10710 1
9276 6205 1
9276 4501 1
9276 8880 1
3166 544 1
3166 10942 1
3166 10707 1
3166 2603 1
3166 9758 1
8148 2220 1
8148 6390 1
8148 10666 1
8148 5467 1
8148 294 1
10371 2382 1
10371 3447 1
10371 10364 1
10371 8891 1
10371 761 1
3180 1695 1
3180 3103 1
3180 5043 1
3180 10077 1
3180 852 1
7013 8461 1
7013 4016 1
7013 1419 1
7013 9026 1
446 2987 1
446 11073 1
446 8043 1
446 6755 1
446 62 1
5393 1584 1
5393 5106 1
5393 7257 1
5393 3732 1
5393 840 1
2279 1110 1
2279 8340 1
2279 8880 1
2279 5982 1
2279 6205 1
8584 1584 1
8584 2541 1
8584 8744 1
8584 2446 1
8584 812 1
4413 3632 1
4413 8553 1
4413 4331 1
4413 10449 1
4413 536 1
7167 6879 1
7167 1190 1
7167 7375 1
7167 1647 1
7167 730 1
8536 1812 1
8536 3542 1
8536 8808 1
8536 2446 1
8536 1087 1
377 382 1
377 8309 1
377 5999 1
377 10860 1
377 9180 1
3660 4635 1
3660 1190 1
3660 5308 1
3660 5982 1
3660 242 1
6035 744 1
6035 6328 1
6035 7215 1
6035 4724 1
6035 9887 1
2446 1110 1
2446 1384 1
2446 11183 1
2446 7647 1
2446 774 1
9101 1719 1
9101 3136 1
9101 9456 1
9101 2651 1
9101 982 1
9392 3854 1
9392 7412 1
9392 4233 1
9392 6360 1
9392 1052 1
8757 1721 1
8757 2987 1
8757 1764 1
8757 2346 1
8757 300 1
8004 1698 1
8004 2329 1
8004 9460 1
8004 9207 1
8004 1087 1
7417 3875 1
7417 2985 1
7417 4596 1
7417 2987 1
7417 2673 1
4685 370 1
4685 9758 1
4685 10215 1
4685 5471 1
4685 11137 1
8864 1384 1
8864 2279 1
8864 8315 1
8864 1812 1
8864 840 1
5282 1348 1
5282 9306 1
5282 9999 1
5282 5265 1
5282 10425 1
1052 3180 1
1052 7630 1
1052 5325 1
1052 3854 1
1052 9392 1
4624 1450 1
4624 2987 1
4624 9669 1
4624 2772 1
4624 1190 1
5691 829 1
5691 2002 1
5691 6676 1
5691 10790 1
5691 149 1
7186 1453 1
7186 1860 1
7186 9160 1
7186 9771 1
7186 382 1
3573 4346 1
3573 1980 1
3573 10565 1
3573 7032 1
3573 1849 1
8108 2023 1
8108 2663 1
8108 7761 1
8108 6959 1
8108 140 1
2891 382 1
2891 1422 1
2891 9878 1
2891 8901 1
2891 11 1
3079 1384 1
3079 2279 1
3079 9276 1
3079 1812 1
3079 840 1
2985 2929 1
2985 2987 1
2985 4346 1
2985 8004 1
2985 446 1
5265 1348 1
5265 10942 1
5265 10325 1
5265 5195 1
5265 5282 1
2877 10238 1
2877 4543 1
2877 8451 1
2877 6391 1
2877 1705 1
424 1110 1
424 8744 1
424 5308 1
424 8039 1
424 374 1
6864 9047 1
6864 1713 1
6864 9724 1
6864 9774 1
6864 643 1
8231 2446 1
8231 4331 1
8231 3542 1
8231 3598 1
8231 1350 1
2799 6360 1
2799 9663 1
2799 3180 1
2799 3854 1
2799 2625 1
10947 1584 1
10947 2690 1
10947 10685 1
10947 2361 1
10947 424 1
10151 7334 1
10151 7211 1
10151 5140 1
3740 3542 1
3740 7647 1
3740 5109 1
3740 9367 1
3740 283 1
2382 8064 1
2382 8011 1
2382 10364 1
2382 3447 1
2382 761 1
7464 2601 1
7464 4521 1
7464 7998 1
7464 9306 1
7464 349 1
6012 2601 1
6012 4521 1
6012 7998 1
6012 7464 1
6012 349 1
8950 1348 1
8950 9999 1
8950 5779 1
8950 5265 1
8950 6552 1
10211 761 1
10211 10371 1
10211 6248 1
10211 5335 1
10211 8011 1
6076 982 1
6076 7904 1
6076 10304 1
6076 5700 1
6076 10208 1
2096 7334 1
2096 7922 1
2096 6169 1
630 7040 1
630 7559 1
630 954 1
630 2220 1
630 94 1
8789 10077 1
8789 6955 1
8789 3854 1
8789 11072 1
3973 1549 1
3973 4032 1
3973 8818 1
3973 9063 1
3973 410 1
5622 3973 1
5622 4835 1
5622 7881 1
5622 4638 1
5622 410 1
9804 504 1
9804 7881 1
9804 9433 1
9804 4296 1
9804 6656 1
7443 8004 1
7443 6554 1
7443 9207 1
7443 9160 1
7443 1659 1
1274 933 1
1274 7893 1
1274 3041 1
1274 6197 1
1274 8780 1
2050 6954 1
2050 4346 1
5433 4059 1
5433 9804 1
5433 7881 1
5433 9898 1
5433 410 1
5982 850 1
5982 9435 1
5982 9842 1
5982 3591 1
5982 9476 1
410 7373 1
410 5433 1
410 3612 1
410 6905 1
410 9063 1
3347 3854 1
3347 1636 1
3347 8183 1
3347 3180 1
3347 1620 1
7838 2776 1
7838 7337 1
7838 3542 1
7838 4416 1
7838 1274 1
10425 1348 1
10425 9306 1
10425 5779 1
10425 5265 1
10425 6552 1
761 10371 1
761 8891 1
761 3942 1
761 10211 1
761 6248 1
1159 9043 1
1159 10268 1
1159 7334 1
1159 3286 1
1159 1080 1
10910 1419 1
10910 1950 1
10910 7777 1
10910 6984 1
10910 10092 1
3447 761 1
3447 8011 1
3447 5335 1
3447 4943 1
3447 6056 1
7777 1190 1
7777 1950 1
7777 10099 1
7777 10910 1
7777 149 1
10364 641 1
10364 7528 1
10364 8891 1
10364 4513 1
10364 5865 1
812 8744 1
812 8584 1
812 1584 1
1409 6954 1
1409 4591 1
1409 1659 1
1409 4346 1
1409 10341 1
3598 1087 1
3598 9366 1
3598 8930 1
3598 3079 1
3598 9889 1
2815 4404 1
2815 6432 1
2815 9160 1
2815 4639 1
2815 2430 1
6554 2220 1
6554 2985 1
6554 7480 1
6554 2929 1
6554 1234 1
9207 6021 1
9207 7038 1
9207 6554 1
9207 6633 1
9207 1234 1
5935 1348 1
5935 6355 1
5935 5779 1
5935 5265 1
5935 9758 1
9460 3770 1
9460 4404 1
9460 3995 1
9460 4346 1
9460 1201 1
1698 8102 1
1698 10798 1
1698 2185 1
1698 6575 1
1698 578 1
62 6281 1
62 6639 1
62 9291 1
62 4341 1
62 9690 1
9878 444 1
9878 1422 1
9878 9041 1
9878 10418 1
9878 11 1
6197 5668 1
6197 1987 1
6197 3747 1
6197 7946 1
6197 1503 1
1764 6147 1
1764 5719 1
1764 10763 1
1764 10824 1
1764 412 1
1721 1476 1
1721 8757 1
4233 1497 1
4233 2463 1
4233 6133 1
4233 9392 1
4233 69 1
7412 3854 1
7412 5179 1
7412 4091 1
7412 4233 1
7412 1497 1
3136 10401 1
3136 8988 1
3136 5308 1
3136 5893 1
3136 140 1
5999 5226 1
5999 1165 1
5999 10982 1
5999 6838 1
5999 377 1
9887 744 1
9887 9275 1
9887 5899 1
9887 5124 1
9887 7215 1
7215 920 1
7215 9887 1
7215 8401 1
7215 4724 1
7215 6197 1
1080 1159 1
1080 1422 1
1080 1087 1
1080 3145 1
1080 9281 1
4724 1152 1
4724 11007 1
4724 9118 1
4724 4947 1
4724 7215 1
744 3528 1
744 5899 1
744 3053 1
744 1190 1
744 2877 1
6879 1647 1
6879 730 1
6879 7375 1
6879 7167 1
6879 582 1
4016 1419 1
4016 7013 1
10860 1274 1
10860 1755 1
10860 7337 1
10860 10053 1
10860 377 1
1453 497 1
1453 592 1
1453 6749 1
1453 1860 1
1453 8308 1
8808 4119 1
8808 6410 1
8808 10994 1
8808 6358 1
8808 1922 1
5536 9468 1
5536 7299 1
5536 10329 1
5536 7123 1
5536 4842 1
2673 2985 1
2673 2987 1
2673 7417 1
2673 4596 1
8399 630 1
8399 1791 1
8399 9064 1
8399 9794 1
8399 94 1
1647 7167 1
1647 7375 1
1647 730 1
1647 6879 1
9827 2413 1
9827 3121 1
9827 8957 1
9827 7526 1
9827 994 1
829 2002 1
829 5691 1
11 7941 1
11 444 1
11 6183 1
11 1418 1
11 5679 1
7373 596 1
7373 11045 1
7373 8534 1
7373 5058 1
7373 7314 1
536 9414 1
536 8714 1
536 8404 1
536 4144 1
536 87 1
781 7583 1
8553 4198 1
8553 8042 1
8553 4413 1
8553 7650 1
8553 536 1
9371 2772 1
9371 5106 1
9371 8268 1
9371 4514 1
9371 1213 1
2541 3542 1
2541 4416 1
2541 7647 1
2541 8584 1
2541 1536 1
7040 630 1
7040 1791 1
7040 10215 1
7040 8399 1
7040 94 1
7257 1942 1
7257 3598 1
7257 8536 1
7257 2772 1
7257 60 1
5106 4564 1
5106 5393 1
5106 4681 1
5106 6470 1
5106 840 1
8043 2987 1
8043 5723 1
8043 4596 1
8043 4978 1
8043 209 1
11073 3032 1
11073 5655 1
11073 3517 1
11073 3766 1
11073 446 1
852 6929 1
852 3180 1
852 2625 1
6169 7334 1
6169 3294 1
6169 10456 1
6169 10187 1
6169 2096 1
1719 9101 1
1719 2477 1
10077 1695 1
10077 3854 1
10077 9598 1
10077 8183 1
10077 426 1
3942 3898 1
3942 4452 1
3942 10921 1
3942 4965 1
3942 174 1
3103 2850 1
3103 3854 1
3103 7376 1
3103 3180 1
3103 815 1
1876 7650 1
1876 9669 1
1876 9738 1
1876 7498 1
1876 917 1
8011 2382 1
8011 3447 1
8011 8891 1
8011 10000 1
8011 761 1
9456 4899 1
9456 10248 1
9456 9101 1
9456 9416 1
9456 982 1
9047 9774 1
9047 6864 1
9047 1713 1
9047 9724 1
8461 3151 1
8461 4897 1
8461 10235 1
8461 4075 1
8461 0 1
1695 8398 1
1695 3180 1
1695 3103 1
1695 3854 1
1695 10077 1
10666 8148 1
10666 3994 1
10666 2984 1
10666 5467 1
6390 8148 1
6390 4195 1
6390 6470 1
6390 10147 1
6390 2751 1
4345 761 1
4345 6248 1
4345 8011 1
4345 7944 1
4345 9540 1
4638 4053 1
4638 8229 1
4638 11197 1
4638 7106 1
4638 600 1
5865 3898 1
5865 4849 1
5865 10921 1
5865 6110 1
5865 174 1
2603 1860 1
2603 8260 1
2603 8623 1
2603 4444 1
2603 760 1
10707 1348 1
10707 9306 1
10707 5779 1
10707 5265 1
10707 6552 1
9889 1686 1
9889 3598 1
9889 2432 1
9889 3111 1
9889 840 1
291 1339 1
291 4423 1
291 10427 1
291 8262 1
291 132 1
6955 8789 1
6955 3854 1
6955 10077 1
6955 9808 1
6955 2165 1
8309 1449 1
8309 1898 1
8309 9368 1
8309 1755 1
8309 377 1
3732 8865 1
3732 10399 1
3732 8958 1
3732 10396 1
3732 2110 1
10685 966 1
10685 2771 1
10685 8379 1
10685 10334 1
10685 98 1
349 6410 1
349 8919 1
349 5090 1
349 5937 1
349 7998 1
1234 1131 1
1234 5674 1
1234 10860 1
1234 10077 1
1234 9097 1
5015 3151 1
5015 4322 1
5015 6262 1
5015 8108 1
5015 923 1
7480 8004 1
7480 6554 1
7480 1659 1
4296 268 1
4296 4316 1
4296 9576 1
4296 4997 1
4296 5677 1
6432 2463 1
6432 3417 1
6432 9617 1
6432 7048 1
6432 8380 1
1258 10306 1
1258 10729 1
1258 2015 1
1258 2145 1
1258 14 1
9366 4198 1
9366 6489 1
9366 4331 1
9366 5308 1
9366 132 1
4943 641 1
4943 8011 1
4943 5097 1
4943 4513 1
4943 10163 1
10092 1972 1
10092 2592 1
10092 9411 1
10092 10647 1
10092 267 1
9180 404 1
9180 4968 1
9180 9799 1
9180 9766 1
9180 4021 1
4404 3114 1
4404 6432 1
4404 9460 1
4404 3712 1
4404 598 1
1950 6261 1
1950 6959 1
1950 5691 1
1950 10910 1
1950 7777 1
8119 10738 1
8119 8714 1
8119 10387 1
8119 9414 1
8119 536 1
6328 9070 1
6328 3812 1
6328 10539 1
6328 6926 1
6328 3097 1
4513 870 1
4513 3447 1
4513 5612 1
4513 7270 1
4513 292 1
3286 1962 1
3286 8640 1
3286 8943 1
3286 8380 1
3286 1159 1
10268 5052 1
10268 5025 1
10268 1159 1
9043 3286 1
9043 4316 1
9043 9338 1
9043 4296 1
9043 1159 1
10834 1485 1
10834 10437 1
10834 7067 1
10834 5466 1
10834 9605 1
7337 6838 1
7337 7838 1
7337 8886 1
7337 8309 1
7337 1274 1
1620 3779 1
1620 9598 1
1620 8183 1
1620 3347 1
1620 1497 1
8183 5369 1
8183 1636 1
8183 10077 1
8183 3347 1
8183 1620 1
8780 3025 1
8780 5777 1
8780 9032 1
8780 4693 1
8780 1274 1
6905 4585 1
6905 11191 1
6905 9063 1
6905 9609 1
6905 410 1
10341 6954 1
10341 1659 1
10341 11136 1
10341 10757 1
10341 1409 1
4059 1659 1
4059 3930 1
4059 9898 1
4059 5433 1
4059 22 1
6248 2382 1
6248 3447 1
6248 10364 1
6248 6329 1
6248 761 1
3041 4926 1
3041 9012 1
3041 3621 1
3041 8886 1
3041 1044 1
6656 3009 1
6656 5677 1
6656 6964 1
6656 4296 1
6656 504 1
9842 1350 1
9842 2446 1
9842 8363 1
9842 2021 1
9842 774 1
9433 3654 1
9433 4296 1
9433 9043 1
9433 11090 1
9433 600 1
504 7681 1
504 4519 1
504 8573 1
504 6964 1
504 9045 1
7881 4059 1
7881 7631 1
7881 5433 1
7881 5622 1
7881 410 1
4835 5622 1
4835 2074 1
4835 600 1
4835 9804 1
10208 6076 1
10208 4141 1
10208 3854 1
11004 5314 1
11004 7583 1
11004 5682 1
11004 6379 1
11004 1146 1
6954 1659 1
6954 2185 1
6954 10341 1
6954 2080 1
6954 1131 1
6755 3987 1
6755 10757 1
6755 10140 1
6755 6421 1
6755 208 1
1980 3573 1
1980 7032 1
1980 5238 1
1980 9687 1
1980 508 1
2776 1503 1
2776 7792 1
2776 7838 1
2776 8640 1
2776 382 1
1549 989 1
1549 5181 1
1549 6241 1
1549 10032 1
1549 3832 1
9907 630 1
9907 1791 1
9907 9758 1
9907 8399 1
9907 94 1
11072 10077 1
11072 8789 1
11072 3854 1
5700 2324 1
5700 2605 1
5700 6076 1
5700 7453 1
5700 44 1
7904 2299 1
7904 2851 1
7904 8604 1
7904 9781 1
7904 1237 1
5335 870 1
5335 3447 1
5335 5612 1
5335 10211 1
5335 292 1
2601 10942 1
2601 2530 1
2601 4685 1
2601 3457 1
2601 2226 1
9367 3466 1
9367 10658 1
9367 3740 1
9367 6124 1
9367 283 1
8064 761 1
8064 11054 1
8064 6056 1
8064 5190 1
8064 7991 1
5109 1087 1
5109 1384 1
5109 7647 1
5109 8857 1
5109 805 1
7211 10123 1
7211 3574 1
7211 6391 1
7211 6329 1
7211 2880 1
2361 10996 1
2361 9432 1
2361 10534 1
2361 3814 1
2361 4145 1
9724 6864 1
9724 9047 1
9724 7230 1
9724 7743 1
9724 643 1
2625 10283 1
2625 4523 1
2625 3513 1
2625 7068 1
2625 380 1
7998 2601 1
7998 4521 1
7998 10942 1
7998 10585 1
7998 349 1
9774 7743 1
9774 6864 1
9774 9047 1
9774 9724 1
9774 1713 1
1713 7230 1
1713 9774 1
1713 9047 1
1713 9724 1
1713 643 1
9476 9435 1
9476 5982 1
9476 4693 1
1705 10912 1
1705 6529 1
1705 11129 1
1705 10418 1
1705 32 1
8451 9438 1
8451 6093 1
8451 9502 1
8451 9356 1
8451 4725 1
4543 1252 1
4543 2877 1
4543 6224 1
4543 2613 1
4543 687 1
8921 1549 1
8921 2028 1
8921 9376 1
8921 10834 1
8921 14 1
374 424 1
374 9740 1
374 9449 1
374 7409 1
374 4195 1
5195 1348 1
5195 9306 1
5195 7192 1
5195 7938 1
5195 5946 1
8901 1661 1
8901 11188 1
8901 6921 1
8901 6197 1
8901 10840 1
1422 440 1
1422 10840 1
1422 9041 1
1422 7848 1
1422 6847 1
6959 2047 1
6959 4041 1
6959 9078 1
6959 3861 1
6959 1190 1
1849 4346 1
1849 9726 1
1849 1980 1
1849 7197 1
1849 3573 1
10304 7041 1
10304 4920 1
10304 9349 1
10304 6076 1
10304 2453 1
7032 4346 1
7032 1980 1
7032 9726 1
7032 10565 1
7032 1849 1
3612 10376 1
3612 3973 1
3612 9609 1
3612 10090 1
3612 410 1
10565 1849 1
10565 3145 1
10565 2210 1
10565 2891 1
10565 1274 1
9771 7186 1
9771 1165 1
9771 9837 1
9771 2776 1
9771 382 1
6676 572 1
6676 5691 1
2929 3770 1
2929 5234 1
2929 6473 1
2929 4815 1
2929 1201 1
9064 630 1
9064 1791 1
9064 10215 1
9064 8399 1
9064 94 1
2002 10021 1
2002 9645 1
2002 10910 1
2002 8010 1
2002 829 1
10238 2908 1
10238 4664 1
10238 8952 1
10238 10886 1
10238 1793 1
7375 7167 1
7375 1647 1
7375 730 1
7375 6879 1
2772 1419 1
2772 3861 1
2772 10147 1
2772 7257 1
2772 7779 1
1450 11183 1
1450 11058 1
1450 4624 1
8039 10401 1
8039 1441 1
8039 424 1
8039 7195 1
7630 3185 1
7630 4523 1
7630 10548 1
7630 4068 1
7630 1052 1
9999 1348 1
9999 9306 1
9999 5779 1
9999 5265 1
9999 6552 1
5471 954 1
5471 7192 1
5471 8778 1
5471 4521 1
5471 9999 1
4188 1309 1
4188 3723 1
4591 2185 1
4591 5206 1
4591 4346 1
4591 4422 1
4591 1234 1
9908 3723 1
9908 7749 1
5928 10824 1
5928 3542 1
5928 7829 1
5928 7245 1
5928 412 1
1152 10157 1
1152 8381 1
1152 10850 1
1152 8543 1
1152 9071 1
8714 3269 1
8714 7650 1
8714 4889 1
8714 5391 1
8714 536 1
2346 8757 1
2346 4596 1
2346 2987 1
2346 7091 1
1860 7907 1
1860 8074 1
1860 9627 1
1860 10024 1
1860 220 1
10449 3598 1
10449 4413 1
10449 9436 1
10449 4331 1
10449 80 1
300 4157 1
300 6604 1
300 10780 1
300 5607 1
300 5408 1
10972 3737 1
10972 1581 1
10972 5579 1
10972 7830 1
10972 1087 1
1236 2446 1
1236 5109 1
1236 9842 1
1236 1812 1
1236 1087 1
5219 9829 1
5219 9309 1
5219 7853 1
5219 9246 1
5219 1348 1
10748 2047 1
10748 3461 1
10748 10307 1
10748 3286 1
10748 377 1
2987 446 1
2987 5997 1
2987 8757 1
2987 8357 1
2987 7647 1
2902 630 1
2902 1791 1
2902 6364 1
2902 4956 1
2902 94 1
5807 2145 1
5807 3658 1
5807 2548 1
5807 3292 1
5807 447 1
6205 1236 1
6205 1686 1
6205 8571 1
6205 9447 1
6205 840 1
7598 744 1
7598 8883 1
7598 7215 1
7598 5899 1
7598 10850 1
2690 10996 1
2690 10685 1
2690 10534 1
2690 9432 1
2690 2165 1
1791 630 1
1791 7040 1
1791 9064 1
1791 10215 1
1791 94 1
7761 3016 1
7761 5671 1
7761 3861 1
7761 4041 1
7761 1190 1
10215 630 1
10215 1791 1
10215 9758 1
10215 8399 1
10215 94 1
8988 717 1
8988 1390 1
8988 10021 1
8988 7740 1
8988 33 1
442 7123 1
442 6196 1
442 1767 1
442 1250 1
442 2601 1
5140 10151 1
5140 7716 1
5140 7211 1
5140 7334 1
641 4160 1
641 7944 1
641 10163 1
641 11054 1
641 292 1
3272 9309 1
3272 6837 1
3272 1348 1
3272 7853 1
1636 3347 1
1636 8183 1
4521 4685 1
4521 3887 1
4521 9057 1
4521 10585 1
4521 2589 1
840 1686 1
840 9276 1
840 8740 1
840 9889 1
840 6205 1
5954 2601 1
5954 4521 1
5954 7998 1
5954 7192 1
5954 349 1
382 10243 1
382 9180 1
382 4457 1
382 9771 1
382 2891 1
7944 870 1
7944 3447 1
7944 8916 1
7944 9540 1
7944 292 1
1384 1110 1
1384 3261 1
1384 2021 1
1384 8880 1
1384 8571 1
6391 10091 1
6391 10609 1
6391 1681 1
6391 3362 1
6391 678 1
9663 5043 1
9663 3180 1
9663 2799 1
9663 4267 1
3261 1384 1
3261 2279 1
3261 9276 1
3261 1812 1
3261 840 1
7811 917 1
7811 4331 1
7811 1350 1
7811 1925 1
7811 166 1
3632 3148 1
3632 10075 1
3632 9436 1
3632 7650 1
3632 850 1
7528 3898 1
7528 4849 1
7528 10667 1
7528 10364 1
7528 174 1
9164 1331 1
9164 7660 1
9164 10417 1
9164 4480 1
9164 6087 1
4419 630 1
4419 1791 1
4419 10215 1
4419 6364 1
4419 94 1
1066 5080 1
1066 3683 1
1066 5308 1
1066 8117 1
1066 5968 1
9026 10290 1
9026 8461 1
9026 7013 1
9435 4693 1
9435 5982 1
9435 4979 1
9435 5336 1
9435 747 1
4198 1190 1
4198 2772 1
4198 9590 1
4198 7740 1
4198 132 1
7829 10824 1
7829 5928 1
7829 3542 1
7829 7245 1
3330 9902 1
3330 10034 1
3330 1087 1
3330 6647 1
5043 9663 1
5043 3180 1
5043 2799 1
2589 1348 1
2589 3166 1
2589 8950 1
2589 8156 1
2589 4557 1
544 497 1
544 7183 1
544 7006 1
544 10400 1
544 5692 1
2023 8835 1
2023 3592 1
2023 10910 1
2023 10092 1
2023 140 1
7749 3723 1
7749 9908 1
2651 1266 1
2651 8229 1
2651 1746 1
2651 10757 1
2651 0 1
7559 630 1
7559 1791 1
7559 10215 1
7559 8399 1
7559 94 1
2430 3334 1
2430 2830 1
2430 9160 1
2430 4605 1
2430 62 1
8156 1348 1
8156 10425 1
8156 8950 1
8156 5265 1
8156 6552 1
10942 954 1
10942 6552 1
10942 7998 1
10942 4521 1
10942 5935 1
94 7559 1
94 8399 1
94 954 1
94 9907 1
94 7040 1
5467 2984 1
5467 3978 1
5467 6597 1
5467 3461 1
5467 294 1
3875 2987 1
3875 10757 1
3875 6761 1
3875 4596 1
3875 2616 1
10387 8119 1
10387 9414 1
10387 8714 1
10387 8718 1
10387 536 1
11183 2446 1
11183 8584 1
11183 4058 1
11183 4624 1
11183 1087 1
4639 4404 1
4639 10399 1
4639 7635 1
4639 9719 1
4639 2815 1
140 6532 1
140 8737 1
140 8988 1
140 8070 1
140 3136 1
5314 11004 1
5314 9228 1
5314 5722 1
5314 8108 1
5314 5015 1
2329 1659 1
2329 6020 1
2329 8004 1
2329 7109 1
2329 275 1
2657 1341 1
2657 8262 1
2657 7702 1
2657 7824 1
2657 62 1
4196 1152 1
4196 11007 1
4196 10850 1
4196 9118 1
4196 8883 1
5968 8842 1
5968 2440 1
5968 4168 1
5968 11022 1
5968 1938 1
242 4635 1
242 4791 1
242 3660 1
242 9966 1
242 9362 1
9240 2413 1
9240 3121 1
9240 8957 1
9240 7526 1
9240 994 1
6056 761 1
6056 10364 1
6056 10371 1
6056 5335 1
6056 8916 1
5178 5023 1
5178 9669 1
5178 5037 1
5178 6051 1
5178 704 1
982 4954 1
982 4941 1
982 5241 1
982 10777 1
982 834 1
6355 1348 1
6355 8778 1
6355 5779 1
6355 5265 1
6355 9999 1
1309 3659 1
1309 3880 1
1309 4188 1
1309 1990 1
1309 449 1
10099 3861 1
10099 6959 1
10099 4041 1
10099 4959 1
10099 1923 1
283 9367 1
283 3466 1
283 3184 1
283 3740 1
10917 1249 1
10917 2982 1
10917 8054 1
10917 2386 1
10917 216 1
5325 4938 1
5325 10596 1
5325 6641 1
5325 7858 1
5325 1052 1
7893 8380 1
7893 2158 1
7893 1274 1
7893 6838 1
2805 2522 1
2805 9256 1
2805 11001 1
2805 8262 1
2805 553 1
4032 817 1
4032 2488 1
4032 4585 1
4032 5799 1
4032 336 1
3372 1082 1
3372 10654 1
3372 10311 1
3372 7274 1
3372 5562 1
2145 704 1
2145 5818 1
2145 4978 1
2145 6383 1
2145 6609 1
10325 1348 1
10325 9306 1
10325 5779 1
10325 5265 1
10325 6552 1
10824 545 1
10824 1764 1
10824 6930 1
10824 5971 1
10824 153 1
1773 4624 1
1773 8988 1
1773 3028 1
1773 10021 1
1773 717 1
8340 2279 1
8340 3983 1
8340 2481 1
8340 3749 1
8340 349 1
978 4702 1
978 8404 1
978 7650 1
4635 780 1
4635 7626 1
4635 10977 1
4635 8856 1
4635 5806 1
954 370 1
954 10942 1
954 5779 1
954 8089 1
954 6186 1
2928 2657 1
2928 8262 1
9063 4585 1
9063 11191 1
9063 6905 1
9063 9609 1
9063 410 1
10329 997 1
10329 5914 1
10329 10516 1
10329 10311 1
10329 5182 1
10710 8315 1
10710 3598 1
10710 8479 1
10710 9276 1
10710 1686 1
7922 9397 1
7922 5798 1
7922 8345 1
7922 8316 1
7922 3955 1
5468 997 1
5468 10516 1
5468 7274 1
5468 8178 1
5468 5182 1
294 6597 1
294 8148 1
294 5467 1
8479 9276 1
8479 7647 1
8479 10710 1
8479 8315 1
8479 3598 1
1526 3860 1
1526 4953 1
1526 4101 1
1526 8262 1
1526 635 1
730 6876 1
730 6723 1
730 5783 1
730 9873 1
730 2568 1
5100 3739 1
5100 9025 1
5100 10669 1
5100 7221 1
5100 783 1
8818 3973 1
8818 7694 1
8818 4032 1
8818 4585 1
8818 410 1
9227 5023 1
9227 6051 1
9227 5037 1
9227 5178 1
9227 704 1
3242 5219 1
3242 7853 1
3242 9829 1
3242 7999 1
3242 1348 1
2015 8942 1
2015 4720 1
2015 5080 1
2015 3542 1
2015 6536 1
7741 9669 1
7741 10448 1
7741 6501 1
10790 8136 1
10790 6002 1
10790 5691 1
8336 2601 1
8336 4521 1
8336 9630 1
8336 10585 1
8336 349 1
774 2446 1
774 9842 1
774 7305 1
9025 1443 1
9025 9788 1
9025 6196 1
9025 8086 1
9873 10874 1
9873 4119 1
9873 6876 1
9873 6722 1
9873 3523 1
6723 10292 1
6723 4480 1
6723 9998 1
6723 7084 1
6723 3574 1
8316 7768 1
8316 10546 1
8316 2020 1
8316 3778 1
8316 941 1
6575 3093 1
6575 5619 1
6575 6843 1
6575 5305 1
6575 250 1
8345 8269 1
8345 2097 1
8345 3914 1
8345 853 1
6604 2636 1
6604 5262 1
6604 9850 1
6604 4157 1
6604 241 1
5798 1715 1
5798 11039 1
5798 8754 1
5798 4998 1
5798 7867 1
4997 3654 1
4997 4316 1
4997 9338 1
4997 4296 1
4997 775 1
5182 1082 1
5182 5562 1
5182 10654 1
5182 7274 1
5182 6977 1
10516 9951 1
10516 5230 1
10516 8178 1
10516 7885 1
10516 3624 1
6186 1348 1
6186 10942 1
6186 9306 1
6186 4768 1
6186 11137 1
10977 1158 1
10977 8531 1
10977 6838 1
10977 6631 1
10977 7626 1
7626 1158 1
7626 8176 1
7626 6838 1
7626 6631 1
7626 8194 1
4144 8404 1
4144 7650 1
4144 536 1
4144 9099 1
780 4378 1
780 2942 1
780 4635 1
780 5226 1
780 1088 1
4702 7650 1
4702 8404 1
4702 978 1
2481 2916 1
2481 4263 1
2481 5383 1
2481 8340 1
2481 349 1
3983 7429 1
3983 9378 1
3983 8524 1
3983 8718 1
3983 349 1
2432 9889 1
2432 6287 1
2432 4215 1
2432 5609 1
2432 1380 1
5914 1082 1
5914 5868 1
5914 10152 1
5914 8015 1
5914 4842 1
153 1342 1
153 2561 1
153 10633 1
153 10824 1
5971 8762 1
5971 3111 1
5971 5241 1
5971 10233 1
5971 2552 1
6383 8523 1
6383 7920 1
6383 2548 1
6383 5246 1
6383 1412 1
5562 9468 1
5562 5468 1
5562 7120 1
5562 7885 1
5562 4028 1
2080 6121 1
2080 6881 1
2080 6554 1
2080 6954 1
2080 1659 1
7274 1082 1
7274 6196 1
7274 7171 1
7274 8959 1
7274 5382 1
10654 6923 1
10654 2854 1
10654 4725 1
10654 9490 1
10654 2412 1
208 2118 1
208 9866 1
208 10493 1
208 8449 1
2488 8818 1
2488 9609 1
2488 3973 1
2488 4585 1
2488 410 1
747 9435 1
747 5982 1
553 6045 1
553 2805 1
2158 6838 1
2158 7893 1
2158 8380 1
5818 10071 1
5818 2145 1
5818 11036 1
5818 7102 1
5818 1009 1
6641 4938 1
6641 5325 1
10123 8756 1
10123 10031 1
10123 2175 1
10123 4060 1
10123 853 1
8054 7806 1
8054 3115 1
8054 5295 1
8054 5064 1
8054 2535 1
2982 1087 1
2982 2189 1
2982 4401 1
2982 5027 1
2982 216 1
1923 9569 1
1923 7630 1
1923 6011 1
1923 10099 1
1923 7041 1
4959 6959 1
4959 8137 1
4959 3861 1
4959 10099 1
9397 8992 1
9397 5277 1
9397 8029 1
9397 7922 1
9397 4239 1
1990 2881 1
1990 8317 1
1990 3082 1
1990 5412 1
1990 362 1
9411 10092 1
9411 2320 1
9411 1485 1
3880 1309 1
4941 7695 1
4941 5496 1
4941 2260 1
4941 4464 1
4941 1130 1
704 6051 1
704 3292 1
704 6553 1
704 2145 1
704 604 1
6051 4305 1
6051 5178 1
6051 5023 1
6051 5037 1
6051 704 1
5023 704 1
5023 2725 1
5023 7334 1
5023 10150 1
5023 5878 1
9966 4211 1
9966 242 1
9966 797 1
2522 1302 1
2522 8290 1
2522 7831 1
2522 4193 1
2522 403 1
4168 3931 1
4168 8997 1
4168 5120 1
4168 6704 1
4168 720 1
2440 5260 1
2440 4081 1
2440 5968 1
8842 3931 1
8842 4937 1
8842 5968 1
8842 1700 1
7824 983 1
7824 1341 1
7824 8726 1
7824 8973 1
7824 240 1
1082 4842 1
1082 6977 1
1082 10123 1
1082 1416 1
1082 8753 1
6020 9869 1
6020 2329 1
6020 491 1
9228 2237 1
9228 4487 1
9228 8151 1
9228 10881 1
9228 727 1
9719 2603 1
9719 3552 1
9719 10024 1
9719 9946 1
9719 1303 1
4058 8584 1
4058 1812 1
4058 11183 1
4058 2446 1
4058 1087 1
4605 2348 1
4605 2657 1
4605 6639 1
4605 6693 1
4605 62 1
1266 9911 1
1266 2651 1
1266 665 1
5692 2738 1
5692 9877 1
5692 4515 1
5692 11184 1
5692 70 1
10400 4515 1
10400 9877 1
10400 5692 1
10400 6176 1
10400 70 1
10596 5897 1
10596 5325 1
10596 4891 1
6647 3247 1
6647 4331 1
6647 3330 1
6647 4098 1
6647 404 1
10034 587 1
10034 1226 1
10034 10794 1
10034 9902 1
10034 435 1
4979 9435 1
8117 649 1
8117 5387 1
8117 7824 1
8117 2548 1
8117 4193 1
5080 1066 1
5080 4853 1
5080 3748 1
5080 7831 1
4480 7920 1
4480 11170 1
4480 2162 1
4480 4238 1
4480 899 1
10417 5210 1
10417 6341 1
10417 5731 1
10417 6194 1
10417 1787 1
10075 3632 1
10075 9436 1
10075 6378 1
10075 7404 1
10075 958 1
3111 10978 1
3111 5387 1
3111 4480 1
3111 5241 1
3111 2867 1
3148 7404 1
3148 9436 1
3148 6378 1
3148 10075 1
3148 958 1
4889 5391 1
4889 7834 1
4889 806 1
4889 8714 1
1925 10101 1
1925 10171 1
1925 917 1
1925 7811 1
3362 11170 1
3362 10123 1
3362 8233 1
3362 9998 1
1681 4774 1
1681 4536 1
1681 2121 1
1681 10512 1
1681 1336 1
10091 7147 1
10091 2957 1
10091 4810 1
10091 4744 1
10091 2466 1
8740 1874 1
8740 1686 1
8740 3542 1
8740 3598 1
8740 840 1
3517 5597 1
3517 7091 1
3517 2658 1
3517 10886 1
3517 1233 1
4053 4638 1
4053 7106 1
4053 1720 1
4053 5939 1
5806 1422 1
5806 3368 1
5806 1528 1
5806 3145 1
5806 797 1
4160 870 1
4160 3447 1
4160 11054 1
4160 6056 1
4160 292 1
2324 1772 1
2324 8529 1
2324 6782 1
2324 5700 1
2324 44 1
678 2262 1
678 9939 1
678 6286 1
678 3914 1
678 8229 1
9362 3016 1
9362 4791 1
9362 3280 1
9362 4707 1
9362 242 1
7716 7334 1
7716 5140 1
7716 9416 1
7716 7211 1
7716 2754 1
275 1047 1
275 2329 1
275 8472 1
275 7109 1
1250 2601 1
1250 4028 1
1250 1767 1
1250 3047 1
1250 5724 1
1767 1082 1
1767 5941 1
1767 2573 1
1767 2686 1
1767 9901 1
10311 9785 1
10311 5182 1
10311 8015 1
10311 7865 1
10311 3605 1
6196 7110 1
6196 5082 1
6196 8753 1
6196 3624 1
33 8988 1
33 8007 1
33 3673 1
33 1765 1
33 6688 1
7740 2736 1
7740 4407 1
7740 7509 1
7740 8988 1
7740 547 1
1390 8988 1
1390 6489 1
1390 10021 1
1390 10570 1
1390 7192 1
10609 9015 1
10609 3951 1
10609 5971 1
10609 5964 1
10609 3263 1
5671 1199 1
5671 1934 1
5671 10077 1
5671 9180 1
5671 7097 1
3930 10110 1
3930 2693 1
3930 9383 1
3930 4059 1
3930 22 1
3016 2756 1
3016 6856 1
3016 4819 1
3016 5859 1
3016 89 1
4101 6329 1
4101 1526 1
4101 4119 1
4101 2774 1
4101 635 1
11188 10757 1
11188 6583 1
11188 10782 1
11188 8901 1
11188 629 1
3739 5100 1
3739 9025 1
3739 10696 1
447 7503 1
447 1667 1
447 926 1
447 5807 1
447 3618 1
3658 5807 1
3658 2298 1
3658 554 1
3658 7784 1
8357 4596 1
8357 2987 1
8357 9291 1
8357 8878 1
8357 363 1
9246 6837 1
9246 9829 1
9246 7853 1
9246 9309 1
9246 1348 1
9309 4859 1
9309 6837 1
9309 5219 1
9309 5507 1
9309 1348 1
7830 1413 1
7830 2822 1
7830 6771 1
7830 1581 1
7830 438 1
3737 2102 1
3737 2982 1
3737 6771 1
3737 2822 1
3737 1087 1
5607 445 1
5607 10041 1
5607 1234 1
5607 193 1
10780 5607 1
10780 7677 1
10780 7285 1
10780 7410 1
10780 300 1
3334 10687 1
3334 2430 1
4157 1172 1
4157 2728 1
4157 4474 1
4157 1307 1
4157 300 1
9436 3148 1
9436 6378 1
9436 3598 1
9436 3632 1
9436 850 1
220 1860 1
220 8169 1
220 4423 1
220 10024 1
10024 1597 1
10024 2756 1
10024 8371 1
10024 2603 1
10024 220 1
9627 1731 1
9627 2603 1
9627 8289 1
9627 2126 1
9627 760 1
8074 1453 1
8074 3029 1
8074 10024 1
8074 1876 1
8074 512 1
32 6770 1
32 4664 1
32 1634 1
32 3813 1
32 5717 1
8737 3652 1
8737 7759 1
8737 4645 1
8737 6489 1
8737 140 1
7091 11170 1
7091 9577 1
7091 2552 1
7091 5318 1
7091 1157 1
8543 8484 1
8543 4149 1
8543 7123 1
8543 6970 1
8543 3288 1
10850 1152 1
10850 9887 1
10850 5868 1
10850 4931 1
10850 7898 1
8381 10528 1
8381 4149 1
8381 7123 1
8381 6970 1
8381 3288 1
8778 10425 1
8778 5471 1
8778 9999 1
8778 11137 1
8778 4685 1
10548 7630 1
10548 7041 1
10548 3185 1
3185 7630 1
3185 10548 1
3185 7041 1
7195 4677 1
7195 8760 1
7195 6161 1
7195 8039 1
7195 424 1
2616 7138 1
2616 3875 1
1793 2925 1
1793 5313 1
1793 2908 1
1793 11149 1
1793 5281 1
10886 9400 1
10886 7091 1
10886 2284 1
10886 4483 1
10886 980 1
440 2552 1
440 6239 1
440 1959 1
440 3560 1
440 6723 1
8952 2859 1
8952 2925 1
8952 10238 1
8952 10031 1
8952 522 1
3461 7483 1
3461 7317 1
3461 6379 1
3461 9135 1
3461 1041 1
4664 11103 1
4664 2794 1
4664 4351 1
4664 7530 1
4664 2187 1
2908 2859 1
2908 5281 1
2908 4664 1
2908 8952 1
2908 522 1
6364 7385 1
6364 3724 1
6364 7938 1
6364 6355 1
6364 2601 1
8010 10910 1
8010 7329 1
8010 2002 1
4815 2627 1
4815 5234 1
4815 6410 1
4815 1618 1
4422 1234 1
4422 2185 1
4422 5626 1
4422 7272 1
4422 148 1
9256 11001 1
9256 2805 1
2453 10304 1
2453 9351 1
2453 5700 1
2453 9349 1
2453 1129 1
267 8253 1
267 10092 1
267 3129 1
3749 7387 1
3749 8340 1
3749 1220 1
7041 6011 1
7041 10077 1
7041 10304 1
7041 10548 1
7041 1923 1
7197 6386 1
7197 3374 1
7197 10662 1
7197 1849 1
9726 7032 1
9726 4346 1
9726 1849 1
3861 1923 1
3861 3542 1
3861 6959 1
3861 8532 1
3861 1110 1
6609 4720 1
6609 2015 1
6609 5512 1
6609 10993 1
6609 733 1
9078 5001 1
9078 3861 1
9078 6959 1
9078 10748 1
9078 2047 1
7305 9842 1
7305 2446 1
7305 774 1
9630 2601 1
9630 4521 1
9630 10942 1
9630 9306 1
9630 349 1
572 6676 1
572 4537 1
572 7329 1
572 4840 1
572 193 1
10448 7741 1
10448 6458 1
10448 1651 1
10448 7581 1
6358 8808 1
6358 9294 1
6358 7161 1
6358 6410 1
6358 3196 1
2386 11008 1
2386 10917 1
2386 4440 1
2386 10179 1
2386 216 1
6501 4624 1
6501 7741 1
6501 6206 1
6501 7687 1
6501 2772 1
6536 1066 1
6536 9544 1
6536 4397 1
6536 3305 1
9808 2165 1
9808 6955 1
8835 2023 1
8835 10910 1
4720 2015 1
4720 5360 1
4720 2145 1
4720 363 1
6473 1346 1
6473 2066 1
6473 9898 1
6473 8149 1
6473 363 1
8942 2145 1
8942 3795 1
8942 3371 1
8942 3542 1
8942 1258 1
11022 1963 1
11022 2846 1
11022 6344 1
11022 2471 1
11022 181 1
1146 7583 1
1146 8108 1
1146 11004 1
6379 2274 1
6379 4078 1
6379 11053 1
6379 11177 1
6379 1513 1
1441 8039 1
1441 7195 1
1441 9281 1
1441 10250 1
1441 424 1
2413 10563 1
2413 9474 1
2413 8236 1
2413 7526 1
2413 994 1
404 5633 1
404 6859 1
404 6002 1
404 5422 1
404 24 1
4519 738 1
4519 1524 1
4519 8225 1
4519 6001 1
4519 453 1
1581 7830 1
1581 10972 1
1581 1087 1
8534 1913 1
8534 4319 1
8534 9029 1
8534 3653 1
8534 158 1
8718 2698 1
8718 3983 1
8718 10738 1
8718 3946 1
8718 41 1
10763 1764 1
10763 5719 1
10757 629 1
10757 6489 1
10757 11168 1
10757 10341 1
10757 4844 1
11136 2441 1
11136 3875 1
11136 8852 1
11136 10605 1
7453 5700 1
7453 4938 1
7453 5420 1
7453 1066 1
4693 1238 1
4693 9435 1
4693 44 1
578 10819 1
578 10360 1
578 7030 1
578 6086 1
578 93 1
3032 3517 1
3032 11073 1
3032 446 1
8573 3009 1
8573 5677 1
8573 9804 1
8573 4296 1
8573 504 1
870 8064 1
870 7944 1
870 10163 1
870 11054 1
870 292 1
5369 10077 1
5369 9291 1
5369 8183 1
5369 10861 1
5369 1708 1
10307 6767 1
10307 8450 1
10307 9988 1
10307 377 1
7853 5219 1
7853 9246 1
7853 6837 1
7853 9309 1
7853 1348 1
5466 10834 1
5466 1485 1
5466 9605 1
5466 10305 1
5466 14 1
7067 2145 1
7067 5812 1
7067 3289 1
7067 3292 1
7067 14 1
1341 5581 1
1341 5443 1
1341 10091 1
1341 2175 1
1341 11052 1
10437 3051 1
10437 7961 1
10437 3292 1
10437 4882 1
10437 14 1
7858 7630 1
7858 5325 1
7858 4938 1
7858 5420 1
3097 3572 1
3097 3237 1
3097 4432 1
3097 9594 1
3097 6926 1
3654 3144 1
3654 8232 1
3654 5667 1
7694 1077 1
7694 2488 1
7694 10640 1
7694 7310 1
7694 410 1
10163 870 1
10163 3447 1
10163 10211 1
10163 9540 1
10163 292 1
6926 853 1
6926 7885 1
6926 5443 1
6926 4947 1
6926 7965 1
1165 933 1
1165 6710 1
1165 3411 1
1165 4251 1
1165 6267 1
4457 412 1
4457 1162 1
4457 10355 1
4457 5288 1
4457 327 1
6093 7359 1
6093 6786 1
6093 6353 1
6093 7876 1
6093 4725 1
6281 3603 1
6281 4642 1
6281 6005 1
6281 62 1
3812 7537 1
3812 5503 1
3812 3926 1
3812 6328 1
3812 3572 1
10396 8703 1
10396 10291 1
10396 9579 1
10396 9719 1
10396 3552 1
9070 853 1
9070 6826 1
9070 10613 1
9070 10873 1
9070 6255 1
3025 4693 1
3025 8780 1
3025 4417 1
3025 8361 1
3025 1346 1
9609 1549 1
9609 3973 1
9609 10376 1
9609 8144 1
9609 410 1
10427 291 1
10427 8262 1
2605 2434 1
2605 5700 1
2605 7657 1
2605 6311 1
2605 177 1
6261 1950 1
6261 10910 1
10376 1487 1
10376 3653 1
10376 10090 1
10376 9555 1
10376 336 1
7907 3029 1
7907 7729 1
7907 6895 1
7907 7173 1
7907 1099 1
7498 2756 1
7498 4400 1
7498 3016 1
7498 3598 1
7498 420 1
9338 4296 1
9338 5645 1
9338 9433 1
9338 4997 1
9338 3190 1
8136 10790 1
8136 5691 1
8136 288 1
4021 444 1
4021 1781 1
4021 8380 1
4021 9180 1
4021 304 1
8943 5447 1
8943 10243 1
8943 7186 1
8943 8575 1
8943 382 1
9766 444 1
9766 1781 1
9766 8380 1
9766 9700 1
9766 304 1
1536 3542 1
1536 2541 1
1536 4416 1
10534 2058 1
10534 2369 1
10534 8654 1
10534 8132 1
9799 2693 1
9799 3854 1
9799 11164 1
9799 10931 1
9799 1203 1
2851 4040 1
2851 10287 1
2851 8304 1
2851 11114 1
2851 10906 1
2028 1956 1
2028 2145 1
2028 3292 1
2028 10306 1
2028 14 1
2592 4407 1
2592 9804 1
2592 10092 1
598 7044 1
598 4430 1
598 3114 1
598 3452 1
598 3712 1
216 10917 1
216 6071 1
216 8506 1
216 9895 1
216 11008 1
5124 1746 1
5124 3636 1
5124 6365 1
5124 8024 1
5124 9887 1
10032 410 1
10032 1241 1
10032 8947 1
10032 7373 1
10032 10288 1
2210 776 1
2210 7011 1
2210 5238 1
2210 8702 1
2210 55 1
9617 6432 1
6329 10364 1
6329 3858 1
6329 6101 1
6329 5971 1
6329 3100 1
3860 1733 1
3860 2316 1
3860 10459 1
3860 2104 1
3860 635 1
8857 5109 1
8857 10852 1
8857 3773 1
8857 1002 1
268 326 1
268 10828 1
268 3515 1
268 1786 1
268 63 1
5206 287 1
5206 8477 1
5206 8770 1
5206 2987 1
5206 4422 1
5579 10972 1
5579 1879 1
5579 4987 1
5579 1651 1
4322 3231 1
4322 9959 1
4322 3422 1
4322 9991 1
4322 538 1
4316 1487 1
4316 10527 1
4316 5788 1
4316 7264 1
4316 4338 1
4725 5884 1
4725 6935 1
4725 8079 1
4725 6353 1
4725 6786 1
1044 1510 1
1044 9650 1
1044 2032 1
1044 3041 1
3513 6929 1
3513 4038 1
3513 9921 1
3513 3687 1
3513 2625 1
5937 10931 1
5937 3875 1
5937 349 1
8919 913 1
8919 8160 1
8919 9630 1
8919 5954 1
8919 6826 1
98 10685 1
3779 2692 1
3779 10913 1
3779 9598 1
3779 6432 1
3779 1620 1
9540 870 1
9540 3447 1
9540 10000 1
9540 8064 1
9540 292 1
10334 2534 1
10334 3165 1
10334 8379 1
10334 7189 1
10334 10685 1
11191 3973 1
11191 7310 1
11191 4585 1
11191 6905 1
11191 410 1
966 2165 1
966 10685 1
6489 9276 1
6489 4073 1
6489 7212 1
6489 10528 1
6489 3267 1
8958 4639 1
8958 9719 1
8958 7511 1
8958 10693 1
8958 2110 1
9781 11129 1
9781 7904 1
9781 10411 1
9781 8604 1
9781 2842 1
1449 2401 1
1449 8552 1
1449 2136 1
1449 9797 1
1449 11 1
8856 1158 1
8856 8531 1
8856 6838 1
8856 6631 1
8856 7626 1
3269 8714 1
3269 1277 1
3269 988 1
3269 5916 1
5723 1890 1
5723 2145 1
5723 10954 1
5723 2140 1
5723 237 1
5408 300 1
5408 6604 1
4585 3973 1
4585 9063 1
4585 6905 1
4585 6976 1
4585 410 1
10306 899 1
10306 10461 1
10306 7348 1
10306 5971 1
10306 10233 1
11129 6595 1
11129 2395 1
11129 3993 1
11129 10172 1
11129 2162 1
6639 4605 1
6639 3080 1
6639 62 1
8380 444 1
8380 7893 1
8380 10661 1
8380 4021 1
8380 5638 1
3028 2653 1
3028 8988 1
3028 10021 1
3028 4159 1
3028 33 1
132 2091 1
132 9366 1
132 5308 1
132 4198 1
132 291 1
5893 3136 1
5893 5420 1
7938 1348 1
7938 10425 1
7938 5779 1
7938 5265 1
7938 6552 1
22 10110 1
22 4059 1
22 9383 1
22 2693 1
22 3930 1
5783 6526 1
5783 4480 1
5783 8274 1
5783 5964 1
5783 3574 1
4965 1061 1
4965 4452 1
4965 5865 1
4965 9897 1
4965 174 1
3994 7904 1
3994 10666 1
3994 9680 1
3994 11109 1
3994 2315 1
4423 8033 1
4423 9022 1
4423 7808 1
4423 220 1
1131 2696 1
1131 6414 1
1131 3440 1
1131 1659 1
1131 9984 1
11007 744 1
11007 7169 1
11007 8777 1
11007 4724 1
11007 5868 1
1339 9682 1
1339 7146 1
1339 2177 1
1339 2057 1
1339 291 1
4978 6826 1
4978 6341 1
4978 9070 1
4978 8043 1
4978 9431 1
7660 8565 1
7660 6833 1
7660 9164 1
7660 5968 1
6837 3242 1
6837 5219 1
6837 7999 1
6837 1348 1
9291 2985 1
9291 4596 1
9291 2987 1
9291 4530 1
9291 62 1
9032 8913 1
9032 8780 1
9032 7187 1
8623 9738 1
8623 3094 1
8623 2603 1
60 7625 1
60 7613 1
60 1098 1
60 9389 1
9368 1471 1
9368 3446 1
9368 8477 1
9368 7962 1
9368 10226 1
10729 1545 1
10729 2015 1
10729 8923 1
10729 10834 1
10729 14 1
8260 1675 1
8260 9627 1
8260 3719 1
8260 512 1
4968 406 1
4968 647 1
4968 5023 1
4968 6350 1
4968 9132 1
4145 3722 1
4145 8778 1
4145 7329 1
4145 5746 1
4145 1586 1
4849 3898 1
4849 7971 1
4849 8120 1
4849 4965 1
4849 174 1
3814 2369 1
3814 3741 1
3814 4980 1
3814 11113 1
3814 424 1
7106 4053 1
7106 6683 1
7106 4638 1
7106 5939 1
7106 1720 1
8229 9269 1
8229 7379 1
8229 2381 1
8229 4661 1
8229 1248 1
3574 7676 1
3574 5964 1
3574 2508 1
3574 9577 1
3574 1197 1
2751 6390 1
2751 5275 1
2751 7894 1
2751 4825 1
2751 1213 1
8886 1890 1
8886 6243 1
8886 9205 1
8886 4926 1
8886 1165 1
80 8493 1
80 10449 1
80 10384 1
4195 814 1
4195 1841 1
4195 10147 1
4195 6390 1
4195 374 1
923 10757 1
923 5452 1
923 1129 1
923 3367 1
923 8576 1
1746 335 1
1746 3813 1
1746 3572 1
1746 6257 1
1746 1749 1
8398 962 1
8398 8530 1
8398 5167 1
8398 7516 1
8379 10698 1
8379 10685 1
8379 8450 1
8379 10540 1
8379 66 1
14 8513 1
14 1549 1
14 10729 1
14 10437 1
14 2666 1
7376 2091 1
7376 3103 1
7376 2772 1
7376 3084 1
7376 815 1
4897 8461 1
9012 3992 1
9012 3041 1
9012 6580 1
9012 10181 1
9012 1044 1
10658 9367 1
10658 6124 1
10658 3466 1
4523 3030 1
4523 4071 1
4523 3375 1
4523 3687 1
4523 785 1
10000 761 1
10000 10371 1
10000 6056 1
10000 5190 1
10000 7944 1
5674 11165 1
5674 6065 1
5674 6911 1
5674 7700 1
5674 1234 1
917 7811 1
917 10171 1
917 1925 1
917 1876 1
917 3608 1
9097 1659 1
9097 638 1
9097 9492 1
9097 1234 1
9097 363 1
44 44 1
44 8529 1
44 44 1
44 2992 1
44 867 1
8363 3480 1
8363 1087 1
8363 5658 1
8363 9842 1
8363 1054 1
9645 4195 1
9645 6755 1
9645 4704 1
9645 2002 1
7999 3242 1
7999 6837 1
592 3893 1
592 6229 1
592 2951 1
592 213 1
9590 4198 1
9590 6643 1
9590 5165 1
9590 955 1
9118 1152 1
9118 2877 1
9118 7598 1
9118 6197 1
9118 9887 1
2165 11154 1
2165 5482 1
2165 10947 1
2165 10685 1
2165 966 1
87 8707 1
87 7954 1
87 536 1
5025 7925 1
5025 10268 1
5025 5052 1
5025 9242 1
5025 1159 1
2477 4228 1
2477 9101 1
2477 6036 1
2477 6591 1
2477 1719 1
815 10889 1
815 1887 1
815 2091 1
815 3103 1
815 7376 1
9045 504 1
9045 1374 1
9045 11099 1
9045 891 1
9045 30 1
3294 6169 1
3294 7334 1
3294 10187 1
3294 6923 1
3294 10083 1
7409 374 1
7409 10853 1
6133 4233 1
6133 2463 1
6133 69 1
10248 767 1
10248 8755 1
10248 9994 1
10248 4098 1
10248 5696 1
7779 1513 1
7779 10757 1
7779 2772 1
7779 33 1
11001 4736 1
11001 9486 1
11001 8787 1
11001 9256 1
11001 979 1
2771 1644 1
2771 9857 1
2771 10685 1
2771 3488 1
3978 3300 1
3978 8522 1
3978 9693 1
3978 5206 1
3978 1551 1
8916 870 1
8916 3447 1
8916 10000 1
8916 8064 1
8916 292 1
7270 641 1
7270 10371 1
7270 10667 1
7270 4513 1
7270 5865 1
4947 5443 1
4947 7215 1
4947 10591 1
4947 6328 1
4947 4724 1
4791 242 1
4791 9362 1
3145 1087 1
3145 1520 1
3145 4854 1
3145 5806 1
3145 271 1
1898 3928 1
1898 1795 1
1898 6186 1
1898 5226 1
1898 1165 1
5190 870 1
5190 3447 1
5190 5612 1
5190 10211 1
5190 292 1
1503 5568 1
1503 1755 1
1503 6352 1
1503 2776 1
1503 430 1
4926 1755 1
4926 11131 1
4926 2916 1
4926 3041 1
4926 493 1
9041 212 1
9041 7848 1
9041 10662 1
9041 4724 1
9041 6364 1
7743 9774 1
7743 9724 1
7743 1713 1
336 3653 1
336 4937 1
336 3239 1
336 10527 1
336 9555 1
5679 664 1
5679 382 1
5679 11 1
10996 6853 1
10996 10534 1
10996 9432 1
10996 9475 1
10996 2361 1
834 7682 1
834 7610 1
834 10022 1
834 4382 1
834 9011 1
1485 7720 1
1485 4198 1
1485 14 1
3121 2413 1
3121 10563 1
3121 994 1
4514 2751 1
4514 9371 1
8604 1237 1
8604 9781 1
8604 6243 1
10921 3898 1
10921 4849 1
10921 8120 1
10921 10667 1
10921 174 1
9275 3993 1
9275 6328 1
9275 3097 1
7230 708 1
7230 9154 1
1249 10917 1
1249 4608 1
1249 1748 1
426 2754 1
426 403 1
2880 9872 1
2880 7977 1
2880 8345 1
2880 629 1
7068 2691 1
7068 5722 1
7068 4634 1
7526 2413 1
7526 3121 1
7526 7890 1
7526 10563 1
7526 994 1
5037 2145 1
5037 4305 1
5037 5178 1
5037 3367 1
5037 704 1
2568 3100 1
2568 9015 1
2568 9873 1
2568 10123 1
2568 8736 1
10798 1698 1
3659 10873 1
3659 3097 1
3659 3914 1
3659 2554 1
10243 8943 1
10243 7779 1
10243 8575 1
10243 33 1
3898 3942 1
3898 8120 1
3898 4965 1
3898 174 1
6110 3898 1
6110 4849 1
6110 7270 1
6110 174 1
11197 3461 1
11197 4638 1
11197 6656 1
11197 1441 1
3417 11136 1
3417 6432 1
8640 2823 1
8640 6193 1
8640 3286 1
8640 1455 1
9902 10034 1
9902 3330 1
9902 1087 1
9902 6647 1
4141 10208 1
4091 10931 1
4091 5179 1
4091 9799 1
4091 7412 1
4091 1203 1
582 6023 1
582 10869 1
582 10985 1
582 1066 1
5899 9594 1
5899 6926 1
5899 10850 1
5899 6328 1
5899 4724 1
3766 1141 1
3766 11073 1
7038 9207 1
7038 6554 1
7038 1659 1
7038 8004 1
69 2463 1
69 6133 1
69 4233 1
3053 744 1
3053 5482 1
3053 8883 1
3053 10157 1
3053 3528 1
7991 2382 1
7991 3447 1
7991 10211 1
7991 8011 1
7991 761 1
11058 11183 1
11058 4624 1
11058 1450 1
10235 8987 1
10235 2601 1
10669 5100 1
10669 7110 1
10669 5781 1
10669 1513 1
444 382 1
444 6197 1
444 10661 1
444 2077 1
444 8943 1
7048 6432 1
7048 4956 1
7048 9799 1
7048 6036 1
7048 4404 1
2110 7511 1
2110 3732 1
2110 9719 1
2110 8958 1
1237 6529 1
1237 11129 1
1237 8604 1
1237 7904 1
10290 5133 1
10290 4081 1
4564 4681 1
4564 5106 1
9502 6093 1
9502 8935 1
9502 4725 1
449 1309 1
1497 11012 1
1497 3854 1
1497 3180 1
1497 7412 1
1497 839 1
5612 4160 1
5612 11054 1
5612 10211 1
5612 292 1
6021 10565 1
6021 3145 1
6021 9207 1
6021 6633 1
6021 1274 1
1201 6473 1
1201 3995 1
1201 3770 1
1201 1659 1
1201 2929 1
8957 2413 1
8957 3121 1
8957 10563 1
8957 7526 1
8957 994 1
4842 5562 1
4842 4128 1
4842 10329 1
4842 8015 1
4842 3372 1
7941 5942 1
7941 8901 1
7941 6107 1
7941 7112 1
7941 11 1
6838 7893 1
6838 10982 1
4899 9456 1
4899 7370 1
4899 5064 1
9837 6525 1
9837 9771 1
7183 8373 1
7183 6364 1
7183 10549 1
3712 7044 1
3712 3114 1
3712 4404 1
3712 598 1
7792 7838 1
7792 2776 1
7792 1274 1
7792 10860 1
9438 9441 1
9438 6093 1
9438 8935 1
9438 4725 1
10283 1274 1
10283 2625 1
10283 9949 1
10283 1942 1
9071 7626 1
9071 3288 1
9071 2760 1
4956 1254 1
4956 10809 1
4956 5271 1
4956 9228 1
4956 5042 1
1938 8776 1
1938 5968 1
1938 4863 1
1938 1964 1
6876 4480 1
6876 9998 1
6876 7084 1
6876 3574 1
292 5190 1
292 5612 1
292 4160 1
292 6056 1
292 4345 1
10738 4444 1
10738 9627 1
10738 8119 1
10738 8718 1
10738 2126 1
508 2210 1
508 1980 1
1331 3478 1
1331 3215 1
1331 2880 1
5391 8714 1
5391 4889 1
5391 806 1
5391 7834 1
2548 1818 1
2548 5807 1
2548 3292 1
2548 10305 1
2548 14 1
3770 3995 1
3770 1659 1
3770 9460 1
3770 6473 1
3770 1201 1
6633 6021 1
6633 3145 1
6633 9207 1
6633 10748 1
6633 933 1
6224 1136 1
6224 1252 1
6224 7264 1
10147 1110 1
10147 1341 1
10147 7050 1
10147 9645 1
9738 2603 1
9738 7213 1
9738 5939 1
9738 7204 1
9738 1547 1
8102 4469 1
8102 1698 1
8102 10756 1
8102 2748 1
3987 10343 1
3987 6206 1
3987 446 1
9687 1980 1
9687 8702 1
7123 5868 1
7123 4019 1
7123 10983 1
7123 2226 1
2185 1409 1
2185 1915 1
2185 5206 1
2185 1698 1
2185 41 1
7946 1152 1
7946 2877 1
7946 10591 1
7946 7215 1
7946 8883 1
10090 3612 1
10090 4316 1
10090 10376 1
10090 4032 1
10090 410 1
3466 4198 1
3466 6124 1
3466 9367 1
3466 5308 1
3466 283 1
997 3457 1
997 2388 1
997 2686 1
997 6196 1
8404 4702 1
8404 978 1
8404 7650 1
8404 4144 1
8404 536 1
174 1061 1
174 5097 1
174 3898 1
174 4965 1
9576 1142 1
9576 4296 1
10399 8861 1
10399 9719 1
10399 4639 1
10399 3732 1
3832 3653 1
3832 7123 1
3832 10086 1
3832 416 1
3009 4296 1
3009 7894 1
3009 7879 1
3009 504 1
1972 1485 1
1972 10092 1
1972 955 1
6087 636 1
6087 5540 1
6087 10205 1
3114 7044 1
3114 3712 1
3114 3452 1
3114 598 1
4341 6724 1
4341 62 1
7631 4059 1
7631 7796 1
7631 5622 1
7631 410 1
6761 3875 1
10053 1659 1
10053 10860 1
8401 5453 1
8401 2114 1
8401 3473 1
8401 7859 1
994 5317 1
994 8935 1
10401 3136 1
10401 6489 1
10401 4407 1
10401 140 1
7109 2329 1
7109 275 1
7109 8472 1
7109 9818 1
9281 1080 1
9281 1441 1
9281 7380 1
9281 1262 1
9281 167 1
7635 9719 1
7635 3732 1
5181 2028 1
5181 10305 1
5181 3289 1
5181 3292 1
5181 14 1
7221 5100 1
7221 9453 1
7221 9468 1
7221 4956 1
9690 62 1
9690 4642 1
3995 3770 1
3995 1659 1
3995 9460 1
3995 6473 1
3995 1201 1
3955 7922 1
3955 7629 1
10539 296 1
10539 5241 1
10539 6595 1
10539 2877 1
10539 3914 1
8070 7342 1
8070 8747 1
8070 140 1
596 3653 1
596 1913 1
596 7088 1
10418 9011 1
10418 4870 1
10418 3733 1
3292 1258 1
3292 8921 1
3292 7961 1
3292 6051 1
4938 6641 1
4938 8108 1
4938 7858 1
4938 7453 1
0 10757 1
0 9054 1
0 3307 1
0 9120 1
11054 9577 1
11054 8736 1
11054 2658 1
11054 5395 1
6964 1765 1
6964 3886 1
6964 7879 1
380 11139 1
380 2625 1
920 7215 1
920 9275 1
920 2187 1
920 9787 1
6929 3687 1
6929 9921 1
6929 3513 1
6929 852 1
5226 1898 1
5226 9516 1
5226 6174 1
5226 5887 1
5241 10022 1
5241 5443 1
9356 9490 1
9356 6093 1
9356 8935 1
9356 4725 1
635 10531 1
635 1526 1
635 3860 1
8865 9719 1
8865 5393 1
8865 3732 1
8865 9946 1
8042 3598 1
8042 4331 1
8042 10021 1
8042 3920 1
8042 536 1
6002 6647 1
6002 10790 1
6002 404 1
5179 4091 1
5179 7412 1
5997 1510 1
5997 3474 1
5997 2987 1
5997 655 1
3528 744 1
3528 11007 1
3528 4128 1
3528 9275 1
3528 5868 1
6147 3975 1
6147 10824 1
6147 1764 1
6183 1418 1
6183 11007 1
6183 11 1
7006 9383 1
7006 6364 1
7006 9744 1
6597 8148 1
6597 5467 1
6597 294 1
10982 7049 1
10982 5999 1
10982 6838 1
8883 1152 1
8883 10157 1
8883 5868 1
8883 4842 1
8883 7598 1
2299 7904 1
2299 191 1
1476 1721 1
1476 8757 1
5058 2703 1
5058 4371 1
5058 10235 1
5058 3653 1
5655 446 1
5655 11073 1
7681 3736 1
7681 5410 1
7681 8979 1
7681 453 1
6124 9367 1
6124 10658 1
6124 3466 1
9416 3300 1
9416 199 1
2463 8065 1
2463 4233 1
2463 3461 1
2463 69 1
817 1077 1
817 7778 1
817 336 1
760 2603 1
760 4677 1
760 7213 1
760 9627 1
1987 2760 1
1987 4230 1
7314 3653 1
7314 767 1
5668 7057 1
5668 4149 1
5668 6197 1
5668 9823 1
5668 3288 1
4681 1106 1
4681 4564 1
4681 4059 1
4681 183 1
5090 8530 1
5090 10585 1
5090 6410 1
5090 349 1
4267 9663 1
4267 8435 1
8308 5761 1
8308 2603 1
8308 5746 1
8308 1453 1
10777 10041 1
10777 6256 1
10777 1535 1
783 5100 1
783 2796 1
4075 8461 1
6529 8054 1
6529 3344 1
6529 5700 1
6529 2880 1
10021 1230 1
10021 8532 1
10021 11164 1
10021 4326 1
10021 5968 1
6749 1337 1
6749 9737 1
6749 7230 1
3457 8959 1
3457 5724 1
3457 5468 1
3457 10890 1
2074 6089 1
2074 9433 1
2074 9804 1
2074 600 1
4119 2880 1
4119 9998 1
4119 7757 1
9057 728 1
9057 847 1
9057 8163 1
9057 6783 1
9057 9372 1
6410 1246 1
6410 6791 1
6410 8808 1
5677 1765 1
5677 3886 1
5677 8359 1
5677 6964 1
7702 9373 1
7702 4242 1
7702 6722 1
7702 3560 1
10994 7056 1
10994 8536 1
10994 7161 1
10994 1922 1
4041 9569 1
4041 4533 1
4041 10099 1
4041 8647 1
4041 1923 1
1922 9860 1
1922 7161 1
1922 4119 1
1922 8808 1
1922 7056 1
6421 3493 1
9605 9015 1
9468 8959 1
9468 4028 1
9468 6243 1
9468 6196 1
9468 3374 1
7299 10329 1
7299 4842 1
7299 7977 1
7299 7274 1
7299 3457 1
3184 9367 1
3184 3740 1
3184 283 1
1213 9579 1
1213 9889 1
1213 5106 1
1213 89 1
3747 3288 1
497 2020 1
497 8229 1
5799 4032 1
5799 10376 1
5799 4316 1
5799 10640 1
5799 410 1
8268 9371 1
600 9433 1
600 4638 1
600 2074 1
600 9804 1
600 7779 1
545 2756 1
545 6744 1
545 10824 1
9598 10077 1
9598 3779 1
9598 9759 1
9598 1620 1
1418 5443 1
1418 6525 1
1418 11 1
3887 847 1
3887 1372 1
3887 8163 1
3887 7322 1
3887 5943 1
10840 862 1
10840 9180 1
10840 6564 1
10840 5634 1
11090 4296 1
11090 5645 1
11090 9433 1
11090 4997 1
11090 3190 1
3683 6434 1
3683 1066 1
2047 9078 1
2047 5001 1
2047 3861 1
2047 10748 1
2047 1190 1
11045 1913 1
11045 4319 1
11045 3653 1
11045 158 1
6930 10824 1
6930 5512 1
6930 412 1
5052 10108 1
5052 8484 1
5052 5789 1
9414 1981 1
9414 7344 1
9414 2923 1
9414 536 1
2830 4368 1
2830 6734 1
2830 62 1
8089 630 1
8089 1791 1
8089 10215 1
8089 9041 1
8089 94 1
3151 4322 1
3151 5015 1
3151 8461 1
3151 0 1
5719 5971 1
5719 412 1
10187 7334 1
10187 3294 1
10187 8901 1
10187 10456 1
10187 1190 1
10140 1141 1
10140 11146 1
10140 8398 1
6532 140 1
6532 2756 1
8178 1082 1
8178 6196 1
8178 7171 1
8178 8959 1
8178 5382 1
10647 6643 1
4068 7630 1
9829 6837 1
9829 9309 1
9829 7853 1
9829 9246 1
9829 1348 1
1942 1274 1
1942 8744 1
1942 10021 1
1942 2756 1
1942 60 1
9349 6076 1
9349 8604 1
9349 6529 1
9349 7904 1
9349 2453 1
5234 4815 1
5234 2929 1
1962 8575 1
1962 3286 1
1962 10494 1
10667 3898 1
10667 4849 1
10667 8120 1
10667 10921 1
10667 174 1
1252 775 1
1252 9275 1
1252 11052 1
1252 4942 1
9432 10534 1
9432 10947 1
9432 10996 1
9432 2361 1
10585 2601 1
10585 4521 1
10585 9630 1
10585 8336 1
10585 349 1
6470 2718 1
6470 6390 1
6470 814 1
4444 2126 1
4444 3861 1
4444 7542 1
4444 2603 1
4444 1424 1
3621 10815 1
3621 6774 1
3621 327 1
209 5539 1
209 7008 1
209 10954 1
10456 10187 1
10456 7334 1
10456 6169 1
2226 1082 1
2226 4028 1
2226 7274 1
2226 5182 1
2226 2601 1
5777 8361 1
5777 3025 1
5777 1346 1
5777 8780 1
4954 7676 1
4954 2936 1
4954 8274 1
4954 1564 1
4452 3942 1
4452 8120 1
4452 4849 1
4452 174 1
6921 9041 1
6921 8938 1
6921 8901 1
6921 10840 1
6921 556 1
2850 3103 1
4920 2453 1
4920 10304 1
805 5109 1
5336 10129 1
5336 3478 1
5336 6489 1
5336 10062 1
5336 2921 1
1755 1634 1
1755 3394 1
1755 4078 1
1755 11132 1
1755 982 1
412 7563 1
412 6930 1
412 10824 1
412 7147 1
10157 627 1
10157 8883 1
10157 10954 1
10157 4724 1
10157 6197 1
5238 1980 1
5238 2210 1
3592 3786 1
3592 2023 1
3592 1599 1
989 10437 1
989 1549 1
989 2548 1
989 2028 1
989 14 1
166 1350 1
166 7811 1
166 4331 1
6241 10032 1
6241 1549 1
6241 10555 1
2530 3062 1
2530 6984 1
2530 4521 1
2530 4768 1
2530 6179 1
6262 4338 1
6262 5781 1
6262 5015 1
6262 5545 1
6262 2555 1
10912 335 1
10912 7992 1
10912 3572 1
10912 5441 1
9740 424 1
9740 10743 1
9740 8411 1
687 7308 1
687 7505 1
687 8767 1
687 11052 1
687 176 1
2984 3994 1
2984 10666 1
2984 5467 1
2984 3108 1
2984 6768 1
2613 2426 1
2613 10312 1
2613 3111 1
2613 9768 1
2613 745 1
9449 1765 1
9449 3673 1
9449 8306 1
9449 11105 1
9449 33 1
7192 954 1
7192 6297 1
7192 9306 1
7192 5471 1
1661 10976 1
1661 6407 1
1661 9025 1
1661 4870 1
4953 10858 1
4953 5400 1
4953 10920 1
4953 6586 1
4953 168 1
7848 1971 1
7848 5806 1
7848 3455 1
7848 5237 1
7848 797 1
6847 6039 1
6847 8106 1
6847 7634 1
6847 10292 1
6847 75 1
