1947 6223 1
1947 1727 1
1947 3024 1
1947 5506 1
1947 7931 1
5506 7931 1
5506 1947 1
6223 11039 1
6223 896 1
6223 5572 1
6223 5574 1
6223 7524 1
7931 5506 1
7931 1947 1
1727 8858 1
1727 1387 1
1727 2639 1
1727 3024 1
1727 4853 1
3024 1727 1
3024 1947 1
3024 9491 1
3024 7577 1
3024 6798 1
1387 1727 1
1387 3782 1
1387 10414 1
1387 4541 1
1387 2318 1
6798 3024 1
8858 4853 1
8858 1818 1
8858 3111 1
8858 2867 1
8858 6536 1
7524 3794 1
7524 1802 1
7524 9387 1
7524 11187 1
7524 4563 1
7577 1727 1
7577 3024 1
7577 9491 1
7577 349 1
9491 7102 1
9491 1727 1
9491 6057 1
9491 4887 1
9491 8593 1
4853 8197 1
4853 1818 1
4853 3111 1
4853 2867 1
4853 5080 1
2639 4853 1
2639 1818 1
2639 5387 1
2639 6023 1
2639 3111 1
5572 6223 1
5572 4738 1
5572 6997 1
5572 6728 1
5572 7125 1
11039 4239 1
11039 9018 1
11039 5968 1
11039 7867 1
11039 5894 1
896 6528 1
896 3977 1
896 7524 1
896 4199 1
896 11187 1
5574 8509 1
5574 5527 1
5574 9473 1
5574 7359 1
5574 10004 1
8593 9578 1
8593 4654 1
8593 5505 1
8593 9491 1
8593 10296 1
4563 10529 1
4563 8343 1
4563 10004 1
4563 5374 1
4563 9939 1
5080 3860 1
5080 1740 1
5080 3026 1
5080 10985 1
5080 9104 1
11187 9817 1
11187 991 1
11187 6422 1
11187 6505 1
11187 8949 1
9387 6997 1
9387 1363 1
9387 11187 1
9387 5324 1
9387 9817 1
3794 6528 1
3794 1802 1
3794 9817 1
3794 8282 1
3794 4115 1
6057 7140 1
6057 2732 1
6057 9491 1
6057 8457 1
6057 10429 1
6997 9591 1
6997 1026 1
6997 5898 1
6997 6043 1
6997 10624 1
9018 3794 1
9018 1802 1
9018 8282 1
9018 8572 1
9018 4563 1
1802 5434 1
1802 1153 1
1802 9387 1
1802 9817 1
1802 6565 1
4199 3218 1
4199 9817 1
4199 6052 1
4199 8330 1
4199 4563 1
349 7464 1
349 7699 1
349 9491 1
349 4521 1
349 5946 1
6536 3494 1
6536 1727 1
6536 2867 1
6536 10869 1
6536 5573 1
4541 3782 1
4541 1387 1
5387 4853 1
5387 1818 1
5387 3111 1
5387 2867 1
5387 6293 1
3977 3794 1
3977 1802 1
3977 5206 1
3977 9817 1
3977 6043 1
3782 10414 1
3782 11024 1
3782 4541 1
3782 5397 1
3782 6187 1
10004 10343 1
10004 8282 1
10004 9870 1
10004 9427 1
10004 8871 1
8509 5574 1
8509 3510 1
8509 5277 1
8509 8907 1
8509 6917 1
9473 10529 1
9473 8282 1
9473 10343 1
9473 9427 1
9473 8871 1
6528 3794 1
6528 1802 1
6528 9018 1
6528 6997 1
6528 4563 1
7867 8716 1
7867 6391 1
7867 7676 1
7867 7371 1
7867 6918 1
1818 3292 1
1818 1096 1
1818 1986 1
1818 5573 1
1818 3542 1
5527 6917 1
5527 3510 1
5527 5277 1
5527 7910 1
5527 6052 1
7125 4738 1
7125 5572 1
7125 6728 1
7125 6997 1
7125 1185 1
2318 1727 1
2318 8837 1
2318 1387 1
7359 8516 1
7359 8054 1
7359 5241 1
7359 5053 1
7359 7299 1
10414 3782 1
10414 4630 1
10414 10198 1
10414 9772 1
10414 3000 1
7102 9541 1
7102 2524 1
7102 4915 1
7102 4840 1
7102 8118 1
4738 6223 1
4738 6997 1
4738 6728 1
4738 8388 1
4738 7125 1
6023 4397 1
6023 1818 1
6023 3111 1
6023 2867 1
6023 9104 1
6728 7125 1
6728 4738 1
6728 5572 1
6728 6997 1
6728 8388 1
4239 6223 1
4239 1153 1
4239 7867 1
4239 5894 1
4239 6563 1
3111 6771 1
3111 1066 1
3111 7857 1
3111 6536 1
3111 3748 1
5894 7911 1
5894 1717 1
5894 8754 1
5894 7867 1
5894 10974 1
8197 4853 1
8197 1818 1
8197 3111 1
8197 2867 1
8197 6536 1
2867 6293 1
2867 1818 1
2867 9925 1
2867 5573 1
2867 3748 1
5968 3818 1
5968 10397 1
5968 6653 1
5968 7733 1
5968 4922 1
4887 8113 1
4887 2295 1
4887 5505 1
4887 4679 1
4887 6561 1
8837 8106 1
8837 9480 1
8837 2067 1
8837 2318 1
8837 3275 1
10429 10008 1
10429 2465 1
10429 8338 1
10429 6561 1
10429 1595 1
1986 5723 1
1986 1818 1
1986 9925 1
1986 10869 1
1986 6023 1
991 7975 1
991 11187 1
991 8611 1
991 3415 1
991 3508 1
6563 7064 1
6563 8716 1
6563 8343 1
6563 11006 1
6563 6722 1
6918 8719 1
6918 6526 1
6918 7379 1
6918 10292 1
6918 9870 1
6917 5574 1
6917 3510 1
6917 5277 1
6917 7910 1
6917 8580 1
8907 5527 1
8907 3510 1
8907 9062 1
8907 9011 1
8907 6840 1
10343 8716 1
10343 7023 1
10343 8345 1
10343 8229 1
10343 7663 1
6293 4853 1
6293 1818 1
6293 3111 1
6293 2867 1
6293 9104 1
9591 3482 1
9591 1109 1
9591 6918 1
9591 6997 1
9591 11039 1
3818 8393 1
3818 5968 1
3818 8532 1
3818 10021 1
3818 9177 1
10985 4853 1
10985 1818 1
10985 3111 1
10985 2867 1
10985 6536 1
4521 8014 1
4521 847 1
4521 7322 1
4521 10707 1
4521 6364 1
3494 2867 1
3494 1326 1
3494 9923 1
3494 9925 1
3494 10869 1
2524 7102 1
5434 6917 1
5434 3241 1
5434 7275 1
5434 7159 1
5434 11167 1
5277 5527 1
5277 3510 1
5277 8580 1
5277 9062 1
5277 9640 1
6391 10777 1
6391 10343 1
6391 4871 1
6391 4810 1
6391 8303 1
5324 3794 1
5324 1802 1
5324 6997 1
5324 9817 1
5324 4563 1
7911 9397 1
7911 1483 1
7911 7867 1
7911 9089 1
7911 10064 1
6052 4018 1
6052 7676 1
6052 8187 1
6052 7313 1
6052 5434 1
7140 7503 1
7140 8296 1
7140 10555 1
7140 10290 1
7140 6057 1
5946 4557 1
5946 1668 1
5946 6984 1
5946 8778 1
5946 7998 1
6043 3482 1
6043 1109 1
6043 9387 1
6043 11187 1
6043 8949 1
5053 6525 1
5053 10529 1
5053 10022 1
5053 8603 1
5053 7530 1
4630 8565 1
4630 9600 1
4630 9509 1
4630 6311 1
4630 7359 1
8457 9614 1
8457 4284 1
8457 6503 1
8457 6057 1
8457 9646 1
9427 7147 1
9427 6059 1
9427 6935 1
9427 6876 1
9427 10869 1
9772 10198 1
9772 10414 1
9772 10675 1
4922 6691 1
4922 10504 1
4922 8771 1
4922 9406 1
4922 3788 1
9578 4654 1
9578 8593 1
9578 9092 1
9578 10662 1
9578 9924 1
4915 7102 1
5206 3062 1
5206 1274 1
5206 9296 1
5206 9428 1
5206 9081 1
10397 8987 1
10397 7546 1
10397 8644 1
10397 8484 1
10397 8054 1
10198 7173 1
10198 752 1
10198 8711 1
10198 10782 1
10198 8429 1
10974 4143 1
10974 2097 1
10974 9593 1
10974 9604 1
10974 5894 1
7676 8712 1
7676 6459 1
7676 7505 1
7676 7370 1
7676 9033 1
4840 8203 1
4840 1009 1
4840 3822 1
4840 3275 1
4840 5723 1
9541 7701 1
9541 8118 1
9541 10091 1
9541 7102 1
9541 7139 1
9939 9141 1
9939 7359 1
9939 8802 1
9939 8603 1
9939 8187 1
8388 5687 1
8388 6223 1
8388 8475 1
8388 8097 1
8388 4738 1
1026 9509 1
1026 6033 1
1026 7526 1
1026 2535 1
1026 2359 1
2295 6057 1
2295 2732 1
2295 8639 1
2295 10008 1
2295 9345 1
10296 8593 1
10296 4297 1
6771 3737 1
6771 3975 1
6771 7830 1
6771 10884 1
6771 3440 1
3510 8029 1
3510 9397 1
3510 5048 1
3510 8862 1
3510 10588 1
5898 3794 1
5898 1802 1
5898 9591 1
5898 9018 1
5898 4563 1
8754 10064 1
8754 1715 1
8754 7867 1
8754 7911 1
8754 11039 1
6565 5574 1
6565 3510 1
6565 5277 1
6565 7910 1
6565 8862 1
1066 10397 1
1066 8197 1
1066 6127 1
1066 8333 1
1066 4840 1
7371 9427 1
7371 8282 1
7371 10726 1
7371 9011 1
7371 7867 1
3748 2867 1
3748 1302 1
3748 8246 1
3748 4596 1
3748 4853 1
8113 10442 1
8113 3043 1
8113 4679 1
8113 4887 1
8113 9983 1
5397 4377 1
5397 6330 1
5397 5717 1
5397 6025 1
5397 3782 1
8330 7806 1
8330 1328 1
8330 9600 1
8330 6058 1
8330 8565 1
7733 3869 1
7733 1921 1
7733 8368 1
7733 8754 1
7733 9593 1
1717 4069 1
1717 4865 1
1717 5974 1
1717 3986 1
1717 8229 1
7857 4830 1
7857 2194 1
7857 10233 1
7857 8762 1
7857 5672 1
9925 3748 1
9925 1727 1
9925 10985 1
9925 9148 1
9925 5573 1
7299 7123 1
7299 1169 1
7299 10938 1
7299 5724 1
7299 9872 1
4115 6043 1
4115 7867 1
4115 8987 1
4115 4877 1
4115 8565 1
4397 6023 1
4397 1818 1
4397 3111 1
4397 2867 1
4397 5080 1
6653 3392 1
6653 1934 1
6653 8037 1
6653 7733 1
6653 5894 1
4679 4887 1
4679 3049 1
4679 8338 1
4679 8113 1
4679 6503 1
1740 10536 1
1740 5938 1
1740 3860 1
1740 9328 1
1740 5080 1
3292 4305 1
3292 2028 1
3292 10305 1
3292 8513 1
3292 9376 1
10529 10287 1
10529 8282 1
10529 9870 1
10529 9427 1
10529 8871 1
8343 9011 1
8343 7920 1
8343 9473 1
8343 10022 1
8343 10287 1
2732 10429 1
2732 10008 1
2732 6057 1
2732 8722 1
2732 6578 1
5505 8215 1
5505 6284 1
5505 8457 1
5505 9491 1
5505 6752 1
9870 8987 1
9870 7159 1
9870 8736 1
9870 8523 1
9870 7945 1
1153 8079 1
1153 7131 1
1153 2445 1
1153 4801 1
1153 2362 1
8118 8590 1
8118 5835 1
8118 8449 1
8118 7650 1
8118 11065 1
8516 8401 1
8516 2041 1
8516 6991 1
8516 7017 1
8516 8079 1
7910 5574 1
7910 3510 1
7910 5277 1
7910 10317 1
7910 6917 1
9104 4853 1
9104 1818 1
9104 3111 1
9104 2867 1
9104 6536 1
8716 8153 1
8716 6577 1
8716 7695 1
8716 7505 1
8716 7031 1
3542 9419 1
3542 1258 1
3542 6036 1
3542 8744 1
3542 4596 1
3000 7213 1
3000 9627 1
3000 5493 1
3000 3094 1
3000 6493 1
8572 11187 1
8572 1153 1
8572 6505 1
8572 6528 1
8572 9817 1
3026 9104 1
3026 1818 1
3026 8197 1
3026 4853 1
3026 3748 1
3218 8565 1
3218 1025 1
3218 4298 1
3218 9397 1
3218 5798 1
1185 3157 1
1185 6997 1
1185 6728 1
1185 8388 1
1185 7125 1
7699 3812 1
7699 4350 1
7699 8050 1
7699 10804 1
7699 3227 1
6505 3794 1
6505 1802 1
6505 9018 1
6505 6997 1
6505 4563 1
6561 6251 1
6561 6259 1
6561 8592 1
6561 7259 1
6561 4887 1
8949 9018 1
8949 1153 1
8949 6528 1
8949 6549 1
8949 11039 1
6422 3794 1
6422 1802 1
6422 6997 1
6422 7159 1
6422 4563 1
9817 3794 1
9817 1802 1
9817 8282 1
9817 8572 1
9817 4563 1
1363 8927 1
1363 7563 1
1363 10263 1
1363 6115 1
1363 8748 1
10869 4766 1
10869 9544 1
10869 6391 1
10869 8303 1
10869 6239 1
8282 9142 1
8282 5597 1
8282 6563 1
8282 6491 1
8282 10723 1
1096 4397 1
1096 9104 1
1096 3748 1
1096 2426 1
1096 10869 1
7464 9630 1
7464 5830 1
7464 8919 1
7464 10882 1
7464 3870 1
8871 7031 1
8871 5969 1
8871 6910 1
8871 6712 1
8871 10397 1
5374 6097 1
5374 10529 1
5374 9142 1
5374 7379 1
5374 7023 1
5573 4853 1
5573 1818 1
5573 3111 1
5573 2867 1
5573 9104 1
10624 3794 1
10624 1802 1
10624 8572 1
10624 8949 1
10624 4563 1
4654 10043 1
4654 9924 1
4654 6249 1
4654 6036 1
4654 1869 1
8054 5048 1
8054 9296 1
8054 6863 1
8054 8153 1
8054 6648 1
5241 10233 1
5241 10287 1
5241 5374 1
5241 7371 1
5241 6923 1
3860 2574 1
3860 6246 1
3860 4445 1
3860 5080 1
3860 2104 1
11024 6801 1
11024 9058 1
11024 10414 1
11024 11177 1
11024 3782 1
6187 11187 1
6187 6330 1
6187 7116 1
6187 8949 1
6187 5717 1
5048 1328 1
5048 9011 1
5048 7359 1
7546 10397 1
10884 3737 1
10884 6771 1
10884 10828 1
8029 5574 1
8029 3510 1
8029 5277 1
8029 8907 1
8029 6917 1
7830 6002 1
7830 10828 1
2104 3860 1
4297 7371 1
4297 8987 1
4297 10723 1
9614 6057 1
9614 8338 1
9614 8457 1
9614 10290 1
9345 2295 1
9345 8639 1
8639 9345 1
8639 2295 1
2359 9509 1
2359 7359 1
2535 9600 1
2535 4531 1
6033 8565 1
9646 4679 1
9646 4887 1
9646 6057 1
9646 8457 1
8475 8388 1
8475 5687 1
7701 9541 1
7701 8118 1
7701 10091 1
7701 7102 1
7701 7139 1
1009 7102 1
1009 10233 1
9033 7806 1
9033 1328 1
9033 9600 1
9033 6058 1
9033 10588 1
8215 6935 1
9604 10974 1
10588 6391 1
10588 7359 1
3822 1066 1
3822 3275 1
3822 4840 1
9593 7733 1
9593 3218 1
9593 5894 1
9593 10263 1
7139 9541 1
3049 10062 1
4143 10974 1
9627 3000 1
9428 3062 1
9428 5206 1
9924 9578 1
5687 8388 1
10782 9872 1
7370 8187 1
10233 8592 1
3788 7379 1
9923 4553 1
9923 10343 1
8736 7031 1
8153 7359 1
8153 6058 1
8153 6918 1
8153 8523 1
6876 8802 1
6058 1328 1
6058 8712 1
6935 7676 1
6935 7370 1
6059 6391 1
6059 10723 1
8513 10305 1
8513 10437 1
8513 3292 1
7695 9427 1
7695 7945 1
7695 10726 1
7695 8345 1
7147 4239 1
6503 4679 1
6503 8457 1
1595 2295 1
1595 2732 1
1595 4887 1
1595 10008 1
1595 7975 1
7505 7359 1
7505 8871 1
9141 6563 1
9141 8187 1
9141 7695 1
10777 7920 1
10777 9141 1
10777 8603 1
3415 10782 1
9296 1328 1
9296 10588 1
9296 5974 1
1934 6653 1
1934 7845 1
1934 8345 1
5493 3000 1
10504 6691 1
10504 9011 1
8050 7699 1
9509 4630 1
9600 5974 1
9600 4199 1
7530 8871 1
7530 6525 1
7530 8802 1
6712 7379 1
6712 7371 1
6712 10588 1
6712 6935 1
8802 7867 1
8802 6563 1
8802 7371 1
8393 3818 1
8603 10004 1
8603 7920 1
8603 9141 1
10022 8565 1
10022 7023 1
10022 8187 1
7159 7023 1
7159 5898 1
7159 6910 1
7159 6722 1
7159 9011 1
10938 7299 1
11177 11105 1
11177 10550 1
9983 9923 1
9983 3043 1
9983 8113 1
9983 5968 1
8590 11065 1
8590 8118 1
9058 2803 1
9058 6801 1
9058 11024 1
6923 9141 1
6923 6563 1
6525 10004 1
6525 6894 1
6525 7359 1
6127 9294 1
6127 3275 1
6863 1328 1
6863 6058 1
6249 7823 1
6249 1775 1
6249 4654 1
9630 5830 1
9630 7998 1
9630 7464 1
9630 3870 1
2426 5387 1
2426 1096 1
2028 3292 1
4018 9600 1
4018 1328 1
4018 7359 1
10723 6059 1
10723 8716 1
6491 8215 1
6491 6391 1
1715 8229 1
1715 3974 1
1715 9397 1
1715 8037 1
1715 5499 1
5597 6525 1
5597 6923 1
5597 11006 1
5597 7064 1
4801 3794 1
4801 1802 1
4801 5324 1
4801 6997 1
4801 4563 1
6648 1328 1
6648 6058 1
5830 10942 1
6239 8736 1
8229 7147 1
8229 5894 1
8229 6935 1
8229 10263 1
9544 3748 1
9544 1727 1
9544 2867 1
9544 5573 1
8748 6115 1
4766 7920 1
4766 6770 1
4766 9998 1
4766 8565 1
4766 9165 1
7563 8345 1
7563 10339 1
8927 8345 1
8927 11039 1
6549 7371 1
6549 8716 1
6549 8345 1
6549 6770 1
6549 6722 1
3227 9165 1
3227 10588 1
3227 6059 1
8401 3241 1
8401 8451 1
8401 6036 1
5798 5894 1
5798 4069 1
5798 3974 1
5798 10263 1
6493 3000 1
6493 3094 1
3508 8611 1
3508 6801 1
3094 5830 1
3094 10942 1
4350 7699 1
7213 3000 1
6036 6935 1
9419 8744 1
7031 7064 1
7031 7530 1
7031 8523 1
7031 7920 1
6577 9427 1
6577 9998 1
6577 6918 1
1109 6918 1
1109 9591 1
1109 6043 1
10263 5798 1
10263 8927 1
6991 2041 1
6991 8451 1
7650 3542 1
8368 3788 1
8368 10504 1
8368 7733 1
3869 7733 1
1869 4654 1
9640 5527 1
9640 9397 1
9640 6840 1
8079 8054 1
7945 7695 1
7945 7530 1
4298 8565 1
4298 5969 1
6752 8215 1
6752 5505 1
6578 8722 1
6578 10008 1
8722 10008 1
8722 1595 1
8722 2295 1
8722 2732 1
8722 6578 1
10287 8736 1
10287 7845 1
10305 5181 1
10305 2028 1
10305 4305 1
9081 5206 1
5938 3860 1
5938 10536 1
5938 9328 1
5938 1740 1
6097 10529 1
6097 8719 1
6097 6923 1
8037 7733 1
8037 3218 1
8037 5894 1
2465 6057 1
2465 4679 1
2465 10429 1
2465 10008 1
3062 6935 1
8345 10723 1
2574 3860 1
3392 8927 1
3392 4871 1
3392 6770 1
2362 8987 1
2362 7017 1
3043 9983 1
3043 8113 1
10008 1595 1
10008 11177 1
7023 8523 1
7023 9141 1
7023 10529 1
7023 7920 1
7023 8345 1
10804 9939 1
10804 8187 1
10804 9473 1
10804 8736 1
7322 8537 1
9148 8197 1
9148 5387 1
9148 5573 1
8532 10021 1
8532 3818 1
8762 5241 1
8762 9427 1
3986 9397 1
6910 10004 1
6910 10287 1
6910 7920 1
6910 7359 1
6910 7505 1
4865 8345 1
4865 4766 1
1921 8368 1
1921 3788 1
1921 9872 1
1328 2535 1
9089 5798 1
9089 4069 1
9089 3974 1
9089 7147 1
6025 5397 1
6330 7530 1
6330 5397 1
6330 6187 1
4377 5397 1
10442 9983 1
10442 8113 1
8246 4853 1
8246 1818 1
8246 3111 1
8246 2867 1
8246 6536 1
8644 4937 1
1302 9148 1
1302 3748 1
1302 4596 1
10317 5574 1
10317 3510 1
10317 5277 1
10317 9640 1
10317 6917 1
10726 10287 1
10726 8282 1
10726 9870 1
10726 9427 1
10726 8871 1
8338 7140 1
8338 9614 1
8338 10429 1
8338 8457 1
4557 10707 1
10290 5968 1
10290 9614 1
10091 8345 1
9328 3860 1
9328 5080 1
9328 5938 1
9328 10536 1
8919 10942 1
10555 6825 1
8565 9165 1
8565 5241 1
9397 7910 1
9397 10064 1
9397 5974 1
9397 10263 1
8203 6339 1
8203 7102 1
10536 1740 1
10536 3860 1
10536 5938 1
10536 9328 1
6115 7147 1
6115 10339 1
3157 6997 1
3157 1185 1
3975 5159 1
3975 3748 1
6259 6251 1
6259 8592 1
6259 6561 1
11167 5574 1
11167 3510 1
11167 5277 1
11167 9640 1
11167 6917 1
9177 3818 1
9177 5968 1
5717 6770 1
5717 8949 1
5717 6187 1
8580 5574 1
8580 3510 1
8580 5277 1
8580 8907 1
8580 6917 1
2445 7017 1
1326 8858 1
1326 9925 1
1326 6293 1
1326 4397 1
5969 10869 1
5969 6712 1
5969 8871 1
5969 7676 1
8014 847 1
4830 7147 1
4830 7857 1
4830 8762 1
4830 10974 1
6364 5946 1
6251 6561 1
6251 6259 1
8296 7140 1
9092 9872 1
8097 8388 1
8097 6997 1
6284 5505 1
6284 9491 1
6284 8457 1
6284 4887 1
7920 7867 1
7920 8187 1
2194 7857 1
847 9122 1
8987 5969 1
8987 7031 1
8987 6918 1
9376 1956 1
3241 6491 1
4877 5053 1
7663 9473 1
7663 8345 1
2067 3241 1
2067 8837 1
11065 8590 1
11065 7650 1
11065 8118 1
9142 8282 1
9142 8871 1
11006 8187 1
11006 6577 1
11006 7530 1
11006 7031 1
7975 8611 1
7975 3415 1
8771 4922 1
8771 9406 1
8771 3788 1
3275 9923 1
3275 1727 1
9480 8837 1
7131 3218 1
7131 4199 1
7131 4115 1
6722 7359 1
6722 10343 1
6722 10292 1
8523 7867 1
8523 6563 1
8523 9870 1
752 8537 1
8303 8736 1
8712 7806 1
8712 1328 1
8712 9600 1
8712 6058 1
8712 10588 1
3737 3111 1
3737 10828 1
9872 6935 1
9872 10782 1
9406 6691 1
9406 9011 1
7116 6187 1
7116 11187 1
10021 10220 1
8429 10198 1
10292 6101 1
10292 629 1
10292 10869 1
10292 7119 1
8106 6969 1
8106 6039 1
8106 5680 1
8106 8837 1
6246 5080 1
6246 3860 1
7064 10158 1
7064 8603 1
7064 6991 1
7064 10140 1
3482 1802 1
3482 3794 1
3482 4563 1
3482 6043 1
5835 10091 1
5835 5902 1
5835 10021 1
6984 5682 1
1258 5997 1
1258 3292 1
7313 10202 1
7313 1059 1
7313 9092 1
7313 10397 1
7313 8523 1
8711 10198 1
8719 7695 1
8719 10343 1
8719 10287 1
8719 8345 1
7998 9306 1
7998 5830 1
7998 8919 1
7998 7464 1
7998 3870 1
10043 4654 1
10043 986 1
7017 5884 1
7017 806 1
7017 7228 1
7017 7064 1
7017 9502 1
9062 5277 1
9062 2623 1
9062 10909 1
9062 9397 1
9062 6286 1
2097 1944 1
2097 5968 1
2097 8037 1
2097 5499 1
8862 5574 1
8862 3510 1
8862 5277 1
8862 8907 1
8862 6917 1
9011 8345 1
9011 10022 1
9011 5161 1
6840 5574 1
6840 3510 1
6840 5277 1
6840 7910 1
6840 6917 1
8187 6918 1
8187 6577 1
8187 8716 1
7275 5574 1
7275 3510 1
7275 5277 1
7275 8029 1
7275 6917 1
7379 9427 1
7379 10726 1
7379 9011 1
7379 7867 1
10064 5798 1
10064 4069 1
10064 3974 1
10064 7147 1
10882 9025 1
10882 10318 1
5974 7505 1
5974 7591 1
1668 5195 1
3870 10882 1
3870 7464 1
8778 2214 1
8778 5946 1
8778 7640 1
