335 10374 1
335 10882 1
335 1746 1
335 3572 1
335 2162 1
2162 7768 1
2162 4379 1
2162 718 1
2162 8912 1
2162 3017 1
10882 4379 1
10882 2601 1
10882 349 1
10882 7429 1
10882 7153 1
1746 2651 1
1746 2162 1
1746 4870 1
1746 9169 1
1746 7174 1
3572 2821 1
3572 8187 1
3572 335 1
3572 10202 1
3572 5623 1
10374 7370 1
10374 9431 1
10374 2437 1
10374 6118 1
10374 3572 1
9431 10418 1
9431 335 1
9431 3344 1
9431 8666 1
9431 6197 1
7370 4531 1
7370 2880 1
7370 623 1
7370 10235 1
7370 9788 1
10202 9011 1
10202 6052 1
10202 2175 1
10202 3813 1
10202 8269 1
2437 2411 1
2437 10374 1
8187 9373 1
8187 10123 1
8187 319 1
8187 7084 1
8187 8759 1
7174 6896 1
7174 7992 1
7174 1746 1
7174 5757 1
7174 3572 1
2651 0 1
2651 1266 1
2651 4253 1
2651 240 1
2651 10757 1
3017 6391 1
3017 10802 1
3017 1204 1
3017 2851 1
3017 10149 1
349 5830 1
349 5471 1
349 3094 1
349 5946 1
349 10712 1
2601 7274 1
2601 7171 1
2601 1035 1
2601 5468 1
2601 2877 1
7429 8336 1
7429 2600 1
7429 4521 1
7429 9630 1
7429 7640 1
7153 7313 1
7153 8987 1
7153 2322 1
7153 6923 1
7153 4135 1
6118 9169 1
6118 5441 1
6118 1533 1
6118 3551 1
6118 8073 1
4870 9788 1
4870 8421 1
4870 1746 1
4870 9113 1
4870 4647 1
7768 8998 1
7768 10391 1
7768 264 1
7768 7074 1
7768 11132 1
5623 8767 1
5623 4104 1
5623 6769 1
5623 2187 1
5623 8484 1
8912 6781 1
8912 7606 1
8912 2162 1
8912 5708 1
8912 10202 1
4379 7313 1
4379 9011 1
4379 1248 1
4379 10882 1
4379 5241 1
718 6374 1
718 5751 1
718 2322 1
718 11086 1
718 758 1
2821 8277 1
2821 6923 1
2821 707 1
2821 6391 1
2821 9438 1
9169 7312 1
9169 11031 1
9169 2401 1
9169 6118 1
9169 4105 1
5468 6977 1
5468 7686 1
5468 2226 1
5468 4262 1
5468 8959 1
6923 8079 1
6923 11132 1
6923 264 1
6923 8229 1
6923 7031 1
1035 10325 1
1035 5265 1
1035 2451 1
1035 6984 1
1035 2214 1
7171 5382 1
7171 6220 1
7171 1570 1
7171 4028 1
7171 10152 1
7074 8987 1
7074 8020 1
7074 2362 1
7074 6927 1
7074 3999 1
10712 62 1
10712 349 1
10712 9143 1
5946 7938 1
5946 10425 1
5946 2340 1
5946 5779 1
5946 4112 1
8759 3344 1
8759 2238 1
8759 357 1
8759 9427 1
8759 5792 1
9438 10410 1
9438 6786 1
9438 2114 1
9438 4631 1
9438 9223 1
1204 3996 1
1204 5441 1
1204 1196 1
1204 9120 1
1204 1389 1
7606 7530 1
7606 7860 1
7606 2322 1
7606 6923 1
7606 4135 1
3094 7998 1
3094 8408 1
3094 2993 1
3094 7988 1
3094 6297 1
10757 5184 1
10757 7064 1
10757 1467 1
10757 4596 1
10757 11188 1
9011 8188 1
9011 8153 1
9011 9406 1
9011 10397 1
9011 8079 1
10802 10792 1
10802 972 1
10802 2284 1
10802 7768 1
10802 5441 1
10123 9594 1
10123 9523 1
10123 10149 1
10123 6491 1
10123 9473 1
6391 6876 1
6391 10287 1
6391 9733 1
6391 9141 1
6391 8470 1
6197 4230 1
6197 2260 1
6197 444 1
6197 9446 1
6197 10418 1
240 3275 1
240 3692 1
240 2064 1
240 5191 1
240 4534 1
3344 3383 1
3344 7994 1
3344 7123 1
3344 6572 1
3344 10041 1
0 3151 1
0 10757 1
0 2995 1
0 2651 1
0 3307 1
4253 11052 1
4253 1190 1
4253 2877 1
4253 4952 1
4253 4353 1
5708 11086 1
5708 9011 1
5708 2175 1
5708 3813 1
5708 9110 1
5757 1455 1
5757 7174 1
5757 8640 1
5757 4852 1
5830 7938 1
5830 7192 1
5830 2214 1
5830 5282 1
5830 3870 1
7992 6648 1
7992 3617 1
7992 623 1
7992 10723 1
7992 6118 1
2851 10635 1
2851 3644 1
2851 982 1
2851 10759 1
2851 6257 1
6052 5188 1
6052 3115 1
6052 720 1
6052 8509 1
6052 7457 1
7313 6052 1
7313 9733 1
7313 2162 1
7313 4629 1
7313 8871 1
5471 8156 1
5471 5830 1
5471 2340 1
5471 7429 1
5471 4112 1
10418 9044 1
10418 5437 1
10418 982 1
10418 3365 1
10418 7992 1
4531 5295 1
4531 10546 1
4531 1785 1
4531 3510 1
4531 9605 1
6374 8523 1
6374 4660 1
6374 1806 1
6374 3397 1
6374 8708 1
623 1210 1
623 4199 1
623 4629 1
623 6459 1
623 6052 1
2175 8993 1
2175 8762 1
2175 718 1
2175 5016 1
2175 4482 1
9788 7110 1
9788 5068 1
9788 982 1
9788 3344 1
9788 6374 1
4647 1520 1
4647 4487 1
4647 4854 1
4647 3102 1
4647 8421 1
6781 3633 1
6781 10086 1
6781 7373 1
6781 3653 1
6781 9175 1
2880 6918 1
2880 4861 1
2880 11129 1
2880 3062 1
2880 7920 1
9630 10942 1
9630 2601 1
9630 5954 1
9630 913 1
9630 8919 1
9113 1520 1
9113 4854 1
9113 9785 1
9113 3316 1
9113 6767 1
8987 2571 1
8987 1564 1
8987 295 1
8987 7364 1
8987 9218 1
2877 4149 1
2877 2209 1
2877 613 1
2877 7102 1
2877 11007 1
8073 8767 1
8073 1186 1
8073 4209 1
8073 10732 1
8073 6036 1
10235 7530 1
10235 4135 1
10235 758 1
10235 2479 1
10235 6923 1
7274 5724 1
7274 7120 1
7274 2371 1
7274 5182 1
7274 3346 1
8421 1520 1
8421 4854 1
8421 9113 1
8421 3316 1
8421 9785 1
758 5970 1
758 7530 1
758 8079 1
758 3914 1
758 5751 1
10391 1443 1
10391 3409 1
10391 9577 1
10391 2372 1
10391 3960 1
2401 9803 1
2401 3922 1
2401 1414 1
2401 3361 1
2401 7600 1
8998 2614 1
8998 1664 1
8998 319 1
8998 7457 1
8998 9325 1
11132 2854 1
11132 1746 1
11132 319 1
11132 7494 1
11132 9278 1
7640 6012 1
7640 7464 1
7640 2214 1
7640 5471 1
7640 3870 1
1248 9823 1
1248 2950 1
1248 667 1
1248 4818 1
1248 8644 1
4521 5261 1
4521 9658 1
4521 913 1
4521 2530 1
4521 5265 1
3551 8163 1
3551 5650 1
3551 1119 1
3551 4545 1
3551 9372 1
2187 7804 1
2187 7177 1
2187 10031 1
2187 6196 1
2187 9070 1
8767 5540 1
8767 3097 1
8767 532 1
8767 10954 1
8767 10882 1
7312 11031 1
7312 3488 1
7312 5885 1
7312 2401 1
7312 9482 1
6769 8853 1
6769 1248 1
6769 3993 1
6769 583 1
6769 2008 1
8484 6109 1
8484 3597 1
8484 1152 1
8484 10108 1
8484 11173 1
8277 10087 1
8277 4073 1
8277 1248 1
8277 2864 1
8277 7754 1
11031 2177 1
11031 9169 1
11031 7312 1
11031 2401 1
11031 11033 1
264 6099 1
264 3022 1
264 6061 1
264 2734 1
264 9165 1
4105 3644 1
4105 9169 1
4105 9740 1
4105 3922 1
4105 10167 1
1533 8608 1
1533 6118 1
1533 7288 1
1533 3296 1
1533 9482 1
2600 5360 1
2600 6456 1
2600 7814 1
2600 7429 1
2600 8719 1
3813 2505 1
3813 1513 1
3813 258 1
3813 11054 1
3813 4563 1
4104 7702 1
4104 8716 1
4104 5161 1
4104 5053 1
4104 7655 1
2322 3914 1
2322 10202 1
2322 2284 1
2322 10551 1
2322 7775 1
8336 9630 1
8336 2601 1
8336 5954 1
8336 913 1
8336 10882 1
5751 7606 1
5751 8274 1
5751 2322 1
5751 8079 1
5751 4135 1
707 6111 1
707 4073 1
707 2285 1
707 10062 1
707 3267 1
11086 7548 1
11086 8523 1
11086 2322 1
11086 6923 1
11086 4135 1
319 6770 1
319 3679 1
319 9221 1
319 4464 1
319 7618 1
5241 9147 1
5241 9141 1
5241 296 1
5241 5442 1
5241 7091 1
7084 9998 1
7084 4606 1
7084 1157 1
7084 3270 1
7084 6572 1
5441 8219 1
5441 3017 1
5441 369 1
5441 7411 1
5441 8013 1
6896 1455 1
6896 6165 1
6896 8634 1
6896 1798 1
6896 7174 1
2411 1354 1
2411 2437 1
2411 3381 1
2411 3426 1
2411 3915 1
8269 9600 1
8269 4199 1
8269 1132 1
8269 3164 1
8269 6491 1
1266 665 1
1266 2651 1
1266 9911 1
10149 11179 1
10149 4730 1
10149 971 1
10149 2925 1
10149 8071 1
4135 3463 1
4135 2322 1
4135 478 1
4135 8269 1
4135 8335 1
9373 8470 1
9373 5318 1
9373 1157 1
9373 3523 1
9373 7091 1
8666 7174 1
8666 10418 1
8666 2162 1
8666 6087 1
8666 3813 1
7102 3275 1
7920 357 1
7920 10723 1
7920 5442 1
1785 9218 1
1785 319 1
1785 11129 1
1785 3062 1
9147 1564 1
4149 3597 1
4149 4818 1
2340 5265 1
2340 7938 1
2340 5830 1
1564 4104 1
1564 357 1
7364 3409 1
7364 8987 1
7994 8484 1
5540 10792 1
9221 319 1
8919 7464 1
8919 5946 1
5954 7998 1
5954 2601 1
5954 10882 1
5954 913 1
5954 7464 1
1455 5757 1
1455 6896 1
1455 7102 1
8408 3094 1
11129 5010 1
11129 9600 1
11129 9011 1
4861 3383 1
6918 319 1
6918 8716 1
6918 9427 1
5282 8778 1
5282 5779 1
9372 1119 1
4464 3383 1
10086 3633 1
10086 8912 1
10086 6781 1
913 7998 1
913 5830 1
913 7640 1
913 5954 1
913 6297 1
7457 8153 1
7192 5946 1
7192 6984 1
7192 5265 1
7192 7998 1
2284 5441 1
4854 3316 1
4482 6459 1
1210 2505 1
1210 4629 1
1210 6459 1
1210 5295 1
8163 1119 1
4073 1248 1
4073 2864 1
4073 7814 1
7754 10087 1
7754 1248 1
7754 2864 1
5016 3164 1
5016 10397 1
1806 11129 1
1806 7992 1
1806 623 1
1806 3572 1
1806 6374 1
9577 295 1
9577 7606 1
1520 9113 1
1520 3316 1
1520 4870 1
7655 5442 1
7655 9011 1
3510 1210 1
3510 8153 1
7600 2401 1
7600 319 1
10546 1785 1
10546 3510 1
6456 2600 1
5295 8153 1
5295 1785 1
5295 3510 1
6648 1785 1
6648 3510 1
10942 7640 1
10942 2340 1
10942 5779 1
10942 4112 1
8079 2854 1
8079 718 1
8156 7938 1
6111 3267 1
8871 10235 1
4629 3463 1
4629 720 1
4629 8912 1
2993 2401 1
9733 357 1
9733 10041 1
2371 2226 1
2371 3346 1
10551 295 1
10551 7606 1
10551 9577 1
3115 1785 1
3115 7457 1
3115 3993 1
3397 8987 1
10759 9788 1
10759 6374 1
5442 319 1
5188 8509 1
9278 11054 1
2734 357 1
2734 3993 1
6257 9468 1
6257 2851 1
6257 5441 1
6257 10759 1
6257 8013 1
9120 1204 1
10635 9011 1
2864 4073 1
5318 357 1
5318 9011 1
9044 11132 1
9044 3062 1
9044 7992 1
9044 6197 1
4545 8163 1
3870 7998 1
3870 2601 1
3870 8919 1
3870 913 1
3870 6297 1
4852 1455 1
5261 1119 1
4353 4952 1
4353 4253 1
11052 10954 1
11052 532 1
11052 6099 1
3151 0 1
3151 8461 1
9223 10410 1
9223 6786 1
9223 2114 1
9223 4631 1
10041 357 1
2451 5282 1
9175 10235 1
5792 3383 1
5792 9218 1
9473 3383 1
1190 4253 1
2008 3922 1
1389 6491 1
1389 3017 1
1389 3364 1
6297 7998 1
6297 2601 1
6297 5954 1
6297 913 1
6297 7464 1
1798 1455 1
1798 4852 1
1798 8634 1
1798 6896 1
8470 5318 1
8470 1157 1
8470 3523 1
8470 7091 1
3316 1520 1
4952 9454 1
4112 5779 1
4112 5830 1
8708 4658 1
8708 6374 1
4209 6118 1
4209 2575 1
8509 10317 1
8509 5501 1
3062 10123 1
3062 3733 1
3062 11132 1
10425 7938 1
10425 10942 1
4230 1248 1
6876 5318 1
6876 1157 1
6876 3523 1
6876 8470 1
5191 5241 1
2479 10235 1
3275 7102 1
3275 3572 1
357 9218 1
357 9523 1
10108 929 1
10108 8484 1
10732 8073 1
4563 1785 1
4563 10041 1
7548 10882 1
7548 10551 1
7548 2322 1
7548 6923 1
7548 4135 1
583 357 1
1186 8073 1
1186 5437 1
1186 6118 1
6036 6391 1
6036 9438 1
7031 3383 1
3346 7171 1
3346 2371 1
1157 2238 1
1157 6491 1
1157 4104 1
5970 5708 1
5970 1443 1
5970 8274 1
3914 10123 1
3914 7031 1
3914 264 1
3409 2571 1
3409 1564 1
3409 295 1
3960 1204 1
5182 2371 1
5182 3346 1
5779 5830 1
5779 8156 1
2854 264 1
2854 10792 1
4818 1152 1
6012 7998 1
6012 2601 1
6012 5954 1
6012 913 1
6012 10942 1
1513 7970 1
7464 7998 1
7464 2601 1
7464 5954 1
7464 913 1
2950 3597 1
10031 613 1
2260 6197 1
667 3344 1
667 4149 1
667 10397 1
258 8274 1
258 4104 1
8644 4073 1
8644 1248 1
8644 2864 1
8644 7754 1
3523 357 1
7702 8716 1
7702 1157 1
7702 3383 1
7804 8767 1
7804 5623 1
7804 4104 1
3633 6781 1
3633 10086 1
6087 7530 1
6087 8666 1
1664 5241 1
1664 357 1
1664 3022 1
6572 357 1
3993 10041 1
3993 6770 1
7177 2925 1
6196 5441 1
6196 1570 1
1152 9823 1
1132 2925 1
1132 10149 1
11033 11031 1
11033 2177 1
2372 1443 1
9325 8998 1
6061 3383 1
3164 9147 1
3164 10397 1
6459 4199 1
6459 2880 1
7686 5724 1
7686 1570 1
8229 319 1
7411 8013 1
7411 4870 1
9998 8470 1
9998 5318 1
9998 1157 1
9998 3523 1
9998 7091 1
4028 5724 1
4028 2371 1
4028 3346 1
1443 2162 1
1443 11086 1
1443 758 1
1443 4135 1
1443 2284 1
2226 5724 1
2226 5382 1
7775 2322 1
8274 10397 1
8274 10123 1
8274 319 1
8274 7084 1
9070 6099 1
9070 9594 1
10062 4073 1
10062 1248 1
10062 2864 1
10062 7754 1
3915 1190 1
3915 3381 1
3915 1354 1
3915 9740 1
3097 5241 1
3097 10123 1
10167 3644 1
10167 6815 1
10167 3922 1
6770 1785 1
6770 319 1
8959 7686 1
8959 6220 1
665 1266 1
7618 9523 1
7618 5318 1
7618 1157 1
7618 3523 1
7618 7091 1
1354 1190 1
1354 7174 1
1354 3381 1
1354 10882 1
8716 357 1
8716 9605 1
296 532 1
296 5241 1
8853 583 1
8853 1132 1
8853 6769 1
7091 357 1
4606 9427 1
9523 8470 1
9523 5318 1
9523 1157 1
9523 3523 1
9523 7091 1
6165 6896 1
6165 7174 1
3022 2854 1
3022 357 1
3022 11132 1
11179 8767 1
11179 1132 1
4730 9218 1
3270 7084 1
3679 319 1
3679 2401 1
5724 5382 1
5724 2226 1
971 10149 1
971 1132 1
5161 3383 1
3463 4531 1
3463 1785 1
3463 4629 1
2114 6786 1
2114 2284 1
478 2505 1
478 11129 1
478 7494 1
478 4531 1
10954 8767 1
10954 3993 1
5382 2371 1
5382 5182 1
5382 3346 1
8335 9141 1
3426 2411 1
972 2162 1
972 2851 1
10325 7938 1
10325 10425 1
9594 3510 1
9594 982 1
9594 10123 1
9594 10723 1
9406 9011 1
9605 8716 1
9605 8523 1
8153 1664 1
8153 319 1
8153 7494 1
3365 10418 1
8020 2362 1
8020 6927 1
8020 3999 1
8219 369 1
9446 8484 1
9446 4818 1
2614 8987 1
5068 3307 1
4596 10757 1
6984 2530 1
6984 4521 1
3999 7768 1
3999 8998 1
3999 3993 1
720 8079 1
720 3914 1
7998 10942 1
7998 2601 1
7998 5954 1
7998 913 1
7998 8336 1
3267 8644 1
3267 1248 1
3267 2864 1
2505 3022 1
2505 319 1
8640 1455 1
8640 5757 1
4660 10882 1
4660 6374 1
3383 357 1
7064 2854 1
7064 1785 1
7064 8759 1
7064 10723 1
8634 1455 1
8634 6896 1
8634 1798 1
8634 7174 1
9110 8269 1
9110 4199 1
9110 6459 1
7530 9141 1
7530 10123 1
7530 258 1
7530 11132 1
10152 5724 1
10152 7120 1
10152 2371 1
10152 5182 1
10152 3346 1
3922 9740 1
3922 2008 1
8608 1533 1
8608 5540 1
2064 10723 1
9427 357 1
9427 9218 1
1467 10757 1
2285 8644 1
3996 1204 1
613 2877 1
613 6197 1
613 1190 1
5184 10757 1
5184 3993 1
3692 1132 1
7373 10376 1
7373 3633 1
7373 6781 1
7373 4679 1
11054 1785 1
11054 319 1
11054 8719 1
11054 10371 1
10792 10723 1
10792 264 1
10792 7064 1
10792 10551 1
9143 62 1
9143 10712 1
9143 349 1
5053 3383 1
5053 9278 1
11188 629 1
11188 10757 1
11188 8901 1
3307 0 1
3307 5068 1
3307 5939 1
444 382 1
444 2218 1
444 4700 1
4534 1 1
4534 1172 1
4534 6391 1
4534 86 1
2995 0 1
2995 6024 1
2177 7479 1
2177 8199 1
2177 6706 1
2177 2401 1
7494 5056 1
7494 2880 1
7494 478 1
7494 10961 1
7494 9753 1
4631 9223 1
4631 1688 1
4631 3469 1
9600 4104 1
9600 2792 1
9600 623 1
9600 7992 1
2238 8759 1
2238 319 1
2238 2508 1
4262 10451 1
4262 2219 1
4262 5705 1
4262 628 1
4262 6848 1
10397 2950 1
10397 2078 1
10397 452 1
10397 10235 1
2214 7640 1
2214 4112 1
2214 8778 1
2214 2601 1
3296 1533 1
3296 7807 1
6977 5724 1
6977 2371 1
6977 5182 1
6977 3346 1
10723 9733 1
10723 9600 1
10723 258 1
10723 9594 1
7860 7499 1
7860 7606 1
3361 1242 1
3361 2401 1
3361 1675 1
7120 7123 1
7120 5468 1
7120 1570 1
7938 11137 1
9165 3326 1
9165 357 1
9165 10777 1
1570 6196 1
1570 10311 1
1570 7686 1
1570 2601 1
8523 1785 1
8523 357 1
8523 8187 1
8523 9008 1
7988 10066 1
7988 5206 1
7988 512 1
7988 10908 1
2362 7253 1
2362 2614 1
2362 3999 1
1196 720 1
1196 7494 1
1196 1204 1
1196 3486 1
9785 2239 1
9785 8421 1
9785 4870 1
6109 8078 1
6109 4893 1
6927 10784 1
6927 1634 1
6927 3473 1
8013 5154 1
8013 10759 1
6786 2114 1
6786 4631 1
6786 7876 1
982 6061 1
982 264 1
982 4707 1
2209 10954 1
2209 9070 1
2209 9594 1
4199 3794 1
4199 2505 1
4199 478 1
4199 8153 1
4199 10020 1
3381 8442 1
3381 939 1
3381 2411 1
2925 8767 1
10287 3062 1
10287 357 1
10287 8961 1
10287 11132 1
62 2430 1
62 446 1
62 2238 1
10410 6786 1
10410 2114 1
10410 4631 1
10410 9223 1
6099 1535 1
6099 264 1
11007 6099 1
11007 8015 1
11007 5588 1
11007 4253 1
