9285 10641 1
9285 90 1
9285 324 1
9285 6039 1
9285 8540 1
6039 9677 1
6039 75 1
6039 8540 1
6039 8106 1
6039 6847 1
90 9285 1
8540 6847 1
8540 231 1
8540 9285 1
8540 7634 1
8540 4087 1
10641 9285 1
10641 324 1
324 9285 1
324 10641 1
4087 6935 1
4087 32 1
4087 4506 1
4087 11103 1
4087 4148 1
6847 8540 1
6847 75 1
6847 10292 1
6847 11170 1
6847 6039 1
7634 5840 1
7634 75 1
7634 6267 1
7634 6847 1
7634 9425 1
231 8540 1
231 674 1
231 9917 1
231 6039 1
231 7003 1
9677 10414 1
9677 674 1
9677 8540 1
9677 4087 1
9677 4506 1
75 2674 1
75 11093 1
75 10792 1
75 7634 1
75 9124 1
8106 5463 1
8106 252 1
8106 5901 1
8106 6039 1
8106 8886 1
10792 8470 1
10792 9141 1
10792 7505 1
10792 2854 1
10792 941 1
9917 7003 1
9917 231 1
9917 4651 1
10414 9677 1
10414 1026 1
10414 9879 1
10414 10198 1
10414 2191 1
9425 7634 1
9425 895 1
9425 2702 1
32 4034 1
32 4148 1
32 2461 1
32 8188 1
32 8368 1
11103 7530 1
11103 32 1
11103 8188 1
11103 8368 1
11103 10504 1
11093 7294 1
11093 4480 1
11093 2284 1
11093 8660 1
11093 4042 1
674 5680 1
674 231 1
674 4506 1
674 10675 1
674 8106 1
252 7071 1
252 10929 1
252 8106 1
252 2702 1
9124 3583 1
9124 75 1
9124 6146 1
9124 5671 1
9124 1934 1
11170 5569 1
11170 4060 1
11170 11006 1
11170 9523 1
11170 3574 1
5901 7207 1
5901 8106 1
5463 7105 1
5463 16 1
5463 9876 1
5463 8229 1
5463 2232 1
6935 7253 1
6935 8343 1
6935 6097 1
6935 2339 1
6935 756 1
2674 8611 1
2674 75 1
2674 6289 1
2674 6333 1
2674 1263 1
8886 11131 1
8886 1165 1
8886 8106 1
8886 9205 1
8886 1890 1
4148 6935 1
4148 32 1
4148 8368 1
4148 10723 1
4148 8188 1
7003 9917 1
7003 231 1
7003 4651 1
6267 6482 1
6267 11 1
6267 6710 1
6267 10751 1
6267 1165 1
10292 4349 1
10292 3362 1
10292 9427 1
10292 8187 1
10292 3100 1
5840 7599 1
5840 554 1
5840 7784 1
5840 4427 1
5840 7634 1
4506 9677 1
4506 674 1
4506 4087 1
4506 8540 1
7207 8106 1
7207 5901 1
11006 10041 1
11006 11132 1
11006 8755 1
11006 3317 1
11006 1233 1
5671 5698 1
5671 142 1
5671 10887 1
5671 9034 1
5671 8635 1
4060 7618 1
4060 6139 1
4060 10609 1
4060 3317 1
4060 1233 1
2702 4247 1
2702 54 1
2702 5338 1
2702 7071 1
2702 3059 1
6097 2238 1
6097 9011 1
6097 9427 1
6097 3383 1
6097 1564 1
1934 8252 1
1934 3802 1
1934 2506 1
1934 9387 1
1934 6936 1
3583 6301 1
3583 2120 1
3583 7346 1
3583 5905 1
3583 3283 1
6146 7287 1
6146 75 1
6146 6333 1
6146 7320 1
6146 2674 1
10929 252 1
4042 7616 1
4042 376 1
4042 5974 1
4042 7689 1
4042 9131 1
7071 8587 1
7071 177 1
7071 4247 1
7071 8406 1
7071 2702 1
9205 8886 1
9205 8406 1
10675 8709 1
10675 674 1
10675 10198 1
10675 10752 1
10675 2280 1
5680 8611 1
5680 674 1
5680 8106 1
5680 3415 1
5680 4630 1
7253 5472 1
7253 3678 1
7253 2343 1
7253 7074 1
7253 3364 1
8611 7975 1
8611 511 1
8611 9216 1
8611 9616 1
8611 1595 1
2284 3042 1
2284 6923 1
2284 6722 1
2284 9278 1
2284 818 1
10723 11129 1
10723 8401 1
10723 6927 1
10723 2788 1
10723 818 1
4480 6139 1
4480 7867 1
4480 5569 1
4480 2658 1
4480 941 1
9427 8998 1
9427 10434 1
9427 7857 1
9427 3022 1
9427 1132 1
4651 9917 1
4651 231 1
4651 7003 1
7294 6770 1
7294 4871 1
7294 2284 1
7294 11109 1
7294 4069 1
9141 10612 1
9141 8282 1
9141 8871 1
9141 3262 1
9141 1412 1
6333 3296 1
6333 75 1
6333 9124 1
6333 5671 1
6333 1488 1
10504 4087 1
10504 32 1
10504 4396 1
10504 10723 1
10504 9872 1
2232 5463 1
2232 6025 1
2232 4155 1
2232 9876 1
8343 2272 1
8343 10041 1
8343 9165 1
8343 3678 1
8343 1664 1
1165 2776 1
1165 377 1
1165 4635 1
1165 10205 1
1165 6268 1
554 3658 1
554 5840 1
554 9559 1
554 6312 1
554 8939 1
16 9468 1
16 6374 1
16 5545 1
16 9693 1
16 5082 1
756 10318 1
756 7505 1
756 4536 1
756 7359 1
756 8229 1
1263 10997 1
1263 2674 1
6482 7777 1
6482 3284 1
6482 3593 1
6482 4537 1
6482 6267 1
1890 9930 1
1890 382 1
1890 6742 1
1890 2693 1
1890 1165 1
7530 10588 1
7530 8755 1
7530 7400 1
7530 2854 1
7530 941 1
8470 5783 1
8470 4104 1
8470 2071 1
8470 8802 1
8470 3858 1
5569 4349 1
5569 3523 1
5569 6572 1
5569 6269 1
5569 3060 1
8188 7530 1
8188 32 1
8188 10504 1
8188 9872 1
8188 10487 1
3362 5964 1
3362 10792 1
3362 2071 1
3362 9427 1
3362 3858 1
6289 9180 1
6289 2674 1
6289 9995 1
10751 5942 1
10751 6 1
10751 6598 1
10751 6614 1
10751 2136 1
8229 9577 1
8229 10287 1
8229 7867 1
8229 3042 1
8229 1336 1
4349 9523 1
4349 4104 1
4349 2071 1
4349 5318 1
4349 3858 1
11131 8886 1
11131 857 1
11131 6838 1
11131 1422 1
11131 3041 1
1026 2535 1
1026 7890 1
1026 6172 1
1026 6391 1
1026 5829 1
8187 10397 1
8187 9681 1
8187 7484 1
8187 2946 1
8187 899 1
4427 8939 1
4427 554 1
4427 5840 1
4427 9675 1
4427 4387 1
3100 9605 1
3100 9147 1
3100 5161 1
3100 3042 1
3100 1132 1
9876 4189 1
9876 16 1
9876 4571 1
9876 5051 1
9876 10636 1
7599 6267 1
7599 895 1
7599 4914 1
7599 9463 1
7599 2754 1
2339 7091 1
2339 9591 1
2339 7430 1
2339 8912 1
2339 2275 1
11 8959 1
11 5815 1
11 377 1
11 382 1
11 7720 1
4034 5717 1
4034 32 1
4034 5364 1
4034 991 1
4034 1285 1
2191 6078 1
2191 1613 1
2191 8351 1
2191 10414 1
2191 9804 1
6710 6352 1
6710 11 1
6710 9807 1
6710 6267 1
6710 683 1
9523 5783 1
9523 4104 1
9523 2071 1
9523 10792 1
9523 3858 1
7784 5900 1
7784 554 1
7784 8212 1
7784 8773 1
7784 4427 1
7105 10243 1
7105 33 1
7105 7779 1
7105 6898 1
7105 2555 1
8368 7530 1
8368 32 1
8368 8188 1
8368 10504 1
8368 10487 1
895 7530 1
895 10625 1
895 7599 1
895 4208 1
895 9277 1
9879 10414 1
9879 4006 1
9879 10182 1
3574 7084 1
3574 4774 1
3574 8506 1
3574 3074 1
3574 1233 1
8660 4042 1
8660 376 1
8660 4357 1
8660 4412 1
8660 7616 1
10198 5150 1
10198 3841 1
10198 10419 1
10198 9372 1
10198 3551 1
2854 10989 1
2854 10041 1
2854 8802 1
2854 2819 1
2854 941 1
7505 2064 1
7505 10777 1
7505 10588 1
7505 3386 1
7505 1412 1
2461 9575 1
2461 3788 1
2461 6935 1
2461 6910 1
2461 8126 1
941 2112 1
941 4941 1
941 8684 1
941 4264 1
941 4477 1
4189 6107 1
4189 451 1
4189 10334 1
4189 9313 1
4189 6262 1
5161 2284 1
5161 5881 1
5161 7031 1
5161 3788 1
5161 1681 1
10887 9738 1
10887 401 1
10887 10931 1
10887 9799 1
10887 4233 1
9147 5395 1
9147 4298 1
9147 2535 1
9147 10807 1
9147 3840 1
4387 8670 1
4387 1543 1
4387 4814 1
4387 11130 1
4387 3344 1
899 5442 1
899 10306 1
899 4606 1
899 5367 1
899 9015 1
2535 2395 1
2535 10699 1
2535 6642 1
2535 7843 1
2535 1483 1
2946 2284 1
2946 4774 1
2946 2979 1
2946 7768 1
2946 1681 1
6391 10654 1
6391 8274 1
6391 5534 1
6391 2192 1
6391 10158 1
7618 5783 1
7618 4104 1
7618 2071 1
7618 7702 1
7618 3858 1
9681 5783 1
9681 4104 1
9681 2071 1
9681 10792 1
9681 3858 1
683 6710 1
683 6352 1
7890 5317 1
7890 994 1
7890 5659 1
7890 5829 1
7890 10968 1
1422 7465 1
1422 6352 1
1422 8732 1
1422 3145 1
1422 5568 1
857 1274 1
857 7355 1
857 1890 1
857 11131 1
5318 10022 1
5318 8187 1
5318 7091 1
5318 3317 1
5318 1233 1
10287 2243 1
10287 8755 1
10287 9278 1
10287 3383 1
10287 1564 1
9577 9142 1
9577 10948 1
9577 8133 1
9577 2975 1
9577 965 1
6614 10751 1
6614 1449 1
6614 5797 1
6614 5823 1
6614 6598 1
6598 6614 1
6598 5797 1
6598 5823 1
6598 10751 1
54 2691 1
54 6243 1
54 7403 1
54 7350 1
54 1351 1
9995 4247 1
9995 285 1
9995 4689 1
9995 4732 1
9995 9225 1
5905 8474 1
5905 404 1
5905 9124 1
5905 6387 1
5905 3144 1
3042 2284 1
3042 4774 1
3042 3993 1
3042 9141 1
3042 1681 1
9180 7535 1
9180 4700 1
9180 2448 1
9180 8591 1
9180 4138 1
4247 9753 1
4247 1656 1
4247 7071 1
4247 7201 1
4247 4487 1
8709 10414 1
8709 10675 1
9693 7390 1
9693 16 1
9693 8160 1
9693 9025 1
9693 9872 1
5698 5671 1
5698 453 1
5698 9034 1
5698 8979 1
5698 6001 1
7091 7530 1
7091 9681 1
7091 7371 1
7091 3227 1
7091 1197 1
10752 10675 1
10752 2280 1
10752 6160 1
4208 5016 1
4208 353 1
4208 5167 1
4208 10234 1
4208 4655 1
9011 8998 1
9011 7275 1
9011 5881 1
9011 2447 1
9011 731 1
3262 4135 1
3262 264 1
3262 5255 1
3262 8269 1
3262 3326 1
8635 6652 1
8635 461 1
8635 8014 1
8635 8876 1
8635 10034 1
10041 2243 1
10041 9605 1
10041 10588 1
10041 3644 1
10041 1535 1
2280 8918 1
2280 10752 1
2280 6160 1
2280 10675 1
1285 10566 1
1285 208 1
1285 8106 1
1285 8944 1
1285 991 1
6936 4142 1
6936 3011 1
6936 8078 1
6936 6939 1
6936 2762 1
5964 5783 1
5964 4104 1
5964 2071 1
5964 7091 1
5964 3858 1
10397 2188 1
10397 9008 1
10397 9823 1
10397 3322 1
10397 1433 1
2238 9873 1
2238 10726 1
2238 6526 1
2238 7437 1
2238 1156 1
3059 4542 1
3059 895 1
3059 2702 1
3059 7634 1
2064 8153 1
2064 68 1
2064 5147 1
2064 7518 1
2064 3122 1
5338 8142 1
5338 2702 1
11109 4097 1
11109 11125 1
11109 5133 1
11109 10912 1
11109 10827 1
8959 4627 1
8959 3346 1
8959 9700 1
8959 9766 1
8959 2686 1
5974 10020 1
5974 9602 1
5974 6491 1
5974 2466 1
5974 720 1
6374 5082 1
6374 4135 1
6374 6826 1
6374 9070 1
6374 3611 1
2693 6036 1
2693 22 1
2693 4059 1
2693 11164 1
2693 5821 1
7867 10723 1
7867 8233 1
7867 10547 1
7867 3227 1
7867 1412 1
8401 2532 1
8401 7253 1
8401 10654 1
8401 4948 1
8401 1793 1
8998 9733 1
8998 10004 1
8998 8020 1
8998 2970 1
8998 980 1
818 2112 1
818 4060 1
818 7676 1
818 4264 1
818 3100 1
4069 4149 1
4069 5910 1
4069 2466 1
4069 8992 1
4069 10882 1
10636 7110 1
10636 775 1
10636 9876 1
10636 8041 1
10636 2044 1
3074 3574 1
3074 2794 1
3074 8736 1
6898 6040 1
6898 564 1
6898 7105 1
6898 6924 1
6898 7779 1
3283 10145 1
3283 1199 1
3283 9124 1
3283 5905 1
3283 3583 1
5472 9788 1
5472 8345 1
5472 3317 1
5472 8020 1
5472 9577 1
3364 3017 1
3364 9008 1
3364 5395 1
3364 8546 1
3364 2192 1
6923 7400 1
6923 8719 1
6923 8316 1
6923 2880 1
6923 982 1
10609 4480 1
10609 3560 1
10609 9523 1
10609 8153 1
10609 3362 1
9216 6372 1
9216 1637 1
9216 8611 1
9216 5722 1
9216 5824 1
4104 4766 1
4104 9605 1
4104 9939 1
4104 2281 1
4104 9142 1
9278 2272 1
9278 9400 1
9278 9939 1
9278 3678 1
9278 1664 1
10419 10385 1
10419 8302 1
10419 4063 1
10419 8243 1
10419 8088 1
4477 2192 1
4477 7379 1
4477 5881 1
4477 3517 1
4477 1517 1
10612 9141 1
10612 1286 1
10612 10649 1
10612 8425 1
10612 3483 1
2343 6737 1
2343 8239 1
2343 6653 1
2343 5881 1
2343 3364 1
3022 10022 1
3022 4060 1
3022 7031 1
3022 4104 1
3022 1130 1
1132 8269 1
1132 10031 1
1132 1229 1
1132 5293 1
1132 3111 1
2754 7919 1
2754 286 1
2754 3875 1
2754 7588 1
2754 7972 1
2555 5474 1
2555 7970 1
2555 7123 1
2555 9876 1
2555 2633 1
1595 10429 1
1595 904 1
1595 8722 1
1595 10008 1
1595 2465 1
376 4357 1
376 7616 1
376 675 1
376 8100 1
376 4150 1
8773 10719 1
8773 7784 1
8773 8212 1
9591 6997 1
9591 5324 1
9591 2798 1
9591 9387 1
9591 4563 1
8912 7945 1
8912 6923 1
8912 2943 1
8912 10882 1
8912 5974 1
7320 5544 1
7320 637 1
7320 6197 1
7320 6326 1
7320 8106 1
2275 3794 1
2275 6223 1
2275 4747 1
2275 6505 1
2275 7524 1
7720 5230 1
7720 11007 1
7720 5815 1
7720 8767 1
7720 10162 1
6172 5317 1
6172 994 1
6172 5659 1
6172 5829 1
6172 9240 1
4536 2284 1
4536 9165 1
4536 7159 1
4536 3788 1
4536 1681 1
6770 10723 1
6770 10726 1
6770 8871 1
6770 3100 1
6770 1233 1
8406 7494 1
8406 1845 1
8406 8143 1
8406 9482 1
8406 8542 1
8212 8773 1
8212 1084 1
8212 7784 1
8212 10719 1
8212 3722 1
9804 9658 1
9804 7698 1
9804 3626 1
9804 7050 1
9804 6660 1
6078 9804 1
6078 1425 1
6078 10223 1
6078 2191 1
6078 4247 1
4571 5435 1
4571 271 1
4571 10416 1
4571 9876 1
4571 3091 1
8252 11155 1
8252 264 1
8252 7251 1
8252 11033 1
8252 1934 1
6352 10471 1
6352 430 1
6352 10860 1
6352 6710 1
6352 1422 1
8939 7784 1
8939 554 1
8939 5840 1
8939 3666 1
8939 4427 1
382 8943 1
382 982 1
382 10661 1
382 2218 1
382 9878 1
1488 6333 1
1488 9124 1
1488 1934 1
1488 5671 1
1488 3851 1
4871 3392 1
4871 9438 1
4871 5503 1
4871 10964 1
4871 2595 1
2819 3813 1
2819 11054 1
2819 9841 1
2819 2791 1
2819 818 1
9807 10283 1
9807 340 1
9807 5212 1
9807 6838 1
9807 839 1
10625 9450 1
10625 767 1
10625 10582 1
10625 10610 1
10625 1664 1
5717 7378 1
5717 32 1
5717 8949 1
5717 9431 1
5717 4034 1
33 9449 1
33 6688 1
33 3673 1
33 2753 1
33 8988 1
4941 5442 1
4941 9427 1
4941 6894 1
4941 2932 1
4941 1152 1
7779 6898 1
7779 33 1
7779 7580 1
7779 10757 1
7779 1513 1
4396 7370 1
4396 232 1
4396 5968 1
4396 8274 1
4396 4922 1
3041 3992 1
3041 1044 1
3041 10181 1
3041 6580 1
3041 4926 1
6722 9427 1
6722 7663 1
6722 10792 1
6722 3317 1
6722 1233 1
5364 4040 1
5364 7474 1
5364 4396 1
5364 8187 1
5364 8304 1
4006 9879 1
10182 9879 1
10182 2910 1
6910 2238 1
6910 6935 1
6910 11132 1
6910 3517 1
6910 1535 1
2658 5611 1
2658 4483 1
2658 6572 1
2658 7945 1
2658 1233 1
7975 5722 1
7975 904 1
7975 3415 1
7975 8611 1
7975 1595 1
991 7975 1
991 4034 1
991 3508 1
991 11187 1
991 1285 1
4774 2284 1
4774 5881 1
4774 11132 1
4774 3788 1
4774 1681 1
8506 9577 1
8506 11087 1
8506 7992 1
8506 3042 1
8506 1208 1
4357 2238 1
4357 9427 1
4357 7616 1
4357 3386 1
4357 1564 1
377 982 1
377 10021 1
377 5791 1
377 5092 1
377 543 1
8351 10414 1
8351 2191 1
8351 6589 1
8351 9645 1
5150 7416 1
5150 8400 1
5150 4063 1
5150 5838 1
5150 8138 1
4155 7217 1
4155 485 1
4155 9876 1
4155 5716 1
4155 5463 1
9605 10287 1
9605 7530 1
9605 6194 1
9605 2508 1
9605 730 1
6742 11181 1
6742 1037 1
6742 5942 1
6742 6473 1
6742 1890 1
7430 10871 1
7430 196 1
7430 2339 1
7430 6302 1
7430 8863 1
10243 10494 1
10243 33 1
10243 8575 1
10243 2772 1
10243 7105 1
3841 7416 1
3841 10198 1
3841 6668 1
3841 8400 1
3841 5838 1
6927 9941 1
6927 6244 1
6927 2614 1
6927 7074 1
6927 5709 1
9372 10198 1
9372 8537 1
9372 3698 1
9372 8267 1
9372 8014 1
1412 6572 1
1412 6097 1
1412 2595 1
1412 7695 1
1412 980 1
3788 7530 1
3788 3986 1
3788 10529 1
3788 2970 1
3788 982 1
9559 7402 1
9559 554 1
9559 3992 1
9559 6312 1
10989 8277 1
10989 5831 1
10989 2795 1
10989 10129 1
10989 4917 1
8126 6118 1
8126 1671 1
8126 10512 1
8126 7095 1
8126 2601 1
2112 2571 1
2112 3523 1
2112 10726 1
2112 10886 1
2112 1564 1
8587 9954 1
8587 7071 1
8684 2975 1
8684 2 1
8684 4664 1
8684 4767 1
8684 11149 1
7689 3918 1
7689 376 1
7689 4150 1
7689 10428 1
7689 11093 1
4630 10266 1
4630 1026 1
4630 6563 1
4630 9509 1
4630 8316 1
7084 4877 1
7084 3858 1
7084 9873 1
7084 8006 1
7084 3523 1
9034 5086 1
9034 453 1
9034 5416 1
9034 5664 1
9034 9654 1
6268 7119 1
6268 1165 1
6268 4635 1
9131 4357 1
9131 3384 1
9131 9100 1
9131 7910 1
9131 2880 1
5815 9060 1
5815 6183 1
5815 3193 1
5815 9878 1
5815 6035 1
11132 9011 1
11132 9733 1
11132 7945 1
11132 3062 1
11132 1208 1
7616 3918 1
7616 376 1
7616 4150 1
7616 4357 1
7616 8848 1
3317 11093 1
3317 4661 1
3317 4477 1
3317 2339 1
3317 756 1
7074 10723 1
7074 8998 1
7074 3473 1
7074 8133 1
7074 7321 1
3802 8413 1
3802 662 1
3802 1934 1
10434 5254 1
10434 3993 1
10434 10792 1
10434 8802 1
10434 3560 1
9616 8611 1
9616 713 1
9616 9278 1
9616 8739 1
9616 3953 1
2136 4236 1
2136 797 1
2136 5226 1
2136 10751 1
2136 3351 1
2506 3223 1
2506 420 1
2506 5210 1
2506 3296 1
2506 4400 1
6301 8585 1
6301 2175 1
6301 7591 1
6301 4583 1
6301 9110 1
8755 2272 1
8755 10886 1
8755 9427 1
8755 3523 1
8755 1664 1
8871 8719 1
8871 9278 1
8871 7597 1
8871 2936 1
8871 758 1
9468 5100 1
9468 3866 1
9468 9070 1
9468 7859 1
9468 3419 1
7359 10726 1
7359 7159 1
7359 5966 1
7359 2354 1
7359 756 1
3678 5534 1
3678 6097 1
3678 10588 1
3678 3042 1
3678 1130 1
7857 8762 1
7857 7339 1
7857 4480 1
7857 6737 1
7857 6383 1
11129 2970 1
11129 9033 1
11129 6691 1
11129 5974 1
11129 2192 1
7346 9359 1
7346 225 1
7346 6817 1
7346 9603 1
7346 708 1
1564 1958 1
1564 9165 1
1564 7031 1
1564 7867 1
1564 1132 1
5942 8465 1
5942 11 1
5942 9046 1
5942 7941 1
5942 6267 1
2788 2284 1
2788 4774 1
2788 6059 1
2788 6770 1
2788 1681 1
7287 9124 1
7287 165 1
7287 7320 1
7287 6146 1
7287 6333 1
9675 4427 1
9675 4387 1
10205 7530 1
10205 377 1
10205 8836 1
10205 10116 1
10205 1165 1
9387 5324 1
9387 3977 1
9387 2275 1
9387 11187 1
9387 3604 1
2120 3583 1
3060 6723 1
3060 8736 1
3060 4349 1
3060 7618 1
3060 3858 1
8282 10343 1
8282 9605 1
8282 7239 1
8282 2880 1
8282 899 1
511 662 1
511 7569 1
511 1514 1
511 8611 1
511 996 1
6139 2284 1
6139 10551 1
6139 7484 1
6139 3788 1
6139 1681 1
10318 9545 1
10318 11109 1
10318 8428 1
10318 3100 1
10318 1059 1
142 5671 1
1336 3644 1
1336 7505 1
1336 9142 1
1336 8374 1
1336 7945 1
1613 5803 1
1613 8944 1
1613 2191 1
1613 8268 1
1613 4195 1
3658 5807 1
3658 554 1
3658 2298 1
3658 7784 1
10777 2243 1
10777 9652 1
10777 10804 1
10777 3574 1
10777 1560 1
5051 8041 1
5051 775 1
5051 9876 1
5051 10636 1
5051 2044 1
3415 9054 1
3415 5451 1
3415 10128 1
3415 6470 1
3415 5312 1
9277 7330 1
9277 612 1
9277 7841 1
9277 8009 1
9277 9423 1
3551 6783 1
3551 10198 1
3551 5261 1
3551 8014 1
3551 4935 1
3383 5569 1
3383 3409 1
3383 4474 1
3383 3234 1
3383 1197 1
3296 9164 1
3296 75 1
3296 3469 1
3296 5720 1
3296 10221 1
4264 2284 1
4264 9165 1
4264 5503 1
4264 3778 1
4264 1681 1
5900 8362 1
5900 871 1
5900 9565 1
5900 7208 1
5900 4427 1
5082 8160 1
5082 16 1
5082 6374 1
5082 9468 1
5082 10234 1
9463 5660 1
9463 895 1
9463 7807 1
9463 10264 1
9463 4247 1
9872 6935 1
9872 5441 1
9872 2880 1
9872 10487 1
9872 5212 1
7484 2284 1
7484 8998 1
7484 9400 1
7484 3788 1
7484 1681 1
6025 7764 1
6025 2232 1
6025 9876 1
6025 5397 1
6025 5463 1
2272 9473 1
2272 4774 1
2272 6059 1
2272 6286 1
2272 1681 1
9165 2272 1
9165 10318 1
9165 11132 1
9165 3772 1
9165 1664 1
3593 9396 1
3593 9329 1
3593 6482 1
3593 6267 1
6838 7367 1
6838 6631 1
6838 3145 1
6838 8886 1
6838 6231 1
4412 4042 1
4412 376 1
4412 4357 1
4412 6229 1
4412 11093 1
2776 8309 1
2776 382 1
2776 7838 1
2776 7609 1
2776 1503 1
4635 6631 1
4635 7098 1
4635 3589 1
4635 8116 1
4635 8093 1
5829 8957 1
5829 9240 1
5829 3804 1
5829 10968 1
5829 6172 1
177 7071 1
177 6243 1
177 2605 1
177 11158 1
177 3324 1
3858 7211 1
3858 6918 1
3858 4349 1
3858 6329 1
3858 3383 1
6312 5041 1
6312 554 1
6312 9559 1
6312 7334 1
6312 2934 1
5545 4347 1
5545 16 1
5545 8901 1
5545 7242 1
5545 10782 1
6 10751 1
1233 8759 1
1233 10022 1
1233 5597 1
1233 3227 1
1233 7695 1
4914 5206 1
4914 895 1
4914 10912 1
4914 9252 1
4914 8126 1
7777 5691 1
7777 149 1
7777 6959 1
7777 6984 1
7777 10099 1
3284 4418 1
3284 355 1
3284 6482 1
3284 545 1
3284 2756 1
6269 7660 1
6269 2085 1
6269 10221 1
6269 5569 1
6269 9457 1
7400 11086 1
7400 9733 1
7400 3409 1
7400 7530 1
7400 7313 1
4537 10603 1
4537 149 1
4537 9357 1
4537 6547 1
4537 5346 1
3386 2281 1
3386 9165 1
3386 7159 1
3386 10266 1
3386 1664 1
9930 9485 1
9930 169 1
9930 5923 1
9930 2693 1
9930 2747 1
10997 10561 1
10997 1263 1
10997 2674 1
10588 9545 1
10588 10546 1
10588 8343 1
10588 3227 1
10588 1233 1
5783 6918 1
5783 4104 1
5783 2071 1
5783 7091 1
5783 3858 1
2071 6239 1
2071 3383 1
2071 6918 1
2071 4829 1
2071 7211 1
8802 10869 1
8802 11170 1
8802 8603 1
8802 3301 1
8802 1233 1
3523 4941 1
3523 6139 1
3523 6526 1
3523 3317 1
3523 1233 1
1664 10792 1
1664 3574 1
1664 4774 1
1664 8343 1
1664 1564 1
6572 9427 1
6572 10726 1
6572 6894 1
6572 3301 1
6572 1233 1
9575 5474 1
9575 2461 1
9575 5750 1
9575 4030 1
9575 4130 1
10487 3788 1
10487 10588 1
10487 7992 1
10487 6935 1
10487 2791 1
9431 10882 1
8949 5324 1
8949 9387 1
10582 10625 1
767 10034 1
767 8401 1
4059 22 1
5212 5815 1
5212 5226 1
6035 10031 1
10283 340 1
10283 1274 1
2595 5503 1
2595 10964 1
10964 6391 1
5503 7618 1
5503 2447 1
6326 7320 1
6326 9872 1
7972 7807 1
7972 3193 1
9438 4871 1
1208 10588 1
1208 11129 1
1208 8506 1
3666 8939 1
1197 8802 1
1197 5442 1
1197 1535 1
1197 4829 1
1197 3383 1
5312 3415 1
8309 377 1
8309 1449 1
839 6710 1
430 1503 1
3722 5544 1
10471 6352 1
11033 8252 1
6918 7091 1
6918 7371 1
6918 3234 1
7695 2284 1
7695 8759 1
7695 8345 1
7695 3788 1
7695 1681 1
5226 340 1
5226 5212 1
545 355 1
545 3284 1
545 4418 1
545 2756 1
10223 6078 1
9400 2272 1
9400 10287 1
9400 9605 1
9400 3678 1
7698 9804 1
1845 8406 1
9252 7634 1
9252 2702 1
9252 4914 1
9252 5206 1
3813 11129 1
3813 6059 1
3813 9011 1
3813 2943 1
3813 818 1
7494 10912 1
7494 2243 1
9240 5317 1
9240 994 1
9240 5659 1
9240 5829 1
9240 8957 1
10886 9100 1
10886 7484 1
10886 2946 1
10886 982 1
8767 2532 1
11007 6183 1
6505 6997 1
6505 2970 1
3794 8282 1
3794 11187 1
3794 2970 1
10416 4412 1
9878 11 1
7843 3993 1
7843 10487 1
7843 8506 1
7843 2880 1
3091 4571 1
6383 10022 1
6383 3227 1
637 7320 1
637 1934 1
2943 7530 1
2943 7945 1
4563 6563 1
4563 7530 1
4563 3100 1
2798 4747 1
2798 9591 1
2798 9387 1
1152 6197 1
1152 6035 1
3324 177 1
3324 2702 1
4097 11109 1
4097 6691 1
10719 8773 1
10719 7784 1
10719 8212 1
4135 2395 1
4135 10551 1
4135 6642 1
4135 1483 1
1084 8212 1
675 376 1
675 4357 1
10551 9142 1
10551 10287 1
10551 8133 1
10551 2975 1
10551 965 1
11054 10723 1
11054 8506 1
11054 9141 1
11054 3326 1
5293 2175 1
6939 6231 1
8585 7591 1
8585 2175 1
8585 9110 1
8585 4583 1
8585 6301 1
355 3284 1
355 2756 1
355 545 1
2465 10429 1
2465 1595 1
7403 54 1
6580 10471 1
8362 9565 1
8722 1595 1
9545 2284 1
9545 10777 1
9545 8759 1
9545 3778 1
9545 1681 1
904 4189 1
904 1595 1
904 7975 1
7970 5545 1
7970 6898 1
10860 377 1
10860 1274 1
7588 32 1
7588 2754 1
3473 5966 1
3473 10948 1
10162 10661 1
10610 10625 1
10031 6391 1
3483 1286 1
3483 10649 1
10649 9141 1
10649 1286 1
10649 10612 1
10649 8425 1
10649 3483 1
1517 4477 1
1517 7505 1
1517 6894 1
1517 10777 1
1517 4474 1
3986 8229 1
8425 1286 1
8425 10612 1
8425 10649 1
8425 3483 1
5133 6935 1
5133 6910 1
5133 9131 1
5133 4069 1
3517 7159 1
3517 3111 1
8088 4063 1
8243 4063 1
8243 8088 1
8302 10385 1
8302 4063 1
8302 8243 1
8302 8088 1
10385 8302 1
10385 4063 1
10385 8243 1
10385 8088 1
8739 9616 1
2281 7676 1
2281 3993 1
2281 6737 1
2281 1233 1
9939 2192 1
9939 9142 1
9939 10318 1
9939 3409 1
5824 9216 1
2532 2354 1
6826 6374 1
6826 10882 1
6826 9070 1
4766 10022 1
4766 3100 1
5722 16 1
5722 6243 1
1637 9216 1
1637 5722 1
5831 2188 1
3560 6723 1
3560 8470 1
3560 2071 1
3560 9427 1
5206 7634 1
982 2819 1
982 2880 1
982 3523 1
982 7359 1
8316 7379 1
8316 2447 1
8719 2284 1
8719 1681 1
3017 8767 1
3017 6935 1
3017 11093 1
3840 9427 1
3840 6383 1
3851 1488 1
8345 7857 1
8345 6391 1
8345 941 1
2633 2555 1
10020 10546 1
8374 2281 1
8374 10726 1
8374 10804 1
8374 3772 1
8374 1664 1
4487 4732 1
6924 6898 1
340 10283 1
340 11 1
340 6197 1
2044 3993 1
2044 10551 1
2044 3517 1
2044 1233 1
8041 6935 1
8041 8998 1
4150 4042 1
4150 376 1
4150 5974 1
4150 8100 1
1681 4477 1
1681 3022 1
1681 6286 1
1681 1412 1
10699 4747 1
10699 5312 1
8546 4104 1
8546 8316 1
5254 10434 1
775 8160 1
775 10636 1
543 10205 1
5910 3788 1
5910 3986 1
5910 8992 1
5910 7867 1
149 7777 1
149 4537 1
149 5691 1
8239 3326 1
8239 6197 1
8239 2343 1
7416 8243 1
7416 4063 1
7416 8088 1
3301 2284 1
3301 10723 1
3301 10804 1
3301 1681 1
1286 3483 1
4149 2762 1
3326 6918 1
3326 8719 1
3326 2854 1
3326 982 1
7050 7698 1
7524 11187 1
7524 2970 1
3409 8133 1
3409 7091 1
3409 941 1
980 3678 1
980 3611 1
980 3022 1
8020 8401 1
8020 7768 1
8020 3473 1
8020 7321 1
8020 7074 1
10004 2284 1
10004 10886 1
10004 8871 1
10004 3788 1
10004 1681 1
10827 11109 1
10827 11129 1
7535 9180 1
9733 11006 1
9733 8187 1
9733 8759 1
9733 1130 1
1503 10860 1
1503 430 1
1503 2776 1
1503 6197 1
1503 5568 1
1656 4247 1
1656 9753 1
8233 8506 1
8233 10726 1
8233 8316 1
8233 3317 1
8233 1233 1
5821 2693 1
11164 9799 1
2934 6312 1
3673 33 1
22 4059 1
22 2693 1
6036 2532 1
3611 9605 1
3611 10487 1
3611 7843 1
7945 9733 1
7945 9142 1
7945 3227 1
720 5968 1
720 5545 1
1543 5664 1
9873 5442 1
9873 3993 1
9873 10869 1
9873 9427 1
9873 3560 1
4935 11158 1
4935 7494 1
4935 3551 1
6491 2880 1
6491 2192 1
730 6239 1
730 10292 1
730 9523 1
4732 9995 1
4732 4487 1
7201 75 1
7201 7634 1
5474 9575 1
5474 2555 1
7110 8160 1
7110 5082 1
7110 10882 1
1793 4664 1
4130 9575 1
4130 7843 1
4130 10397 1
4130 5750 1
2085 2339 1
2085 7807 1
7402 9559 1
7402 6312 1
4030 5463 1
4030 5750 1
4030 7970 1
8603 3644 1
8603 1564 1
4922 10487 1
4922 5133 1
4922 5974 1
10546 2535 1
10546 10588 1
10546 3993 1
2747 9930 1
9700 8959 1
169 9930 1
5346 9357 1
5346 4537 1
9357 4537 1
4040 2085 1
7313 10397 1
7313 6374 1
7313 2535 1
7313 10318 1
3223 54 1
3223 9277 1
11086 10397 1
11086 7370 1
4542 7634 1
4542 895 1
4542 2702 1
4542 3059 1
9450 10625 1
2756 7838 1
5210 4480 1
5210 75 1
5210 9164 1
5210 9873 1
10099 7777 1
10782 16 1
10782 5312 1
10782 5545 1
10782 10512 1
7242 5824 1
7242 7110 1
5041 6312 1
5041 7242 1
7211 4606 1
7211 3383 1
7211 9878 1
7211 10292 1
7211 3060 1
2605 11158 1
2605 177 1
6286 7484 1
6286 9427 1
6286 8345 1
6286 2970 1
10603 4537 1
10603 7777 1
8957 5317 1
8957 994 1
8957 5659 1
8957 5829 1
8093 6231 1
5230 3062 1
3589 6838 1
3589 6936 1
7098 2175 1
7098 8767 1
7609 10494 1
7609 2776 1
7609 8575 1
7609 10292 1
9654 5698 1
9654 453 1
9654 6001 1
6107 7941 1
6107 8413 1
1199 9180 1
1199 3644 1
7367 8093 1
7367 6231 1
9329 9396 1
9329 3593 1
9396 9329 1
9396 3593 1
3772 9939 1
3772 3644 1
11158 8106 1
11158 177 1
11158 9753 1
11158 4935 1
5397 6025 1
5397 5717 1
7807 3296 1
7807 75 1
7807 5230 1
7807 7972 1
5660 9463 1
3778 2284 1
3778 8153 1
3778 9605 1
3778 9733 1
3778 1681 1
5823 10751 1
5823 5797 1
5823 6614 1
5823 6598 1
5720 8863 1
5720 2085 1
5720 7807 1
4877 2284 1
4877 10551 1
4877 7159 1
4877 3788 1
4877 1681 1
8992 3788 1
8992 3986 1
8992 8316 1
3469 10882 1
3469 8304 1
4474 2044 1
4474 6383 1
4474 4941 1
4474 3386 1
5261 3698 1
5261 9658 1
9423 767 1
9423 9277 1
7378 5968 1
7378 32 1
7378 5717 1
7841 7494 1
7841 720 1
7841 8143 1
7841 8542 1
612 2555 1
612 9277 1
10428 7689 1
8116 4635 1
6470 5167 1
10128 3415 1
3993 11006 1
3993 11132 1
5451 4149 1
9054 3415 1
10804 2284 1
10804 10004 1
10804 3778 1
10804 1681 1
7941 8413 1
7941 11 1
7941 10494 1
7941 5942 1
5807 7784 1
8268 1613 1
7859 9468 1
6223 3794 1
5803 6078 1
5803 1613 1
5803 8944 1
1059 7530 1
8428 10318 1
3111 3840 1
4747 7159 1
4747 11054 1
4747 9278 1
4747 3227 1
4747 1233 1
7239 2284 1
7239 8998 1
7239 3788 1
7239 1681 1
6723 5783 1
6723 4104 1
6723 2071 1
6723 3858 1
165 6333 1
165 75 1
165 6146 1
165 2674 1
165 9124 1
6059 2284 1
6059 9165 1
6059 10723 1
6059 3788 1
6059 1681 1
7321 8401 1
7321 3473 1
7321 7074 1
1560 10777 1
8465 5942 1
9603 7346 1
196 2339 1
196 8863 1
196 2085 1
196 7430 1
9359 6817 1
9359 7346 1
9359 3144 1
6691 10487 1
6691 10912 1
6691 3344 1
6691 10504 1
6691 10882 1
3419 10654 1
3419 9468 1
965 3317 1
965 1229 1
965 7074 1
9033 2535 1
9033 3993 1
1671 5545 1
1671 7095 1
7339 7857 1
7339 75 1
7339 5210 1
8762 9427 1
8762 4606 1
8762 7857 1
10807 9110 1
10807 6391 1
10807 3326 1
10807 6097 1
2753 6688 1
2753 33 1
2753 9449 1
708 9359 1
2354 10886 1
5966 8401 1
5966 3409 1
5923 9930 1
7569 511 1
10343 11132 1
10343 8719 1
10343 3326 1
10343 1336 1
2936 3042 1
2936 6722 1
2936 1535 1
7597 8871 1
7597 9011 1
9110 3583 1
9110 2395 1
9110 3326 1
3384 4042 1
3384 376 1
3384 8660 1
3384 6229 1
5838 8302 1
5838 4063 1
5838 8088 1
7474 5364 1
8736 8871 1
8736 9873 1
8736 8282 1
2975 4483 1
2975 6572 1
2975 7239 1
8274 8343 1
8274 8603 1
8274 7484 1
8274 2946 1
8274 899 1
6229 376 1
6229 4042 1
6229 8660 1
4583 6301 1
4583 2175 1
4583 5016 1
7591 6391 1
7591 9147 1
8759 2281 1
8759 10726 1
8759 3778 1
8759 1664 1
2175 4135 1
9473 2284 1
9473 11054 1
9473 8871 1
9473 3788 1
9473 1681 1
420 4400 1
420 2506 1
3351 1449 1
797 5226 1
797 6267 1
4236 5226 1
4236 1274 1
4236 10751 1
3953 9616 1
662 3802 1
662 511 1
662 8413 1
3062 6918 1
3062 941 1
3193 3193 1
6183 9872 1
6183 11 1
6183 11007 1
6183 7720 1
4138 2448 1
4138 9180 1
9060 6183 1
9060 5815 1
6668 8138 1
6668 4063 1
8304 3469 1
8304 9605 1
1351 11187 1
1351 54 1
1351 6118 1
5441 3364 1
5441 7597 1
5441 2192 1
7119 7119 1
7119 1165 1
6239 5569 1
6239 4060 1
6239 6391 1
6239 6572 1
6239 3574 1
5416 6001 1
5416 5086 1
5416 5698 1
5086 5698 1
5086 453 1
10266 8239 1
4767 8684 1
4767 8401 1
4767 2044 1
2571 2284 1
2571 10723 1
2571 6059 1
2571 9577 1
2571 1681 1
7095 5441 1
7095 5750 1
7095 6118 1
7095 9876 1
10512 5312 1
10512 5545 1
8876 9180 1
8876 8014 1
8876 8635 1
7275 9131 1
1514 511 1
2447 2281 1
2447 4060 1
2447 2970 1
2447 9577 1
2447 1681 1
7764 6025 1
7660 6269 1
7660 2943 1
10129 2188 1
10129 10158 1
2795 2188 1
1513 4030 1
1513 5750 1
1513 7970 1
10566 1285 1
8267 9372 1
8267 3551 1
8267 8014 1
8277 2188 1
6631 6231 1
9100 3813 1
9100 2175 1
9100 9110 1
11155 8252 1
11155 1934 1
9509 1026 1
9509 4630 1
6244 6935 1
6244 7588 1
10334 6107 1
10334 6688 1
9941 6927 1
9941 6642 1
5442 6723 1
5442 6491 1
5442 818 1
4418 3284 1
2772 9645 1
10221 7660 1
8575 382 1
8575 10292 1
8575 10243 1
5167 6267 1
8848 4042 1
8848 376 1
8848 4357 1
8848 4412 1
8848 7616 1
10494 382 1
10494 10292 1
10494 8943 1
6302 10871 1
6302 2339 1
6302 7430 1
1037 6742 1
1037 5364 1
485 4155 1
485 5716 1
8863 196 1
8863 6269 1
8863 2339 1
7217 4155 1
264 9011 1
264 2854 1
264 3326 1
264 7239 1
10869 3523 1
10869 6572 1
8400 10385 1
8400 8302 1
8400 4063 1
8400 8243 1
8400 8088 1
5092 377 1
10021 6959 1
10264 9463 1
11087 4042 1
11087 8660 1
453 5664 1
6997 4563 1
6997 9387 1
11187 6505 1
6688 33 1
6688 10334 1
6688 2753 1
9142 2284 1
9142 10723 1
9142 8871 1
9142 3788 1
9142 1681 1
3508 377 1
6329 4349 1
6329 3523 1
6329 7702 1
6329 6723 1
4483 2284 1
4483 5881 1
4483 5503 1
4483 3788 1
4483 1681 1
5611 2281 1
5611 9141 1
5611 10041 1
5611 3778 1
5611 1664 1
8474 10234 1
6194 3678 1
9645 8351 1
9645 6589 1
9645 4195 1
2910 10182 1
7663 2284 1
7663 9605 1
7663 7676 1
7663 3778 1
7663 1681 1
4926 8886 1
4926 3041 1
4926 6710 1
10181 6580 1
10181 1044 1
10181 3992 1
1044 3041 1
1044 6580 1
6547 4537 1
7370 3062 1
7370 8187 1
996 6244 1
996 511 1
7580 7779 1
7580 2555 1
6894 2112 1
6894 7484 1
6894 1517 1
9449 33 1
1274 7211 1
1274 8309 1
1274 2776 1
451 4189 1
451 6244 1
4664 2970 1
4664 8401 1
4664 2284 1
9602 2535 1
9602 3993 1
8006 7084 1
9652 10777 1
11125 1535 1
11125 11109 1
9823 5451 1
9823 3344 1
5324 2970 1
4829 9605 1
4829 4104 1
4829 2071 1
4829 7618 1
4829 3858 1
8944 1285 1
8944 1613 1
8944 5803 1
10726 2284 1
10726 10318 1
10726 8871 1
10726 3788 1
10726 1681 1
4142 7123 1
4142 3344 1
461 10034 1
461 3144 1
8918 2280 1
8100 4042 1
8100 376 1
8100 4357 1
8100 4412 1
8100 7616 1
3644 2243 1
3644 3523 1
8143 8542 1
2762 4142 1
731 4233 1
8138 10385 1
8138 4063 1
8138 8088 1
10547 8316 1
10547 5016 1
10547 3022 1
8901 10234 1
8901 10782 1
8078 5451 1
8078 3344 1
9164 10792 1
9164 6935 1
9164 6286 1
9954 7071 1
5016 5534 1
5016 10807 1
11181 1664 1
11181 7119 1
10234 9693 1
10234 7110 1
7371 2284 1
7371 7867 1
7371 3788 1
7371 1681 1
3122 2064 1
10529 2284 1
10529 10318 1
10529 8871 1
10529 3788 1
10529 1681 1
1535 2936 1
1535 1132 1
6473 4059 1
1156 2238 1
6160 2280 1
6160 10675 1
9841 7098 1
9841 2819 1
9841 6391 1
5317 994 1
5317 10968 1
758 2339 1
758 11086 1
8988 33 1
8988 10021 1
3227 2272 1
3227 4941 1
3227 7159 1
3227 8755 1
3227 1664 1
5691 149 1
8160 7970 1
8160 5968 1
7350 54 1
7350 2702 1
6817 7346 1
6817 9359 1
3992 6312 1
3992 554 1
9753 7494 1
9788 7843 1
9788 3788 1
8142 7768 1
8142 5338 1
3234 2284 1
3234 5597 1
3234 8755 1
3234 1681 1
6526 5783 1
6526 4104 1
6526 2071 1
6526 6572 1
6526 3858 1
2880 2395 1
3698 8537 1
3698 5261 1
1229 4104 1
7992 3326 1
7992 10546 1
4700 9766 1
4700 9180 1
1130 9278 1
1130 3574 1
8537 9372 1
8537 3698 1
8537 8267 1
8537 8014 1
9457 6269 1
9457 11007 1
5534 4583 1
5534 10807 1
5395 11006 1
5395 9545 1
5395 3234 1
5395 1233 1
7031 2284 1
7031 7695 1
7031 3788 1
7031 1681 1
9485 9930 1
1483 4135 1
1483 2175 1
1483 6563 1
10882 11109 1
10882 5212 1
8413 6107 1
8413 271 1
8413 9876 1
4298 9011 1
208 6755 1
208 9206 1
4606 3840 1
2686 6220 1
2686 6576 1
2686 4842 1
9766 5942 1
9766 8959 1
713 9616 1
713 7213 1
713 4125 1
8943 382 1
8943 8575 1
8943 10494 1
5147 2064 1
2395 10266 1
2395 3364 1
2395 5395 1
8979 9034 1
8979 7694 1
8979 6825 1
8591 10931 1
8591 10887 1
8591 9799 1
8591 9180 1
7768 10726 1
7768 7379 1
7768 2788 1
7768 818 1
2448 4138 1
2448 9180 1
4917 7212 1
4917 2188 1
6563 9142 1
6563 7371 1
6563 3301 1
6563 1535 1
9015 5569 1
9015 4060 1
9015 2071 1
9015 9523 1
9015 3574 1
10661 9766 1
7379 2284 1
7379 7867 1
7379 3788 1
7379 1681 1
9025 10234 1
9025 5441 1
9025 8160 1
285 1187 1
4400 420 1
2691 8002 1
2691 5326 1
2691 10397 1
6372 11033 1
6372 9627 1
6372 8308 1
4814 7096 1
9313 10761 1
9313 4189 1
9313 5853 1
2508 9523 1
2508 2071 1
2508 4060 1
2508 10792 1
8269 2343 1
8269 9110 1
3346 6220 1
3346 4842 1
5881 2243 1
5881 6286 1
5881 3364 1
5881 1564 1
564 5726 1
2979 2243 1
2979 6097 1
2979 10287 1
2979 1564 1
6660 6656 1
6660 7050 1
6660 9804 1
6231 6320 1
6231 8093 1
5659 5317 1
5659 994 1
5659 5829 1
2970 7867 1
2970 10723 1
6262 2555 1
6262 5545 1
6262 4189 1
6262 4338 1
5597 2284 1
5597 6097 1
5597 7091 1
5597 3788 1
5597 1681 1
10116 10205 1
6001 9034 1
6001 453 1
6001 8979 1
6001 9654 1
3344 9141 1
3344 7843 1
3344 2461 1
3344 818 1
9070 8345 1
9070 6374 1
9070 3993 1
232 8153 1
232 3062 1
232 1958 1
232 4264 1
232 6712 1
4347 5545 1
10931 9782 1
10931 4091 1
11130 4387 1
11130 10105 1
7838 1274 1
7838 4416 1
7838 10860 1
7838 2776 1
5716 485 1
5716 4155 1
10654 3372 1
10654 6991 1
10654 6220 1
10654 2532 1
9008 10882 1
9008 6715 1
2243 5611 1
2243 6722 1
2243 6737 1
2243 1233 1
8009 5187 1
8009 108 1
8009 9288 1
1425 3768 1
1425 5449 1
1425 3203 1
1425 4169 1
5750 6118 1
5750 10466 1
5750 4130 1
9799 7048 1
9799 8591 1
9799 9180 1
9799 11164 1
7330 9277 1
7330 895 1
7330 8028 1
8153 10532 1
8153 7945 1
8153 3042 1
8153 1130 1
7355 10606 1
7355 857 1
7355 3730 1
7355 6792 1
5709 5398 1
5709 2362 1
5709 10723 1
4063 8400 1
4063 5838 1
4063 8138 1
4233 10913 1
4233 8990 1
3011 4149 1
3011 6936 1
3011 3344 1
2188 2932 1
2188 7427 1
6737 7530 1
6737 6391 1
6737 5053 1
6737 7031 1
5255 7253 1
10871 8490 1
10871 2339 1
9225 10008 1
9225 8413 1
9225 9995 1
8836 10205 1
8836 6386 1
5544 7320 1
5544 10519 1
3918 376 1
3918 7689 1
3918 4042 1
3918 9131 1
6387 5905 1
6387 2471 1
1449 11 1
1449 8309 1
1449 2136 1
6642 2880 1
6642 8871 1
6642 10792 1
7465 390 1
7465 1422 1
7465 2362 1
7702 5318 1
7702 4060 1
7702 9681 1
7702 8274 1
7702 3574 1
2794 15 1
5568 6352 1
5568 430 1
5568 9300 1
5568 1422 1
5568 1503 1
9658 9372 1
994 5659 1
994 7007 1
994 4485 1
994 2807 1
3866 10311 1
3866 4842 1
4689 9995 1
4689 9225 1
3145 271 1
9738 1547 1
9738 10887 1
9738 2603 1
10561 10997 1
3977 11187 1
3977 2970 1
3977 11130 1
10022 8603 1
10022 9165 1
10022 3386 1
10022 1233 1
1433 3280 1
1433 677 1
1433 8669 1
1433 1341 1
7159 10588 1
7159 9278 1
7159 2975 1
7159 982 1
8014 5296 1
8014 4067 1
8014 1365 1
8014 9180 1
8014 3698 1
2791 7494 1
2791 3611 1
2192 6139 1
2192 9605 1
2192 8100 1
2192 9400 1
2192 1233 1
4661 2284 1
4661 8153 1
4661 11132 1
4661 3788 1
4661 1681 1
401 10887 1
10948 8401 1
10948 7074 1
10948 3386 1
6040 5778 1
6040 9067 1
10145 3283 1
10145 1199 1
10145 2741 1
7676 8274 1
7676 3227 1
7676 1233 1
10968 5317 1
10968 994 1
10968 5659 1
10968 5829 1
10968 8957 1
5664 4387 1
5664 7390 1
5664 10607 1
8133 10723 1
8133 7768 1
8133 3473 1
8133 7321 1
8133 7074 1
1958 10292 1
1958 6572 1
1958 4060 1
1958 9523 1
8542 5212 1
8542 5792 1
8542 7660 1
8542 8406 1
3604 9591 1
3604 2970 1
3604 9387 1
7919 2754 1
3804 3989 1
3804 994 1
3804 5659 1
3804 6172 1
3804 5829 1
9565 8362 1
9565 5900 1
4627 8959 1
4627 662 1
4627 9468 1
5797 5823 1
5797 10751 1
5797 6614 1
5797 6598 1
3322 10397 1
5791 377 1
5791 2751 1
5791 5275 1
7437 2238 1
5367 899 1
5367 6861 1
5367 8833 1
9482 6843 1
9482 7494 1
9482 7641 1
6652 8635 1
68 3383 1
68 1132 1
