7940 10686 1
7940 8450 1
7940 9409 1
7940 9067 1
7940 475 1
9067 7940 1
9067 6170 1
9067 6040 1
9067 4925 1
9067 8450 1
10686 7940 1
10686 6898 1
10686 6017 1
10686 5068 1
10686 8224 1
475 8001 1
475 7940 1
475 9409 1
8450 10686 1
8450 2811 1
8450 6494 1
8450 5049 1
8450 6299 1
9409 8001 1
9409 7940 1
9409 5311 1
9409 1867 1
9409 11199 1
8001 4817 1
8001 4377 1
8001 3132 1
8001 1531 1
8001 7189 1
6299 4457 1
6299 3838 1
6299 2298 1
6299 1887 1
6299 5360 1
8224 3556 1
8224 8450 1
8224 10686 1
6017 8207 1
6017 5068 1
6017 3160 1
6017 10686 1
6017 7222 1
6040 10550 1
6040 9067 1
6040 5778 1
6040 5092 1
6040 7419 1
1867 9409 1
1867 9541 1
4925 2977 1
4925 6170 1
4925 9067 1
5049 4420 1
5049 9072 1
5049 8450 1
5068 5441 1
5068 3307 1
5068 5844 1
5068 271 1
5068 8402 1
6494 1917 1
6494 8450 1
6494 7725 1
11199 7924 1
11199 6978 1
11199 6813 1
11199 5311 1
11199 10008 1
6898 7203 1
6898 6196 1
6898 5726 1
6898 10550 1
6898 11177 1
5311 6580 1
5311 9409 1
5311 7680 1
5311 4331 1
5311 11199 1
6170 9035 1
6170 5419 1
6170 4925 1
6170 2977 1
6170 9158 1
2811 8450 1
2811 7189 1
7680 9598 1
7680 8478 1
7680 9759 1
7680 10077 1
7680 5311 1
11177 10138 1
11177 3162 1
11177 6605 1
11177 4734 1
11177 10634 1
7203 1362 1
7203 6008 1
7203 6898 1
7924 9090 1
7924 4249 1
7924 10416 1
7924 11199 1
7924 9743 1
2298 8450 1
2298 3658 1
2298 6161 1
2298 554 1
2298 7594 1
8402 2630 1
8402 2518 1
8402 2312 1
8402 1905 1
8402 7585 1
271 6364 1
271 1301 1
271 6757 1
271 2219 1
271 3852 1
5441 3877 1
5441 11093 1
5441 6244 1
5441 1746 1
5441 4834 1
9072 3197 1
9072 4830 1
9072 6787 1
9072 1934 1
9072 3356 1
8207 7306 1
8207 6816 1
8207 6017 1
8207 4753 1
8207 8320 1
6580 9012 1
6580 3992 1
6580 9534 1
6580 9985 1
6580 9019 1
9541 7102 1
9541 4435 1
9541 1867 1
9541 1648 1
9541 8118 1
5360 8246 1
5360 2138 1
5360 4853 1
5360 3494 1
5360 9796 1
4420 9072 1
4420 5049 1
4420 8450 1
10008 11199 1
10008 2953 1
10008 7280 1
10008 5321 1
10008 6900 1
5778 3549 1
5778 2953 1
5778 10550 1
5778 2205 1
5778 5385 1
3132 7621 1
3132 3394 1
3132 8001 1
3132 2796 1
3132 4817 1
5419 2977 1
5419 6170 1
5419 9035 1
3838 10355 1
3838 8066 1
3838 4818 1
3838 3187 1
3838 4457 1
7222 6017 1
7222 4249 1
7222 4222 1
7222 2745 1
7222 9365 1
3556 8224 1
1887 10889 1
1887 7376 1
1887 815 1
1887 412 1
1887 6299 1
4331 7650 1
4331 2107 1
4331 8930 1
4331 3632 1
4331 7647 1
4377 5397 1
4377 7636 1
4377 8001 1
4377 1663 1
4377 1531 1
9035 6170 1
9035 5419 1
9035 2977 1
9035 1281 1
9035 9158 1
3160 6017 1
3160 10857 1
3160 8207 1
6196 8705 1
6196 10782 1
6196 7120 1
6196 3372 1
6196 9235 1
4457 5288 1
4457 8552 1
4457 2530 1
4457 9833 1
4457 6836 1
5726 1768 1
5726 1492 1
5726 7627 1
5726 904 1
5726 3848 1
2977 5419 1
2977 6170 1
2977 5302 1
2977 9035 1
2977 4925 1
5092 11128 1
5092 3645 1
5092 2380 1
5092 982 1
5092 6076 1
5844 9 1
5844 3091 1
5844 5068 1
6978 1208 1
6978 11199 1
6978 10463 1
6978 4505 1
10550 10634 1
10550 7929 1
10550 6040 1
10550 564 1
10550 9793 1
1917 8450 1
1917 7725 1
1917 6494 1
3307 7106 1
3307 1720 1
3307 1432 1
3307 271 1
3307 11037 1
7725 1917 1
7725 6494 1
7725 8450 1
4817 6559 1
4817 9618 1
4817 7419 1
4817 3132 1
4817 7323 1
9158 9035 1
9158 6170 1
9158 3677 1
9158 519 1
9158 9007 1
7419 9449 1
7419 8007 1
7419 6040 1
7419 45 1
7419 7651 1
1531 5064 1
1531 7457 1
1531 10522 1
1531 1790 1
1531 5883 1
7189 3782 1
7189 3710 1
7189 7343 1
7189 1704 1
7189 8001 1
6813 4977 1
6813 1746 1
6813 9145 1
6813 442 1
6813 7692 1
7650 8714 1
7650 4413 1
7650 3780 1
7650 8553 1
7650 11065 1
10889 2772 1
10889 2091 1
10889 1887 1
10889 1751 1
10889 7376 1
1934 7589 1
1934 6838 1
1934 2506 1
1934 9198 1
1934 7098 1
7627 2518 1
7627 5726 1
7627 10772 1
9365 6017 1
9365 7222 1
3992 9012 1
3992 9559 1
3992 148 1
3992 6580 1
5385 6898 1
5385 5300 1
5385 4099 1
5385 3549 1
5385 5778 1
2745 6017 1
2745 7222 1
2745 7926 1
2745 1585 1
2745 10072 1
8118 11151 1
8118 7650 1
8118 7102 1
8118 11065 1
8118 9206 1
4818 7432 1
4818 7352 1
4818 5244 1
4818 10528 1
9793 2465 1
9793 10429 1
9793 9495 1
9793 720 1
2796 8660 1
2796 5654 1
2796 5974 1
2796 6229 1
2796 11093 1
7621 3132 1
7621 3394 1
2205 5778 1
3187 8066 1
3187 3838 1
3549 5385 1
3549 10550 1
3549 5778 1
3549 2312 1
3549 6898 1
564 5778 1
564 2973 1
564 1308 1
564 10550 1
564 10691 1
6900 4895 1
6900 3824 1
6900 10740 1
6900 8204 1
5321 3714 1
5321 3710 1
5321 3251 1
5321 6578 1
7280 9195 1
7280 4895 1
7280 3824 1
7280 10740 1
7280 10008 1
7636 4377 1
4222 10072 1
4222 1088 1
4222 7926 1
2630 8402 1
2630 7585 1
2630 2518 1
2630 2312 1
2630 1905 1
2107 9324 1
2107 9376 1
2107 4501 1
2107 840 1
2107 4331 1
3494 8687 1
3494 2119 1
3494 5387 1
3494 5573 1
10857 3160 1
10857 6017 1
10857 8207 1
8246 9925 1
8246 8858 1
8246 6293 1
8246 9104 1
10634 4344 1
10634 3005 1
10634 11177 1
10634 934 1
10634 9743 1
1281 2804 1
1281 7699 1
1281 6327 1
1281 9385 1
1281 1718 1
9743 7924 1
9743 6342 1
9743 4980 1
9743 10685 1
9743 10550 1
6161 8744 1
6161 442 1
2380 6519 1
2380 5092 1
2380 4388 1
2380 5822 1
2380 9787 1
6559 10434 1
6559 9618 1
6559 4817 1
6559 10269 1
3394 6344 1
3394 7176 1
3394 5558 1
3394 10589 1
3394 6387 1
9796 6063 1
9796 1904 1
9796 3720 1
9796 6971 1
45 7419 1
45 1625 1
45 5606 1
45 10708 1
1648 8118 1
1648 5767 1
1648 9541 1
1648 7139 1
1648 7102 1
412 8748 1
412 1764 1
412 3615 1
412 1363 1
1208 4199 1
1208 2243 1
1208 11129 1
1208 10546 1
1208 1657 1
3658 554 1
3658 5807 1
3658 7784 1
3658 2298 1
4435 7139 1
4435 10091 1
4435 1648 1
4435 7102 1
9012 6580 1
9012 3992 1
9012 3041 1
9012 10181 1
7102 8203 1
7102 4840 1
7102 3352 1
7102 10091 1
7102 9491 1
9019 2530 1
9019 1262 1
9019 9281 1
9019 907 1
9019 6577 1
8066 3187 1
8066 3108 1
8066 9797 1
8066 871 1
8066 6303 1
6076 10418 1
6076 5027 1
6076 9876 1
6076 7904 1
3091 6626 1
3091 6017 1
3091 591 1
3091 271 1
3091 5068 1
8320 8207 1
8320 5321 1
8320 3714 1
8320 45 1
8007 2672 1
8007 8760 1
8007 646 1
8007 9379 1
6244 10009 1
6244 5260 1
6244 4487 1
6244 10028 1
9833 377 1
9833 4457 1
9833 982 1
9833 382 1
4834 3246 1
4834 2380 1
4834 807 1
7647 2772 1
2312 2630 1
2312 2646 1
2312 5778 1
1746 5243 1
1746 6813 1
1746 2651 1
9985 9019 1
9985 6580 1
9985 6577 1
9985 907 1
904 5726 1
904 7320 1
7306 5064 1
7306 8572 1
7306 8207 1
2530 4457 1
2530 7705 1
2530 7823 1
5397 5717 1
5397 4377 1
5397 3782 1
7120 6224 1
7120 2388 1
8478 2609 1
8478 192 1
815 2091 1
815 10889 1
815 5848 1
815 1887 1
9235 7288 1
9235 6642 1
9235 982 1
8552 4457 1
8552 3838 1
8552 4818 1
8930 4501 1
10522 1531 1
10522 2796 1
3848 1492 1
3848 9180 1
11128 2380 1
11128 10969 1
11128 5092 1
3645 5092 1
3645 4608 1
3645 6076 1
4753 8207 1
1768 2518 1
1768 10772 1
1768 1492 1
10463 6978 1
9 5815 1
9 4788 1
6008 10846 1
6008 1362 1
6605 3790 1
6605 904 1
6605 11177 1
7106 3443 1
7106 3307 1
1432 3307 1
1432 7924 1
1432 1732 1
1432 10743 1
1720 3307 1
1720 7106 1
3710 3714 1
3710 2563 1
3710 5321 1
5302 2977 1
7323 4817 1
519 970 1
519 9158 1
519 10142 1
519 8378 1
9618 10434 1
9618 6559 1
9618 4817 1
9618 10550 1
10782 6196 1
10782 7914 1
9007 2957 1
9007 5442 1
9007 4482 1
9007 9147 1
5064 11132 1
7651 3415 1
7651 7419 1
7457 10886 1
2219 6757 1
2219 6767 1
1492 3848 1
1492 4995 1
1492 6898 1
10416 4571 1
10416 8695 1
10416 2933 1
10416 7340 1
1790 906 1
1790 1531 1
5883 1531 1
1704 7189 1
1704 6571 1
1704 7112 1
3677 9158 1
3677 3237 1
3677 970 1
3677 519 1
7343 9120 1
7343 7189 1
7343 3415 1
7343 2803 1
982 678 1
4977 1774 1
4977 1746 1
442 9347 1
442 7686 1
4853 8246 1
4853 7831 1
2953 10556 1
2953 3420 1
2953 5778 1
2953 10740 1
3632 3598 1
3632 4331 1
6816 8207 1
7692 6519 1
7692 6813 1
2518 6626 1
2518 7075 1
2518 2263 1
2518 7627 1
1301 2540 1
1301 4178 1
1301 11055 1
9449 8296 1
3877 10022 1
3877 10265 1
3877 369 1
3877 4388 1
6787 7147 1
6787 9387 1
6787 3730 1
6787 11039 1
6787 7922 1
1663 2234 1
1663 6324 1
1663 7843 1
1663 4377 1
3852 271 1
3852 9558 1
3852 8455 1
9090 9918 1
9090 7924 1
9090 7101 1
9090 514 1
9090 10298 1
554 4427 1
554 8939 1
554 9784 1
554 7784 1
554 6312 1
11037 3415 1
11037 3307 1
11037 7224 1
11037 558 1
7594 2298 1
7594 6299 1
7594 7643 1
9534 5368 1
9534 1954 1
9534 1044 1
9534 9650 1
4734 11177 1
4734 4347 1
4734 2601 1
4734 1671 1
4734 10235 1
6836 2975 1
6836 8239 1
6836 6525 1
6836 8998 1
4249 9857 1
4249 4760 1
4249 2771 1
4249 904 1
4249 5435 1
1905 2312 1
1905 8402 1
1905 2630 1
5288 9667 1
5288 3213 1
5288 5687 1
5288 8104 1
3372 10938 1
3372 2686 1
3372 6576 1
3372 6552 1
10138 11177 1
10355 4831 1
10355 4230 1
10355 268 1
10355 6874 1
4830 9427 1
4830 2736 1
4830 5016 1
4830 9147 1
6757 7006 1
6757 5110 1
6757 6401 1
9145 6813 1
3162 11177 1
3162 5088 1
3162 10969 1
3162 1934 1
3162 6481 1
3356 8229 1
3356 4868 1
3356 4573 1
3356 2259 1
3356 8354 1
9598 9759 1
9598 10077 1
9598 7680 1
9598 3779 1
9598 1620 1
9759 7680 1
9759 9598 1
9759 10077 1
6364 10425 1
6364 8157 1
6364 2540 1
6364 5866 1
3782 8944 1
3782 1387 1
3782 318 1
3782 11024 1
7585 2312 1
7585 2630 1
7585 8402 1
7929 5198 1
7929 4854 1
7929 3316 1
7929 7924 1
1362 6008 1
1362 6898 1
1362 7203 1
3197 3409 1
3197 2511 1
3197 5163 1
3197 4629 1
7376 2772 1
7376 2091 1
7376 1887 1
7376 1751 1
7376 10889 1
8705 9347 1
8705 2601 1
8705 4033 1
2138 10372 1
2138 10813 1
2138 7831 1
2138 3564 1
11093 8100 1
11093 2255 1
11093 4480 1
11093 3617 1
11093 9136 1
4505 6978 1
10077 8183 1
10077 6955 1
10077 5962 1
10077 10331 1
10077 9759 1
