3749 8340 1
3749 1220 1
3749 7387 1
8340 3749 1
8340 9552 1
8340 3983 1
8340 349 1
8340 8718 1
1220 8340 1
1220 10283 1
1220 3749 1
1220 349 1
1220 1424 1
7387 3577 1
7387 5851 1
7387 3749 1
7387 349 1
7387 8530 1
5851 8609 1
5851 6468 1
5851 7387 1
5851 1447 1
5851 7543 1
3577 1376 1
3577 7387 1
3577 1424 1
3577 666 1
8718 3946 1
8718 8340 1
8718 3983 1
8718 9897 1
8718 10738 1
10283 1942 1
10283 5159 1
10283 2625 1
10283 340 1
10283 8517 1
1424 3873 1
1424 5037 1
1424 2279 1
1424 3577 1
1424 7387 1
8530 1839 1
8530 2758 1
8530 1860 1
8530 4340 1
8530 5907 1
9552 8340 1
9552 349 1
3983 8718 1
3983 7429 1
3983 8524 1
3983 349 1
3983 8340 1
349 3983 1
349 8340 1
349 8336 1
349 1947 1
349 10712 1
2279 1384 1
2279 2021 1
2279 1424 1
2279 9419 1
2279 4331 1
7543 4407 1
7543 6489 1
7543 5159 1
7543 8988 1
7543 7740 1
5037 3367 1
5037 6051 1
5037 4305 1
5037 704 1
5037 9227 1
8609 2834 1
8609 3659 1
8609 2837 1
8609 5828 1
8609 6396 1
666 5017 1
666 5994 1
666 5450 1
666 1376 1
666 3577 1
1839 5816 1
1839 10140 1
1839 8530 1
1839 2992 1
1447 8609 1
1447 6396 1
1447 9543 1
1447 6468 1
1447 5851 1
4340 3835 1
4340 10510 1
4340 8530 1
4340 2992 1
2758 8530 1
2758 10350 1
2758 8643 1
2758 152 1
5907 4840 1
5907 9010 1
5907 10272 1
5907 850 1
5907 1455 1
1376 1424 1
1376 666 1
1376 3577 1
1947 7931 1
1947 3024 1
1947 6223 1
1947 349 1
1947 1727 1
7429 3094 1
7429 4088 1
7429 3303 1
7429 6012 1
7429 7640 1
8524 3983 1
8524 7429 1
8524 4119 1
8524 10554 1
8524 10306 1
8336 3870 1
8336 5946 1
8336 4521 1
8336 7464 1
8336 10882 1
1942 2756 1
1942 5361 1
1942 8744 1
1942 60 1
1942 3542 1
10712 349 1
10712 62 1
10712 9143 1
3946 8718 1
3946 6451 1
10738 8718 1
10738 4444 1
10738 9627 1
10738 2126 1
10738 2923 1
1860 10024 1
1860 2126 1
1860 8074 1
1860 4444 1
1860 9627 1
9897 2174 1
9897 6793 1
9897 2698 1
9897 10913 1
9897 10398 1
5159 10283 1
5159 7387 1
5159 5343 1
5159 1366 1
5159 6589 1
8517 10283 1
8517 1573 1
6468 2837 1
6468 3831 1
6468 3342 1
6468 9445 1
6468 9158 1
2625 7068 1
2625 9678 1
2625 4523 1
2625 6360 1
2625 3513 1
340 10883 1
340 1573 1
340 2773 1
340 9516 1
340 5815 1
3873 4444 1
3873 1424 1
9678 2625 1
9445 8720 1
9445 8310 1
9445 8609 1
9445 3491 1
9445 6468 1
3342 1190 1
3342 1934 1
3342 1363 1
3342 2954 1
3342 4842 1
3831 2837 1
3831 6468 1
3831 3491 1
3831 217 1
3831 9007 1
6589 5159 1
6589 9645 1
6589 5343 1
6589 668 1
6589 10333 1
6793 4404 1
6793 10913 1
6793 4572 1
6793 1675 1
6793 9897 1
8074 1876 1
8074 7186 1
8074 3029 1
8074 512 1
8074 9669 1
10024 2603 1
10024 6965 1
10024 2756 1
10024 9719 1
10024 7907 1
2923 9414 1
2923 9612 1
2923 5862 1
2923 6679 1
2923 4120 1
10398 3800 1
10398 8443 1
10398 3992 1
10398 9897 1
10398 10913 1
10883 8234 1
10883 7186 1
10883 10150 1
10883 340 1
10883 7145 1
2126 5276 1
2126 4294 1
2126 2603 1
2126 1860 1
2126 7699 1
2698 10693 1
2698 8718 1
2698 5095 1
2698 5790 1
2698 9486 1
4444 2603 1
4444 4294 1
4444 3861 1
4444 10738 1
4444 7542 1
10913 619 1
10913 1269 1
10913 767 1
10913 1912 1
10913 9741 1
6451 2185 1
6451 11200 1
6451 8718 1
6451 41 1
6451 3946 1
62 8333 1
62 3603 1
62 2830 1
62 2091 1
62 2238 1
1455 1798 1
1455 10871 1
1455 7169 1
1455 3808 1
1455 7102 1
3542 7650 1
3542 4596 1
3542 1110 1
3542 1812 1
3542 4737 1
60 9389 1
60 7257 1
60 7613 1
60 6370 1
60 9116 1
9158 1293 1
9158 3237 1
9158 1394 1
9158 6170 1
9158 9007 1
2174 9897 1
2174 10913 1
2756 1213 1
2756 1942 1
2756 1686 1
2756 8737 1
2756 7759 1
4521 5779 1
4521 6364 1
4521 771 1
4521 1119 1
4521 10023 1
5946 1348 1
5946 2214 1
5946 1559 1
5946 2601 1
5946 10585 1
4119 7052 1
4119 6391 1
4119 319 1
4119 899 1
4119 4472 1
6012 3870 1
6012 5946 1
6012 4521 1
6012 7640 1
6012 10942 1
3303 6580 1
3303 11192 1
3303 7119 1
3303 426 1
3303 7833 1
8744 1350 1
8744 1686 1
8744 1419 1
8744 6161 1
8744 8584 1
4088 6838 1
4088 9302 1
4088 4473 1
4088 768 1
4088 2730 1
2992 8530 1
2992 6557 1
2992 4693 1
2992 44 1
2992 2324 1
10554 9378 1
10554 8524 1
1727 1096 1
1727 5505 1
1727 1326 1
1727 9104 1
1727 4840 1
6223 8572 1
6223 938 1
6223 719 1
6223 1769 1
6223 9503 1
7464 3870 1
7464 5946 1
7464 4521 1
7464 10882 1
7464 10585 1
5815 667 1
5815 1418 1
5815 856 1
5815 3062 1
5815 11007 1
2773 6685 1
2773 8774 1
2773 8637 1
2773 340 1
2773 7939 1
2021 1384 1
2021 3591 1
2021 1686 1
2021 5982 1
2021 2107 1
5816 10140 1
5816 6585 1
5816 9770 1
5816 1839 1
5816 9107 1
9227 5178 1
9227 5023 1
9227 6051 1
9227 704 1
9227 4305 1
4523 3687 1
4523 10535 1
4523 4071 1
4523 785 1
4523 7630 1
8988 1303 1
8988 3028 1
8988 1390 1
8988 4704 1
8988 7543 1
6360 3854 1
6360 2799 1
6360 9392 1
6360 1052 1
6360 2625 1
152 3718 1
152 1675 1
152 1351 1
152 11187 1
152 825 1
3024 6798 1
3024 9491 1
3024 7577 1
3024 349 1
3024 1947 1
5343 5159 1
5343 8062 1
5343 6623 1
5343 640 1
5343 1366 1
5828 1468 1
5828 7329 1
5828 8609 1
5828 1054 1
5828 5303 1
1366 6589 1
1366 5343 1
1366 5159 1
3870 5954 1
3870 8336 1
3870 7429 1
3870 7464 1
3870 6297 1
10272 8398 1
10272 5907 1
10272 8530 1
6489 7754 1
6489 8576 1
6489 707 1
6489 2301 1
6489 5831 1
4840 730 1
4840 1066 1
4840 887 1
4840 3275 1
4840 4601 1
3094 1449 1
3094 2603 1
3094 1453 1
3094 8074 1
3094 6297 1
9010 2375 1
9010 5907 1
9010 10171 1
9010 850 1
9010 2670 1
9419 1686 1
9419 3542 1
9419 2021 1
9419 5982 1
9419 8930 1
9516 5226 1
9516 340 1
8643 8530 1
8643 2758 1
8643 10910 1
10350 1412 1
10350 3317 1
10350 2510 1
10350 5574 1
10350 9100 1
10510 4340 1
10510 3835 1
7068 4634 1
7068 7502 1
7068 5722 1
7068 1769 1
7068 7957 1
6396 8609 1
6396 3406 1
6396 6468 1
6396 1447 1
6396 3342 1
7931 5506 1
7931 1947 1
7640 1035 1
7640 1668 1
7640 1348 1
7640 2589 1
7640 8919 1
850 3079 1
850 1812 1
850 3598 1
850 5982 1
850 2531 1
4331 4596 1
4331 1350 1
4331 1110 1
4331 2107 1
4331 7650 1
5994 1012 1
5994 2923 1
5994 1251 1
5994 4170 1
5994 6913 1
7740 4198 1
7740 5210 1
7740 4407 1
7740 7192 1
7740 9371 1
4407 1229 1
4407 2756 1
4407 1567 1
4407 5539 1
4407 4752 1
704 2145 1
704 5037 1
704 3292 1
704 1079 1
704 6553 1
9143 349 1
9143 10712 1
9143 4605 1
9143 62 1
4305 9669 1
4305 5037 1
4305 10305 1
4305 704 1
4305 3292 1
6051 5037 1
6051 10305 1
6051 5178 1
6051 704 1
6051 3292 1
9543 6468 1
9543 9158 1
9543 6583 1
9543 1447 1
9543 4098 1
5361 5635 1
5361 7759 1
5361 6263 1
5361 1775 1
5361 3406 1
1384 4416 1
1384 9419 1
1384 9376 1
1384 4331 1
1384 8864 1
3367 11126 1
3367 5037 1
3367 9669 1
3367 923 1
3367 1419 1
10882 9025 1
10882 10234 1
10882 281 1
10882 11129 1
10882 11114 1
5450 1424 1
5450 666 1
5017 5531 1
5017 666 1
3659 3692 1
3659 7816 1
3659 414 1
3659 1281 1
3659 4871 1
1573 7145 1
1573 10883 1
1573 10283 1
1573 340 1
1573 7186 1
3513 3687 1
3513 6929 1
3513 9921 1
3513 2625 1
3513 4726 1
2834 8609 1
2834 6468 1
2834 6396 1
9627 2126 1
9627 4134 1
9627 2603 1
9627 8260 1
9627 10738 1
2837 4704 1
2837 6468 1
2837 8609 1
2837 217 1
2837 9158 1
10306 1258 1
10306 2028 1
10306 1549 1
10306 3789 1
10306 5764 1
10140 1839 1
10140 3354 1
10140 2075 1
10140 6755 1
10140 8008 1
3835 10510 1
3835 4340 1
9491 933 1
9491 2003 1
9491 1389 1
9491 4887 1
9491 6284 1
6798 3024 1
825 1137 1
825 10350 1
825 2736 1
825 152 1
9414 5009 1
9414 7953 1
9414 7344 1
9414 536 1
9414 8714 1
1351 3398 1
1351 10059 1
1351 6087 1
1351 8869 1
1351 9706 1
1052 3854 1
1052 3180 1
1052 5325 1
1052 9392 1
1052 6360 1
9392 6360 1
9392 3854 1
9392 7412 1
9392 1052 1
9392 3180 1
4704 3406 1
4704 4395 1
4704 3689 1
4704 8988 1
4704 10749 1
9612 10212 1
9612 7439 1
9612 10830 1
9612 2052 1
9612 5994 1
640 10333 1
640 2387 1
640 5343 1
11187 887 1
11187 1153 1
11187 896 1
11187 2339 1
11187 7524 1
3028 4159 1
3028 2653 1
3028 8988 1
3028 33 1
3028 1773 1
1303 10021 1
1303 1876 1
1303 1773 1
1303 2653 1
1303 2047 1
7630 4068 1
7630 5325 1
7630 4523 1
7630 7858 1
7630 10548 1
785 4523 1
785 2625 1
785 3687 1
2830 6953 1
2830 4368 1
2830 6734 1
2830 62 1
2830 2430 1
7329 2002 1
7329 4145 1
7329 2442 1
7329 5828 1
7329 10910 1
10535 2580 1
10535 8394 1
10535 9920 1
10535 1778 1
10535 4523 1
719 3073 1
719 5388 1
719 3977 1
719 3482 1
719 8572 1
3687 3513 1
3687 4523 1
3687 9479 1
3687 785 1
3687 10520 1
7577 1727 1
7577 9491 1
7577 3024 1
7577 349 1
5178 6051 1
5178 5023 1
5178 9669 1
5178 704 1
5178 4305 1
9107 6923 1
9107 10140 1
9107 7064 1
9107 214 1
9107 3354 1
3591 1686 1
3591 3542 1
3591 2021 1
3591 9376 1
3591 9324 1
319 4238 1
319 10723 1
319 232 1
319 7530 1
319 3951 1
11200 6451 1
11200 41 1
11200 8718 1
7939 9491 1
7939 6971 1
7939 8829 1
7939 725 1
7939 3760 1
6685 3416 1
6685 5664 1
6685 4455 1
6685 6902 1
6685 8143 1
11007 856 1
11007 1418 1
11007 1152 1
11007 3528 1
11007 10031 1
9371 4514 1
9371 6493 1
9371 5106 1
9371 1213 1
9371 7683 1
3062 3397 1
3062 3957 1
3062 180 1
3062 4576 1
3062 5604 1
667 6821 1
667 4027 1
667 2058 1
667 2078 1
667 8827 1
3718 10350 1
3718 2510 1
3718 8503 1
3718 152 1
3718 1955 1
1066 5573 1
1066 4840 1
1066 890 1
1066 7453 1
1066 2671 1
9503 10969 1
9503 4296 1
9503 6223 1
9503 731 1
9503 4162 1
1769 9449 1
1769 8708 1
1769 4634 1
1769 612 1
1769 7701 1
938 6223 1
938 4757 1
8572 887 1
8572 1643 1
8572 896 1
8572 2798 1
8572 7370 1
7754 9796 1
7754 10129 1
7754 584 1
7754 1965 1
7754 5326 1
2028 10306 1
2028 5812 1
2028 2145 1
2028 14 1
2028 3289 1
8930 1686 1
8930 2279 1
8930 2021 1
8930 4501 1
8930 7647 1
9104 1326 1
9104 1986 1
9104 1368 1
9104 2867 1
9104 3748 1
4605 2648 1
4605 3603 1
4605 2657 1
4605 9143 1
4605 7520 1
1326 1986 1
1326 5387 1
1326 8197 1
1326 6293 1
1326 1818 1
7052 3678 1
7052 4468 1
7052 4082 1
7052 9922 1
7052 10547 1
5505 6752 1
5505 8911 1
5505 6057 1
5505 1083 1
5505 9491 1
2324 5700 1
2324 5329 1
2324 8529 1
2324 6557 1
2324 6782 1
4693 1772 1
4693 2542 1
4693 1865 1
4693 10999 1
4693 5700 1
1012 2052 1
1012 7439 1
1012 5994 1
1012 219 1
1012 2923 1
1775 1351 1
1775 6725 1
1775 1542 1
1775 3098 1
1775 6951 1
768 2730 1
768 4088 1
768 9302 1
4473 771 1
4473 1034 1
4473 832 1
4473 3551 1
4473 4088 1
9302 4088 1
9302 768 1
7257 2772 1
7257 5393 1
7257 3598 1
7257 9371 1
7257 8536 1
3992 643 1
3992 1630 1
3992 814 1
3992 9559 1
3992 6580 1
1350 1110 1
1350 3079 1
1350 1236 1
1350 4501 1
1350 8744 1
6838 7893 1
6838 1934 1
6838 1422 1
6838 3092 1
6838 10816 1
7833 4392 1
7833 3303 1
7833 11136 1
2107 1686 1
2107 9419 1
2107 2021 1
2107 9376 1
2107 4331 1
426 6757 1
426 10864 1
426 3303 1
426 10077 1
426 1223 1
5023 2530 1
5023 4968 1
5023 2725 1
5023 6923 1
5023 10905 1
3800 1700 1
3800 3150 1
3800 1993 1
3800 10248 1
3800 10907 1
5790 5095 1
5790 6651 1
5790 9767 1
5790 2698 1
8576 4159 1
8576 5184 1
8576 4381 1
8576 7786 1
8576 10496 1
4596 1302 1
4596 2346 1
4596 1444 1
4596 3007 1
4596 5222 1
9770 5816 1
9770 9107 1
9770 6923 1
9770 3354 1
767 10604 1
767 2027 1
767 1664 1
767 2058 1
767 5966 1
3354 5816 1
3354 9107 1
3354 10140 1
3354 6923 1
3354 9770 1
8333 2657 1
8333 5308 1
8333 3603 1
8333 7824 1
8333 9294 1
771 8267 1
771 1034 1
771 4676 1
771 4067 1
771 7322 1
1567 4407 1
1567 7209 1
1567 8121 1
1567 7840 1
1567 9314 1
4472 1733 1
4472 2801 1
4472 1965 1
4472 3750 1
4472 4119 1
6263 5361 1
1686 1350 1
1686 3542 1
1686 1384 1
1686 9889 1
1686 3591 1
6557 5329 1
6557 2992 1
6557 10902 1
6557 44 1
6557 2681 1
1812 1350 1
1812 2242 1
1812 1384 1
1812 3542 1
1812 11183 1
3603 9294 1
3603 6281 1
3603 4605 1
3603 62 1
3603 6005 1
2091 1240 1
2091 9291 1
2091 1677 1
2091 8267 1
2091 7638 1
1096 6023 1
1096 5080 1
1096 6536 1
1096 1818 1
1096 3111 1
2238 4892 1
2238 3914 1
2238 232 1
2238 7520 1
2238 7527 1
8008 6755 1
8008 5143 1
8008 8471 1
8008 208 1
8008 1545 1
10871 7174 1
10871 4852 1
10871 7430 1
10871 1455 1
10871 2339 1
8737 6489 1
8737 3652 1
8737 7759 1
8737 140 1
8737 2790 1
1798 10871 1
1798 4852 1
1798 8490 1
1798 1455 1
1798 7169 1
6297 3870 1
6297 5946 1
6297 4521 1
6297 8919 1
6297 7464 1
8584 2446 1
8584 4058 1
8584 2541 1
8584 812 1
8584 7150 1
3808 1967 1
3808 1455 1
3808 4852 1
1110 9669 1
1110 2446 1
1110 1350 1
1110 3542 1
1110 8880 1
4294 9627 1
4294 2126 1
4294 4444 1
1293 9158 1
1293 8083 1
1293 4121 1
1293 217 1
1293 11171 1
7699 3227 1
7699 5925 1
7699 3391 1
7699 10804 1
7699 9238 1
11192 5179 1
11192 3303 1
11192 6858 1
2603 5825 1
2603 7213 1
2603 8260 1
2603 3166 1
2603 10024 1
7102 1455 1
7102 2877 1
7102 1494 1
7102 4840 1
7102 5907 1
1394 4376 1
1394 3075 1
1394 8666 1
1394 247 1
1394 3890 1
6170 9158 1
6170 5419 1
6170 9067 1
6170 1224 1
6170 4925 1
9741 2378 1
9741 10913 1
9741 6100 1
9741 228 1
10150 5023 1
10150 7821 1
10150 10883 1
10150 340 1
10150 7145 1
1468 8609 1
1468 7329 1
1468 5303 1
1468 1054 1
1468 5828 1
1269 1287 1
1269 9991 1
1269 2377 1
1269 10913 1
1269 3953 1
7650 1686 1
7650 3598 1
7650 1876 1
7650 4413 1
7650 9414 1
1054 8363 1
1054 5303 1
1054 4173 1
1054 8609 1
1054 5658 1
3275 1064 1
3275 2119 1
3275 1066 1
3275 10499 1
3275 7824 1
887 5324 1
887 10757 1
887 1153 1
887 4239 1
887 5452 1
4071 10545 1
4071 4523 1
4071 9353 1
4071 3144 1
4071 10520 1
1449 9797 1
1449 4690 1
1449 8552 1
1449 10751 1
1449 3094 1
5539 1418 1
5539 4407 1
5539 1479 1
5539 9092 1
5539 8226 1
1559 7938 1
1559 4112 1
1559 1668 1
1559 4768 1
1559 8156 1
9116 4131 1
9116 60 1
9116 8115 1
1453 544 1
1453 8260 1
1453 592 1
1453 6096 1
1453 3094 1
9921 10384 1
9921 6984 1
9921 10910 1
9921 3513 1
9921 6929 1
923 7947 1
923 6096 1
923 5452 1
923 2845 1
923 1703 1
5831 7814 1
5831 7746 1
5831 584 1
5831 1965 1
5831 7427 1
2375 5907 1
2375 850 1
2375 9010 1
8919 1566 1
8919 3094 1
8919 1634 1
8919 5437 1
8919 5946 1
6929 3513 1
6929 11201 1
6929 3687 1
6929 11124 1
6929 8607 1
8720 9445 1
10171 1925 1
10171 3608 1
10171 9010 1
10171 917 1
10171 2670 1
619 9991 1
619 9937 1
619 2377 1
619 3621 1
619 1269 1
7186 1659 1
7186 2776 1
7186 1860 1
7186 8004 1
7186 10024 1
730 11170 1
730 7582 1
730 482 1
730 8716 1
730 4349 1
6623 6507 1
6623 5343 1
6623 10333 1
9486 1562 1
9486 8787 1
9486 2698 1
9486 10446 1
9486 11001 1
5506 7931 1
5506 1947 1
1668 11137 1
1668 4112 1
1668 7938 1
1668 4768 1
1668 8156 1
9100 8282 1
9100 9264 1
9100 972 1
9100 2162 1
9100 6391 1
4601 4840 1
4601 7136 1
4601 4618 1
4601 2015 1
4601 2509 1
2510 9640 1
2510 9100 1
2510 3718 1
2510 606 1
2510 10350 1
5574 5527 1
5574 6061 1
5574 258 1
5574 7506 1
5574 10588 1
6370 3481 1
6370 9389 1
6370 7613 1
6370 60 1
6370 7625 1
7957 5533 1
7957 7068 1
7957 8628 1
7957 1133 1
7957 6243 1
10942 1348 1
10942 2214 1
10942 1559 1
10942 2601 1
10942 9758 1
1390 6489 1
1390 8988 1
1390 10021 1
1390 7192 1
1390 10570 1
7169 4253 1
7169 8419 1
7169 5722 1
7169 11007 1
7169 9228 1
3079 1812 1
3079 3651 1
3079 2279 1
3079 8571 1
3079 9447 1
2670 10171 1
2670 9010 1
10585 3870 1
10585 5830 1
10585 4521 1
10585 7192 1
10585 7998 1
5226 1864 1
5226 2530 1
5226 1898 1
5226 4635 1
5226 5999 1
5635 3337 1
5635 5361 1
5635 8569 1
5635 2640 1
5635 4326 1
4416 1350 1
4416 1812 1
4416 1384 1
4416 2756 1
4416 3591 1
3598 1213 1
3598 1686 1
3598 1236 1
3598 2279 1
3598 6378 1
414 7098 1
414 3017 1
414 209 1
414 6595 1
414 6926 1
1675 10435 1
1675 7479 1
1675 8260 1
1675 5027 1
1675 4971 1
6583 2736 1
6583 8576 1
6583 4238 1
6583 371 1
6583 9543 1
2531 4402 1
2531 850 1
1549 10306 1
1549 2055 1
1549 6212 1
1549 10834 1
1549 3292 1
7192 1190 1
7192 1566 1
7192 1348 1
7192 2562 1
7192 9758 1
1213 1686 1
1213 5839 1
1213 9889 1
1213 8536 1
1213 3818 1
5303 3494 1
5303 9544 1
5303 8609 1
5303 73 1
5303 1054 1
8310 9445 1
1229 7253 1
1229 3317 1
1229 296 1
1229 976 1
1229 4128 1
5722 3394 1
5722 5437 1
5722 4033 1
5722 10291 1
5722 6533 1
8260 3719 1
8260 5763 1
8260 4427 1
8260 512 1
8260 6372 1
10305 1549 1
10305 2145 1
10305 1956 1
10305 4305 1
10305 5037 1
4170 5994 1
4170 5012 1
4170 9946 1
4170 41 1
4170 10241 1
4752 4407 1
4752 3333 1
4752 10742 1
4752 39 1
4752 1244 1
3406 3342 1
3406 6468 1
3406 10496 1
3406 4433 1
3406 7260 1
9376 1350 1
9376 2015 1
9376 1384 1
9376 3542 1
9376 4331 1
2145 933 1
2145 1096 1
2145 989 1
2145 2023 1
2145 3292 1
1079 2677 1
1079 1538 1
1079 6553 1
1079 604 1
1079 7777 1
4098 7253 1
4098 4709 1
4098 587 1
4098 1360 1
4098 8998 1
5954 3870 1
5954 5946 1
5954 4521 1
5954 10585 1
5954 7464 1
8864 1812 1
8864 3542 1
8864 2279 1
8864 6205 1
8864 9447 1
3292 1818 1
3292 2145 1
3292 1956 1
3292 8513 1
3292 6733 1
3491 6209 1
3491 8609 1
3491 11171 1
3491 11064 1
3491 10813 1
11126 3618 1
11126 3367 1
9025 1661 1
9025 2851 1
9025 1755 1
9025 5230 1
9025 6076 1
1251 3298 1
1251 5994 1
1251 10830 1
281 5442 1
281 1681 1
281 224 1
281 2979 1
281 4480 1
11129 7878 1
11129 10020 1
11129 218 1
11129 982 1
11129 7265 1
5531 5017 1
5531 666 1
3692 7281 1
3692 1088 1
3692 853 1
3692 2083 1
3692 10685 1
1934 4081 1
1934 8345 1
1934 1019 1
1934 1845 1
1934 2782 1
707 4044 1
707 3049 1
707 584 1
707 2860 1
707 2198 1
6913 5994 1
6913 2587 1
6913 7230 1
6913 219 1
6913 2196 1
4726 4071 1
4726 6929 1
4726 4523 1
4726 2092 1
4726 8056 1
1258 2145 1
1258 8942 1
1258 10729 1
1258 14 1
1258 8921 1
3317 4298 1
3317 8188 1
3317 75 1
3317 7733 1
3317 4087 1
7816 830 1
7816 1229 1
7816 853 1
7816 2466 1
7816 9072 1
8398 1202 1
8398 1600 1
8398 1309 1
8398 3854 1
8398 5143 1
11114 2851 1
11114 4388 1
11114 2859 1
11114 6196 1
11114 6432 1
6755 6421 1
6755 7914 1
6755 10757 1
6755 7543 1
6755 10140 1
9389 3481 1
9389 7613 1
9389 7625 1
9389 60 1
9389 6370 1
5210 2339 1
5210 3296 1
5210 2506 1
5210 6176 1
5210 10417 1
3237 5241 1
3237 976 1
3237 830 1
3237 2083 1
3237 5191 1
5276 4014 1
5276 2140 1
5276 7942 1
5276 1444 1
5276 2126 1
8062 2991 1
8062 5343 1
8062 4656 1
8062 128 1
8062 10493 1
8637 5740 1
8637 8829 1
8637 6971 1
8637 725 1
8637 2773 1
6965 4125 1
6965 9719 1
6965 10024 1
6965 2603 1
4404 3712 1
4404 7048 1
4404 6432 1
4404 4639 1
4404 9460 1
7145 7821 1
7145 10883 1
7145 10653 1
7145 340 1
7145 7186 1
1419 8744 1
1419 2002 1
1419 3723 1
1419 424 1
1419 4537 1
8234 10883 1
8234 340 1
1281 3659 1
1281 6777 1
1281 10308 1
1281 7699 1
1281 10970 1
668 6589 1
668 11010 1
668 4837 1
6161 2298 1
6161 4195 1
6161 3250 1
6161 8744 1
6161 7195 1
8443 6432 1
8443 4023 1
8443 8380 1
8443 627 1
8443 2463 1
1876 2756 1
1876 9099 1
1876 9669 1
1876 4819 1
1876 9180 1
4842 7274 1
4842 6552 1
4842 1082 1
4842 2226 1
4842 10031 1
7613 3481 1
7613 9389 1
7613 7625 1
7613 60 1
7613 6370 1
4198 2736 1
4198 3660 1
4198 2772 1
4198 10421 1
4198 9164 1
10333 6507 1
10333 7262 1
10333 6589 1
10333 640 1
10333 8062 1
3789 8524 1
3789 7669 1
3789 4341 1
3789 62 1
3789 5971 1
5779 1668 1
5779 2530 1
5779 2214 1
5779 4521 1
5779 5195 1
3861 2772 1
3861 8082 1
3861 3542 1
3861 4331 1
3861 5001 1
7542 1874 1
7542 4171 1
7542 2347 1
7542 5789 1
7542 10108 1
9007 1535 1
9007 1783 1
9007 1564 1
9007 2957 1
9007 8993 1
10234 1979 1
10234 2555 1
10234 2461 1
10234 4208 1
10234 10782 1
6553 9226 1
6553 2677 1
6553 3252 1
6553 604 1
6553 1079 1
7502 7068 1
7502 3969 1
7502 9245 1
2185 1698 1
2185 6121 1
2185 1915 1
2185 41 1
2185 4591 1
6364 10549 1
6364 9999 1
6364 630 1
6364 1689 1
6364 5265 1
1190 10147 1
1190 5308 1
1190 3628 1
1190 7192 1
1190 10860 1
4871 10410 1
4871 7876 1
4871 532 1
4871 1381 1
4871 9358 1
5095 9767 1
5095 2698 1
5095 7113 1
5095 1635 1
5095 2685 1
2954 1190 1
2954 7946 1
2954 1281 1
2954 3342 1
2954 4947 1
1348 1668 1
1348 7192 1
1348 2562 1
1348 4768 1
1348 8156 1
4134 9627 1
4134 2603 1
44 2992 1
44 10902 1
44 8529 1
44 867 1
44 6557 1
7119 1795 1
7119 4124 1
7119 2009 1
7119 7119 1
7119 10860 1
3029 10280 1
3029 7907 1
3029 8074 1
3029 1453 1
3029 10024 1
4572 8073 1
4572 6793 1
7759 8737 1
7759 4407 1
7759 5361 1
7759 140 1
7759 4381 1
10693 3734 1
10693 8822 1
10693 6155 1
10693 10200 1
10693 10506 1
5862 4120 1
5862 2923 1
5862 6679 1
1363 3397 1
1363 3197 1
1363 5512 1
1363 6115 1
1363 8345 1
7907 7173 1
7907 3029 1
7907 7729 1
7907 1099 1
7907 2767 1
1035 2562 1
1035 7192 1
1035 10626 1
1035 9758 1
1035 2214 1
217 2886 1
217 2837 1
217 9158 1
217 3136 1
217 3831 1
1412 6935 1
1412 9545 1
1412 258 1
1412 10616 1
1412 1892 1
8774 4455 1
8774 8829 1
8774 10654 1
8774 2773 1
8774 6685 1
6585 7064 1
6585 10140 1
6585 6923 1
6585 5816 1
41 2185 1
41 927 1
41 5994 1
41 11200 1
41 8323 1
2730 4088 1
2730 768 1
10910 1818 1
10910 2145 1
10910 1950 1
10910 5193 1
10910 6744 1
1912 10398 1
1912 10913 1
512 8074 1
512 4625 1
512 1675 1
512 10949 1
512 6372 1
9669 1876 1
9669 3367 1
9669 2145 1
9669 5993 1
9669 7213 1
9645 6589 1
9645 10147 1
9645 6755 1
9645 2002 1
9645 3689 1
4737 4720 1
4737 2145 1
4737 3542 1
4737 733 1
4737 2015 1
9719 3005 1
9719 4125 1
9719 3552 1
9719 8703 1
9719 10261 1
856 783 1
856 5064 1
856 3393 1
856 9173 1
856 1661 1
5764 1956 1
5764 164 1
5764 10306 1
2589 1668 1
2589 2530 1
2589 2214 1
2589 6552 1
2589 5282 1
4634 2111 1
4634 7068 1
4634 5902 1
4634 1769 1
4634 5835 1
6679 8094 1
6679 5862 1
6679 7671 1
6679 2857 1
6679 4120 1
2075 5620 1
2075 10140 1
2075 7638 1
4120 5862 1
4120 2923 1
4120 6679 1
1119 771 1
1119 1034 1
1119 832 1
1119 9372 1
1119 10023 1
10023 771 1
10023 1034 1
10023 832 1
10023 3551 1
10023 4257 1
3854 3180 1
3854 11146 1
3854 3347 1
3854 6360 1
3854 9799 1
2214 1668 1
2214 9999 1
2214 11137 1
2214 9758 1
2214 2601 1
9378 9348 1
9378 3983 1
9378 10554 1
9378 349 1
9378 3088 1
1418 10882 1
1418 9872 1
1418 5443 1
1418 6950 1
1418 1640 1
2601 9999 1
2601 2944 1
2601 597 1
2601 1399 1
2601 5868 1
6391 4278 1
6391 8451 1
6391 85 1
6391 8909 1
6391 5318 1
2301 3267 1
2301 6111 1
2301 584 1
2301 1965 1
2301 4776 1
5982 1087 1
5982 1686 1
5982 1110 1
5982 2446 1
5982 3542 1
899 6876 1
899 7091 1
899 482 1
899 9998 1
899 4862 1
6580 1262 1
6580 2835 1
6580 1510 1
6580 3992 1
6580 5311 1
2799 3854 1
2799 6360 1
2799 9663 1
2799 2625 1
2799 5207 1
10261 9719 1
10261 2603 1
733 4737 1
733 8576 1
733 5360 1
733 10656 1
733 11036 1
4720 2145 1
4720 3542 1
4720 8942 1
4720 5360 1
6744 10824 1
6744 3856 1
6744 10681 1
6744 355 1
6744 2772 1
5193 7329 1
5193 10910 1
5193 7826 1
5193 3458 1
927 5994 1
927 41 1
927 8854 1
10654 7876 1
10654 9468 1
10654 982 1
10654 1416 1
10654 7193 1
10616 2644 1
10616 5978 1
10616 3317 1
10616 8041 1
10616 9787 1
5393 3732 1
5393 10273 1
5393 5106 1
5393 8536 1
5393 8444 1
9545 8274 1
9545 9146 1
9545 264 1
9545 10529 1
9545 10041 1
6935 4631 1
6935 8603 1
6935 75 1
6935 7505 1
6935 5884 1
10626 10352 1
10626 2340 1
10626 9530 1
10626 1035 1
10626 1558 1
180 9427 1
180 9146 1
180 4865 1
180 3042 1
180 2020 1
6115 2466 1
6115 3397 1
6115 2511 1
6115 7147 1
6115 8345 1
10200 11001 1
10200 10766 1
10200 553 1
10200 6045 1
3734 9846 1
3734 7412 1
3734 7806 1
3734 2169 1
3734 10656 1
1993 4098 1
1993 9994 1
1993 4677 1
1993 3800 1
1993 2172 1
3136 5893 1
3136 9101 1
3136 8988 1
3136 4159 1
3136 10511 1
2851 7807 1
2851 4497 1
2851 409 1
2851 1540 1
2851 6374 1
10280 3029 1
10280 1860 1
2009 7119 1
2009 10860 1
3750 1733 1
3750 4119 1
3750 5972 1
3750 1029 1
3750 4472 1
7946 1365 1
7946 3342 1
7946 2877 1
7946 4947 1
7946 6197 1
982 5597 1
982 2970 1
982 85 1
982 7768 1
982 2658 1
6205 1384 1
6205 2279 1
6205 1686 1
6205 3651 1
6205 5982 1
7113 10464 1
7113 5095 1
9358 8153 1
9358 9223 1
9358 1381 1
9358 2354 1
9358 6950 1
1381 6093 1
1381 4871 1
1381 8451 1
1381 3373 1
1381 6353 1
7876 7789 1
7876 9358 1
7876 1381 1
7876 2284 1
7876 6353 1
2653 8988 1
2653 3028 1
2653 4159 1
2653 1303 1
10410 9441 1
10410 2081 1
10410 1688 1
10410 2821 1
10410 7359 1
10860 1659 1
10860 2877 1
10860 1755 1
10860 7119 1
10860 8309 1
5265 1668 1
5265 2530 1
5265 2214 1
5265 4521 1
5265 5151 1
1783 10212 1
1783 9007 1
1783 10245 1
1783 4993 1
10549 2219 1
10549 2540 1
10549 2373 1
10549 4178 1
10549 5110 1
4591 4422 1
4591 2185 1
4591 5206 1
4591 1234 1
4591 1659 1
9245 4937 1
9245 7502 1
9245 5968 1
9245 1700 1
9245 8651 1
5763 8769 1
5763 5900 1
5763 7784 1
5763 8260 1
3969 1845 1
3969 2401 1
3969 9377 1
3969 4240 1
10782 1399 1
10782 3393 1
10782 2055 1
10782 5299 1
10782 6107 1
3818 9177 1
3818 6984 1
3818 140 1
3818 5968 1
2461 1661 1
2461 1671 1
2461 5906 1
2461 9594 1
2555 2461 1
2555 9782 1
2555 8106 1
2555 10234 1
2555 4956 1
4296 504 1
4296 2530 1
4296 1142 1
4296 3838 1
4296 6660 1
814 1319 1
814 3992 1
814 10601 1
814 310 1
814 9076 1
1979 10234 1
1979 6685 1
8993 3569 1
8993 5442 1
8993 3623 1
8993 9865 1
8993 9007 1
5789 2358 1
5789 5052 1
5789 4171 1
5789 8276 1
5789 10127 1
2347 2358 1
2347 10833 1
2347 10108 1
2347 5789 1
2347 5052 1
4171 2358 1
4171 10833 1
4171 6852 1
4171 5052 1
4171 9001 1
2430 6473 1
2430 10913 1
2430 2830 1
2430 5933 1
5001 2754 1
5001 10748 1
5001 3861 1
5001 89 1
5001 9078 1
5195 1668 1
5195 2530 1
5195 2214 1
5195 4521 1
5195 11137 1
5971 6577 1
5971 6383 1
5971 412 1
5971 1132 1
5971 6239 1
4341 9745 1
4341 6417 1
4341 5532 1
4341 62 1
4341 4119 1
7262 7727 1
7262 10333 1
7262 10035 1
7262 7029 1
3660 5982 1
3660 4635 1
3660 5308 1
3660 242 1
3660 4198 1
6552 7902 1
6552 6224 1
6552 1035 1
6552 1570 1
6552 9901 1
627 1356 1
627 3800 1
627 3150 1
627 1700 1
627 3953 1
4195 1613 1
4195 3689 1
4195 1841 1
4195 5729 1
2298 6470 1
2298 9579 1
2298 3658 1
2298 7643 1
6777 5241 1
6777 9385 1
6777 5503 1
6777 1281 1
6777 6777 1
4537 2002 1
4537 3856 1
4537 2663 1
4537 6539 1
4537 10910 1
424 8039 1
424 1419 1
424 8744 1
424 7195 1
424 5308 1
3723 1419 1
3723 9908 1
3723 7749 1
3723 1309 1
3723 4188 1
3712 7166 1
3712 7044 1
3712 4404 1
3712 598 1
4125 7213 1
4125 6965 1
4125 11150 1
4125 713 1
4125 7483 1
643 3598 1
643 3992 1
643 786 1
643 9769 1
643 1713 1
9348 3088 1
9348 9378 1
9348 8524 1
9348 1105 1
1950 10910 1
1950 6261 1
1950 6959 1
1950 7777 1
1950 4644 1
209 1930 1
209 6255 1
209 5899 1
209 2987 1
209 6328 1
4514 9371 1
5740 738 1
5740 1374 1
5740 891 1
5740 3351 1
5740 4942 1
128 8062 1
128 565 1
2991 9567 1
2991 8062 1
7942 8229 1
7942 5276 1
7942 10813 1
7942 673 1
7942 3623 1
2140 11043 1
2140 10954 1
2140 7415 1
2140 5723 1
10417 6194 1
10417 9349 1
10417 6341 1
10417 1787 1
10417 11129 1
4656 3775 1
4656 8062 1
4656 7588 1
4656 565 1
6421 5121 1
6421 6206 1
6421 8725 1
6421 10109 1
6196 6220 1
6196 10814 1
6196 1082 1
6196 6898 1
9072 9593 1
9072 8103 1
9072 398 1
9072 976 1
9072 5503 1
10813 1764 1
10813 1776 1
10813 4637 1
830 2925 1
830 3882 1
830 9218 1
830 7824 1
830 4432 1
4087 2727 1
4087 3788 1
4087 2880 1
4087 8540 1
4087 10723 1
2346 4596 1
2346 8757 1
2346 7091 1
2346 2987 1
3250 4733 1
3250 6161 1
8188 2880 1
8188 4087 1
8188 2970 1
8188 7733 1
8921 2015 1
8921 3292 1
8921 2028 1
8921 8154 1
8921 10729 1
8056 4726 1
8056 3687 1
8056 10545 1
9797 3663 1
9797 2558 1
9797 6889 1
9797 9221 1
5812 10834 1
5812 2145 1
5812 10305 1
5812 14 1
5812 2028 1
2196 4907 1
2196 4518 1
2196 402 1
2196 4414 1
7230 973 1
7230 1747 1
7230 3144 1
7230 6749 1
3748 733 1
3748 1326 1
3748 1066 1
3748 2015 1
3748 4193 1
2587 4795 1
2587 7230 1
2587 3768 1
2587 219 1
2587 8104 1
2226 1250 1
2226 2944 1
2226 1416 1
2226 2412 1
2226 8015 1
3049 8002 1
3049 6111 1
3049 584 1
3049 1895 1
3049 8987 1
4044 6892 1
4044 7746 1
4044 452 1
4044 1726 1
4044 7231 1
2782 2249 1
2782 2343 1
2782 8345 1
2782 9387 1
1845 8406 1
1845 8003 1
1845 6118 1
1845 9936 1
1845 10242 1
1019 3589 1
1019 7626 1
1019 1158 1
1019 6227 1
1019 6936 1
4081 1934 1
4081 2417 1
4081 5965 1
4081 9557 1
10685 2690 1
10685 3435 1
10685 2771 1
10685 5663 1
10685 9962 1
1088 585 1
1088 1921 1
1088 5647 1
1088 4212 1
10020 8054 1
10020 9033 1
10020 982 1
10020 2395 1
10020 6529 1
2979 3397 1
2979 11132 1
2979 264 1
2979 4941 1
2979 6059 1
4625 1357 1
4625 512 1
4625 11136 1
224 5515 1
224 2322 1
224 8578 1
224 6052 1
224 7153 1
1681 2402 1
1681 2958 1
1681 232 1
1681 7091 1
1681 9142 1
5442 5241 1
5442 11006 1
5442 258 1
5442 8470 1
5442 10528 1
6076 1858 1
6076 3103 1
6076 5027 1
6076 5539 1
1755 9025 1
1755 9346 1
1755 3394 1
1755 2776 1
1755 10471 1
1661 4870 1
1661 8461 1
1661 6407 1
1661 6525 1
1661 9025 1
75 9100 1
75 281 1
75 6286 1
75 7807 1
6209 3507 1
6209 3491 1
6209 4191 1
4468 1029 1
4468 1806 1
4468 1483 1
4468 2819 1
4468 5534 1
8513 4882 1
8513 10437 1
8513 7961 1
8513 14 1
8513 2666 1
1360 3800 1
1360 9994 1
1360 4098 1
1360 6162 1
1360 1630 1
4709 1489 1
4709 1153 1
4709 2466 1
4709 8079 1
1538 1079 1
1538 604 1
1244 4054 1
1244 1675 1
1244 9255 1
1244 39 1
1244 4752 1
1689 7040 1
1689 9794 1
1689 8399 1
1689 10215 1
10742 4407 1
10742 8199 1
10742 10685 1
10742 1567 1
10742 4752 1
9946 5994 1
9946 7534 1
9946 1274 1
9946 8491 1
7195 8039 1
7195 4677 1
7195 424 1
7195 4195 1
6372 2603 1
6372 4539 1
6372 3166 1
6372 6738 1
6372 6815 1
4427 8260 1
4427 7667 1
4427 7784 1
4427 554 1
4427 9876 1
3719 8260 1
6176 5210 1
6176 9019 1
6176 6580 1
6176 10206 1
10291 2043 1
10291 3552 1
10291 2530 1
10291 5227 1
10291 6346 1
3394 1755 1
3394 2471 1
3394 2106 1
3394 7176 1
3394 10512 1
976 830 1
976 4871 1
976 853 1
976 3097 1
976 10091 1
9544 1096 1
9544 1818 1
9544 1326 1
9544 2492 1
9544 3111 1
5839 1792 1
5839 2772 1
5839 2091 1
5839 7683 1
5839 9371 1
8323 10717 1
8323 41 1
4208 1411 1
4208 3414 1
4208 2106 1
4208 8410 1
2562 1668 1
2562 2530 1
2562 2214 1
2562 6552 1
2562 5282 1
10834 1956 1
10834 2548 1
10834 2015 1
10834 3600 1
10834 5181 1
2055 5696 1
2055 8256 1
2055 5312 1
2055 9175 1
2055 8960 1
371 1646 1
371 6583 1
371 1170 1
371 258 1
371 6544 1
5027 4401 1
5027 4414 1
5027 152 1
5027 2087 1
10435 8109 1
10435 10819 1
10435 9492 1
10435 1131 1
10435 1909 1
3017 8215 1
3017 10964 1
3017 414 1
3017 1540 1
3017 7768 1
10493 2990 1
10493 5939 1
10493 3277 1
10493 8766 1
6378 7404 1
6378 10449 1
6378 850 1
6378 2978 1
3337 5635 1
3337 8569 1
3337 4326 1
1898 5226 1
1898 3928 1
1898 6186 1
1898 1165 1
1898 8309 1
7998 3870 1
7998 5946 1
7998 4521 1
7998 7464 1
7998 8336 1
5830 1035 1
5830 1668 1
5830 1348 1
5830 2589 1
5830 10707 1
6155 9148 1
6155 10766 1
6155 10693 1
6155 1223 1
9447 1384 1
9447 2107 1
9447 1686 1
9447 3542 1
9447 3651 1
8571 1384 1
8571 2107 1
8571 1686 1
8571 3598 1
8571 4501 1
3651 1686 1
3651 3079 1
3651 1812 1
3651 5982 1
3651 8571 1
989 8921 1
989 3289 1
989 1549 1
989 7332 1
989 3051 1
7953 1413 1
7953 9414 1
7953 1981 1
7953 722 1
4253 1341 1
4253 4003 1
4253 4353 1
10570 1390 1
219 3467 1
219 1012 1
219 10830 1
219 2587 1
219 4119 1
1865 2324 1
1865 2681 1
1865 4693 1
9758 954 1
9758 1668 1
9758 1035 1
9758 2340 1
9758 8399 1
1956 1258 1
1956 10306 1
1956 1582 1
1956 8718 1
1956 3292 1
1133 7957 1
1133 8628 1
1133 5533 1
218 2842 1
218 7265 1
218 4141 1
218 11129 1
1864 7903 1
1864 5158 1
1864 10433 1
1864 3141 1
7625 3481 1
7625 7613 1
7625 9389 1
7625 60 1
7625 6370 1
8419 2237 1
8419 3104 1
8419 2385 1
8419 3969 1
8419 4668 1
3481 7625 1
3481 9389 1
3481 7613 1
3481 60 1
3481 6370 1
5222 4596 1
5222 2987 1
1535 258 1
1535 5792 1
1535 8871 1
8942 3542 1
8942 11036 1
8942 3795 1
8942 1258 1
8942 2015 1
10588 6391 1
10588 7091 1
10588 7867 1
258 4483 1
258 9142 1
258 9218 1
258 5597 1
258 3042 1
7173 1099 1
7173 2767 1
7173 1355 1
7173 3841 1
7173 9615 1
5527 2545 1
5527 3774 1
5527 2563 1
5527 4649 1
5527 5501 1
587 3144 1
587 3247 1
587 1226 1
587 2072 1
9640 2510 1
9640 2545 1
9640 4610 1
9640 5434 1
2198 8644 1
2198 9441 1
2198 584 1
2198 1965 1
2198 7814 1
7136 2015 1
7136 4683 1
7136 2987 1
7136 7831 1
7136 10812 1
10506 10693 1
630 4419 1
630 9041 1
630 9758 1
630 10215 1
2162 10397 1
2162 6118 1
2162 281 1
2162 1059 1
2162 10374 1
1795 1620 1
1795 4690 1
1795 2891 1
1795 4619 1
1795 10662 1
6733 10834 1
6733 3292 1
6733 7332 1
6733 14 1
6733 3239 1
972 1540 1
972 6286 1
972 6935 1
972 7768 1
972 2851 1
4639 9719 1
4639 4404 1
4639 10399 1
4639 2815 1
4639 4085 1
11001 10936 1
11001 9486 1
11001 979 1
11001 2805 1
10446 9486 1
10446 979 1
3482 944 1
3482 1892 1
3482 1153 1
3482 2890 1
3482 6505 1
8787 9486 1
8787 10913 1
8787 10936 1
8787 8718 1
1562 9486 1
1562 3925 1
1562 7343 1
1562 9120 1
1562 7476 1
4349 7702 1
4349 7084 1
4349 482 1
4349 1959 1
4349 5964 1
6243 1748 1
6243 2691 1
6243 2219 1
6243 5722 1
482 8882 1
482 5318 1
482 6918 1
482 3100 1
482 10123 1
10969 681 1
10969 1633 1
10969 788 1
10969 3162 1
10969 4162 1
9228 2760 1
9228 5314 1
9228 4487 1
9228 10158 1
7582 6526 1
7582 7091 1
7582 440 1
7582 1535 1
7582 8882 1
7878 8506 1
7878 8316 1
7878 1208 1
7878 2505 1
7878 6834 1
11170 7433 1
11170 8470 1
11170 482 1
11170 1958 1
11170 6239 1
2776 8640 1
2776 9771 1
2776 7792 1
2776 3286 1
2092 3687 1
2092 4726 1
2092 9479 1
917 10171 1
917 7811 1
917 1925 1
917 3608 1
917 1876 1
3608 10171 1
3608 917 1
1925 10171 1
1925 10101 1
1925 7811 1
1925 917 1
2023 10092 1
2023 3592 1
2023 140 1
2023 2145 1
8607 7909 1
8607 8937 1
8607 8125 1
8607 1665 1
8607 9822 1
11124 7053 1
11124 8607 1
11124 7889 1
11124 11201 1
11124 8937 1
11201 7909 1
11201 9384 1
11201 8125 1
11201 1665 1
11201 11124 1
1634 9070 1
1634 9468 1
1634 1407 1
1634 6927 1
1634 8013 1
9460 4346 1
9460 8004 1
9460 4404 1
9460 1201 1
9460 2929 1
7814 9796 1
7814 707 1
7814 2198 1
7814 7231 1
7427 8277 1
7427 9899 1
7427 584 1
7427 1965 1
7427 5831 1
2845 8067 1
2845 10704 1
2845 8228 1
2845 9780 1
2845 8186 1
7947 6107 1
7947 1496 1
7947 9780 1
7947 194 1
7947 1129 1
10384 5423 1
10384 8493 1
10384 6804 1
10384 80 1
10384 9921 1
6096 2267 1
6096 2845 1
6096 6683 1
6096 8434 1
8822 10693 1
8822 9596 1
592 2951 1
592 9847 1
592 8109 1
592 213 1
592 5628 1
544 6401 1
544 3724 1
544 6934 1
544 5242 1
8115 4131 1
8115 60 1
8115 9116 1
4131 1098 1
4131 8115 1
4131 6067 1
4131 60 1
4131 9116 1
8156 1668 1
8156 2530 1
8156 2214 1
8156 4521 1
8156 5195 1
7938 1668 1
7938 2530 1
7938 2214 1
7938 4521 1
7938 5195 1
39 203 1
39 4054 1
39 1244 1
39 4752 1
9092 731 1
9092 2438 1
9092 856 1
9092 9788 1
1479 8073 1
1479 5539 1
1479 9275 1
1479 10418 1
1915 2185 1
5207 3180 1
5207 2799 1
5207 3854 1
9663 3180 1
9663 5043 1
9663 4267 1
9663 2799 1
7209 9679 1
7209 1567 1
5573 1326 1
5573 1986 1
5573 1368 1
5573 2867 1
5573 3748 1
3528 1190 1
3528 2954 1
3528 1365 1
3528 7229 1
3528 8239 1
5311 5503 1
5311 9409 1
5311 9932 1
5311 691 1
5311 7680 1
5326 584 1
5326 1275 1
5326 707 1
5326 2301 1
5326 8002 1
2857 8094 1
2857 7671 1
2857 9148 1
2857 1223 1
2857 6679 1
1630 10812 1
1630 10398 1
1630 10019 1
1630 643 1
1630 1360 1
4862 9015 1
4862 5425 1
4862 357 1
4862 9427 1
9998 7702 1
9998 8802 1
9998 482 1
9998 1959 1
9998 6329 1
1818 6099 1
1818 1326 1
1818 1009 1
1818 6023 1
1818 8145 1
1773 10021 1
1773 4624 1
1773 8988 1
1773 717 1
1773 3920 1
9180 1117 1
9180 1375 1
9180 1199 1
9180 2429 1
9180 8356 1
7914 3415 1
7914 5545 1
7914 4189 1
7914 6407 1
7091 6549 1
7091 8716 1
7091 258 1
7091 8282 1
7091 10343 1
9706 2530 1
9706 9459 1
9706 5023 1
9706 1351 1
4768 6355 1
4768 2283 1
4768 1559 1
4768 2589 1
4768 5830 1
6111 584 1
6111 1275 1
6111 707 1
6111 2301 1
6111 7746 1
5318 10886 1
5318 6894 1
5318 258 1
5318 6194 1
5318 5597 1
8909 4104 1
8909 6572 1
8909 384 1
8909 7678 1
4819 3016 1
4819 6767 1
4819 10036 1
4819 512 1
4819 1876 1
8451 10654 1
8451 2081 1
8451 1688 1
8451 2821 1
8451 7359 1
10496 7814 1
10496 8576 1
10496 7922 1
10496 779 1
10496 3406 1
2725 11017 1
2725 6350 1
2725 4968 1
2725 406 1
2725 10905 1
10905 5023 1
10905 5882 1
10905 11017 1
4278 10654 1
4278 2354 1
5868 10516 1
5868 6197 1
5868 997 1
5868 1365 1
1778 4523 1
1778 10535 1
1778 2580 1
1778 9920 1
2944 5868 1
2944 1416 1
2944 2686 1
2463 6133 1
2463 4125 1
1640 10882 1
1640 6529 1
5443 9594 1
5443 7876 1
5443 532 1
5443 1132 1
5443 5458 1
3398 5735 1
3398 1351 1
3088 8524 1
3088 9348 1
3088 9378 1
3088 1105 1
3347 3854 1
3347 1620 1
3347 3180 1
1302 4596 1
1302 2522 1
1302 733 1
1302 3748 1
11146 8398 1
11146 3180 1
11146 10140 1
11146 1141 1
11146 2877 1
1965 412 1
1965 2736 1
9372 771 1
9372 1034 1
9372 832 1
9372 3551 1
9372 4257 1
5282 1668 1
5282 2530 1
5282 2214 1
5282 4521 1
5282 5195 1
3252 6553 1
783 5481 1
783 11177 1
783 9872 1
5620 9408 1
5620 1265 1
5620 6458 1
1087 8584 1
1087 2963 1
1087 2185 1
1087 9627 1
7671 6679 1
7671 2857 1
7671 8094 1
8094 6679 1
8094 2857 1
8094 7671 1
10548 7041 1
10548 7630 1
584 4044 1
584 3049 1
584 7427 1
584 2198 1
8345 4774 1
8345 9427 1
8345 264 1
8345 5971 1
8345 5978 1
9991 1313 1
9991 3800 1
3393 1399 1
3393 3096 1
3393 7370 1
3393 6426 1
2119 7490 1
2119 3275 1
2119 5303 1
2119 10343 1
8703 2219 1
8703 2540 1
8703 2373 1
8703 3732 1
8703 4850 1
1399 5545 1
1399 10512 1
1399 1196 1
1399 2601 1
4257 771 1
4257 1034 1
4257 832 1
4257 3551 1
5080 1326 1
5080 1818 1
5080 1368 1
5080 3494 1
8363 5658 1
8363 1054 1
6876 10792 1
6876 8802 1
6876 482 1
6876 1959 1
6876 6329 1
5230 6561 1
5230 10654 1
5230 1147 1
5230 7807 1
2377 1287 1
2377 9991 1
2377 9769 1
731 6446 1
731 10725 1
731 9011 1
4023 8380 1
4023 9787 1
4023 6432 1
4023 8443 1
7638 1341 1
7638 2075 1
7638 9291 1
1892 3914 1
1892 264 1
1892 3482 1
1892 2970 1
5184 4159 1
5184 10316 1
3957 10588 1
3957 6059 1
3957 264 1
3957 5597 1
3957 10723 1
7786 8576 1
7786 5157 1
7786 10757 1
1202 8170 1
1202 11191 1
4676 847 1
4676 1372 1
4676 4067 1
4676 9372 1
3890 4376 1
3890 8666 1
3890 247 1
3890 1394 1
247 6454 1
247 7366 1
247 7638 1
725 2697 1
725 8829 1
725 9491 1
10547 1965 1
10547 2979 1
10547 9600 1
1494 7701 1
6432 2815 1
6432 4023 1
6432 3417 1
2509 4601 1
3227 10588 1
3227 8603 1
3227 264 1
853 10123 1
853 4003 1
853 532 1
853 6926 1
4145 5634 1
4145 3303 1
4968 647 1
10729 2015 1
10729 8921 1
10729 10306 1
1287 5134 1
1287 1861 1
1287 8984 1
1287 10913 1
7048 4956 1
7048 6432 1
7048 9799 1
7048 4404 1
4058 1812 1
4058 8584 1
4058 11183 1
4058 1087 1
4058 2446 1
2052 5994 1
2052 7439 1
2052 3467 1
2052 219 1
2052 2006 1
10545 8056 1
10545 4523 1
10545 9479 1
10545 2625 1
10545 4071 1
7253 767 1
7253 6935 1
5512 3197 1
5512 7147 1
5512 3397 1
5512 8103 1
8829 3760 1
8829 6685 1
8829 4455 1
8829 10654 1
8829 7084 1
1422 5634 1
1422 1080 1
1422 4635 1
9238 11087 1
9238 7144 1
5143 8008 1
5143 8398 1
5966 1153 1
5966 3317 1
3267 9899 1
3267 5326 1
3267 584 1
3267 1965 1
3267 6489 1
8490 1798 1
8490 7174 1
8490 10871 1
8490 1455 1
8490 4852 1
1083 5505 1
1083 585 1
1083 8911 1
3552 6135 1
3552 8703 1
8869 10543 1
2790 3652 1
2790 6489 1
2790 8737 1
1967 7320 1
1967 7174 1
1967 1455 1
1967 4852 1
296 7582 1
296 5894 1
6057 2295 1
6057 8457 1
3652 8737 1
3652 2790 1
3652 6489 1
3652 6094 1
6121 2181 1
6121 2185 1
6121 1036 1
3197 758 1
3197 2511 1
3197 3409 1
10604 2055 1
10604 5058 1
10604 9175 1
6100 9741 1
6100 10142 1
6100 228 1
6100 4295 1
7746 8644 1
7746 584 1
7746 5169 1
8569 4326 1
8569 3337 1
8569 5635 1
6923 180 1
6923 9223 1
6923 7193 1
6953 9418 1
6953 2430 1
2015 2145 1
2015 649 1
2015 4159 1
228 9741 1
228 10913 1
228 4862 1
1874 8740 1
1874 1860 1
1874 7542 1
6782 5329 1
6782 2992 1
6782 6557 1
6782 44 1
6782 2681 1
7430 2339 1
7430 10871 1
7430 6302 1
7174 1354 1
7174 3062 1
7174 10871 1
9173 7370 1
9173 856 1
9173 5064 1
7527 8889 1
7527 2238 1
3914 7023 1
3914 224 1
3914 6549 1
597 7431 1
597 1838 1
597 10516 1
8827 10528 1
8827 1152 1
8827 2058 1
8827 5637 1
8004 4346 1
8004 7186 1
4852 1798 1
4852 3285 1
4852 1967 1
3111 9104 1
3111 3748 1
4757 1882 1
4757 6936 1
140 2023 1
140 8737 1
140 8988 1
8714 5391 1
8714 9414 1
8714 7650 1
8714 536 1
8714 2923 1
11183 4624 1
11183 2446 1
11183 8584 1
11183 1087 1
11183 1812 1
2242 4331 1
2242 3542 1
2242 7647 1
2242 1350 1
2242 2446 1
7150 8584 1
1389 8215 1
1389 4480 1
1389 2970 1
10816 11107 1
7524 944 1
7524 1892 1
7524 1153 1
7524 2890 1
7524 8572 1
2681 4693 1
2681 2992 1
2681 10902 1
2681 44 1
2681 2324 1
10248 1356 1
10248 1993 1
10248 1360 1
867 5700 1
867 2324 1
867 8529 1
867 44 1
867 4693 1
9920 10535 1
9920 1778 1
4159 1303 1
4159 3028 1
4159 1773 1
4159 8988 1
14 4555 1
14 4882 1
14 3292 1
14 2145 1
9067 6170 1
9067 1224 1
9067 6040 1
7840 1567 1
7840 9314 1
6493 10147 1
6493 9371 1
6493 7257 1
6493 2603 1
6493 3094 1
2378 9741 1
2378 6100 1
2378 10142 1
2378 228 1
1733 4119 1
1733 3090 1
1733 3750 1
1733 8044 1
3397 4356 1
3397 3409 1
10804 8187 1
10804 9011 1
10804 264 1
10804 10041 1
10804 10287 1
7322 847 1
7322 1372 1
7322 4067 1
7322 4676 1
4067 771 1
4067 1034 1
4067 832 1
4067 3551 1
4067 7322 1
6536 1223 1
6536 1818 1
6536 1326 1
6536 2522 1
6536 3111 1
2446 1350 1
2446 2021 1
2446 1384 1
2446 3542 1
2446 5982 1
2058 2695 1
2058 6821 1
2058 1882 1
85 6549 1
85 4104 1
85 5611 1
5308 1213 1
5308 1419 1
5308 3861 1
7777 4090 1
7777 1950 1
1700 1993 1
1700 2390 1
8880 1384 1
8880 2107 1
8880 4416 1
8880 8571 1
4381 5361 1
4381 644 1
9294 3603 1
9294 7453 1
9294 8333 1
5179 6858 1
5179 7412 1
5179 3303 1
5179 11192 1
1064 3275 1
8471 6433 1
8471 3239 1
8471 8008 1
8471 1545 1
2640 4326 1
2640 5635 1
8121 2772 1
8121 1567 1
9767 6882 1
9767 11001 1
9767 8787 1
9767 2698 1
9767 5632 1
6651 9767 1
6651 5790 1
890 890 1
890 7102 1
890 890 1
890 887 1
890 4852 1
9479 10545 1
9479 8082 1
9479 2092 1
9479 3406 1
4162 9503 1
4162 7547 1
4162 619 1
4162 10969 1
208 7571 1
208 1196 1
10907 3800 1
2677 9226 1
2677 604 1
2677 5822 1
10864 544 1
10864 3166 1
10864 426 1
6757 1828 1
9226 704 1
9226 2677 1
9226 6553 1
9226 604 1
9226 1079 1
11136 3417 1
2083 830 1
2083 1229 1
2083 853 1
2083 4432 1
9889 3111 1
9889 3598 1
1659 9659 1
1659 1409 1
1659 7705 1
4128 6595 1
4128 976 1
4128 9185 1
4121 8083 1
4121 1293 1
3298 10212 1
3298 10830 1
3298 286 1
3298 2923 1
10077 3180 1
10077 3854 1
10077 6955 1
6595 10964 1
6595 209 1
6595 6328 1
4392 1582 1
3005 9217 1
3005 9719 1
3005 3732 1
536 8714 1
536 1711 1
7893 8380 1
7893 6838 1
7893 1274 1
8716 6577 1
8716 258 1
8716 8282 1
1309 1990 1
1309 3723 1
1309 3880 1
1309 6235 1
1309 4188 1
5452 9889 1
5452 8354 1
5452 887 1
5452 2878 1
7098 8531 1
7098 1019 1
7098 1934 1
7098 6645 1
4402 2531 1
4402 850 1
7260 10352 1
7260 3406 1
8083 4121 1
8083 1293 1
7213 4125 1
7213 2603 1
7213 9627 1
3098 10021 1
3098 4326 1
3098 1446 1
1262 6580 1
1262 9019 1
1262 1080 1
9872 9346 1
9872 10782 1
9872 856 1
9872 2851 1
9872 7530 1
8226 5539 1
8226 4407 1
8226 8073 1
6984 1559 1
6984 2451 1
6984 1668 1
6984 3166 1
6984 10325 1
1223 6536 1
1223 2857 1
1223 9148 1
1223 2522 1
2859 8952 1
2859 4947 1
2859 2925 1
2859 10105 1
6858 5179 1
6858 3303 1
6858 11192 1
812 8584 1
812 8744 1
1635 5095 1
8536 2446 1
8536 5554 1
8536 3542 1
6902 3416 1
6902 4072 1
6902 3747 1
6902 5889 1
6902 6685 1
4433 3406 1
9937 1287 1
9937 4841 1
9937 2377 1
2530 6815 1
2530 10707 1
2530 1147 1
2530 2077 1
1545 8008 1
1545 6086 1
1545 10729 1
1545 8398 1
4014 5276 1
4837 11010 1
4837 668 1
4837 6589 1
5241 10287 1
5241 240 1
5241 5439 1
2772 2091 1
2772 7376 1
2772 4195 1
8998 6894 1
8998 258 1
6005 7520 1
6005 10306 1
6005 62 1
6005 3603 1
3551 771 1
3551 1034 1
3551 832 1
3551 9217 1
3551 9372 1
1082 6552 1
1082 853 1
1082 6926 1
1082 2925 1
1034 847 1
1034 4676 1
1034 8163 1
1034 7322 1
9264 7681 1
9264 8546 1
9264 504 1
9264 1806 1
4326 10021 1
4326 5361 1
4326 8569 1
4326 2640 1
4326 3337 1
2442 4312 1
2442 981 1
606 9545 1
606 7530 1
606 232 1
3075 4376 1
3075 3890 1
3075 247 1
3075 1394 1
6951 3488 1
6951 5487 1
6951 3617 1
6951 278 1
1542 1775 1
1542 5920 1
10949 1365 1
10949 512 1
5902 6431 1
6725 1775 1
6725 6951 1
6725 3617 1
6725 1194 1
10499 3275 1
10499 1066 1
3092 6376 1
10970 3659 1
10970 5930 1
10970 258 1
10147 2772 1
10147 1341 1
10147 4253 1
10147 5839 1
9324 1686 1
9324 3542 1
9324 2021 1
9324 5982 1
3951 10123 1
3951 7084 1
3951 482 1
3951 1959 1
10520 4071 1
10520 10545 1
10520 4726 1
10520 3687 1
2685 6683 1
2685 5095 1
2685 3011 1
5064 11087 1
5064 11129 1
5064 856 1
1772 10248 1
1772 4937 1
1772 9245 1
1772 10678 1
6281 6005 1
6281 6281 1
6281 10240 1
6281 62 1
4635 1158 1
4635 1165 1
7064 6093 1
7064 6918 1
7064 180 1
7064 10792 1
7064 8187 1
5388 896 1
5388 1643 1
5388 944 1
5388 2734 1
5388 5574 1
3977 944 1
3977 1892 1
3977 1153 1
3977 2890 1
2886 2837 1
2886 3178 1
2886 217 1
2886 1677 1
1240 2091 1
1240 1677 1
7824 1196 1
7824 2657 1
7824 1341 1
7824 4432 1
7824 9814 1
214 8398 1
214 9449 1
2339 2890 1
2339 3482 1
2339 972 1
2580 3144 1
2580 10535 1
2580 1778 1
9164 2339 1
9164 2851 1
9164 2506 1
9164 3296 1
9164 4407 1
6734 4346 1
6734 6554 1
6734 6360 1
6734 1659 1
8380 1274 1
8380 3286 1
7530 5611 1
7530 180 1
7530 6923 1
9999 1668 1
9999 2530 1
9999 2214 1
9999 4521 1
9999 5195 1
4238 11054 1
4238 5503 1
4238 258 1
3953 1356 1
3953 1993 1
3953 1360 1
3953 5696 1
3953 10248 1
4776 8657 1
4776 584 1
4776 1275 1
4776 10129 1
6821 7994 1
6821 1882 1
4027 4757 1
4027 7352 1
4027 1152 1
4027 2058 1
4027 7994 1
5999 6838 1
5999 5226 1
5999 1775 1
9291 6757 1
9291 4596 1
9291 62 1
4068 7630 1
6212 1549 1
6212 703 1
7858 5325 1
7858 7630 1
7858 4938 1
2541 4416 1
2541 3542 1
2541 7647 1
2541 1536 1
2541 8584 1
7479 3922 1
7479 10167 1
9314 7840 1
9314 1567 1
4376 8666 1
4376 3075 1
4376 247 1
4376 1394 1
4455 8637 1
4455 8774 1
4455 10654 1
4455 8829 1
1986 1326 1
1986 1368 1
1986 9104 1
1986 7831 1
4413 10449 1
4413 536 1
4413 3598 1
2767 7907 1
2767 7173 1
2767 1099 1
2767 7729 1
8503 3718 1
8503 1955 1
4388 10248 1
4388 4956 1
4388 5206 1
4388 4098 1
6926 2877 1
1703 8840 1
1703 4347 1
3621 1269 1
3621 1287 1
3621 6580 1
2798 944 1
2798 1892 1
2798 1153 1
2798 3977 1
2798 8572 1
1152 5868 1
1152 613 1
1152 5899 1
7647 1350 1
7647 2021 1
7647 1384 1
7647 2772 1
10308 5241 1
10308 9385 1
10308 5503 1
10308 1281 1
10757 887 1
10757 1357 1
10757 923 1
10757 2878 1
10757 8153 1
4173 7835 1
4173 1054 1
33 5904 1
33 3129 1
33 3028 1
4971 2601 1
4971 11018 1
3007 4596 1
3007 7421 1
3007 1444 1
3007 7281 1
3416 2267 1
3416 8143 1
3416 6685 1
4239 896 1
4239 1944 1
6284 5505 1
6284 8457 1
6284 4887 1
6284 9491 1
4925 6170 1
4925 9067 1
4082 3678 1
4082 3022 1
4082 6577 1
8197 1326 1
8197 1986 1
8197 1368 1
8197 2867 1
8197 3748 1
10021 1390 1
10021 1775 1
10021 1446 1
10021 3098 1
10021 4159 1
4395 4704 1
604 1079 1
604 7777 1
604 4592 1
604 1538 1
3073 944 1
3073 1892 1
3073 1153 1
3073 2890 1
3073 8572 1
7506 5574 1
7506 565 1
7506 4511 1
3391 5452 1
3391 7699 1
3391 10757 1
3391 923 1
8708 6374 1
8708 10882 1
8708 8013 1
8708 1769 1
8708 4212 1
4618 9796 1
4618 6790 1
4618 1309 1
3296 2339 1
3296 2970 1
3296 2506 1
2027 767 1
2027 4677 1
7344 9414 1
7344 5009 1
7344 7518 1
10059 8282 1
10059 4801 1
10059 7463 1
10059 1351 1
10059 4610 1
4298 5388 1
4298 264 1
4298 6572 1
4298 6595 1
2736 1564 1
2736 1132 1
2736 4830 1
2002 9645 1
2002 829 1
5009 7344 1
5009 9414 1
5009 7518 1
3180 2799 1
3180 10757 1
3180 3103 1
3180 3347 1
10749 4704 1
10749 2452 1
933 1480 1
933 2891 1
933 10757 1
11137 1668 1
11137 2530 1
11137 2214 1
11137 4521 1
11137 5195 1
2957 1564 1
2957 4480 1
2957 1965 1
2957 10091 1
2957 5241 1
7821 10883 1
7821 7145 1
7821 10150 1
7412 5179 1
7412 1497 1
7412 3734 1
1664 2936 1
1664 1959 1
1664 258 1
1664 2505 1
2867 1326 1
2867 1986 1
2867 1368 1
2867 5573 1
2867 9104 1
8628 5533 1
8628 1133 1
8628 7957 1
4887 1700 1
4887 1811 1
4887 8457 1
6533 4740 1
6533 7807 1
6533 4827 1
6533 662 1
6533 1184 1
73 2119 1
2542 4693 1
2542 9435 1
2542 5982 1
896 1153 1
896 5898 1
896 4610 1
896 6549 1
896 8572 1
8529 8529 1
8529 4693 1
8529 8529 1
8529 44 1
8529 2324 1
1137 8603 1
1137 7867 1
1137 10350 1
1137 152 1
1137 8595 1
1955 3923 1
1955 8503 1
1955 3718 1
1955 152 1
10129 9761 1
10129 584 1
10129 1965 1
10129 5831 1
4368 2430 1
4368 2830 1
4368 62 1
5191 830 1
5191 1229 1
5191 853 1
5191 2209 1
3628 1190 1
3628 3066 1
10212 4993 1
10212 9612 1
10212 5248 1
10212 286 1
10212 10830 1
2003 9491 1
2003 7 1
2003 6099 1
10830 2754 1
10830 3975 1
10830 2923 1
10830 5297 1
10830 8173 1
1444 4596 1
1444 5491 1
1444 6277 1
1444 3007 1
1444 9846 1
2671 3275 1
2671 8242 1
2671 468 1
2671 9140 1
3494 960 1
3494 1368 1
3494 1066 1
3494 2119 1
3494 8687 1
10902 5329 1
10902 2992 1
10902 6557 1
10902 44 1
10902 2681 1
1153 606 1
9353 4071 1
9353 3144 1
9353 5905 1
10999 7927 1
10999 4693 1
10999 5329 1
10999 948 1
10999 2366 1
6061 6139 1
6061 7031 1
6061 264 1
6061 6097 1
6061 8153 1
2387 10333 1
2387 640 1
2387 5343 1
4033 1250 1
4033 1416 1
4033 2601 1
4033 7885 1
1564 6935 1
1564 258 1
1564 10588 1
1564 3301 1
6507 6623 1
6507 5343 1
6507 10333 1
9799 3045 1
9799 5723 1
9799 3854 1
9799 7412 1
9799 10887 1
4576 8073 1
4576 8226 1
4576 6836 1
4576 856 1
4576 3062 1
8666 720 1
8666 1749 1
8666 1394 1
8666 3075 1
8666 3813 1
7439 9612 1
7439 3467 1
7439 5994 1
7439 219 1
7439 2052 1
5825 7089 1
5825 3542 1
5825 9579 1
5825 1384 1
5825 2603 1
9559 3992 1
9559 7402 1
9559 6312 1
9559 554 1
1236 1812 1
1236 4828 1
1236 5109 1
1236 1087 1
1236 7647 1
2111 9661 1
2111 5083 1
2111 7068 1
2111 1769 1
2111 4634 1
10723 9473 1
10723 159 1
10723 6549 1
10723 6572 1
1677 2886 1
1677 5839 1
1677 4954 1
6087 824 1
6087 1748 1
6087 895 1
6087 3295 1
6087 5519 1
3618 3367 1
3618 11126 1
3618 7213 1
3618 447 1
3618 7483 1
7733 614 1
7733 1944 1
7733 1088 1
7733 3010 1
7733 8037 1
3333 1244 1
3333 4054 1
3333 4752 1
3333 203 1
6971 7939 1
6971 5360 1
6971 340 1
6971 8829 1
5325 7858 1
5325 7630 1
5325 10596 1
5325 1052 1
3689 4195 1
3689 4704 1
3689 9645 1
7370 10628 1
7370 10374 1
7370 281 1
7370 11177 1
7370 6304 1
11171 9277 1
11171 8009 1
11171 9493 1
11171 1293 1
11171 6041 1
4112 1668 1
4112 2530 1
4112 2214 1
4112 7938 1
4112 9758 1
1643 944 1
1643 3977 1
1643 1153 1
1643 3604 1
1643 8572 1
3289 2548 1
3289 10834 1
3289 10305 1
3289 14 1
3289 7067 1
2466 4830 1
2466 3464 1
2466 398 1
2466 944 1
2466 5910 1
5700 3538 1
5700 5700 1
5700 8604 1
3760 1642 1
3760 8829 1
3760 7939 1
3760 725 1
2801 4472 1
2801 116 1
2801 3914 1
5664 1017 1
5664 2267 1
5664 1152 1
5664 5086 1
8143 3836 1
8143 9277 1
8143 6685 1
8143 1391 1
8143 8406 1
7729 7907 1
7729 7173 1
7729 10256 1
7729 1099 1
8552 4818 1
8552 4296 1
8552 6836 1
8552 1449 1
8552 3838 1
7274 1250 1
7274 2226 1
7274 1416 1
7274 2686 1
5533 9885 1
5533 7957 1
5533 8628 1
5533 1133 1
6752 8215 1
6752 5505 1
5106 6470 1
5106 4564 1
5106 5393 1
5106 3521 1
11064 4596 1
11064 7831 1
11064 7281 1
11064 1762 1
11064 10528 1
10241 5994 1
10241 4170 1
10241 6305 1
4480 9400 1
4480 5964 1
4480 129 1
7683 9371 1
7683 5839 1
7683 2772 1
1099 9856 1
1099 3721 1
1099 10944 1
1099 3585 1
1099 7416 1
2877 7504 1
2877 8073 1
2877 296 1
2877 3229 1
2877 3373 1
4947 7229 1
4947 11007 1
4947 1082 1
4947 2877 1
4947 9275 1
832 771 1
832 2817 1
832 4257 1
832 3887 1
4124 4185 1
4124 7119 1
4124 1619 1
8394 10535 1
5925 9964 1
5925 8936 1
5925 10804 1
5925 1444 1
5925 7699 1
164 10306 1
164 5764 1
164 1956 1
5387 1326 1
5387 1986 1
5387 1368 1
5387 2867 1
5387 3748 1
8911 9899 1
8911 1083 1
8911 707 1
8911 2188 1
8911 7746 1
7265 4141 1
7265 2842 1
7265 8604 1
3150 9994 1
3150 4098 1
3150 627 1
3150 9105 1
8073 1688 1
8073 3173 1
8073 1954 1
8073 5437 1
5604 2162 1
5604 3344 1
5604 2363 1
5604 10318 1
3166 954 1
3166 1453 1
3166 2451 1
3166 6372 1
7281 1281 1
7281 2822 1
7281 1718 1
7281 3491 1
7281 3692 1
5658 3166 1
5658 8363 1
5658 643 1
5658 1054 1
2835 10681 1
2835 2425 1
2835 10840 1
2835 1548 1
2835 2090 1
6950 3263 1
6950 7002 1
6950 7354 1
4501 1686 1
4501 3542 1
4501 2021 1
4501 10019 1
4501 8930 1
5324 944 1
5324 1892 1
5324 1153 1
5324 2890 1
5324 8572 1
3678 4357 1
3678 264 1
3678 5442 1
5329 2992 1
5329 7927 1
5329 4693 1
5329 44 1
5329 6782 1
2860 452 1
2860 584 1
2860 2484 1
2860 10087 1
9099 4144 1
9099 10388 1
9099 5358 1
9099 536 1
9099 1876 1
7453 8658 1
7453 5700 1
7453 1066 1
7453 11123 1
9922 3022 1
9922 4135 1
9922 3678 1
9922 6577 1
9922 8239 1
9449 2753 1
9449 5989 1
9449 3673 1
9449 8296 1
9449 11120 1
1224 6170 1
1224 9067 1
2047 10748 1
2047 9078 1
2047 5001 1
2047 1190 1
2047 6748 1
5419 6170 1
7701 10091 1
7701 1494 1
7701 1769 1
9796 10849 1
9796 672 1
9796 6063 1
1566 10882 1
1566 7640 1
1566 8336 1
1566 2601 1
1566 6297 1
4892 9011 1
4892 8603 1
4892 258 1
4892 5597 1
4892 10723 1
1600 4618 1
1600 10047 1
1600 4107 1
1600 1068 1
1600 2064 1
10653 1890 1
10653 7186 1
10653 10883 1
10653 1573 1
10653 7145 1
10421 4198 1
1368 1326 1
1368 5573 1
1368 1986 1
1368 6293 1
1368 2073 1
5437 1634 1
5437 3636 1
5437 1796 1
5437 10882 1
5437 5774 1
10031 10209 1
10031 1082 1
10031 7098 1
2648 875 1
2648 1456 1
2648 910 1
2648 9196 1
5012 5248 1
5012 5994 1
5012 10830 1
5012 4170 1
5012 9946 1
5835 5625 1
5835 10021 1
612 9707 1
612 7824 1
612 1196 1
612 1769 1
612 2555 1
2657 7824 1
2657 9814 1
2657 62 1
2657 2928 1
7520 2430 1
7520 4431 1
7520 3080 1
7520 6687 1
7520 7554 1
532 2925 1
532 2175 1
532 6938 1
532 9072 1
6293 1326 1
6293 1986 1
6293 1368 1
6293 2867 1
6293 3748 1
6023 1326 1
6023 1986 1
6023 1368 1
6023 2867 1
6023 3520 1
7669 3789 1
11010 4837 1
11010 6589 1
11010 668 1
5993 7213 1
5993 6822 1
5993 9669 1
5993 6161 1
232 4941 1
232 3957 1
232 2958 1
232 9015 1
10108 2358 1
10108 5052 1
10108 4171 1
10108 7542 1
10108 8484 1
3144 916 1
3144 1956 1
3144 973 1
3144 9603 1
3144 9359 1
8082 8172 1
8082 8209 1
8082 380 1
8082 3550 1
4690 1449 1
4690 2891 1
4690 9878 1
4690 1795 1
8267 771 1
8267 1034 1
8267 832 1
8267 2817 1
8267 4067 1
2506 2355 1
2506 9164 1
2506 4480 1
2506 5540 1
2506 5026 1
10751 3286 1
10751 3928 1
10751 6267 1
10751 10295 1
8282 5597 1
8282 9011 1
8282 258 1
8282 6876 1
8282 6894 1
1698 6575 1
1698 8102 1
1698 10798 1
1698 8004 1
