658 9013 1
9013 657 1
9013 3817 1
9013 6026 1
9013 1131 1
9013 3499 1
3499 2367 1
3499 9013 1
3499 8437 1
3499 4422 1
3499 8477 1
657 7 1
657 7901 1
657 873 1
657 10660 1
657 10668 1
3817 7656 1
3817 9013 1
3817 9383 1
1131 9984 1
1131 9383 1
1131 10331 1
1131 2696 1
1131 6414 1
6026 95 1
6026 7694 1
6026 3239 1
6026 618 1
6026 7240 1
10668 7 1
10668 7901 1
10668 1619 1
10668 2217 1
10668 4185 1
8437 2367 1
8437 8477 1
8437 3753 1
8437 4422 1
8437 10584 1
3239 14 1
3239 9259 1
3239 3776 1
3239 817 1
3239 7332 1
10660 7 1
10660 5808 1
10660 10668 1
10660 1619 1
10660 3325 1
7901 7 1
7901 10660 1
7901 1619 1
7901 2217 1
7901 4185 1
7694 410 1
7694 10376 1
7694 4316 1
7694 1077 1
7694 10090 1
7 7901 1
7 2802 1
7 4185 1
7 2217 1
7 5808 1
8477 148 1
8477 11165 1
8477 4422 1
8477 1234 1
8477 2185 1
2367 95 1
2367 6026 1
2367 10584 1
2367 11135 1
2367 7240 1
4422 148 1
4422 11165 1
4422 5072 1
4422 1234 1
4422 2185 1
7240 95 1
7240 6423 1
7240 8463 1
7240 2288 1
7240 4492 1
10331 1131 1
10331 8852 1
10331 10133 1
10331 2696 1
10331 7536 1
95 1152 1
95 8756 1
95 11135 1
95 7240 1
95 7504 1
9984 1131 1
2696 1131 1
2696 6041 1
2696 3440 1
2696 10331 1
2696 1330 1
618 5904 1
618 2296 1
618 7778 1
618 3203 1
618 6026 1
6414 365 1
6414 9383 1
6414 11136 1
6414 8852 1
6414 10757 1
7656 3817 1
9383 22 1
9383 8257 1
9383 5242 1
9383 544 1
9383 5890 1
873 184 1
873 1141 1
873 6737 1
873 657 1
873 10161 1
1152 3747 1
1152 4942 1
1152 4142 1
1152 370 1
1152 9446 1
5808 7 1
5808 10668 1
5808 1619 1
5808 2217 1
5808 4185 1
10133 7536 1
10133 10331 1
3440 1131 1
3440 5994 1
3440 8852 1
3440 10016 1
3440 3975 1
8463 2288 1
8463 10534 1
8463 4816 1
8463 7240 1
8463 3195 1
7504 95 1
7504 4003 1
7504 7308 1
7504 1252 1
7504 3623 1
6423 4492 1
6423 5467 1
6423 7240 1
817 336 1
817 2296 1
817 3610 1
817 6400 1
817 6026 1
4492 2846 1
4492 10837 1
4492 8406 1
4492 6423 1
4492 6407 1
544 70 1
544 5093 1
544 854 1
544 497 1
544 8157 1
11135 95 1
11135 2367 1
11135 7240 1
5072 1680 1
5072 10855 1
5072 9013 1
5072 3499 1
5072 4422 1
10376 336 1
10376 9609 1
10376 4585 1
10376 1487 1
10376 10527 1
8756 18 1
8756 5241 1
8756 3692 1
8756 264 1
8756 3882 1
1330 1131 1
1330 2696 1
1330 3440 1
1330 10331 1
1330 7978 1
184 10240 1
184 10239 1
184 7520 1
184 3975 1
184 1423 1
10757 0 1
10757 8229 1
10757 5968 1
10757 629 1
10757 6689 1
5904 33 1
5904 7778 1
5904 6026 1
5904 1765 1
5904 3203 1
2802 7 1
2802 10668 1
2802 7901 1
2802 1491 1
2802 10660 1
22 3930 1
22 9383 1
22 2693 1
22 10110 1
22 4059 1
410 336 1
410 9898 1
410 7881 1
410 7373 1
410 3973 1
2296 130 1
2296 4586 1
2296 8979 1
2296 6976 1
2296 2761 1
8852 1131 1
8852 10331 1
8852 2696 1
8852 3440 1
8852 7906 1
3776 336 1
3776 7273 1
3776 3711 1
3776 817 1
3776 5801 1
365 11136 1
365 6414 1
1141 247 1
1141 10161 1
1141 10140 1
1141 1398 1
1141 11146 1
10584 148 1
10584 6866 1
10584 9368 1
10584 3499 1
10584 5072 1
10161 873 1
10161 9535 1
10161 2084 1
10161 3027 1
10161 6086 1
7778 95 1
7778 6026 1
7778 618 1
7778 817 1
7778 5904 1
11136 365 1
11136 10692 1
11136 6167 1
11136 2441 1
11136 3875 1
5242 271 1
5242 8157 1
5242 6934 1
5242 628 1
5242 7154 1
4316 336 1
4316 10090 1
4316 4997 1
4316 1487 1
4316 7088 1
6737 7945 1
6737 4000 1
6737 830 1
6737 10588 1
6737 6938 1
9259 130 1
9259 3649 1
9259 7886 1
9259 1234 1
9259 3239 1
3753 2171 1
3753 8437 1
3753 8477 1
3753 2756 1
3753 4422 1
7536 10331 1
7536 10133 1
1619 7 1
1619 3325 1
1619 9655 1
1619 5540 1
1619 10660 1
2217 7 1
2217 3325 1
2217 1619 1
2217 5808 1
2217 4185 1
6041 1131 1
6041 9535 1
6041 10331 1
6041 11171 1
6041 10077 1
3325 7 1
3325 10668 1
3325 1619 1
3325 2217 1
3325 10660 1
14 10305 1
14 5812 1
14 7961 1
14 8513 1
14 3051 1
4185 7 1
4185 10660 1
4185 6211 1
4185 1619 1
4185 4789 1
2185 41 1
2185 4422 1
2185 6451 1
2185 1409 1
2185 1915 1
148 10584 1
148 8477 1
148 3992 1
148 2569 1
148 11165 1
3203 618 1
3203 6892 1
3203 3239 1
3203 1425 1
3203 5801 1
10090 410 1
10090 5799 1
10090 9609 1
10090 3612 1
10090 4316 1
7332 14 1
7332 9658 1
7332 3239 1
7332 3292 1
7332 10834 1
2288 5441 1
2288 8463 1
2288 10725 1
2288 10534 1
2288 7307 1
8257 271 1
8257 7006 1
8257 9383 1
8257 1301 1
8257 6430 1
1077 817 1
1077 7694 1
1077 1822 1
1077 3239 1
1077 6026 1
11165 148 1
11165 10615 1
11165 6551 1
11165 2220 1
11165 11168 1
5890 184 1
5890 5771 1
5890 7520 1
5890 9383 1
1234 363 1
1234 4213 1
1234 7700 1
1234 1131 1
1234 3950 1
4586 1056 1
4586 10032 1
4586 9642 1
4586 4770 1
4586 7210 1
7373 158 1
7373 10489 1
7373 9029 1
7373 596 1
7373 10721 1
9898 410 1
9898 7631 1
9898 9658 1
9898 3973 1
9898 5622 1
4059 22 1
4059 9658 1
4059 7631 1
4059 1659 1
4059 3930 1
10110 22 1
10110 10435 1
10110 3930 1
10110 4059 1
10110 7049 1
2693 22 1
2693 3321 1
2693 6350 1
2693 1890 1
2693 9799 1
9658 14 1
9658 10198 1
9658 7631 1
9658 492 1
9658 8144 1
1423 184 1
1423 9383 1
1423 7119 1
5801 336 1
5801 3610 1
5801 7694 1
5801 1077 1
5801 3203 1
3612 410 1
3612 9162 1
3612 7694 1
3612 10376 1
3612 3973 1
3930 22 1
3930 9383 1
3930 4059 1
3930 10110 1
3930 2693 1
1491 657 1
1491 2802 1
1491 5502 1
1765 33 1
1765 8573 1
1765 7894 1
1765 6656 1
1765 6388 1
3973 410 1
3973 4585 1
3973 9804 1
3973 1549 1
3973 5433 1
6689 161 1
6689 5496 1
6689 3597 1
6689 667 1
6689 4019 1
629 8523 1
629 3397 1
629 10757 1
629 85 1
629 3386 1
6400 336 1
6400 5007 1
6400 6892 1
6400 3239 1
6400 4032 1
1425 469 1
1425 5449 1
1425 3203 1
1425 4169 1
1425 6078 1
8229 8759 1
8229 5974 1
8229 1623 1
8229 180 1
8229 5894 1
70 10400 1
70 1453 1
70 9877 1
70 6789 1
70 4621 1
0 9120 1
0 5167 1
0 6519 1
0 10757 1
0 109 1
5771 184 1
5771 6186 1
5771 7162 1
5771 3885 1
5771 10183 1
10239 184 1
10239 10016 1
10239 3440 1
10239 3975 1
10239 6771 1
8979 453 1
8979 6688 1
8979 8040 1
8979 817 1
8979 9264 1
5994 41 1
5994 10212 1
5994 3467 1
5994 666 1
5994 8854 1
11168 1199 1
11168 4681 1
11168 8518 1
11168 2256 1
11168 3827 1
10240 184 1
10240 9383 1
10240 6281 1
10240 7365 1
10240 1552 1
10837 409 1
10837 9943 1
10837 4670 1
10837 1578 1
10837 2934 1
7881 410 1
7881 9898 1
7881 9658 1
7881 4059 1
7881 7631 1
7978 1202 1
7978 7891 1
7978 10294 1
7978 2824 1
7978 4474 1
18 7845 1
18 976 1
18 3699 1
18 1688 1
18 6595 1
3882 18 1
3882 7229 1
3882 4871 1
3882 296 1
3882 5503 1
5241 10551 1
5241 6328 1
5241 1233 1
5241 85 1
5241 10287 1
3649 130 1
3649 10032 1
3649 9555 1
3649 594 1
3649 4284 1
5968 10330 1
5968 3317 1
5968 2369 1
5968 256 1
5968 10397 1
8157 271 1
8157 6767 1
8157 8462 1
8157 1301 1
8157 9383 1
6167 56 1
6167 11136 1
6167 1131 1
6167 1473 1
6167 4659 1
7520 62 1
7520 7520 1
7520 5890 1
7520 1893 1
7520 3080 1
10527 84 1
10527 8459 1
10527 9899 1
10527 850 1
10527 10412 1
7700 1234 1
7700 11165 1
7700 5674 1
7700 6065 1
7700 10855 1
9446 161 1
9446 5906 1
9446 4019 1
9446 667 1
9446 4230 1
363 62 1
363 4605 1
363 2015 1
363 9291 1
363 4596 1
1915 2185 1
6086 261 1
6086 10981 1
6086 8398 1
6086 1956 1
6086 9535 1
6430 271 1
6430 6401 1
6430 10549 1
6430 1301 1
6430 8157 1
7307 306 1
7307 10725 1
7307 1437 1
7307 2100 1
7307 6960 1
10615 1659 1
10615 2220 1
10615 11165 1
5441 10009 1
5441 4352 1
5441 2461 1
5441 75 1
5441 7095 1
3292 14 1
3292 10437 1
3292 5812 1
3292 1258 1
3292 5181 1
6892 233 1
6892 5103 1
6892 3215 1
6892 397 1
6892 3610 1
6407 16 1
6407 6525 1
6407 7466 1
6407 531 1
6407 10782 1
1409 10341 1
1409 4346 1
1409 6121 1
1409 6954 1
1409 4591 1
6938 18 1
6938 6595 1
6938 3926 1
6938 296 1
6938 4730 1
6451 41 1
6451 8718 1
6451 3946 1
6451 11200 1
6451 2185 1
5093 271 1
5093 10549 1
5093 6757 1
5093 1301 1
5093 10365 1
4789 4185 1
4789 8994 1
4789 6211 1
8513 14 1
8513 10834 1
8513 2666 1
8513 3051 1
8513 7961 1
7961 14 1
7961 10834 1
7961 1549 1
7961 2666 1
7961 4882 1
7088 158 1
7088 10604 1
7088 10527 1
7088 596 1
7088 10191 1
10305 14 1
10305 8513 1
10305 9952 1
10305 1258 1
10305 10729 1
4000 6099 1
4000 6894 1
4000 1564 1
4000 180 1
4000 8719 1
10077 426 1
10077 8789 1
10077 6011 1
10077 1695 1
10077 10331 1
5540 75 1
5540 5569 1
5540 9484 1
5540 414 1
5540 9011 1
9655 1619 1
9655 5540 1
9655 2462 1
9655 3144 1
9655 8701 1
6551 5072 1
6551 8591 1
6551 8356 1
6551 10855 1
6551 9180 1
10140 887 1
10140 9107 1
10140 5620 1
10140 1141 1
10140 2075 1
264 10135 1
264 542 1
264 8274 1
264 85 1
264 8724 1
3950 1234 1
3950 7058 1
3950 8560 1
3950 3958 1
3950 3021 1
2756 60 1
2756 3284 1
2756 4416 1
2756 355 1
2756 10024 1
1398 1141 1
1301 271 1
1301 7183 1
1301 4850 1
1301 6401 1
1301 8703 1
2171 3753 1
2171 2181 1
2171 5942 1
2171 8465 1
2569 148 1
2569 10050 1
2569 9804 1
2569 1340 1
2569 8416 1
6934 271 1
6934 9744 1
6934 8703 1
6934 1301 1
6934 6430 1
7886 130 1
7886 9224 1
7886 10412 1
7886 2483 1
7886 6885 1
9535 5099 1
9535 10331 1
9535 6086 1
9535 8184 1
9535 6041 1
4213 1234 1
4213 10154 1
4213 6065 1
4213 8149 1
4213 9980 1
830 18 1
830 6737 1
830 4871 1
830 264 1
830 8756 1
7945 6918 1
7945 6770 1
7945 1535 1
7945 180 1
7945 6595 1
11146 1141 1
11146 8398 1
11146 2877 1
11146 3180 1
11146 10140 1
4997 775 1
4997 8232 1
4997 6388 1
4997 3654 1
4997 4316 1
7154 601 1
7154 9361 1
7154 6713 1
7154 788 1
7154 9752 1
6866 10584 1
6866 10177 1
2220 94 1
2220 10615 1
2220 8004 1
2220 630 1
2220 9064 1
1822 817 1
1822 9259 1
1822 8979 1
1822 6433 1
1822 5801 1
628 6848 1
628 5242 1
628 3211 1
628 4933 1
628 2219 1
271 6401 1
271 10589 1
271 9916 1
271 3755 1
271 8390 1
2441 1131 1
2441 11136 1
2441 4659 1
2441 6167 1
11171 1293 1
11171 10331 1
11171 6041 1
11171 8009 1
11171 9493 1
6211 2203 1
6211 4185 1
6211 4789 1
6211 6714 1
3027 10161 1
3027 7906 1
3027 6086 1
3027 8609 1
9368 148 1
9368 10584 1
9368 4667 1
9368 1471 1
9368 8975 1
3992 143 1
3992 5626 1
3992 3838 1
3992 554 1
3992 814 1
10834 14 1
10834 9376 1
10834 3239 1
10834 1485 1
10834 7961 1
1680 1166 1
1680 4206 1
1680 5072 1
1680 10054 1
1680 8158 1
10725 573 1
10725 7307 1
10725 10487 1
10725 2307 1
10725 5044 1
7906 3027 1
7906 6086 1
7906 11136 1
7906 8852 1
10692 11136 1
2846 5562 1
2846 6196 1
2846 11022 1
2846 329 1
2846 7120 1
7308 176 1
7308 10147 1
7308 4253 1
7308 1252 1
7308 8767 1
33 6688 1
33 7722 1
33 7779 1
33 8988 1
33 8007 1
130 6433 1
130 7886 1
130 705 1
130 3649 1
130 9259 1
247 3232 1
247 4234 1
247 721 1
247 3075 1
247 7366 1
8406 1845 1
8406 10837 1
8406 6687 1
8406 3433 1
8406 9205 1
3195 1213 1
3195 7503 1
3195 8463 1
6976 410 1
6976 10376 1
6976 9609 1
6976 2296 1
6976 4316 1
10588 6648 1
10588 6563 1
10588 1564 1
10588 85 1
10588 6391 1
7006 271 1
7006 8462 1
7006 8373 1
7006 1301 1
7006 6430 1
41 11200 1
41 8718 1
41 8323 1
41 8854 1
41 5994 1
5812 14 1
5812 7067 1
5812 2028 1
5812 2145 1
5812 10305 1
3623 322 1
3623 9007 1
3623 7511 1
3623 687 1
3623 4454 1
3975 184 1
3975 5159 1
3975 5297 1
3975 1424 1
3975 5248 1
10855 5072 1
10855 6551 1
10855 7700 1
10855 11165 1
7273 3694 1
7273 8816 1
7273 4214 1
7273 4360 1
7273 6416 1
4003 176 1
4003 9275 1
4003 6099 1
4003 687 1
4003 7504 1
4585 410 1
4585 9609 1
4585 11191 1
4585 3973 1
4585 9063 1
5799 410 1
5799 10090 1
5799 1487 1
5799 4032 1
5799 10376 1
3610 14 1
3610 7332 1
3610 6733 1
3610 989 1
3610 3292 1
4816 8463 1
370 94 1
370 4724 1
370 4947 1
370 1152 1
370 6364 1
336 3776 1
336 4338 1
336 1297 1
336 3653 1
336 6892 1
2761 130 1
2761 2296 1
2761 10177 1
2761 10555 1
4942 176 1
4942 8767 1
4942 4132 1
4942 1152 1
4942 6099 1
1487 410 1
1487 10090 1
1487 10640 1
1487 4032 1
1487 10376 1
5467 294 1
5467 4921 1
5467 8085 1
5467 2984 1
5467 3978 1
2084 4136 1
2084 9606 1
2084 9125 1
2084 6086 1
2084 10161 1
3875 2616 1
3875 7417 1
3875 9380 1
3875 2987 1
3875 10757 1
3747 32 1
3747 6443 1
3747 3130 1
3747 472 1
3747 3597 1
3051 14 1
3051 3292 1
3051 2666 1
3051 10305 1
3051 8513 1
10016 1659 1
10016 6771 1
10016 10155 1
10016 3868 1
10016 5994 1
3711 403 1
3711 3776 1
497 8998 1
497 10123 1
497 10804 1
497 85 1
497 2946 1
4142 161 1
4142 9823 1
4142 4027 1
4142 667 1
4142 7190 1
10534 424 1
10534 10950 1
10534 4156 1
10534 2058 1
10534 9130 1
1252 176 1
1252 10954 1
1252 7511 1
1252 775 1
1252 1341 1
854 271 1
854 2540 1
854 8703 1
854 2947 1
854 7183 1
9609 410 1
9609 10090 1
9609 5622 1
9609 1549 1
9609 10640 1
3692 18 1
3692 8767 1
3692 10964 1
3692 296 1
3692 4128 1
2075 10140 1
2075 5620 1
2075 7638 1
6563 7239 1
6563 6918 1
6563 1681 1
6563 180 1
6563 8716 1
7503 447 1
7503 8109 1
7503 7140 1
7503 2303 1
7503 3195 1
9205 8406 1
9205 8886 1
4253 176 1
4253 6383 1
4253 9457 1
4253 1190 1
4253 8767 1
721 247 1
3232 147 1
3232 4604 1
3232 9406 1
3232 398 1
3232 6346 1
8988 33 1
8988 8898 1
8988 3920 1
8988 717 1
8988 1390 1
8767 8345 1
8767 3926 1
8767 2851 1
8767 240 1
8767 10539 1
10147 176 1
10147 9371 1
10147 4003 1
10147 1110 1
10147 7308 1
329 11182 1
329 2846 1
11022 181 1
11022 3449 1
11022 4859 1
11022 1963 1
11022 2846 1
8158 1680 1
8158 3863 1
8158 5072 1
8158 6464 1
554 5840 1
554 6312 1
554 9784 1
554 8939 1
554 3992 1
5626 148 1
5626 11165 1
5626 2569 1
5626 3427 1
5626 4422 1
8323 41 1
8323 10717 1
6687 62 1
6687 8406 1
6687 4431 1
6687 4605 1
6687 7178 1
143 3992 1
1471 529 1
1471 8568 1
1471 9368 1
1471 2438 1
1471 5929 1
8609 217 1
8609 6699 1
8609 4931 1
8609 1468 1
8609 8229 1
2145 14 1
2145 9952 1
2145 5812 1
2145 704 1
2145 10305 1
9916 271 1
9916 1028 1
2219 271 1
2219 5866 1
2219 8257 1
2219 628 1
2219 3145 1
4933 628 1
4933 5638 1
4933 10365 1
4933 3300 1
4933 11009 1
6848 628 1
6848 4827 1
6848 8938 1
6848 2219 1
6848 4262 1
6433 130 1
6433 8471 1
6433 9224 1
6433 705 1
6433 3239 1
10177 130 1
10177 10555 1
10177 6660 1
10177 1765 1
10177 3009 1
6885 130 1
6885 9224 1
6885 9555 1
6885 1881 1
6885 6433 1
9752 601 1
9752 9188 1
9752 6163 1
9752 788 1
9752 6334 1
6713 659 1
6713 7154 1
6713 6163 1
6713 910 1
6713 2648 1
9361 659 1
9361 9196 1
9361 5448 1
9361 910 1
9361 9834 1
601 9607 1
601 11003 1
601 3535 1
601 7436 1
601 1633 1
1424 427 1
1424 3975 1
1424 8340 1
1424 1220 1
1424 2279 1
775 304 1
775 6228 1
775 4834 1
775 4997 1
775 6374 1
3180 852 1
3180 9392 1
3180 4055 1
3180 1695 1
3180 4233 1
6918 6723 1
6918 6595 1
6918 1535 1
6918 85 1
6918 6526 1
7120 299 1
7120 6552 1
7120 4842 1
7120 997 1
7120 5278 1
7366 247 1
7366 4516 1
7366 8457 1
7366 1992 1
7366 3649 1
8184 879 1
8184 9535 1
8184 4946 1
8184 6086 1
8184 4392 1
9007 621 1
9007 10245 1
9007 5559 1
9007 1132 1
9007 5978 1
7722 33 1
7722 9449 1
7722 6688 1
7722 7419 1
7722 1765 1
10191 158 1
10191 5673 1
10191 8036 1
10191 1913 1
10191 4319 1
5099 10161 1
5099 9535 1
2483 594 1
2483 11043 1
2483 7886 1
8007 33 1
8007 9379 1
8007 9402 1
8007 2672 1
8007 5968 1
8416 1340 1
8416 9610 1
8416 2056 1
8416 2569 1
8416 10050 1
1340 8416 1
1340 2056 1
1340 10050 1
1340 2596 1
1340 2569 1
10050 423 1
10050 5298 1
10050 8416 1
10050 1653 1
10050 2596 1
7183 271 1
7183 7006 1
7183 9383 1
7183 1301 1
7183 6430 1
10024 220 1
10024 4125 1
10024 8074 1
10024 1597 1
10024 2756 1
355 536 1
355 3284 1
355 2756 1
355 545 1
355 6744 1
2824 1314 1
2824 7978 1
2824 8610 1
2824 5846 1
3284 355 1
3284 4418 1
3284 545 1
3284 2756 1
3284 4537 1
8560 1234 1
8560 3950 1
8724 264 1
8724 8316 1
8724 8998 1
8724 1025 1
8724 6498 1
94 7040 1
94 9758 1
94 6364 1
94 7559 1
94 1791 1
8274 9870 1
8274 5974 1
8274 1157 1
8274 85 1
8274 5964 1
542 6059 1
542 4000 1
542 3644 1
542 180 1
542 7064 1
10135 264 1
10135 8316 1
10135 9600 1
10135 1025 1
10135 6498 1
5620 1265 1
5620 7638 1
5620 10140 1
5620 3015 1
5620 9408 1
1535 1958 1
1535 2568 1
1535 1412 1
1535 85 1
1535 2552 1
6443 161 1
6443 6109 1
6443 4027 1
6443 667 1
6443 4648 1
176 18 1
176 4725 1
176 9490 1
176 2821 1
176 7505 1
8356 6551 1
8356 9180 1
8591 6551 1
8591 10931 1
8591 9799 1
8591 9180 1
8591 10887 1
4416 643 1
4416 7647 1
4416 6205 1
4416 1087 1
4416 4501 1
10551 10726 1
10551 6391 1
10551 1229 1
10551 159 1
10551 6099 1
7779 33 1
7779 7105 1
7779 10243 1
7779 1513 1
7779 3529 1
2462 9655 1
2462 7711 1
2462 8551 1
2462 4185 1
2462 8990 1
7365 184 1
7365 11009 1
7365 10240 1
7365 9383 1
414 9164 1
414 965 1
414 7229 1
414 71 1
414 7098 1
9484 5230 1
9484 5540 1
5569 5606 1
5569 5442 1
5569 3552 1
5569 232 1
5569 3951 1
1695 10077 1
1695 3103 1
1695 3854 1
1695 8398 1
1695 3180 1
8465 1036 1
8465 5942 1
8465 2181 1
8465 3753 1
8465 2171 1
6011 1923 1
6011 8199 1
6011 10868 1
6011 4501 1
6011 7041 1
426 403 1
426 8014 1
426 3166 1
426 2754 1
426 3303 1
9744 271 1
9744 7006 1
9744 9383 1
9744 1301 1
9744 6430 1
1564 5611 1
1564 10528 1
1564 1412 1
1564 85 1
1564 6935 1
6894 9319 1
6894 8282 1
6894 1664 1
6894 180 1
6894 9141 1
5248 286 1
5248 7919 1
5248 4756 1
5248 1335 1
5248 8561 1
7119 184 1
7119 10292 1
7119 6268 1
7119 1165 1
7119 2009 1
5044 2307 1
5044 10725 1
2181 377 1
2181 6386 1
2181 8465 1
2181 982 1
2181 8469 1
9952 704 1
9952 10305 1
9952 3292 1
9952 4305 1
9952 2145 1
4882 14 1
4882 10305 1
4882 2666 1
4882 3051 1
4882 10834 1
814 310 1
814 8622 1
814 2200 1
814 4195 1
814 10601 1
8994 512 1
8994 5503 1
8994 10915 1
8994 1772 1
8994 4766 1
6525 10343 1
6525 7768 1
6525 1661 1
6525 180 1
6525 8627 1
10729 14 1
10729 2145 1
10729 5181 1
10729 1545 1
10729 2015 1
6757 271 1
6757 5671 1
6757 8462 1
6757 544 1
6757 9244 1
3838 1496 1
3838 4457 1
3838 3992 1
3838 8066 1
3838 7302 1
11200 41 1
11200 6451 1
11200 8718 1
8718 41 1
8718 8119 1
8718 11200 1
8718 2698 1
8718 3983 1
4730 18 1
4730 5191 1
4730 5443 1
4730 296 1
4730 5503 1
4591 1234 1
4591 8477 1
4591 1659 1
4591 2185 1
4591 5206 1
1213 89 1
1213 10290 1
1213 2772 1
1213 9579 1
1213 3195 1
6121 1036 1
6121 4521 1
6121 6386 1
6121 1676 1
6121 2185 1
6648 68 1
6648 7457 1
6648 4629 1
6648 478 1
6648 5064 1
7466 310 1
7466 6407 1
7466 11142 1
16 9346 1
16 5970 1
16 7914 1
16 10759 1
16 3062 1
233 10588 1
233 2243 1
233 8330 1
233 8712 1
233 4073 1
8004 1087 1
8004 8148 1
8004 6554 1
8004 1698 1
8004 2329 1
5181 14 1
5181 10729 1
5181 1549 1
5181 2028 1
5181 10305 1
4234 247 1
4234 9263 1
4234 731 1
4234 10225 1
4234 9765 1
6688 33 1
6688 5904 1
6688 6801 1
6688 2753 1
6688 4589 1
7511 137 1
7511 10396 1
7511 8703 1
7511 1252 1
7511 10326 1
3653 102 1
3653 8036 1
3653 10248 1
3653 336 1
3653 7798 1
1199 5360 1
1199 11168 1
1199 3283 1
1199 9796 1
1199 5671 1
8789 3854 1
8789 6955 1
8789 11072 1
8789 10077 1
4169 1425 1
4169 6951 1
4169 3768 1
4169 5874 1
4169 3203 1
9107 214 1
9107 9172 1
9107 3354 1
9107 4194 1
9107 7064 1
109 0 1
109 3390 1
109 839 1
109 4848 1
109 10235 1
573 9315 1
573 7099 1
573 10725 1
573 8855 1
9980 286 1
9980 10736 1
9980 4213 1
9980 5752 1
9980 9761 1
9162 1448 1
9162 9555 1
9162 10647 1
9162 3612 1
9162 7266 1
630 94 1
630 9064 1
630 7385 1
630 7040 1
630 1791 1
5562 299 1
5562 9992 1
5562 5382 1
5562 997 1
5562 9347 1
3926 18 1
3926 4432 1
3926 3812 1
3926 264 1
3926 4871 1
6789 70 1
6789 8832 1
6789 512 1
6789 544 1
6789 5070 1
6196 16 1
6196 7171 1
6196 4664 1
6196 920 1
6196 5230 1
9877 70 1
9877 10400 1
9877 512 1
9877 544 1
9877 5692 1
10183 3885 1
10183 5771 1
10183 6186 1
6770 6563 1
6770 6391 1
6770 1564 1
6770 85 1
6770 6194 1
1453 24 1
1453 2603 1
1453 8074 1
1453 497 1
1453 5985 1
9224 130 1
9224 7366 1
9224 9564 1
9224 1881 1
9224 6433 1
7049 484 1
7049 10110 1
7049 2906 1
7049 3384 1
7049 5933 1
2934 1703 1
2934 6312 1
2934 5083 1
2934 10837 1
4206 1680 1
4206 10077 1
4206 6464 1
4206 8990 1
4206 6717 1
10341 1409 1
10341 10757 1
10341 6414 1
10341 6954 1
10341 1659 1
5433 410 1
5433 8144 1
5433 9658 1
5433 4059 1
5433 9804 1
1845 9936 1
1845 3902 1
1845 10242 1
1845 8003 1
1845 6118 1
7162 5771 1
7162 9368 1
8975 8309 1
8975 9368 1
60 6370 1
60 1942 1
60 8115 1
60 7625 1
60 7613 1
469 3768 1
469 1425 1
469 5874 1
3885 6186 1
3885 5771 1
3885 10183 1
9180 304 1
9180 8380 1
9180 4819 1
9180 404 1
9180 5268 1
4681 183 1
4681 10468 1
4681 576 1
4681 1106 1
4681 4564 1
8462 271 1
8462 7006 1
8462 9383 1
8462 1301 1
8462 6430 1
8523 6770 1
8523 6715 1
8523 1443 1
8523 180 1
8523 6563 1
10640 410 1
10640 7310 1
10640 10376 1
10640 3973 1
10640 5799 1
1233 4474 1
1233 3957 1
1233 9733 1
1233 180 1
1233 3945 1
85 1959 1
85 2975 1
85 6737 1
85 9218 1
85 6549 1
1485 14 1
1485 2320 1
1485 6292 1
1485 7523 1
1485 7720 1
667 161 1
667 5244 1
667 8484 1
667 9731 1
667 10073 1
4596 101 1
4596 8167 1
4596 9891 1
4596 446 1
4596 10681 1
4132 95 1
4132 10460 1
4132 6803 1
4132 2367 1
4132 7525 1
1956 14 1
1956 10461 1
1956 3144 1
1956 592 1
1956 2793 1
10954 176 1
10954 10210 1
10954 6926 1
10954 532 1
10954 7505 1
10950 3741 1
10950 3814 1
10950 5541 1
10950 10534 1
403 3776 1
403 7185 1
403 9148 1
403 2403 1
403 426 1
424 374 1
424 3722 1
424 1441 1
424 1110 1
424 8744 1
7190 161 1
7190 6109 1
7190 4027 1
7190 667 1
7190 4648 1
6065 1234 1
6065 10700 1
6065 6911 1
6065 4213 1
6065 5674 1
10155 1337 1
10155 8109 1
10155 10830 1
10155 4756 1
10155 6683 1
472 161 1
472 2950 1
472 9812 1
472 5637 1
472 8543 1
1258 14 1
1258 10834 1
1258 3292 1
1258 10306 1
1258 10729 1
9029 158 1
9029 5673 1
9029 8036 1
9029 1913 1
9029 4319 1
5007 336 1
5007 8908 1
5007 2055 1
5007 3653 1
5007 5402 1
3386 7031 1
3386 8595 1
3386 1892 1
3386 180 1
3386 3945 1
7067 14 1
7067 10305 1
7067 1549 1
7067 2145 1
7067 5812 1
8703 271 1
8703 6757 1
8703 8157 1
8703 1301 1
8703 9744 1
1341 5503 1
1341 10343 1
1341 2877 1
1341 240 1
1341 4936 1
4724 370 1
4724 7598 1
4724 4196 1
4724 1152 1
4724 10850 1
2369 451 1
2369 3722 1
2369 4980 1
2369 3008 1
2369 3814 1
10549 271 1
10549 7006 1
10549 9383 1
10549 1301 1
10549 6430 1
2616 7138 1
2616 3875 1
9606 2084 1
9606 4392 1
9606 8184 1
32 1921 1
32 2768 1
32 4149 1
32 8013 1
32 11103 1
850 840 1
850 8315 1
850 2375 1
850 1686 1
850 9010 1
4136 578 1
4136 2084 1
4136 2290 1
4136 6086 1
3978 1551 1
3978 7637 1
3978 5467 1
3978 3300 1
3978 8522 1
2984 6768 1
2984 7295 1
2984 4921 1
2984 3994 1
2984 10666 1
10412 130 1
10412 10527 1
10412 7366 1
10412 1297 1
10412 2544 1
3868 188 1
3868 4905 1
3868 1359 1
3868 10016 1
3868 7919 1
596 158 1
596 2719 1
596 8636 1
596 3653 1
596 6694 1
9804 383 1
9804 6388 1
9804 7849 1
9804 504 1
9804 8061 1
397 18 1
397 3478 1
397 3181 1
397 7427 1
397 2932 1
8085 2415 1
8085 2463 1
8085 3461 1
8085 5467 1
3130 161 1
3130 4941 1
3130 6936 1
3130 667 1
3130 9071 1
887 209 1
887 4941 1
887 5293 1
887 414 1
887 11187 1
10294 652 1
10294 8841 1
10294 1202 1
10294 3128 1
10294 9319 1
294 5467 1
294 8148 1
294 6597 1
3080 62 1
3080 6639 1
3080 6687 1
3080 2648 1
3080 7178 1
4871 6255 1
4871 3914 1
4871 2854 1
4871 240 1
4871 7047 1
10964 18 1
10964 6328 1
10964 3914 1
10964 240 1
10964 4432 1
10555 67 1
10555 11092 1
10555 4770 1
10555 740 1
10555 9642 1
5974 6642 1
5974 4629 1
5974 944 1
5974 8992 1
5974 7153 1
4338 336 1
4338 4911 1
4338 4316 1
4338 1056 1
4338 5788 1
6364 94 1
6364 5282 1
6364 3516 1
6364 304 1
6364 4112 1
4947 370 1
4947 8767 1
4947 11149 1
4947 613 1
4947 10031 1
10032 67 1
10032 10555 1
10032 4371 1
10032 410 1
10032 10688 1
5942 11 1
5942 6710 1
5942 5125 1
5942 1190 1
5942 8917 1
3211 628 1
3211 4262 1
3211 6848 1
3211 5242 1
3211 2219 1
1166 1680 1
1166 6464 1
4770 336 1
4770 10555 1
4770 8979 1
4770 1518 1
4770 3239 1
6733 14 1
6733 9658 1
6733 3239 1
6733 3292 1
6733 7332 1
9063 410 1
9063 9609 1
9063 3973 1
9063 4585 1
9063 11191 1
3215 233 1
3215 8146 1
3215 8644 1
3215 398 1
3215 6063 1
6078 1425 1
6078 9804 1
6078 2191 1
6078 4247 1
6078 7064 1
3958 3950 1
3958 6689 1
3958 10457 1
3958 8014 1
3958 8321 1
9275 176 1
9275 5443 1
9275 3767 1
9275 532 1
9275 4128 1
4360 1934 1
4360 4214 1
4360 6416 1
4360 7273 1
6350 256 1
6350 10787 1
6350 10422 1
6350 647 1
6350 8073 1
2987 101 1
2987 6489 1
2987 9276 1
2987 446 1
2987 4596 1
4214 6416 1
4214 7273 1
4214 4360 1
6771 286 1
6771 3975 1
6771 5248 1
6771 2102 1
6771 3609 1
8816 1144 1
8816 3694 1
8816 3776 1
8816 7273 1
9011 7663 1
9011 4563 1
9011 818 1
9011 8973 1
9011 10041 1
2058 161 1
2058 8543 1
2058 4648 1
2058 667 1
2058 6197 1
4921 2984 1
4921 3994 1
4921 5467 1
4921 7638 1
3694 872 1
3694 5839 1
3694 3776 1
3694 8816 1
3694 7273 1
3827 1306 1
3827 11097 1
3827 11168 1
3827 6898 1
3827 4189 1
6281 62 1
6281 6281 1
6281 1552 1
6281 3603 1
6281 10240 1
5159 1366 1
5159 7543 1
5159 10878 1
5159 10021 1
5159 5343 1
10589 271 1
10589 11091 1
10589 3147 1
10589 3394 1
10589 6121 1
4454 3392 1
4454 9286 1
4454 9072 1
4454 11043 1
4454 6737 1
9130 2155 1
9130 8778 1
9130 10534 1
5449 1008 1
5449 1425 1
5449 4011 1
5449 7362 1
687 176 1
687 2877 1
687 1945 1
687 7308 1
687 1341 1
9642 1152 1
9642 6803 1
9642 8979 1
9642 3602 1
9642 4942 1
75 4480 1
75 972 1
75 7768 1
75 1540 1
75 165 1
10123 8882 1
10123 5191 1
10123 1130 1
10123 10792 1
10123 11132 1
10981 578 1
10981 6086 1
2015 14 1
2015 5184 1
2015 5573 1
2015 404 1
2015 4422 1
10604 336 1
10604 9555 1
10604 7088 1
10604 1826 1
10604 10326 1
788 601 1
788 9288 1
788 10969 1
788 5187 1
788 5951 1
5906 6803 1
5906 3747 1
5906 2658 1
5906 411 1
5906 7370 1
180 3993 1
180 8998 1
180 10318 1
180 6061 1
180 9427 1
8398 214 1
8398 7249 1
8398 10140 1
8398 962 1
8398 11146 1
5674 1234 1
5674 6911 1
5674 7700 1
5674 11165 1
5674 6065 1
666 1376 1
666 5531 1
666 3577 1
666 1220 1
666 5450 1
1893 7520 1
1893 7407 1
1893 7554 1
1893 3116 1
1893 4640 1
7210 2296 1
7210 9174 1
7210 4586 1
7210 4770 1
7210 8979 1
3021 7058 1
3021 3950 1
976 18 1
976 3692 1
976 6595 1
976 296 1
976 3914 1
158 10998 1
158 7088 1
158 8534 1
158 6694 1
158 3653 1
2203 1619 1
2203 4185 1
2203 5540 1
2203 5253 1
2203 9807 1
3397 3788 1
3397 10529 1
3397 944 1
3397 11129 1
3397 8187 1
261 3480 1
261 9882 1
261 1956 1
261 6086 1
62 10244 1
62 2648 1
62 7021 1
62 6281 1
62 4985 1
10287 7505 1
10287 7371 1
10287 1785 1
10287 85 1
10287 7098 1
56 4659 1
56 6167 1
306 2368 1
306 7307 1
306 3268 1
306 8518 1
306 809 1
3755 271 1
3755 5678 1
3755 7183 1
3755 854 1
3755 6757 1
7845 7147 1
7845 3397 1
7845 2782 1
7845 296 1
7845 10202 1
2947 271 1
2947 3755 1
2947 5093 1
2947 1301 1
2947 8257 1
84 8890 1
84 10527 1
6767 271 1
6767 5678 1
6767 6793 1
6767 854 1
6767 9113 1
3144 385 1
3144 3247 1
3144 4822 1
3144 587 1
3144 4071 1
6416 2556 1
6416 7273 1
6416 4360 1
6416 6142 1
6416 4214 1
4284 53 1
4284 10859 1
4284 3649 1
4284 6576 1
4284 8457 1
594 130 1
594 10412 1
594 3649 1
594 11043 1
594 9224 1
5502 657 1
5502 1491 1
5502 2802 1
8144 410 1
8144 9609 1
8144 9658 1
8144 4059 1
8144 7631 1
6099 8233 1
6099 9218 1
6099 1229 1
6099 68 1
6099 5974 1
705 130 1
705 10412 1
705 9555 1
705 6885 1
705 9224 1
296 3570 1
296 10091 1
296 3397 1
296 1537 1
296 3659 1
4352 161 1
4352 3877 1
4352 5441 1
4352 1055 1
4352 3410 1
2307 932 1
2307 8611 1
2307 4987 1
2307 1204 1
2307 6376 1
10487 8771 1
10487 4199 1
10487 3086 1
10487 72 1
10487 9594 1
7229 18 1
7229 5191 1
7229 3572 1
7229 264 1
7229 3812 1
3699 18 1
3699 10062 1
3699 3215 1
3699 397 1
3699 7427 1
6519 0 1
6519 6813 1
6519 2380 1
6519 3191 1
6519 3936 1
1202 8610 1
1202 1330 1
1202 3128 1
1202 8841 1
1202 1314 1
4474 6194 1
4474 8987 1
4474 1535 1
4474 180 1
4474 5395 1
1688 7279 1
1688 5458 1
1688 4149 1
1688 176 1
1688 4351 1
8232 3190 1
8232 7264 1
8232 9433 1
8232 4296 1
8232 5645 1
5297 286 1
5297 5994 1
5297 2754 1
5297 3975 1
5297 9659 1
1549 14 1
1549 9609 1
1549 6092 1
1549 989 1
1549 9898 1
322 6737 1
322 590 1
322 11147 1
322 6612 1
322 1899 1
4667 43 1
4667 9526 1
4667 8204 1
4667 293 1
4667 8664 1
5894 296 1
5894 6737 1
5894 5798 1
5894 614 1
5894 8345 1
5496 161 1
5496 5637 1
5496 4027 1
5496 667 1
5496 4648 1
4230 7123 1
4230 10528 1
4230 3747 1
4230 472 1
4230 4098 1
10365 271 1
10365 8832 1
10365 2405 1
10365 828 1
10365 7398 1
6595 10873 1
6595 5053 1
6595 982 1
6595 10172 1
6595 4877 1
6186 304 1
6186 5946 1
6186 8156 1
6186 1348 1
6186 6984 1
8719 8187 1
8719 7945 1
8719 1959 1
8719 180 1
8719 7695 1
5503 8736 1
5503 4828 1
5503 976 1
5503 5964 1
5503 8071 1
7891 1314 1
7891 7978 1
7095 91 1
7095 8126 1
7095 4590 1
7095 1634 1
7095 9872 1
4128 10394 1
4128 3659 1
4128 2595 1
4128 240 1
4128 6328 1
10782 16 1
10782 10198 1
10782 4670 1
10782 1088 1
10782 8106 1
9555 130 1
9555 9087 1
9555 11119 1
9555 410 1
9555 10032 1
11191 410 1
11191 8763 1
11191 9676 1
11191 3973 1
11191 7310 1
4027 161 1
4027 9823 1
4027 9731 1
4027 667 1
4027 6936 1
2946 6549 1
2946 10123 1
2946 1959 1
2946 180 1
2946 5503 1
9899 233 1
9899 6997 1
9899 3720 1
9899 398 1
9899 4776 1
492 304 1
492 8537 1
492 8999 1
492 1034 1
492 3698 1
4850 271 1
4850 6364 1
4850 10935 1
4850 1301 1
4850 8703 1
1578 6338 1
1578 10837 1
4032 336 1
4032 6892 1
4032 9609 1
4032 817 1
4032 2488 1
10400 70 1
10400 11184 1
10400 2530 1
10400 4515 1
10400 9877 1
989 14 1
989 10834 1
989 7067 1
989 10437 1
989 5181 1
4670 1088 1
4670 8201 1
4670 5312 1
4670 2055 1
4670 2879 1
10330 4081 1
10330 10047 1
10330 6399 1
10330 8055 1
10330 5968 1
7058 3021 1
7058 3950 1
7058 5571 1
7058 5811 1
1552 184 1
1552 6281 1
1552 10240 1
1552 5206 1
1552 7520 1
3597 161 1
3597 5451 1
3597 6936 1
3597 667 1
3597 9071 1
8854 41 1
8854 927 1
8854 5994 1
3946 6451 1
3946 8718 1
2540 271 1
2540 7183 1
2540 5110 1
2540 1301 1
2540 8703 1
9493 636 1
9493 8247 1
9493 9277 1
9493 3154 1
9493 6841 1
1293 217 1
1293 3831 1
1293 11171 1
1293 3491 1
1293 4121 1
9064 94 1
9064 9041 1
9064 4419 1
9064 630 1
9064 9758 1
4156 2369 1
4156 10543 1
4156 3814 1
4156 7320 1
4156 5544 1
7417 2673 1
7417 4596 1
7417 2987 1
7417 3875 1
7417 2985 1
2100 315 1
2100 7307 1
2100 7807 1
2100 1053 1
2100 9416 1
9264 264 1
9264 5460 1
9264 3761 1
9264 434 1
9264 4199 1
6401 271 1
6401 9744 1
6401 7183 1
6401 1301 1
6401 9383 1
10435 1131 1
10435 10155 1
10435 1909 1
10435 6928 1
10435 9492 1
8390 271 1
8390 8413 1
8390 1028 1
8390 1819 1
8390 8810 1
1437 7307 1
9120 0 1
9120 7343 1
9120 8886 1
9120 1204 1
9120 6118 1
4621 70 1
4621 7146 1
4621 512 1
4621 544 1
4621 6789 1
531 235 1
531 1264 1
531 7313 1
531 3652 1
531 8871 1
7894 504 1
7894 7849 1
7894 5749 1
7894 2751 1
7894 8545 1
3317 10886 1
3317 9441 1
3317 882 1
3317 10723 1
3317 8187 1
4605 62 1
4605 11046 1
4605 4431 1
4605 2348 1
4605 7497 1
10154 4001 1
10154 4213 1
10154 8362 1
10154 9980 1
8518 306 1
8518 9734 1
8518 605 1
8518 893 1
8518 11168 1
4019 161 1
4019 11068 1
4019 7432 1
4019 667 1
4019 5637 1
2256 11168 1
1659 363 1
1659 9880 1
1659 10077 1
1659 1131 1
1659 7270 1
8998 10529 1
8998 6099 1
8998 1229 1
8998 159 1
8998 6033 1
409 4497 1
409 2851 1
409 10837 1
409 8558 1
5622 410 1
5622 9609 1
5622 8144 1
5622 3973 1
5622 4835 1
161 4352 1
161 617 1
161 6197 1
161 7432 1
161 1097 1
3433 2427 1
3433 8143 1
3433 8406 1
3433 8542 1
3433 10106 1
1890 382 1
1890 8783 1
1890 10653 1
1890 1165 1
1890 5446 1
10397 7755 1
10397 7719 1
10397 1663 1
10397 233 1
10397 7546 1
9380 1635 1
9380 3875 1
9380 8472 1
10198 263 1
10198 5650 1
10198 3887 1
10198 492 1
10198 4187 1
3654 225 1
3654 10811 1
3654 3729 1
3654 526 1
3654 7346 1
2461 32 1
2461 2555 1
2461 2658 1
2461 982 1
2461 8535 1
6960 2875 1
6960 8670 1
6960 6818 1
6960 7307 1
6960 4387 1
9823 161 1
9823 6109 1
9823 4027 1
9823 667 1
9823 4648 1
10489 158 1
10489 5673 1
10489 8036 1
10489 1913 1
10489 4319 1
3467 219 1
3467 7439 1
3467 2052 1
3467 5994 1
3467 1012 1
5103 18 1
5103 7231 1
5103 3215 1
5103 397 1
5103 3699 1
1473 378 1
1473 5475 1
1473 8675 1
1473 4166 1
1473 1659 1
4659 56 1
4659 6167 1
4659 1131 1
4659 1473 1
4659 11136 1
8459 3180 1
8459 8248 1
8459 10527 1
5167 0 1
5167 3415 1
5167 9850 1
5167 326 1
5167 1523 1
9799 1203 1
9799 11165 1
9799 6551 1
9799 2693 1
9799 3854 1
2028 14 1
2028 10834 1
2028 8154 1
2028 1956 1
2028 2145 1
2877 10591 1
2877 7511 1
2877 1945 1
2877 176 1
2877 7504 1
6714 3565 1
6714 7820 1
6714 7446 1
6714 9400 1
6714 6211 1
8759 8523 1
8759 8345 1
8759 1892 1
8759 180 1
8759 8233 1
10804 8374 1
10804 8316 1
10804 1959 1
10804 180 1
10804 8187 1
1297 102 1
1297 7798 1
1297 10191 1
1297 596 1
1297 10604 1
6391 8345 1
6391 4351 1
6391 899 1
6391 8269 1
6391 8935 1
256 5968 1
256 909 1
256 9966 1
256 6841 1
256 797 1
4346 1409 1
4346 10565 1
4346 6734 1
4346 2050 1
4346 3573 1
8373 271 1
8373 6767 1
8373 9744 1
8373 1301 1
8373 9383 1
6328 18 1
6328 5503 1
6328 3692 1
6328 264 1
6328 3914 1
10009 16 1
10009 11177 1
10009 5378 1
10009 1952 1
10009 3246 1
6954 1131 1
6954 4521 1
6954 8139 1
6954 1659 1
6954 2185 1
10721 505 1
10721 10428 1
10721 3653 1
10721 6781 1
10721 9175 1
8040 453 1
8040 9264 1
8040 5416 1
8040 738 1
8040 1524 1
7631 410 1
7631 7881 1
7631 10257 1
7631 4059 1
7631 6190 1
9291 62 1
9291 5770 1
9291 8878 1
9291 2985 1
9291 4596 1
3321 839 1
3321 6710 1
3321 10931 1
3321 9782 1
3321 9807 1
1623 1535 1
1623 8044 1
1623 4472 1
1623 6650 1
1623 8229 1
10212 286 1
10212 8707 1
10212 10830 1
10212 2923 1
10212 5248 1
9376 14 1
9376 8571 1
9376 11059 1
9376 1110 1
9376 9419 1
8149 1234 1
8149 8362 1
8149 4213 1
8149 6473 1
8149 9466 1
8573 504 1
8573 6656 1
8573 7879 1
8573 3009 1
8573 5677 1
1056 8432 1
1056 2703 1
1056 4338 1
1056 4586 1
1056 5455 1
8009 108 1
8009 9277 1
8009 4580 1
8009 788 1
8009 8475 1
10054 1680 1
10054 6464 1
453 7681 1
453 2302 1
453 5086 1
453 738 1
453 1374 1
3075 247 1
3075 7303 1
3075 1394 1
3075 4376 1
3075 3890 1
10437 14 1
10437 10305 1
10437 2666 1
10437 3051 1
10437 7961 1
2666 14 1
2666 3292 1
2666 10305 1
2666 4882 1
2666 7961 1
9943 1296 1
9943 8406 1
9943 7403 1
9943 7494 1
9943 10837 1
9125 957 1
9125 7444 1
9125 1909 1
9125 2084 1
9125 5308 1
6656 504 1
6656 6660 1
6656 8573 1
6656 3009 1
6656 5677 1
8701 404 1
8701 3166 1
8701 9655 1
8701 1574 1
8701 2869 1
6388 504 1
6388 11090 1
6388 5645 1
6388 3009 1
6388 8232 1
9882 261 1
9882 3480 1
9882 6086 1
9882 1956 1
3788 68 1
3788 6194 1
1376 666 1
1376 1424 1
1376 3577 1
8340 2279 1
8340 3983 1
6061 8987 1
6061 1959 1
6061 180 1
3993 5241 1
3993 8987 1
3993 5053 1
2658 3914 1
2658 10123 1
2658 85 1
2658 10041 1
5187 601 1
5187 788 1
6928 10435 1
6928 10110 1
10969 601 1
10792 68 1
7310 410 1
7310 7694 1
7310 4316 1
7310 10640 1
7310 9609 1
972 75 1
972 4480 1
6683 403 1
7362 5449 1
7362 11097 1
398 2932 1
1008 4011 1
8778 304 1
8778 6984 1
8778 1348 1
2155 9130 1
5637 161 1
5637 7190 1
5637 4027 1
5637 667 1
5637 4648 1
9072 6255 1
9072 240 1
5343 1366 1
3602 1152 1
3602 6803 1
3602 4132 1
7543 5994 1
7543 5159 1
2320 1485 1
1366 5343 1
1366 5159 1
4848 109 1
8330 68 1
8330 4629 1
8330 478 1
8330 5064 1
3603 62 1
3603 6281 1
3603 4605 1
4189 451 1
5839 7273 1
4098 159 1
4098 3914 1
4098 414 1
4098 10757 1
818 7064 1
818 8233 1
4563 9400 1
4563 8871 1
4563 1564 1
4563 180 1
9276 643 1
9276 1110 1
9276 7647 1
8073 731 1
3116 1893 1
3116 7554 1
647 10787 1
2050 6954 1
2050 4346 1
8898 217 1
8898 8988 1
5416 453 1
5416 3394 1
3767 532 1
3767 6328 1
7249 8398 1
7249 214 1
8321 8014 1
8321 3958 1
10062 18 1
10062 3215 1
10062 397 1
10062 3699 1
10457 3950 1
10457 3958 1
8716 6737 1
8716 85 1
11 5230 1
11 10878 1
6063 18 1
6063 3215 1
6063 397 1
6063 3699 1
840 643 1
840 1110 1
840 1686 1
840 4501 1
8146 18 1
8146 3215 1
8146 397 1
8146 3699 1
4664 3570 1
4664 10487 1
2923 536 1
2923 8119 1
2923 8707 1
1518 336 1
1518 3776 1
1518 6400 1
1518 4770 1
1518 3239 1
8917 1036 1
8917 2181 1
8917 1190 1
5125 5942 1
3384 5974 1
10688 67 1
10688 9784 1
9071 10528 1
9071 4941 1
1664 4480 1
10717 41 1
10717 8323 1
9490 18 1
9490 6391 1
7021 62 1
7021 2648 1
7021 3080 1
7021 4605 1
3729 225 1
3729 7346 1
3729 526 1
3729 385 1
5611 6935 1
5611 6918 1
5611 1892 1
5611 180 1
5611 6383 1
1496 8066 1
8345 1132 1
8345 9007 1
6699 8609 1
7138 2616 1
9607 601 1
9607 10969 1
9607 5187 1
9607 788 1
9607 9188 1
4194 214 1
4194 9107 1
617 161 1
617 4828 1
617 5441 1
617 4352 1
5840 554 1
4431 62 1
4431 6687 1
4431 4985 1
4431 4605 1
4431 7520 1
6383 7945 1
6383 1681 1
6383 180 1
6383 8233 1
5282 304 1
5282 1348 1
5282 5946 1
11043 9286 1
11043 6770 1
11043 3392 1
293 9526 1
293 8204 1
9346 16 1
9346 6374 1
9346 2851 1
10726 1959 1
10726 180 1
10726 8282 1
5788 336 1
5788 10376 1
5788 10527 1
5788 3653 1
5788 4371 1
8545 7894 1
5253 1619 1
5253 4185 1
5253 5540 1
5253 2203 1
4842 299 1
4842 613 1
4842 4724 1
1523 5167 1
10021 377 1
10021 8988 1
1791 94 1
1791 9041 1
1791 630 1
1791 3516 1
614 296 1
209 18 1
209 10964 1
304 7637 1
11003 601 1
11003 5448 1
6793 6767 1
8534 158 1
8534 5673 1
8534 8036 1
8534 1913 1
8534 4319 1
4419 94 1
4419 9758 1
4419 7040 1
4419 630 1
5970 16 1
5970 8987 1
7711 2462 1
7711 8990 1
7711 6717 1
7711 10077 1
7711 4206 1
2488 410 1
2488 7694 1
2488 4032 1
2488 9609 1
7302 797 1
4537 9376 1
1055 161 1
1055 5441 1
1055 3877 1
10931 10887 1
3103 3854 1
6334 601 1
6334 5242 1
6334 10365 1
7040 94 1
7040 9758 1
7040 4419 1
7040 630 1
1314 1202 1
1314 7978 1
1314 7891 1
1314 5846 1
1314 8610 1
1025 264 1
1633 601 1
1633 788 1
7768 9870 1
7768 85 1
4905 3868 1
4905 5248 1
3570 7229 1
3570 6255 1
3570 264 1
1087 6771 1
6498 264 1
6498 10135 1
6498 8724 1
6498 1025 1
6498 9600 1
4187 263 1
72 1088 1
8935 18 1
8935 4725 1
9758 94 1
9758 8778 1
9758 370 1
1053 2100 1
10106 3433 1
10106 8542 1
10106 8143 1
10106 8406 1
1157 8233 1
1157 6723 1
1157 8274 1
872 3694 1
872 4081 1
1036 5942 1
6059 6194 1
6059 6935 1
6059 1959 1
6059 180 1
6059 6391 1
7064 9172 1
7064 1535 1
7064 68 1
7559 94 1
7559 9758 1
7559 4419 1
7559 630 1
10422 6350 1
7105 33 1
7105 2555 1
6109 161 1
6109 5906 1
6109 4027 1
6109 667 1
6109 4648 1
7755 18 1
7755 3215 1
7755 397 1
7755 3699 1
6936 4941 1
3644 4563 1
3644 180 1
188 3868 1
10887 9799 1
10887 11165 1
10887 4233 1
10887 8591 1
3480 261 1
3480 6086 1
3480 1956 1
1881 3649 1
1881 10527 1
1881 6885 1
1881 9224 1
1881 9555 1
9288 601 1
9288 5187 1
9288 788 1
9288 9188 1
3008 451 1
7432 161 1
7432 4019 1
7432 667 1
7432 4149 1
982 3957 1
982 5611 1
982 53 1
6205 840 1
6205 7647 1
6205 8315 1
159 3914 1
7123 6936 1
7123 411 1
5382 299 1
5382 5562 1
3015 9408 1
3015 5620 1
4756 10155 1
4756 5297 1
8871 9493 1
8871 68 1
3529 7105 1
3529 7779 1
3529 3827 1
8542 10106 1
8542 11171 1
5978 4480 1
5978 397 1
7719 161 1
7719 5906 1
7719 4027 1
7719 667 1
7719 4648 1
217 1293 1
217 8988 1
217 3491 1
1958 5503 1
1958 5964 1
1144 8816 1
1144 5343 1
71 4664 1
71 1681 1
7098 18 1
7098 414 1
7098 6099 1
7457 233 1
7457 8316 1
504 453 1
504 9804 1
504 1765 1
504 7681 1
10759 16 1
9936 3902 1
9936 8003 1
3128 1202 1
3128 8841 1
3128 7978 1
3128 10294 1
659 601 1
659 6163 1
659 10969 1
3854 8398 1
3854 10931 1
7295 2984 1
1923 7041 1
1923 10077 1
7041 1923 1
7041 6011 1
7041 10077 1
8014 304 1
8014 492 1
8014 4521 1
1698 578 1
1698 8004 1
8282 1130 1
8282 85 1
8855 7099 1
6386 1036 1
1448 11119 1
1448 9555 1
1448 9162 1
8167 2985 1
8167 2987 1
8167 4596 1
1203 10969 1
8610 1202 1
8610 7978 1
8610 2824 1
8610 5846 1
4305 704 1
4305 3292 1
4305 9952 1
4305 10305 1
9433 7264 1
9433 3654 1
9433 4296 1
5951 601 1
5951 7154 1
5951 788 1
11009 271 1
11009 7365 1
6268 1165 1
6268 7119 1
5450 666 1
5450 1424 1
7919 2754 1
7919 10016 1
7919 3975 1
7919 5248 1
7919 3868 1
1335 5248 1
8248 10527 1
4766 1535 1
4766 85 1
4766 6770 1
10343 1564 1
10343 180 1
5671 1199 1
9244 5770 1
9244 6757 1
6813 6525 1
957 7444 1
957 9125 1
5191 18 1
5191 9275 1
5191 4432 1
5191 296 1
5191 9218 1
1899 322 1
1899 11147 1
10290 5968 1
8644 18 1
8644 3215 1
8644 397 1
8644 3699 1
411 161 1
411 10073 1
411 7432 1
4501 643 1
4501 10868 1
1229 10723 1
1229 6194 1
1229 240 1
3698 304 1
3698 8999 1
2875 256 1
2875 6818 1
2875 5968 1
2875 6960 1
8636 596 1
2052 219 1
2052 3467 1
1676 382 1
1676 6121 1
1676 6386 1
1676 1036 1
2200 484 1
9164 296 1
9164 5968 1
6710 11 1
6710 5942 1
5064 10487 1
5064 3993 1
5064 478 1
5064 4199 1
2595 18 1
2595 5191 1
2595 7845 1
2595 264 1
6312 554 1
6312 2934 1
6312 3992 1
8736 10726 1
8736 1535 1
8736 85 1
2975 10551 1
2975 1664 1
2975 68 1
2975 6549 1
11142 310 1
5846 1202 1
5846 8398 1
5846 2824 1
5846 8610 1
8315 840 1
8315 8571 1
3392 4454 1
828 601 1
828 3535 1
828 788 1
828 10969 1
6554 1234 1
6554 4596 1
6554 6734 1
6554 2220 1
6554 2985 1
5811 7058 1
2329 6554 1
2329 1659 1
8119 536 1
8119 8718 1
9765 4234 1
9765 10225 1
3181 18 1
3181 9761 1
3181 397 1
6473 363 1
3086 3232 1
3086 3788 1
8309 377 1
4827 628 1
8199 8475 1
9402 9162 1
9402 1934 1
9402 4081 1
2438 529 1
2438 1471 1
10244 62 1
10244 446 1
68 10487 1
68 8330 1
4985 62 1
4985 4431 1
4648 161 1
4648 9823 1
4648 4027 1
4648 667 1
4648 9731 1
8763 6976 1
8763 11191 1
8763 2296 1
8763 4770 1
1785 10041 1
1785 85 1
7546 161 1
7546 6109 1
7546 4027 1
7546 667 1
7546 4648 1
6723 6391 1
6723 4766 1
2368 306 1
2368 9734 1
2368 8518 1
3191 3936 1
3191 6519 1
6768 2984 1
6768 3994 1
1545 1524 1
1545 8398 1
1545 6086 1
1545 10729 1
3268 306 1
3268 809 1
3268 9734 1
3890 247 1
3890 1394 1
3890 3075 1
3247 587 1
587 4098 1
10653 1890 1
2556 6416 1
2556 6142 1
7494 68 1
7494 8106 1
4392 11136 1
910 659 1
910 6713 1
910 9188 1
6142 2556 1
6142 6416 1
8611 10487 1
1204 75 1
10257 7631 1
5448 601 1
5448 9188 1
5448 9752 1
5448 788 1
5448 5951 1
225 385 1
225 526 1
225 3654 1
225 3729 1
225 7346 1
10859 3649 1
10859 7366 1
6744 355 1
6744 2772 1
6744 10681 1
6576 16 1
4835 9804 1
4835 5622 1
1374 453 1
1374 738 1
6597 294 1
6597 5467 1
6597 8148 1
8233 6894 1
8233 6770 1
8233 85 1
8233 6595 1
4941 10804 1
4941 161 1
4941 7239 1
10091 9007 1
10091 3926 1
10091 2877 1
10091 240 1
232 5974 1
232 85 1
232 4941 1
5455 67 1
5455 10688 1
5455 1056 1
3410 161 1
3410 3877 1
3410 1055 1
4233 2463 1
2568 3951 1
2568 10292 1
10202 7457 1
326 9850 1
326 5167 1
8432 1056 1
8432 10604 1
1468 8609 1
6376 161 1
6376 667 1
6376 3747 1
2754 286 1
2754 5297 1
2754 6935 1
2754 2540 1
3577 666 1
3577 1376 1
3577 1424 1
3572 8146 1
3572 3761 1
4418 6744 1
4418 3284 1
2772 33 1
2772 5308 1
2772 7647 1
2782 6737 1
2782 1934 1
1959 85 1
7720 11 1
7720 4128 1
7720 414 1
7720 8073 1
8543 161 1
8543 6109 1
8543 4027 1
8543 667 1
8543 4648 1
2290 4136 1
8987 6059 1
8987 159 1
2403 403 1
2403 8014 1
10935 10021 1
10935 4850 1
7264 11090 1
7264 6552 1
909 256 1
909 6350 1
9659 643 1
9659 7146 1
9659 1659 1
9659 5297 1
5544 10543 1
5544 4156 1
5544 3722 1
8013 16 1
8013 6196 1
8013 775 1
9526 293 1
9526 4667 1
1296 4670 1
1296 10837 1
1296 9943 1
8204 43 1
8204 293 1
797 256 1
797 5942 1
797 7302 1
797 9807 1
5798 614 1
5798 8345 1
5798 7147 1
7444 957 1
7444 9125 1
10736 9980 1
10736 4213 1
10736 5839 1
10172 68 1
10172 478 1
5946 304 1
5946 6552 1
5946 6186 1
3552 8703 1
3552 5606 1
3552 7511 1
5293 18 1
5293 10031 1
5293 4432 1
5293 296 1
5293 4871 1
385 225 1
385 3654 1
2854 2932 1
2854 4480 1
2854 68 1
8156 304 1
8156 6364 1
8156 1348 1
8156 8778 1
1348 304 1
4640 7554 1
4640 1893 1
3303 426 1
3303 11136 1
3303 7119 1
6984 304 1
6984 1190 1
4515 70 1
4515 9877 1
4515 3166 1
4515 10400 1
7807 75 1
2869 9180 1
2869 8701 1
5053 8523 1
5053 1959 1
5053 180 1
5053 10529 1
8535 1513 1
8535 2555 1
8126 7095 1
7303 247 1
7303 1394 1
7303 3075 1
8316 8716 1
4834 775 1
4834 2380 1
4834 5441 1
1634 32 1
1634 5968 1
1634 6197 1
9872 11 1
9872 7720 1
7403 9943 1
7403 7494 1
10394 8767 1
10394 4128 1
1088 32 1
1088 3317 1
1088 4670 1
1088 446 1
4121 1293 1
8106 8406 1
3720 233 1
3720 9761 1
3720 398 1
4776 9899 1
4776 2854 1
4776 397 1
8537 304 1
1130 9427 1
1130 1412 1
1130 10792 1
1130 180 1
1130 6525 1
8890 84 1
8890 10527 1
4828 32 1
4828 161 1
11184 70 1
11184 9877 1
11184 4515 1
11184 10400 1
738 453 1
738 1374 1
738 5086 1
738 3776 1
738 6892 1
8201 1296 1
8201 4670 1
8201 10837 1
8201 4497 1
809 306 1
4081 72 1
4081 8007 1
4081 872 1
10047 3914 1
6399 1963 1
6399 10047 1
6399 10330 1
5571 7058 1
5571 10110 1
2279 643 1
2279 4501 1
2279 1110 1
2279 8315 1
5451 411 1
5451 6376 1
927 41 1
927 5994 1
927 8854 1
5110 271 1
5110 6364 1
5110 5866 1
5110 1301 1
5110 6430 1
5933 9013 1
8551 2462 1
8551 4206 1
8551 8990 1
10292 5442 1
8247 9493 1
8247 4941 1
9277 11171 1
5985 70 1
5985 8832 1
5985 544 1
5985 5070 1
3516 94 1
3516 9758 1
3516 630 1
3154 8871 1
5268 512 1
5268 9180 1
5268 3166 1
3936 3191 1
3936 6519 1
5677 383 1
5677 8573 1
5677 1765 1
2405 271 1
2405 6163 1
2405 5448 1
2405 659 1
7343 3415 1
3831 217 1
3831 3491 1
7313 7370 1
7313 6407 1
7313 529 1
9782 7 1
9782 11168 1
9782 5308 1
9782 2693 1
7598 271 1
7598 10591 1
2375 850 1
2375 9010 1
5442 5395 1
5442 1130 1
5442 5241 1
219 8568 1
219 10830 1
6803 161 1
6803 4942 1
6803 3130 1
6803 3602 1
932 2307 1
2673 7417 1
2673 2987 1
2673 4596 1
2673 2985 1
4319 158 1
4319 7088 1
4319 1913 1
4319 10998 1
3491 217 1
3491 11171 1
10543 10534 1
10543 4156 1
4457 3838 1
7320 2851 1
8143 10106 1
636 5167 1
636 9493 1
2985 446 1
2985 7417 1
2985 2987 1
3283 1199 1
3283 5671 1
7371 10886 1
7371 1959 1
7371 180 1
7371 8282 1
9416 3300 1
2821 176 1
8044 1535 1
8044 8229 1
8044 4472 1
8044 1623 1
1909 9125 1
1909 10435 1
263 10198 1
9492 1234 1
9492 10435 1
9492 5248 1
9492 3440 1
8810 1819 1
8810 8413 1
4071 3144 1
1264 529 1
1264 2438 1
3652 235 1
5298 10050 1
5749 2303 1
5749 7503 1
526 225 1
526 7346 1
526 3654 1
526 3729 1
9579 2555 1
9579 1213 1
9579 8074 1
11046 62 1
9400 8229 1
9400 180 1
9400 7820 1
2348 62 1
2348 4985 1
2348 4605 1
9850 1523 1
9850 5167 1
8109 592 1
8109 7503 1
8109 10155 1
8109 5248 1
512 70 1
3994 10666 1
7497 4605 1
9966 256 1
9966 797 1
3863 1680 1
3863 5072 1
3863 8158 1
3863 6464 1
1394 247 1
1394 7303 1
1394 3890 1
1394 3075 1
8771 10487 1
8771 3086 1
8362 1234 1
8362 8149 1
8362 4001 1
5070 70 1
5070 8832 1
5070 512 1
5070 544 1
5070 6789 1
8413 271 1
4931 1535 1
4931 8609 1
4931 10850 1
3190 7264 1
3190 8232 1
3190 4296 1
9734 306 1
9734 2368 1
9734 8518 1
3877 161 1
3877 1055 1
3877 3410 1
6346 296 1
6346 4604 1
6346 614 1
605 8477 1
605 8518 1
605 3992 1
605 2015 1
9891 4596 1
1661 16 1
1661 5970 1
1661 6407 1
8664 43 1
8664 9526 1
7398 601 1
7398 5242 1
7398 1952 1
434 9264 1
434 3761 1
893 403 1
893 8518 1
11068 7719 1
11068 8484 1
882 232 1
882 8187 1
882 3317 1
882 3747 1
9880 1659 1
9880 9898 1
9880 5248 1
9880 5297 1
9880 4059 1
8139 1659 1
8139 6954 1
6033 264 1
6033 6498 1
6033 1025 1
6033 8724 1
5446 382 1
5446 1890 1
5446 8783 1
4877 10041 1
4877 1959 1
4877 180 1
8992 614 1
11147 322 1
11147 1899 1
9406 32 1
9406 9072 1
9406 3317 1
9406 1088 1
1635 9380 1
8472 9380 1
3535 601 1
3535 7436 1
3535 1952 1
2555 91 1
4296 53 1
4296 7849 1
4296 9433 1
3887 8999 1
3887 4521 1
6818 2875 1
6818 6960 1
962 214 1
962 8398 1
962 10140 1
2703 158 1
2703 7373 1
2703 1297 1
2703 10604 1
7231 18 1
7231 3215 1
7231 397 1
7231 3699 1
8558 409 1
8558 2851 1
8558 4497 1
8558 10837 1
378 1473 1
5475 1473 1
5475 8675 1
5475 1659 1
5475 4166 1
8675 1473 1
8675 1659 1
8675 4166 1
4166 1473 1
4166 5475 1
4166 1659 1
4166 8675 1
5460 264 1
5460 9264 1
3814 424 1
3814 2369 1
3415 0 1
3415 7343 1
3415 7419 1
2056 1340 1
2056 9610 1
2056 8416 1
2056 2569 1
315 2100 1
315 3300 1
315 839 1
7279 18 1
7279 6391 1
4351 18 1
4351 9441 1
6092 1549 1
10591 370 1
10591 4196 1
10591 1152 1
5770 1659 1
5770 6757 1
5770 3875 1
5770 5308 1
5770 9291 1
7820 6714 1
7820 9400 1
9466 8149 1
6997 414 1
7446 6714 1
8269 264 1
1819 271 1
1819 1028 1
1819 8810 1
8783 382 1
8783 8156 1
8783 5446 1
8374 9218 1
8374 8316 1
8374 1892 1
8374 180 1
8374 8187 1
4149 7190 1
4149 411 1
10723 8998 1
10723 1130 1
24 1453 1
24 404 1
3573 10565 1
3573 4346 1
91 16 1
91 7095 1
91 4828 1
4590 16 1
4590 4253 1
6694 158 1
6694 5673 1
6694 10191 1
6694 1913 1
6694 4319 1
10565 3573 1
10565 3145 1
9188 601 1
9188 10969 1
9188 828 1
6734 1659 1
6734 6954 1
6734 3854 1
8475 8009 1
1952 601 1
1952 5242 1
5244 161 1
5244 4027 1
5244 667 1
5244 4648 1
505 264 1
505 10428 1
6338 1296 1
6338 9943 1
6338 1578 1
6338 10837 1
10428 505 1
10428 10721 1
10428 3653 1
10428 6781 1
10428 9175 1
3449 11022 1
10811 3654 1
9175 176 1
9175 10428 1
9175 2055 1
6841 32 1
6841 4590 1
6841 7914 1
2751 1213 1
1524 453 1
1524 5416 1
1524 8040 1
6190 4296 1
6190 7631 1
10210 10528 1
10210 10954 1
4987 32 1
4987 10487 1
4987 1934 1
4987 2307 1
3246 1934 1
3246 2846 1
8469 377 1
8469 6197 1
8469 1165 1
8878 101 1
8878 2985 1
8878 2987 1
8878 6473 1
7346 225 1
7346 3729 1
9087 705 1
9087 10412 1
9087 6885 1
9087 9555 1
9087 3649 1
382 11 1
382 10243 1
382 1890 1
4497 409 1
4497 8558 1
4497 10837 1
4497 2851 1
4472 1535 1
4472 10047 1
6650 1535 1
6650 8229 1
6650 4472 1
6650 1623 1
8707 5248 1
8707 1012 1
6526 6391 1
6526 4766 1
6935 10529 1
6935 4725 1
6935 882 1
8571 643 1
8571 1110 1
8571 9419 1
7879 504 1
7879 6656 1
7879 7849 1
7879 3009 1
7879 5677 1
108 8009 1
108 4580 1
8670 4387 1
899 4480 1
899 6723 1
899 8274 1
6660 383 1
6660 7849 1
6660 5677 1
6660 3009 1
4580 108 1
4580 8987 1
8939 554 1
4001 10154 1
4001 8362 1
7239 8716 1
7239 1959 1
7239 180 1
7239 8719 1
4376 247 1
4376 1394 1
4376 3075 1
4376 7303 1
478 68 1
1574 512 1
1574 4185 1
1574 8994 1
11090 3190 1
11090 7264 1
11090 4296 1
11090 5645 1
7798 705 1
7798 2055 1
7798 3653 1
704 3292 1
1337 10155 1
4819 512 1
4819 9180 1
6464 1166 1
6464 3863 1
6464 4206 1
6464 10054 1
9449 33 1
9449 5904 1
9449 7140 1
9449 1765 1
2596 423 1
2596 9804 1
2596 1653 1
2596 2569 1
965 159 1
147 3232 1
4262 6374 1
4262 6576 1
4262 2219 1
7554 7520 1
7554 1893 1
7554 4640 1
590 322 1
590 6612 1
5086 453 1
8568 219 1
8568 1471 1
8622 484 1
8622 1190 1
11091 11022 1
10886 5974 1
10886 1233 1
10886 68 1
545 355 1
545 3284 1
545 4418 1
545 2756 1
545 6744 1
2191 9804 1
5673 158 1
5673 10998 1
5673 10191 1
5673 1913 1
5673 4319 1
9457 4253 1
9457 5569 1
11103 32 1
11103 9872 1
11103 1921 1
3902 1845 1
3902 9936 1
3902 8003 1
4725 18 1
3145 271 1
3145 1087 1
5308 6489 1
5308 9782 1
1826 3653 1
1826 7798 1
1826 10235 1
879 8184 1
4055 1234 1
4055 10077 1
4055 3854 1
10528 7123 1
10528 3597 1
652 10294 1
8882 6391 1
8882 4766 1
3659 18 1
3659 3570 1
10243 33 1
10243 2772 1
10243 7105 1
6951 4169 1
3166 304 1
3166 544 1
3166 6984 1
7266 9162 1
9263 731 1
9263 4234 1
9263 5626 1
8036 158 1
8036 5673 1
8036 10998 1
8036 1913 1
8036 4319 1
1390 10021 1
1390 8988 1
1390 6489 1
1412 7457 1
1412 1229 1
1412 159 1
1412 6935 1
1681 3957 1
1681 71 1
997 299 1
997 7171 1
9371 1213 1
9371 5839 1
9371 2772 1
1963 6399 1
7914 16 1
7914 10782 1
7914 2846 1
7914 4189 1
4432 18 1
4432 6595 1
4432 4128 1
4432 264 1
4432 10123 1
3609 6771 1
8832 497 1
8832 5230 1
8832 982 1
8832 4621 1
9441 6935 1
9441 176 1
9441 7279 1
11182 329 1
11182 2846 1
1306 3827 1
1306 4189 1
4195 374 1
4195 814 1
4604 296 1
4604 6346 1
4604 614 1
10666 2984 1
10666 3994 1
10666 5467 1
10666 8148 1
5443 8935 1
5443 3570 1
5443 240 1
7681 453 1
7681 9264 1
4199 10172 1
4199 2243 1
717 8988 1
10245 9007 1
1540 75 1
1540 6642 1
1540 972 1
5206 89 1
3920 8988 1
8886 1165 1
8886 9120 1
8886 1890 1
7525 4132 1
7525 10460 1
7525 9041 1
2302 453 1
2302 8979 1
2302 1524 1
2302 5416 1
1663 10397 1
8627 3788 1
8627 6935 1
1220 1424 1
1265 7638 1
1265 5620 1
1265 8979 1
7849 423 1
7849 1765 1
7849 9433 1
10318 6737 1
10318 1412 1
10318 180 1
10318 6549 1
3354 10140 1
3354 9107 1
3300 839 1
4946 1545 1
4946 9125 1
4946 2648 1
4946 6086 1
447 7503 1
7140 10555 1
1190 370 1
1190 4947 1
8154 14 1
8154 2015 1
8154 3292 1
9784 554 1
9784 10688 1
8712 68 1
8712 4629 1
8712 478 1
8712 5064 1
5230 9872 1
5230 299 1
8522 3978 1
6781 7373 1
6781 10428 1
10073 161 1
10073 5244 1
10073 667 1
8074 512 1
8074 4819 1
8074 1453 1
2851 6391 1
2851 271 1
2851 6770 1
1110 424 1
1110 2987 1
1110 9276 1
1110 4416 1
4073 18 1
4073 3215 1
4073 397 1
4073 3699 1
9834 659 1
9834 9196 1
9834 5448 1
9834 910 1
377 11 1
377 3145 1
8471 1545 1
8471 9259 1
8471 3239 1
5378 3246 1
5378 10009 1
10601 310 1
10601 814 1
5964 4766 1
11187 72 1
11187 8282 1
11187 414 1
9172 7064 1
9172 9107 1
3009 504 1
3009 10177 1
3009 4296 1
621 4480 1
621 7147 1
621 873 1
9041 94 1
9041 7525 1
5559 621 1
5559 8345 1
7185 403 1
7185 3776 1
6163 601 1
6163 788 1
3062 6489 1
3062 3397 1
5531 666 1
2648 62 1
2648 7021 1
3914 10031 1
3914 85 1
10878 11 1
10878 8309 1
2243 10041 1
2243 1564 1
2243 85 1
5929 529 1
5929 2438 1
4387 5206 1
9610 1653 1
9610 8416 1
9610 2569 1
9610 2596 1
9610 2056 1
3478 18 1
3478 3181 1
3478 397 1
3478 9761 1
7436 601 1
7436 5242 1
7436 1952 1
852 3180 1
5650 304 1
10873 18 1
10873 6328 1
10873 3926 1
10873 296 1
10873 4730 1
427 1424 1
374 4195 1
374 424 1
5312 505 1
5312 10782 1
89 1213 1
89 5206 1
9761 233 1
9761 4073 1
9761 398 1
8115 60 1
6374 4149 1
6374 529 1
11059 10868 1
11059 6011 1
11059 7647 1
11059 4501 1
613 370 1
613 9275 1
613 10031 1
740 67 1
740 10555 1
740 10032 1
5678 271 1
5678 8257 1
5678 5866 1
5678 1301 1
5678 6767 1
7419 33 1
7419 7722 1
9392 3180 1
9392 3854 1
9141 6737 1
9141 180 1
9141 6563 1
10787 6350 1
7505 9733 1
7505 9218 1
7505 176 1
3390 109 1
3390 839 1
11177 10235 1
731 8073 1
731 4233 1
7695 8719 1
7695 8274 1
7695 1959 1
7695 180 1
7695 7945 1
1012 219 1
1012 10830 1
1012 2923 1
1012 10212 1
1012 5994 1
2753 33 1
2753 5904 1
2753 9449 1
2753 6688 1
299 5382 1
2768 32 1
10998 158 1
10998 5673 1
10998 8036 1
10998 1913 1
10998 4319 1
4822 3247 1
4822 4098 1
5645 3190 1
5645 11090 1
5645 4316 1
5645 8232 1
10868 7647 1
10868 4501 1
10868 6011 1
3461 5467 1
3461 8085 1
5866 271 1
5866 10549 1
5866 8373 1
5866 1301 1
5866 9744 1
4125 10024 1
643 840 1
643 1110 1
6552 8156 1
6552 4842 1
6552 3166 1
1034 304 1
4516 10859 1
4516 3649 1
1359 3868 1
8148 294 1
8148 2220 1
9600 10172 1
9600 264 1
9600 11129 1
10539 18 1
10539 9072 1
10539 4871 1
10539 296 1
10539 5443 1
1132 3570 1
1132 5978 1
1132 240 1
1132 7229 1
1992 3649 1
1992 7366 1
1992 4284 1
1992 4516 1
1992 10859 1
5395 10343 1
5395 1564 1
5395 180 1
5395 8274 1
1913 158 1
1913 5673 1
1913 4371 1
1913 10998 1
1913 6694 1
5541 10534 1
5541 3741 1
5541 3814 1
5541 10950 1
423 6660 1
423 10050 1
8561 3440 1
8561 5248 1
8561 5994 1
8561 10830 1
1597 10024 1
3983 8718 1
3983 8340 1
10396 3552 1
10396 7511 1
10396 8703 1
3812 18 1
3812 264 1
3812 6938 1
10326 137 1
10326 9277 1
10326 7511 1
9408 3015 1
9408 5620 1
102 75 1
102 3317 1
1653 423 1
1653 2569 1
1653 2056 1
1653 1340 1
1653 10050 1
4011 1008 1
4011 5449 1
5752 9980 1
529 2438 1
529 1264 1
8055 10330 1
9796 233 1
9796 3747 1
9796 398 1
2009 7119 1
8973 68 1
8973 9011 1
8973 6935 1
6955 10077 1
6955 8789 1
6955 3854 1
286 5248 1
286 10830 1
286 9980 1
286 10212 1
286 3975 1
3768 469 1
3768 3203 1
11097 3827 1
11097 7362 1
5874 469 1
5874 3203 1
5874 3768 1
5874 1425 1
7178 62 1
7178 8340 1
7178 2348 1
7178 4605 1
214 7249 1
839 109 1
839 2100 1
10235 10604 1
10235 3653 1
9315 573 1
9315 7099 1
9315 8855 1
7099 573 1
7099 9315 1
7099 8855 1
1942 60 1
1942 8744 1
10647 9162 1
7385 94 1
7385 4419 1
7385 630 1
9992 982 1
9347 299 1
6612 322 1
6612 590 1
920 6642 1
920 982 1
8066 8886 1
9807 6710 1
9807 839 1
9676 410 1
9676 11191 1
6194 7371 1
6194 180 1
6194 8345 1
2427 8542 1
11132 10551 1
11132 1412 1
11132 85 1
11132 6099 1
9564 705 1
9564 10412 1
9564 3649 1
9564 6885 1
9564 9224 1
484 8622 1
484 9416 1
484 814 1
8999 304 1
8999 9658 1
6926 414 1
6926 10123 1
6926 10954 1
6717 2462 1
6717 4206 1
6717 8990 1
6717 7711 1
6642 7768 1
6642 3397 1
6642 209 1
1537 296 1
10242 1845 1
10242 8406 1
4521 304 1
4521 3698 1
4521 4112 1
8003 3902 1
8003 9936 1
4629 7313 1
4629 233 1
4629 10397 1
6370 60 1
6370 7613 1
6370 7625 1
7625 60 1
7625 6370 1
7625 7613 1
7613 60 1
7613 7625 1
7613 6370 1
183 10468 1
183 4681 1
7147 3788 1
7147 621 1
10468 183 1
10468 4681 1
592 8109 1
1106 4681 1
4564 4681 1
3741 5541 1
3741 3814 1
3741 10950 1
6715 8987 1
10830 219 1
10830 8707 1
10830 4756 1
1443 3914 1
9196 659 1
9196 6163 1
9196 910 1
9196 2648 1
576 4681 1
7439 219 1
7439 2052 1
7439 3467 1
7439 1012 1
3957 1959 1
3957 180 1
3957 10588 1
9733 6894 1
9733 1535 1
9733 180 1
1028 271 1
1028 3246 1
1028 8390 1
1028 9916 1
1028 10365 1
9218 6549 1
9218 6383 1
9218 85 1
9218 6194 1
10041 8282 1
10041 8229 1
10041 180 1
165 75 1
165 1934 1
6292 1485 1
8484 10031 1
8484 4648 1
8484 2950 1
8484 411 1
9731 161 1
9731 6109 1
9731 4027 1
9731 667 1
9731 4648 1
8908 3653 1
8908 5007 1
8908 6400 1
3147 271 1
3147 10589 1
101 2987 1
101 4596 1
101 8878 1
446 62 1
446 2987 1
235 531 1
235 3652 1
5458 18 1
5458 10886 1
10681 4596 1
10681 2772 1
7407 1893 1
7407 7554 1
7407 4640 1
7407 7520 1
7407 3116 1
10460 4132 1
10460 7525 1
11072 3854 1
11072 8789 1
11072 10077 1
2793 10461 1
2793 1956 1
2793 3144 1
532 18 1
532 976 1
532 296 1
532 2877 1
9427 10287 1
9427 85 1
9427 6059 1
2463 6793 1
2463 4233 1
2906 7049 1
1165 377 1
9870 1664 1
9870 180 1
240 0 1
240 10123 1
240 3926 1
240 9218 1
3722 424 1
3722 6376 1
3722 10543 1
10306 14 1
10306 899 1
7647 840 1
7647 8571 1
7647 1110 1
1441 424 1
6911 1234 1
6911 11165 1
6911 6065 1
6911 7700 1
6911 5674 1
2950 161 1
2950 6689 1
2950 667 1
2950 4648 1
9812 472 1
9812 3062 1
8071 18 1
8071 4149 1
8071 296 1
8071 4766 1
4589 6848 1
4589 6688 1
2055 10235 1
2055 5007 1
2055 1549 1
5402 336 1
5402 3653 1
5402 6892 1
5402 1297 1
4480 6918 1
4480 1132 1
4480 9400 1
1892 10723 1
1892 180 1
1892 3914 1
5184 363 1
4936 1341 1
9419 643 1
4196 370 1
4196 1152 1
404 24 1
10850 370 1
10850 7598 1
10850 1152 1
451 2768 1
451 3008 1
451 2369 1
4980 4156 1
4980 8778 1
4980 3722 1
1921 32 1
3427 5626 1
1686 643 1
1686 9419 1
1686 8571 1
1686 1110 1
9010 850 1
9010 2375 1
8187 9870 1
8187 5974 1
8187 1157 1
8187 85 1
8187 5964 1
578 1698 1
1551 3978 1
6489 18 1
6489 3699 1
6489 398 1
7637 304 1
7637 839 1
11119 1448 1
11119 9555 1
11119 9162 1
2544 705 1
2544 6885 1
2544 7798 1
2544 7366 1
2544 10412 1
2719 596 1
5606 7511 1
5606 3552 1
5606 5569 1
1097 161 1
1097 667 1
8061 9804 1
8061 9433 1
3945 5974 1
3945 180 1
3945 5442 1
7427 18 1
7427 3215 1
7427 397 1
7427 3699 1
2932 397 1
2932 4027 1
10529 1959 1
10529 180 1
10529 8282 1
7047 18 1
7047 6391 1
3565 714 1
9379 72 1
9379 8760 1
9379 8007 1
2415 9003 1
2415 8085 1
7638 62 1
7638 5620 1
7638 1141 1
7638 2075 1
8841 1202 1
8841 10294 1
8841 3128 1
8841 7978 1
8380 304 1
8380 5511 1
8380 10600 1
6639 62 1
6639 3080 1
6639 4605 1
6255 18 1
6255 7229 1
6255 3914 1
6255 264 1
6255 4432 1
7031 9400 1
7031 8345 1
7031 1959 1
7031 180 1
67 10688 1
67 10032 1
11092 67 1
11092 10688 1
944 6997 1
944 719 1
944 7524 1
3951 8274 1
3951 8716 1
3951 8736 1
5692 70 1
5692 10400 1
5692 2419 1
5692 2738 1
5692 9877 1
9174 2296 1
9174 10555 1
9174 4586 1
9174 4770 1
9174 8763 1
10915 366 1
10915 8994 1
7153 8871 1
7153 7370 1
4911 2130 1
4911 9326 1
4911 4338 1
9286 3392 1
9286 11043 1
9286 6737 1
9286 9072 1
9286 4454 1
4112 304 1
4112 6984 1
4112 1348 1
4112 4521 1
6549 10287 1
6549 7031 1
6549 180 1
6549 8716 1
10031 7598 1
10031 3572 1
10031 2819 1
10031 264 1
10031 8345 1
9594 9275 1
9594 4629 1
9594 414 1
9594 10588 1
4371 158 1
4371 10604 1
4371 10527 1
4371 596 1
4371 8036 1
7663 10343 1
7663 7768 1
7663 1959 1
7663 180 1
