3627 7438 1
3627 9551 1
3627 1878 1
3627 3937 1
3627 3320 1
3937 6279 1
3937 6985 1
3937 1878 1
3937 7438 1
3937 3320 1
3320 9551 1
3320 3664 1
3320 1878 1
3320 3627 1
3320 4096 1
7438 10293 1
7438 4471 1
7438 1878 1
7438 6985 1
7438 3320 1
1878 8412 1
1878 2207 1
1878 4096 1
1878 6985 1
1878 7438 1
9551 4277 1
9551 4471 1
9551 1878 1
9551 7093 1
9551 3320 1
4096 6279 1
4096 6985 1
4096 1878 1
4096 7438 1
4096 3320 1
3664 6985 1
3664 4471 1
3664 1878 1
3664 8601 1
3664 3320 1
6985 4277 1
6985 4471 1
6985 1878 1
6985 9550 1
6985 3320 1
4471 6060 1
4471 4096 1
4471 1878 1
4471 6220 1
4471 2692 1
10293 4277 1
10293 4471 1
10293 1878 1
10293 7093 1
10293 3320 1
8412 4277 1
8412 4471 1
8412 1878 1
8412 7093 1
8412 3320 1
2207 8601 1
2207 8412 1
2207 1878 1
2207 6985 1
2207 6220 1
6279 4277 1
6279 4471 1
6279 1878 1
6279 9550 1
6279 3320 1
7093 4277 1
7093 4471 1
7093 1878 1
7093 7243 1
7093 3320 1
4277 4471 1
4277 6279 1
4277 1878 1
4277 9551 1
4277 3320 1
6060 7093 1
6060 3320 1
6060 799 1
6060 7841 1
6060 6704 1
8601 4277 1
8601 4471 1
8601 1878 1
8601 7093 1
8601 3320 1
9550 9551 1
9550 4277 1
9550 1878 1
9550 6875 1
9550 2749 1
2692 9832 1
2692 8053 1
2692 4471 1
2692 3779 1
2692 6064 1
6220 8015 1
6220 8959 1
6220 799 1
6220 3457 1
6220 6985 1
7243 4277 1
7243 4471 1
7243 1878 1
7243 7093 1
7243 3320 1
6875 9550 1
7841 7530 1
7841 8143 1
7841 4168 1
7841 9277 1
7841 6060 1
6064 2692 1
6064 3779 1
3457 6977 1
3457 5230 1
3457 1169 1
3457 9347 1
3457 5468 1
3779 6064 1
3779 2692 1
3779 10913 1
3779 9897 1
3779 4233 1
8053 2692 1
8053 4471 1
8959 10311 1
8959 9347 1
8959 444 1
8959 2846 1
8959 6196 1
2749 3664 1
2749 9550 1
2749 1878 1
2749 6060 1
2749 7243 1
799 8601 1
799 8412 1
799 6279 1
799 6985 1
799 9550 1
6704 8997 1
6704 3931 1
6704 5120 1
6704 6060 1
6704 7841 1
8015 4028 1
8015 10311 1
8015 1250 1
8015 4842 1
8015 9901 1
9832 2692 1
4842 9118 1
4842 5868 1
4842 1082 1
4842 3528 1
4842 10329 1
9901 5182 1
9901 2846 1
9901 1416 1
9901 5536 1
9901 5562 1
10913 4233 1
10913 2046 1
10913 767 1
10913 5170 1
10913 5933 1
4028 5868 1
4028 2846 1
4028 1416 1
4028 6552 1
4028 5914 1
3931 5968 1
3931 7841 1
3931 2842 1
3931 6704 1
3931 4168 1
8997 6060 1
8997 2578 1
8997 4286 1
8997 11039 1
8997 6704 1
1250 8753 1
1250 9468 1
1250 1154 1
1250 2226 1
1250 1767 1
7530 8274 1
7530 8603 1
7530 4861 1
7530 982 1
7530 6087 1
6196 6552 1
6196 6576 1
6196 1082 1
6196 3866 1
6196 8753 1
5230 5686 1
5230 10311 1
5230 5815 1
5230 2226 1
5230 5010 1
8143 9277 1
8143 3416 1
8143 6685 1
8143 7841 1
8143 8594 1
4233 5202 1
4233 4757 1
4233 2463 1
4233 10356 1
4233 3854 1
4168 7530 1
4168 3931 1
4168 8997 1
4168 7841 1
4168 6060 1
9897 10913 1
9897 10398 1
9897 2698 1
9897 8787 1
9897 6906 1
9277 10174 1
9277 7841 1
9277 3223 1
9277 8895 1
9277 5337 1
10311 3372 1
10311 10152 1
10311 1082 1
10311 3866 1
10311 8015 1
6977 5182 1
6977 2846 1
6977 1416 1
6977 5536 1
6977 5562 1
444 2218 1
444 982 1
444 9878 1
444 1781 1
444 1270 1
5120 7841 1
5120 3931 1
5120 5968 1
5120 8997 1
5120 7530 1
9347 5182 1
9347 2846 1
9347 1416 1
9347 5536 1
9347 10814 1
1169 6576 1
1169 6552 1
1169 9347 1
1169 2846 1
1169 5562 1
5468 4262 1
5468 2686 1
5468 1250 1
5468 5382 1
5468 7274 1
2846 3457 1
2846 6977 1
2846 7149 1
2846 8705 1
2846 10318 1
5815 9996 1
5815 3193 1
5815 856 1
5815 6036 1
5815 9878 1
2226 5382 1
2226 10890 1
2226 1416 1
2226 9901 1
2226 7274 1
8274 7676 1
8274 9400 1
8274 4954 1
8274 941 1
8274 6286 1
2842 8604 1
2842 10410 1
2842 525 1
2842 7193 1
2842 7530 1
5170 9620 1
5170 6774 1
5170 2377 1
5170 9458 1
5170 10913 1
6576 9887 1
6576 9025 1
6576 1169 1
6576 3866 1
6576 7171 1
6087 8666 1
6087 3996 1
6087 895 1
6087 8869 1
6087 8508 1
982 2734 1
982 4877 1
982 1412 1
982 941 1
982 9733 1
4861 8998 1
4861 3993 1
4861 7379 1
4861 1739 1
4861 6525 1
8603 10287 1
8603 3813 1
8603 6770 1
8603 1629 1
8603 9218 1
2686 5562 1
2686 2944 1
2686 1416 1
2686 5468 1
2686 8959 1
5010 10971 1
5010 3572 1
5010 1556 1
5010 8401 1
5010 7485 1
1767 5468 1
1767 3346 1
1767 1416 1
1767 8753 1
1767 2226 1
3416 8143 1
3416 6096 1
3416 2270 1
3416 5664 1
3416 2936 1
9468 7885 1
9468 8178 1
9468 9693 1
9468 3457 1
9468 6243 1
11039 6392 1
11039 6528 1
11039 9397 1
11039 2782 1
11039 4472 1
4286 7841 1
4286 3931 1
4286 6704 1
4286 5968 1
4286 7530 1
5562 3866 1
5562 10329 1
5562 1208 1
5562 4356 1
5562 7120 1
5536 4033 1
5536 8178 1
5536 1250 1
5536 5230 1
5536 10329 1
8705 4842 1
8705 2686 1
8705 1416 1
8705 5468 1
8705 9468 1
4757 11173 1
4757 7604 1
4757 985 1
4757 3011 1
4757 10818 1
7274 5182 1
7274 2846 1
7274 1416 1
7274 5536 1
7274 5562 1
4262 5242 1
4262 7259 1
4262 6561 1
4262 10451 1
4262 5705 1
5202 6731 1
5202 4233 1
5202 11168 1
5202 8033 1
5202 6808 1
1781 8380 1
1781 5640 1
1781 4700 1
1781 8959 1
1781 9766 1
2218 5640 1
2218 3667 1
2218 1781 1
2218 4021 1
2218 10661 1
10152 5182 1
10152 2846 1
10152 1416 1
10152 5536 1
10152 5562 1
3854 4091 1
3854 9691 1
3854 3347 1
3854 6955 1
3854 4055 1
9118 10591 1
9118 5868 1
9118 2877 1
9118 9275 1
9118 11007 1
5337 5451 1
5337 10235 1
5337 9277 1
5337 5696 1
5337 4540 1
1154 6552 1
1154 3705 1
1154 6224 1
1154 4727 1
1154 5681 1
7149 6244 1
7149 2846 1
7149 4553 1
7149 5968 1
7149 6951 1
8895 9277 1
8895 7488 1
8895 9679 1
8895 3703 1
8895 3223 1
5182 7299 1
5182 2846 1
5182 1416 1
5182 10890 1
5182 9347 1
3866 9347 1
3866 2846 1
3866 1416 1
3866 5562 1
3866 5536 1
3223 5026 1
3223 7488 1
3223 8895 1
3223 9679 1
3223 54 1
10174 9277 1
10174 9849 1
10174 10373 1
10174 7176 1
10174 2691 1
8787 9897 1
8787 10913 1
8787 10936 1
8787 11001 1
8787 1383 1
2698 5790 1
2698 10913 1
2698 5095 1
2698 11001 1
2698 8787 1
2463 5467 1
2463 4125 1
2463 4233 1
2463 8443 1
2463 6767 1
6552 10516 1
6552 6977 1
6552 1035 1
6552 2686 1
6552 5536 1
6906 9897 1
6906 10815 1
6906 6774 1
6906 10913 1
10398 9897 1
10398 10913 1
10398 3992 1
10398 9769 1
10398 8514 1
5933 9013 1
5933 10982 1
5933 6204 1
5933 2430 1
5933 1854 1
8753 4028 1
8753 10152 1
8753 1250 1
8753 4945 1
8753 10311 1
6685 6902 1
6685 10234 1
6685 4455 1
6685 8594 1
6685 6096 1
3372 3866 1
3372 2846 1
3372 1416 1
3372 5382 1
3372 3624 1
10356 4233 1
10356 4757 1
9878 8959 1
9878 9041 1
9878 1422 1
9878 10418 1
9878 4690 1
5914 4338 1
5914 7274 1
5914 1416 1
5914 5230 1
5914 10152 1
5968 5364 1
5968 5543 1
5968 8037 1
5968 2119 1
5968 4168 1
5686 8959 1
5686 8285 1
5686 1934 1
5686 7288 1
5686 5593 1
767 7074 1
767 7017 1
767 1664 1
767 6062 1
767 10723 1
1082 4033 1
1082 7123 1
1082 853 1
1082 6196 1
1082 10123 1
1270 9180 1
1270 2218 1
1270 3667 1
1270 4021 1
1270 9700 1
2046 5160 1
2046 4618 1
2046 1360 1
2046 3247 1
2046 3889 1
10318 8759 1
10318 9870 1
10318 5751 1
10318 1130 1
10318 7023 1
3528 7215 1
3528 10031 1
3528 1365 1
3528 8883 1
3528 4724 1
5868 10850 1
5868 10890 1
5868 997 1
5868 3047 1
5868 8705 1
2578 6060 1
2578 6704 1
2578 7841 1
2578 7530 1
2578 3931 1
8594 7176 1
8594 8143 1
8594 8542 1
8594 6685 1
8594 3416 1
1416 3624 1
1416 10516 1
1416 2944 1
1416 6576 1
1416 2686 1
10329 4033 1
10329 10814 1
10329 1250 1
10329 5382 1
10329 10516 1
5382 5182 1
5382 2846 1
5382 1416 1
5382 6977 1
5382 5868 1
10814 5182 1
10814 2846 1
10814 1416 1
10814 5536 1
10814 5562 1
1934 3246 1
1934 7155 1
1934 1019 1
1934 5380 1
1934 2162 1
2119 5303 1
2119 10397 1
2119 4291 1
2119 6439 1
2119 8973 1
5543 6244 1
5543 3545 1
5543 5054 1
5543 8413 1
5543 10248 1
10451 543 1
10451 4262 1
6770 10777 1
6770 7530 1
6770 5442 1
6770 1331 1
6770 9733 1
4338 9326 1
4338 10376 1
4338 1702 1
4338 6262 1
4338 8632 1
4356 4104 1
4356 8565 1
4356 1208 1
4356 10759 1
4356 6374 1
8037 5894 1
8037 5968 1
8037 2466 1
8037 7733 1
8037 3397 1
4455 6685 1
4455 8774 1
4455 10654 1
4455 5328 1
4455 1200 1
4945 5503 1
4945 4556 1
4945 8753 1
4945 1256 1
4945 606 1
6062 6935 1
6062 3473 1
6062 1153 1
6062 8998 1
6062 10673 1
5664 9785 1
5664 4387 1
5664 1152 1
5664 5873 1
5664 7390 1
7171 4028 1
7171 9939 1
7171 1169 1
7171 5182 1
7171 8753 1
6204 10913 1
6204 5933 1
6204 2430 1
8514 10088 1
8514 9734 1
8514 2368 1
8514 8518 1
8514 4422 1
9769 7012 1
9769 7136 1
9769 1620 1
9769 8990 1
9769 2377 1
8542 8594 1
8542 5792 1
8542 2450 1
8542 8009 1
8542 3836 1
10815 9937 1
10815 9991 1
10815 2377 1
10815 9458 1
10815 5170 1
1035 6984 1
1035 4768 1
1035 10626 1
1035 4685 1
1035 6355 1
10516 3457 1
10516 10329 1
10516 1082 1
10516 3986 1
10516 8178 1
6767 5585 1
6767 3661 1
6767 1497 1
6767 6401 1
6767 6430 1
5095 5790 1
5095 2698 1
5095 7113 1
5095 2200 1
5095 1635 1
6731 6014 1
6731 8811 1
6731 7146 1
6731 5202 1
6731 2528 1
5364 6935 1
5364 4396 1
5364 1147 1
5364 10518 1
5364 8187 1
10936 10913 1
10936 8787 1
10936 9897 1
10936 11001 1
10936 1596 1
7176 6387 1
7176 6685 1
7176 3340 1
7176 10160 1
7176 4210 1
3992 9559 1
3992 10398 1
3992 814 1
3992 5626 1
3992 3041 1
10373 10470 1
10373 8345 1
10373 10174 1
10373 7176 1
10373 1583 1
9849 8619 1
9849 9354 1
9849 4449 1
9849 7933 1
9849 6160 1
7488 3223 1
7488 8895 1
4553 10527 1
4553 4487 1
4553 1196 1
4553 10343 1
4553 8680 1
54 3223 1
54 1351 1
54 10801 1
54 7350 1
54 7403 1
9870 11054 1
9870 3523 1
9870 6194 1
9870 1504 1
9870 8153 1
6224 6552 1
6224 4146 1
6224 1252 1
6224 5681 1
6224 2877 1
10723 7159 1
10723 8079 1
10723 4480 1
10723 941 1
10723 5611 1
9041 5878 1
9041 3516 1
9041 954 1
9041 6921 1
9041 7040 1
10235 8274 1
10235 8523 1
10235 627 1
10235 2846 1
10235 6715 1
5451 8484 1
5451 8078 1
5451 10235 1
5451 3001 1
5451 9731 1
3703 7637 1
3703 1754 1
3703 3296 1
3703 4831 1
3703 4078 1
9275 9235 1
9275 10591 1
9275 744 1
9275 3419 1
9275 6795 1
2877 11007 1
2877 3175 1
2877 9502 1
2877 1785 1
2877 10613 1
6244 4553 1
6244 6770 1
6244 1520 1
6244 5056 1
6244 6470 1
4055 10077 1
4055 5961 1
4055 6140 1
4055 3180 1
4055 1234 1
7259 10575 1
7259 8592 1
7259 4287 1
7259 10743 1
7259 6561 1
9691 5961 1
9691 3180 1
9691 4201 1
9691 6543 1
9691 484 1
4091 5998 1
4091 10931 1
4091 5179 1
4091 2101 1
4091 1203 1
9766 7911 1
9766 8380 1
9766 1781 1
9766 10661 1
9766 4673 1
3705 4146 1
3705 7902 1
3705 3389 1
3705 5681 1
3705 6224 1
4700 7911 1
4700 5640 1
4700 1781 1
4700 9082 1
4700 4673 1
8380 5394 1
8380 3575 1
8380 1274 1
8380 5814 1
8380 5917 1
8033 9390 1
8033 8348 1
8033 3934 1
8033 9682 1
8033 6348 1
5026 10221 1
5026 3223 1
5026 6087 1
5026 8980 1
5026 642 1
7215 6035 1
7215 3754 1
7215 1190 1
7215 6711 1
7215 10754 1
5705 4262 1
5705 3345 1
5705 3647 1
5705 2103 1
5705 1650 1
6561 7259 1
6561 10429 1
6561 5230 1
6561 8406 1
6561 8432 1
6525 8603 1
6525 3523 1
6525 6194 1
6525 1418 1
6525 10723 1
1208 1463 1
1208 7359 1
1208 982 1
1208 7483 1
1208 6529 1
10890 5182 1
10890 2846 1
10890 1416 1
10890 5536 1
10890 5562 1
3993 9577 1
3993 5569 1
3993 4098 1
3993 730 1
3993 4264 1
7299 8432 1
7299 10235 1
7299 1082 1
7299 3866 1
7299 7977 1
1130 1959 1
1130 2238 1
1130 7505 1
1130 4477 1
1130 3993 1
7485 1556 1
7485 5010 1
7485 6407 1
7485 982 1
7485 615 1
9733 9092 1
9733 10777 1
9733 5970 1
9733 1233 1
9733 7159 1
895 9899 1
895 7599 1
895 9425 1
895 9463 1
895 5016 1
10234 6461 1
10234 4221 1
10234 2461 1
10234 7841 1
10234 7977 1
8443 10398 1
8443 4023 1
8443 8380 1
8443 2377 1
8443 627 1
3667 9700 1
3667 10661 1
3667 1375 1
3667 9082 1
3667 4673 1
10287 9939 1
10287 3523 1
10287 6194 1
10287 1629 1
10287 7867 1
9996 5991 1
9996 6680 1
9996 2530 1
9996 9870 1
9996 5154 1
997 8753 1
997 3866 1
997 6977 1
997 5562 1
997 4028 1
4877 11132 1
4877 3993 1
4877 9400 1
4877 1739 1
4877 10588 1
2691 9374 1
2691 9899 1
2691 7057 1
2691 1987 1
2691 9277 1
10850 7215 1
10850 4234 1
10850 2439 1
10850 8239 1
10850 8666 1
4033 7686 1
4033 2686 1
4033 1416 1
4033 7299 1
4033 9468 1
1365 6197 1
1365 6950 1
1365 797 1
1365 2877 1
1365 7354 1
4954 7159 1
4954 3679 1
4954 6019 1
4954 1664 1
4954 10123 1
11001 10936 1
11001 4736 1
11001 9486 1
11001 10200 1
11001 979 1
5751 8079 1
5751 3572 1
5751 1059 1
5751 8871 1
5751 9011 1
3889 9959 1
3889 4677 1
3889 5081 1
3889 2046 1
3889 1993 1
1854 5933 1
1854 9013 1
1854 6473 1
3247 8635 1
3247 3144 1
3247 1226 1
3247 3800 1
3247 1700 1
10410 4631 1
10410 9358 1
10410 1688 1
10410 5443 1
10410 8935 1
3047 5914 1
3047 2846 1
3047 1416 1
3047 3624 1
3047 3372 1
11007 5588 1
11007 4128 1
11007 1152 1
11007 6035 1
11007 6036 1
1360 2046 1
1360 6291 1
1360 4098 1
1360 7136 1
1360 4683 1
4021 4968 1
4021 8380 1
4021 1781 1
4021 9180 1
4021 4673 1
4618 6621 1
4618 2716 1
4618 6790 1
4618 8398 1
4618 5360 1
6951 5487 1
6951 1775 1
6951 3617 1
6951 7964 1
6951 6244 1
5160 2046 1
7379 9473 1
7379 3993 1
7379 7031 1
7379 1739 1
7379 8565 1
3996 6087 1
3996 2427 1
3996 7175 1
3996 8542 1
3996 4415 1
9700 8380 1
9700 8959 1
9700 1781 1
9700 9766 1
9700 4673 1
10123 6935 1
10123 7816 1
10123 4382 1
10123 941 1
10123 5569 1
6243 8106 1
6243 5427 1
6243 2219 1
6243 8886 1
6243 7476 1
8759 9141 1
8759 3957 1
8759 6935 1
8759 1681 1
8759 9733 1
6528 4563 1
6528 2970 1
6528 1153 1
6528 5324 1
6528 5388 1
2944 10516 1
2944 9468 1
2944 1416 1
2944 5562 1
2944 10938 1
7123 5451 1
7123 5524 1
7123 10814 1
7123 2371 1
7123 4019 1
5681 5868 1
5681 7264 1
5681 3389 1
5681 6224 1
5681 5278 1
8666 6087 1
8666 3344 1
8666 1394 1
8666 6500 1
8666 6981 1
7074 6927 1
7074 3473 1
7074 1153 1
7074 8731 1
7074 8133 1
9693 9788 1
9693 8160 1
9693 4956 1
9693 9468 1
9693 6257 1
6902 5889 1
6902 6096 1
6902 3747 1
6902 9092 1
6902 4443 1
9887 7171 1
9887 4196 1
9887 1190 1
9887 7598 1
9887 7686 1
5593 6863 1
5593 10487 1
5593 1208 1
5593 4018 1
5593 9594 1
6774 9991 1
6774 9937 1
6774 2377 1
6774 8223 1
6774 4841 1
1664 7159 1
1664 3062 1
1664 9545 1
1664 1629 1
1664 7064 1
10818 9965 1
10818 4757 1
10818 9662 1
10818 296 1
10818 18 1
941 6139 1
941 9400 1
941 2381 1
941 3100 1
941 3993 1
4125 6965 1
4125 10024 1
4125 11150 1
4125 8371 1
4125 7511 1
2936 3574 1
2936 8782 1
2936 5427 1
2936 1564 1
2936 9605 1
4727 7885 1
4727 5681 1
4727 3389 1
4727 7264 1
4727 6629 1
8508 10221 1
8508 7807 1
8508 9673 1
8508 3037 1
8508 2085 1
2782 8345 1
2782 3342 1
2782 2343 1
2782 7662 1
2782 2988 1
9397 3986 1
9397 9089 1
9397 1717 1
9397 4462 1
9397 8029 1
10591 10031 1
10591 5868 1
10591 2877 1
10591 7598 1
10591 3528 1
7193 4631 1
7193 9490 1
7193 1688 1
7193 5443 1
7193 9441 1
1422 2999 1
1422 8732 1
1422 1080 1
1422 6838 1
1422 3145 1
11173 10983 1
11173 9071 1
11173 1152 1
11173 3597 1
11173 7123 1
6392 9422 1
6392 3986 1
6392 2024 1
6392 8229 1
6392 8992 1
11168 9782 1
11168 9911 1
11168 3827 1
11168 9159 1
11168 6974 1
7885 8959 1
7885 8786 1
7885 1154 1
7885 3986 1
7885 7171 1
7288 7732 1
7288 5562 1
7288 2208 1
7288 7825 1
7288 9275 1
5696 8973 1
5696 3832 1
5696 1443 1
5696 9975 1
5696 8247 1
3624 10516 1
3624 2846 1
3624 1416 1
3624 5562 1
3624 5536 1
6808 7835 1
6808 5202 1
6808 7146 1
6808 4173 1
6808 3934 1
7604 4956 1
7604 4620 1
7604 10809 1
7604 2078 1
7604 727 1
2430 5933 1
2430 9160 1
2430 2830 1
2430 2815 1
2430 4642 1
1739 3523 1
1739 9400 1
1739 7091 1
1739 6061 1
1739 10022 1
2734 5574 1
2734 11132 1
2734 4861 1
2734 1336 1
2734 5974 1
4724 5868 1
4724 5899 1
4724 2877 1
4724 6197 1
4724 8883 1
10031 5472 1
10031 5899 1
10031 10238 1
10031 2418 1
10031 4104 1
2270 8060 1
2270 2401 1
2270 3416 1
7120 3624 1
7120 7902 1
7120 1154 1
7120 4028 1
7120 10938 1
9013 8437 1
9013 8477 1
9013 3499 1
9013 7381 1
9013 5072 1
7023 7159 1
7023 3778 1
7023 6737 1
7023 1629 1
7023 8871 1
3346 3866 1
3346 2846 1
3346 1416 1
3346 5382 1
3346 3624 1
4540 7123 1
4540 5337 1
4540 5451 1
4540 311 1
4540 117 1
6286 7370 1
6286 11093 1
6286 5188 1
6286 1211 1
6286 10802 1
8401 8684 1
8401 5281 1
8401 8286 1
8401 1836 1
8401 9146 1
8998 8274 1
8998 10804 1
8998 5163 1
8998 982 1
8998 6563 1
5467 10666 1
5467 6597 1
5467 3978 1
5467 8148 1
5467 8065 1
4472 5395 1
4472 3832 1
4472 1965 1
4472 11039 1
4472 8229 1
3011 6376 1
3011 7352 1
3011 1152 1
3011 5906 1
3011 4757 1
9180 3848 1
9180 10918 1
9180 1199 1
9180 4361 1
9180 9799 1
10971 8083 1
10971 5010 1
10971 2011 1
8285 10158 1
8285 9438 1
8285 993 1
8285 4313 1
8285 7876 1
6096 6683 1
6096 7208 1
6096 2845 1
6096 8186 1
6096 5664 1
9218 8759 1
9218 10031 1
9218 5241 1
9218 1130 1
9218 6770 1
7017 8285 1
7017 7279 1
7017 606 1
7017 2877 1
7017 6093 1
8178 5182 1
8178 2846 1
8178 1416 1
8178 5536 1
8178 5562 1
1412 9100 1
1412 10022 1
1412 6139 1
1412 982 1
1412 10041 1
5790 9767 1
5790 6651 1
5790 2698 1
5790 5095 1
3813 5970 1
3813 4480 1
3813 9278 1
3813 941 1
3813 4297 1
10982 6838 1
10982 7049 1
10982 5933 1
10982 5999 1
1629 2975 1
1629 4941 1
1629 6923 1
1629 1328 1
1629 7945 1
853 4128 1
853 1229 1
853 532 1
853 8756 1
853 5504 1
8604 7265 1
8604 5010 1
8604 2219 1
8604 8285 1
8604 9349 1
9400 8736 1
9400 3914 1
9400 6836 1
9400 1664 1
9400 8506 1
7676 10022 1
7676 10041 1
7676 5503 1
7676 1328 1
7676 6918 1
10661 7663 1
10661 7911 1
10661 1781 1
10661 9180 1
10661 4021 1
10418 11129 1
10418 9169 1
10418 414 1
10418 3978 1
10418 7843 1
9025 7843 1
9025 5441 1
9025 1755 1
9025 8171 1
9025 8174 1
1556 5230 1
1556 6407 1
1556 7485 1
1556 5010 1
1556 982 1
3347 3180 1
3347 3854 1
3347 8183 1
3347 1636 1
3347 1620 1
2377 9769 1
2377 5996 1
2377 3329 1
2377 2873 1
2377 9937 1
9458 8984 1
9458 9991 1
9458 1269 1
9458 10815 1
9458 4119 1
856 7720 1
856 3415 1
856 3393 1
856 11007 1
856 2121 1
985 6137 1
985 3288 1
985 7432 1
985 4149 1
985 6970 1
6955 9808 1
6955 8789 1
6955 10077 1
6955 3854 1
6955 2165 1
3572 6353 1
3572 7064 1
3572 10886 1
3572 1248 1
3572 4308 1
1383 2698 1
1383 8787 1
8883 7095 1
8883 4128 1
8883 1671 1
8883 8126 1
8883 8239 1
525 2842 1
525 6076 1
9679 8895 1
9679 6796 1
9679 7861 1
9679 10801 1
9679 1567 1
6036 7048 1
6036 6923 1
6036 9441 1
6036 2693 1
6036 5212 1
3193 7660 1
3193 8919 1
3193 10882 1
3193 4978 1
3193 7411 1
5242 4262 1
5242 2405 1
5242 854 1
5242 5110 1
5242 6401 1
9620 5170 1
9620 6208 1
5640 10661 1
5640 9766 1
5640 1781 1
5640 9082 1
5640 4673 1
8869 7726 1
8869 5530 1
8869 10543 1
8869 1351 1
8869 1243 1
4690 1795 1
4690 2891 1
4690 9878 1
4690 1449 1
4690 11 1
6500 10983 1
3344 9788 1
3344 4264 1
3344 3397 1
7264 7885 1
7264 4727 1
9160 2815 1
8345 5241 1
1463 1208 1
1463 2401 1
6401 6430 1
8680 4553 1
2970 4297 1
2970 10777 1
6262 4338 1
6262 3393 1
8731 6062 1
8731 3473 1
8731 1153 1
8731 7017 1
8731 7074 1
3957 8603 1
3957 9733 1
3957 5395 1
3957 1739 1
7476 4553 1
7476 5968 1
5427 2936 1
5427 6243 1
4382 10022 1
4382 3574 1
4382 1412 1
1681 8345 1
1681 9011 1
1681 4480 1
9911 2891 1
7816 853 1
7816 4128 1
5278 7885 1
5278 5681 1
5278 3389 1
5278 7264 1
5278 7120 1
9782 6683 1
9782 2693 1
9782 11168 1
4415 2936 1
4415 4941 1
6061 7530 1
6061 3993 1
6061 1739 1
6061 8523 1
7031 11054 1
7031 3993 1
7031 9218 1
7031 1739 1
7031 8187 1
6208 9620 1
3617 1775 1
7732 5230 1
7732 5792 1
1775 3617 1
6711 7215 1
3419 9468 1
3419 10654 1
4968 8380 1
4968 9082 1
4683 7136 1
4683 1360 1
6291 2691 1
2999 9041 1
2999 1422 1
4128 4196 1
4128 10123 1
6597 8148 1
6597 5467 1
6093 4631 1
6093 9438 1
6093 1688 1
6093 5443 1
6093 6353 1
6737 6019 1
6737 4297 1
5443 6795 1
5443 10031 1
5443 4128 1
4620 7604 1
4620 4757 1
1328 1785 1
1328 7370 1
1328 1208 1
1688 853 1
1688 2162 1
4631 7064 1
4631 1130 1
2162 6286 1
2162 4978 1
2162 7945 1
3800 10248 1
3800 1993 1
3800 10398 1
3800 3247 1
3144 8635 1
8635 4098 1
1993 3800 1
1993 4677 1
1993 9975 1
7807 9463 1
7807 5230 1
7807 6836 1
9011 6061 1
9011 4861 1
2427 7175 1
1059 10882 1
979 9486 1
979 11001 1
979 9878 1
5917 7686 1
5917 5814 1
5917 8380 1
9486 9878 1
9486 2698 1
9486 9767 1
1256 4945 1
1256 606 1
1256 8753 1
6194 6563 1
6194 3914 1
6194 1664 1
6197 4978 1
6197 5451 1
6197 10591 1
6197 3747 1
7843 10418 1
7843 2970 1
7843 5593 1
8935 10158 1
8935 1331 1
8935 4308 1
4234 10850 1
9374 1152 1
9374 3344 1
10588 9605 1
10588 5442 1
10588 1328 1
9146 10777 1
9146 1412 1
6790 4618 1
5154 2461 1
5154 6286 1
5154 5906 1
2530 8174 1
2530 1147 1
9937 10913 1
9937 2377 1
9937 9458 1
9937 5170 1
5991 9996 1
5991 6680 1
7637 3703 1
7637 1422 1
7637 7660 1
7867 9400 1
7867 11132 1
7867 6923 1
7390 9693 1
4023 8443 1
4023 8380 1
5016 10287 1
10777 8871 1
10777 1564 1
9425 895 1
10248 5081 1
10248 3800 1
10248 1360 1
4487 4553 1
9463 7599 1
9463 7807 1
4477 5611 1
4477 10723 1
8592 8009 1
8592 4262 1
10238 8756 1
5487 6951 1
9577 9400 1
9577 5395 1
9577 982 1
9577 6770 1
3062 10804 1
3062 7867 1
3062 7411 1
3062 982 1
3062 5503 1
6529 8523 1
6529 6737 1
6950 9358 1
6950 5443 1
7359 6061 1
7359 6863 1
7359 3993 1
7359 767 1
10429 6561 1
2103 3647 1
2103 5705 1
5395 7530 1
5395 1336 1
3647 3345 1
11054 10886 1
11054 1130 1
11054 7505 1
1190 6035 1
3345 7259 1
5814 8380 1
5814 7686 1
5814 5917 1
3754 7288 1
3754 6196 1
7733 5968 1
6348 8033 1
6348 7146 1
3934 6808 1
3934 7146 1
3934 8033 1
642 3223 1
642 5026 1
10518 5364 1
1418 6950 1
1418 5443 1
1418 8401 1
11150 9782 1
11150 4125 1
3575 8380 1
6621 5360 1
3329 2377 1
5394 8380 1
5394 5814 1
5394 7686 1
5394 5917 1
9082 5640 1
9082 7911 1
9082 1375 1
9082 9766 1
9082 4021 1
4221 10234 1
9159 11168 1
7902 6552 1
7902 6629 1
7902 3389 1
7902 6224 1
7902 5278 1
4264 3957 1
4264 9473 1
4264 1739 1
4264 4480 1
1795 2891 1
4673 5640 1
4673 1270 1
4673 10661 1
7911 2466 1
7911 1270 1
5442 6525 1
5442 7676 1
5588 11007 1
5179 4091 1
484 9691 1
484 814 1
484 2200 1
484 5202 1
4201 9691 1
4201 2200 1
5611 7091 1
5611 3957 1
5611 9577 1
5611 1681 1
8065 2463 1
8065 5467 1
1754 2450 1
1754 8247 1
10343 9870 1
10343 7676 1
4396 5968 1
4396 5364 1
7159 8187 1
7159 1130 1
10022 9733 1
10022 3523 1
10022 1336 1
10022 7663 1
615 5010 1
615 4313 1
6376 5906 1
1200 10654 1
1200 6685 1
1200 4455 1
8153 8565 1
8153 9358 1
8153 5241 1
9799 3854 1
9799 5998 1
6160 7176 1
6160 9849 1
1252 5504 1
1252 7505 1
9390 8033 1
9390 9682 1
9390 7146 1
6921 9041 1
3288 6137 1
3288 1152 1
3288 3597 1
7403 54 1
8398 4618 1
627 1700 1
627 5996 1
627 2046 1
4308 10886 1
4308 1688 1
4308 9438 1
7350 7176 1
7350 54 1
4078 3703 1
7370 5364 1
7370 7676 1
4736 11001 1
7599 9463 1
7599 895 1
6470 6244 1
10575 7660 1
9502 4631 1
9502 9358 1
9502 1688 1
9502 5443 1
9502 8935 1
7048 6036 1
7048 9799 1
7048 4956 1
10613 4128 1
6019 7031 1
6019 3993 1
6019 10343 1
6019 1739 1
6019 6286 1
2343 8998 1
3246 2846 1
6927 5968 1
5281 10238 1
5281 10031 1
2418 10031 1
2418 4104 1
1564 10804 1
8160 9468 1
8160 5970 1
9235 7288 1
9235 9275 1
9235 6196 1
4297 1664 1
4297 5974 1
5524 7123 1
5524 9374 1
5524 1152 1
5524 3597 1
5889 6902 1
7598 9118 1
7598 4724 1
7598 1190 1
7598 8239 1
1080 1422 1
9594 7370 1
9594 9605 1
9594 2970 1
9594 5443 1
5504 2877 1
9545 9141 1
9545 3957 1
9545 7023 1
9545 1739 1
7091 1233 1
7091 6935 1
9785 10311 1
9785 5664 1
1196 3415 1
5970 3813 1
6965 10024 1
6965 4125 1
2466 8401 1
2466 10673 1
2466 5241 1
5328 6685 1
5328 941 1
6974 11168 1
1248 3572 1
1248 8484 1
3574 7023 1
3574 6918 1
8133 6927 1
8133 3473 1
8133 1153 1
4018 1208 1
4018 9605 1
4841 8984 1
4841 2377 1
4841 6774 1
4841 5170 1
6629 6552 1
6629 7120 1
6629 3389 1
6629 6224 1
6629 5278 1
9673 8508 1
1443 3813 1
1443 9025 1
2085 8508 1
3342 4128 1
3342 2988 1
3342 7598 1
1717 8229 1
1717 3397 1
9092 6576 1
9092 856 1
9490 4631 1
9490 9358 1
9490 1688 1
9490 5443 1
9490 8935 1
4173 6808 1
4173 7835 1
4210 10160 1
4210 7176 1
4210 3340 1
10754 7215 1
3415 6470 1
7505 3574 1
7505 9278 1
9959 2046 1
9141 7159 1
3145 1520 1
3145 6838 1
3145 3145 1
8083 5010 1
8083 10971 1
3175 6935 1
3175 3572 1
3175 1688 1
3175 4631 1
3175 8935 1
2381 1739 1
9788 8160 1
9788 3813 1
8992 3986 1
8992 2024 1
8992 8229 1
8174 10882 1
8174 2975 1
8174 982 1
8223 1700 1
7825 1252 1
7825 7288 1
3832 4472 1
10376 4338 1
9975 5696 1
9975 1993 1
6683 2845 1
1785 1233 1
1785 8523 1
9965 10818 1
10809 985 1
10809 6137 1
993 8935 1
6257 10759 1
6257 10234 1
8247 4941 1
8247 8871 1
2078 2691 1
4941 6286 1
4941 10318 1
4443 6902 1
4443 5016 1
5574 10022 1
5574 1153 1
5974 9400 1
5974 6194 1
5974 4018 1
10882 9577 1
5899 4196 1
5899 7215 1
5899 10850 1
5081 3889 1
5081 10248 1
5081 1269 1
7064 7279 1
7064 1336 1
5472 8401 1
5472 6927 1
2200 9691 1
606 10673 1
606 9870 1
606 8731 1
606 8079 1
8371 10024 1
8371 4125 1
8371 7511 1
9354 7933 1
2401 10158 1
9808 2165 1
9808 6955 1
1583 9277 1
1583 10373 1
1583 856 1
7354 5503 1
7354 8401 1
5072 8477 1
5072 4422 1
5072 10931 1
3778 8603 1
3778 1739 1
311 4540 1
5163 8565 1
5163 6863 1
9278 3914 1
9278 6923 1
9278 1681 1
9278 8736 1
10077 6955 1
10077 3854 1
10077 8789 1
7662 2343 1
8684 414 1
8684 1681 1
7861 9679 1
7861 10801 1
7861 6194 1
1836 4978 1
1836 3193 1
1836 5443 1
8789 10077 1
8789 3854 1
8789 6955 1
8079 6093 1
8079 6715 1
10666 5467 1
10666 8148 1
744 6197 1
744 4128 1
744 5899 1
744 4842 1
744 6035 1
1567 9679 1
7726 1243 1
7726 8869 1
5906 7299 1
5906 6970 1
5906 4757 1
10918 9180 1
6935 9788 1
6935 767 1
10626 1035 1
8980 10221 1
8980 5026 1
1199 11168 1
2845 8186 1
6137 6376 1
6137 7057 1
6137 1152 1
6137 3597 1
4361 9180 1
3978 6902 1
3978 7637 1
3978 4631 1
2716 4618 1
8477 5626 1
4387 3344 1
10931 4091 1
10931 9782 1
8886 6243 1
8886 8106 1
3001 5451 1
532 5899 1
532 5241 1
9939 10041 1
9939 8229 1
9089 3986 1
9089 2024 1
9089 8229 1
4313 8285 1
8186 6096 1
8186 6683 1
8186 2845 1
8786 7885 1
10801 7807 1
10801 6087 1
10801 9679 1
10801 7861 1
5241 6770 1
5241 4563 1
7876 10158 1
7876 4104 1
7876 7193 1
7279 4631 1
7279 9490 1
7279 1688 1
7279 5443 1
7279 9441 1
8506 5163 1
2371 5536 1
2371 1416 1
2371 8959 1
6651 5790 1
6651 9767 1
7049 10982 1
7049 5933 1
7049 484 1
8984 9937 1
8984 9991 1
8984 2377 1
8984 5170 1
3523 1336 1
5999 6838 1
5999 10982 1
2101 4091 1
3747 9374 1
3747 6970 1
3747 895 1
1243 8869 1
1243 7726 1
9473 9146 1
9473 3993 1
9473 7031 1
9473 1739 1
8523 9278 1
8523 5792 1
8523 1130 1
8523 7031 1
6923 9400 1
6923 4861 1
6923 993 1
8229 9218 1
8229 1412 1
8229 6392 1
6836 982 1
11093 11129 1
7663 3957 1
7663 7023 1
7663 1739 1
7663 8871 1
7945 9605 1
7945 1233 1
7945 7159 1
11129 10802 1
11129 3993 1
9767 11001 1
9767 5790 1
9767 8787 1
9767 10936 1
9767 2698 1
414 8174 1
414 8079 1
414 10723 1
6140 4055 1
6140 5961 1
6140 3180 1
6140 3854 1
5441 9788 1
5441 6737 1
1351 8869 1
1351 6087 1
1351 1775 1
8171 9025 1
9358 10158 1
9358 9438 1
3597 6137 1
3597 1152 1
3597 9731 1
8183 3347 1
8183 10077 1
8183 1636 1
8183 1620 1
1636 3347 1
1636 8183 1
1497 9769 1
1497 3180 1
1497 3854 1
1497 2528 1
2873 2377 1
1269 10913 1
1269 2377 1
1269 6774 1
1269 9937 1
2121 6563 1
2121 5442 1
2121 1629 1
2121 7064 1
3914 10886 1
3914 767 1
3914 10804 1
8029 5188 1
7432 9788 1
7432 1152 1
7432 3344 1
1671 8883 1
1671 2975 1
2024 2466 1
6139 8506 1
6139 3993 1
6139 6737 1
6139 1739 1
6139 9545 1
4149 11129 1
8239 6836 1
8239 8883 1
10886 7867 1
10886 8603 1
10886 993 1
10886 6194 1
8432 9899 1
8432 6561 1
3100 10588 1
3100 8871 1
3100 9473 1
5569 3100 1
5569 8736 1
7095 9788 1
7095 2975 1
8126 7095 1
6076 8604 1
6076 6529 1
6076 10418 1
1755 9468 1
1755 9594 1
8919 6500 1
8919 7411 1
2988 8345 1
2988 2343 1
10759 9025 1
10759 9468 1
10759 9693 1
4196 7598 1
4196 2877 1
4196 6197 1
4196 10591 1
1702 1671 1
1702 4338 1
1211 5188 1
1211 8029 1
296 5894 1
9349 6076 1
9349 8604 1
1987 6137 1
1987 7123 1
1987 1152 1
6563 11054 1
6563 1564 1
10543 8869 1
10543 8221 1
10543 10186 1
7012 8931 1
7012 9769 1
7012 8811 1
7835 10826 1
7835 6808 1
7835 4173 1
4563 8998 1
4563 8506 1
4563 1233 1
4563 5974 1
5626 3427 1
5626 4422 1
5626 8477 1
6035 8239 1
6035 3528 1
6035 1365 1
5212 8542 1
5212 1418 1
5212 6183 1
6838 6087 1
6838 8531 1
6838 1422 1
8484 7177 1
8484 5451 1
10938 5182 1
10938 2846 1
10938 1416 1
10938 5536 1
10938 5562 1
3340 10160 1
3340 4210 1
3340 7176 1
1596 2698 1
1596 10936 1
1596 9897 1
1596 9186 1
1596 10913 1
3041 9012 1
3041 10181 1
2528 7146 1
2528 6014 1
2528 6731 1
10983 3011 1
10983 5668 1
10160 7176 1
10160 4210 1
10160 3340 1
7113 5095 1
4556 4945 1
4556 5503 1
8437 8477 1
8437 4422 1
8437 3499 1
3499 9013 1
3499 4422 1
3499 8477 1
3499 5072 1
5961 4055 1
5961 9691 1
5961 6140 1
5961 3854 1
5961 3180 1
4104 7432 1
4104 5485 1
4104 7695 1
1635 5095 1
1635 9380 1
6543 9691 1
6543 1217 1
6543 2200 1
1226 3247 1
1226 8635 1
1226 461 1
4146 6552 1
4146 7902 1
4146 1780 1
4146 4727 1
4146 7264 1
5792 7091 1
5792 3957 1
5792 6770 1
5792 1739 1
5792 9545 1
3397 6715 1
3397 7505 1
10804 3957 1
10804 6923 1
10804 1739 1
9438 4631 1
9438 9358 1
9438 1688 1
9438 5443 1
9438 8935 1
8078 1152 1
8078 3597 1
8078 7123 1
3393 7411 1
3393 6989 1
3393 1531 1
3393 5853 1
3393 3297 1
7483 10714 1
7483 8118 1
7483 5224 1
814 3992 1
814 4195 1
814 10601 1
814 8622 1
814 8147 1
2450 8542 1
2450 3335 1
2450 9935 1
2450 4097 1
2450 1754 1
10221 8508 1
10221 8980 1
10221 7660 1
3836 8542 1
3836 3969 1
3836 5050 1
3836 6576 1
8774 6685 1
8774 10654 1
8774 4455 1
10041 8759 1
10041 3813 1
10041 6737 1
10041 1564 1
10041 8595 1
8973 3572 1
8973 2401 1
1147 5230 1
1147 10418 1
1147 3475 1
1147 3193 1
1147 6176 1
10200 11001 1
10200 9256 1
10200 553 1
1019 6631 1
1019 1158 1
1019 8531 1
3473 7359 1
3473 4098 1
3473 1153 1
3473 3914 1
3473 8395 1
4291 9814 1
4291 10343 1
4291 9923 1
8406 10106 1
8406 8143 1
8406 4492 1
8406 10837 1
8736 8565 1
8736 9473 1
8736 5503 1
8736 1197 1
8736 6737 1
2975 11132 1
2975 1412 1
2975 4563 1
9559 7402 1
9559 554 1
9559 3992 1
5878 8012 1
5878 7903 1
5878 5396 1
117 4540 1
117 4872 1
117 5021 1
117 7123 1
117 9664 1
3389 7902 1
3389 4727 1
3389 7120 1
3389 4146 1
3389 7264 1
5380 10221 1
5380 5026 1
5380 8980 1
4831 7637 1
4831 1754 1
4831 8606 1
8348 8033 1
8348 9682 1
8348 1339 1
8348 291 1
5056 5593 1
5056 2505 1
5056 4018 1
7411 3393 1
7411 6500 1
7411 6814 1
1650 5705 1
1650 4262 1
4119 9015 1
4119 8274 1
4119 4341 1
3296 7807 1
3296 6374 1
3296 3149 1
7977 6770 1
7977 5154 1
4685 1035 1
4685 7559 1
5503 9760 1
5503 5056 1
5303 8609 1
2011 8083 1
2011 10971 1
2011 5010 1
4480 10723 1
8565 7052 1
8565 4061 1
1203 4091 1
1203 9799 1
1203 199 1
1203 187 1
10654 6353 1
10654 6576 1
10654 10814 1
10654 2573 1
10397 10235 1
10397 1443 1
10397 8078 1
9682 8894 1
9682 7146 1
9682 8348 1
9682 9390 1
5360 7163 1
5360 4601 1
2891 4690 1
2891 9878 1
2891 1422 1
6981 8778 1
6981 2530 1
6981 10395 1
10743 7419 1
10743 4870 1
1336 3574 1
1336 7359 1
7057 10983 1
7057 7546 1
7057 1152 1
7057 3597 1
7057 7432 1
6918 5792 1
6918 1197 1
6918 9733 1
4449 4879 1
4449 8619 1
4449 9849 1
8756 10613 1
7933 9849 1
7933 9354 1
7933 8673 1
7933 1555 1
9326 4911 1
9326 11039 1
9326 2130 1
1394 7303 1
1394 3075 1
1394 8666 1
1394 337 1
7155 2343 1
4287 10418 1
4287 2100 1
4287 9400 1
5110 6767 1
8811 9769 1
8811 6731 1
8811 8931 1
8811 5202 1
8811 2528 1
7175 3996 1
7175 2360 1
6387 7176 1
6387 2153 1
6387 234 1
1449 2401 1
1449 8552 1
1449 8309 1
543 6561 1
543 10205 1
543 8959 1
543 7637 1
9071 7057 1
9071 7190 1
9071 985 1
18 9441 1
18 8079 1
18 3175 1
18 3572 1
4956 2461 1
4956 7604 1
4956 7221 1
2693 9257 1
2693 4059 1
2693 6340 1
6374 8565 1
6374 9092 1
6374 9346 1
2208 5562 1
2208 9992 1
2208 2294 1
2208 5230 1
4677 5021 1
4677 895 1
4677 2046 1
4677 9277 1
7146 8894 1
7146 6014 1
7146 9659 1
7146 8033 1
7964 6951 1
7964 4196 1
6353 4631 1
6353 9438 1
6353 1688 1
6353 5443 1
6353 6991 1
2238 2958 1
5530 8869 1
5530 10543 1
5054 4512 1
5054 10621 1
5054 5957 1
9169 3813 1
9169 1443 1
9169 6981 1
9169 7174 1
6715 8187 1
6715 7370 1
6715 1059 1
6715 10882 1
954 6364 1
954 11137 1
6680 8778 1
6680 4145 1
6680 5991 1
6680 10534 1
6680 9996 1
1152 5524 1
1152 9887 1
1152 3053 1
1152 4230 1
1152 10850 1
2815 9160 1
2815 2430 1
6796 7134 1
6796 2598 1
6796 9679 1
6796 201 1
10088 4233 1
10088 8514 1
10088 1497 1
6407 10882 1
6407 4356 1
6407 1556 1
6407 9092 1
5998 4091 1
5998 9799 1
3679 2401 1
3679 9605 1
3679 4954 1
3679 319 1
7265 2842 1
7265 4383 1
1504 1151 1
9734 8514 1
9734 2368 1
9734 8518 1
6439 4876 1
6439 5624 1
6439 2119 1
6439 3026 1
9731 11173 1
9731 9071 1
9731 1152 1
9731 3597 1
9731 7123 1
7686 1169 1
7686 4033 1
7686 9901 1
6863 8153 1
6863 9605 1
6863 1208 1
6863 4018 1
6863 11087 1
2368 9734 1
2368 8518 1
2368 8514 1
1959 6061 1
1959 4877 1
1959 1336 1
1959 5971 1
7720 5815 1
7720 1190 1
7720 9662 1
8518 9734 1
8518 893 1
8518 11168 1
727 7604 1
727 8153 1
4019 6137 1
4019 6970 1
4019 1152 1
4019 3597 1
7660 8079 1
7660 1059 1
7660 5974 1
7660 10575 1
3545 5543 1
6014 8811 1
6014 6731 1
6014 7146 1
6014 5202 1
6014 2528 1
1375 7911 1
1375 4968 1
1375 5640 1
1375 8959 1
1375 7775 1
8782 6981 1
8782 2401 1
8782 5543 1
9605 7064 1
7136 2987 1
7136 8618 1
8009 8542 1
8187 7676 1
8187 4954 1
8187 941 1
8187 6286 1
1234 8477 1
2461 4382 1
2461 6935 1
2461 1671 1
2461 5056 1
5324 4563 1
5324 2970 1
5324 1153 1
5324 6422 1
6970 10983 1
6970 7546 1
6970 1152 1
6970 3597 1
6970 7190 1
797 7848 1
797 4457 1
797 1365 1
1620 3779 1
1620 9598 1
1620 1795 1
1620 1497 1
7381 9013 1
7381 4430 1
7381 11066 1
7381 8235 1
10673 6927 1
10673 3473 1
10673 1153 1
8619 4879 1
8619 9849 1
8619 4449 1
6430 6364 1
6430 2219 1
6430 6934 1
8060 5123 1
8060 2270 1
8060 4415 1
8060 10678 1
4768 9474 1
4768 8236 1
10470 10373 1
10470 8345 1
10470 4637 1
6355 11137 1
3986 6563 1
3986 10938 1
3986 1082 1
3986 3346 1
3986 6220 1
5585 6767 1
3661 6767 1
3661 1030 1
3661 731 1
9422 2988 1
9422 1715 1
9422 5894 1
3180 3347 1
3180 8398 1
3180 3103 1
3180 9392 1
3180 5961 1
