5551 6589 1
5551 4328 1
6589 10333 1
6589 5159 1
6589 4837 1
6589 1366 1
6589 11010 1
4328 7142 1
4328 5551 1
4328 6589 1
4328 4180 1
4328 6491 1
1366 5159 1
1366 5343 1
1366 6589 1
4837 6589 1
4837 668 1
4837 11010 1
5159 6589 1
5159 10283 1
5159 11164 1
5159 1424 1
5159 10527 1
4180 4814 1
4180 8850 1
4180 1260 1
4180 319 1
4180 7997 1
6491 10609 1
6491 6722 1
6491 6715 1
6491 50 1
6491 7845 1
7142 4180 1
7142 2972 1
7142 6491 1
7142 3323 1
7142 4328 1
11010 6589 1
11010 668 1
11010 8963 1
11010 4837 1
10333 8062 1
10333 6507 1
10333 5343 1
10333 1144 1
10333 7029 1
2972 4180 1
2972 4328 1
2972 7142 1
2972 6491 1
11164 10527 1
11164 10791 1
11164 2693 1
11164 626 1
11164 9518 1
8062 10493 1
8062 2991 1
8062 2990 1
8062 565 1
8062 10333 1
7845 10882 1
7845 8410 1
7845 10263 1
7845 240 1
7845 10123 1
5343 1366 1
5343 5159 1
5343 2641 1
5343 1144 1
5343 10333 1
4814 7869 1
4814 4387 1
4814 4180 1
4814 1310 1
4814 6461 1
3323 7142 1
3323 6491 1
3323 4180 1
8963 7532 1
8963 4089 1
8963 11010 1
8963 7278 1
10527 9224 1
10527 6683 1
10527 1592 1
10527 336 1
10527 8890 1
7997 4180 1
7997 2291 1
6507 10333 1
6507 5343 1
6507 6623 1
1144 10333 1
1144 8816 1
1144 5343 1
1144 9626 1
7029 7262 1
7029 10035 1
7029 7727 1
7029 10333 1
668 4837 1
668 11010 1
668 6589 1
1424 5159 1
1424 3577 1
1424 1376 1
1424 666 1
1424 7387 1
8850 4180 1
8850 155 1
8850 2856 1
1260 6047 1
1260 1871 1
1260 6606 1
1260 2305 1
1260 9654 1
10283 8517 1
10283 1942 1
10283 1573 1
10283 377 1
10283 9949 1
319 2786 1
319 8759 1
319 3778 1
319 2975 1
319 10983 1
10609 8153 1
10609 6723 1
10609 319 1
10609 50 1
10609 3362 1
6722 4954 1
6722 8470 1
6722 4464 1
6722 7091 1
6722 5241 1
6715 7153 1
6715 9264 1
6715 720 1
6715 281 1
6715 4104 1
50 264 1
50 437 1
50 6890 1
50 6525 1
50 6411 1
7727 10035 1
7727 7029 1
7727 10333 1
7727 7262 1
3362 9427 1
3362 7084 1
3362 357 1
3362 50 1
3362 3858 1
9626 1144 1
8816 3776 1
8816 1144 1
8816 7273 1
8816 3694 1
377 382 1
377 10661 1
377 10753 1
377 271 1
377 543 1
7262 10035 1
7262 7029 1
7262 10333 1
7262 7727 1
666 3577 1
666 5017 1
666 3975 1
666 1424 1
666 5531 1
6623 10333 1
6623 5343 1
6623 6507 1
2291 5564 1
2291 2410 1
2291 7912 1
2291 7458 1
2291 2846 1
8890 10527 1
8890 84 1
8890 6545 1
7532 8963 1
7532 4089 1
336 5788 1
336 7088 1
336 3649 1
336 4032 1
336 5801 1
4089 7532 1
4089 8963 1
7387 8530 1
7387 3577 1
7387 2481 1
7387 666 1
7387 8575 1
6461 8057 1
6461 2744 1
6461 2552 1
6461 1310 1
6461 5029 1
1592 2130 1
1592 10527 1
1592 9698 1
1592 1115 1
1592 5914 1
1310 5564 1
1310 6412 1
1310 9481 1
1310 353 1
1310 4208 1
9264 9110 1
9264 8316 1
9264 453 1
9264 360 1
9264 3397 1
437 5442 1
437 8987 1
437 6935 1
437 4941 1
437 3914 1
7869 4180 1
7869 6943 1
7869 6412 1
7869 1310 1
7869 4814 1
9518 11164 1
4387 4427 1
4387 6960 1
4387 5664 1
4387 2288 1
4387 11130 1
2641 6801 1
2641 8062 1
2641 2990 1
2641 4512 1
2641 10333 1
10983 7719 1
10983 6803 1
10983 472 1
10983 161 1
10983 2950 1
9224 9087 1
9224 9555 1
9224 3484 1
9224 594 1
9224 10527 1
6411 6572 1
6411 10874 1
6411 357 1
6411 50 1
6411 3858 1
6525 5395 1
6525 8998 1
6525 4664 1
6525 9870 1
6525 5443 1
720 5545 1
720 8187 1
720 9743 1
720 224 1
720 6704 1
7153 7313 1
7153 4629 1
7153 720 1
7153 281 1
7153 9733 1
8470 8802 1
8470 10434 1
8470 357 1
8470 50 1
8470 3858 1
4954 5969 1
4954 6563 1
4954 4877 1
4954 6525 1
4954 8374 1
9654 9264 1
9654 9034 1
9654 891 1
9654 494 1
9654 6001 1
4104 3344 1
4104 8451 1
4104 3017 1
4104 8736 1
4104 3373 1
6723 9373 1
6723 8274 1
6723 357 1
6723 50 1
6723 3858 1
8153 4531 1
8153 9733 1
8153 4060 1
8153 9142 1
8153 4629 1
1573 7186 1
1573 7145 1
1573 8517 1
1573 377 1
1573 10883 1
2975 7867 1
2975 4536 1
2975 8174 1
2975 8153 1
2975 8736 1
155 4180 1
155 8850 1
2305 4369 1
2305 8279 1
2305 6230 1
2305 4992 1
2305 4180 1
2693 9340 1
2693 6757 1
2693 3286 1
2693 1159 1
2693 5821 1
3778 7379 1
3778 6595 1
3778 6019 1
3778 6572 1
3778 5355 1
10123 3914 1
10123 6918 1
10123 3523 1
10123 9613 1
10123 3951 1
8759 6097 1
8759 5318 1
8759 5241 1
8759 10343 1
8759 6194 1
8517 10283 1
8517 1573 1
10263 9593 1
10263 8565 1
10263 661 1
10263 398 1
10263 3730 1
264 7064 1
264 6894 1
264 10777 1
264 982 1
264 8603 1
2786 8684 1
2786 319 1
2786 9545 1
9949 10283 1
1942 3542 1
1942 2756 1
1942 7041 1
1942 379 1
1942 10021 1
4464 8345 1
4464 6737 1
4464 10318 1
4464 6549 1
4464 8871 1
6683 9782 1
6683 8809 1
6683 2200 1
6683 923 1
6683 10648 1
281 758 1
281 6052 1
281 7379 1
281 1515 1
281 5503 1
7091 4877 1
7091 10551 1
7091 4349 1
7091 11060 1
7091 4954 1
6606 901 1
6606 4180 1
6606 2961 1
6606 520 1
6606 10319 1
1871 1260 1
6047 2291 1
6047 1260 1
6047 4180 1
6047 1658 1
2856 8850 1
3577 1424 1
3577 666 1
3577 7387 1
3577 1376 1
240 4432 1
240 3275 1
240 2819 1
240 1 1
240 3659 1
8410 10524 1
8410 9264 1
8410 2175 1
8410 444 1
8410 9100 1
1376 3577 1
1376 666 1
1376 1424 1
10882 7411 1
10882 6627 1
10882 6576 1
10882 10235 1
10882 7464 1
10791 11164 1
10791 4392 1
626 9340 1
626 11164 1
10035 7727 1
10035 7029 1
10035 10333 1
10035 7262 1
6890 9373 1
6890 8282 1
6890 357 1
6890 50 1
6890 3858 1
5241 4115 1
5241 6563 1
5241 3692 1
5241 6097 1
5241 4242 1
7278 8963 1
2990 2641 1
2990 9150 1
2990 7185 1
2990 2010 1
2990 10493 1
565 7506 1
565 4656 1
565 1638 1
565 4929 1
565 5365 1
2991 9567 1
2991 8062 1
10493 10577 1
10493 8766 1
10493 2949 1
10493 1510 1
10493 9738 1
10551 8274 1
10551 8736 1
9733 4941 1
9733 8998 1
5503 7867 1
5503 3778 1
9593 398 1
6001 5698 1
6001 9264 1
10777 6019 1
10777 4954 1
10777 8998 1
10777 6097 1
5531 5017 1
5531 666 1
4536 8316 1
4536 8998 1
9087 10412 1
9087 9224 1
9087 3649 1
9087 9555 1
3659 5503 1
3659 264 1
161 8381 1
758 720 1
758 281 1
10753 377 1
7084 357 1
7084 50 1
7084 3523 1
9870 5318 1
9870 10777 1
9870 5395 1
2846 10235 1
543 7977 1
543 377 1
4941 6197 1
4941 3778 1
4941 8381 1
891 9264 1
891 494 1
9555 10412 1
9555 594 1
9555 336 1
9555 9224 1
3523 10123 1
3523 6097 1
8279 2305 1
1115 1592 1
1115 10021 1
1115 720 1
3858 5783 1
3858 357 1
3858 50 1
8766 10493 1
10318 4877 1
10318 4954 1
6935 6353 1
6935 9939 1
4392 8184 1
4392 9606 1
4392 10332 1
2756 545 1
2756 89 1
5914 3372 1
5914 1169 1
6801 7261 1
6801 2641 1
6801 748 1
3397 3344 1
3397 10022 1
3397 10318 1
5442 4000 1
5442 10609 1
5442 3523 1
5442 5969 1
6412 6461 1
6412 5461 1
6412 4814 1
6412 7869 1
10874 8470 1
10874 357 1
10874 50 1
10874 3858 1
9481 6412 1
9481 1310 1
11130 6454 1
11130 10105 1
2950 4027 1
2950 985 1
1159 3286 1
1159 7334 1
1159 2693 1
353 8360 1
353 1310 1
6019 8736 1
6019 5374 1
6019 5355 1
6019 9427 1
4427 9876 1
4427 5763 1
9782 9257 1
9782 368 1
9782 6683 1
9373 9523 1
9373 8470 1
9373 357 1
9373 50 1
9373 3858 1
3975 7387 1
4877 9427 1
4877 8374 1
3484 1592 1
3484 9224 1
3484 3649 1
9110 8269 1
6627 10882 1
6627 6642 1
901 6606 1
2744 8218 1
2744 6461 1
357 437 1
7719 985 1
7719 3344 1
8316 3611 1
8316 6139 1
7273 3776 1
7273 8816 1
9698 3649 1
520 6606 1
520 1260 1
1515 8187 1
1515 281 1
6572 4941 1
2552 3523 1
2552 357 1
2552 50 1
2961 6606 1
8451 9438 1
10661 377 1
2481 7387 1
2481 2200 1
594 9555 1
1658 6047 1
1658 4180 1
4115 4104 1
8998 4000 1
3275 9923 1
2175 9110 1
2175 240 1
5017 5531 1
5017 666 1
10524 8410 1
6943 4814 1
6943 4180 1
1638 565 1
10343 5241 1
10343 10318 1
10343 5374 1
4208 5564 1
4208 5167 1
9100 9110 1
9100 281 1
9100 3397 1
8282 3788 1
8282 11132 1
7088 9029 1
7088 336 1
10235 360 1
10434 8802 1
10434 357 1
10434 50 1
8057 6461 1
3692 2819 1
3692 532 1
3692 240 1
4242 5241 1
4242 6582 1
9150 2990 1
6563 4877 1
6563 11132 1
6563 4954 1
7185 2990 1
7185 2641 1
7185 3776 1
4656 565 1
4656 8062 1
9034 494 1
9034 9654 1
661 6787 1
4929 5365 1
4929 565 1
5365 7506 1
5365 565 1
5365 4929 1
5564 10235 1
9743 720 1
10577 10493 1
10577 1510 1
2949 10493 1
7912 2291 1
360 10235 1
360 9733 1
360 281 1
7313 281 1
5664 891 1
5664 494 1
982 9545 1
4512 6801 1
4512 2641 1
3694 3776 1
3694 7273 1
3694 8816 1
5029 6461 1
9340 2693 1
9340 5973 1
9340 626 1
9340 9799 1
4432 3692 1
2819 7379 1
2819 7816 1
2819 3241 1
2819 7091 1
2410 9525 1
2410 5824 1
2410 1588 1
5395 4775 1
5395 7091 1
5395 7052 1
5395 4877 1
7186 8943 1
7186 1573 1
7186 9160 1
3914 3397 1
3914 8998 1
3914 7945 1
8736 4747 1
8736 8470 1
8736 4115 1
8736 4829 1
3017 6391 1
3017 281 1
3017 75 1
8575 10494 1
8575 7609 1
8575 7387 1
8575 10243 1
8565 3574 1
453 494 1
453 527 1
453 5698 1
453 5410 1
5788 10032 1
5788 4316 1
5788 10376 1
6894 5513 1
6894 9142 1
6894 9939 1
6894 5611 1
8530 1684 1
8530 602 1
8530 8643 1
5545 10512 1
5545 10198 1
5545 317 1
4992 10925 1
4992 2305 1
4992 6230 1
4992 4180 1
84 10527 1
84 8890 1
5443 7047 1
5443 10091 1
5443 10954 1
6960 2875 1
6960 8670 1
6960 4387 1
8187 3951 1
8187 4477 1
6595 3812 1
6595 3386 1
6595 3882 1
224 6715 1
224 7945 1
224 7299 1
6194 5969 1
6194 9870 1
6194 4954 1
6194 10529 1
6194 6019 1
8174 9011 1
8174 5886 1
8174 11149 1
9567 8062 1
9567 2991 1
10883 7145 1
10883 8234 1
10883 7821 1
10883 1573 1
10883 7186 1
5355 8802 1
5355 9733 1
5355 8603 1
5355 8274 1
6549 4892 1
6549 10726 1
6549 6572 1
10648 4756 1
10648 8653 1
10648 2037 1
10648 6683 1
8603 6019 1
8603 8759 1
8603 6071 1
3286 10494 1
3286 2693 1
3286 1274 1
3286 8943 1
2288 10725 1
2288 7240 1
2288 4387 1
2288 8463 1
5969 4862 1
5969 10529 1
5969 4349 1
5969 10726 1
5969 4941 1
8374 6059 1
8374 5241 1
8374 8871 1
8374 6099 1
7379 6139 1
7379 5374 1
7379 5355 1
7379 10529 1
11060 9373 1
11060 8187 1
11060 319 1
11060 50 1
8871 3957 1
8871 8282 1
8871 4477 1
2130 4911 1
2130 9326 1
2130 6272 1
2130 2388 1
494 5740 1
494 5698 1
494 5664 1
3344 5611 1
3344 8274 1
3373 8698 1
3373 8903 1
8274 3951 1
8274 4477 1
10319 2410 1
10319 1260 1
6737 3100 1
6737 2877 1
6737 3197 1
4531 10723 1
4531 561 1
6576 7259 1
6576 997 1
6576 3836 1
7506 4511 1
7506 10703 1
7506 5574 1
7506 2679 1
7506 5365 1
9142 6139 1
9142 5374 1
9142 5355 1
7145 7186 1
7145 7821 1
7145 10150 1
7145 1573 1
7145 10883 1
379 1942 1
4060 6525 1
4060 7211 1
3649 10376 1
3649 4316 1
3649 612 1
3649 336 1
3649 10859 1
7458 2291 1
7867 4747 1
382 5815 1
382 2181 1
382 9878 1
4369 2305 1
8802 4941 1
8802 10434 1
6757 6401 1
6757 3755 1
6757 699 1
9613 10123 1
9613 2008 1
8345 6563 1
8345 3344 1
8345 10588 1
8345 3778 1
4664 8952 1
4664 18 1
4664 5458 1
2010 2113 1
2010 7301 1
2010 5056 1
2010 2740 1
6918 4877 1
6918 10551 1
6918 4357 1
6918 9523 1
6918 4954 1
3951 9373 1
3951 357 1
3951 50 1
3951 3574 1
3542 9324 1
3542 4720 1
3542 3261 1
4349 5318 1
4349 9373 1
4349 357 1
4349 50 1
4349 3858 1
6803 9823 1
6803 6936 1
6803 667 1
6803 2831 1
6097 5374 1
6097 9110 1
6097 4536 1
6097 10726 1
6097 5442 1
923 8314 1
923 8434 1
923 8457 1
923 6721 1
3776 403 1
3776 4032 1
6230 2823 1
6230 5144 1
6230 4992 1
6230 2305 1
8684 8174 1
8684 6836 1
8684 312 1
8684 11149 1
5821 2693 1
6545 10527 1
6545 8890 1
1 6391 1
1 240 1
1 1523 1
1 9940 1
5318 4954 1
5318 10609 1
5318 4464 1
5318 7371 1
5318 5241 1
8987 3957 1
8987 8374 1
8987 4477 1
398 3010 1
398 9899 1
398 397 1
398 233 1
7411 6826 1
7411 5225 1
7411 720 1
3730 7147 1
3730 9387 1
3730 1944 1
3730 1363 1
9545 6099 1
9545 5355 1
9545 5318 1
7041 3185 1
7041 10548 1
7041 10304 1
7041 1942 1
7041 6011 1
10021 4504 1
10021 1303 1
10021 717 1
10021 6959 1
8809 6683 1
8809 4756 1
8809 10155 1
8809 6130 1
2200 8059 1
2200 1614 1
2200 9691 1
