1391 8143 1
1391 3416 1
1391 8542 1
8143 3416 1
8143 8406 1
8143 2427 1
8143 3433 1
8143 6685 1
3416 1391 1
3416 4793 1
3416 797 1
3416 6096 1
3416 2270 1
8542 10106 1
8542 8406 1
8542 9830 1
8542 5792 1
8542 2450 1
2270 8060 1
2270 3416 1
2270 2401 1
797 7302 1
797 6267 1
797 268 1
797 4457 1
797 9807 1
6685 2773 1
6685 11074 1
6685 1979 1
6685 10234 1
6685 4455 1
6096 1365 1
6096 8641 1
6096 923 1
6096 7208 1
6096 2845 1
8406 3433 1
8406 8542 1
8406 10025 1
8406 8143 1
8406 4492 1
3433 8542 1
3433 2427 1
3433 10106 1
3433 8143 1
3433 8406 1
5792 9577 1
5792 4861 1
5792 8736 1
5792 7920 1
5792 7484 1
2450 3335 1
2450 8542 1
2450 4097 1
2450 4056 1
2450 9935 1
2427 7175 1
2427 3996 1
2427 2360 1
2427 8424 1
2427 6039 1
10106 8406 1
10106 3433 1
10106 4066 1
10106 8542 1
10106 8143 1
4793 3460 1
4793 10906 1
4793 2401 1
4793 3747 1
4793 5349 1
9830 2058 1
9830 9493 1
9830 309 1
9830 4476 1
9830 5405 1
5349 8066 1
5349 4793 1
5349 6168 1
5349 9797 1
5349 8769 1
3747 2760 1
3747 9277 1
3747 10073 1
3747 3344 1
3747 4793 1
2360 2049 1
2360 2427 1
2360 1001 1
2360 7175 1
2360 7979 1
2845 6683 1
2845 8434 1
2845 1496 1
2845 8186 1
2845 8228 1
9935 5252 1
9935 2450 1
9935 4056 1
4097 1237 1
4097 10940 1
4097 373 1
4097 11109 1
4097 2237 1
3335 5345 1
3335 2450 1
3335 2705 1
3335 4056 1
4476 6706 1
4476 11172 1
4476 4589 1
4476 10837 1
4476 2057 1
8424 1345 1
8424 4595 1
8424 205 1
8424 7979 1
8424 2427 1
7484 7064 1
7484 4877 1
7484 6097 1
7484 10318 1
7484 9400 1
4066 8542 1
4066 2427 1
4066 3996 1
4066 10106 1
7920 6770 1
7920 4661 1
7920 5675 1
7920 7768 1
7920 9942 1
8736 5569 1
8736 3957 1
8736 4606 1
8736 6286 1
8736 10777 1
4861 10777 1
4861 6059 1
4861 10343 1
4861 10041 1
4861 11132 1
9577 5439 1
9577 3813 1
9577 4480 1
9577 6062 1
9577 9278 1
3996 2427 1
3996 3987 1
3996 1204 1
3996 3956 1
3996 7175 1
309 1228 1
309 1853 1
309 9830 1
309 6904 1
309 6995 1
4492 6423 1
4492 10234 1
4492 7494 1
4492 7240 1
4492 6407 1
4457 412 1
4457 10355 1
4457 377 1
4457 7302 1
4457 1162 1
2773 8774 1
2773 6685 1
2773 1200 1
2773 6971 1
2773 8637 1
5405 9753 1
5405 7494 1
5405 137 1
5405 9830 1
5405 7223 1
9493 3154 1
9493 8871 1
9493 1267 1
9493 10326 1
9493 6841 1
10025 8406 1
10025 4708 1
4056 5252 1
4056 2450 1
4056 3335 1
4056 9935 1
1365 4664 1
1365 2993 1
1365 10949 1
1365 3416 1
1365 6372 1
10906 9634 1
10906 2851 1
10906 4793 1
10906 5722 1
923 10757 1
923 1129 1
923 6721 1
923 3618 1
923 5452 1
8641 6096 1
10234 6576 1
10234 10782 1
10234 6407 1
10234 8555 1
10234 2461 1
1979 6685 1
1979 10234 1
1979 11074 1
4455 8774 1
4455 8637 1
4455 5328 1
4455 6971 1
4455 10654 1
2058 10528 1
2058 5496 1
2058 2695 1
2058 3130 1
2058 3288 1
7208 4107 1
7208 8362 1
7208 1365 1
7208 9501 1
7208 5900 1
7302 3846 1
7302 7634 1
7302 3650 1
7302 4457 1
7302 6267 1
6267 1165 1
6267 5942 1
6267 268 1
6267 6710 1
6267 4251 1
2401 5410 1
2401 11172 1
2401 9912 1
2401 8778 1
2401 9803 1
7175 3996 1
7175 4782 1
7175 2427 1
7175 4489 1
7175 6039 1
9807 839 1
9807 5226 1
9807 377 1
9807 1274 1
9807 3111 1
11074 9253 1
11074 1979 1
11074 5564 1
11074 10234 1
11074 6685 1
3460 9855 1
3460 2924 1
3460 4793 1
8060 2270 1
8060 2691 1
8060 593 1
8060 2401 1
8060 3300 1
6039 2077 1
6039 6847 1
6039 231 1
6039 8540 1
6039 2455 1
268 326 1
268 6874 1
268 1887 1
268 3515 1
268 10828 1
9753 633 1
9753 9132 1
9753 10856 1
9753 7494 1
9753 1850 1
8637 4455 1
8637 5740 1
8637 2551 1
8637 5328 1
8637 6971 1
1274 3145 1
1274 7792 1
1274 8886 1
1274 3286 1
1274 6021 1
2705 5345 1
2705 3335 1
2705 2518 1
2705 11174 1
2705 8134 1
1162 4679 1
1162 5599 1
1162 7395 1
1162 4457 1
1162 1449 1
412 2238 1
412 10824 1
412 3615 1
412 8103 1
412 6930 1
6423 7240 1
6423 4492 1
6423 5467 1
5452 3391 1
5452 9889 1
5452 923 1
5452 8576 1
5452 8354 1
2237 1616 1
2237 6843 1
2237 1379 1
2237 8419 1
2237 7494 1
1228 10625 1
1228 10326 1
1228 309 1
1228 5675 1
1228 9871 1
9278 6935 1
9278 4766 1
9278 6019 1
9278 7945 1
9278 8719 1
5439 8345 1
5439 4877 1
5439 6712 1
5439 8987 1
5439 7023 1
11132 5318 1
11132 3914 1
11132 4531 1
11132 6097 1
11132 9141 1
3154 3426 1
3154 8247 1
3154 1267 1
3154 9733 1
3154 8871 1
10318 5792 1
10318 4061 1
10318 4774 1
10318 6529 1
10318 9733 1
10041 6770 1
10041 4661 1
10041 5611 1
10041 7768 1
10041 8565 1
10837 1578 1
10837 4497 1
10837 496 1
10837 7992 1
10837 2934 1
10343 6139 1
10343 4238 1
10343 5053 1
10343 6935 1
10343 7663 1
10940 4097 1
10940 6374 1
10940 1859 1
10940 6341 1
10940 6691 1
7223 5405 1
7223 8721 1
7223 695 1
7223 6440 1
7223 9219 1
2049 2360 1
6059 7505 1
6059 4877 1
6059 8961 1
6059 6099 1
6059 10723 1
6286 5241 1
6286 3778 1
6286 4477 1
6286 5858 1
6286 10723 1
4606 6391 1
4606 6572 1
4606 8233 1
4606 3362 1
4606 7582 1
6062 8731 1
6062 4709 1
6062 6927 1
6062 8395 1
6062 1153 1
9942 7920 1
9942 10558 1
9942 4334 1
9942 9712 1
9942 5675 1
5564 5004 1
5564 4086 1
5564 4688 1
5564 8815 1
5564 1053 1
7768 4747 1
7768 3397 1
7768 4115 1
7768 5574 1
7768 10529 1
10355 1367 1
10355 4230 1
10355 268 1
10355 5132 1
10355 2691 1
3987 1204 1
3987 8474 1
3987 772 1
3987 10343 1
3987 6032 1
5675 1392 1
5675 4950 1
5675 310 1
5675 6171 1
5675 1770 1
1496 923 1
1496 9355 1
1496 381 1
1496 9780 1
1496 8066 1
6407 9733 1
6407 10234 1
6407 6374 1
6407 6963 1
6407 1556 1
4661 6894 1
4661 8736 1
4661 5241 1
4661 10041 1
4661 11132 1
6683 2037 1
6683 6749 1
6683 923 1
6683 10648 1
6683 2845 1
3300 10044 1
3300 9693 1
3300 6118 1
3300 7390 1
3300 2617 1
8186 6683 1
8186 923 1
8186 2845 1
8186 6096 1
3956 6039 1
3956 3996 1
3956 2427 1
3956 8215 1
3956 7175 1
2057 8033 1
2057 2101 1
2057 1339 1
2057 9682 1
2057 2177 1
2455 8954 1
2455 7854 1
2455 2109 1
2455 2828 1
2455 6039 1
6904 10248 1
6904 9103 1
6904 1700 1
6904 9980 1
6904 4565 1
2924 3460 1
4877 7867 1
4877 9218 1
4877 6737 1
4877 8987 1
4877 4954 1
7494 11129 1
7494 7370 1
7494 7878 1
7494 7676 1
7494 6288 1
4708 11158 1
4708 10025 1
7979 8424 1
7979 195 1
7979 2360 1
1853 6995 1
1853 4408 1
1853 309 1
1853 9830 1
1853 6339 1
6576 3457 1
6576 8705 1
6576 8753 1
6576 4284 1
6576 7885 1
3957 10004 1
3957 7768 1
3957 7359 1
3957 4954 1
3957 9605 1
3650 10695 1
3650 157 1
3650 7302 1
5722 9718 1
5722 6500 1
5722 7914 1
5722 6243 1
5722 4033 1
10828 6874 1
10828 4763 1
10828 6135 1
10828 9904 1
10828 1172 1
9634 10906 1
9634 3036 1
9634 5722 1
9634 7822 1
3618 926 1
3618 7483 1
3618 713 1
3618 2191 1
3618 7213 1
10782 10198 1
10782 7562 1
10782 8901 1
10782 5312 1
10782 2055 1
8066 3108 1
8066 9797 1
8066 871 1
8066 3187 1
8066 5074 1
1129 1703 1
1129 2453 1
1129 923 1
1129 6107 1
1129 7947 1
8555 11091 1
8555 2471 1
8555 10234 1
5900 4427 1
5900 6303 1
5900 3108 1
5900 5763 1
5900 7784 1
8228 6683 1
8228 2845 1
8228 3816 1
8228 8067 1
8228 5431 1
5328 6685 1
5328 6971 1
5328 941 1
5328 8829 1
5328 7084 1
6721 2013 1
6721 3654 1
6721 353 1
6721 3394 1
6721 4072 1
10528 8345 1
10528 7177 1
10528 9243 1
10528 10143 1
10528 5978 1
3130 9731 1
3130 7546 1
3130 10397 1
3130 6689 1
3130 4027 1
10757 4626 1
10757 10341 1
10757 4477 1
10757 6583 1
10757 923 1
2695 9731 1
2695 5469 1
2695 7546 1
2695 7705 1
2695 2762 1
6874 1786 1
6874 8761 1
6874 727 1
6874 10189 1
6874 2140 1
1345 2427 1
1345 2360 1
1345 8424 1
4251 6710 1
4251 1165 1
4251 6267 1
7634 2077 1
7634 9425 1
7634 9277 1
7634 6267 1
7634 2702 1
3846 9795 1
3846 4457 1
3846 3838 1
3846 7302 1
3846 9442 1
2851 4104 1
2851 9468 1
2851 7807 1
2851 10802 1
2851 9025 1
7064 5395 1
7064 3957 1
7064 4536 1
7064 6078 1
7064 10041 1
9253 9092 1
9253 8013 1
9253 8871 1
9253 9872 1
9253 3062 1
5410 10158 1
5410 5086 1
5410 8225 1
5410 9045 1
5410 964 1
9912 2401 1
9912 8174 1
9912 319 1
9912 4562 1
9912 8684 1
4480 7091 1
4480 3317 1
4480 3957 1
4480 8374 1
4480 6737 1
6710 683 1
6710 4926 1
6710 340 1
6710 9807 1
6710 2916 1
11172 4476 1
11172 2177 1
11172 2401 1
8778 4557 1
8778 11137 1
8778 8778 1
8778 5541 1
8778 10325 1
6770 5499 1
6770 3993 1
6770 4828 1
6770 6139 1
6770 10600 1
8362 4001 1
8362 9710 1
8362 2444 1
8362 5763 1
8362 7208 1
10949 7340 1
10949 512 1
10949 1365 1
6372 1365 1
6372 8308 1
6372 977 1
6372 11033 1
6372 3166 1
5226 10878 1
5226 9516 1
5226 10751 1
5226 5158 1
5226 1898 1
9803 937 1
9803 3537 1
9803 636 1
9803 2401 1
9803 4029 1
4664 8099 1
4664 10452 1
4664 9011 1
4664 7530 1
4664 9356 1
2077 9011 1
2077 5540 1
2077 6087 1
2077 7768 1
2077 2339 1
5569 2851 1
5569 9457 1
5569 11060 1
5569 3858 1
5569 6723 1
1204 5263 1
1204 8681 1
1204 3960 1
1204 3017 1
1204 710 1
137 8761 1
137 4476 1
137 10326 1
137 7511 1
137 5405 1
3111 2736 1
3111 5241 1
3111 9104 1
3111 10776 1
3111 9807 1
4489 7175 1
2993 8782 1
2993 9126 1
2993 9374 1
2993 5269 1
2993 1102 1
10654 10975 1
10654 7390 1
10654 9223 1
10654 9490 1
10654 6708 1
3288 3130 1
3288 7546 1
3288 10397 1
3288 6689 1
3288 7352 1
2691 5524 1
2691 7432 1
2691 10129 1
2691 5103 1
2691 9405 1
9855 3460 1
9855 319 1
9855 918 1
9855 4793 1
9855 2013 1
6847 6039 1
6847 10292 1
6847 1422 1
6847 7634 1
6847 8106 1
6168 9797 1
6168 5349 1
593 8060 1
593 3416 1
6995 10158 1
6995 10007 1
6995 1853 1
6995 9830 1
6995 9994 1
8540 4087 1
8540 9677 1
8540 674 1
8540 4506 1
8540 6039 1
9501 2486 1
9501 7208 1
9501 1669 1
9501 3686 1
9501 4616 1
7240 2288 1
7240 8463 1
7240 122 1
7240 2367 1
7240 4492 1
8434 6096 1
8434 9780 1
8434 1496 1
8434 7947 1
8434 2845 1
1887 7376 1
1887 2091 1
1887 412 1
1887 10889 1
1887 4457 1
2760 2831 1
2760 2932 1
2760 8078 1
2760 9071 1
2760 10983 1
8871 5056 1
8871 3678 1
8871 4357 1
8871 5906 1
8871 8759 1
10326 9277 1
10326 6162 1
10326 8761 1
10326 9830 1
10326 1583 1
1165 2665 1
1165 3411 1
1165 6197 1
1165 4635 1
1165 6710 1
3515 6874 1
3515 268 1
3515 10828 1
9400 6894 1
9400 4747 1
9400 5969 1
9400 7768 1
9400 8374 1
6706 3210 1
6706 5882 1
6706 2177 1
6706 10319 1
6706 4450 1
377 5684 1
377 10860 1
377 4457 1
377 7750 1
377 1283 1
11109 10417 1
11109 7494 1
11109 8871 1
11109 10912 1
11109 2162 1
6841 2317 1
6841 8989 1
6841 9493 1
6841 6257 1
6841 2875 1
373 7494 1
373 9533 1
373 6691 1
373 8871 1
373 10575 1
3344 11129 1
3344 3092 1
3344 4298 1
3344 5374 1
3344 10809 1
9277 11171 1
9277 9423 1
9277 9899 1
9277 7841 1
9277 3223 1
10073 2831 1
10073 6109 1
10073 6821 1
10073 3747 1
10073 9823 1
5496 3130 1
5496 9823 1
5496 6803 1
5496 4230 1
5496 10397 1
1267 8247 1
1267 10235 1
1267 8871 1
1267 5050 1
1267 8668 1
2461 7095 1
2461 9594 1
2461 8883 1
2461 6350 1
2461 1671 1
8774 8829 1
8774 2773 1
8774 4455 1
8774 10654 1
8774 6685 1
4595 8424 1
4595 2360 1
1001 1512 1
1001 8424 1
1001 5288 1
1001 8631 1
1001 9978 1
6971 2773 1
6971 8829 1
6971 1199 1
6971 4455 1
6971 5360 1
4782 5970 1
4782 9175 1
4782 11048 1
4782 7422 1
4782 2864 1
205 4760 1
205 8424 1
1200 10654 1
1200 4455 1
1200 8829 1
1200 6685 1
1200 2773 1
5252 9935 1
5252 2450 1
5252 4056 1
6097 7682 1
6097 4357 1
6097 5318 1
6097 8282 1
6097 9400 1
326 5167 1
326 268 1
326 9850 1
4107 2012 1
4107 7208 1
4107 1600 1
4107 10453 1
4107 2793 1
5942 1190 1
5942 6267 1
5942 797 1
5942 9046 1
5942 2171 1
5345 3335 1
5345 2705 1
10777 6910 1
10777 4661 1
10777 5969 1
10777 7867 1
10777 8603 1
8769 1496 1
8769 9355 1
8769 381 1
8769 6303 1
8769 3838 1
839 6465 1
839 6710 1
839 315 1
839 2528 1
839 4233 1
1237 4097 1
1237 8604 1
1237 6529 1
1237 11129 1
1237 7494 1
9797 1352 1
9797 10107 1
9797 918 1
9797 7084 1
9797 2558 1
4589 6688 1
4589 2771 1
4589 3969 1
4589 6848 1
4589 4476 1
3813 4044 1
3813 3678 1
3813 10287 1
3813 5792 1
3813 6525 1
231 7003 1
231 9917 1
231 4651 1
231 8540 1
231 6039 1
9677 4506 1
9677 8540 1
9677 1021 1
9677 6039 1
9677 10675 1
10007 2762 1
10007 11130 1
10007 1504 1
10007 7123 1
10007 4238 1
6708 4664 1
6708 8516 1
6708 9438 1
6708 6353 1
6708 10410 1
8354 7497 1
8354 10351 1
8354 5308 1
8354 2259 1
1770 4792 1
1770 4334 1
1770 9712 1
1770 5675 1
1770 8407 1
10529 7064 1
10529 4877 1
10529 6097 1
10529 8274 1
10529 8871 1
8883 7215 1
8883 5868 1
8883 6197 1
8883 10031 1
8883 1671 1
5524 3130 1
5524 7994 1
5524 9405 1
5524 4230 1
5524 10397 1
10975 7248 1
10975 9468 1
10975 3419 1
10975 9275 1
10975 10654 1
1102 5269 1
1102 8239 1
1102 2993 1
1102 1150 1
1102 10370 1
9374 3092 1
9374 6689 1
9374 7190 1
9374 4142 1
9374 8078 1
9104 7163 1
9104 5360 1
9104 6293 1
9104 10985 1
8681 720 1
8681 3162 1
8681 564 1
8681 8112 1
8681 1204 1
5263 939 1
5263 3470 1
5263 566 1
5263 7772 1
5263 1998 1
6723 3560 1
6723 7084 1
6723 10792 1
6723 4606 1
6723 6876 1
7546 3130 1
7546 6970 1
7546 10528 1
7546 4230 1
7546 10809 1
3858 3100 1
3858 8303 1
3858 8233 1
3858 9998 1
3858 4829 1
9457 4253 1
9457 4952 1
9457 2085 1
9457 4764 1
9457 5569 1
4497 10837 1
4497 8558 1
4497 2851 1
4497 8729 1
5269 2993 1
5269 537 1
5269 1102 1
5269 8239 1
5269 1150 1
6087 10575 1
6087 6117 1
6087 10801 1
6087 8508 1
6087 895 1
6910 6286 1
6910 4480 1
6910 5395 1
6910 7239 1
6910 7505 1
8099 8719 1
8099 6836 1
8099 8515 1
8099 8973 1
8099 982 1
4029 9803 1
4029 930 1
4029 3537 1
10452 2794 1
10452 6003 1
10452 1069 1
10452 11002 1
10452 3648 1
636 6087 1
636 9044 1
636 6244 1
636 7807 1
636 9803 1
5574 4801 1
5574 3604 1
5574 4238 1
5574 5503 1
674 8106 1
674 8540 1
674 9120 1
674 9677 1
674 701 1
3537 937 1
3537 2401 1
3537 636 1
3537 1365 1
3537 9200 1
5158 2505 1
5158 8012 1
5158 1190 1
5158 9594 1
5158 3141 1
10751 5797 1
10751 1274 1
10751 6598 1
10751 3928 1
8282 4801 1
8282 3560 1
8282 4119 1
8282 5574 1
8282 8345 1
9516 5226 1
9516 340 1
2109 6039 1
2109 2828 1
2109 10503 1
2109 4568 1
2109 8954 1
2932 5831 1
2932 4776 1
2932 10983 1
2932 5117 1
2932 8547 1
977 6372 1
977 7094 1
977 5010 1
977 7975 1
9126 2677 1
9126 1679 1
9126 10700 1
9126 4052 1
8308 5761 1
8308 1453 1
8308 2603 1
8308 6372 1
8308 5746 1
10776 3111 1
10776 10321 1
10776 2426 1
10776 3512 1
10776 2736 1
5050 8871 1
5050 10318 1
5050 3154 1
5050 8199 1
5050 3836 1
4950 5675 1
4950 7920 1
7792 7838 1
7792 1274 1
7792 2776 1
7792 10860 1
10004 7064 1
10004 4877 1
10004 6097 1
10004 8274 1
10004 8871 1
6712 8759 1
6712 4877 1
6712 6097 1
6712 8871 1
6712 6935 1
6303 5074 1
6303 5900 1
6303 1496 1
6303 6234 1
1339 9682 1
1339 2057 1
1339 8348 1
1339 2177 1
1339 7146 1
2162 8187 1
2162 3747 1
2162 9431 1
2162 5751 1
8731 6345 1
8731 4709 1
8731 5966 1
8731 8079 1
8731 1153 1
4616 7783 1
4616 9501 1
4616 396 1
4616 7208 1
4616 3686 1
8753 4033 1
8753 10814 1
8753 5724 1
8753 1250 1
195 7979 1
195 8424 1
195 2360 1
195 8754 1
10558 9942 1
10558 4334 1
10558 9712 1
9490 4664 1
9490 8516 1
9490 9441 1
9490 6353 1
9490 10410 1
4565 2194 1
4565 6904 1
4565 1535 1
4565 10248 1
4565 9261 1
3391 7699 1
3391 5452 1
3391 8576 1
3391 10757 1
937 1883 1
937 636 1
937 3537 1
937 8566 1
937 9803 1
1600 10047 1
1600 4618 1
1600 1309 1
1600 7336 1
1600 4107 1
10189 10828 1
10189 6874 1
10189 7152 1
10189 8761 1
6099 4947 1
6099 3523 1
6099 4253 1
6099 5969 1
6099 9545 1
4044 2854 1
4044 5978 1
4044 6892 1
4044 3215 1
4044 8364 1
3286 1962 1
3286 9043 1
3286 1274 1
3286 8943 1
3286 8640 1
5740 9816 1
5740 5664 1
5740 8040 1
5740 891 1
4104 9998 1
4104 2877 1
4104 3317 1
4104 6491 1
4104 8935 1
7376 2091 1
7376 3084 1
7376 1751 1
7376 2772 1
7376 3103 1
772 10941 1
772 7064 1
772 3987 1
10648 6683 1
10648 8653 1
10648 2037 1
10648 6749 1
10648 4756 1
8603 6894 1
8603 4747 1
8603 5969 1
8603 7867 1
8603 8595 1
6374 3469 1
6374 9441 1
6374 10759 1
6374 4382 1
6374 7313 1
8419 8252 1
8419 5548 1
8419 7251 1
8419 10042 1
8419 2385 1
4061 4357 1
4061 8802 1
4061 4264 1
4061 5969 1
4061 5503 1
5288 722 1
5288 6577 1
5288 5687 1
5288 8388 1
5288 1085 1
9405 3130 1
9405 6970 1
9405 7719 1
9405 4230 1
9405 8827 1
1786 1180 1
1786 6874 1
1786 268 1
1786 1523 1
1786 8354 1
10044 3300 1
10453 4107 1
10453 10881 1
10453 3232 1
5241 4606 1
5241 3517 1
5241 4061 1
5241 8229 1
5241 8802 1
9356 4664 1
9356 8516 1
9356 6353 1
9356 10410 1
7878 3611 1
7878 8712 1
7878 8506 1
7878 5056 1
7878 8054 1
2055 10235 1
2055 8432 1
2055 7798 1
2055 2703 1
2055 5312 1
6963 2505 1
6963 10882 1
6963 531 1
6963 9008 1
6963 4356 1
8215 3813 1
8215 9934 1
8215 6286 1
8215 1204 1
9442 7598 1
9442 5410 1
9442 6825 1
9442 9437 1
9442 2162 1
8103 2511 1
8103 6737 1
8103 1363 1
8103 9072 1
8103 3615 1
9889 1686 1
9889 3111 1
9889 1213 1
9889 2432 1
9889 3598 1
9071 2695 1
9071 9823 1
9071 6197 1
9071 3344 1
9071 7367 1
1616 6854 1
1616 8313 1
1616 8923 1
1616 10729 1
1616 4107 1
3145 1087 1
3145 377 1
3145 3238 1
3145 1520 1
5599 3049 1
5599 9878 1
5599 1242 1
5599 4679 1
5599 10564 1
7505 6391 1
7505 4357 1
7505 5374 1
7505 7308 1
7505 9275 1
9141 5503 1
9141 3993 1
9141 4661 1
9141 6549 1
9141 10022 1
1556 6407 1
1556 5230 1
1556 5010 1
1556 7485 1
1556 6036 1
2551 8829 1
2551 7084 1
2551 8637 1
3778 6770 1
3778 3788 1
3778 8506 1
3778 9605 1
6391 9108 1
6391 2788 1
6391 4264 1
6391 9218 1
9132 695 1
9132 11017 1
9132 633 1
9132 8383 1
1153 2535 1
1153 5324 1
1153 6391 1
1153 9600 1
1153 3611 1
5467 2984 1
5467 6036 1
5467 1579 1
5467 6597 1
5467 3978 1
8759 7023 1
8759 4774 1
8759 6059 1
8759 8229 1
8759 9218 1
1352 9797 1
1352 918 1
6021 10565 1
6021 1274 1
6021 3145 1
6021 9207 1
5004 5564 1
4086 5564 1
4747 9141 1
4747 3993 1
4747 4610 1
4747 10022 1
2238 10723 1
2238 2243 1
2238 8987 1
2238 7618 1
6737 9473 1
6737 2782 1
6737 3064 1
6737 3882 1
6737 5978 1
11158 4935 1
11158 6969 1
11158 2605 1
11158 7494 1
6171 5675 1
6171 1716 1
6171 4334 1
6171 9712 1
7807 895 1
7807 7972 1
7807 10801 1
7807 5230 1
7807 1831 1
7945 5881 1
7945 4104 1
7945 4877 1
7945 6572 1
7945 10113 1
9355 1496 1
9355 5968 1
9355 871 1
9355 1682 1
2771 1644 1
2771 10685 1
2771 5885 1
1367 6773 1
1367 7176 1
1367 1113 1
1367 3527 1
1367 10355 1
10129 2904 1
10129 8146 1
10129 3572 1
10129 8911 1
5541 3814 1
5541 5042 1
5541 3539 1
5541 5015 1
5541 10950 1
633 4549 1
633 9132 1
633 10176 1
633 9193 1
633 11145 1
5132 4232 1
5132 8901 1
5132 2448 1
5132 5697 1
5132 6531 1
381 871 1
381 1496 1
381 8769 1
381 8397 1
1199 9796 1
1199 6518 1
1199 10145 1
1199 2741 1
1199 5671 1
2339 5569 1
2339 2880 1
2339 4480 1
2339 6997 1
2339 4563 1
5611 8316 1
5611 4861 1
5611 8736 1
5611 6894 1
5611 10041 1
8474 8057 1
8474 798 1
8474 3394 1
8474 4474 1
6032 6206 1
6032 3987 1
6032 6421 1
6691 6405 1
6691 4922 1
6691 6341 1
6691 10940 1
6691 1705 1
7340 10949 1
7340 10416 1
7340 9220 1
7340 8204 1
7340 7924 1
10723 10546 1
10723 3386 1
10723 4000 1
10723 5064 1
10723 8054 1
8576 923 1
8576 5540 1
8576 848 1
8576 7814 1
8576 4381 1
6107 1395 1
6107 7112 1
6107 778 1
6107 6196 1
6107 3393 1
6930 10824 1
6930 412 1
6930 5512 1
8721 7494 1
8721 9753 1
8721 6579 1
8721 7870 1
8721 9956 1
5858 6052 1
5858 6917 1
5858 11167 1
5858 10317 1
5858 2563 1
8106 8406 1
8106 7320 1
8106 10782 1
8106 5901 1
8106 2237 1
10575 2982 1
10575 7993 1
10575 1120 1
10575 6087 1
10575 6336 1
2037 7268 1
2037 10648 1
2037 1611 1
4506 9677 1
4506 674 1
4506 4087 1
4506 8540 1
9823 3130 1
9823 6970 1
9823 7719 1
9823 4230 1
9823 8827 1
695 9753 1
695 7223 1
695 4549 1
695 8327 1
695 9132 1
9693 3062 1
9693 9872 1
9693 10234 1
9693 4956 1
6465 6538 1
6465 839 1
6465 9561 1
6465 3395 1
8886 1890 1
8886 8406 1
8886 1274 1
8886 3041 1
8886 6243 1
7854 4568 1
7854 8954 1
7854 2455 1
7854 10817 1
7854 2828 1
4562 9912 1
4562 10123 1
4562 918 1
4562 8105 1
4562 8684 1
2916 2481 1
2916 8530 1
2916 6710 1
871 8066 1
871 381 1
871 3108 1
871 5900 1
8233 4119 1
8233 6577 1
8233 9605 1
2518 6626 1
2518 7075 1
2518 6915 1
2518 2630 1
1700 3247 1
1700 5968 1
1700 1772 1
1700 6904 1
7582 3060 1
7582 10792 1
7582 3993 1
7582 8802 1
4709 6935 1
4709 8079 1
4709 6062 1
4709 1153 1
6500 7411 1
6500 6341 1
10878 4203 1
10878 10283 1
10878 5226 1
5970 8523 1
5970 9577 1
5970 4782 1
5970 7390 1
4334 1770 1
4334 9942 1
4334 1392 1
6803 2760 1
6803 5664 1
6803 6197 1
6803 9374 1
5167 326 1
5167 9796 1
5167 1523 1
6843 7494 1
6843 3380 1
6843 11156 1
6843 6575 1
9899 3049 1
9899 7814 1
9899 4078 1
9899 9584 1
9103 6904 1
9103 1700 1
9980 5752 1
9980 6941 1
9980 309 1
9980 6904 1
9980 9761 1
6688 2753 1
6688 4589 1
7511 7308 1
7511 2110 1
3686 9501 1
3686 7208 1
3686 4616 1
122 6454 1
122 7240 1
122 2367 1
9175 10428 1
9175 8432 1
9175 10721 1
9175 6221 1
2091 11064 1
2091 10528 1
2091 3103 1
4954 6712 1
4954 7928 1
3678 4104 1
3678 5969 1
3678 7867 1
3678 6572 1
7359 8565 1
7359 3386 1
7359 4382 1
7359 6834 1
3362 8716 1
3362 8233 1
3362 3993 1
3362 8187 1
2367 11135 1
2367 9013 1
2367 122 1
2367 7240 1
4357 8871 1
4357 4298 1
4357 8374 1
4357 9473 1
4766 5969 1
4766 3957 1
4766 4563 1
4766 8303 1
4115 6770 1
4115 5163 1
4115 9400 1
4115 4536 1
5906 8871 1
5906 8827 1
5906 2695 1
5906 10022 1
4679 6771 1
4679 2465 1
1583 8681 1
1583 9277 1
3411 6902 1
3411 1165 1
10287 6286 1
10287 4474 1
10287 5395 1
10287 7091 1
6197 6500 1
6197 10809 1
6197 6352 1
6197 7946 1
6197 5524 1
5374 8871 1
5374 4877 1
5374 9141 1
5374 8987 1
5374 7023 1
4635 9101 1
4635 1165 1
1392 4334 1
1392 9712 1
1392 5675 1
1392 6171 1
1392 1716 1
5969 5611 1
5969 4061 1
5969 4829 1
5969 8759 1
2288 7240 1
2288 4387 1
2288 10881 1
4688 5564 1
4688 912 1
4688 2221 1
6894 6563 1
6894 4474 1
6894 9278 1
6894 8716 1
310 4739 1
310 2863 1
310 3328 1
310 5322 1
2101 3726 1
2101 2057 1
2101 4091 1
7867 4536 1
7867 10984 1
1283 9878 1
1283 377 1
1283 982 1
1283 2077 1
5882 4332 1
5882 11145 1
5882 3241 1
5882 4480 1
5684 8530 1
5684 4281 1
9223 4664 1
9223 8516 1
9223 6353 1
9223 10410 1
10235 2535 1
10235 10397 1
10235 3572 1
10235 8871 1
2828 2455 1
2828 1897 1
2828 10817 1
2828 4760 1
10417 5210 1
10417 11129 1
10417 6341 1
9594 10628 1
9594 10179 1
9594 10723 1
8989 6841 1
8989 6257 1
10625 1664 1
10625 895 1
10625 2702 1
2875 5968 1
2875 6960 1
2875 6841 1
2875 6818 1
9533 10575 1
9533 373 1
9533 2982 1
9533 6087 1
2171 8465 1
2171 5942 1
3092 2695 1
3092 10143 1
3092 3589 1
3092 6970 1
10809 2932 1
10809 5947 1
10809 3809 1
10809 9319 1
7390 10654 1
7390 5759 1
7390 3300 1
11171 9277 1
11171 8542 1
11171 9493 1
9423 9277 1
9423 1863 1
9423 10326 1
9423 7314 1
7841 8143 1
7023 6770 1
7023 4563 1
7023 5881 1
7023 9278 1
7023 8345 1
6109 3130 1
6109 10073 1
6109 4230 1
6109 8078 1
6821 6197 1
6821 8467 1
6821 3809 1
8565 3115 1
8565 3523 1
4450 6706 1
3223 9277 1
3223 642 1
3223 10801 1
7084 3362 1
7084 6411 1
7084 6876 1
7084 4104 1
6288 3611 1
6288 8565 1
6288 6529 1
6288 5056 1
6288 11132 1
4298 8719 1
4298 3523 1
4298 4357 1
4298 7920 1
1512 8388 1
1512 8631 1
1512 1001 1
1512 5288 1
1512 5839 1
10860 1274 1
10860 1190 1
5360 4107 1
5360 3494 1
5360 7814 1
7422 8973 1
7422 4782 1
2665 1165 1
2864 3215 1
2864 8973 1
2864 3099 1
2864 3049 1
5318 5969 1
5318 4119 1
5318 8716 1
5318 7618 1
4760 8424 1
4760 1228 1
4760 2828 1
2528 7713 1
2528 1497 1
2528 8514 1
2528 3494 1
7682 6770 1
7682 4239 1
4001 8362 1
4001 10154 1
8631 10557 1
8631 1001 1
8631 1512 1
6162 1360 1
6162 5255 1
6162 8316 1
4087 1088 1
4087 4148 1
4087 9406 1
4087 4506 1
4087 2880 1
9025 8013 1
9025 6407 1
9025 7705 1
9025 10759 1
9850 1786 1
9850 5006 1
9850 326 1
9850 4107 1
9850 5167 1
2012 2793 1
2012 4107 1
2012 8906 1
2012 10461 1
2702 895 1
2702 3059 1
2702 4542 1
2702 6785 1
8463 7240 1
8463 2288 1
8463 3195 1
8463 4816 1
2793 1956 1
2793 6202 1
2793 1411 1
2793 5542 1
2793 3144 1
9046 4963 1
9046 6189 1
9046 1498 1
9046 5942 1
9046 6838 1
11091 2847 1
11091 10759 1
11091 1382 1
11091 4208 1
11091 5342 1
6350 10787 1
6350 10176 1
6350 10142 1
6350 9132 1
6350 941 1
315 839 1
315 2100 1
315 3300 1
6525 6286 1
6525 4464 1
6525 5355 1
6525 8374 1
10107 3663 1
10107 6889 1
10107 2558 1
10107 4280 1
10107 9797 1
10319 2291 1
10319 5970 1
10319 1260 1
10319 7370 1
10319 5056 1
9092 6642 1
9092 9788 1
9092 6407 1
9092 856 1
2558 1312 1
2558 8542 1
2558 189 1
2558 2959 1
2558 6889 1
3969 4589 1
3969 11155 1
3969 9245 1
3969 4212 1
3969 1964 1
6848 2219 1
6848 8938 1
6848 1775 1
6848 3211 1
6848 4262 1
4828 3410 1
4828 6286 1
4828 9605 1
4828 5133 1
4828 7597 1
713 4052 1
713 7213 1
713 6161 1
713 9126 1
713 2298 1
10983 2831 1
10983 5524 1
10983 6197 1
10983 3809 1
10983 8827 1
7003 9917 1
7003 231 1
7003 4651 1
9917 7003 1
9917 231 1
9917 4651 1
4651 9917 1
4651 231 1
4651 7003 1
1379 4668 1
1379 3189 1
1379 3969 1
1379 5148 1
1379 6578 1
3615 2511 1
3615 9072 1
3615 1363 1
3615 8345 1
3615 10339 1
7705 982 1
7705 5715 1
7705 563 1
7705 10157 1
7705 1659 1
4774 5355 1
4774 8961 1
4774 7505 1
4774 10041 1
4774 11132 1
9712 1716 1
9712 8407 1
9712 1228 1
9712 1770 1
9712 4334 1
6440 7223 1
6440 8721 1
6440 9753 1
6440 7494 1
7676 5574 1
7676 4018 1
7676 4747 1
7676 6391 1
7676 10551 1
6927 7253 1
6927 4709 1
6927 965 1
7750 4508 1
7750 10021 1
7750 1190 1
7750 6085 1
9795 2936 1
9795 9442 1
9795 885 1
9795 3781 1
9795 3846 1
6019 7505 1
6019 4877 1
6019 7945 1
6019 6099 1
6019 10723 1
11129 10827 1
11129 7768 1
11129 9296 1
11129 10172 1
11129 6459 1
8719 6737 1
8719 4661 1
8719 5597 1
8719 7676 1
8719 8345 1
1053 2100 1
1053 5564 1
3914 5053 1
3914 3234 1
3914 3813 1
3914 4298 1
3914 10882 1
8961 4747 1
8961 8153 1
8961 8719 1
10248 5543 1
10248 4565 1
10248 4941 1
10248 8842 1
10248 1360 1
9425 7634 1
9425 895 1
9425 2702 1
7395 4679 1
7395 1162 1
7395 2372 1
7395 9761 1
7395 3049 1
6572 5971 1
6572 4115 1
6572 4877 1
6572 6563 1
4926 3041 1
4926 1274 1
4926 2916 1
4926 11131 1
3426 3405 1
3426 10587 1
3426 3154 1
3426 10374 1
3426 5787 1
3017 2880 1
3017 6286 1
3017 8215 1
3017 3364 1
3017 6391 1
2486 6271 1
2486 940 1
2486 3940 1
2486 10825 1
8247 2227 1
8247 10318 1
8247 1267 1
8247 2936 1
8247 4941 1
1703 1184 1
1703 4427 1
1703 923 1
1703 9876 1
1703 4347 1
4531 3611 1
4531 6529 1
4531 11132 1
4531 5295 1
10292 2880 1
10292 10943 1
10292 6722 1
10292 3574 1
10292 8716 1
1449 2401 1
1449 3094 1
1449 1162 1
1449 1795 1
1449 8552 1
8033 2177 1
8033 1339 1
8033 8348 1
8033 3934 1
1898 3928 1
1898 5226 1
1898 1795 1
1898 6186 1
1898 8309 1
9733 4115 1
9733 4877 1
9733 6642 1
9733 10235 1
10198 3146 1
10198 7322 1
10198 8014 1
10198 4067 1
10198 9856 1
4477 9400 1
4477 8716 1
4477 8274 1
4477 5395 1
4477 5161 1
3654 10811 1
3654 8232 1
3654 4153 1
3654 9433 1
3654 3144 1
2831 3092 1
2831 4757 1
2831 10143 1
2831 4648 1
2831 8381 1
1190 7740 1
1190 9101 1
1190 10147 1
1190 7761 1
1190 11007 1
2013 6773 1
2013 10840 1
2013 4216 1
2013 6721 1
2013 4793 1
7370 10022 1
7370 6770 1
7370 9296 1
7370 9602 1
7370 8187 1
9904 10828 1
9904 2356 1
9904 3063 1
9904 5589 1
8987 4954 1
8987 3644 1
8987 4357 1
8987 5966 1
8987 8912 1
8815 7208 1
8815 9710 1
8815 3394 1
8815 8362 1
8815 5564 1
7992 8666 1
7992 10628 1
7992 6398 1
7992 3463 1
7992 8153 1
9219 3018 1
9219 6478 1
9219 1042 1
9219 3087 1
9219 6665 1
6118 3572 1
6118 10418 1
6118 4914 1
6118 9169 1
6935 10802 1
6935 3397 1
6935 4563 1
6935 9278 1
4072 6902 1
4072 5016 1
4072 5154 1
4072 10983 1
4072 6359 1
6139 8274 1
6139 4877 1
6139 6097 1
6139 10777 1
6139 7484 1
1850 8596 1
1850 9753 1
7530 4877 1
7530 3574 1
7530 4264 1
7530 5597 1
7530 9605 1
4238 6712 1
4238 8343 1
4238 6194 1
4238 8506 1
10824 545 1
10824 6930 1
10824 10633 1
10824 5512 1
10824 1764 1
4230 6137 1
4230 5451 1
4230 4027 1
4230 9374 1
8345 8736 1
8345 3218 1
8345 3623 1
8345 4766 1
5053 7867 1
5053 4877 1
5053 10318 1
5053 8987 1
5053 7530 1
3397 5969 1
3397 6835 1
3397 5163 1
3397 6712 1
6689 6376 1
6689 7705 1
6689 3958 1
6689 8484 1
7663 4861 1
7663 6061 1
7663 8759 1
7663 8345 1
710 939 1
710 7772 1
710 566 1
710 5483 1
710 1914 1
10912 5133 1
10912 9431 1
10912 4914 1
10912 7095 1
10912 1671 1
1859 1086 1
1859 2876 1
1859 433 1
1859 6691 1
1859 7494 1
5540 5253 1
5540 7655 1
5540 7807 1
5540 6935 1
5540 1171 1
6257 8989 1
6257 11114 1
6257 6971 1
6257 4318 1
496 10837 1
496 5613 1
496 3630 1
6341 10827 1
6341 6826 1
6341 8767 1
6341 9070 1
6341 2826 1
9780 7947 1
9780 923 1
9780 1496 1
9780 8434 1
9780 2845 1
8134 6126 1
8134 6590 1
8134 2705 1
8134 6476 1
8134 11174 1
727 9228 1
727 4956 1
727 2760 1
727 6894 1
727 2964 1
6339 1853 1
6339 3726 1
6339 8203 1
5103 2904 1
5103 5978 1
5103 10129 1
5103 3572 1
5103 6063 1
9218 5293 1
9218 3772 1
9218 4464 1
9218 6139 1
9218 10287 1
8395 3669 1
8395 8020 1
8395 4709 1
8395 9594 1
6749 9847 1
6749 10648 1
6749 8809 1
6749 5628 1
6749 1766 1
3457 5868 1
3457 7129 1
3457 10152 1
3457 5536 1
3457 1169 1
11174 6126 1
11174 6590 1
11174 2705 1
11174 6476 1
11174 8134 1
8705 10814 1
8705 4033 1
8705 6196 1
8705 1416 1
10341 6954 1
10341 10757 1
10341 1659 1
10341 11136 1
10341 6414 1
2934 10837 1
2934 1703 1
2934 6312 1
4284 6576 1
4284 7366 1
4284 1992 1
4284 4516 1
4284 8457 1
8374 4766 1
8374 6019 1
8374 8153 1
8374 10804 1
7885 3705 1
7885 7120 1
7885 8705 1
7885 5071 1
7885 8015 1
5431 8228 1
5431 5211 1
5431 9539 1
8782 2401 1
8782 10809 1
8782 1504 1
8782 2936 1
8782 4003 1
9605 9142 1
9605 3679 1
9605 4747 1
9872 5133 1
9872 8368 1
9872 9346 1
9872 6036 1
9872 9788 1
10695 2414 1
10695 10564 1
10695 979 1
10695 3650 1
10695 6922 1
10856 6691 1
10856 7494 1
10856 2307 1
10856 7201 1
10856 9115 1
157 4118 1
157 10695 1
157 3650 1
157 4758 1
157 3960 1
3838 8066 1
3838 4818 1
3838 3187 1
3838 10355 1
3838 7302 1
6243 6700 1
6243 7957 1
6243 8604 1
6243 8406 1
6243 2219 1
10802 8215 1
10802 6642 1
10802 7758 1
10802 10231 1
10802 1540 1
926 7503 1
926 5807 1
926 3618 1
926 9977 1
3210 6706 1
4033 8705 1
4033 9347 1
4033 5382 1
4033 1416 1
6078 10223 1
6078 1613 1
6078 5803 1
6078 7064 1
4763 10828 1
4763 2356 1
11048 8973 1
11048 3122 1
11048 4782 1
11048 5695 1
1172 4157 1
1172 10609 1
1172 8761 1
1172 5926 1
1172 5513 1
3036 9634 1
9468 10938 1
9468 6576 1
9468 4033 1
9468 8705 1
7822 9634 1
7483 2878 1
7483 9631 1
7483 1208 1
7483 10714 1
7483 3461 1
2191 9804 1
2191 8351 1
2191 3618 1
2191 6078 1
2191 10414 1
964 8973 1
964 1490 1
964 3010 1
964 8002 1
964 5410 1
9682 2177 1
9682 9659 1
9682 1339 1
9682 4423 1
9682 7146 1
7213 760 1
7213 5993 1
7213 704 1
7213 9738 1
7213 2603 1
7562 10782 1
7562 2058 1
7562 8704 1
2317 8151 1
2317 6841 1
8078 3130 1
8078 6970 1
8078 7719 1
8078 4230 1
8078 9823 1
8901 9041 1
8901 9924 1
8901 9453 1
8901 2448 1
3993 6876 1
3993 2979 1
3993 8282 1
3993 3999 1
8604 7494 1
8604 6579 1
8604 7036 1
8604 10961 1
8604 2219 1
6135 2356 1
6135 10326 1
6135 1975 1
6135 3552 1
6135 5364 1
5312 505 1
5312 9944 1
5312 10512 1
5312 4035 1
3108 8769 1
3108 6303 1
3108 1496 1
3108 8066 1
3108 5900 1
9243 10528 1
9243 5926 1
9243 6996 1
9243 9165 1
10889 2091 1
10889 3084 1
10889 1751 1
10889 2772 1
10889 3103 1
3187 3838 1
3187 8066 1
9731 3130 1
9731 6970 1
9731 7719 1
9731 4230 1
9731 8827 1
5074 8769 1
5074 6303 1
5074 1496 1
5074 8066 1
5074 3108 1
2453 6076 1
2453 5700 1
2453 9351 1
7947 1496 1
7947 6107 1
7947 923 1
7947 2845 1
7947 9780 1
11060 3383 1
11060 6577 1
11060 7091 1
11060 4104 1
11060 10123 1
4427 4387 1
4427 9876 1
4427 1703 1
4427 5763 1
4427 7784 1
2471 5542 1
2471 11022 1
2471 1501 1
2471 4859 1
2471 11091 1
5763 4427 1
5763 8260 1
5763 3108 1
5763 5018 1
5763 7784 1
4536 9939 1
4536 8229 1
4536 9577 1
4536 10529 1
4536 8506 1
7784 4427 1
7784 9784 1
7784 2298 1
7784 5763 1
7784 5840 1
9011 8603 1
9011 3022 1
9011 3510 1
9011 4474 1
9011 6834 1
3816 8228 1
3816 2845 1
8067 6683 1
8067 8228 1
8067 2845 1
8067 10646 1
1422 4926 1
1422 5806 1
1422 8886 1
1422 5212 1
8829 2551 1
8829 7084 1
8829 725 1
8829 2773 1
8829 4455 1
353 10759 1
353 10811 1
353 5348 1
353 8360 1
353 7500 1
3394 5542 1
3394 5198 1
3394 10589 1
3394 6344 1
3394 2106 1
9978 8424 1
9978 1001 1
9978 2360 1
2736 3111 1
2736 10233 1
2736 9249 1
2736 6459 1
2736 1132 1
10143 6197 1
10143 6970 1
10143 4027 1
10143 9823 1
5978 10616 1
5978 9662 1
5978 5831 1
5978 2957 1
5978 6737 1
10397 6642 1
10397 4356 1
10397 5534 1
10397 7530 1
10397 8054 1
2177 6579 1
2177 11068 1
2177 6576 1
2177 8604 1
2177 5824 1
5469 3130 1
5469 11068 1
5469 6803 1
5469 4230 1
5469 5524 1
8761 1068 1
8761 10189 1
8761 137 1
8761 7518 1
8761 2157 1
4027 3130 1
4027 4960 1
4027 4757 1
4027 7190 1
4027 10143 1
7095 8126 1
7095 9876 1
7095 8883 1
7095 5750 1
7095 1952 1
4626 7453 1
4626 10757 1
6583 1646 1
6583 9543 1
6583 629 1
6583 1872 1
6583 4238 1
4408 2022 1
4408 10034 1
4408 887 1
4408 2072 1
4408 2877 1
2762 7432 1
2762 3422 1
2762 6803 1
2762 10528 1
2762 3011 1
2140 5360 1
2140 4973 1
2140 1762 1
2140 5723 1
8684 9545 1
8684 8099 1
8684 8401 1
8684 4664 1
8684 414 1
3960 10531 1
3960 4118 1
3960 1204 1
3960 7201 1
3960 10391 1
5395 7695 1
5395 4104 1
5395 4766 1
5395 6737 1
5395 9146 1
9718 6057 1
9718 8457 1
9718 4679 1
9718 8338 1
9718 5722 1
11137 6364 1
11137 5779 1
11137 6186 1
11137 9758 1
11137 2214 1
8668 5722 1
8668 11150 1
8668 1267 1
8668 6841 1
8013 5225 1
8013 9253 1
8013 9572 1
8013 6257 1
8013 9872 1
7177 6099 1
7177 10613 1
7177 5899 1
7177 8345 1
7177 2187 1
3062 5792 1
3062 6197 1
3062 8345 1
3062 5444 1
3062 5815 1
10158 8872 1
10158 6093 1
10158 7359 1
10158 10073 1
10158 4937 1
2617 5722 1
2617 1003 1
2617 2219 1
2617 3300 1
5086 9654 1
5086 8225 1
5086 5410 1
5086 1374 1
4233 1497 1
4233 6133 1
4233 731 1
4233 4757 1
4233 2463 1
5056 5364 1
5056 8565 1
5056 11177 1
5056 7878 1
5056 7843 1
9994 1313 1
9994 6995 1
9994 10248 1
9994 4098 1
9994 1700 1
941 4563 1
941 5355 1
941 8987 1
941 2936 1
941 7064 1
9871 1555 1
9871 4827 1
9871 684 1
9871 8272 1
9871 2299 1
8225 504 1
8225 10050 1
8225 453 1
8225 5740 1
8225 1653 1
1671 4941 1
1671 7095 1
1671 8901 1
1671 3176 1
1671 9938 1
7432 3092 1
7432 6376 1
7432 7057 1
7432 4142 1
7432 8345 1
3317 7963 1
3317 2936 1
3317 4115 1
3317 4297 1
3317 3574 1
9045 504 1
9045 5416 1
9045 453 1
9045 11099 1
9045 1374 1
1578 10837 1
1578 6338 1
8174 8515 1
8174 6935 1
8174 9912 1
8174 8499 1
8174 982 1
319 4357 1
319 6329 1
319 2272 1
319 6194 1
319 9142 1
7914 2846 1
7914 5728 1
7914 368 1
7914 6755 1
7914 4189 1
7091 4061 1
7091 4861 1
7091 9427 1
683 6710 1
683 6352 1
340 1422 1
340 4415 1
340 1281 1
340 8829 1
340 2773 1
4557 10942 1
4557 5282 1
4557 7192 1
4557 6364 1
4557 2214 1
10325 6364 1
10325 5779 1
10325 6186 1
10325 9758 1
10325 2214 1
918 319 1
918 4562 1
918 124 1
918 1411 1
918 1352 1
5499 614 1
5499 8754 1
5499 398 1
5499 5968 1
5499 2466 1
8954 2828 1
8954 6665 1
8954 2109 1
8954 2855 1
8954 7854 1
10600 8304 1
10600 6391 1
10600 7686 1
10600 2880 1
9710 2889 1
9710 8815 1
9710 319 1
9710 3644 1
3166 5658 1
3166 6372 1
3166 5268 1
3166 5830 1
2444 10631 1
2444 3183 1
2444 2772 1
2444 8362 1
2444 4893 1
11033 2177 1
11033 6738 1
11033 977 1
11033 9637 1
11033 3221 1
7352 2919 1
7352 6197 1
7352 6821 1
7352 3747 1
7352 9374 1
6529 10487 1
6529 6834 1
6529 6288 1
6529 3397 1
6529 11109 1
512 8260 1
512 9877 1
512 1365 1
512 544 1
512 1675 1
