10648 4756 1
10648 1766 1
10648 6749 1
10648 6683 1
10648 2037 1
2037 5155 1
2037 9801 1
2037 9883 1
2037 7268 1
2037 1611 1
4756 3298 1
4756 10527 1
4756 8173 1
4756 5297 1
4756 6683 1
6683 1611 1
6683 8228 1
6683 4756 1
6683 6130 1
6683 8809 1
1766 4756 1
1766 3748 1
1766 6749 1
1766 10155 1
1766 10648 1
6749 592 1
6749 9737 1
6749 2200 1
6749 4756 1
6749 7230 1
5297 2754 1
5297 9659 1
5297 8109 1
5297 3975 1
5297 1659 1
3298 2923 1
3298 8707 1
3298 10830 1
3298 5248 1
3298 1251 1
5155 1598 1
5155 5442 1
5155 4665 1
5155 9824 1
5155 6232 1
9801 7268 1
9801 2037 1
9801 5155 1
9801 9883 1
8173 4756 1
8173 10155 1
8173 10830 1
8173 5248 1
8173 3298 1
9737 6749 1
9737 4756 1
9737 6683 1
7230 698 1
7230 6828 1
7230 1747 1
7230 2264 1
7230 6864 1
2200 1217 1
2200 5095 1
2200 2481 1
2200 7196 1
2200 8059 1
3748 500 1
3748 8765 1
3748 5360 1
3748 4193 1
3748 6536 1
10155 1766 1
10155 10016 1
10155 8173 1
10155 10830 1
10155 1659 1
6130 8809 1
6130 4756 1
6130 6749 1
6130 6683 1
6130 10155 1
8228 5431 1
8228 2845 1
8228 8067 1
8228 6683 1
8228 3816 1
592 5392 1
592 5628 1
592 9847 1
592 6749 1
592 10080 1
7268 9801 1
7268 2037 1
7268 5155 1
8809 6683 1
8809 4756 1
8809 10155 1
8809 6749 1
8809 6130 1
1611 2037 1
1611 6683 1
1611 6749 1
10527 410 1
10527 11164 1
10527 4316 1
10527 4494 1
10527 8739 1
9883 9801 1
9883 2037 1
5431 9539 1
5431 5211 1
5431 7523 1
5431 8228 1
5431 6897 1
4193 500 1
4193 9973 1
4193 2987 1
4193 3748 1
4193 4342 1
8765 649 1
8765 4397 1
8765 1986 1
8765 2426 1
8765 7831 1
10016 3440 1
10016 8173 1
10016 7214 1
10016 10155 1
10016 10830 1
7196 6749 1
7196 2200 1
7196 6683 1
5095 2685 1
5095 7113 1
5095 5790 1
5095 2698 1
5095 2200 1
1217 9691 1
1217 2200 1
1217 1731 1
1217 6543 1
5360 649 1
5360 7450 1
5360 6971 1
5360 8246 1
5360 4397 1
6864 7230 1
6864 643 1
6864 9724 1
6864 9047 1
6864 1713 1
698 6913 1
698 4907 1
698 7230 1
698 2196 1
698 3680 1
10830 1012 1
10830 8561 1
10830 3975 1
10830 4756 1
10830 8707 1
4494 3653 1
4494 7798 1
4494 6221 1
4494 10086 1
4494 2055 1
1251 10830 1
1251 5994 1
1251 3298 1
2264 7230 1
2264 708 1
2264 3144 1
1747 3525 1
1747 2421 1
1747 9125 1
1747 10631 1
1747 1956 1
1659 1061 1
1659 8064 1
1659 9705 1
1659 9659 1
1659 4682 1
4316 516 1
4316 7264 1
4316 4032 1
4316 7373 1
4316 4338 1
8059 2200 1
8059 1614 1
10080 592 1
9824 4665 1
9824 6232 1
9824 8844 1
9824 4806 1
9824 3351 1
5628 6749 1
5628 592 1
5628 6683 1
5628 9782 1
5628 3443 1
410 3649 1
410 10090 1
410 9676 1
410 9804 1
410 9063 1
5392 6749 1
5392 592 1
6536 649 1
6536 8765 1
6536 1818 1
6536 2073 1
6536 6184 1
5248 1234 1
5248 11023 1
5248 3868 1
5248 4756 1
5248 5297 1
3816 8228 1
3816 2845 1
2923 3298 1
2923 10830 1
2923 9612 1
2923 10738 1
2923 5994 1
500 9148 1
500 3748 1
500 7831 1
500 4193 1
8067 5784 1
8067 10646 1
8067 10704 1
8067 6683 1
8067 2845 1
1598 5155 1
8739 9616 1
8739 9212 1
8739 10527 1
8739 9937 1
8739 7226 1
2754 1147 1
2754 7599 1
2754 5840 1
2754 6935 1
2754 5297 1
6232 4961 1
6232 1746 1
6232 9824 1
6232 5155 1
6232 4665 1
9847 6749 1
9847 592 1
9847 3893 1
9659 1580 1
9659 10830 1
9659 8624 1
9659 9682 1
9659 1339 1
2845 2672 1
2845 8434 1
2845 10704 1
2845 4852 1
2845 5015 1
8109 4756 1
8109 8870 1
8109 10435 1
8109 10155 1
8109 3202 1
11164 1292 1
11164 10553 1
11164 5973 1
11164 8945 1
11164 10791 1
8707 536 1
8707 10212 1
8707 5994 1
8707 9612 1
8707 10037 1
4665 6232 1
4665 3879 1
4665 9824 1
4665 5155 1
3975 666 1
3975 7919 1
3975 5994 1
3975 5297 1
3975 10016 1
6828 3144 1
6828 7230 1
6828 8128 1
6828 4994 1
6828 2707 1
2481 7387 1
2481 4263 1
2481 5383 1
2481 2916 1
2481 2200 1
5442 4606 1
5442 10529 1
5442 1801 1
5442 10292 1
5442 9147 1
10738 2923 1
10738 9627 1
10738 10387 1
10738 4444 1
10738 2603 1
3868 1359 1
3868 7919 1
3868 5248 1
3868 10016 1
3868 619 1
7450 6518 1
7450 5360 1
8246 649 1
8246 4397 1
8246 1986 1
8246 2426 1
8246 7831 1
10435 1909 1
10435 9492 1
10435 10819 1
10435 6928 1
10435 1675 1
10037 3298 1
10037 10830 1
10037 8707 1
10037 5248 1
10037 2923 1
1818 582 1
1818 2252 1
1818 3795 1
1818 6099 1
1818 9925 1
6184 3305 1
6184 1223 1
6184 6536 1
6184 9716 1
6184 2522 1
9676 11191 1
9676 410 1
10090 1487 1
10090 7694 1
10090 6976 1
10090 9609 1
10090 10640 1
3649 410 1
3649 9087 1
3649 1992 1
3649 3484 1
3649 6885 1
8624 2432 1
8624 9889 1
8624 9659 1
8624 4215 1
8624 2063 1
3443 5628 1
3443 7106 1
3443 6683 1
3443 9782 1
9612 5994 1
9612 10830 1
9612 8707 1
9612 7439 1
9612 2923 1
3351 2240 1
3351 5740 1
3351 6982 1
3351 10860 1
3351 7289 1
4806 8844 1
4806 9824 1
4806 7803 1
8844 9824 1
8844 4806 1
8844 7803 1
4032 516 1
4032 5799 1
4032 3973 1
4032 9609 1
4032 6892 1
6221 9175 1
6221 4494 1
6221 7373 1
649 1986 1
649 2015 1
649 9104 1
649 4853 1
649 6536 1
7264 1154 1
7264 5645 1
7264 3389 1
7264 4146 1
7264 9043 1
516 4032 1
516 7310 1
516 1487 1
516 4316 1
516 6976 1
9705 6734 1
9705 1659 1
9705 4331 1
1956 261 1
1956 9882 1
1956 10306 1
1956 3144 1
1956 6749 1
10631 2444 1
10631 1213 1
10631 3521 1
10631 2648 1
10631 1747 1
4263 5383 1
4263 2200 1
4263 2481 1
9804 423 1
9804 9898 1
9804 1765 1
9804 2569 1
9804 6656 1
9125 1909 1
9125 5308 1
9125 7444 1
9125 2084 1
9125 1747 1
643 3713 1
643 8571 1
643 3992 1
643 9376 1
643 9419 1
5784 2077 1
5784 10704 1
5784 5684 1
5784 10711 1
5784 10367 1
1614 8059 1
1614 2200 1
2196 1846 1
2196 4414 1
2196 5703 1
2196 8343 1
2196 698 1
11023 6346 1
11023 10016 1
11023 10778 1
11023 7214 1
11023 5248 1
7919 3975 1
7919 2754 1
7919 11168 1
7919 5248 1
7919 3868 1
3653 176 1
3653 9175 1
3653 10086 1
3653 4304 1
3653 11045 1
1713 5104 1
1713 9774 1
1713 7743 1
1713 7230 1
1713 6864 1
1012 2923 1
1012 5994 1
1012 7439 1
1012 10212 1
1012 8707 1
9063 3973 1
9063 11191 1
9063 6905 1
9063 4585 1
9063 1487 1
9148 426 1
9148 6023 1
9148 7163 1
9148 10693 1
9148 3111 1
10646 8067 1
10646 2845 1
10704 8067 1
10704 2845 1
10704 5784 1
7226 1051 1
7226 8739 1
7226 9991 1
7226 1632 1
7226 871 1
6935 10723 1
6935 5906 1
6935 1535 1
6935 4871 1
6935 9870 1
4961 9824 1
4961 6232 1
8561 5994 1
8561 3440 1
8561 5248 1
8561 10830 1
1746 317 1
1746 5243 1
1746 5124 1
1746 10260 1
1746 1749 1
3893 9847 1
3893 592 1
3893 6749 1
9616 3520 1
9616 9463 1
9616 8772 1
9616 9937 1
9616 911 1
8064 641 1
8064 9802 1
8064 2382 1
8064 3447 1
8064 7991 1
2672 8067 1
2672 8969 1
2672 2845 1
2672 4852 1
2672 4081 1
10529 7159 1
10529 10777 1
10529 2788 1
10529 8736 1
10529 4298 1
8434 2845 1
8434 923 1
8434 7947 1
8434 6096 1
8434 1496 1
4852 1335 1
4852 10480 1
4852 3285 1
4852 4633 1
4852 7174 1
3202 4756 1
3202 8464 1
3202 9455 1
3202 8109 1
3202 6683 1
2426 402 1
2426 2492 1
2426 5080 1
2426 2671 1
2426 3748 1
6913 2196 1
6913 7230 1
6913 10239 1
6913 2587 1
6913 698 1
9047 9724 1
9047 1713 1
9047 6864 1
9047 9774 1
4682 1659 1
4682 5097 1
4682 8064 1
4682 8011 1
4682 6056 1
5973 2881 1
5973 9340 1
5973 8333 1
5973 5356 1
5973 1818 1
5383 4263 1
5383 2200 1
5383 2481 1
7373 410 1
7373 10235 1
7373 2945 1
7373 7798 1
7373 7314 1
1801 3301 1
1801 3409 1
1801 3644 1
1801 1959 1
1801 4297 1
8945 10527 1
8945 8739 1
8945 11164 1
1147 2754 1
1147 9400 1
1147 4831 1
1147 7972 1
1147 3193 1
536 8707 1
536 4144 1
536 10387 1
536 7650 1
536 1000 1
1339 8033 1
1339 7146 1
1339 8894 1
1339 9682 1
1339 8348 1
8128 2401 1
8128 11068 1
8128 10765 1
8128 6596 1
8128 1357 1
2987 363 1
2987 3062 1
2987 2878 1
2987 7687 1
2987 7647 1
10086 1295 1
10086 6908 1
10086 3424 1
10086 3832 1
10086 9175 1
10791 11164 1
10791 4392 1
9724 5104 1
9724 9047 1
9724 9774 1
9724 6864 1
9724 1713 1
2707 10146 1
2707 916 1
2707 6828 1
2707 7230 1
2707 973 1
9212 3869 1
9212 10196 1
9212 9994 1
9212 5002 1
9212 2046 1
2916 1190 1
2916 6710 1
2916 11181 1
2916 2481 1
2916 493 1
9682 2057 1
9682 9659 1
9682 8894 1
9682 2177 1
9682 1339 1
9973 3748 1
9973 7831 1
9973 9148 1
9973 4193 1
9973 3123 1
4606 232 1
4606 7618 1
4606 4480 1
4606 10792 1
4606 8385 1
10292 232 1
10292 8736 1
10292 5503 1
10292 6722 1
10292 9427 1
1580 1135 1
1580 3992 1
1580 10398 1
1580 9659 1
1580 643 1
9147 505 1
9147 5442 1
9147 6097 1
9147 8565 1
9147 3678 1
2698 5632 1
2698 9486 1
2698 8718 1
2698 9846 1
2698 11001 1
708 1956 1
708 6817 1
708 7346 1
708 7230 1
708 5667 1
6543 9691 1
6543 1217 1
6543 2200 1
6543 6734 1
1061 8064 1
1061 4452 1
1061 4943 1
1061 11054 1
1061 6248 1
9782 1290 1
9782 11150 1
9782 3443 1
9782 5308 1
9782 11168 1
9691 2200 1
9691 4201 1
9691 6543 1
9691 3180 1
9691 1217 1
1731 1512 1
1731 10913 1
1731 6198 1
1731 9627 1
1731 7967 1
7113 10464 1
7113 5095 1
3680 2196 1
3680 698 1
3879 5155 1
3879 4665 1
1292 11164 1
2685 3011 1
2685 2200 1
2685 5095 1
2685 7191 1
2685 2494 1
8870 8109 1
8870 4756 1
9937 619 1
9937 6774 1
9937 4841 1
9937 8739 1
9937 10462 1
9539 5431 1
9539 2898 1
9539 11011 1
9539 8969 1
9539 5211 1
3525 7230 1
3525 1747 1
3525 6086 1
4342 4193 1
4342 3305 1
4342 7831 1
4342 9148 1
4342 3748 1
6897 5431 1
6897 2349 1
6897 3675 1
6897 10393 1
4907 2196 1
4907 698 1
4907 1846 1
4907 4414 1
5015 2933 1
5015 8108 1
5015 5314 1
5015 7112 1
5015 5682 1
1234 638 1
1234 10077 1
1234 5962 1
1234 7700 1
1234 9097 1
4994 6828 1
4994 1576 1
4994 3144 1
4994 7230 1
4397 649 1
4397 8197 1
4397 1986 1
4397 2426 1
4397 9544 1
5790 9767 1
5790 2698 1
5790 5095 1
5790 6651 1
10553 11164 1
10553 6617 1
10553 9340 1
6971 2741 1
6971 8829 1
6971 7939 1
6971 8637 1
6971 1199 1
3440 2696 1
3440 6771 1
3440 10830 1
3440 8852 1
3440 10331 1
5994 219 1
5994 6147 1
5994 2923 1
5994 3467 1
5994 8561 1
7387 1220 1
7387 8530 1
7387 5851 1
7387 7543 1
7387 666 1
1986 649 1
1986 8765 1
1986 2639 1
1986 2492 1
1986 5360 1
10212 1783 1
10212 10830 1
10212 9612 1
10212 2923 1
10212 1012 1
7831 500 1
7831 5573 1
7831 7738 1
7831 10560 1
7831 3305 1
7214 10016 1
7214 5248 1
7214 6346 1
7214 11023 1
2073 649 1
2073 6293 1
2073 1986 1
2073 8197 1
2073 6536 1
666 3577 1
666 5450 1
666 5994 1
666 1220 1
666 1424 1
5840 4427 1
5840 6267 1
5840 7599 1
5840 7634 1
5840 2754 1
7523 2349 1
7523 9590 1
7523 5431 1
7523 4198 1
7523 1485 1
7599 2702 1
7599 5840 1
7599 7634 1
7599 2754 1
7599 2291 1
5211 5431 1
5211 9539 1
7798 1826 1
7798 8609 1
7798 6885 1
7798 8960 1
7798 10086 1
2055 1297 1
2055 5058 1
2055 8256 1
2055 5007 1
2055 4670 1
4338 612 1
4338 5914 1
4338 2703 1
4338 4316 1
4338 7024 1
3144 526 1
3144 5540 1
3144 1956 1
3144 2580 1
3144 10034 1
2421 3891 1
2421 1747 1
2421 8454 1
2421 6880 1
2421 8195 1
612 1285 1
612 1204 1
612 7824 1
612 6901 1
612 798 1
8256 1830 1
8256 7571 1
8256 5224 1
8256 8741 1
8256 655 1
2291 2307 1
2291 5564 1
2291 2422 1
2291 7997 1
2291 6047 1
1485 10305 1
1485 9411 1
1485 9590 1
1485 6292 1
1485 1972 1
7634 895 1
7634 7370 1
7634 4180 1
7634 4914 1
7634 7599 1
2696 3440 1
2696 1131 1
2696 8852 1
2696 10331 1
2696 1330 1
1424 669 1
1424 5159 1
1424 5037 1
1424 8340 1
1424 9279 1
6908 2138 1
6908 11066 1
6908 7639 1
6908 2339 1
6908 2085 1
7738 9148 1
7738 4596 1
7738 11064 1
7738 7831 1
7543 1424 1
7543 6755 1
7543 6489 1
7543 7192 1
7543 10757 1
219 3748 1
219 535 1
219 1012 1
219 8568 1
219 10239 1
8852 2696 1
8852 7906 1
8852 9383 1
8852 3440 1
8852 1330 1
6771 1287 1
6771 10830 1
6771 4165 1
6771 5248 1
6771 10016 1
2741 6971 1
2741 1199 1
2741 10145 1
1576 6828 1
1576 3144 1
1576 4994 1
1576 7230 1
5007 2055 1
5007 5402 1
5007 8908 1
5007 3653 1
5007 703 1
9097 1234 1
9097 363 1
9097 9492 1
9097 1659 1
9097 638 1
5962 1659 1
5962 6689 1
5962 9281 1
5962 7160 1
5962 1234 1
638 7019 1
638 9097 1
638 1234 1
638 8202 1
5682 5100 1
5682 8108 1
5682 7583 1
5682 5314 1
5682 5015 1
7112 425 1
7112 11156 1
7112 3814 1
7112 4667 1
7112 7189 1
3675 2401 1
3675 8263 1
3675 10069 1
3675 3509 1
3675 2349 1
2349 1508 1
2349 7134 1
2349 7770 1
2349 11011 1
2349 791 1
9767 5632 1
9767 8787 1
9767 11001 1
9767 5790 1
9767 5095 1
6086 1545 1
6086 10161 1
6086 4136 1
6086 8398 1
6086 10981 1
11011 2349 1
11011 9539 1
11011 8480 1
11011 10395 1
11011 1213 1
3484 4563 1
3484 1592 1
3484 3649 1
3484 9224 1
10462 619 1
10462 6774 1
10462 4841 1
10462 8984 1
10462 9937 1
6774 619 1
6774 8223 1
6774 4495 1
6774 10913 1
6774 10815 1
2494 7191 1
2494 2685 1
7191 2685 1
7191 2494 1
10464 7113 1
10464 5095 1
10913 327 1
10913 8787 1
10913 9937 1
10913 9741 1
10913 4841 1
4670 1296 1
4670 5885 1
4670 3953 1
4670 5312 1
4670 8201 1
6198 1624 1
6198 6502 1
6198 6669 1
6198 1731 1
6198 1512 1
1290 9782 1
4452 1061 1
4452 4849 1
4452 10126 1
4452 7270 1
4452 8182 1
7346 526 1
7346 6855 1
7346 5667 1
7346 7846 1
7346 9359 1
9846 2279 1
9846 8340 1
9846 6870 1
9846 9117 1
9846 1444 1
9486 701 1
9486 10564 1
9486 8787 1
9486 10695 1
9486 10936 1
5632 9767 1
5632 2698 1
5632 6882 1
5314 5682 1
5314 9228 1
5314 7583 1
5314 11004 1
5314 5100 1
3678 4744 1
3678 9545 1
3678 2175 1
3678 7253 1
3678 5374 1
8565 10529 1
8565 5708 1
8565 1629 1
8565 4774 1
8565 10726 1
6096 1310 1
6096 6902 1
6096 4814 1
6096 9481 1
6096 8186 1
8960 6561 1
8960 9974 1
8960 10604 1
8960 7373 1
8960 3653 1
6097 9278 1
6097 8523 1
6097 2395 1
6097 6194 1
6097 3914 1
1199 3283 1
1199 5671 1
1199 6971 1
1199 9796 1
1199 10145 1
7743 9774 1
7743 1713 1
7743 9724 1
505 4865 1
505 4468 1
505 5395 1
505 2175 1
505 1088 1
8609 1447 1
8609 6468 1
8609 3659 1
8609 4931 1
8609 6699 1
9427 5374 1
9427 7379 1
9427 2121 1
9427 6391 1
9427 10041 1
5503 6059 1
5503 6239 1
5503 1564 1
5503 4892 1
5503 7977 1
7972 2754 1
7972 5634 1
7972 10840 1
7972 3193 1
7972 1422 1
6293 649 1
6293 4397 1
6293 1986 1
6293 2426 1
6293 7831 1
10792 5056 1
10792 7064 1
10792 1959 1
10792 6099 1
10792 9605 1
916 2707 1
916 973 1
916 7230 1
916 6766 1
916 9154 1
4480 9278 1
4480 9011 1
4480 1958 1
4480 6383 1
4480 6097 1
5573 649 1
5573 4397 1
5573 1986 1
5573 2426 1
5573 10869 1
7618 232 1
7618 9427 1
7618 6411 1
7618 9998 1
7618 3574 1
10777 6923 1
10777 10022 1
10777 2505 1
10777 8374 1
10777 4104 1
493 6710 1
493 2916 1
493 4926 1
11181 2102 1
11181 9362 1
11181 6742 1
11181 9766 1
11181 2046 1
6710 493 1
6710 4926 1
6710 4251 1
6710 5942 1
6710 6352 1
5002 1051 1
5002 5168 1
5002 10440 1
5002 5713 1
5002 9212 1
6722 6059 1
6722 9400 1
6722 2281 1
6722 6923 1
6722 3772 1
9994 1051 1
9994 5687 1
9994 2390 1
9994 3247 1
9994 6508 1
5914 997 1
5914 9901 1
5914 7171 1
5914 10814 1
5914 4842 1
3869 9212 1
3869 1051 1
3869 5002 1
3869 7733 1
10693 1772 1
10693 9148 1
10693 8822 1
10693 9596 1
10693 9846 1
3424 3653 1
3424 5696 1
3424 9175 1
3424 10086 1
3424 4472 1
1512 1731 1
1512 8631 1
1512 10836 1
1512 10557 1
1512 1001 1
7647 1087 1
7647 8121 1
7647 2021 1
7647 9842 1
7647 5982 1
7687 4624 1
7687 2987 1
7687 4596 1
7687 6501 1
3062 9464 1
3062 10726 1
3062 1873 1
3062 4464 1
3062 4061 1
363 4930 1
363 2987 1
363 2066 1
363 2015 1
363 4159 1
1357 8128 1
1357 9911 1
1357 4636 1
1357 2401 1
1357 933 1
6596 8128 1
10765 2401 1
10765 8135 1
10765 11068 1
10765 5824 1
10765 1208 1
11068 319 1
11068 10127 1
11068 3850 1
11068 4971 1
11068 6936 1
2015 367 1
2015 8117 1
2015 10305 1
2015 2145 1
2015 6536 1
3577 1424 1
3577 666 1
3577 1376 1
3577 7387 1
8894 9682 1
8894 1339 1
8894 7146 1
8894 9659 1
7146 3934 1
7146 9682 1
7146 6808 1
7146 9390 1
7146 9659 1
8033 2057 1
8033 6808 1
8033 5202 1
8033 7146 1
8033 9682 1
4392 3235 1
4392 8184 1
4392 9699 1
4392 7833 1
4392 10461 1
1959 3858 1
1959 2946 1
1959 7239 1
1959 5964 1
1959 6286 1
10367 2376 1
10367 5784 1
10367 8812 1
10367 4302 1
10367 2077 1
9544 582 1
9544 9148 1
9544 1818 1
9544 2073 1
9544 6293 1
3409 6019 1
3409 9545 1
3409 2112 1
3409 7253 1
3409 4774 1
10235 224 1
10235 8912 1
10235 5337 1
10235 7299 1
10235 9493 1
1000 7650 1
1000 536 1
7310 4316 1
7310 9609 1
7310 7694 1
7310 10640 1
7310 516 1
4841 619 1
4841 9991 1
4841 10913 1
4841 9937 1
4841 6774 1
9340 2693 1
9340 8819 1
9340 11164 1
9340 3514 1
9340 626 1
10146 7230 1
10146 2707 1
10146 6828 1
3193 1147 1
3193 8347 1
3193 3978 1
3193 8013 1
3193 9070 1
6056 641 1
6056 5335 1
6056 2382 1
6056 4160 1
6056 8916 1
5097 562 1
5097 9540 1
5097 6367 1
5097 7270 1
5097 7944 1
2587 8104 1
2587 3768 1
2587 7230 1
2587 6195 1
2587 2583 1
5450 1424 1
5450 666 1
3832 3424 1
3832 9175 1
3832 8300 1
3832 3653 1
3832 1549 1
2671 2426 1
2671 9140 1
2671 8242 1
2671 9723 1
2671 1066 1
5080 649 1
5080 6246 1
5080 1818 1
5080 2073 1
5080 7831 1
2492 649 1
2492 6293 1
2492 1986 1
2492 2426 1
2492 10985 1
2878 1388 1
2878 4114 1
2878 2987 1
2878 10804 1
2878 11060 1
8195 6880 1
8195 2421 1
8195 3891 1
8195 8454 1
4414 5027 1
4414 4907 1
4414 5566 1
4414 8726 1
4414 7552 1
10860 1234 1
10860 10053 1
10860 2877 1
10860 4926 1
10860 10157 1
8454 8195 1
8454 2421 1
8454 6880 1
10034 507 1
10034 9902 1
10034 3144 1
10034 4098 1
10034 10592 1
2580 10030 1
2580 1778 1
2580 3144 1
2580 10535 1
3973 1487 1
3973 9063 1
3973 10376 1
3973 9804 1
3973 4585 1
5540 357 1
5540 10418 1
5540 5574 1
5540 7807 1
5540 5442 1
7024 2130 1
7024 6272 1
7024 7299 1
7024 4338 1
7024 1592 1
1496 871 1
1496 9355 1
1496 8434 1
1496 8397 1
1496 3838 1
4427 3859 1
4427 9876 1
4427 7667 1
4427 7324 1
4427 1703 1
2382 1659 1
2382 3447 1
2382 2606 1
2382 6248 1
2382 4345 1
8108 1190 1
8108 6959 1
8108 4331 1
8108 4938 1
8108 7531 1
911 8772 1
911 713 1
911 9616 1
4943 562 1
4943 8916 1
4943 1061 1
4943 2382 1
4943 10163 1
10260 335 1
10260 10374 1
10260 2846 1
10260 3572 1
10260 9044 1
2898 11011 1
2898 8969 1
2898 9539 1
5243 1746 1
5243 1728 1
10560 8014 1
10560 4193 1
10560 7831 1
10560 9148 1
10077 1659 1
10077 8183 1
10077 5369 1
10077 6011 1
10077 8789 1
261 1956 1
261 3480 1
261 9882 1
261 6086 1
4871 176 1
4871 9072 1
4871 3926 1
4871 6923 1
4871 5503 1
3644 6099 1
3644 6059 1
3644 2447 1
3644 3922 1
3644 8229 1
1190 613 1
1190 7433 1
1190 9021 1
1190 10147 1
1190 2877 1
1535 5569 1
1535 4776 1
1535 7239 1
1535 8736 1
1535 2979 1
5906 347 1
5906 6197 1
5906 3788 1
5906 5056 1
5906 7994 1
8571 850 1
8571 5982 1
8571 2107 1
8571 3261 1
8571 8880 1
3795 8942 1
3795 1818 1
3795 2015 1
7694 817 1
7694 7310 1
7694 3776 1
7694 4316 1
7694 10376 1
4831 1681 1
4831 10355 1
4831 7637 1
4831 1754 1
4831 1147 1
4201 4017 1
4201 2200 1
4201 3485 1
4201 9691 1
6023 649 1
6023 8765 1
6023 1986 1
6023 2426 1
6023 10869 1
4585 2488 1
4585 8818 1
4585 10090 1
4585 11191 1
4585 1487 1
7947 1129 1
7947 9780 1
7947 10334 1
7947 1496 1
7947 923 1
176 8451 1
176 993 1
176 1252 1
176 3229 1
176 2284 1
10723 4536 1
10723 6595 1
10723 1892 1
10723 5472 1
10723 10881 1
9087 6885 1
9087 705 1
9087 9224 1
9087 9555 1
9087 3649 1
10480 7174 1
10480 1455 1
10480 4852 1
7159 5241 1
7159 9473 1
7159 2112 1
7159 6194 1
7159 9591 1
6346 408 1
6346 11023 1
6346 3218 1
6346 4604 1
6346 9593 1
973 4964 1
973 7674 1
973 7282 1
973 7230 1
973 9154 1
7650 850 1
7650 8714 1
7650 3598 1
7650 4144 1
7650 8119 1
9043 3190 1
9043 7849 1
9043 6388 1
9043 8232 1
9043 9433 1
9376 840 1
9376 10834 1
9376 2015 1
9376 2145 1
9376 8880 1
5684 547 1
5684 8687 1
5684 4852 1
5684 8068 1
5684 10813 1
9774 7230 1
9774 1713 1
9774 9047 1
9774 7743 1
9774 6864 1
11001 2805 1
11001 9486 1
11001 10936 1
11001 4736 1
11001 2698 1
2046 760 1
2046 9105 1
2046 1993 1
2046 4098 1
2046 6508 1
4633 4852 1
4633 1455 1
2444 6718 1
2444 4893 1
2444 7213 1
2444 10631 1
2444 2772 1
1051 7226 1
1051 9212 1
1051 3869 1
1051 10196 1
1051 3953 1
5703 2196 1
5703 698 1
5703 5254 1
5703 4914 1
5703 1657 1
9882 3480 1
9882 261 1
9882 7472 1
9882 6086 1
9882 1956 1
2077 75 1
2077 7294 1
2077 6286 1
2077 6087 1
2077 5684 1
3713 1580 1
3713 643 1
7803 4010 1
7803 11138 1
7803 8844 1
7803 4337 1
7803 2323 1
1297 336 1
1297 9029 1
1297 7948 1
1297 10191 1
1297 1913 1
2933 3814 1
2933 11113 1
2933 9743 1
2933 5015 1
2933 10416 1
7444 9125 1
7444 957 1
9898 1659 1
9898 9609 1
9898 7881 1
9898 9658 1
9898 9880 1
2945 5058 1
2945 2703 1
2945 5748 1
2945 4371 1
2945 8432 1
6656 1765 1
6656 9804 1
6656 7879 1
6656 8573 1
6656 7894 1
1765 1142 1
1765 6379 1
1765 9804 1
1765 7894 1
1765 6206 1
8718 1956 1
8718 8530 1
8718 8340 1
8718 11200 1
8718 10387 1
3285 7174 1
3285 5814 1
3285 10003 1
3285 3896 1
3285 8380 1
4081 646 1
4081 8022 1
4081 2672 1
4081 8007 1
4081 9402 1
5308 835 1
5308 4198 1
5308 1923 1
5308 2736 1
5308 9371 1
1295 10086 1
1295 2138 1
2522 1223 1
2522 5231 1
2522 3305 1
2522 6184 1
2522 9716 1
6976 1487 1
6976 10640 1
6976 7210 1
6976 9609 1
6976 10090 1
7939 3760 1
7939 8829 1
7939 8637 1
7939 6971 1
7939 2773 1
8348 2057 1
8348 9682 1
8348 4476 1
8348 2177 1
8348 1339 1
10393 6897 1
10393 2349 1
10393 3675 1
9609 1487 1
9609 8144 1
9609 4316 1
9609 5622 1
9609 8818 1
9925 649 1
9925 9104 1
9925 1818 1
9925 2073 1
9925 6293 1
1135 1580 1
3180 1497 1
3180 10077 1
3180 10757 1
3180 4055 1
3180 9392 1
317 4230 1
317 856 1
317 8106 1
317 9044 1
317 720 1
6651 9767 1
6651 5790 1
11150 1634 1
11150 6407 1
11150 6273 1
11150 7635 1
11150 8668 1
526 7346 1
526 3729 1
526 3144 1
526 3654 1
526 385 1
3389 1154 1
3389 5868 1
3389 6224 1
3389 7885 1
3389 3705 1
3992 484 1
3992 9012 1
3992 1630 1
3992 3838 1
3992 5626 1
4146 1136 1
4146 5278 1
4146 3705 1
4146 5868 1
4146 4727 1
9463 2851 1
9463 9616 1
9463 7634 1
9463 9968 1
9463 2702 1
7163 649 1
7163 8117 1
7163 1818 1
7163 2073 1
7163 6023 1
1846 5803 1
1846 6621 1
1846 3419 1
1846 4709 1
1846 9410 1
619 5248 1
619 6774 1
619 9937 1
619 4841 1
619 809 1
3891 8195 1
3891 2421 1
3891 6880 1
1632 1496 1
1632 21 1
1632 7226 1
1632 8769 1
1632 871 1
1223 4193 1
1223 8014 1
1223 6184 1
1223 7831 1
1223 3305 1
10711 3094 1
10711 2146 1
10711 6037 1
10711 5784 1
10711 2808 1
7439 2052 1
7439 219 1
7439 5994 1
7439 3467 1
7439 1012 1
9716 2522 1
9716 941 1
9716 6184 1
9716 4434 1
9716 2013 1
9870 6383 1
9870 9165 1
9870 2381 1
9870 7695 1
9870 3945 1
4144 9099 1
4144 536 1
4144 7650 1
4144 8404 1
2432 8624 1
2432 6287 1
2432 4215 1
2432 9889 1
2432 2063 1
641 8064 1
641 11054 1
641 10000 1
641 1011 1
641 880 1
232 818 1
232 8998 1
232 10343 1
232 8506 1
232 7359 1
6099 5053 1
6099 10886 1
6099 1877 1
6099 9070 1
6099 6525 1
5104 1085 1
5104 10232 1
5104 4495 1
5104 9724 1
5104 431 1
7967 2881 1
7967 7070 1
7967 6424 1
7967 8770 1
7967 8074 1
8969 2898 1
8969 1461 1
8969 11011 1
8969 5526 1
8969 2672 1
10196 7226 1
10196 336 1
10196 1051 1
10196 9212 1
10778 5288 1
10778 11023 1
10778 8066 1
10778 6615 1
10778 1496 1
4331 643 1
4331 9366 1
4331 10449 1
4331 4596 1
4331 7170 1
8343 6918 1
8343 8506 1
8343 2658 1
8343 8961 1
8343 4238 1
2788 4238 1
2788 7663 1
2788 9218 1
2788 8603 1
2788 5792 1
2401 152 1
2401 3679 1
2401 4476 1
2401 9912 1
2401 9180 1
1992 4284 1
1992 3649 1
1992 7366 1
1992 4516 1
1992 10859 1
11045 1297 1
11045 7373 1
11045 6694 1
11045 8036 1
11045 10998 1
10640 1487 1
10640 10090 1
10640 7694 1
10640 10376 1
10640 516 1
2603 1731 1
2603 4444 1
2603 7213 1
2603 9627 1
2603 9579 1
9590 3129 1
9590 10647 1
9590 9162 1
9590 4198 1
9590 1485 1
8772 1287 1
8772 8223 1
8772 5081 1
8772 10531 1
8772 1269 1
4298 8316 1
4298 5574 1
4298 2020 1
4298 4661 1
4298 6498 1
6885 705 1
6885 7886 1
6885 9259 1
6885 9555 1
6885 9087 1
6982 3351 1
6982 2240 1
3301 7484 1
3301 3409 1
3301 2788 1
3301 9427 1
3301 8719 1
11191 1487 1
11191 9676 1
11191 9063 1
11191 3973 1
11191 1202 1
3011 472 1
3011 10809 1
3011 4941 1
3011 10397 1
3011 3597 1
1335 4852 1
1335 5248 1
1335 1404 1
1335 7174 1
4198 536 1
4198 7740 1
4198 3660 1
4198 9366 1
4198 6489 1
582 8197 1
582 4853 1
582 5080 1
582 7831 1
582 8765 1
10398 1580 1
10398 8624 1
10398 8443 1
10398 8990 1
10398 9769 1
8333 1309 1
8333 5412 1
8333 5308 1
8333 5973 1
8333 6607 1
7106 3443 1
7106 6683 1
7106 7603 1
7106 4053 1
7106 3307 1
1783 4993 1
1783 10245 1
1783 9007 1
1783 3266 1
1783 7168 1
8736 5597 1
8736 7676 1
8736 2238 1
8736 6577 1
8736 9870 1
1359 3868 1
2177 1339 1
2177 9506 1
2177 4228 1
2177 8348 1
2177 7479 1
6267 797 1
6267 5942 1
6267 5167 1
6267 7302 1
6267 6482 1
7174 335 1
7174 8666 1
7174 8490 1
7174 10871 1
7174 6165 1
11054 6097 1
11054 8719 1
11054 2272 1
11054 7270 1
11054 3788 1
871 8769 1
871 8694 1
871 5074 1
871 6234 1
871 7226 1
9627 1453 1
9627 4444 1
9627 4134 1
9627 6372 1
9627 9579 1
7991 1659 1
7991 8011 1
7991 4682 1
7991 6056 1
7991 10000 1
10306 635 1
10306 5971 1
10306 2028 1
10306 3289 1
10306 10233 1
1749 335 1
1749 7843 1
1749 5441 1
1749 9169 1
1749 6197 1
6248 1659 1
6248 6329 1
6248 4682 1
6248 6056 1
6248 7270 1
10387 7650 1
10387 9414 1
10387 10738 1
10387 8119 1
10387 2923 1
5058 2055 1
5058 7373 1
5058 8432 1
5058 7088 1
5058 9175 1
2084 9125 1
2084 4136 1
2084 9606 1
2084 6086 1
2084 10161 1
1675 581 1
1675 2401 1
1675 7479 1
1675 5008 1
1675 5296 1
5356 2881 1
5356 734 1
5356 9519 1
5356 5973 1
5356 1309 1
1487 6976 1
1487 7694 1
1487 11191 1
1487 10640 1
1487 3612 1
3123 4193 1
3123 10813 1
3123 9973 1
3123 8290 1
3123 2805 1
7700 5674 1
7700 10855 1
7700 11165 1
7700 6065 1
7700 5072 1
6147 5719 1
6147 1764 1
6147 10824 1
6147 5994 1
6147 3975 1
9419 1110 1
9419 9276 1
9419 3542 1
9419 4331 1
9419 9324 1
2057 1486 1
2057 2177 1
2057 4476 1
2057 8033 1
2057 1339 1
4444 2047 1
4444 9078 1
4444 4294 1
4444 5001 1
4444 10229 1
4853 649 1
4853 4397 1
4853 1986 1
4853 2426 1
4853 9544 1
6928 10110 1
6928 10435 1
6734 3180 1
6734 9705 1
6734 6554 1
6734 6954 1
6734 2830 1
1826 3653 1
1826 10235 1
1826 7948 1
1826 7798 1
1826 10086 1
6518 2693 1
6518 8887 1
6518 9633 1
6518 5360 1
6518 2145 1
5667 1956 1
5667 7846 1
5667 9359 1
5667 3144 1
5667 708 1
8530 848 1
8530 6325 1
8530 2758 1
8530 3308 1
8530 10272 1
7314 2004 1
7314 9175 1
7314 6259 1
7314 10604 1
7314 10235 1
6905 3973 1
6905 11191 1
6905 9063 1
6905 4585 1
6905 1487 1
9492 5248 1
9492 1234 1
9492 9097 1
9492 7921 1
9492 3440 1
5124 1504 1
5124 8024 1
5124 4842 1
5124 5868 1
5124 9887 1
10331 1330 1
10331 10077 1
10331 9305 1
10331 10133 1
10331 1202 1
9104 649 1
9104 4397 1
9104 1986 1
9104 2426 1
9104 7831 1
4297 9939 1
4297 6061 1
4297 2571 1
4297 9545 1
4297 4104 1
2252 1818 1
9991 538 1
9991 4495 1
9991 1313 1
9991 2539 1
9991 9937 1
3447 641 1
3447 4943 1
3447 2382 1
3447 8064 1
3447 6056 1
8385 1132 1
8385 9427 1
8385 2627 1
8385 3100 1
8385 5978 1
923 8260 1
923 3367 1
923 6096 1
923 5015 1
923 8434 1
2569 502 1
2569 9610 1
2569 2596 1
2569 9804 1
2569 8477 1
4215 5609 1
4215 2063 1
4215 8624 1
4215 4298 1
4215 2432 1
11168 1786 1
11168 7919 1
11168 5202 1
11168 8518 1
11168 10931 1
5851 7543 1
5851 1447 1
5851 7387 1
5851 6468 1
5851 8609 1
1213 3521 1
1213 10631 1
1213 5839 1
1213 2772 1
1213 10290 1
9802 641 1
9802 8064 1
9802 4513 1
9802 5190 1
9802 8916 1
3467 2052 1
3467 219 1
3467 7439 1
3467 5994 1
3467 1012 1
2240 2419 1
2240 4714 1
2240 5740 1
2240 6982 1
2240 4498 1
1909 10435 1
1909 10819 1
1909 9125 1
6817 3144 1
6817 7846 1
6817 9359 1
6817 3654 1
6817 708 1
10239 3440 1
10239 6771 1
10239 10016 1
10239 3975 1
10239 219 1
5740 504 1
5740 5086 1
5740 1374 1
5740 2267 1
5740 8979 1
423 2596 1
423 2569 1
423 1653 1
423 6660 1
423 5762 1
1154 7120 1
1154 4146 1
1154 7885 1
1154 1780 1
1154 7902 1
6880 8195 1
6880 2421 1
6880 3891 1
6880 8454 1
7289 2711 1
7289 9824 1
7289 3351 1
7289 3264 1
7289 2486 1
4304 720 1
4304 10619 1
4304 3653 1
4304 8973 1
4304 10346 1
5645 4296 1
5645 9433 1
5645 9043 1
5645 9338 1
5645 4153 1
2881 1990 1
2881 4179 1
2881 8242 1
2881 10420 1
2881 9367 1
2063 8624 1
2063 4298 1
2063 4735 1
2063 5490 1
2063 2432 1
8011 1659 1
8011 10000 1
8011 4682 1
8011 6056 1
8011 11054 1
8829 1200 1
8829 7084 1
8829 6685 1
8829 7939 1
8829 8774 1
10819 1909 1
10819 93 1
10819 10435 1
10819 2439 1
10819 578 1
2639 649 1
2639 3026 1
2639 1986 1
2639 2426 1
2639 4397 1
8197 649 1
8197 4397 1
8197 1986 1
8197 2426 1
8197 7831 1
426 4193 1
426 2403 1
426 10864 1
426 3166 1
426 9148 1
6617 5221 1
6617 10553 1
6617 9340 1
6617 5973 1
6617 2588 1
9889 1380 1
9889 3598 1
9889 8624 1
9889 1686 1
9889 1213 1
5799 1487 1
5799 10376 1
5799 7694 1
5799 4032 1
5799 516 1
3305 1605 1
3305 6184 1
3305 7787 1
3305 4342 1
3305 10136 1
6892 359 1
6892 8872 1
6892 5119 1
6892 10007 1
6892 2921 1
2702 252 1
2702 3324 1
2702 10625 1
2702 7634 1
2702 7599 1
3111 582 1
3111 4830 1
3111 5971 1
3111 9104 1
3111 10985 1
3520 4898 1
3520 9616 1
3520 8150 1
3520 8772 1
3520 3953 1
9175 2004 1
9175 7373 1
9175 3832 1
9175 4782 1
9175 7798 1
2648 659 1
2648 8801 1
2648 9597 1
2648 9196 1
2648 4520 1
3521 2648 1
3521 6149 1
3521 10631 1
3521 6456 1
3521 1213 1
2703 1056 1
2703 8432 1
2703 5058 1
2703 7373 1
2703 10998 1
8464 9455 1
8464 3202 1
8637 2773 1
8637 6971 1
8637 8829 1
8637 4455 1
8637 2551 1
9455 8464 1
9455 3202 1
9455 4954 1
9455 10635 1
1220 1424 1
1220 3749 1
1220 7387 1
1220 10283 1
1220 666 1
9400 6910 1
9400 10886 1
9400 2571 1
9400 8282 1
9400 4238 1
402 4901 1
402 2426 1
402 887 1
402 8922 1
402 698 1
8443 8380 1
8443 10398 1
6456 3521 1
3660 4198 1
3660 5308 1
3660 1190 1
7740 6194 1
9481 1310 1
9481 6096 1
4941 4892 1
4941 7359 1
4941 9278 1
4941 6595 1
1202 11191 1
1202 10331 1
6194 2571 1
6194 9939 1
9259 705 1
9259 6885 1
9259 6065 1
9259 7886 1
1269 619 1
1269 9991 1
1269 5081 1
1269 6774 1
9974 7373 1
9974 10604 1
9974 8960 1
9974 7798 1
9974 3653 1
9162 3129 1
9162 9590 1
9162 10647 1
10647 9162 1
10647 3129 1
3129 10647 1
1388 2878 1
10998 1297 1
10998 7373 1
10998 6694 1
10998 8036 1
10998 11045 1
10859 7366 1
10859 3649 1
10859 1992 1
4284 3649 1
4284 10859 1
4284 1992 1
152 5027 1
152 1675 1
152 9911 1
8603 6918 1
8603 9545 1
8603 2505 1
8603 8374 1
4238 5124 1
8961 2571 1
8961 8523 1
6918 3644 1
7170 4331 1
5792 10886 1
5792 6097 1
5792 2788 1
5792 9011 1
5792 4297 1
6615 10778 1
5288 536 1
5288 10836 1
10232 2138 1
10232 10813 1
10232 431 1
1877 6391 1
10343 6286 1
10343 2281 1
10343 7379 1
10343 3772 1
8998 2121 1
8998 6391 1
818 4774 1
818 8603 1
818 4298 1
10840 5634 1
10840 2439 1
10840 7972 1
2381 7663 1
2381 3100 1
9165 6935 1
9165 10777 1
9165 2658 1
9165 4238 1
2052 3467 1
2052 7439 1
2052 1012 1
8506 7663 1
8506 6525 1
6037 10711 1
6037 2146 1
3094 2603 1
8769 871 1
8769 8397 1
8769 5288 1
8769 8694 1
809 10815 1
809 4495 1
809 8984 1
4709 5472 1
6621 8398 1
6621 1309 1
5803 9410 1
5803 1846 1
1085 5288 1
1085 5104 1
9968 5540 1
9968 2851 1
4727 1154 1
4727 7120 1
4727 6224 1
6468 5851 1
1630 10398 1
1630 1580 1
3705 1154 1
3705 5868 1
3705 7264 1
1001 10836 1
1001 1512 1
1001 5288 1
5868 9887 1
3654 385 1
3654 5667 1
3654 6855 1
3654 3729 1
3654 6817 1
3729 526 1
3729 3654 1
3729 385 1
8668 4971 1
6273 6407 1
6273 11150 1
8014 426 1
8014 8290 1
720 5056 1
720 5312 1
720 4304 1
4055 10077 1
4055 3180 1
9278 11054 1
9278 2658 1
9278 8523 1
9278 4238 1
5622 1549 1
5622 9898 1
5622 8144 1
5622 9658 1
3760 7939 1
3760 8829 1
1923 10077 1
8887 6518 1
8007 1765 1
8007 9402 1
8007 646 1
8022 4081 1
3896 8380 1
3896 3285 1
6901 612 1
5814 3896 1
5814 8380 1
5814 3285 1
11200 8718 1
3307 10334 1
6206 2444 1
6206 6501 1
6206 6379 1
6206 2772 1
6206 1765 1
8573 1765 1
8573 6660 1
8573 7879 1
8573 1142 1
472 6197 1
7879 1765 1
7879 6660 1
7879 7849 1
7879 7894 1
8432 7299 1
8432 4338 1
8432 5058 1
8432 10235 1
7663 7695 1
7663 4297 1
4371 410 1
4371 9555 1
4371 2945 1
4371 4316 1
4371 8432 1
5748 4371 1
5748 2703 1
5748 8432 1
5748 5058 1
5748 2945 1
9880 5248 1
9880 1659 1
9880 5297 1
2658 2281 1
2658 7695 1
9743 5015 1
4520 8801 1
4520 9597 1
10191 1297 1
10191 7373 1
10191 6694 1
10191 8036 1
6424 7967 1
6424 4179 1
1486 2057 1
7948 1826 1
7948 9175 1
7948 10604 1
7948 10235 1
7948 1297 1
2323 7803 1
5254 1657 1
7921 9492 1
7921 1234 1
547 8687 1
547 6194 1
547 7740 1
10834 9605 1
8232 4153 1
8232 9043 1
8232 7849 1
8232 9433 1
6388 1765 1
6388 7894 1
6388 4316 1
6388 5645 1
6388 8573 1
7849 1142 1
7849 4296 1
7849 9338 1
7282 973 1
7282 4964 1
1913 1297 1
1913 7088 1
1913 7373 1
1913 4371 1
1913 3653 1
2736 4198 1
2736 4830 1
2736 4776 1
7674 973 1
7674 916 1
8770 7967 1
10416 9743 1
10416 2933 1
9593 408 1
9593 4830 1
9593 7733 1
8719 10886 1
8719 4104 1
4604 408 1
4604 9072 1
4604 6346 1
4513 641 1
4513 7270 1
4513 8064 1
4513 7944 1
4513 6056 1
2772 1213 1
2772 5839 1
5241 5442 1
5241 1959 1
5241 8316 1
5241 10041 1
8144 3973 1
8144 9658 1
8144 9898 1
8144 1549 1
2921 359 1
2921 5978 1
1455 10871 1
1455 10480 1
705 7886 1
705 9555 1
5472 7359 1
10695 10564 1
10695 9486 1
1990 8333 1
1990 2881 1
1990 1309 1
1892 6935 1
4536 2788 1
4536 4298 1
8990 848 1
8990 10913 1
8990 4943 1
760 9627 1
760 7213 1
760 2603 1
3229 176 1
3229 6391 1
3229 6935 1
10334 7189 1
5526 3419 1
5526 1461 1
5526 1846 1
5526 8969 1
8818 2488 1
8818 7694 1
8818 9609 1
8818 3973 1
8818 1487 1
4017 4201 1
4017 3485 1
535 219 1
7886 705 1
7886 9555 1
10355 3838 1
10355 4296 1
817 8979 1
8119 7650 1
8119 8714 1
8119 8718 1
8119 10738 1
8119 2923 1
8942 2015 1
8942 3795 1
8942 2145 1
8942 1818 1
2107 1110 1
2107 9324 1
2107 9419 1
2107 3542 1
2107 8880 1
2979 2447 1
613 2877 1
1011 641 1
1011 9802 1
1011 8916 1
1011 4160 1
5221 6617 1
8789 10077 1
10346 4304 1
3572 9169 1
335 5441 1
335 7843 1
335 9169 1
335 9044 1
335 3062 1
880 641 1
880 4160 1
880 4943 1
880 5335 1
880 11054 1
1703 1129 1
1703 4427 1
703 5007 1
703 1549 1
703 2055 1
4938 8108 1
9876 3859 1
3859 9876 1
3859 1703 1
3859 4427 1
4661 10726 1
4661 2788 1
4661 4298 1
3838 8769 1
3838 3992 1
8397 1496 1
8397 8769 1
8397 871 1
484 3992 1
484 2200 1
8714 2923 1
8714 7650 1
8714 9414 1
2130 6272 1
5574 10777 1
5574 2077 1
10418 8666 1
6936 472 1
6936 6197 1
10030 3144 1
10030 2580 1
9769 8990 1
4964 973 1
4964 7282 1
7433 10292 1
9902 1087 1
9902 10034 1
10157 613 1
10157 2877 1
10157 6197 1
2877 10374 1
2877 10886 1
10053 10860 1
10053 1659 1
7299 5868 1
4830 408 1
4830 10233 1
4830 9427 1
4830 4776 1
7552 4414 1
7552 8726 1
3788 7359 1
3788 5056 1
8726 7824 1
8726 5566 1
8726 4414 1
5566 8726 1
5566 4414 1
3261 3542 1
3261 4331 1
3261 5982 1
8104 3768 1
8104 6195 1
3166 6372 1
5027 4414 1
5027 9911 1
5027 2401 1
5027 1675 1
1545 8398 1
1545 6086 1
8229 2121 1
8229 9605 1
4114 2878 1
10726 7159 1
10726 10723 1
10726 2788 1
10726 8736 1
10726 4298 1
5231 2403 1
5231 7831 1
5231 9148 1
8523 6918 1
9780 2845 1
9780 923 1
9780 8434 1
9780 7947 1
9780 1496 1
1830 8256 1
3597 472 1
3597 10809 1
3597 4941 1
3597 10397 1
11004 5100 1
11004 7583 1
11004 8108 1
11004 5314 1
11004 5015 1
2946 4563 1
2946 7663 1
2946 2788 1
2946 6019 1
10936 8718 1
10936 11001 1
10936 8787 1
10936 2698 1
6352 6197 1
4165 6771 1
10127 11068 1
9493 2307 1
21 871 1
21 7226 1
21 1496 1
21 8769 1
4136 578 1
4136 2084 1
4136 6086 1
7019 8202 1
7019 638 1
8121 2772 1
8121 1110 1
9355 10757 1
2447 8523 1
2447 10726 1
2447 2571 1
2447 8998 1
2447 5792 1
1624 6198 1
8201 4670 1
8201 1296 1
11064 7831 1
11064 10804 1
9473 7159 1
9473 2788 1
9473 8736 1
9473 4298 1
2066 2015 1
10000 641 1
10000 11054 1
10000 2382 1
10000 3447 1
10000 7944 1
7531 1818 1
7531 5360 1
7531 2145 1
9367 2881 1
2403 1223 1
2403 2522 1
2403 4193 1
2403 426 1
4624 6501 1
4624 7687 1
6234 8769 1
1296 4476 1
1296 4670 1
8260 1453 1
8260 6372 1
8260 923 1
6287 10913 1
6287 1380 1
6287 9659 1
6287 8624 1
6287 2432 1
4736 11001 1
1444 9846 1
2267 504 1
2267 6902 1
327 1287 1
327 1269 1
327 6774 1
9169 317 1
9169 11068 1
9169 3062 1
10815 619 1
10815 6774 1
10815 4841 1
10815 10462 1
7213 713 1
8036 1297 1
8036 7373 1
8036 6694 1
8036 10998 1
4744 5241 1
4744 5395 1
7977 7359 1
7977 5503 1
7977 7676 1
9228 10881 1
9228 5314 1
8819 9340 1
5337 10235 1
5337 5696 1
7583 11004 1
7583 8108 1
7583 5015 1
10147 6099 1
10147 2772 1
6855 3144 1
6855 6817 1
6855 7346 1
6855 3654 1
6855 708 1
9324 1110 1
9324 9419 1
9324 3542 1
9324 4331 1
9324 9376 1
1422 5634 1
4714 4498 1
4714 2240 1
4714 3351 1
4714 7289 1
10855 7700 1
10855 5072 1
10855 11165 1
4814 6096 1
4814 1310 1
9021 5942 1
9021 1190 1
791 11011 1
791 2085 1
1508 7770 1
9279 1424 1
3945 9473 1
3945 2505 1
3945 8719 1
2376 1659 1
2376 10367 1
3485 4201 1
3485 4017 1
10069 8263 1
10069 10290 1
10069 3675 1
8186 6096 1
8186 923 1
8186 2845 1
8186 6683 1
9029 1297 1
9029 7373 1
9029 6694 1
9029 8036 1
4914 1681 1
4914 7599 1
6525 6391 1
6525 10041 1
6525 2381 1
6525 3914 1
10007 9870 1
10007 10809 1
5964 232 1
5964 6391 1
5964 8736 1
5964 3574 1
425 7112 1
10871 2339 1
10871 8490 1
10871 4852 1
6561 8960 1
7824 8973 1
7824 3572 1
7824 8333 1
9390 8033 1
9390 7146 1
9390 9682 1
2339 5574 1
2339 7159 1
9658 410 1
9658 9609 1
9658 10834 1
635 4468 1
635 10531 1
635 5971 1
2281 9998 1
2281 4480 1
2281 9218 1
2281 3914 1
10461 1956 1
6272 7024 1
6272 4338 1
6272 2130 1
8741 5224 1
1778 2580 1
1778 10535 1
2627 9723 1
6742 1190 1
6742 5982 1
6742 6198 1
6742 11181 1
4153 7264 1
4153 9433 1
4153 9043 1
4153 9338 1
4153 4316 1
7635 11150 1
9281 2539 1
9281 11164 1
9371 7740 1
9371 10147 1
4159 363 1
4159 6489 1
4901 7230 1
4901 402 1
4901 6749 1
9011 5540 1
9011 1634 1
5719 2238 1
5719 10824 1
5719 6147 1
9105 3953 1
8282 6910 1
8282 1958 1
10283 1220 1
10283 5159 1
1285 720 1
3283 5671 1
3283 10145 1
9044 335 1
9044 3572 1
1728 5243 1
1728 1746 1
2551 8829 1
2551 7084 1
2551 8637 1
4596 363 1
4596 6501 1
4596 4624 1
1056 4338 1
6149 3521 1
4104 4298 1
10824 5971 1
10824 6147 1
8801 9597 1
8074 9579 1
4782 8973 1
4782 3653 1
3934 7146 1
3934 6808 1
3934 5202 1
5696 2055 1
3324 2702 1
9433 3190 1
9433 5645 1
9433 7264 1
4495 431 1
4495 10913 1
4495 2138 1
4495 9937 1
7787 3305 1
7787 7831 1
7787 9148 1
7787 3748 1
562 641 1
562 880 1
562 8916 1
562 4513 1
2588 6617 1
578 10819 1
578 4136 1
3850 3094 1
3850 11068 1
93 578 1
93 10819 1
9555 2055 1
9555 3653 1
9555 9162 1
2146 10711 1
2146 6037 1
10376 516 1
10376 9555 1
10376 4316 1
10376 4585 1
10376 9609 1
7084 232 1
7084 8829 1
7902 1154 1
7902 4727 1
7902 7264 1
7944 641 1
7944 9540 1
7944 4513 1
7944 5190 1
7944 9802 1
4735 4298 1
4735 2063 1
4735 5490 1
9597 8801 1
8774 6685 1
8774 2773 1
8774 8829 1
8774 4455 1
10420 7967 1
10420 2881 1
10420 4179 1
10161 2084 1
10161 6086 1
9338 4153 1
9338 9043 1
9338 7849 1
3612 7694 1
3612 3973 1
3612 9162 1
3612 10376 1
3612 1487 1
5312 317 1
5312 2055 1
2020 7663 1
2020 2979 1
3247 507 1
3247 9105 1
3247 1993 1
4893 2444 1
2711 3351 1
2711 7289 1
2711 2486 1
7120 5868 1
7120 7885 1
6660 504 1
6660 4296 1
6660 7849 1
1653 9804 1
1653 9610 1
3289 1549 1
3289 10834 1
8202 7019 1
8202 638 1
3264 3351 1
3264 4498 1
3264 2711 1
7379 7159 1
7379 2788 1
7379 4298 1
1374 504 1
1374 5740 1
7881 3973 1
7881 9658 1
7881 9804 1
7881 1549 1
5412 1990 1
5412 1309 1
75 7807 1
3367 5037 1
3367 1110 1
7695 7159 1
7695 2788 1
7695 8316 1
7695 4298 1
8518 11168 1
1786 9939 1
8477 11165 1
3509 3675 1
3509 2401 1
5978 347 1
4302 5684 1
4302 10367 1
4302 5784 1
4302 7174 1
10886 4954 1
10886 7064 1
10886 6061 1
2571 4104 1
6061 9870 1
6061 2788 1
6061 11054 1
6061 4298 1
10133 10331 1
5190 641 1
5190 4513 1
5190 8064 1
5190 7270 1
252 2702 1
252 8106 1
9305 10331 1
8024 5124 1
8024 1746 1
10931 11165 1
7639 6908 1
1136 4146 1
1136 7120 1
1136 1780 1
1136 7902 1
9366 3598 1
9366 6489 1
9366 9276 1
9366 4198 1
9366 3542 1
10272 8530 1
10272 8398 1
4954 11054 1
3308 8530 1
5762 423 1
2758 152 1
2758 8530 1
713 911 1
6165 7174 1
9633 6518 1
6755 848 1
6755 8398 1
9224 705 1
9224 9087 1
9224 7798 1
7997 4180 1
7997 2291 1
2439 10819 1
6554 6734 1
10110 2693 1
4294 4444 1
4294 9627 1
957 9125 1
957 7444 1
6718 2444 1
1780 1154 1
1780 7902 1
1780 7264 1
1780 3705 1
5072 7700 1
5072 11165 1
5674 7700 1
5674 1234 1
5674 11165 1
5674 6065 1
8290 3123 1
8290 2522 1
8290 9148 1
8290 8014 1
8290 2805 1
4180 2291 1
4180 6047 1
7472 9882 1
4849 1061 1
734 1309 1
734 5356 1
9411 1485 1
2004 4304 1
2004 7088 1
2004 7373 1
2004 7314 1
2004 9175 1
5296 11068 1
5296 8014 1
5296 4971 1
8568 219 1
1404 5248 1
1404 1335 1
4636 1357 1
10397 2339 1
10397 7843 1
1657 1208 1
1657 5703 1
1657 5254 1
6595 6383 1
6595 1801 1
6595 5241 1
9887 613 1
9887 2877 1
11060 232 1
11060 10292 1
2830 6734 1
2830 1659 1
9414 8714 1
9414 10387 1
6329 232 1
6329 5097 1
6329 7084 1
1629 4480 1
1629 7239 1
1629 2381 1
4098 7253 1
2851 5569 1
2851 7807 1
2028 1549 1
2028 3289 1
2846 317 1
1200 2773 1
1200 4455 1
1200 6685 1
1200 8829 1
9410 5803 1
9410 1846 1
357 6935 1
357 4480 1
357 1535 1
4472 3424 1
6372 8014 1
6372 8260 1
5569 6722 1
5569 5503 1
5569 11060 1
3100 2175 1
3100 6391 1
3100 4774 1
2488 4032 1
2488 9609 1
2488 7694 1
2488 8818 1
2488 1487 1
4134 9627 1
4134 2603 1
7667 4427 1
10136 3305 1
8490 4852 1
8490 1455 1
8490 10871 1
8490 7174 1
4010 7803 1
4010 4337 1
7302 3838 1
7302 7634 1
7302 10695 1
5167 9796 1
4228 4476 1
2138 1295 1
2138 7831 1
2138 10232 1
9545 10723 1
9545 4297 1
9506 4228 1
9506 4476 1
9506 2177 1
5609 2432 1
5609 4215 1
5609 2063 1
701 9486 1
8822 10693 1
8822 9596 1
2238 6099 1
2238 3945 1
2238 9218 1
2238 11060 1
2238 4606 1
8066 1496 1
8066 8769 1
8066 871 1
10535 1778 1
10535 2580 1
4774 6383 1
4774 10726 1
4774 2788 1
4774 4298 1
5597 8343 1
5597 10726 1
5597 2788 1
5597 8523 1
5597 4298 1
7168 1783 1
6325 8530 1
10440 5002 1
10440 5168 1
797 5942 1
3266 10245 1
3266 9007 1
3266 1783 1
10245 9007 1
10245 3266 1
10245 1783 1
4993 10212 1
4993 1783 1
4993 8707 1
848 8687 1
848 8530 1
848 9723 1
9078 4444 1
9078 2047 1
9078 6959 1
9078 5001 1
9901 997 1
9276 850 1
9276 2107 1
9276 8880 1
4053 7106 1
3235 4392 1
3235 9699 1
7603 7106 1
7479 2177 1
7479 5824 1
7479 11068 1
895 9463 1
6607 8333 1
10635 2851 1
10635 9455 1
10635 2754 1
6954 6734 1
6954 10435 1
7070 7967 1
1309 8333 1
1309 8398 1
9723 1066 1
9723 2627 1
10985 649 1
10985 4397 1
10985 1986 1
10985 2426 1
10985 7831 1
6047 2291 1
6047 4180 1
6870 9846 1
1129 7947 1
1129 10334 1
1129 1703 1
1129 923 1
9359 3144 1
9359 385 1
9359 6817 1
9359 5667 1
9359 708 1
3598 850 1
3598 9324 1
3598 9889 1
3768 2587 1
3768 8104 1
7270 562 1
7270 7991 1
7270 8916 1
7270 9540 1
3978 3193 1
3978 6902 1
8916 641 1
8916 8064 1
8916 4513 1
8916 5190 1
8916 9540 1
5971 232 1
5971 4480 1
5971 5503 1
5971 10824 1
10804 2788 1
10804 8565 1
10804 4297 1
6689 472 1
6689 3011 1
1066 582 1
1066 9104 1
1066 9925 1
1066 5573 1
11113 9743 1
11113 5015 1
10290 1213 1
6019 9870 1
6019 2788 1
6019 10041 1
6019 4298 1
8812 10367 1
8812 5684 1
5369 8183 1
5369 10077 1
431 7831 1
431 2138 1
4930 2066 1
4930 363 1
4930 2015 1
4930 2145 1
6286 2077 1
6286 6194 1
6286 6595 1
7239 7159 1
7239 2788 1
7239 4298 1
10531 1287 1
10531 7160 1
7833 4392 1
835 5308 1
8242 2426 1
8242 5308 1
5374 9400 1
5374 10726 1
5374 2788 1
5374 4298 1
7843 8506 1
8666 317 1
8666 1749 1
8666 2401 1
8666 6197 1
6197 5906 1
1313 9991 1
1313 9994 1
5713 1422 1
8182 4452 1
8182 5097 1
7359 5503 1
7359 1629 1
7359 4661 1
7359 8603 1
2145 6099 1
2145 4193 1
7906 6086 1
7906 8852 1
504 6656 1
7088 410 1
7088 10376 1
7088 2703 1
7088 4316 1
8117 582 1
8117 8197 1
8117 8246 1
8117 9925 1
8117 4193 1
7294 75 1
7294 6935 1
856 317 1
4971 5296 1
4971 11068 1
4971 8668 1
8263 3675 1
8263 10069 1
6699 8609 1
6699 6468 1
4230 6689 1
5053 10726 1
5053 2788 1
5053 4298 1
10814 997 1
385 708 1
385 3144 1
385 3729 1
385 6817 1
385 5667 1
5001 2047 1
5001 9078 1
9939 9400 1
9939 2381 1
5824 1208 1
5395 8316 1
3749 7387 1
3749 1220 1
3749 8340 1
8687 848 1
8687 5684 1
8687 9723 1
8687 547 1
9606 8184 1
9606 2084 1
9606 4392 1
1376 3577 1
1376 666 1
1376 1424 1
4061 6923 1
4061 4774 1
4061 2788 1
1592 6272 1
1592 2130 1
1592 4338 1
1592 4563 1
1592 3484 1
5278 1154 1
5278 4727 1
5278 7902 1
4455 8829 1
4455 6685 1
4455 8774 1
2419 2240 1
4464 5374 1
4464 5597 1
4464 2788 1
4464 4298 1
9402 646 1
9402 8007 1
9402 4081 1
9842 3598 1
9842 5982 1
5202 3934 1
5202 8033 1
1087 9842 1
1110 840 1
1110 3598 1
10163 641 1
10163 9540 1
10163 4513 1
10163 5190 1
10163 9802 1
3190 3654 1
3190 4153 1
3190 6388 1
3190 9338 1
3190 4316 1
6482 6267 1
1993 3247 1
1993 9994 1
1993 9105 1
1993 2046 1
1504 472 1
10557 1512 1
10557 8631 1
10836 1512 1
10836 5288 1
2606 1659 1
2606 10000 1
2606 7270 1
2047 5001 1
2047 6959 1
2047 9078 1
4516 10859 1
4516 3649 1
4516 1992 1
8631 10557 1
8631 1001 1
8631 1512 1
3858 232 1
3858 5964 1
9998 232 1
9998 10869 1
9998 6411 1
9998 3574 1
9596 10693 1
9596 8822 1
887 402 1
4179 2881 1
4179 7967 1
4179 10420 1
4179 6424 1
9117 9846 1
8404 4144 1
8404 536 1
8404 7650 1
3772 6097 1
3772 2571 1
3772 4464 1
7064 5442 1
6246 5080 1
9519 5356 1
2112 5442 1
2112 10792 1
11165 1659 1
11165 5626 1
7484 7159 1
7484 2788 1
7484 8343 1
7484 4298 1
4296 8573 1
5942 11181 1
5942 6710 1
8135 10765 1
8135 5015 1
10604 1297 1
10604 5058 1
10604 7088 1
10604 9555 1
5671 9180 1
6923 4892 1
6923 8229 1
9392 3180 1
9392 1497 1
2808 10711 1
2808 5784 1
9362 11181 1
9362 933 1
2505 10886 1
9912 941 1
9912 2401 1
9912 319 1
6411 232 1
6411 6918 1
6411 3574 1
8880 840 1
8880 2107 1
8880 9419 1
10869 232 1
10869 7163 1
10869 4104 1
10869 5503 1
10869 7831 1
993 176 1
6694 1297 1
6694 11045 1
6694 10998 1
6694 10191 1
6694 9029 1
933 3542 1
8340 1424 1
8340 8718 1
8340 9846 1
8340 1220 1
10809 472 1
10809 10007 1
5074 871 1
5074 8066 1
5074 8769 1
5074 1496 1
4251 6710 1
4251 6267 1
6501 4596 1
6501 4624 1
6501 2987 1
7324 4427 1
2805 3123 1
2805 9148 1
336 7373 1
336 10527 1
336 1297 1
336 9555 1
6910 6391 1
6910 10041 1
6910 2447 1
7733 9072 1
1972 1485 1
6087 5540 1
6383 6525 1
6383 3644 1
3914 7239 1
3914 4061 1
1549 703 1
1549 2055 1
1549 3832 1
1958 232 1
1958 4480 1
1958 3100 1
8922 6749 1
8922 402 1
8922 592 1
8922 7230 1
6882 9767 1
6882 2698 1
6882 5632 1
6059 9870 1
6059 2788 1
6059 10041 1
6059 4298 1
6685 2267 1
6685 8774 1
9154 916 1
9154 7230 1
9154 973 1
9140 2671 1
9180 7637 1
3419 1846 1
3419 5526 1
10003 3896 1
10003 5814 1
10003 8380 1
10003 3285 1
2596 9610 1
2596 9804 1
2596 502 1
6766 2707 1
6766 916 1
6766 973 1
5086 504 1
10374 335 1
10374 10418 1
10374 3062 1
6259 6561 1
6259 6251 1
1764 1378 1
1764 10813 1
1764 8757 1
1764 2238 1
1764 1180 1
941 4297 1
5056 6910 1
5056 4396 1
10981 6086 1
10981 578 1
3574 4766 1
3574 8523 1
3574 6391 1
10022 6194 1
10022 2284 1
10022 7379 1
10022 3914 1
4498 3264 1
4498 2240 1
4498 3771 1
4498 3351 1
7770 10757 1
7770 1508 1
7770 2349 1
6239 232 1
6239 7084 1
7885 5562 1
7885 6220 1
7885 8705 1
7885 3857 1
5008 1675 1
5008 5863 1
5008 4299 1
5008 3131 1
5008 1184 1
2539 9281 1
2539 8223 1
2539 2390 1
8300 4472 1
8300 3832 1
10864 3166 1
10864 426 1
10864 544 1
10864 4515 1
10041 6910 1
10041 10022 1
10041 2505 1
9218 7945 1
9218 2121 1
9218 6595 1
1447 5851 1
1447 6468 1
1447 8609 1
9464 9400 1
9464 3062 1
2102 3737 1
2102 11181 1
2102 8032 1
1453 8260 1
1453 8074 1
3922 2401 1
3922 8304 1
3922 10568 1
3922 5772 1
3922 9011 1
6391 8724 1
6391 9072 1
6391 8603 1
8451 176 1
8451 7047 1
8451 4725 1
5982 840 1
5982 1686 1
5982 2059 1
5982 9476 1
5159 3975 1
5159 7387 1
5159 1424 1
2121 3914 1
2121 8229 1
2121 3100 1
4898 3520 1
4898 10007 1
4898 5124 1
4898 4238 1
8380 1781 1
8380 2693 1
8380 5638 1
367 582 1
367 2015 1
367 9104 1
367 4853 1
367 6536 1
3659 7188 1
3659 10974 1
11066 6908 1
11066 7381 1
11066 4430 1
2013 9716 1
2013 4216 1
1088 72 1
1088 4212 1
1088 4148 1
6011 4237 1
6011 10184 1
6011 10868 1
6011 7802 1
8480 11011 1
8480 7250 1
10126 1061 1
10126 8182 1
3542 850 1
3542 4652 1
3542 9276 1
3542 7650 1
7894 1765 1
7894 5275 1
7894 5749 1
7894 7849 1
1310 6096 1
1310 5564 1
1310 4180 1
9540 641 1
9540 8064 1
9540 4513 1
9540 5190 1
9540 8916 1
3814 2361 1
3814 11113 1
3814 7112 1
3814 8654 1
2390 1168 1
2390 8772 1
2390 767 1
8912 360 1
8912 8054 1
8912 8565 1
7994 472 1
7994 7719 1
7171 7123 1
7171 10938 1
7171 8959 1
7171 4842 1
8398 848 1
8398 5167 1
8398 2877 1
8398 7516 1
7160 625 1
7160 5962 1
7160 5066 1
7160 10571 1
7676 5597 1
7676 10792 1
7676 2281 1
10145 3283 1
10145 1199 1
10145 2741 1
5100 3697 1
5100 7221 1
5100 6166 1
5100 8229 1
10229 11027 1
10229 4309 1
10229 3311 1
4468 505 1
4468 9147 1
4468 4199 1
7366 1726 1
9012 1044 1
9012 6580 1
9012 3992 1
9012 3041 1
1605 10018 1
1605 3305 1
224 3572 1
224 3914 1
6808 7146 1
6808 7835 1
6808 5202 1
6808 4173 1
2693 1659 1
2693 5723 1
2693 6350 1
2693 8380 1
7192 913 1
7192 9999 1
7192 10425 1
7192 5471 1
1461 5526 1
1461 8969 1
2279 850 1
2279 5982 1
2279 2021 1
2279 9376 1
8908 6400 1
8908 3653 1
8908 5007 1
1142 6656 1
1142 6388 1
1142 1765 1
1142 6964 1
319 6061 1
319 4464 1
4434 9716 1
4434 941 1
8984 619 1
8984 6774 1
8984 4841 1
8984 10913 1
8984 10462 1
2773 7939 1
2773 8637 1
2773 8829 1
2773 8774 1
2773 1200 1
6065 7700 1
6065 1822 1
10813 1013 1
10813 10813 1
10813 3123 1
10813 7831 1
2583 11140 1
2583 2587 1
5037 6051 1
5037 6797 1
5037 1424 1
9591 7159 1
9591 9387 1
9591 4298 1
538 9450 1
538 9959 1
538 9991 1
8013 304 1
8013 6814 1
8013 7370 1
8013 9572 1
6367 870 1
6367 8916 1
6367 4943 1
6367 5335 1
9070 8347 1
9070 8779 1
840 9376 1
840 9889 1
2486 1669 1
2486 7289 1
2486 9582 1
2486 9501 1
2486 3706 1
4563 10041 1
4563 4801 1
2175 3570 1
2175 10233 1
2175 2736 1
2175 6938 1
4337 7803 1
4337 4010 1
3514 9340 1
10564 10695 1
10564 7302 1
10564 4747 1
9741 6100 1
9741 228 1
9741 2378 1
9741 10913 1
5626 2569 1
5626 3427 1
7210 8979 1
7210 9642 1
7210 4770 1
2272 7663 1
2272 8229 1
2272 8603 1
2272 8374 1
5564 257 1
5564 5672 1
5564 1403 1
5564 5076 1
626 9340 1
626 11164 1
2422 2291 1
2422 2 1
2422 5564 1
2422 10684 1
8183 3347 1
8183 1620 1
8183 10077 1
8183 5369 1
8183 1636 1
8068 8530 1
8068 5684 1
8068 5784 1
4776 359 1
4776 5978 1
4776 3569 1
4776 8644 1
2307 7194 1
2307 2691 1
2307 3508 1
2307 10158 1
3953 627 1
3953 9994 1
3953 1993 1
3953 3247 1
3953 9105 1
9699 4392 1
9699 3235 1
646 9402 1
646 2672 1
646 8007 1
646 9379 1
646 4081 1
6407 1755 1
7571 4347 1
7571 5224 1
7571 8449 1
7571 4394 1
7571 655 1
5335 641 1
5335 4513 1
5335 5190 1
5335 7270 1
4926 1422 1
4926 10860 1
4926 1755 1
1634 9070 1
3679 9605 1
3679 4954 1
3679 2401 1
8184 9606 1
8184 6086 1
8184 4392 1
9007 4776 1
4892 9939 1
4892 10726 1
4892 8506 1
4892 4297 1
6577 232 1
6577 4744 1
6577 6239 1
4931 8609 1
4931 5010 1
4931 11125 1
4931 4234 1
8223 1269 1
8223 10913 1
8223 7459 1
8223 8772 1
6502 11014 1
6502 3209 1
6502 6198 1
6502 8241 1
1564 6391 1
1564 9870 1
1564 5670 1
1564 11054 1
1686 850 1
1686 2987 1
1686 3542 1
1686 7650 1
4345 641 1
4345 10163 1
4345 2382 1
4345 3447 1
4345 9540 1
5168 5002 1
7637 543 1
7637 2448 1
7637 3019 1
7637 7972 1
669 9997 1
669 1424 1
7253 295 1
7253 5709 1
7253 8133 1
1204 10832 1
1204 3960 1
1204 2339 1
2021 1087 1
2021 4331 1
6959 1950 1
6959 5001 1
6959 10021 1
4160 641 1
4160 6056 1
4160 5190 1
4160 4943 1
4160 5097 1
6195 7549 1
6195 3768 1
6195 2587 1
8694 8769 1
8694 871 1
5402 859 1
5402 7948 1
5402 5007 1
5402 6892 1
1287 619 1
1287 10531 1
1287 5134 1
1287 9937 1
3218 6498 1
3218 6033 1
5687 2046 1
5687 5515 1
5687 6790 1
5687 6508 1
2395 10807 1
2395 4468 1
8979 735 1
8979 9654 1
10625 1228 1
10625 7563 1
10625 6162 1
10625 7634 1
10625 9450 1
8787 8718 1
8787 10936 1
8787 11001 1
8787 10913 1
8787 2698 1
1380 6661 1
1380 10776 1
1380 3512 1
1380 2426 1
1380 9148 1
9610 2569 1
9610 1653 1
9610 4833 1
9610 2596 1
3026 649 1
3026 5360 1
3026 1986 1
3026 6439 1
6508 9994 1
6508 5687 1
6508 2046 1
5839 1213 1
5839 10147 1
5839 2772 1
5839 7273 1
11138 2716 1
11138 7803 1
11138 9811 1
2085 2355 1
2085 4692 1
2085 8508 1
7846 3144 1
7846 6855 1
7846 3654 1
7846 708 1
9911 2651 1
9911 3225 1
9911 9491 1
1681 4661 1
1681 4474 1
1681 3100 1
6669 6198 1
8150 3456 1
8150 4686 1
8150 3507 1
8150 1723 1
8973 505 1
8973 8117 1
8973 10678 1
8973 11048 1
8973 4108 1
10619 119 1
10619 4304 1
10619 3806 1
9796 5167 1
9796 3181 1
798 5824 1
798 3996 1
798 8474 1
798 10429 1
798 3488 1
10305 11120 1
10305 2145 1
10305 3051 1
1252 687 1
1252 6099 1
1252 4942 1
6292 1485 1
5490 4298 1
5490 6187 1
5490 4735 1
5490 2063 1
9605 5971 1
9605 1634 1
9605 5053 1
9605 9473 1
4667 114 1
4667 7413 1
4667 2314 1
4667 2953 1
507 3247 1
507 10034 1
507 767 1
507 4098 1
1330 3440 1
1330 8852 1
1330 10331 1
1330 1202 1
1131 10435 1
1131 1659 1
1131 7381 1
1131 10331 1
1131 9383 1
5708 360 1
5708 8269 1
5708 7591 1
5708 3914 1
