6702 6316 1
6702 4664 1
6702 6095 1
6316 6702 1
6316 4664 1
6316 6095 1
4664 920 1
4664 95 1
4664 8286 1
4664 10487 1
4664 2560 1
6095 6702 1
6095 10527 1
6095 6316 1
6095 4664 1
920 7859 1
920 7215 1
920 6196 1
920 9468 1
920 7708 1
95 122 1
95 7504 1
95 4394 1
95 8756 1
95 7240 1
2560 8401 1
2560 6950 1
2560 7354 1
2560 4743 1
2560 1418 1
10487 1088 1
10487 373 1
10487 6863 1
10487 9594 1
10487 3086 1
10527 4371 1
10527 1881 1
10527 10376 1
10527 7798 1
10527 9899 1
8286 7020 1
8286 4664 1
8286 10033 1
8286 10031 1
8286 2908 1
373 9533 1
373 10575 1
373 6398 1
373 10487 1
373 7494 1
4743 6525 1
4743 5443 1
4743 1365 1
4743 8401 1
4743 2560 1
7798 7373 1
7798 3653 1
7798 10604 1
7798 9974 1
7798 2055 1
7354 4664 1
7354 2560 1
7354 5443 1
7354 9385 1
7354 1418 1
10033 5281 1
10033 2925 1
10033 7020 1
10033 11149 1
10033 2859 1
3086 10487 1
3086 3788 1
3086 4922 1
3086 5133 1
3086 3232 1
7504 7158 1
7504 3623 1
7504 7308 1
7504 4003 1
7504 1252 1
122 4132 1
122 2367 1
122 1152 1
122 95 1
122 6454 1
1088 10504 1
1088 637 1
1088 9415 1
1088 10487 1
1088 4670 1
8401 606 1
8401 295 1
8401 4947 1
8401 6927 1
8401 2044 1
7859 7708 1
7859 5899 1
7859 9468 1
7859 9275 1
7859 3754 1
8756 1082 1
8756 830 1
8756 9275 1
8756 6327 1
8756 3692 1
7215 2954 1
7215 1190 1
7215 7598 1
7215 5899 1
7215 7708 1
10376 4371 1
10376 3653 1
10376 5799 1
10376 10090 1
10376 1487 1
10031 744 1
10031 370 1
10031 5421 1
10031 8345 1
10031 2819 1
9594 1082 1
9594 561 1
9594 7229 1
9594 10588 1
9594 3115 1
7240 8463 1
7240 4492 1
7240 122 1
7240 6423 1
7240 2288 1
7020 5281 1
7020 2925 1
7020 8395 1
7020 8952 1
7020 2859 1
9899 1275 1
9899 584 1
9899 11081 1
9899 7814 1
9899 3720 1
6196 1767 1
6196 1082 1
6196 10900 1
6196 9253 1
6196 4664 1
1881 6885 1
1881 10527 1
1881 9555 1
1881 3649 1
1881 9224 1
6863 1806 1
6863 1208 1
6863 7878 1
6863 7494 1
6863 4629 1
4394 9788 1
4394 10967 1
4394 1541 1
4394 7571 1
4394 2762 1
7708 8756 1
7708 5899 1
7708 7859 1
7708 9275 1
7708 3754 1
4371 3653 1
4371 2004 1
4371 4338 1
4371 10086 1
4371 10527 1
9468 1570 1
9468 1015 1
9468 7708 1
9468 9872 1
9468 3967 1
1418 6036 1
1418 5443 1
1418 5539 1
1418 6525 1
1418 1365 1
2908 4947 1
2908 5281 1
2908 8286 1
2908 4664 1
2908 2859 1
6950 5562 1
6950 3263 1
6950 10663 1
6950 8401 1
6950 1418 1
4629 758 1
4629 478 1
4629 9296 1
4629 10397 1
4629 3170 1
9224 9087 1
9224 6433 1
9224 10412 1
9224 7366 1
9224 1881 1
5443 982 1
5443 532 1
5443 8451 1
5443 6786 1
5443 2532 1
9555 3649 1
9555 1297 1
9555 10032 1
9555 7948 1
9555 11119 1
2925 1341 1
2925 853 1
2925 10964 1
2925 6327 1
2925 5421 1
1082 5382 1
1082 853 1
1082 10938 1
1082 1416 1
1082 7229 1
10090 7694 1
10090 4316 1
10090 10640 1
10090 5799 1
10090 3612 1
3653 2055 1
3653 1297 1
3653 5058 1
3653 10235 1
3653 10248 1
7494 561 1
7494 177 1
7494 5604 1
7494 8738 1
7494 2434 1
9533 6087 1
9533 10575 1
9533 2982 1
9533 373 1
2859 4325 1
2859 4947 1
2859 7020 1
2859 10238 1
2859 11149 1
4003 2127 1
4003 1252 1
4003 7129 1
4003 10031 1
4003 6099 1
1190 4624 1
1190 3628 1
1190 6879 1
1190 9101 1
1190 1354 1
6525 437 1
6525 264 1
6525 3344 1
6525 4661 1
6525 1661 1
1152 9731 1
1152 613 1
1152 7057 1
1152 9446 1
1152 4142 1
10604 5696 1
10604 2703 1
10604 7373 1
10604 10086 1
10604 1826 1
3720 1726 1
3720 707 1
3720 4776 1
3720 10062 1
3720 9761 1
10588 357 1
10588 233 1
10588 3170 1
10588 4199 1
10588 1564 1
3623 2175 1
3623 1589 1
3623 7397 1
3623 5670 1
3623 7511 1
8952 5313 1
8952 2925 1
8952 8286 1
8952 10238 1
8952 2859 1
10504 3232 1
10504 2658 1
10504 4087 1
10504 8771 1
10504 1088 1
3649 3069 1
3649 1592 1
3649 10246 1
3649 6433 1
3649 9555 1
9872 1817 1
9872 856 1
9872 10723 1
9872 8368 1
9872 5481 1
9275 1082 1
9275 744 1
9275 9070 1
9275 6328 1
9275 3767 1
1806 718 1
1806 478 1
1806 3463 1
1806 9928 1
1806 3164 1
1252 1688 1
1252 5504 1
1252 8041 1
1252 7110 1
1252 7511 1
4132 10607 1
4132 7525 1
4132 9468 1
4132 10460 1
4132 2367 1
7308 4128 1
7308 1945 1
7308 4942 1
7308 10278 1
7308 1252 1
5562 2208 1
5562 1208 1
5562 5536 1
5562 7885 1
5562 5382 1
2044 312 1
2044 180 1
2044 7505 1
2044 2238 1
2044 1564 1
6885 7886 1
6885 6433 1
6885 9087 1
6885 9224 1
6885 1881 1
2819 296 1
2819 232 1
2819 2788 1
2819 4264 1
2819 982 1
9415 1692 1
9415 6470 1
9415 1103 1
9415 1088 1
9415 4390 1
3692 1229 1
3692 853 1
3692 6255 1
3692 10873 1
3692 10964 1
10967 7571 1
10967 9787 1
10967 5299 1
10967 4394 1
6454 7205 1
6454 2757 1
6454 122 1
6454 9871 1
6454 247 1
637 1934 1
637 4551 1
637 1088 1
637 7320 1
8463 4816 1
8463 10534 1
8463 3195 1
8463 2288 1
8463 7240 1
606 319 1
606 232 1
606 8343 1
606 9165 1
606 10792 1
7571 4347 1
7571 5224 1
7571 655 1
7571 10967 1
7571 4394 1
3788 319 1
3788 180 1
3788 2958 1
3788 4104 1
3788 1336 1
3115 1806 1
3115 1208 1
3115 5616 1
3115 6288 1
3115 4663 1
295 8133 1
295 3473 1
295 8079 1
295 10948 1
295 8020 1
6927 1716 1
6927 965 1
6927 8998 1
6927 7074 1
6927 6642 1
1541 1504 1
1541 1152 1
1541 10983 1
1541 6803 1
1541 6197 1
3232 2097 1
3232 757 1
3232 3397 1
3232 6653 1
3232 9406 1
5421 8395 1
5421 4664 1
5421 7020 1
5421 10238 1
5421 2908 1
7158 7504 1
7158 1945 1
4338 3653 1
4338 1702 1
4338 7088 1
4338 8432 1
4338 1056 1
1570 6977 1
1570 1416 1
1570 5941 1
1570 2686 1
1570 5562 1
1015 8401 1
1015 10975 1
1015 7248 1
1015 9275 1
1015 3419 1
5539 5230 1
5539 1479 1
5539 10882 1
5539 10418 1
5539 856 1
6036 918 1
6036 529 1
6036 6183 1
6036 10410 1
6036 2851 1
3263 2880 1
3263 1786 1
3263 10828 1
3263 10609 1
3263 1172 1
10663 5686 1
10663 9358 1
10663 5230 1
10663 3062 1
10663 6950 1
6398 3218 1
6398 1944 1
6398 9397 1
6398 5974 1
6398 11039 1
7373 3649 1
7373 2004 1
7373 10412 1
7373 6694 1
7373 9029 1
9385 10308 1
9385 5503 1
9385 10343 1
9385 6986 1
9385 3574 1
4670 4212 1
4670 2879 1
4670 10248 1
4670 6013 1
4670 2055 1
1275 7814 1
1275 707 1
1275 8002 1
1275 3699 1
1275 1726 1
2367 9013 1
2367 7240 1
2367 8437 1
2367 6026 1
2367 11135 1
5281 11149 1
5281 4664 1
5281 10031 1
5281 8401 1
5281 2908 1
10900 5056 1
10900 7370 1
10900 2879 1
10900 1403 1
10900 5970 1
9974 7373 1
9974 10604 1
9974 3653 1
9974 2055 1
9974 7798 1
11149 1816 1
11149 597 1
11149 8286 1
11149 10581 1
11149 8099 1
4922 5968 1
4922 4396 1
4922 10487 1
4922 10504 1
4922 3086 1
5899 1190 1
5899 920 1
5899 10157 1
5899 6328 1
5899 5868 1
1365 2560 1
1365 797 1
1365 11007 1
1365 2993 1
1365 9040 1
370 7215 1
370 5899 1
370 7385 1
370 630 1
370 4947 1
4947 1793 1
4947 1082 1
4947 10394 1
4947 6328 1
4947 11149 1
3754 9235 1
3754 4664 1
3754 6196 1
3754 9468 1
3754 5899 1
830 3692 1
830 9218 1
830 6328 1
830 976 1
830 4871 1
7814 1331 1
7814 707 1
7814 4919 1
7814 9761 1
7814 4073 1
6327 1132 1
6327 532 1
6327 10539 1
6327 10031 1
6327 3570 1
5133 1774 1
5133 982 1
5133 6057 1
5133 8771 1
5133 4396 1
2954 4842 1
2954 1281 1
2954 10591 1
2954 7281 1
2954 6197 1
2004 7088 1
2004 2055 1
2004 9175 1
2004 10604 1
2004 5058 1
1208 10765 1
1208 982 1
1208 4531 1
1208 5562 1
1208 3397 1
7598 3053 1
7598 1190 1
7598 4128 1
7598 10031 1
7598 10591 1
1487 7694 1
1487 10376 1
1487 4316 1
1487 6905 1
1487 4032 1
10575 7993 1
10575 6336 1
10575 9533 1
10575 7267 1
10575 2982 1
5799 1487 1
5799 10376 1
5799 516 1
5799 10090 1
5799 4032 1
561 3611 1
561 1806 1
561 10487 1
561 6058 1
561 1629 1
744 1365 1
744 5899 1
744 9118 1
744 4724 1
744 3528 1
584 9761 1
584 7427 1
584 1275 1
584 4937 1
584 3181 1
3967 3824 1
3967 2646 1
3967 10835 1
3967 10740 1
3967 959 1
8345 412 1
8345 264 1
8345 2505 1
8345 3342 1
8345 1132 1
2055 4494 1
2055 5312 1
2055 4371 1
2055 7798 1
2055 1549 1
7229 1132 1
7229 532 1
7229 10091 1
7229 6099 1
7229 3572 1
4492 8406 1
4492 6407 1
4492 7494 1
4492 2846 1
4492 6423 1
6423 7240 1
6423 4492 1
6423 5467 1
2762 1248 1
2762 985 1
2762 10143 1
2762 3422 1
2762 7190 1
1767 7686 1
1767 1416 1
1767 7171 1
1767 2686 1
1767 4028 1
7878 1806 1
7878 1208 1
7878 9108 1
7878 8712 1
7878 4629 1
9253 5441 1
9253 3062 1
9253 9872 1
9253 8871 1
9253 11074 1
2288 10725 1
2288 7307 1
2288 4387 1
2288 8463 1
2288 10534 1
9788 1443 1
9788 720 1
9788 7804 1
9788 10418 1
9788 4410 1
8395 1412 1
8395 898 1
8395 10143 1
8395 8020 1
8395 4325 1
10086 3653 1
10086 2138 1
10086 4494 1
10086 8432 1
10086 10235 1
11081 1275 1
11081 584 1
11081 10397 1
11081 7427 1
11081 3215 1
6803 1248 1
6803 985 1
6803 10073 1
6803 5664 1
6803 3130 1
10983 1248 1
10983 667 1
10983 7546 1
10983 5524 1
10983 3344 1
758 7313 1
758 9732 1
758 8187 1
758 3197 1
758 5974 1
2788 483 1
2788 264 1
2788 5374 1
2788 5355 1
2788 1959 1
1504 1406 1
1504 1151 1
1504 8381 1
1504 5496 1
1504 6443 1
4776 873 1
4776 584 1
4776 9796 1
4776 5831 1
4776 2854 1
6642 531 1
6642 304 1
6642 6327 1
6642 7288 1
6642 2418 1
7074 2445 1
7074 1153 1
7074 10691 1
7074 6062 1
7074 10673 1
8998 347 1
8998 258 1
8998 2958 1
8998 3999 1
8998 1229 1
965 6935 1
965 4098 1
965 7768 1
965 10691 1
965 3409 1
3419 1846 1
3419 5526 1
3419 1151 1
3419 9468 1
3419 7248 1
8079 720 1
8079 295 1
8079 6052 1
8079 8054 1
8079 2445 1
1944 6787 1
1944 1715 1
1944 3397 1
1944 8316 1
1944 6975 1
6288 1806 1
6288 1208 1
6288 6863 1
6288 8565 1
6288 4629 1
5616 1785 1
5616 623 1
5616 6286 1
5616 8506 1
5616 4097 1
2958 483 1
2958 264 1
2958 6737 1
2958 4297 1
2958 1959 1
5224 7571 1
5224 4817 1
5224 7483 1
5224 8741 1
5224 2994 1
4347 9787 1
4347 1504 1
4347 6432 1
4347 5545 1
4347 1115 1
8437 3753 1
8437 10584 1
8437 3499 1
8437 2367 1
8437 4422 1
8343 483 1
8343 264 1
8343 3644 1
8343 4914 1
8343 1892 1
2208 3062 1
2208 2294 1
2208 1208 1
2208 5444 1
2208 9992 1
7525 9468 1
7525 10460 1
7525 9041 1
7525 4132 1
7525 8662 1
5604 4069 1
5604 2363 1
5604 4874 1
5604 10418 1
5604 1688 1
6013 1285 1
6013 9446 1
6013 1196 1
6013 7269 1
6013 2722 1
9165 437 1
9165 258 1
9165 3678 1
9165 5053 1
9165 1801 1
985 5906 1
985 7432 1
985 2684 1
985 10143 1
985 4941 1
3195 8463 1
3195 1213 1
3195 7503 1
7694 4032 1
7694 2488 1
7694 4770 1
7694 8818 1
7694 1077 1
6058 1806 1
6058 1208 1
6058 7370 1
6058 10588 1
6058 4629 1
4816 8463 1
7320 4252 1
7320 2851 1
7320 5544 1
7320 8106 1
7320 1235 1
8133 2445 1
8133 1153 1
8133 8987 1
8133 6062 1
8133 8020 1
1589 6737 1
1589 7147 1
1589 4606 1
1589 2736 1
1589 5670 1
4551 11112 1
4551 4247 1
4551 9517 1
4551 7320 1
4551 1645 1
1688 8451 1
1688 853 1
1688 3229 1
1688 4351 1
1688 4149 1
4142 1504 1
4142 1152 1
4142 6376 1
4142 4960 1
4142 4027 1
2097 4865 1
2097 1715 1
2097 6392 1
2097 3064 1
2097 3788 1
1934 1488 1
1934 1019 1
1934 9124 1
1934 6653 1
1934 11039 1
9296 1785 1
9296 1208 1
9296 9602 1
9296 7806 1
9296 4531 1
6433 7366 1
6433 3239 1
6433 7886 1
6433 8471 1
6433 705 1
707 3099 1
707 584 1
707 1275 1
707 4937 1
707 2921 1
3570 1229 1
3570 830 1
3570 10149 1
3570 7758 1
3570 6255 1
319 1739 1
319 232 1
319 10886 1
319 8736 1
319 2568 1
9871 4827 1
9871 2299 1
9871 7265 1
9871 8604 1
9871 1555 1
4212 7390 1
4212 3806 1
4212 11037 1
4212 8708 1
4212 3244 1
2757 1714 1
2757 6185 1
2757 1189 1
2757 10287 1
2757 2078 1
7205 6454 1
7205 3682 1
7205 10669 1
7205 4818 1
7205 2078 1
8432 4581 1
8432 2703 1
8432 5748 1
8432 10086 1
8432 1592 1
1479 10418 1
1479 9275 1
1479 4128 1
1479 8863 1
1479 5539 1
9787 4347 1
9787 2187 1
9787 9468 1
9787 7288 1
9787 9181 1
4390 2585 1
4390 9415 1
4390 1692 1
4390 1088 1
4390 8578 1
6026 3203 1
6026 1077 1
6026 3776 1
6026 10607 1
6026 618 1
3572 360 1
3572 264 1
3572 3062 1
3572 6821 1
3572 1474 1
6470 4459 1
6470 2718 1
6470 5167 1
6470 9415 1
6470 1692 1
6879 1190 1
6879 7167 1
6879 730 1
6879 582 1
6879 1647 1
1692 9415 1
1692 4390 1
1692 1103 1
1692 1088 1
1692 6470 1
4264 483 1
4264 264 1
4264 3772 1
4264 7768 1
4264 1959 1
232 8716 1
232 9733 1
232 8871 1
232 6890 1
232 6722 1
2686 2371 1
2686 1416 1
2686 4028 1
2686 9468 1
2686 8753 1
4316 4296 1
4316 3653 1
4316 7694 1
4316 8232 1
4316 4997 1
8406 6561 1
8406 4492 1
8406 7494 1
8406 10025 1
8406 3433 1
5299 11095 1
5299 4205 1
5299 10967 1
5299 7242 1
5299 1607 1
7886 10412 1
7886 6885 1
7886 594 1
7886 9224 1
7886 2483 1
180 10258 1
180 4865 1
180 4297 1
180 10004 1
180 10318 1
1816 1838 1
1816 10581 1
1816 2601 1
1816 9951 1
1816 1729 1
4942 4128 1
4942 1688 1
4942 5504 1
4942 9275 1
4942 1152 1
1945 7308 1
1945 10338 1
1945 3926 1
1945 2877 1
1945 1140 1
718 4629 1
718 4104 1
718 3844 1
718 4379 1
718 6715 1
10534 4145 1
10534 2369 1
10534 4980 1
10534 10377 1
10534 2058 1
5230 856 1
5230 442 1
5230 7732 1
5230 10152 1
5230 2371 1
1549 7881 1
1549 6212 1
1549 8144 1
1549 7088 1
1549 989 1
7110 2762 1
7110 1634 1
7110 9788 1
7110 8840 1
7110 10759 1
1793 8952 1
1793 5313 1
1793 4664 1
1793 10033 1
1793 2925 1
5504 4942 1
5504 2877 1
5504 10147 1
5504 11052 1
5504 1252 1
10412 6885 1
10412 2544 1
10412 7798 1
10412 9224 1
10412 1297 1
6328 1132 1
6328 830 1
6328 10873 1
6328 6926 1
6328 3692 1
2238 357 1
2238 232 1
2238 10318 1
2238 4766 1
2238 1412 1
10418 1147 1
10418 414 1
10418 11109 1
10418 7494 1
10418 4552 1
9070 2877 1
9070 1634 1
9070 6926 1
9070 10873 1
9070 6500 1
3344 317 1
3344 180 1
3344 2447 1
3344 3317 1
3344 985 1
264 1025 1
264 232 1
264 6391 1
264 1373 1
264 8274 1
1103 1196 1
1103 2122 1
1103 2722 1
1103 317 1
1103 6470 1
5481 5437 1
5481 9872 1
5481 4828 1
5481 783 1
4663 1806 1
4663 1208 1
4663 5593 1
4663 9600 1
4663 4629 1
982 281 1
982 85 1
982 2238 1
982 9497 1
982 4115 1
10723 264 1
10723 159 1
10723 2734 1
10723 3523 1
10723 1130 1
9087 6885 1
9087 10412 1
9087 3649 1
9087 705 1
9087 9555 1
8020 2445 1
8020 1153 1
8020 8998 1
8020 6062 1
8020 8731 1
2703 6694 1
2703 2055 1
2703 7314 1
2703 7088 1
2703 1297 1
10607 5801 1
10607 3776 1
10607 6102 1
10607 6892 1
10607 1822 1
856 1418 1
856 3393 1
856 6036 1
856 1583 1
856 543 1
4128 687 1
4128 370 1
4128 4432 1
4128 6328 1
4128 2595 1
1817 9670 1
1817 9872 1
1817 3236 1
296 4631 1
296 5894 1
296 5293 1
296 4730 1
296 3397 1
10246 7366 1
10246 4686 1
10246 10839 1
10246 6009 1
10246 3507 1
1248 707 1
1248 411 1
1248 9072 1
1248 1965 1
1248 7123 1
8771 10504 1
8771 4396 1
8771 10487 1
8771 5133 1
8771 3086 1
4087 5133 1
4087 2880 1
4087 6935 1
4087 9406 1
4087 1088 1
2658 357 1
2658 232 1
2658 4661 1
2658 8871 1
2658 1629 1
613 4947 1
613 2954 1
613 9118 1
613 4724 1
613 8239 1
8738 4149 1
8738 2877 1
8738 6529 1
8738 10418 1
8738 1705 1
7511 3732 1
7511 2110 1
7511 4125 1
7511 10291 1
7511 8703 1
5536 2226 1
5536 1250 1
5536 10516 1
5536 7123 1
5536 5868 1
10248 2390 1
10248 1360 1
10248 8842 1
10248 4941 1
10248 7530 1
7385 3516 1
7385 1791 1
7385 6364 1
7385 9064 1
7385 630 1
9928 9666 1
9928 4104 1
9928 800 1
9928 6459 1
9928 2819 1
177 11158 1
177 2702 1
177 7494 1
177 6243 1
177 3324 1
7948 9175 1
7948 7373 1
7948 10235 1
7948 10086 1
7948 3653 1
9175 4494 1
9175 3424 1
9175 5058 1
9175 10721 1
9175 2055 1
1341 976 1
1341 414 1
1341 10873 1
1341 2175 1
1341 2877 1
7885 1767 1
7885 1154 1
7885 8178 1
7885 7120 1
7885 4200 1
1229 767 1
1229 296 1
1229 10123 1
1229 4069 1
1229 6194 1
3215 1726 1
3215 707 1
3215 10158 1
3215 6892 1
3215 8644 1
2138 7831 1
2138 10086 1
2138 2140 1
2138 3564 1
2138 5360 1
4410 9072 1
4410 5472 1
4410 6391 1
4410 9788 1
4410 3364 1
720 7174 1
720 505 1
720 8871 1
720 10743 1
720 10551 1
7088 3653 1
7088 1913 1
7088 4338 1
7088 8036 1
7088 10527 1
4387 4427 1
4387 4388 1
4387 8670 1
4387 8160 1
4387 3344 1
10725 9872 1
10725 5044 1
10725 10487 1
10725 7307 1
10725 2307 1
8871 319 1
8871 224 1
8871 2880 1
8871 3945 1
8871 1059 1
5441 617 1
5441 281 1
5441 7992 1
5441 7095 1
5441 2461 1
1826 3653 1
1826 10235 1
1826 10086 1
1826 5696 1
1826 7798 1
3053 8239 1
3053 1365 1
3053 7147 1
3053 4724 1
3053 4196 1
9108 718 1
9108 478 1
9108 6288 1
9108 8546 1
9108 3039 1
4531 1806 1
4531 1208 1
4531 5593 1
4531 6529 1
4531 4629 1
4028 2388 1
4028 1416 1
4028 6576 1
4028 7274 1
4028 5536 1
247 4590 1
247 7366 1
247 1141 1
247 3505 1
247 3075 1
7171 1767 1
7171 1169 1
7171 5868 1
7171 10329 1
7171 5536 1
7370 718 1
7370 281 1
7370 5163 1
7370 6935 1
7370 2505 1
10143 1406 1
10143 985 1
10143 8827 1
10143 6197 1
10143 3747 1
10740 3824 1
10740 2646 1
10740 4701 1
10740 10226 1
10740 959 1
6407 2461 1
6407 1556 1
6407 6963 1
6407 6374 1
6407 7466 1
437 9218 1
437 264 1
437 1739 1
437 10004 1
437 2112 1
10091 971 1
10091 414 1
10091 6328 1
10091 10149 1
10091 2877 1
5312 2454 1
5312 1196 1
5312 3415 1
5312 10512 1
5312 505 1
4494 3653 1
4494 7798 1
4494 2055 1
4494 10412 1
4494 10086 1
2505 357 1
2505 233 1
2505 8282 1
2505 3317 1
2505 1328 1
3699 1275 1
3699 584 1
3699 9441 1
3699 4776 1
3699 3215 1
412 5617 1
412 6930 1
412 6115 1
412 3615 1
412 7563 1
6183 10882 1
6183 5212 1
6183 9872 1
6183 5539 1
6183 1418 1
959 3420 1
959 8664 1
959 1057 1
959 6900 1
959 2953 1
3181 1275 1
3181 584 1
3181 10989 1
3181 3215 1
3181 9761 1
2982 6018 1
2982 2189 1
2982 9491 1
2982 3388 1
2982 1087 1
4937 1331 1
4937 584 1
4937 8146 1
4937 10062 1
4937 3270 1
3528 3342 1
3528 1365 1
3528 5899 1
3528 4196 1
3528 10591 1
4724 4128 1
4724 2877 1
4724 10591 1
4724 4842 1
4724 1152 1
1629 357 1
1629 233 1
1629 5241 1
1629 8054 1
1629 1564 1
3611 623 1
3611 455 1
3611 8730 1
3611 5974 1
3611 2792 1
516 7310 1
516 9609 1
516 4316 1
516 7694 1
516 3973 1
7993 10575 1
7993 1120 1
7993 1748 1
630 8089 1
630 7559 1
630 6364 1
630 954 1
630 7040 1
4032 10376 1
4032 2488 1
4032 10640 1
4032 4585 1
4032 817 1
10765 2401 1
10765 8135 1
10765 1208 1
10765 596 1
10765 5824 1
10964 1132 1
10964 414 1
10964 4128 1
10964 7816 1
10964 3914 1
10591 4128 1
10591 2877 1
10591 4842 1
10591 9887 1
10591 1152 1
9397 2024 1
9397 1717 1
9397 9422 1
9397 7922 1
9397 4998 1
1281 1484 1
1281 10308 1
1281 8955 1
1281 9385 1
1281 7460 1
6057 4679 1
6057 2465 1
6057 5505 1
6057 9718 1
6057 1595 1
4842 1365 1
4842 1082 1
4842 6576 1
4842 8015 1
4842 4028 1
1774 8275 1
1774 8855 1
1774 4570 1
1774 4987 1
1774 4811 1
2846 997 1
2846 529 1
2846 7914 1
2846 7120 1
2846 11022 1
4073 1275 1
4073 584 1
4073 6892 1
4073 10087 1
4073 3215 1
2879 5312 1
2879 5056 1
2879 9284 1
2879 6868 1
2879 8160 1
10640 10090 1
10640 5799 1
10640 10376 1
10640 7310 1
10640 3973 1
8451 2284 1
8451 1688 1
8451 6353 1
8451 9356 1
8451 5884 1
9446 1482 1
9446 1152 1
9446 10809 1
9446 6821 1
9446 4019 1
9218 296 1
9218 232 1
9218 2970 1
9218 3926 1
9218 1336 1
5382 2388 1
5382 1416 1
5382 5724 1
5382 7274 1
5382 10516 1
7427 1275 1
7427 584 1
7427 8146 1
7427 9761 1
7427 3215 1
7190 1504 1
7190 1152 1
7190 7352 1
7190 6970 1
7190 4027 1
9235 6642 1
9235 4948 1
9235 7228 1
9235 9468 1
9235 2187 1
8041 5051 1
8041 1412 1
8041 6525 1
8041 8998 1
8041 1025 1
5056 882 1
5056 478 1
5056 9605 1
5056 9600 1
5056 2658 1
10394 10209 1
10394 7020 1
10394 1435 1
10394 8767 1
10394 4128 1
2434 10447 1
2434 7657 1
2434 4980 1
2434 10811 1
2434 6243 1
9040 1365 1
797 2136 1
797 9807 1
797 10662 1
797 6267 1
797 7302 1
4871 993 1
4871 532 1
4871 5191 1
4871 7047 1
4871 2854 1
4396 5056 1
4396 2658 1
4396 7370 1
4396 4922 1
4396 882 1
7281 2954 1
7281 1718 1
7281 10233 1
7281 7421 1
7281 7746 1
8099 2339 1
8099 982 1
8099 3300 1
8099 8515 1
8099 312 1
6087 1831 1
6087 895 1
6087 2077 1
6087 10801 1
6087 6838 1
6905 3973 1
6905 11191 1
6905 1487 1
6905 410 1
6905 4585 1
5970 1661 1
5970 718 1
5970 10397 1
5970 8523 1
5970 4379 1
1592 2130 1
1592 4581 1
1592 3484 1
1592 9707 1
1592 3649 1
11135 7240 1
11135 95 1
11135 2367 1
9013 5933 1
9013 3499 1
9013 7381 1
9013 10584 1
9013 1131 1
8002 1331 1
8002 707 1
8002 4073 1
8002 7814 1
8002 3699 1
3574 437 1
3574 258 1
3574 3064 1
3574 8759 1
3574 1535 1
7804 10031 1
7804 7177 1
7804 8767 1
7804 8484 1
7804 5623 1
6986 9385 1
10343 357 1
10343 258 1
10343 3317 1
10343 4464 1
10343 1564 1
5503 281 1
5503 180 1
5503 2443 1
5503 3234 1
5503 976 1
10308 2443 1
10308 5503 1
10308 1484 1
10308 7354 1
10308 3574 1
10278 4253 1
10278 2842 1
10278 5504 1
10278 10954 1
10278 1252 1
11074 6685 1
11074 10234 1
11074 5564 1
11074 1979 1
11074 9253 1
9029 7373 1
9029 4319 1
9029 10998 1
9029 10489 1
9029 1913 1
3218 1483 1
3218 944 1
3218 3534 1
3218 9593 1
3218 8998 1
233 7212 1
233 3611 1
233 7457 1
233 4073 1
233 8330 1
3628 3066 1
3628 377 1
3628 1190 1
10581 4174 1
10581 1838 1
10581 6594 1
10581 11149 1
10581 1543 1
3062 317 1
3062 180 1
3062 2846 1
3062 7695 1
3062 1208 1
9358 2081 1
9358 1381 1
9358 10663 1
9358 7789 1
9358 4871 1
10609 899 1
10609 440 1
10609 7702 1
10609 5964 1
10609 3574 1
1412 347 1
1412 258 1
1412 8282 1
1412 4264 1
1412 1229 1
10410 2284 1
10410 1688 1
10410 6353 1
10410 8516 1
10410 5884 1
6099 281 1
6099 180 1
6099 2819 1
6099 3772 1
6099 1229 1
11007 2877 1
11007 1152 1
11007 7215 1
11007 10544 1
11007 6197 1
10828 2356 1
10828 1172 1
10828 9904 1
10828 6135 1
10828 8595 1
2880 233 1
2880 75 1
2880 2381 1
2880 9278 1
2880 941 1
5313 7020 1
5313 4664 1
5313 8952 1
5313 10033 1
5313 2908 1
11039 1403 1
11039 887 1
11039 6223 1
11039 9018 1
11039 2970 1
2851 1204 1
2851 409 1
2851 5540 1
2851 11114 1
2851 9253 1
918 4562 1
918 1352 1
918 9855 1
918 6253 1
918 319 1
5974 319 1
5974 232 1
5974 2447 1
5974 3317 1
5974 944 1
10882 360 1
10882 281 1
10882 5133 1
10882 6529 1
10882 2284 1
7248 5899 1
7248 10975 1
7248 3419 1
7248 1015 1
7248 9275 1
4661 483 1
4661 264 1
4661 3778 1
4661 10804 1
4661 1959 1
3069 4516 1
3069 10246 1
3069 10859 1
3069 3649 1
3069 7366 1
10157 2954 1
10157 1190 1
10157 9118 1
10157 5868 1
10157 8239 1
10975 5899 1
10975 10654 1
10975 3419 1
10975 1015 1
10975 7248 1
3612 7694 1
3612 3973 1
3612 1487 1
3612 410 1
3612 10376 1
6977 2388 1
6977 1416 1
6977 6220 1
6977 9468 1
6977 5914 1
1056 4338 1
1056 5455 1
1056 10032 1
1056 8432 1
1056 4586 1
1702 10276 1
1702 5042 1
1702 4338 1
1702 1671 1
5868 1169 1
5868 997 1
5868 10591 1
5868 5724 1
5868 3372 1
9406 3232 1
9406 2658 1
9406 4087 1
9406 8771 1
9406 1088 1
757 3086 1
757 2791 1
757 9011 1
757 9406 1
757 6691 1
1354 3062 1
1354 9454 1
1354 7259 1
1354 2162 1
1354 7174 1
6197 472 1
6197 377 1
6197 4960 1
6197 6257 1
6197 1749 1
5670 3100 1
5670 1589 1
5670 6737 1
5670 5559 1
5670 8762 1
5968 830 1
5968 398 1
5968 5260 1
5968 10397 1
5968 2369 1
6786 2284 1
6786 1688 1
6786 6353 1
6786 8516 1
6786 5884 1
4919 1726 1
4919 707 1
4919 8872 1
4919 6111 1
4919 4776 1
7307 1437 1
7307 6960 1
7307 731 1
7307 10725 1
7307 2100 1
1172 10158 1
1172 5513 1
1172 3588 1
1172 8761 1
1172 477 1
9761 1331 1
9761 707 1
9761 4917 1
9761 8644 1
9761 4073 1
597 8884 1
597 10516 1
597 2601 1
597 1729 1
597 6594 1
8368 4664 1
8368 2970 1
8368 7530 1
8368 10487 1
8368 1921 1
5696 2703 1
5696 1443 1
5696 8028 1
5696 7948 1
5696 9528 1
4104 281 1
4104 180 1
4104 2272 1
4104 2979 1
4104 853 1
1716 853 1
1716 414 1
1716 2466 1
1716 7017 1
1716 3882 1
898 6803 1
898 8395 1
898 1602 1
898 4321 1
898 7110 1
312 6836 1
312 11149 1
312 2044 1
312 8239 1
312 4664 1
10792 281 1
10792 102 1
10792 2851 1
10792 3788 1
10792 1197 1
976 10123 1
976 853 1
976 9929 1
976 2925 1
976 6595 1
3397 319 1
3397 233 1
3397 2505 1
3397 3327 1
3397 944 1
4624 6501 1
4624 2987 1
4624 11058 1
4624 10021 1
4624 1450 1
5941 2388 1
5941 1416 1
5941 10890 1
5941 7274 1
5941 5914 1
655 7323 1
655 5997 1
655 4638 1
655 4817 1
655 4195 1
10062 1275 1
10062 584 1
10062 10129 1
10062 7427 1
10062 3215 1
10238 7020 1
10238 4664 1
10238 8401 1
10238 9649 1
10238 2908 1
1564 437 1
1564 258 1
1564 2658 1
1564 2736 1
1564 1412 1
10460 9468 1
10460 4132 1
10460 7525 1
4325 4128 1
4325 2925 1
4325 8767 1
4325 10033 1
4325 9275 1
9101 8116 1
9101 3136 1
9101 8123 1
9101 4253 1
9101 1719 1
11119 8051 1
11119 9555 1
11119 6483 1
11119 1448 1
11119 9162 1
357 9733 1
357 258 1
357 1681 1
357 1331 1
357 8759 1
3342 2249 1
3342 1363 1
3342 7946 1
3342 11007 1
3342 6197 1
1297 4494 1
1297 2055 1
1297 8534 1
1297 10998 1
1297 596 1
10873 1341 1
10873 853 1
10873 10974 1
10873 8071 1
10873 3926 1
2993 2677 1
2993 1102 1
2993 9805 1
2993 9374 1
2993 537 1
2175 830 1
2175 505 1
2175 2791 1
2175 2395 1
2175 5670 1
3170 1806 1
3170 1208 1
3170 7370 1
3170 10628 1
3170 6834 1
3767 2635 1
3767 1158 1
3767 6320 1
3767 6939 1
3767 8996 1
10032 4338 1
10032 1241 1
10032 5455 1
10032 10962 1
10032 410 1
1443 1059 1
1443 360 1
1443 4304 1
1443 7299 1
1443 5696 1
3824 2366 1
3824 1057 1
3824 5963 1
3824 3967 1
3824 10556 1
7505 437 1
7505 258 1
7505 3383 1
7505 4536 1
7505 1629 1
4199 505 1
4199 331 1
4199 8712 1
4199 6834 1
4199 2243 1
1336 483 1
1336 264 1
1336 2734 1
1336 6918 1
1336 8736 1
6653 2249 1
6653 1557 1
6653 8754 1
6653 5499 1
6653 7845 1
10235 798 1
10235 627 1
10235 8187 1
10235 6052 1
10235 3197 1
1726 8872 1
1726 707 1
1726 7231 1
1726 5103 1
1726 4917 1
532 6926 1
532 8071 1
532 9275 1
532 1082 1
532 6327 1
8712 1806 1
8712 1208 1
8712 10179 1
8712 7878 1
8712 4629 1
7397 10123 1
7397 2008 1
7397 3623 1
853 4871 1
853 532 1
853 4810 1
853 9594 1
853 2877 1
2532 853 1
2532 357 1
2532 6286 1
2532 10410 1
2532 9223 1
2646 8752 1
2646 2312 1
2646 10008 1
2646 7280 1
2646 696 1
5686 7297 1
5686 1934 1
5686 7288 1
5686 6341 1
5686 982 1
1416 2412 1
1416 2944 1
1416 5941 1
1416 9468 1
1416 10654 1
1661 2461 1
1661 6407 1
1661 1755 1
1661 2410 1
1661 10976 1
7366 10246 1
7366 3649 1
7366 10412 1
7366 7798 1
7366 1992 1
10539 1716 1
10539 853 1
10539 5293 1
10539 9218 1
10539 4871 1
7267 9346 1
7267 4827 1
7267 10575 1
7267 5124 1
7267 4230 1
10948 2362 1
10948 1153 1
10948 7359 1
10948 10673 1
10948 7253 1
1132 971 1
1132 414 1
1132 1341 1
1132 10873 1
1132 4104 1
2127 1082 1
2127 6926 1
2127 486 1
2127 7129 1
2127 1278 1
10397 472 1
10397 360 1
10397 3288 1
10397 4757 1
10397 1663 1
478 7457 1
478 4629 1
478 10487 1
478 6058 1
478 1629 1
3463 1806 1
3463 1208 1
3463 5593 1
3463 9605 1
3463 7977 1
10835 3824 1
10835 2646 1
10835 4701 1
10835 10226 1
10835 959 1
6336 2605 1
6336 7494 1
6336 2434 1
6336 10575 1
6336 5892 1
3473 2445 1
3473 1153 1
3473 7768 1
3473 3999 1
3473 5709 1
3422 6658 1
3422 2994 1
3422 6871 1
3422 9674 1
3422 1703 1
1786 6874 1
1786 8354 1
1786 3263 1
1786 5167 1
1786 1180 1
5467 6036 1
5467 3978 1
5467 8148 1
5467 4921 1
5467 2984 1
6694 11045 1
6694 4319 1
6694 7088 1
6694 10328 1
6694 1913 1
5058 7373 1
5058 4371 1
5058 9175 1
5058 10086 1
5058 2703 1
1331 1275 1
1331 452 1
1331 3017 1
1331 3215 1
1331 7755 1
7057 1504 1
7057 1152 1
7057 7994 1
7057 6970 1
7057 4027 1
10938 2388 1
10938 1416 1
10938 6220 1
10938 10814 1
10938 5914 1
7686 1767 1
7686 1169 1
7686 5468 1
7686 9347 1
7686 5230 1
9731 1504 1
9731 1152 1
9731 10397 1
9731 6970 1
9731 4027 1
3164 2505 1
3164 1483 1
3164 7682 1
3164 3572 1
3164 4468 1
1403 3931 1
1403 4168 1
1403 7841 1
1403 4221 1
1403 5441 1
7129 1082 1
7129 4003 1
7129 486 1
7129 6926 1
7129 1278 1
9118 4128 1
9118 2877 1
9118 4842 1
9118 10031 1
9118 1152 1
6255 1229 1
6255 532 1
6255 9929 1
6255 7845 1
6255 3914 1
529 531 1
529 2505 1
529 5895 1
529 6963 1
529 2438 1
6836 982 1
6836 6525 1
4321 1634 1
4321 7110 1
4321 1602 1
4321 898 1
6062 2445 1
6062 1153 1
6062 8395 1
6062 6927 1
1602 6803 1
1602 8395 1
1602 4321 1
1602 898 1
1602 7110 1
2466 398 1
2466 10948 1
2466 2445 1
2979 483 1
2979 264 1
2979 1785 1
477 1172 1
477 3263 1
5513 2880 1
5513 9165 1
5513 1523 1
3772 483 1
3772 264 1
3772 3574 1
3772 5374 1
3772 1785 1
2100 9416 1
2100 7807 1
2100 7307 1
6960 8670 1
6960 4387 1
6960 7307 1
1437 7307 1
398 3099 1
398 2821 1
398 1726 1
2077 5540 1
2077 6737 1
1749 3344 1
1749 2177 1
1749 9431 1
1749 10418 1
1749 720 1
472 7190 1
472 10983 1
472 9374 1
5260 5965 1
2791 1328 1
2791 623 1
2791 8054 1
2791 3115 1
5042 6432 1
5042 1702 1
4586 9642 1
4586 10032 1
4586 4770 1
5455 3736 1
5455 1056 1
10654 1169 1
10654 982 1
10654 6196 1
10654 8079 1
10654 2842 1
9454 2438 1
9454 6407 1
9454 10882 1
4516 3069 1
4516 10246 1
4516 1992 1
4516 10859 1
4516 3649 1
6257 5968 1
6257 4318 1
6257 10882 1
6257 11114 1
6257 7110 1
6658 3293 1
6658 9674 1
6658 10492 1
6658 1888 1
4917 1275 1
4917 584 1
4917 9441 1
4917 8547 1
4917 3215 1
9855 2013 1
9855 4793 1
9855 918 1
9855 319 1
9855 3460 1
4562 941 1
4562 8684 1
4562 918 1
4562 319 1
5540 1171 1
5540 6935 1
5540 7655 1
5540 9484 1
1204 3017 1
1204 2077 1
9018 2339 1
9018 1153 1
887 1153 1
887 944 1
887 5293 1
8595 6391 1
8595 7639 1
8595 1172 1
9904 5589 1
9904 10828 1
9904 3063 1
9904 2356 1
2356 8761 1
2356 3063 1
2356 9904 1
2356 2596 1
4097 7494 1
4097 2237 1
4097 8915 1
10544 11007 1
8516 2284 1
8516 1688 1
8516 6353 1
8516 10886 1
8516 5884 1
2081 2821 1
2081 1688 1
2081 4278 1
2081 7017 1
2081 2354 1
7695 483 1
7695 264 1
7695 3778 1
7695 5318 1
7695 1959 1
731 1184 1
731 4654 1
731 4233 1
8330 1806 1
8330 1208 1
8330 10179 1
8330 7878 1
8330 4629 1
3534 3064 1
3534 1944 1
3534 8229 1
1483 3218 1
1483 9089 1
1483 1715 1
1483 6392 1
10998 7373 1
10998 4319 1
10998 9029 1
10998 10489 1
10998 1913 1
4319 7373 1
4319 10998 1
4319 8534 1
4319 9029 1
4319 1913 1
2272 483 1
2272 264 1
2272 4747 1
2272 1959 1
5564 8815 1
5564 4688 1
5564 11022 1
10234 2851 1
10234 2461 1
10234 11114 1
10234 8160 1
10954 2209 1
10954 1082 1
10954 7308 1
10954 10278 1
10954 6926 1
3234 483 1
3234 264 1
3234 10287 1
3234 1959 1
4464 483 1
4464 264 1
4464 3778 1
4464 1959 1
9011 264 1
9011 180 1
5499 2466 1
5499 5894 1
5499 8754 1
8884 2601 1
8884 8422 1
8884 11149 1
8884 1729 1
9707 3649 1
9707 1592 1
3433 8406 1
7994 1504 1
7994 1152 1
7994 6970 1
7994 4027 1
6253 918 1
11191 7310 1
11191 3973 1
1831 6087 1
1831 7807 1
1831 543 1
8515 1681 1
8515 6836 1
8515 8684 1
8515 312 1
7746 1248 1
7746 584 1
7746 7814 1
7746 6892 1
7746 3099 1
7047 2284 1
7047 1688 1
7047 6353 1
7047 10654 1
7047 5884 1
2734 414 1
2734 264 1
2734 10804 1
2734 8343 1
2734 1629 1
9807 3111 1
9807 839 1
1102 8239 1
1102 2993 1
1102 537 1
2136 6267 1
10811 2434 1
1979 6685 1
1979 10234 1
1979 11074 1
10209 10033 1
10209 7020 1
10209 10394 1
10209 8767 1
10209 4128 1
7881 1549 1
7881 9898 1
5051 1252 1
5051 7110 1
5051 1151 1
5051 2044 1
4818 1173 1
4818 472 1
4818 8827 1
4818 7719 1
4818 3344 1
1482 1406 1
1482 985 1
2284 258 1
2284 102 1
2284 7228 1
2284 1059 1
6868 10900 1
6868 2879 1
1645 4551 1
1645 9517 1
941 483 1
941 264 1
941 8871 1
941 6391 1
941 10792 1
10087 707 1
10087 6489 1
10087 10397 1
7914 6841 1
7914 2846 1
4987 6470 1
4987 2307 1
4987 1934 1
8275 1774 1
8015 2339 1
8015 1250 1
8015 5562 1
8015 10329 1
8015 5382 1
4679 5505 1
4679 2465 1
4679 10828 1
3978 8522 1
3978 5467 1
3978 3300 1
9422 2097 1
9422 1715 1
9422 6653 1
9422 10064 1
9422 6392 1
2024 8754 1
2024 4998 1
2024 8316 1
2024 5910 1
2024 7922 1
3914 281 1
3914 224 1
3914 941 1
5824 2401 1
5824 7479 1
817 6026 1
817 1077 1
817 6400 1
4585 8818 1
4585 11191 1
4585 9609 1
4585 3973 1
7559 3516 1
7559 1791 1
7559 6364 1
7559 630 1
102 2077 1
102 4845 1
102 6642 1
102 3813 1
10801 6087 1
1748 10924 1
1748 10575 1
1748 1120 1
1120 1748 1
1120 10575 1
1120 7993 1
9609 5433 1
9609 3973 1
9609 6905 1
9609 11191 1
9609 1549 1
8730 1806 1
8730 1208 1
8730 10179 1
8730 7878 1
8730 4629 1
4019 1504 1
4019 1152 1
4019 6376 1
4019 9405 1
4019 7432 1
6009 5336 1
6009 10007 1
6009 3111 1
6009 402 1
6018 10917 1
6018 2982 1
6018 7241 1
5212 1418 1
5212 11007 1
5212 7660 1
5212 7177 1
7563 5512 1
7563 9336 1
7563 1363 1
11022 2846 1
11022 5968 1
11022 6898 1
11022 1963 1
2792 1806 1
2792 1208 1
2792 5616 1
2792 6459 1
3615 9072 1
3615 10339 1
3615 6737 1
3615 5617 1
6115 5163 1
6115 5709 1
6115 9072 1
6115 1412 1
9356 2284 1
9356 1688 1
9356 6353 1
9356 8516 1
9356 5884 1
5241 319 1
5241 240 1
5241 3678 1
10179 846 1
10179 10020 1
10179 7494 1
9441 707 1
9441 5169 1
10512 4208 1
10512 2461 1
10512 5312 1
10512 10912 1
10512 1681 1
2454 5312 1
2454 4 1
3372 2388 1
3372 1416 1
3372 4028 1
3372 7274 1
3372 8753 1
4195 11079 1
4195 4459 1
4195 814 1
971 1132 1
971 10149 1
971 10091 1
971 4810 1
1556 6036 1
1556 5230 1
1556 982 1
1556 6407 1
8762 3111 1
8762 1965 1
8762 10525 1
8762 5978 1
8762 10091 1
9278 483 1
9278 264 1
9278 3644 1
9278 5053 1
9278 1892 1
5163 1153 1
5163 537 1
5163 5974 1
5163 7359 1
5163 3218 1
10329 2226 1
10329 1250 1
10329 5941 1
10329 5724 1
1141 1785 1
1141 11146 1
1141 10161 1
1141 1398 1
2249 3730 1
2249 6975 1
2249 3342 1
2249 6653 1
2249 1934 1
6364 1348 1
6364 630 1
6364 11137 1
6364 6355 1
6364 3516 1
7274 2388 1
7274 1416 1
7274 6220 1
7274 8959 1
7274 5914 1
2388 2371 1
2388 1416 1
2388 6576 1
2388 9326 1
2388 3372 1
6900 3824 1
6900 2646 1
6900 4701 1
6900 10740 1
6900 959 1
8546 3397 1
8546 2791 1
8546 8565 1
8546 6642 1
7302 6267 1
7302 3650 1
7302 10564 1
7302 3846 1
4196 4128 1
4196 2877 1
4196 10157 1
4196 5868 1
4196 1152 1
7992 720 1
7992 335 1
7992 7676 1
7992 3327 1
8160 2851 1
8160 6374 1
8160 9337 1
8160 6341 1
4427 9876 1
4427 7324 1
4427 4387 1
8036 7373 1
8036 4319 1
8036 11045 1
8036 10328 1
8036 1913 1
7259 6576 1
7259 4287 1
7259 9094 1
7259 1354 1
10551 319 1
10551 232 1
10551 2970 1
10551 1229 1
1846 6621 1
1846 4907 1
1846 4709 1
1846 5526 1
1846 9899 1
4810 976 1
4810 414 1
4810 4104 1
4810 8767 1
4810 3882 1
1328 4629 1
1328 1208 1
1328 10487 1
1328 5974 1
505 9110 1
505 5460 1
505 3572 1
505 3022 1
3882 1341 1
3882 830 1
3882 10964 1
3882 6737 1
3882 4871 1
7174 1749 1
7174 1354 1
7174 9887 1
7174 8490 1
7174 10882 1
9600 478 1
9600 4629 1
9600 6648 1
895 9605 1
895 9425 1
895 7530 1
895 6087 1
1718 3517 1
1718 7281 1
1718 2884 1
1718 1281 1
3364 537 1
3364 5708 1
3364 8345 1
3364 2505 1
5472 2362 1
5472 965 1
5472 7074 1
5472 6642 1
5472 8731 1
5360 1096 1
5360 7814 1
5360 10869 1
1435 2908 1
1435 10031 1
1435 8767 1
1435 4947 1
1435 4325 1
8842 9245 1
8842 6075 1
8842 1772 1
8842 7530 1
8842 3931 1
3564 2138 1
3564 10813 1
3564 431 1
3564 121 1
3564 5104 1
10158 477 1
10158 4601 1
10158 6518 1
10158 2284 1
6194 483 1
6194 264 1
6194 3644 1
6194 4941 1
6194 1787 1
7017 1153 1
7017 606 1
7017 7253 1
7017 6036 1
7017 3373 1
10123 296 1
10123 232 1
10123 2734 1
10123 3517 1
10123 1130 1
3588 1172 1
944 2024 1
944 6563 1
944 6997 1
596 596 1
596 10765 1
596 8534 1
596 2986 1
9649 7020 1
9649 4664 1
9649 8401 1
9649 10031 1
9649 2908 1
8316 357 1
8316 233 1
8316 3309 1
1352 918 1
8759 437 1
8759 264 1
8759 3772 1
8759 1892 1
6963 10882 1
6963 8871 1
6963 10318 1
6963 2505 1
3324 177 1
3324 2702 1
6243 3823 1
6243 2219 1
6243 8406 1
6243 8604 1
6243 11077 1
997 1169 1
997 6977 1
997 2686 1
997 7171 1
6220 1288 1
6220 7120 1
6220 6977 1
6220 3866 1
11158 4708 1
11158 7494 1
11158 2605 1
6111 1726 1
6111 707 1
6111 5119 1
6111 4919 1
10226 1057 1
10226 10806 1
10226 6900 1
6459 621 1
6459 478 1
6459 4744 1
6459 8730 1
6459 2505 1
1965 707 1
1965 412 1
1965 4482 1
1965 5831 1
1965 2595 1
224 281 1
224 8578 1
224 718 1
224 8274 1
3516 7040 1
3516 1791 1
3516 7559 1
3516 630 1
5884 2284 1
5884 1688 1
5884 8401 1
5884 6786 1
3415 991 1
3415 8106 1
7530 264 1
7530 180 1
7530 2842 1
7530 3914 1
537 264 1
537 8316 1
537 3100 1
1360 5516 1
1360 4098 1
1360 5180 1
1360 786 1
8767 687 1
8767 304 1
8767 6341 1
8767 10539 1
8767 2851 1
2390 3836 1
2390 10248 1
2390 767 1
2390 2539 1
2390 1700 1
11095 5299 1
11095 7242 1
11095 1607 1
6691 1705 1
6691 6341 1
6691 8738 1
10516 1570 1
10516 1082 1
10516 5382 1
10516 7885 1
10516 4842 1
1250 7686 1
1250 1154 1
1250 3389 1
1250 3047 1
1250 6196 1
8703 2947 1
8703 2373 1
8703 8462 1
8703 8157 1
1739 483 1
1739 264 1
1739 3234 1
1739 4104 1
4941 411 1
4941 258 1
4941 2880 1
4941 3772 1
4941 1406 1
1189 1714 1
1189 2757 1
1189 428 1
1189 53 1
1189 5545 1
7831 1368 1
7831 9544 1
6185 1189 1
6185 7773 1
6185 1714 1
1714 2757 1
1714 1189 1
1714 53 1
1714 6185 1
10804 483 1
10804 264 1
10804 3772 1
10804 5241 1
10804 1959 1
10759 5016 1
10759 10882 1
10759 10234 1
4998 3397 1
4998 2024 1
4998 5974 1
4998 8345 1
4998 10064 1
3945 483 1
3945 264 1
3945 3523 1
3945 7768 1
3945 1801 1
2299 11040 1
2299 2825 1
4388 4098 1
4388 5206 1
4388 3877 1
4388 4230 1
10149 976 1
10149 414 1
10149 3926 1
10149 7229 1
10149 3812 1
1151 5715 1
1151 2762 1
1151 4571 1
1151 7390 1
1151 4610 1
7421 7281 1
7421 3007 1
2483 7886 1
2483 594 1
2483 11043 1
8471 2190 1
8471 8008 1
8471 1822 1
8471 1545 1
8471 3239 1
4205 5299 1
4205 7242 1
3039 1806 1
3039 1208 1
3039 5616 1
3039 6288 1
3039 4663 1
7977 856 1
7977 543 1
7977 6595 1
7977 8054 1
7977 3062 1
9718 8457 1
9718 4679 1
9718 1637 1
9718 6057 1
1488 5671 1
1488 1934 1
1488 10670 1
1488 9124 1
1488 3851 1
1583 10373 1
1583 856 1
3229 2284 1
3229 1688 1
3229 9438 1
1019 6349 1
1019 1158 1
1019 5592 1
1019 3767 1
8381 1504 1
8381 1152 1
8381 6970 1
8381 4027 1
6392 3397 1
6392 2024 1
6392 8316 1
6392 10064 1
6392 7147 1
3100 437 1
3100 258 1
3100 3022 1
3100 6549 1
3100 1412 1
11045 7373 1
11045 4319 1
11045 9029 1
11045 10489 1
11045 1913 1
6930 10824 1
6930 412 1
6930 5512 1
1169 10890 1
1169 9347 1
1169 2371 1
1169 2686 1
1169 5941 1
1992 4284 1
1992 7366 1
1992 10859 1
1992 3649 1
1992 4516 1
10073 1482 1
10073 1097 1
10073 8827 1
10073 3288 1
1197 6918 1
1197 482 1
1197 4060 1
1197 8303 1
6135 5606 1
6135 2356 1
8604 3299 1
8604 2219 1
8604 10961 1
8604 7036 1
6890 1197 1
6890 482 1
6890 6918 1
6890 4119 1
11112 9701 1
11112 4551 1
4606 899 1
4606 482 1
4606 8274 1
4606 3100 1
7147 853 1
7147 5971 1
7147 3064 1
8987 319 1
8987 232 1
8987 3945 1
5505 9491 1
5505 6057 1
5505 8457 1
8106 2237 1
8106 5463 1
8106 10782 1
8106 1196 1
7288 2208 1
7288 10068 1
1153 944 1
1153 606 1
1153 9108 1
1153 5163 1
4252 2851 1
4252 7320 1
4252 4247 1
10886 319 1
10886 180 1
10886 3813 1
2438 10318 1
2438 9733 1
2438 6036 1
2438 6963 1
8578 9931 1
8578 4390 1
8578 224 1
7755 1275 1
7755 584 1
7755 8146 1
7755 7427 1
7755 3215 1
5895 531 1
5895 529 1
5895 2438 1
5044 10725 1
5044 2307 1
4221 10234 1
4221 5564 1
4221 4208 1
4221 1403 1
8664 1057 1
8664 10740 1
8664 6900 1
8664 10806 1
7841 4168 1
7841 7494 1
7841 2578 1
1671 10912 1
1671 1702 1
1671 7095 1
1671 4941 1
3317 180 1
3317 75 1
3317 2284 1
3317 3022 1
3317 882 1
7432 1504 1
7432 1152 1
7432 6376 1
7432 4019 1
3931 4937 1
3931 2842 1
3931 11039 1
3931 10678 1
3931 1700 1
9347 2388 1
9347 1416 1
9347 6196 1
9347 10329 1
9347 5868 1
3017 1229 1
3017 414 1
3017 10231 1
3017 6286 1
3017 10031 1
7922 2024 1
7922 1557 1
7922 5894 1
7922 8316 1
7922 4998 1
2984 4921 1
2984 8148 1
2984 7295 1
8354 3812 1
8354 4868 1
8354 1248 1
8028 4937 1
8028 9528 1
8028 5696 1
5559 3111 1
5559 1965 1
5559 5971 1
5559 5670 1
9674 3293 1
9674 6871 1
9674 10492 1
9674 1888 1
2312 2646 1
2312 2953 1
1474 1785 1
1474 8401 1
1474 3572 1
4766 357 1
4766 258 1
4766 3064 1
4766 4119 1
4766 1535 1
2605 5700 1
2605 11158 1
2605 7657 1
2605 2434 1
2994 3422 1
2994 2055 1
2994 1151 1
2994 5224 1
6286 319 1
6286 180 1
6286 2958 1
5468 2371 1
5468 1250 1
5468 8178 1
5468 10890 1
1663 7530 1
8178 2388 1
8178 1416 1
8178 6220 1
8178 8959 1
8178 5914 1
5709 1153 1
5709 606 1
5709 6927 1
5709 8401 1
5709 5472 1
2122 2722 1
2122 317 1
2122 1103 1
6212 1549 1
7253 1229 1
7253 767 1
7253 4098 1
7253 3914 1
8071 1341 1
8071 853 1
8071 4730 1
8071 7845 1
8071 4149 1
8523 360 1
8523 258 1
8523 3064 1
8523 1443 1
9346 6257 1
9346 4230 1
9346 6576 1
9346 10759 1
9346 2851 1
6483 8051 1
6483 9162 1
9528 4937 1
9528 1241 1
9528 7330 1
4590 1671 1
4590 7095 1
2944 2388 1
2944 1416 1
2944 7123 1
2944 7686 1
7483 3461 1
899 4104 1
899 482 1
899 5318 1
899 6722 1
2226 9347 1
2226 1416 1
2226 10814 1
2226 2846 1
6341 5230 1
6341 9070 1
6341 8767 1
6341 6500 1
4296 1142 1
4296 9503 1
4296 4818 1
4811 3638 1
4811 1774 1
7280 3824 1
7280 2646 1
7280 4701 1
7280 10740 1
7280 959 1
696 10008 1
696 3824 1
696 6900 1
696 959 1
8752 3824 1
8752 2646 1
8752 4701 1
8752 10226 1
8752 959 1
993 6923 1
993 2821 1
993 7228 1
993 4278 1
9223 2284 1
9223 1688 1
9223 6353 1
9223 8516 1
9223 5884 1
10859 3069 1
10859 7366 1
10859 1992 1
10859 10246 1
10859 3649 1
5103 1275 1
5103 584 1
5103 6111 1
5103 5978 1
5103 3215 1
9602 1806 1
9602 1208 1
9602 9605 1
9602 7878 1
9602 4629 1
2008 5589 1
2008 10123 1
2008 10976 1
3644 483 1
3644 264 1
3644 3517 1
3644 8282 1
3644 1801 1
687 1688 1
687 7505 1
687 4128 1
687 8767 1
687 7308 1
6353 2284 1
6353 1688 1
6353 6786 1
6353 5884 1
798 1204 1
798 10429 1
9796 1199 1
9796 7746 1
9796 3747 1
9491 582 1
7845 718 1
7845 414 1
7845 5191 1
483 264 1
483 7359 1
483 3344 1
483 9278 1
8754 2024 1
8754 944 1
8754 6398 1
8754 9072 1
8754 5974 1
1801 483 1
1801 264 1
1801 3062 1
10989 707 1
10989 6489 1
10989 10129 1
6874 3913 1
6874 2140 1
6874 5978 1
6874 8761 1
6874 1786 1
6918 357 1
6918 232 1
6918 1535 1
783 2718 1
783 5100 1
1154 4727 1
1154 3389 1
1154 1250 1
331 6549 1
331 4747 1
331 6997 1
331 9018 1
331 6223 1
9733 360 1
9733 258 1
9733 1535 1
10556 3824 1
10556 2646 1
10556 4701 1
10556 10226 1
10556 959 1
10147 3926 1
10147 1341 1
10147 4195 1
10147 8767 1
4536 483 1
4536 264 1
4536 3778 1
4536 1959 1
5124 7171 1
5124 6576 1
3383 437 1
3383 258 1
3383 1564 1
7299 1443 1
7299 1082 1
7299 7274 1
7299 4338 1
4304 1443 1
4304 10397 1
4304 1248 1
623 5593 1
10962 10032 1
1555 6538 1
1241 10032 1
2877 687 1
2877 296 1
2877 6737 1
2877 4278 1
2877 1945 1
9041 954 1
9041 8089 1
9041 7525 1
1634 6500 1
1634 10882 1
1634 8160 1
5293 1281 1
5293 853 1
5293 4810 1
5293 6737 1
5293 4432 1
6939 4635 1
6939 1934 1
6939 5592 1
6320 4635 1
6320 1934 1
6320 5592 1
6320 6838 1
594 9224 1
594 10412 1
594 11043 1
1557 9422 1
1557 2249 1
1557 10263 1
1557 9072 1
3203 5801 1
3203 6892 1
3203 1425 1
7702 1197 1
7702 482 1
7702 9015 1
7702 6577 1
7702 4104 1
7657 2605 1
7657 2434 1
6834 1785 1
6834 9011 1
2395 1208 1
2395 478 1
2395 8316 1
2395 3039 1
2395 3611 1
7323 4817 1
7323 655 1
8146 1275 1
8146 584 1
8146 8644 1
8146 7427 1
8146 3215 1
6500 1634 1
6500 6341 1
6500 7760 1
9374 1504 1
9374 1152 1
9374 9823 1
9374 4019 1
6102 4132 1
6102 10607 1
6102 1152 1
6102 4942 1
3239 6400 1
3239 6026 1
3239 5801 1
3239 3776 1
10628 1806 1
10628 1208 1
10628 10487 1
10628 4531 1
9805 2993 1
9805 1679 1
2677 10700 1
2677 2993 1
627 9950 1
627 10157 1
1450 4624 1
1450 11058 1
9593 2466 1
9593 5499 1
9593 8754 1
1363 5512 1
1363 3615 1
8855 1774 1
1448 6483 1
1448 8051 1
1448 9162 1
1448 11119 1
1448 9555 1
1719 2477 1
1719 9101 1
2362 4098 1
2362 1153 1
2362 2445 1
2362 3473 1
2362 8395 1
8123 3877 1
8123 9101 1
8123 1190 1
8123 4828 1
6892 817 1
6892 584 1
6892 6111 1
6892 3215 1
1059 8079 1
1059 10882 1
1059 8565 1
1059 7660 1
4351 2284 1
4351 1688 1
4351 7064 1
4351 6036 1
10839 7281 1
10839 10246 1
10839 3507 1
11058 1450 1
11058 4624 1
4570 1774 1
4570 4078 1
455 3611 1
455 8565 1
3747 1248 1
3747 895 1
3747 3130 1
1278 1082 1
1278 7129 1
1278 486 1
1278 4003 1
9064 3516 1
9064 1791 1
9064 6364 1
9064 630 1
9887 2954 1
9887 1190 1
9887 10157 1
9887 7120 1
6595 264 1
6595 3383 1
6595 982 1
440 4104 1
440 4060 1
440 8282 1
3732 7511 1
10276 1671 1
10276 1504 1
10276 1702 1
6501 2987 1
6501 4624 1
4865 1717 1
4865 7845 1
7460 5293 1
7460 1281 1
4168 4286 1
4168 11039 1
4168 7841 1
4168 3931 1
9929 1716 1
9929 853 1
9929 5293 1
9929 9218 1
9929 4871 1
2110 7511 1
2110 3732 1
9517 1645 1
6529 478 1
6529 7494 1
7352 1406 1
7352 1097 1
7352 9405 1
7352 6197 1
7352 3288 1
4468 2175 1
4468 1483 1
4468 5016 1
11052 4003 1
11052 1252 1
11052 10031 1
11052 532 1
9670 1057 1
9670 285 1
9670 1817 1
617 5441 1
7212 707 1
7212 6489 1
7212 9441 1
5167 9796 1
5167 1523 1
5167 6267 1
3999 2362 1
3999 965 1
3999 7074 1
3999 8987 1
3999 10948 1
4817 10609 1
2363 6737 1
2363 10882 1
2363 8738 1
2363 2877 1
2363 1705 1
8996 4635 1
8996 1934 1
8996 5592 1
8996 9071 1
2412 2388 1
2412 1416 1
2412 10814 1
2412 2686 1
2412 10654 1
5894 2097 1
5894 1483 1
5894 10263 1
317 10782 1
317 1103 1
317 8106 1
317 3415 1
4432 1341 1
4432 830 1
4432 4871 1
4432 4810 1
4432 4128 1
1140 5934 1
1140 10338 1
1140 540 1
543 2762 1
543 7259 1
543 2077 1
2189 2982 1
2189 1087 1
3064 483 1
3064 264 1
3064 8736 1
3064 6595 1
3064 1717 1
5801 4770 1
5801 3203 1
5801 6400 1
5801 1077 1
730 6918 1
730 482 1
730 5318 1
730 8303 1
7314 9175 1
7314 3653 1
7314 8432 1
7314 2055 1
409 2851 1
7816 1716 1
7816 853 1
7816 5241 1
7816 10539 1
7816 4810 1
10809 985 1
10809 3344 1
2058 1482 1
2058 1097 1
2058 4027 1
2058 5496 1
1235 7320 1
4200 8786 1
4200 6926 1
4200 7885 1
85 4104 1
85 4297 1
85 10004 1
85 6737 1
8274 357 1
8274 232 1
8274 3945 1
1373 3022 1
1373 4610 1
1373 7253 1
4552 10418 1
1681 319 1
1681 232 1
1681 4747 1
1681 10777 1
1681 1671 1
3327 1806 1
3327 1208 1
3327 7878 1
3327 5056 1
3327 7977 1
4145 3722 1
11114 2859 1
11114 10882 1
11109 2162 1
11109 4097 1
11109 8871 1
11109 982 1
410 11191 1
410 3653 1
410 5799 1
410 7881 1
1213 9889 1
3682 4078 1
3682 2466 1
3682 53 1
8644 1275 1
8644 584 1
8644 10158 1
8644 7427 1
8644 3215 1
414 357 1
414 1229 1
414 9018 1
414 7229 1
7297 2044 1
7297 8515 1
7297 914 1
4828 853 1
4828 6910 1
4828 6286 1
4828 4410 1
1147 7660 1
9497 4948 1
9497 8401 1
9497 1836 1
9497 9275 1
9497 5443 1
2987 3542 1
75 2077 1
75 6286 1
75 3017 1
75 7768 1
2544 7798 1
2544 10412 1
2544 9555 1
2544 705 1
2544 7366 1
9951 2601 1
9951 8422 1
9951 1729 1
4115 414 1
4115 264 1
4115 1535 1
8840 10669 1
8840 1703 1
8840 7110 1
3523 437 1
3523 258 1
3523 10318 1
3523 1629 1
9284 2879 1
4770 6400 1
4770 3239 1
4770 5801 1
5593 1806 1
5593 1208 1
5593 7878 1
5593 7288 1
5593 4629 1
7732 7288 1
7732 2702 1
2369 2718 1
2635 8856 1
2635 1934 1
2635 8996 1
2635 3767 1
989 1549 1
5892 9299 1
5892 6336 1
954 11137 1
954 9794 1
954 8089 1
6715 2284 1
6715 1059 1
6715 8274 1
6715 8054 1
3844 6642 1
3844 9011 1
9605 264 1
9605 85 1
9605 2505 1
9605 3344 1
9605 895 1
3066 3628 1
3066 1190 1
3066 377 1
8827 1504 1
8827 1152 1
8827 6821 1
2243 357 1
2243 233 1
2243 8274 1
2243 5295 1
2243 1564 1
10890 2388 1
10890 1416 1
10890 6220 1
10890 10814 1
10890 5914 1
1892 414 1
1892 264 1
1892 7359 1
1892 1629 1
3926 1229 1
3926 687 1
3926 7504 1
3926 4730 1
3926 3812 1
10328 7373 1
10328 4319 1
10328 9029 1
10328 11045 1
10328 1913 1
452 2854 1
452 2821 1
452 1275 1
452 4937 1
452 3181 1
2921 1275 1
2921 584 1
2921 4776 1
2921 4917 1
10338 1945 1
10338 1140 1
10338 540 1
10338 2555 1
1285 3393 1
1285 991 1
6223 1153 1
6223 4610 1
705 9224 1
705 3383 1
705 9087 1
705 6885 1
1838 11149 1
1838 8422 1
1838 8884 1
1838 1729 1
3484 9224 1
3484 3649 1
3484 1592 1
1729 10516 1
1729 6999 1
1729 8884 1
1729 597 1
10318 360 1
10318 258 1
10318 3064 1
10318 4297 1
10318 1412 1
442 1671 1
442 5941 1
442 1250 1
442 2226 1
10004 483 1
10004 264 1
10004 3778 1
10004 5318 1
10004 1959 1
9181 1703 1
9181 3422 1
9181 1151 1
3420 10835 1
3420 2646 1
3420 4701 1
3420 8752 1
3420 959 1
4686 3286 1
4686 3507 1
10447 2434 1
281 224 1
281 6595 1
7120 1767 1
7120 1154 1
7120 5230 1
7120 10516 1
7120 4842 1
7228 2081 1
7228 1381 1
7228 5884 1
7228 9497 1
8051 9162 1
8051 11119 1
8051 6483 1
8051 1448 1
8051 9555 1
7242 5824 1
7242 1607 1
1087 2185 1
1087 10828 1
4379 1443 1
4379 718 1
4379 9733 1
4379 8274 1
4379 8987 1
4631 1130 1
4631 6353 1
4631 10886 1
4631 4871 1
2162 720 1
2162 281 1
10976 10759 1
10976 6052 1
4921 5467 1
4921 2984 1
4098 1153 1
4098 3999 1
4098 3914 1
7390 3300 1
5724 2371 1
5724 1341 1
5724 9347 1
5724 8015 1
5724 5536 1
3270 4296 1
3270 3747 1
2447 483 1
2447 264 1
2447 3383 1
2447 1959 1
377 7750 1
10287 414 1
10287 258 1
10287 3364 1
10287 4747 1
10287 1785 1
411 7190 1
411 6376 1
411 10143 1
411 10073 1
6561 8457 1
6561 5230 1
6561 8406 1
800 1250 1
800 1136 1
4997 4316 1
4997 8232 1
1705 2077 1
1705 6529 1
1705 6691 1
1705 10912 1
7466 11142 1
7466 310 1
7466 6407 1
882 2842 1
882 7370 1
882 3747 1
4174 10581 1
4174 2601 1
4174 11149 1
4174 1729 1
4638 8229 1
8753 2226 1
8753 1250 1
8753 5724 1
8753 5468 1
7177 2187 1
7177 8345 1
7177 9594 1
7177 8071 1
1822 10607 1
1822 5801 1
1822 7694 1
1822 6433 1
1703 4427 1
1703 4347 1
1703 1184 1
6926 2127 1
6926 8786 1
6926 6445 1
6926 10954 1
3288 1504 1
3288 1152 1
3288 6376 1
3288 7546 1
2465 10429 1
2465 1595 1
1647 6879 1
1647 7167 1
1647 730 1
2187 7708 1
2187 9235 1
2187 8484 1
2187 4664 1
2187 7177 1
8741 5224 1
8741 4817 1
8741 3453 1
7095 3813 1
7095 5441 1
7095 1634 1
8863 2077 1
8863 7430 1
8863 1479 1
8863 2339 1
2112 437 1
2112 264 1
2112 8316 1
2112 2272 1
2112 1785 1
4581 7024 1
4581 5914 1
4581 4338 1
4581 1592 1
4581 8432 1
3507 10839 1
3507 4686 1
2684 1504 1
2684 1152 1
2684 6376 1
2684 6443 1
9162 9555 1
9162 3612 1
1755 1634 1
8708 4212 1
8708 3244 1
2585 1851 1
9992 7288 1
9992 1208 1
9992 5444 1
9992 2208 1
6975 3730 1
6975 6787 1
6975 11039 1
6975 1934 1
5748 4371 1
5748 7373 1
5748 2703 1
5748 5058 1
3778 483 1
3778 264 1
3778 9218 1
3778 6286 1
3778 1959 1
486 4003 1
486 1082 1
486 6926 1
8716 437 1
8716 258 1
8716 1629 1
5444 5562 1
5444 5230 1
5444 1208 1
5444 2294 1
8736 258 1
8736 3062 1
8736 4104 1
8736 1535 1
8534 7373 1
8534 4319 1
8534 11045 1
8534 10489 1
8534 1913 1
304 5437 1
2078 1482 1
2078 1097 1
2078 4142 1
8662 9041 1
8662 7525 1
5623 7177 1
5623 7432 1
5623 10031 1
5623 4104 1
7269 1206 1
7269 317 1
7269 6013 1
2366 3824 1
1543 4387 1
1543 5664 1
873 3270 1
873 8282 1
873 3517 1
7457 537 1
7457 360 1
7457 5593 1
7457 8316 1
2130 11039 1
2130 7024 1
2130 2388 1
2130 7494 1
2953 10008 1
2953 10740 1
2953 959 1
3776 1822 1
3776 10607 1
3776 817 1
2140 5276 1
2140 5360 1
5526 3419 1
5526 1846 1
8818 2488 1
8818 7694 1
8818 1487 1
8818 410 1
8818 3973 1
5545 3415 1
5545 4347 1
5545 6407 1
5545 720 1
6391 232 1
6391 85 1
6391 2175 1
6391 2880 1
6391 899 1
3099 1275 1
3099 584 1
3099 6892 1
3099 3215 1
3099 9761 1
6821 1406 1
6821 1097 1
6821 9446 1
6821 6197 1
6821 3572 1
1607 11095 1
1607 5299 1
1607 7242 1
3499 8437 1
3499 2367 1
3499 4422 1
3075 247 1
5544 3722 1
1158 6349 1
1158 5592 1
1158 3767 1
8565 281 1
8565 224 1
8565 2395 1
2339 758 1
2339 360 1
2339 3409 1
2339 9733 1
1077 6026 1
1077 1822 1
1077 7694 1
1077 3239 1
8484 1173 1
8484 6821 1
8484 9788 1
2854 281 1
2854 180 1
2854 1248 1
159 7074 1
159 6935 1
159 8079 1
159 10948 1
159 8020 1
7946 4128 1
7946 2877 1
7946 4842 1
7946 9887 1
7946 1152 1
7123 1082 1
7123 667 1
1715 4998 1
1715 10064 1
1715 3064 1
10025 8406 1
10025 4708 1
618 7778 1
618 6026 1
618 817 1
618 3203 1
3393 5545 1
3393 10761 1
6685 11074 1
2595 1132 1
2595 414 1
2595 10149 1
2595 3812 1
2595 7845 1
6432 4347 1
6432 5042 1
6432 2463 1
1115 1592 1
1115 4347 1
1115 4338 1
1115 7299 1
3409 319 1
3409 232 1
3409 1153 1
7167 1647 1
7167 1190 1
7167 730 1
7167 6879 1
1406 7432 1
1406 1152 1
1406 2684 1
1406 9374 1
1406 11068 1
1381 8401 1
1381 8451 1
1381 5819 1
1381 10654 1
5496 1504 1
5496 1152 1
5496 10983 1
5496 9823 1
5496 4027 1
6970 1504 1
6970 1152 1
6970 8381 1
6970 9731 1
6970 4027 1
3678 264 1
3678 3022 1
3678 1373 1
7768 281 1
7768 180 1
7768 2734 1
7768 3574 1
7768 1059 1
4459 4195 1
4459 6470 1
4459 839 1
4459 7801 1
2718 1057 1
2718 4987 1
6374 1836 1
6374 718 1
6374 11114 1
6374 9468 1
6374 4149 1
9666 2819 1
9666 6459 1
9666 1806 1
9666 2842 1
10489 7373 1
10489 4319 1
10489 9029 1
10489 10998 1
10489 1913 1
10258 180 1
7789 2284 1
7789 1688 1
7789 6353 1
7789 5884 1
3505 247 1
5617 7147 1
5617 3615 1
5617 10339 1
5617 6115 1
9732 758 1
9732 7530 1
9732 9872 1
2568 1197 1
2568 482 1
2568 9427 1
2568 10123 1
10584 9013 1
10584 3499 1
8232 4296 1
4960 1504 1
4960 1152 1
4960 6376 1
4960 10073 1
4960 4027 1
10721 3653 1
10721 9175 1
10721 3633 1
7040 3516 1
7040 1791 1
7040 6364 1
7040 630 1
5831 1275 1
5831 584 1
5831 9441 1
5831 3215 1
1057 10835 1
1057 6128 1
1057 10556 1
2294 2208 1
2294 1208 1
2294 5562 1
2294 9992 1
4027 1504 1
4027 1152 1
4027 6376 1
4027 4960 1
4027 9731 1
2381 483 1
2381 264 1
2381 8316 1
2381 1959 1
7359 258 1
7359 159 1
7359 882 1
3244 4212 1
3244 8708 1
2445 4098 1
2445 1153 1
2445 7768 1
2445 7359 1
2445 8401 1
4914 2702 1
4914 5206 1
1535 437 1
1535 258 1
1535 7359 1
1535 8506 1
1535 1412 1
8089 3516 1
8089 1791 1
8089 6364 1
8089 630 1
6443 1504 1
6443 1152 1
6443 6821 1
6443 4027 1
6376 1482 1
6376 1097 1
6376 3288 1
4730 1716 1
4730 853 1
4730 10964 1
4730 4810 1
4730 5443 1
582 1368 1
7546 1504 1
7546 1152 1
7546 8381 1
7546 6970 1
7546 4027 1
1785 357 1
1785 233 1
1785 4199 1
1785 7370 1
1785 1474 1
9072 398 1
9072 4608 1
9072 6737 1
9072 2466 1
2488 4032 1
2488 9609 1
2488 1487 1
2488 410 1
2488 8818 1
8116 9101 1
8116 4635 1
3197 2162 1
3197 758 1
3197 9011 1
3197 7530 1
3197 8748 1
8135 10765 1
5355 483 1
5355 264 1
5355 3778 1
5355 5318 1
5355 1959 1
258 9218 1
258 2238 1
258 1801 1
258 6722 1
3136 4253 1
667 5906 1
667 2058 1
667 7123 1
667 6803 1
667 8484 1
8872 1726 1
8872 707 1
8872 5119 1
8872 10129 1
8872 4919 1
4757 1406 1
4757 985 1
4757 10397 1
4757 11068 1
4757 3344 1
4422 2185 1
4422 9013 1
4422 5626 1
1130 483 1
1130 264 1
1130 1564 1
1130 10792 1
3973 9609 1
3973 4032 1
3973 10090 1
3973 1549 1
7265 2842 1
5914 2371 1
5914 1416 1
5914 9347 1
5914 8015 1
5914 5562 1
6737 240 1
6737 85 1
6737 2854 1
6737 830 1
3130 1504 1
3130 1152 1
3130 6376 1
3130 7546 1
2307 4987 1
1484 2443 1
1484 10343 1
1484 7354 1
1484 10308 1
8955 1281 1
2371 2944 1
2371 1416 1
2371 4028 1
2371 7274 1
2371 6196 1
10152 2388 1
10152 1416 1
10152 6220 1
10152 10329 1
10152 5914 1
8506 319 1
8506 232 1
8506 3039 1
8506 4060 1
8506 1412 1
6052 758 1
6052 478 1
6052 6863 1
347 8041 1
347 6525 1
347 1412 1
5664 1152 1
5664 3736 1
5664 6685 1
7310 4316 1
7310 9609 1
7310 516 1
7310 7694 1
7310 10640 1
360 3844 1
360 6715 1
7313 2284 1
7313 720 1
7313 6923 1
7313 8187 1
7313 6407 1
1913 7088 1
1913 6694 1
1913 10328 1
1913 8534 1
1913 10998 1
2736 1965 1
2736 1132 1
2736 6459 1
2736 10233 1
8187 357 1
8187 232 1
8187 3945 1
8731 2445 1
8731 1153 1
8731 8079 1
8731 7359 1
10377 3722 1
10377 2846 1
2970 281 1
2970 180 1
2970 2461 1
2970 982 1
1959 437 1
1959 258 1
1959 10343 1
1959 1629 1
5963 8664 1
5963 3824 1
1025 10886 1
1025 1153 1
1025 3678 1
4297 437 1
4297 258 1
4297 3574 1
4297 1801 1
4701 3824 1
4701 2646 1
4701 8664 1
4701 959 1
5524 1504 1
5524 1152 1
5524 10983 1
5524 7994 1
5524 4027 1
4253 1341 1
4253 9275 1
6722 437 1
6722 258 1
6722 1629 1
2702 9425 1
2702 4247 1
2702 895 1
7231 1275 1
7231 584 1
7231 8146 1
7231 9761 1
7231 3215 1
8054 720 1
8054 360 1
8054 7313 1
8054 9296 1
8054 2982 1
4980 3722 1
4980 2434 1
3753 10584 1
3753 4422 1
3753 5023 1
3753 9013 1
10669 4030 1
10669 7110 1
10669 1703 1
10669 8840 1
10669 5100 1
7806 1785 1
7806 1188 1
7806 10179 1
7806 7676 1
4125 7483 1
4125 11150 1
4125 2463 1
4125 8371 1
4125 10024 1
4948 5443 1
4948 6795 1
4948 1748 1
6594 10581 1
6594 2601 1
6594 11149 1
6594 1729 1
10008 2449 1
10008 1379 1
10008 10226 1
3424 3653 1
3424 3832 1
3424 4472 1
3424 5696 1
3424 10086 1
2601 1082 1
2601 597 1
2601 5779 1
2601 10516 1
2601 2461 1
4247 7320 1
4247 3104 1
8282 357 1
8282 258 1
8282 3778 1
8282 1130 1
5374 483 1
5374 264 1
5374 3778 1
5374 5318 1
5374 1959 1
531 5895 1
531 6407 1
531 6036 1
531 9454 1
531 3652 1
8761 5102 1
8761 10189 1
8761 1068 1
2461 7977 1
2461 1671 1
2461 6350 1
2461 6910 1
2461 2658 1
10691 1716 1
10691 7768 1
10691 4709 1
10691 7253 1
6576 2177 1
6576 1169 1
6576 7570 1
6576 8705 1
6576 4033 1
8144 1549 1
8144 9609 1
3236 5223 1
3236 9872 1
3236 1817 1
3236 7381 1
767 1664 1
767 965 1
767 4190 1
767 1716 1
2418 3017 1
2418 1877 1
2418 2819 1
2418 7229 1
2418 1132 1
1595 5206 1
1595 6057 1
1595 10429 1
1595 2732 1
1595 2465 1
6935 180 1
6935 75 1
6935 2284 1
6935 882 1
7758 2162 1
7758 1069 1
7758 6374 1
4149 1248 1
4149 985 1
4149 5739 1
4149 5604 1
8239 744 1
8239 414 1
8239 6035 1
8239 8684 1
8239 2897 1
1717 9422 1
1717 3397 1
1717 6563 1
1717 9397 1
9124 6333 1
9124 7287 1
9124 5671 1
9124 1934 1
5437 4320 1
5437 1796 1
5437 9468 1
5437 6814 1
5437 7411 1
4069 1944 1
4069 1483 1
4069 8738 1
4069 8229 1
4069 10263 1
1196 2055 1
1196 6336 1
1196 2121 1
1196 720 1
2842 525 1
2842 6980 1
2842 8451 1
2842 2851 1
4874 4230 1
4874 10507 1
4874 3586 1
2443 10343 1
2443 1484 1
2443 7354 1
2443 10308 1
10673 2445 1
10673 1153 1
10673 8395 1
10673 6062 1
10673 8020 1
7381 8793 1
7381 4430 1
7381 11066 1
7381 2935 1
6787 3730 1
6787 6975 1
6787 11039 1
6787 1934 1
5964 1197 1
5964 482 1
5964 8882 1
5964 9015 1
5964 4119 1
10129 1275 1
10129 584 1
10129 10397 1
10129 7427 1
10129 3215 1
5191 1716 1
5191 853 1
5191 4871 1
5191 7845 1
5191 4432 1
2722 9175 1
2722 3653 1
2722 5696 1
2722 2122 1
7682 1483 1
7682 555 1
7682 10886 1
7682 4104 1
10974 2466 1
10974 1729 1
10974 7582 1
10974 5860 1
10974 6835 1
1921 4664 1
1921 3017 1
1921 6935 1
1921 10487 1
1921 2880 1
5906 1025 1
5906 667 1
5906 7432 1
5906 7370 1
5906 2658 1
10021 2002 1
10021 1446 1
10021 8831 1
10021 5742 1
10021 8108 1
1791 6477 1
1791 7040 1
1791 7385 1
1791 9064 1
1791 630 1
10233 2175 1
10233 1535 1
10233 6459 1
10233 10071 1
10233 5978 1
1180 1786 1
1180 4833 1
1180 3263 1
1180 4553 1
10814 2388 1
10814 1416 1
10814 6220 1
10814 10890 1
10814 5914 1
4230 1406 1
4230 1097 1
4230 7546 1
4230 3747 1
5053 483 1
5053 264 1
5053 3778 1
5053 1959 1
7503 6838 1
7503 3195 1
3388 8953 1
3388 9627 1
3388 2777 1
