6185 53 1
6185 6240 1
6185 1714 1
6185 7773 1
6185 2757 1
2757 53 1
2757 6185 1
2757 2078 1
2757 10287 1
2757 10194 1
7773 53 1
7773 9584 1
7773 4818 1
7773 4078 1
7773 6185 1
1714 53 1
1714 6373 1
1714 6185 1
1714 2757 1
1714 5141 1
53 4296 1
53 4818 1
53 2044 1
53 8401 1
53 8060 1
6240 6185 1
2044 3386 1
2044 8239 1
2044 4664 1
2044 8961 1
2044 4264 1
6373 1714 1
6373 5141 1
6373 6185 1
8060 53 1
8060 3300 1
8060 2270 1
8060 4415 1
8060 2401 1
10194 53 1
10194 2757 1
10194 4421 1
4078 6118 1
4078 11132 1
4078 6264 1
4078 8855 1
4078 10838 1
4296 11090 1
4296 6036 1
4296 6964 1
4296 7698 1
4296 6836 1
5141 1714 1
5141 6185 1
5141 6373 1
5141 9931 1
8401 8987 1
8401 8395 1
8401 3754 1
8401 8095 1
8401 6391 1
10287 6918 1
10287 6383 1
10287 2946 1
10287 5974 1
10287 4382 1
9584 53 1
9584 7773 1
9584 6379 1
9584 4818 1
9584 7134 1
2078 5686 1
2078 6970 1
2078 2695 1
2078 5906 1
2078 7123 1
4818 4238 1
4818 10073 1
4818 5524 1
4818 2691 1
4818 6197 1
7123 2944 1
7123 8078 1
7123 4028 1
7123 10528 1
7123 6936 1
2695 4648 1
2695 8078 1
2695 9405 1
2695 2260 1
2695 9446 1
5974 4357 1
5974 4060 1
5974 9141 1
5974 3918 1
5974 3100 1
2946 4464 1
2946 8523 1
2946 4477 1
2946 9011 1
2946 9400 1
6383 9733 1
6383 5881 1
6383 2658 1
6383 5439 1
6383 4061 1
6918 6286 1
6918 5964 1
6918 2658 1
6918 5503 1
6918 4060 1
5686 68 1
5686 1934 1
5686 6341 1
5686 8285 1
5686 1147 1
6391 4115 1
6391 3772 1
6391 8215 1
6391 3409 1
6391 2734 1
3754 920 1
3754 4664 1
3754 9468 1
3754 9787 1
3754 5366 1
8395 5966 1
8395 9594 1
8395 8286 1
8395 2908 1
8395 5421 1
6836 7023 1
6836 5906 1
6836 9647 1
6836 5540 1
6836 8552 1
7134 10838 1
7134 9755 1
7134 6244 1
7134 7349 1
7134 2396 1
7698 383 1
7698 3886 1
7698 9804 1
7698 8359 1
7698 3009 1
3386 10723 1
3386 4238 1
3386 3022 1
3386 10004 1
3386 5241 1
4421 53 1
4421 2757 1
4421 10194 1
6264 1755 1
6264 1774 1
6264 4808 1
6264 4078 1
6197 9044 1
6197 9071 1
6197 3813 1
6197 10374 1
6197 7215 1
11132 5974 1
11132 5355 1
11132 2505 1
11132 5048 1
11132 3813 1
10838 4078 1
10838 4713 1
10838 7134 1
2691 4044 1
2691 3478 1
2691 7746 1
2691 3049 1
2691 6892 1
8855 185 1
8855 7099 1
8855 2564 1
8855 10471 1
8855 4078 1
5524 5451 1
5524 10397 1
5524 8484 1
5524 2831 1
5524 4941 1
11090 3190 1
11090 5645 1
11090 4296 1
11090 11035 1
11090 4316 1
10073 4648 1
10073 7352 1
10073 6443 1
10073 2684 1
10073 10849 1
4415 53 1
4415 3987 1
4415 2936 1
4415 9796 1
4415 3264 1
6036 3542 1
6036 8451 1
6036 5443 1
6036 8401 1
6036 9872 1
6118 5781 1
6118 9169 1
6118 10912 1
6118 2975 1
6118 5441 1
4238 6935 1
4238 7920 1
4238 3042 1
4238 4661 1
4238 10804 1
6964 383 1
6964 3886 1
6964 7894 1
6964 7698 1
6964 3009 1
5906 3062 1
5906 5451 1
5906 4828 1
5906 7057 1
5906 6803 1
8961 7676 1
8961 6935 1
8961 2979 1
8961 6595 1
8961 4563 1
9931 317 1
9931 6508 1
9931 5141 1
9931 10169 1
9931 5515 1
2270 3416 1
2270 2401 1
2270 8060 1
8239 3326 1
8239 5016 1
8239 4468 1
8239 10886 1
8239 8515 1
6970 5451 1
6970 9405 1
6970 9071 1
6970 2831 1
6970 4941 1
8095 7017 1
8095 10410 1
8095 8935 1
8095 4104 1
8095 6786 1
4664 2970 1
4664 10158 1
4664 4631 1
4664 10630 1
4664 8395 1
4382 10551 1
4382 4766 1
4382 2880 1
4382 9577 1
4382 4357 1
3300 9693 1
3300 4379 1
3300 6576 1
3300 4510 1
3300 1586 1
8987 5611 1
8987 5003 1
8987 2362 1
8987 4709 1
8987 3572 1
2401 3675 1
2401 9803 1
2401 2993 1
2401 5389 1
2401 3922 1
6379 1513 1
6379 4078 1
6379 9135 1
6379 11053 1
6379 3098 1
4264 7484 1
4264 6918 1
4264 3042 1
4264 6383 1
4264 8759 1
5451 4149 1
5451 7970 1
5451 7432 1
5451 10983 1
5451 6579 1
6892 4338 1
6892 10062 1
6892 7427 1
6892 2555 1
6892 3776 1
8285 6036 1
8285 8516 1
8285 8045 1
8285 3229 1
8285 5458 1
8484 4027 1
8484 6109 1
8484 5496 1
8484 8767 1
8484 10031 1
2564 185 1
2564 4078 1
2564 4570 1
2564 8855 1
2564 10471 1
10723 4892 1
10723 4531 1
10723 2262 1
10723 4298 1
10723 3344 1
3049 10062 1
3049 8911 1
3049 10158 1
3049 2795 1
3049 4679 1
4044 9761 1
4044 8364 1
4044 9662 1
4044 2493 1
4044 3699 1
5355 6918 1
5355 9400 1
5355 3062 1
5355 10886 1
5355 4774 1
9733 6491 1
9733 6019 1
9733 2658 1
9733 5597 1
9733 4061 1
4713 4078 1
4713 10838 1
4713 7134 1
9755 52 1
9755 4755 1
9755 7134 1
10551 5974 1
10551 5472 1
10551 2381 1
10551 5053 1
10551 3788 1
3813 6019 1
3813 7505 1
3813 2272 1
3813 8274 1
3813 3574 1
4808 1755 1
4808 6264 1
4808 8496 1
4808 4078 1
4808 8030 1
9071 4142 1
9071 6376 1
9071 5906 1
9071 10977 1
9071 10528 1
5048 9011 1
5048 6595 1
5048 9605 1
5048 3326 1
5048 7977 1
5645 3190 1
5645 8232 1
5645 4316 1
5645 11090 1
5645 4997 1
1774 4977 1
1774 10870 1
1774 7205 1
1774 9333 1
1774 2564 1
1755 4078 1
1755 4146 1
1755 8030 1
1755 8496 1
1755 1661 1
2831 11068 1
2831 8381 1
2831 5524 1
2831 9731 1
2831 4149 1
9796 5119 1
9796 8911 1
9796 7814 1
9796 2904 1
9796 4919 1
5241 4954 1
5241 4661 1
5241 2262 1
5241 4474 1
5241 3397 1
10004 7920 1
10004 7091 1
10004 3062 1
10004 6770 1
10004 4774 1
4631 5443 1
4631 10158 1
4631 8079 1
4631 3220 1
4631 9223 1
6935 4464 1
6935 4104 1
6935 7074 1
6935 3945 1
6935 2880 1
9804 9658 1
9804 5433 1
9804 6964 1
9804 5363 1
9804 8359 1
8359 504 1
8359 6964 1
8359 5363 1
8359 7849 1
8359 5677 1
4379 7370 1
4379 3813 1
4379 10235 1
4379 3572 1
4379 9011 1
3886 383 1
3886 6964 1
3886 7698 1
3886 5677 1
3886 6660 1
10471 184 1
10471 1755 1
10471 7595 1
10471 7078 1
10471 1141 1
10374 10912 1
10374 5413 1
10374 7004 1
10374 5056 1
10374 9431 1
3409 10235 1
3409 7313 1
3409 2362 1
3409 5053 1
3409 8716 1
383 7698 1
383 1787 1
383 4407 1
383 7050 1
383 6964 1
7746 4917 1
7746 7754 1
7746 7427 1
7746 2691 1
7746 3720 1
2970 9473 1
2970 7371 1
2970 3062 1
2970 5295 1
2970 4115 1
7349 7134 1
185 2564 1
185 1774 1
185 4570 1
185 8855 1
185 10471 1
4563 8716 1
4563 8802 1
4563 2658 1
4563 8755 1
4563 3945 1
8552 1449 1
8552 6836 1
8552 4296 1
8552 3838 1
8552 4457 1
5540 10287 1
5540 4104 1
5540 6770 1
5540 3733 1
5540 8304 1
9647 6836 1
9647 8441 1
3478 8002 1
3478 5831 1
3478 10397 1
3478 2691 1
3478 5169 1
2260 10073 1
2260 2762 1
2260 10143 1
2260 3092 1
2260 6197 1
2658 7977 1
2658 6923 1
2658 4104 1
2658 3317 1
2658 6286 1
4648 6689 1
4648 6821 1
4648 8827 1
4648 2831 1
4648 7190 1
7057 5451 1
7057 9405 1
7057 10528 1
7057 2831 1
7057 4941 1
5503 4480 1
5503 4128 1
5503 1958 1
5503 3957 1
5503 2979 1
3022 4082 1
3022 7867 1
3022 2505 1
3022 6194 1
3022 3644 1
6803 4149 1
6803 6936 1
6803 6102 1
6803 2260 1
6803 7110 1
4477 4861 1
4477 7867 1
4477 2958 1
4477 8343 1
4477 9733 1
4115 5792 1
4115 9577 1
4115 2658 1
4115 8274 1
4115 3813 1
5421 1793 1
5421 4664 1
5421 10238 1
5421 9649 1
5421 2925 1
4028 8705 1
4028 9347 1
4028 10329 1
4028 3986 1
4028 10938 1
3772 5442 1
3772 5395 1
3772 2975 1
3772 6099 1
3772 10318 1
5439 6391 1
5439 5792 1
5439 3062 1
5439 9577 1
5439 4774 1
3918 9131 1
3918 6513 1
3918 4042 1
3918 9136 1
3918 1810 1
4316 5788 1
4316 7088 1
4316 10376 1
4316 6976 1
4316 3190 1
4060 5318 1
4060 8343 1
4060 2737 1
4060 7359 1
4060 8961 1
3264 2486 1
3264 3351 1
3264 4498 1
3264 4415 1
3264 3416 1
10528 3092 1
10528 5016 1
10528 4606 1
10528 11064 1
10528 7123 1
9135 1041 1
9135 7257 1
9135 3731 1
9135 9979 1
9135 5038 1
9044 6500 1
9044 7299 1
9044 10634 1
9044 7174 1
9044 10487 1
9141 6139 1
9141 5537 1
9141 2734 1
9141 5318 1
9141 3945 1
8078 5451 1
8078 9823 1
8078 7352 1
8078 2831 1
8078 4941 1
317 6013 1
317 3393 1
317 8106 1
317 5312 1
317 7269 1
2908 4664 1
2908 10238 1
2908 4325 1
2908 8767 1
2908 2877 1
2944 9275 1
2944 5182 1
2944 9185 1
2944 10890 1
2944 6196 1
7023 10792 1
7023 6836 1
7023 2970 1
7023 6525 1
7023 4483 1
10804 7695 1
10804 7023 1
10804 3042 1
10804 6712 1
10804 4766 1
3009 504 1
3009 4296 1
3009 8573 1
3009 6388 1
3009 6660 1
4464 6194 1
4464 4861 1
4464 3062 1
4464 7379 1
4464 7239 1
5443 3097 1
5443 7279 1
5443 4308 1
5443 6353 1
5443 8935 1
8935 6093 1
8935 8516 1
8935 7876 1
8935 3175 1
8935 5819 1
9169 9431 1
9169 5441 1
9169 6981 1
9169 5296 1
9169 11031 1
2684 4941 1
2684 2760 1
2684 9374 1
2684 5906 1
2684 11068 1
7676 6099 1
7676 5593 1
7676 2788 1
7676 5295 1
7676 3993 1
5781 317 1
5781 2846 1
5781 7205 1
5781 7392 1
5781 2380 1
1513 1399 1
1513 4347 1
1513 5750 1
1513 4030 1
1513 5781 1
2975 11054 1
2975 9939 1
2975 2788 1
2975 10777 1
2975 9577 1
4766 8719 1
4766 9141 1
4766 2568 1
4766 7211 1
4766 3945 1
3572 10260 1
3572 3692 1
3572 2505 1
3572 3699 1
3572 4631 1
1147 865 1
1147 3475 1
1147 5364 1
1147 10418 1
1147 9442 1
3062 3383 1
3062 6391 1
3062 2262 1
3062 9431 1
3062 10287 1
2936 5974 1
2936 10041 1
2936 9473 1
2936 8987 1
2936 5792 1
6508 58 1
6508 9931 1
6508 5687 1
6508 9960 1
6508 11016 1
10886 5453 1
10886 4941 1
10886 2354 1
10886 4725 1
10886 3523 1
3416 4793 1
3416 4415 1
3416 8594 1
3416 8060 1
3416 1943 1
3042 10588 1
3042 3386 1
3042 9733 1
3042 4382 1
3042 3234 1
5016 3309 1
5016 4830 1
5016 4356 1
5016 6097 1
5016 5978 1
10410 7017 1
10410 10654 1
10410 9356 1
10410 4104 1
10410 6786 1
5366 920 1
5366 7370 1
5366 7859 1
5366 6642 1
5366 4664 1
2880 5374 1
2880 5318 1
2880 4018 1
2880 5295 1
2880 3100 1
5515 224 1
5515 4040 1
5515 2404 1
5515 9931 1
5515 3017 1
3326 6459 1
3326 4356 1
3326 2281 1
3326 5355 1
3326 7945 1
9577 5970 1
9577 5442 1
9577 2381 1
9577 4954 1
9577 3778 1
9872 6935 1
9872 9788 1
9872 9072 1
9872 4087 1
9872 6326 1
7484 8755 1
7484 7091 1
7484 3062 1
7484 6770 1
7484 4774 1
6595 4730 1
6595 4357 1
6595 2238 1
6595 4104 1
6595 3170 1
5003 157 1
5003 7768 1
5003 8769 1
5003 10391 1
5003 5288 1
9693 9872 1
9693 11114 1
9693 9025 1
9693 11113 1
9693 3300 1
3922 6902 1
3922 6459 1
3922 11070 1
3922 10167 1
3922 3327 1
7894 9804 1
7894 8545 1
7894 6964 1
7894 10061 1
7894 3009 1
7215 10850 1
7215 5366 1
7215 6711 1
7215 5251 1
7215 9275 1
10912 8666 1
10912 4590 1
10912 10260 1
10912 4149 1
10912 7494 1
5611 7359 1
5611 8716 1
5611 3042 1
5611 8274 1
5611 4766 1
10849 5119 1
10849 9796 1
10849 8547 1
10849 2795 1
10849 4917 1
2362 7074 1
2362 6062 1
2362 3473 1
2362 7465 1
2362 7253 1
5389 2401 1
5389 3644 1
5389 9180 1
5389 4617 1
5389 11068 1
4510 1586 1
4510 3300 1
4510 9838 1
4510 8985 1
4709 8395 1
4709 4098 1
4709 5472 1
4709 3999 1
4709 8928 1
4661 8987 1
4661 6383 1
4661 3062 1
4661 7867 1
4661 7945 1
8515 8684 1
8515 1681 1
8515 8099 1
8515 7411 1
8515 414 1
10630 982 1
10630 4664 1
10630 7977 1
11053 5730 1
11053 6379 1
11053 10166 1
11053 9106 1
10158 9662 1
10158 8903 1
10158 3317 1
10158 8277 1
10158 6036 1
6576 5441 1
6576 7259 1
6576 9347 1
6576 3047 1
6576 9939 1
7352 4648 1
7352 9731 1
7352 6628 1
7352 2691 1
7352 10983 1
3098 1446 1
3098 3461 1
3098 4326 1
3098 2618 1
3098 8532 1
1934 8252 1
1934 3730 1
1934 4987 1
1934 6645 1
1934 8531 1
7920 7484 1
7920 6894 1
7920 2975 1
7920 6525 1
7920 4536 1
3542 8744 1
3542 4720 1
3542 10868 1
3542 2433 1
3542 10019 1
6786 9356 1
6786 7047 1
6786 6991 1
6786 4104 1
6786 8451 1
10169 1562 1
10169 9931 1
10169 7343 1
10169 6118 1
10169 9120 1
8759 7768 1
8759 7031 1
8759 3042 1
8759 6722 1
8759 4747 1
3987 446 1
3987 6032 1
3987 4711 1
3987 10343 1
3987 3394 1
4468 4472 1
4468 3860 1
4468 8345 1
4468 3678 1
4468 7064 1
11035 3190 1
11035 5645 1
11035 4296 1
11035 11090 1
11035 4316 1
3190 7264 1
3190 4296 1
3190 8232 1
3190 4316 1
3190 7849 1
8286 1793 1
8286 4664 1
8286 10031 1
8286 9649 1
8286 2925 1
5966 8401 1
5966 5472 1
5966 8133 1
5966 4709 1
5966 7768 1
6936 4142 1
6936 6376 1
6936 5906 1
6936 9446 1
6936 10977 1
9787 6196 1
9787 7110 1
9787 7859 1
9787 6642 1
9787 10616 1
8215 7175 1
8215 3364 1
8215 10792 1
8215 3326 1
8215 6737 1
9011 4335 1
9011 4000 1
9011 9600 1
9011 3844 1
9011 2979 1
2734 4892 1
2734 4480 1
2734 9218 1
2734 5355 1
2734 3073 1
7099 573 1
7099 9315 1
7099 8855 1
10397 7352 1
10397 6689 1
10397 2795 1
10397 6137 1
10397 4291 1
6341 6826 1
6341 10417 1
6341 8919 1
6341 10411 1
6341 11129 1
6443 5451 1
6443 7546 1
6443 6970 1
6443 2831 1
6443 4941 1
6244 6935 1
6244 6951 1
6244 8013 1
6244 4189 1
6244 5970 1
5441 3364 1
5441 8219 1
5441 7682 1
5441 10418 1
5441 10009 1
68 542 1
68 6648 1
68 232 1
68 10726 1
68 7530 1
2993 9126 1
2993 5422 1
2993 3094 1
2993 3281 1
2993 791 1
2396 8168 1
2396 3199 1
2396 4729 1
2396 4424 1
2396 9967 1
2505 3510 1
2505 9602 1
2505 2447 1
2505 7530 1
2505 7379 1
6286 5597 1
6286 5277 1
6286 2381 1
6286 4941 1
6286 3772 1
4061 7484 1
4061 6918 1
4061 3062 1
4061 6383 1
4061 9141 1
4941 8736 1
4941 4877 1
4941 2272 1
4941 4563 1
4941 3416 1
8523 6383 1
8523 5969 1
8523 2535 1
8523 5442 1
8523 4000 1
9594 3862 1
9594 6328 1
9594 5616 1
9594 10266 1
9594 9275 1
9400 7484 1
9400 6907 1
9400 2979 1
9400 6572 1
9400 4563 1
5881 8719 1
5881 8755 1
5881 2936 1
5881 8716 1
5881 4238 1
4828 10792 1
4828 7597 1
4828 9081 1
4828 3062 1
4828 10265 1
9405 5451 1
9405 8827 1
9405 7352 1
9405 2831 1
9405 4941 1
9803 610 1
9803 4029 1
9803 937 1
9803 930 1
9803 2401 1
7017 4308 1
7017 10158 1
7017 6391 1
7017 2362 1
7017 8133 1
3100 4298 1
3100 7857 1
3100 2508 1
3100 8345 1
3100 7945 1
9468 5100 1
9468 7171 1
9468 6374 1
9468 10890 1
9468 10516 1
2979 4061 1
2979 6923 1
2979 2936 1
2979 9939 1
2979 10886 1
1586 5155 1
1586 9838 1
1586 2617 1
1586 4510 1
1586 10534 1
5964 5783 1
5964 8233 1
5964 8282 1
5964 3060 1
5964 5318 1
920 9787 1
920 7215 1
920 9468 1
920 9275 1
920 3754 1
4104 4115 1
4104 3844 1
4104 9164 1
4104 3574 1
4104 2851 1
4357 7920 1
4357 7945 1
4357 2880 1
4357 10886 1
4357 4264 1
9446 5244 1
9446 8484 1
9446 7123 1
9446 2762 1
9446 4818 1
3675 1175 1
3675 8263 1
3675 3509 1
3675 10069 1
3675 6897 1
8451 7017 1
8451 10410 1
8451 10158 1
8451 4104 1
8451 6786 1
7465 390 1
7465 2362 1
6642 2880 1
6642 5472 1
6642 7768 1
58 6508 1
58 3986 1
58 9960 1
5819 7017 1
5819 8516 1
5819 2851 1
5819 8903 1
4590 6118 1
5413 10374 1
8705 3986 1
8705 10516 1
8705 6977 1
8666 10850 1
8666 6500 1
8666 10418 1
5374 9473 1
5374 7371 1
5374 3062 1
5374 8716 1
5374 4774 1
6711 5251 1
6711 7215 1
9180 5640 1
3720 8002 1
3720 9796 1
3720 3049 1
3720 7746 1
10850 5868 1
10850 8239 1
8381 5451 1
8381 11068 1
8381 7352 1
8381 2831 1
8381 4941 1
10061 7894 1
10061 8545 1
10167 3644 1
10167 11068 1
10167 7479 1
2760 4149 1
2760 10143 1
2760 5244 1
2760 2695 1
2760 4648 1
11070 3922 1
9025 10234 1
9025 8171 1
9025 6576 1
9025 9693 1
4087 4664 1
4087 10487 1
4087 1921 1
7379 10804 1
7379 7091 1
7379 3062 1
7379 6770 1
7379 4774 1
6326 3300 1
6326 9872 1
9788 7110 1
9788 6391 1
9788 9872 1
4027 10143 1
4027 7546 1
4027 2831 1
4027 6689 1
2381 2936 1
2381 7945 1
2381 6712 1
2381 5442 1
2381 3788 1
5970 5974 1
5970 9468 1
3017 8767 1
3017 6391 1
2404 4040 1
2404 5515 1
2404 5687 1
10634 9044 1
4040 2085 1
4040 6649 1
4040 2404 1
224 6923 1
224 3572 1
4018 7494 1
4018 3326 1
8133 10723 1
8133 7253 1
8133 5472 1
7859 920 1
7859 9275 1
7859 9787 1
7859 4664 1
1141 10161 1
1141 10471 1
9356 7017 1
9356 10410 1
9356 10886 1
9356 4104 1
9356 6786 1
10654 10329 1
10654 7299 1
6194 6770 1
6194 8759 1
6194 2979 1
6194 8716 1
6194 4536 1
7546 5451 1
7546 7352 1
7546 2831 1
7546 4941 1
3047 10516 1
3047 5868 1
3047 7299 1
8002 5119 1
8002 10849 1
8002 2795 1
8002 4917 1
3094 11068 1
3094 8408 1
3957 4563 1
3957 6935 1
3957 3062 1
3957 5374 1
3957 6737 1
8573 504 1
8573 5677 1
8573 3009 1
8573 6656 1
8573 3626 1
4892 5395 1
4892 3042 1
4892 8343 1
4892 4766 1
4483 6194 1
4483 6391 1
4483 3062 1
4483 7371 1
5169 7755 1
5169 3478 1
5169 9441 1
5169 3267 1
5169 7746 1
3523 3772 1
3523 2737 1
3523 5792 1
3523 8759 1
4531 8506 1
4531 5295 1
4531 8330 1
4531 3326 1
8232 3190 1
8232 5645 1
8232 4296 1
8232 11035 1
8232 4316 1
3733 4149 1
3733 5540 1
3733 10418 1
4679 9983 1
4679 10429 1
4679 8987 1
8769 3838 1
8769 7226 1
8769 9717 1
4082 4527 1
4082 7805 1
4082 7079 1
4082 1965 1
2493 6489 1
2493 5831 1
2493 7755 1
4030 765 1
4030 7970 1
9347 7171 1
9347 4028 1
9347 3986 1
9347 6576 1
10983 4648 1
10983 6803 1
10983 6109 1
10983 2684 1
10983 10073 1
7205 53 1
7205 3682 1
7205 9584 1
7205 7773 1
7205 2757 1
3838 7302 1
3838 8066 1
3838 4457 1
3838 10355 1
1793 10033 1
1793 2908 1
1793 8401 1
7110 8160 1
7110 6803 1
7110 9872 1
7110 6576 1
7110 8395 1
157 2785 1
157 4118 1
157 5003 1
7876 5792 1
7876 7279 1
7876 5443 1
5831 4937 1
5831 8364 1
5831 8547 1
5831 2795 1
3692 6595 1
3692 3097 1
3692 4432 1
3692 2925 1
3692 4212 1
11054 6563 1
11054 6061 1
11054 2788 1
11054 5611 1
4919 10158 1
4919 10062 1
4919 3049 1
4919 9761 1
7074 10723 1
7074 5472 1
7074 8020 1
3393 8160 1
3393 5056 1
3393 5441 1
3393 7970 1
9658 4473 1
4720 2321 1
4720 5360 1
4720 2066 1
7174 9431 1
7174 5441 1
7174 8490 1
4954 6894 1
4954 10777 1
4954 2958 1
4954 6770 1
4954 4477 1
5363 1142 1
5363 7849 1
5363 5677 1
5363 6660 1
7253 5472 1
7253 8079 1
7253 7321 1
7253 2979 1
7253 4709 1
3344 4818 1
3344 3062 1
52 7134 1
52 9755 1
52 4755 1
52 4078 1
8282 5388 1
8282 2275 1
8282 4536 1
5496 5451 1
5496 10397 1
5496 10073 1
5496 2831 1
5496 4941 1
3860 10459 1
5395 5969 1
5395 10266 1
5395 2658 1
5395 5318 1
5395 4061 1
7031 10318 1
7031 8961 1
7031 3062 1
7031 6770 1
7031 4774 1
8516 7017 1
8516 10410 1
8516 4104 1
8516 6786 1
5244 7432 1
5244 9374 1
5244 9071 1
5244 2831 1
5244 4941 1
6062 7017 1
6062 8998 1
6062 5472 1
6062 7768 1
8531 6838 1
8531 6939 1
8531 6936 1
7595 3860 1
7078 350 1
7078 2401 1
7078 3270 1
7867 6061 1
7867 5503 1
7867 2535 1
7867 5053 1
7867 3993 1
7682 5133 1
7682 9600 1
7682 7023 1
7682 3022 1
7682 4828 1
7004 3154 1
7004 10374 1
9473 7920 1
9473 7091 1
9473 3062 1
9473 6770 1
9473 4774 1
7313 10397 1
7313 4135 1
7313 8274 1
7313 9733 1
10376 10090 1
10376 10527 1
10376 10640 1
10376 3612 1
1787 383 1
1787 6194 1
1787 9482 1
1787 4407 1
4606 8736 1
4606 6329 1
3788 6595 1
3788 10343 1
3788 4774 1
3788 3574 1
4407 6489 1
4407 4657 1
9315 573 1
9315 7099 1
9315 8855 1
4730 10031 1
4730 3572 1
4730 4810 1
4730 9072 1
6376 4149 1
6376 10534 1
6376 6137 1
6376 2684 1
6376 10678 1
4917 7212 1
4917 7746 1
4917 7814 1
4917 2795 1
3229 5819 1
3229 7279 1
3229 4104 1
7371 8759 1
7371 7091 1
7371 3062 1
7371 6770 1
7371 4774 1
2433 3542 1
5296 11068 1
5296 7312 1
791 2993 1
791 2085 1
9136 1810 1
7091 6329 1
7091 5969 1
7091 5503 1
7091 4000 1
2508 3993 1
4977 7896 1
8079 3197 1
8079 4631 1
2762 4142 1
2762 5051 1
2762 2684 1
573 9315 1
573 7099 1
573 8855 1
2618 1446 1
2618 3098 1
2618 8532 1
982 10630 1
982 3678 1
982 9473 1
6525 10804 1
6525 6383 1
6525 5978 1
6525 4357 1
7343 1562 1
7343 9120 1
6923 5443 1
6923 4877 1
6923 4631 1
6923 3397 1
4472 4747 1
5295 7977 1
5295 9602 1
5295 3326 1
9275 7708 1
9275 2877 1
6821 6689 1
6821 2695 1
6821 4142 1
7190 5451 1
7190 10073 1
7190 7432 1
7190 2831 1
7190 4941 1
8013 6770 1
8013 9872 1
8013 9011 1
8233 6491 1
8233 6019 1
8233 2737 1
8233 5597 1
8233 4104 1
5433 9804 1
6660 6964 1
6660 3009 1
6660 9804 1
6660 8573 1
2846 4028 1
2846 5970 1
7754 4917 1
7754 2795 1
7754 3720 1
9374 4941 1
9374 8078 1
9374 6970 1
9374 2831 1
9374 4648 1
4617 2401 1
4617 6981 1
4617 11068 1
4617 5389 1
10343 6194 1
10343 2819 1
10343 4104 1
9838 11113 1
9838 4510 1
9838 3300 1
3999 4709 1
3999 10551 1
3999 7321 1
3999 7768 1
8684 8099 1
8684 8239 1
5422 2993 1
5422 9180 1
3776 1077 1
6109 5244 1
6109 8078 1
6109 6197 1
6109 2831 1
8099 6836 1
8099 8239 1
8099 414 1
10166 9106 1
10166 11053 1
10166 5730 1
6894 10792 1
6894 6572 1
6894 2936 1
6894 6099 1
6894 4382 1
9106 10166 1
9106 6379 1
4098 6935 1
4098 9994 1
7370 7977 1
7370 6648 1
8277 4937 1
8277 7755 1
8277 2795 1
7050 383 1
7050 6660 1
7050 3886 1
7259 8592 1
6032 3987 1
6032 6421 1
3397 6383 1
3397 6139 1
3397 3197 1
6689 4818 1
6689 9405 1
6689 2695 1
6689 4149 1
3097 5241 1
3097 2925 1
8532 1446 1
8532 2618 1
8532 3098 1
4128 3097 1
4128 9118 1
3730 9072 1
3730 8345 1
7411 8515 1
7411 6118 1
7411 9044 1
7411 8013 1
8252 8419 1
8252 11155 1
5783 6918 1
5783 8282 1
5783 3060 1
5783 5318 1
10868 3542 1
3461 1041 1
3461 6379 1
2555 3176 1
2555 1513 1
5730 10166 1
4536 4877 1
4536 10777 1
4536 3062 1
4536 10411 1
4536 7695 1
2486 3264 1
3309 5016 1
5472 9788 1
5472 4104 1
5472 8020 1
5472 4098 1
5472 6062 1
7047 7017 1
7047 10410 1
7047 8903 1
7047 4104 1
7047 6786 1
9120 6118 1
9120 10169 1
9120 1562 1
3394 5198 1
8911 6111 1
8911 2926 1
8911 10158 1
8911 5336 1
1958 6329 1
1958 8736 1
6722 6491 1
6722 6019 1
6722 2737 1
6722 5597 1
6722 4104 1
8767 5540 1
8767 10033 1
8767 8345 1
4457 10355 1
4457 9833 1
4457 4818 1
4457 6836 1
11016 58 1
11016 6508 1
11016 9960 1
8547 4937 1
8547 10849 1
8547 7755 1
8547 2795 1
7064 5969 1
7064 5439 1
7064 2505 1
7064 4954 1
9967 2396 1
9967 8168 1
9967 2414 1
9967 3199 1
3383 6383 1
3383 3778 1
3383 2658 1
3383 8759 1
7175 8215 1
3060 9373 1
3060 2737 1
3060 3383 1
5978 7212 1
5978 5442 1
5978 9441 1
3509 2401 1
3509 3675 1
5155 3879 1
5155 6036 1
3364 3017 1
3364 6391 1
3364 8215 1
4747 6770 1
4747 6722 1
4747 2734 1
4747 7239 1
4747 3957 1
4338 5788 1
6737 3772 1
6737 8079 1
6737 3344 1
6737 2734 1
9600 9141 1
6328 4810 1
6328 10613 1
6328 10031 1
6328 2827 1
6328 4128 1
4335 9640 1
3073 9817 1
4291 9983 1
4291 10343 1
10019 3542 1
10616 3317 1
10616 8998 1
10616 8401 1
10417 1787 1
10417 6341 1
10417 9164 1
5100 9025 1
5100 9073 1
5100 4030 1
8919 7411 1
8919 6341 1
10411 11129 1
10411 8767 1
11129 2970 1
11129 4018 1
11129 10418 1
11129 7676 1
7857 5241 1
7857 5442 1
7857 6459 1
6951 2846 1
7977 3788 1
7977 5295 1
3862 6595 1
3862 3326 1
6648 8330 1
6648 3326 1
6648 5593 1
10329 7123 1
10329 10654 1
6137 5451 1
6137 8078 1
6137 6197 1
6137 2831 1
6137 4941 1
7530 5374 1
7530 4892 1
7530 2272 1
7530 4563 1
7530 3523 1
6712 9577 1
6712 3062 1
6712 7945 1
6712 4774 1
9126 713 1
9126 9433 1
9126 2993 1
8168 2396 1
8168 2414 1
8168 4729 1
8168 3199 1
8168 9967 1
2851 5442 1
2851 11129 1
2851 6391 1
6093 7064 1
6093 7047 1
6093 8285 1
6093 4104 1
6093 9356 1
11031 2401 1
11031 9169 1
11031 7312 1
11031 11033 1
8802 6391 1
8802 5974 1
8802 2734 1
8802 4061 1
4424 2396 1
4424 2414 1
4424 3199 1
2788 2936 1
2788 7505 1
2788 7239 1
2788 7484 1
2447 7530 1
2447 10804 1
2447 10551 1
2447 5318 1
4877 9473 1
4877 7359 1
4877 3062 1
4877 6595 1
4877 4774 1
6513 11087 1
6513 1810 1
8755 7239 1
8755 6712 1
8755 2970 1
8755 6383 1
8755 4477 1
9164 10792 1
9164 5540 1
9164 6391 1
9164 5442 1
5969 6923 1
5969 5783 1
5969 5439 1
5969 4000 1
8441 8780 1
8441 5344 1
8441 6836 1
4326 2640 1
4326 8569 1
4326 5361 1
4326 3337 1
4326 5635 1
10870 1774 1
10870 5133 1
2281 4877 1
2281 10792 1
2281 3317 1
2281 3227 1
2535 8523 1
2535 8239 1
2535 8506 1
2535 2819 1
10266 8239 1
10266 4104 1
10266 4008 1
10266 6563 1
6572 6411 1
6572 5974 1
6572 2734 1
6572 4061 1
6981 11068 1
6981 2530 1
6981 8782 1
7597 6244 1
7597 6770 1
7597 6286 1
7597 1634 1
4325 10278 1
4325 5421 1
4325 10209 1
4325 2877 1
9081 9561 1
9081 5206 1
9081 4828 1
8263 1530 1
8263 4122 1
8263 3675 1
8263 7068 1
6019 9939 1
6019 6770 1
6019 3062 1
6019 8802 1
6019 4774 1
4029 930 1
4029 3537 1
4029 9803 1
6907 6714 1
6907 9400 1
10588 6097 1
10588 2788 1
10588 5241 1
10588 3957 1
937 636 1
937 3537 1
937 9803 1
937 8566 1
930 610 1
930 4029 1
930 9803 1
930 4252 1
10235 4379 1
10235 7530 1
10235 6973 1
10235 10604 1
4474 5374 1
4474 7867 1
4474 2880 1
4474 8802 1
4474 4382 1
3678 5255 1
3678 2447 1
3678 6770 1
3678 9218 1
7359 4000 1
7359 8802 1
7359 3778 1
7359 2880 1
7768 5395 1
7768 4766 1
7768 2243 1
7768 4483 1
7768 3383 1
7171 8178 1
7171 3457 1
7171 6220 1
2238 3858 1
2238 7920 1
2238 2788 1
2238 10434 1
6353 7064 1
6353 7047 1
6353 8285 1
6353 4104 1
6353 9356 1
1399 1196 1
1399 10512 1
1399 10466 1
1399 2846 1
1399 5750 1
6374 5082 1
6374 8523 1
6374 9733 1
6374 10234 1
6374 8919 1
2617 3300 1
2617 1586 1
2617 8778 1
8343 7505 1
8343 2979 1
8343 4536 1
9979 9135 1
5053 9473 1
5053 7359 1
5053 3062 1
5053 6019 1
5053 4774 1
8345 4536 1
8345 2121 1
8345 4000 1
10534 8654 1
10534 9130 1
10534 11061 1
10534 8778 1
10534 2288 1
7970 4030 1
7970 3393 1
2795 5978 1
2795 5326 1
2795 8364 1
2795 7427 1
2795 10062 1
6579 5451 1
6579 7870 1
6579 6243 1
10260 6500 1
10260 7411 1
10260 9272 1
10260 7174 1
10260 1377 1
9442 6376 1
9442 7814 1
9442 6176 1
9442 10907 1
10265 10022 1
5597 6383 1
5597 6595 1
5597 3062 1
5597 7695 1
5597 4774 1
4774 6935 1
4774 6894 1
4774 3062 1
4774 9400 1
4774 9218 1
9662 6489 1
9662 10062 1
9662 9441 1
9662 2860 1
9662 5978 1
7494 8523 1
7494 9594 1
7494 4492 1
7494 9011 1
10977 6838 1
10977 6939 1
10977 6936 1
5251 7215 1
5251 6711 1
5251 8401 1
6897 3675 1
6897 10393 1
5056 3170 1
5056 10487 1
5056 4149 1
5288 6577 1
5288 6195 1
5288 7046 1
5288 8104 1
5288 770 1
10031 3097 1
10031 4828 1
10031 4196 1
10031 10149 1
10031 7598 1
4729 2414 1
4729 4740 1
4729 3199 1
4356 9008 1
4356 6642 1
4356 3611 1
2262 2936 1
2262 4238 1
2262 6722 1
2262 5442 1
2262 2272 1
9333 6426 1
9333 2771 1
9333 11132 1
9333 3170 1
8106 9120 1
8106 7494 1
2380 11130 1
2380 5822 1
2380 10541 1
2380 9787 1
2380 2288 1
8928 4709 1
6459 10091 1
6459 7457 1
6459 3844 1
6459 9427 1
4861 6935 1
4861 5355 1
4861 3062 1
4861 9400 1
4861 4774 1
3778 5969 1
3778 4382 1
3778 3062 1
3778 4357 1
3778 10343 1
8716 6411 1
8716 5974 1
8716 2737 1
8716 4061 1
8045 8285 1
8045 9358 1
8045 9662 1
5182 10814 1
5182 4028 1
5182 3986 1
5458 7047 1
5458 6737 1
5458 4104 1
5458 8341 1
3220 8285 1
3220 4631 1
8827 8484 1
8827 7123 1
8827 2762 1
3473 7017 1
3473 6062 1
3473 5472 1
5119 7427 1
5119 3049 1
4570 185 1
4570 10471 1
4570 4078 1
4570 2564 1
4570 8855 1
11114 8160 1
11114 9468 1
11114 8013 1
11114 2078 1
1175 1432 1
1175 3675 1
3644 8987 1
3644 6139 1
3644 2958 1
3644 9939 1
3644 6722 1
10516 6196 1
10516 10311 1
10516 8705 1
10516 2944 1
10516 5724 1
4755 52 1
4755 9755 1
4755 7134 1
10890 7299 1
10890 4028 1
10890 9347 1
10890 3986 1
10062 4937 1
10062 8911 1
10062 7755 1
10062 2795 1
6770 5974 1
6770 5503 1
6770 2658 1
6770 5241 1
6770 3945 1
610 3537 1
610 930 1
610 10282 1
610 9803 1
4725 9223 1
4725 7047 1
4725 9438 1
4725 4104 1
4725 7963 1
2925 3767 1
2925 5443 1
2925 8767 1
4142 10143 1
4142 8827 1
4142 2831 1
4142 10528 1
10726 7920 1
10726 7091 1
10726 3062 1
10726 6770 1
10726 4774 1
5788 336 1
5788 4371 1
5788 3653 1
5788 10376 1
5788 4316 1
8496 1755 1
8496 8030 1
8496 4808 1
8496 4078 1
8496 6801 1
7269 317 1
7269 1206 1
7269 6013 1
7269 3400 1
7269 11177 1
4149 4019 1
4149 6996 1
4149 6197 1
4149 11173 1
4149 5056 1
7505 7023 1
7505 6525 1
7505 2877 1
7505 6061 1
7505 4297 1
8274 5611 1
8274 5056 1
8274 4774 1
8274 3574 1
6628 6520 1
6628 2919 1
6628 2983 1
3574 3778 1
3574 9373 1
3574 2568 1
3574 10886 1
10143 7432 1
10143 6803 1
10143 2695 1
10143 4648 1
1446 3098 1
1446 2618 1
1446 8532 1
3092 10528 1
3092 4960 1
3092 4941 1
3092 11173 1
8030 8496 1
8030 4078 1
8030 9546 1
8030 4808 1
1661 6525 1
1661 9025 1
11068 5296 1
11068 4818 1
1449 8552 1
1449 10751 1
1449 5402 1
2272 2936 1
2272 4238 1
2272 9141 1
2272 5442 1
2272 10777 1
10238 1793 1
10238 4664 1
10238 9649 1
10238 2925 1
4189 10166 1
4189 7673 1
8304 5442 1
8304 5540 1
8304 1331 1
865 8160 1
865 1479 1
865 1005 1
865 8073 1
5364 10321 1
5364 8419 1
5364 10518 1
5364 8274 1
5364 882 1
8219 2658 1
8219 10265 1
8219 10768 1
8219 2287 1
3281 2993 1
3281 6981 1
5750 1399 1
5750 7205 1
5750 4130 1
5750 5437 1
6139 7371 1
6139 7768 1
6139 3062 1
6139 6712 1
6139 4774 1
9431 6770 1
9431 7411 1
9431 10912 1
9431 7174 1
9431 720 1
2877 7494 1
2877 3692 1
2877 4631 1
5792 3062 1
5792 6737 1
5792 4766 1
4146 800 1
4146 1780 1
4146 6224 1
4146 7902 1
4146 1250 1
9223 7017 1
9223 10410 1
9223 9356 1
9223 4104 1
9223 6786 1
10041 7484 1
10041 6894 1
10041 2975 1
10041 6525 1
10041 4536 1
9218 5974 1
9218 5318 1
9218 4877 1
9218 3678 1
5537 1286 1
5537 4008 1
5537 9141 1
3317 10350 1
3317 5053 1
3317 8274 1
3317 2877 1
7432 4960 1
7432 10528 1
7432 6821 1
7432 2762 1
7432 10983 1
11113 9416 1
11113 8611 1
11113 2933 1
414 11179 1
414 5010 1
414 8345 1
414 3457 1
414 8987 1
8594 3416 1
8594 6685 1
8594 8143 1
8594 7176 1
8594 8542 1
232 9545 1
232 4061 1
232 1664 1
232 4892 1
232 730 1
4347 428 1
4347 1504 1
4347 5545 1
3199 2396 1
3199 4424 1
3199 4729 1
3199 9967 1
3199 7134 1
6491 8523 1
6491 3611 1
6491 6918 1
6491 8716 1
8985 1586 1
8985 3300 1
8985 9838 1
8985 4510 1
3844 8546 1
3844 10317 1
9605 4563 1
9605 4264 1
9605 11054 1
9605 4018 1
9605 3115 1
6991 10886 1
6991 7047 1
6991 7876 1
6991 4104 1
6991 6786 1
3699 7231 1
3699 2795 1
3699 6192 1
7814 5831 1
7814 9899 1
7814 10129 1
7814 5326 1
7264 6224 1
7264 11035 1
7264 6388 1
7264 1780 1
7279 7017 1
7279 10410 1
7279 8903 1
7279 4104 1
7279 6786 1
9602 3326 1
9602 5593 1
9649 1793 1
9649 4664 1
9649 10031 1
9649 11149 1
9649 2925 1
4711 3987 1
3986 9347 1
3986 5182 1
3986 10064 1
3986 2573 1
10938 7299 1
10938 4028 1
10938 9347 1
10938 3986 1
7257 3598 1
7257 2756 1
8903 7017 1
8903 10410 1
8903 4104 1
8903 6786 1
8736 6097 1
8736 2554 1
8736 5318 1
8736 3945 1
6099 5597 1
6099 4954 1
6099 2238 1
6099 4766 1
6099 3409 1
7849 9043 1
7849 9433 1
7849 6660 1
7849 7894 1
7849 3009 1
10318 6374 1
10318 5881 1
10318 2535 1
10318 5442 1
10318 4000 1
4042 9131 1
4042 6513 1
4042 9136 1
4042 1810 1
1810 9136 1
1810 4150 1
1810 4357 1
7945 6286 1
7945 4060 1
5442 4892 1
5442 2192 1
5442 4382 1
5442 3301 1
504 6001 1
504 9816 1
504 3009 1
504 1142 1
7088 10191 1
7088 10328 1
7088 1297 1
6976 4316 1
6976 2296 1
6976 10090 1
6976 3973 1
5318 8303 1
5318 9141 1
5318 2737 1
5318 6923 1
5318 4104 1
2737 8274 1
2737 6577 1
2737 5783 1
2737 6411 1
3351 1449 1
3351 3264 1
3351 7289 1
3351 2711 1
4997 4316 1
4997 11035 1
4997 9338 1
4997 4153 1
4498 4714 1
4498 3351 1
4498 3264 1
9960 58 1
9960 6508 1
9960 11016 1
10777 7505 1
10777 6918 1
10777 2975 1
10777 6563 1
10777 4536 1
9131 4357 1
9131 6917 1
9131 6286 1
10418 5604 1
10418 9044 1
10418 8073 1
10418 2975 1
10418 5437 1
542 9605 1
542 7023 1
542 6019 1
542 7091 1
542 4861 1
4480 10292 1
4480 2192 1
4480 4382 1
4480 3296 1
11064 7281 1
11064 3491 1
11064 10970 1
3510 4629 1
3510 10324 1
3510 8506 1
3510 4531 1
3510 6565 1
1041 9250 1
1041 3587 1
1041 9135 1
1041 3461 1
3731 9135 1
5038 9135 1
2958 7530 1
2958 9545 1
2958 8736 1
2958 11054 1
2958 3100 1
8719 7371 1
8719 6770 1
8719 2979 1
8719 6391 1
8719 4536 1
5677 383 1
5677 3886 1
5677 7849 1
5677 8359 1
5677 3009 1
1562 9120 1
1562 7343 1
1562 3925 1
1562 7476 1
1562 10169 1
6500 3813 1
6500 3572 1
6500 6455 1
8545 9230 1
8545 7894 1
8545 5755 1
8545 10061 1
10487 3788 1
10487 5133 1
10487 9431 1
10487 8771 1
9823 5451 1
9823 8827 1
9823 7352 1
9823 2831 1
9823 4941 1
6013 317 1
6013 9446 1
6013 7269 1
6013 4670 1
5312 9944 1
5312 10782 1
5312 9872 1
5312 720 1
9185 2944 1
9185 4128 1
2904 7755 1
2904 9441 1
2904 9796 1
2904 3720 1
2904 8002 1
6196 5724 1
6196 9346 1
6196 9275 1
6196 3047 1
6196 7123 1
10792 5540 1
10792 5053 1
10792 2272 1
10792 4774 1
10792 3409 1
7695 8716 1
7695 7091 1
7695 3062 1
7695 6770 1
7695 4774 1
6826 9070 1
6826 7411 1
6826 1836 1
5593 11132 1
5593 7806 1
5593 3326 1
5593 5295 1
7239 9141 1
7239 7091 1
7239 3062 1
7239 6770 1
7239 4774 1
4308 7017 1
4308 4104 1
10069 1530 1
10069 3675 1
10069 8263 1
3175 5819 1
3175 7279 1
3175 8401 1
7392 5042 1
7392 1786 1
7392 5546 1
7392 2693 1
7427 4937 1
7427 7754 1
7427 2795 1
1681 9870 1
1681 10041 1
1681 10318 1
1681 4892 1
1681 5318 1
3327 3463 1
3327 3326 1
3327 8506 1
9939 7064 1
9939 6572 1
9939 2944 1
9939 6099 1
9939 4477 1
2568 8274 1
2568 6577 1
2568 5783 1
2568 6411 1
6388 7264 1
6388 8232 1
6388 9804 1
6388 3190 1
7211 4606 1
7211 6983 1
7211 6491 1
7211 2281 1
7211 9427 1
3475 1147 1
3475 7637 1
4298 5355 1
4298 6238 1
4298 2275 1
5687 1512 1
5687 3701 1
5687 8388 1
5687 8475 1
5687 2404 1
10391 1443 1
10391 3409 1
10391 7768 1
10391 3572 1
5453 8095 1
5453 10410 1
5453 9438 1
5453 4104 1
5453 8341 1
2354 9441 1
2354 7279 1
2354 6935 1
2354 5819 1
4000 2880 1
4000 6286 1
4000 10256 1
9761 6063 1
9761 9899 1
9761 8987 1
9761 2904 1
9761 5119 1
9731 5451 1
9731 8827 1
9731 7352 1
9731 2831 1
9731 4941 1
5616 5295 1
5616 11129 1
5616 5710 1
5616 3115 1
5616 6648 1
4793 2013 1
4793 5349 1
4793 3460 1
4793 9855 1
4793 3747 1
3945 6194 1
3945 5374 1
3945 2975 1
3945 6712 1
1943 3416 1
1943 2746 1
3993 7229 1
3993 8998 1
3993 3813 1
3993 2970 1
3170 11087 1
3170 5295 1
3170 3397 1
3234 5974 1
3234 10551 1
3234 3042 1
3234 8987 1
3234 6019 1
6097 8736 1
6097 2936 1
6097 5974 1
6097 4297 1
4830 8762 1
4830 4480 1
4830 5241 1
4830 8754 1
7299 5724 1
7299 10814 1
7299 9901 1
7299 2686 1
