9794 8089 1
9794 9064 1
9794 6364 1
9794 3516 1
9794 1689 1
3516 4685 1
3516 9064 1
3516 7559 1
3516 7040 1
3516 1689 1
8089 9794 1
8089 9064 1
8089 6364 1
8089 3516 1
8089 1689 1
9064 8089 1
9064 9794 1
9064 6364 1
9064 3516 1
9064 1689 1
1689 10215 1
1689 2220 1
1689 8089 1
1689 9041 1
1689 7040 1
6364 6355 1
6364 9999 1
6364 1668 1
6364 1348 1
6364 8703 1
10215 8089 1
10215 9064 1
10215 6364 1
10215 3516 1
10215 1689 1
8703 4850 1
8703 5227 1
8703 3724 1
8703 2947 1
8703 2219 1
7559 9041 1
7559 9064 1
7559 6364 1
7559 3516 1
7559 1689 1
1348 8156 1
1348 7853 1
1348 9246 1
1348 1559 1
1348 1668 1
9999 5195 1
9999 5471 1
9999 4112 1
9999 2589 1
9999 1668 1
6355 5195 1
6355 5471 1
6355 4112 1
6355 2589 1
6355 1668 1
1668 8156 1
1668 10425 1
1668 9758 1
1668 2451 1
1668 11137 1
2220 6554 1
2220 11165 1
2220 6477 1
2220 4419 1
2220 1659 1
7040 7385 1
7040 9064 1
7040 6364 1
7040 3516 1
7040 1689 1
9041 4685 1
9041 4956 1
9041 3233 1
9041 2220 1
9041 630 1
4685 5471 1
4685 3166 1
4685 2220 1
4685 1791 1
4685 954 1
2589 5282 1
2589 5935 1
2589 4112 1
2589 11137 1
2589 1668 1
7853 6837 1
7853 3272 1
7853 3242 1
7853 1348 1
7853 9309 1
4112 9758 1
4112 8156 1
4112 11137 1
4112 2589 1
4112 1668 1
1559 8156 1
1559 10425 1
1559 9758 1
1559 2451 1
1559 7938 1
9246 7853 1
9246 5219 1
9246 3242 1
9246 1348 1
9246 9309 1
8156 5195 1
8156 5471 1
8156 4112 1
8156 2589 1
8156 1668 1
5195 11137 1
5195 6552 1
5195 4112 1
5195 2589 1
5195 1668 1
3233 6364 1
3233 10215 1
3233 6477 1
3233 9794 1
3233 1689 1
2451 5282 1
2451 5935 1
2451 5779 1
2451 9999 1
2451 1668 1
7385 9041 1
7385 9758 1
7385 6364 1
7385 3516 1
7385 1689 1
954 8089 1
954 9758 1
954 7192 1
954 2562 1
954 7040 1
1659 9898 1
1659 6881 1
1659 11054 1
1659 10000 1
1659 3314 1
4419 4685 1
4419 9064 1
4419 7559 1
4419 3516 1
4419 1689 1
2947 7183 1
2947 6430 1
2947 3724 1
2947 6401 1
2947 2219 1
11165 9799 1
11165 10855 1
11165 7700 1
11165 6065 1
11165 2569 1
4956 8151 1
4956 9041 1
4956 4245 1
4956 3270 1
4956 1504 1
6554 6881 1
6554 8004 1
6554 9460 1
6554 9160 1
6554 2929 1
11137 5195 1
11137 5471 1
11137 4112 1
11137 2589 1
11137 1668 1
2219 5242 1
2219 9383 1
2219 9744 1
2219 3188 1
2219 1301 1
5227 8703 1
5227 10291 1
5227 7560 1
5227 1555 1
9758 10425 1
9758 3166 1
9758 2220 1
9758 1791 1
9758 954 1
4850 8462 1
4850 7006 1
4850 3755 1
4850 2947 1
4850 2219 1
1791 3233 1
1791 2220 1
1791 7385 1
1791 6477 1
1791 1689 1
10425 5195 1
10425 5471 1
10425 4112 1
10425 2589 1
10425 1668 1
6477 9041 1
6477 9064 1
6477 6364 1
6477 3516 1
6477 1689 1
5471 6012 1
5471 4685 1
5471 2589 1
5471 2451 1
5471 1348 1
630 10215 1
630 9907 1
630 6364 1
630 8089 1
630 4419 1
3166 2601 1
3166 7938 1
3166 2340 1
3166 1668 1
3166 954 1
3724 7183 1
3724 6430 1
3724 6934 1
3724 2947 1
3724 2219 1
7183 5110 1
7183 5866 1
7183 3755 1
7183 2947 1
7183 2219 1
10000 5097 1
10000 5612 1
10000 4255 1
10000 3314 1
10000 880 1
10291 6346 1
10291 7933 1
10291 5194 1
10291 3757 1
10291 2043 1
2340 9758 1
2340 6364 1
2340 4112 1
2340 2562 1
2340 1558 1
9907 8089 1
9907 9064 1
9907 6364 1
9907 3516 1
9907 1689 1
6012 10942 1
6012 6297 1
6012 8919 1
6012 7429 1
6012 3870 1
7006 5110 1
7006 5866 1
7006 3755 1
7006 2947 1
7006 2219 1
9309 9829 1
9309 11148 1
9309 9246 1
9309 10621 1
9309 5507 1
8462 5110 1
8462 5866 1
8462 3755 1
8462 2947 1
8462 2219 1
5219 7853 1
5219 6837 1
5219 3242 1
5219 1348 1
5219 9246 1
3188 2219 1
3188 5867 1
3188 7533 1
7700 6551 1
7700 5674 1
7700 5072 1
7700 1234 1
7700 6911 1
9160 6554 1
9160 2430 1
9160 9207 1
9160 1087 1
9160 7186 1
7938 5195 1
7938 5471 1
7938 4112 1
7938 2589 1
7938 1668 1
8004 9160 1
8004 11165 1
8004 7038 1
8004 6473 1
8004 2220 1
1504 5496 1
1504 6821 1
1504 5124 1
1504 1406 1
1504 6137 1
3755 9217 1
3755 8462 1
3755 2947 1
3755 2460 1
3755 1301 1
3270 10158 1
3270 11130 1
3270 3747 1
3270 6106 1
3270 8006 1
4245 4212 1
4245 3414 1
4245 2439 1
4245 1434 1
4245 6432 1
2929 4596 1
2929 4346 1
2929 2985 1
2929 3995 1
2929 4815 1
1555 10291 1
1555 6010 1
1555 2530 1
1555 7899 1
1555 7560 1
8151 7123 1
8151 7392 1
8151 9319 1
8151 7748 1
8151 6365 1
6065 6511 1
6065 6643 1
6065 10700 1
6065 7700 1
6065 5121 1
9460 8004 1
9460 2929 1
9460 6554 1
9460 1201 1
9460 4346 1
5935 5195 1
5935 5471 1
5935 4112 1
5935 2589 1
5935 1668 1
10855 11165 1
10855 7700 1
10855 6551 1
10855 5072 1
5779 5195 1
5779 5471 1
5779 4112 1
5779 2589 1
5779 1668 1
9799 10887 1
9799 10693 1
9799 7048 1
9799 6036 1
9799 3045 1
6552 5468 1
6552 6224 1
6552 1559 1
6552 1250 1
6552 7938 1
6881 5575 1
6881 2080 1
6881 1659 1
6881 1010 1
6881 6554 1
7560 9740 1
7560 6251 1
7560 5227 1
7560 1555 1
7560 8703 1
2601 5195 1
2601 9341 1
2601 6576 1
2601 1082 1
2601 6977 1
6430 4609 1
6430 5093 1
6430 3587 1
6430 2650 1
6430 2039 1
9383 10471 1
9383 2975 1
9383 2219 1
9383 1552 1
9383 873 1
3272 9309 1
3272 7853 1
3272 6837 1
3272 1348 1
6934 5110 1
6934 5866 1
6934 3755 1
6934 2947 1
6934 2219 1
2569 2596 1
2569 4422 1
2569 5552 1
2569 9610 1
2569 2056 1
6837 7853 1
6837 9692 1
6837 9579 1
6837 9309 1
6837 4594 1
9744 5110 1
9744 5866 1
9744 3755 1
9744 2947 1
9744 2219 1
5282 5195 1
5282 7938 1
5282 4112 1
5282 2589 1
5282 1668 1
3242 9829 1
3242 4594 1
3242 6837 1
3242 1348 1
3242 7999 1
7192 9306 1
7192 4407 1
7192 2530 1
7192 2214 1
7192 1190 1
1301 6767 1
1301 7006 1
1301 9744 1
1301 3404 1
1301 1452 1
2562 5282 1
2562 5935 1
2562 7192 1
2562 7938 1
2562 1668 1
3314 6248 1
3314 10364 1
3314 5097 1
3314 6329 1
3314 10371 1
5242 8703 1
5242 3211 1
5242 2336 1
5242 1952 1
5242 828 1
9898 7881 1
9898 8144 1
9898 9880 1
9898 9609 1
9898 5433 1
11054 2571 1
11054 3062 1
11054 6019 1
11054 357 1
11054 5439 1
6401 4850 1
6401 5242 1
6401 3587 1
6401 2870 1
6401 2219 1
6511 10700 1
6511 6065 1
6511 5121 1
6511 4733 1
6511 6643 1
6365 5996 1
6365 5124 1
6365 3636 1
6365 3270 1
6365 8151 1
10942 11137 1
10942 4685 1
10942 2589 1
10942 2451 1
10942 1348 1
2530 4768 1
2530 10707 1
2530 1828 1
2530 1559 1
2530 10733 1
4815 5234 1
4815 2929 1
4815 2627 1
4815 1618 1
4815 6410 1
7999 3242 1
7999 6837 1
3995 9460 1
3995 2929 1
3995 1659 1
3995 1201 1
3995 6473 1
1010 6881 1
1010 3111 1
10700 9126 1
10700 4733 1
10700 6643 1
10700 963 1
10700 6065 1
6432 10809 1
6432 8151 1
6432 5042 1
6432 4347 1
6432 2815 1
2439 6841 1
2439 7898 1
2439 10840 1
2439 10267 1
2439 2804 1
3747 9277 1
3747 9594 1
3747 1482 1
3747 1248 1
3747 9446 1
1558 2340 1
1558 10352 1
1558 1126 1
1558 1035 1
1558 9530 1
9319 9228 1
9319 10276 1
9319 6894 1
9319 5042 1
9319 2559 1
11130 5477 1
11130 6291 1
11130 4387 1
11130 3659 1
11130 2380 1
2460 3755 1
2460 7006 1
2460 8462 1
2460 4609 1
2460 2219 1
9217 10028 1
9217 3755 1
9217 5432 1
9217 3764 1
9217 2605 1
2650 7183 1
2650 6430 1
2650 3724 1
2650 2947 1
2650 2219 1
6137 6443 1
6137 9374 1
6137 1987 1
6137 1504 1
6137 10983 1
4346 9726 1
4346 6954 1
4346 9460 1
4346 4596 1
4346 2985 1
5124 10007 1
5124 5724 1
5124 6242 1
5124 7171 1
5124 2944 1
3414 4245 1
3414 6841 1
3414 6655 1
3414 9050 1
3414 4548 1
3404 8349 1
3404 5435 1
3404 1301 1
3404 1149 1
3404 11055 1
7123 3866 1
7123 4956 1
7123 9071 1
7123 1082 1
7123 9468 1
357 8767 1
357 1157 1
357 1535 1
357 9733 1
357 4862 1
7899 10799 1
7899 9739 1
7899 5254 1
7899 1555 1
4255 6056 1
4255 8891 1
4255 10211 1
4255 4943 1
4255 3314 1
6643 6511 1
6643 5121 1
6643 10092 1
6643 3129 1
6643 10700 1
7038 9207 1
7038 8004 1
7038 6554 1
7038 1659 1
7186 10024 1
7186 8943 1
7186 10883 1
7186 3286 1
7186 1659 1
7392 5781 1
7392 8761 1
7392 5546 1
7392 7908 1
7392 3140 1
4407 4752 1
4407 7192 1
4407 10742 1
4407 3746 1
4407 1229 1
1087 2042 1
1087 8363 1
1087 3225 1
1087 7830 1
1087 8584 1
2430 6204 1
2430 2815 1
2430 3562 1
2430 11046 1
2430 6473 1
9609 7881 1
9609 9063 1
9609 6905 1
9609 5433 1
9609 3612 1
8144 9898 1
8144 9804 1
8144 9609 1
8144 9658 1
8144 5622 1
7881 9804 1
7881 8144 1
7881 9898 1
7881 9658 1
7881 5622 1
6329 5971 1
6329 11006 1
6329 1535 1
6329 1061 1
6329 9015 1
6911 11165 1
6911 6065 1
6911 5674 1
6911 1234 1
6911 7700 1
2336 2612 1
2336 7519 1
2336 10598 1
2336 6163 1
2336 1452 1
10371 8064 1
10371 10211 1
10371 6329 1
10371 5097 1
10371 3314 1
9692 6837 1
6297 7464 1
6297 9630 1
6297 8336 1
6297 6012 1
6297 3870 1
2043 1555 1
2043 2546 1
2043 10291 1
9207 9160 1
9207 11165 1
9207 8004 1
9207 1234 1
9207 6633 1
10364 4452 1
10364 4849 1
10364 3898 1
10364 2606 1
10364 870 1
6248 10211 1
6248 6504 1
6248 10371 1
6248 5097 1
6248 3314 1
9740 7560 1
9740 9169 1
9740 5824 1
9740 4105 1
9740 1365 1
1452 8703 1
1452 9383 1
1452 9744 1
1452 4609 1
1452 854 1
6767 4178 1
6767 4819 1
6767 2947 1
6767 2463 1
6767 1452 1
2214 2601 1
2214 5935 1
2214 2589 1
2214 5265 1
2214 1668 1
9306 10882 1
9306 4685 1
9306 2589 1
9306 2451 1
9306 1348 1
4594 300 1
4594 6837 1
4594 3242 1
3211 4262 1
3211 6848 1
3211 2219 1
3211 628 1
3211 5242 1
9579 5939 1
9579 7213 1
9579 2752 1
9579 2403 1
9579 1731 1
5552 8725 1
5552 8632 1
5552 8225 1
5552 10109 1
5552 5121 1
10887 10273 1
10887 10931 1
10887 9799 1
10887 11165 1
10887 8025 1
3062 2192 1
3062 2505 1
3062 10041 1
3062 317 1
3062 4297 1
873 10471 1
873 3692 1
873 8282 1
873 6291 1
873 3010 1
1552 9383 1
1552 10240 1
1552 7520 1
1552 184 1
1552 6281 1
2975 2571 1
2975 8961 1
2975 6894 1
2975 312 1
2975 4298 1
6019 2975 1
6019 3409 1
6019 7695 1
6019 483 1
6019 6712 1
2039 5852 1
2039 3004 1
2039 10760 1
2039 4129 1
2039 6430 1
3587 10549 1
3587 9744 1
3587 9135 1
3587 2650 1
3587 1452 1
5093 4933 1
5093 9744 1
5093 3755 1
5093 2947 1
5093 2219 1
2571 7239 1
2571 8282 1
2571 8523 1
2571 483 1
2571 4061 1
6551 7700 1
6551 8356 1
6551 8591 1
6551 5072 1
6551 9799 1
8006 9448 1
8006 7078 1
8006 3669 1
8006 3270 1
8006 7084 1
828 9470 1
828 2840 1
828 9752 1
828 910 1
828 3716 1
4609 10445 1
4609 6767 1
4609 3755 1
4609 2947 1
4609 2219 1
6977 9468 1
6977 3624 1
6977 2601 1
6977 2388 1
6977 1250 1
11148 9309 1
1082 1416 1
1082 10152 1
1082 2573 1
1082 5382 1
1082 9468 1
9341 2601 1
6251 7560 1
6251 6561 1
6251 8592 1
6251 1555 1
6251 8009 1
2080 6554 1
2080 4521 1
2080 6881 1
2080 1659 1
2080 6954 1
5575 5157 1
5575 6881 1
5575 7136 1
1250 3047 1
1250 2686 1
1250 2412 1
1250 7686 1
1250 1136 1
5433 5622 1
5433 9609 1
5433 8144 1
5433 9658 1
5433 9898 1
3045 6874 1
3045 9799 1
3045 2129 1
3045 1508 1
3045 5543 1
7048 9799 1
7048 6036 1
7048 4956 1
7048 4404 1
7048 6432 1
7533 5867 1
7533 3188 1
7533 2718 1
7533 2219 1
7533 8645 1
4422 5859 1
4422 8437 1
4422 9013 1
4422 8514 1
4422 2015 1
10693 8822 1
10693 8958 1
10693 9846 1
10693 9148 1
10693 3734 1
5121 10109 1
5121 6065 1
5121 10700 1
5121 4733 1
5121 8632 1
2596 10050 1
2596 8225 1
2596 4833 1
2596 9610 1
2596 2356 1
6576 8705 1
6576 9253 1
6576 2388 1
6576 2177 1
6576 8959 1
10158 3229 1
10158 4108 1
10158 8547 1
10158 477 1
10158 8002 1
5496 9823 1
5496 11173 1
5496 1987 1
5496 1504 1
5496 6376 1
10471 9383 1
10471 10110 1
10471 6352 1
10471 4078 1
10471 1274 1
8919 5946 1
8919 6228 1
8919 5225 1
8919 3870 1
8919 1566 1
6106 3270 1
5867 2219 1
5867 7533 1
5867 3188 1
3870 6297 1
3870 6012 1
3870 10942 1
3870 7640 1
3870 5954 1
5507 9309 1
5507 8450 1
5507 5054 1
5507 4184 1
5507 10621 1
2985 9291 1
2985 4596 1
2985 6554 1
2985 8167 1
2985 8004 1
9829 7853 1
9829 5219 1
9829 3242 1
9829 1348 1
9829 9246 1
9610 4833 1
9610 2569 1
9610 2056 1
9610 1653 1
9610 8416 1
2870 8373 1
2870 6401 1
2870 2219 1
2870 184 1
2870 9191 1
880 5612 1
880 6504 1
880 4513 1
880 8916 1
880 9540 1
7429 7640 1
7429 10882 1
7429 5954 1
7429 5471 1
7429 3094 1
5439 2975 1
5439 3409 1
5439 6595 1
5439 483 1
5439 8282 1
2056 10050 1
2056 8416 1
2056 1653 1
2056 1340 1
2056 2596 1
6036 5010 1
6036 6935 1
6036 1354 1
6036 918 1
6036 7359 1
6346 10291 1
6346 10263 1
6346 5248 1
6346 3397 1
6346 1715 1
4212 8013 1
4212 5885 1
4212 11037 1
4212 7390 1
4212 3692 1
10621 5054 1
10621 9309 1
10621 5507 1
5674 6911 1
5674 7700 1
5674 6065 1
5674 1234 1
5674 11165 1
1406 9374 1
1406 6109 1
1406 2831 1
1406 7432 1
1406 3747 1
1201 3770 1
1201 9460 1
1201 3995 1
1201 2929 1
1201 1659 1
4596 7417 1
4596 3875 1
4596 2987 1
4596 2878 1
4596 1302 1
6224 5278 1
6224 5868 1
6224 3926 1
6224 3389 1
6224 1250 1
6821 6197 1
6821 7994 1
6821 1541 1
6821 1406 1
6821 10343 1
5110 6934 1
5110 9744 1
5110 3755 1
5110 2947 1
5110 2219 1
7748 8535 1
7748 9106 1
7748 9155 1
7748 8151 1
7748 7221 1
5097 8182 1
5097 4513 1
5097 3447 1
5097 2606 1
5097 870 1
5194 8673 1
5194 10291 1
5194 5105 1
5194 3291 1
5194 8826 1
5866 5110 1
5866 6934 1
5866 3755 1
5866 2947 1
5866 2219 1
5468 8178 1
5468 3457 1
5468 2573 1
5468 2371 1
5468 1169 1
1952 2336 1
1952 2405 1
1952 6163 1
1952 7436 1
1952 1452 1
7933 8673 1
7933 9849 1
7933 10291 1
7933 1555 1
7933 9354 1
1434 4753 1
1434 4245 1
1434 4212 1
1434 3617 1
1434 3806 1
5072 11165 1
5072 10931 1
5072 10584 1
5072 7700 1
5072 3863 1
3757 1555 1
3757 4285 1
3757 10291 1
6473 6734 1
6473 9880 1
6473 4059 1
6473 2929 1
6473 1854 1
6010 8656 1
6010 10291 1
6010 1555 1
6010 489 1
6010 9354 1
1234 11165 1
1234 3562 1
1234 5206 1
1234 5245 1
1234 9281 1
5612 6367 1
5612 6056 1
5612 9540 1
5612 5190 1
5612 3447 1
9880 6473 1
9880 5248 1
9880 4059 1
9880 1659 1
9880 9898 1
1190 9101 1
1190 5308 1
1190 1303 1
1190 4624 1
1190 7543 1
7221 9468 1
7221 5100 1
7221 4956 1
7221 7748 1
4752 4054 1
4752 203 1
4752 39 1
4752 4407 1
8535 6407 1
8535 7748 1
8535 9106 1
3875 5937 1
3875 7417 1
3875 6182 1
3875 11136 1
6197 3572 1
6197 4724 1
6197 10073 1
6197 8469 1
1302 7831 1
1302 3748 1
1302 4193 1
1302 4596 1
2987 3875 1
2987 4530 1
2987 9868 1
2987 3542 1
2987 1123 1
7432 6376 1
7432 1987 1
7432 1504 1
7432 9823 1
2831 7123 1
2831 1987 1
2831 1504 1
2831 3747 1
11037 9896 1
11037 7224 1
11037 3617 1
5885 8450 1
5885 8227 1
5885 10941 1
5885 4212 1
8013 9253 1
8013 8871 1
8013 3062 1
8013 2658 1
8013 834 1
1715 5798 1
1715 10263 1
1715 4239 1
1715 1483 1
4184 5507 1
10263 2097 1
10263 1934 1
10263 9593 1
918 4208 1
918 9855 1
918 4562 1
918 9797 1
9148 9973 1
9148 1727 1
9148 1368 1
5868 5724 1
5868 6197 1
5868 1341 1
5868 1169 1
5868 7885 1
1340 1653 1
1340 10050 1
1340 4833 1
1340 8416 1
1340 2056 1
8916 7944 1
8916 9802 1
8916 5612 1
8916 5097 1
8916 1011 1
9739 7899 1
9739 5254 1
9739 5084 1
9191 8373 1
9191 3155 1
9191 2870 1
9191 2219 1
9191 11155 1
8373 4850 1
8373 5242 1
8373 3587 1
8373 2870 1
8373 2219 1
8416 2596 1
8416 2056 1
8416 1653 1
8416 1340 1
8416 4833 1
8167 4596 1
8167 2987 1
8167 2985 1
3229 2532 1
5954 7464 1
5954 6012 1
5954 7640 1
5954 7429 1
5954 3870 1
7640 7998 1
7640 2562 1
7640 2340 1
7640 1035 1
6228 775 1
1274 10292 1
1274 5206 1
1274 7848 1
1274 1942 1
10110 10471 1
6376 5637 1
6376 8381 1
6376 1541 1
6376 1482 1
6376 11173 1
11173 9405 1
11173 1987 1
11173 1504 1
11173 10809 1
3094 6297 1
477 10777 1
9530 10352 1
9530 1558 1
9530 1126 1
9530 1035 1
4108 10158 1
4108 2691 1
5278 5868 1
5278 7120 1
5278 7264 1
8959 5914 1
8959 7958 1
8959 1082 1
2177 2401 1
9846 7501 1
9846 5794 1
9540 7944 1
9540 9802 1
9540 5612 1
9540 5097 1
9540 1011 1
5859 9215 1
5859 494 1
8645 7533 1
8645 5173 1
8645 3316 1
8645 2718 1
9468 7248 1
9468 1767 1
9468 9253 1
1541 6803 1
1541 7123 1
1541 7432 1
1541 1504 1
1541 6376 1
4404 7048 1
4404 6036 1
5543 6244 1
5543 10248 1
5543 4937 1
9658 3698 1
9658 4067 1
9658 2817 1
9658 1119 1
1508 5662 1
1508 2464 1
1508 8329 1
1136 5868 1
1136 4727 1
1136 7264 1
5265 5151 1
5265 7938 1
5265 4112 1
5265 2589 1
5265 1668 1
8547 7427 1
2412 2686 1
2412 6552 1
2412 7299 1
2412 2388 1
2412 1250 1
6367 10000 1
6367 7270 1
6367 6056 1
6367 5190 1
6367 3447 1
2686 9468 1
2686 3346 1
2686 2573 1
2686 2371 1
2686 1250 1
4521 10585 1
4521 6364 1
4521 1035 1
4521 946 1
4521 5090 1
8009 6561 1
8009 9607 1
8009 4303 1
8009 2078 1
2573 2686 1
2573 10516 1
2573 3457 1
2573 2388 1
2573 1250 1
5042 11114 1
5042 9228 1
5042 8151 1
5042 7392 1
5042 5015 1
10152 10329 1
10152 3624 1
10152 2601 1
10152 2388 1
10152 1250 1
2356 6135 1
2356 1068 1
2356 5513 1
3624 7274 1
3624 7299 1
3624 2601 1
3624 2388 1
3624 1250 1
10445 4609 1
10445 9665 1
5946 6012 1
5946 4685 1
5946 2589 1
5946 2451 1
5946 1348 1
2840 9607 1
2840 9332 1
2840 9752 1
2840 8458 1
2840 1633 1
9470 8843 1
9470 9361 1
9470 6713 1
9470 5232 1
9470 2137 1
7084 8736 1
7084 1958 1
7084 1197 1
7084 7091 1
5432 9217 1
9448 8006 1
9448 4800 1
9448 3669 1
9448 3270 1
9448 10730 1
8356 6551 1
8356 9180 1
2388 9326 1
2388 3346 1
2388 7299 1
2388 2371 1
2388 1250 1
8523 2402 1
8523 2958 1
8523 5751 1
8523 360 1
4933 9776 1
4933 10386 1
4933 5638 1
4933 10365 1
4933 4827 1
8225 8040 1
8225 9804 1
8225 5552 1
8225 5086 1
8225 1374 1
7686 9347 1
7686 2388 1
7686 1767 1
7686 1082 1
10549 5110 1
10549 5866 1
10549 3755 1
10549 2947 1
10549 2219 1
9726 1849 1
9726 7032 1
9726 4346 1
3004 5852 1
3004 10760 1
3004 4129 1
3004 2039 1
3004 6430 1
10760 5852 1
10760 4129 1
10760 3004 1
10760 2039 1
10760 6430 1
5852 10760 1
5852 4129 1
5852 3004 1
5852 2039 1
5852 6430 1
6712 2975 1
6712 3409 1
6712 8755 1
6712 483 1
6712 6572 1
7695 2975 1
7695 3409 1
7695 483 1
7695 6572 1
312 8515 1
312 2044 1
312 6836 1
3389 5278 1
3389 7264 1
3389 5868 1
3047 7274 1
3047 10890 1
3047 2601 1
3047 2388 1
3047 1250 1
184 2870 1
184 10471 1
184 7119 1
3692 10873 1
3692 2848 1
3692 1877 1
3692 1229 1
4297 3344 1
4297 437 1
4297 8343 1
1828 3411 1
1828 5210 1
1828 3303 1
317 9788 1
317 7843 1
317 10782 1
317 3344 1
5225 6814 1
5225 9572 1
5225 6228 1
5225 6349 1
8725 10109 1
8725 6421 1
8725 5552 1
8725 5121 1
8725 8632 1
1731 6198 1
1731 2200 1
1731 7967 1
1731 10913 1
1731 2603 1
2403 2522 1
2403 9148 1
2403 7831 1
2403 4698 1
2403 9579 1
7213 9627 1
7213 4469 1
7213 9669 1
4833 8416 1
4833 10050 1
4833 10532 1
4833 6950 1
4833 2569 1
8514 4422 1
8514 8518 1
8514 8397 1
8514 2015 1
10983 1482 1
10983 1248 1
628 4262 1
628 3211 1
628 4827 1
628 6848 1
628 5242 1
6848 5242 1
6848 8123 1
6848 4827 1
300 4943 1
300 4594 1
300 5607 1
9594 6595 1
9594 1082 1
3010 3218 1
3010 2401 1
3010 2097 1
3010 873 1
2192 8961 1
2192 357 1
2463 6767 1
2463 8443 1
4819 6767 1
4819 1876 1
4819 9180 1
4178 9744 1
4178 7006 1
4178 3755 1
4178 2947 1
4178 2219 1
5824 5824 1
5824 4971 1
4548 3414 1
1061 10211 1
1061 3942 1
1061 10921 1
1061 10126 1
3770 9460 1
3770 2929 1
3770 1659 1
3770 1201 1
3770 6473 1
6633 9207 1
6633 3286 1
2944 7123 1
2944 8959 1
2944 2601 1
2944 2388 1
2944 1250 1
8705 3457 1
8705 2573 1
8705 2371 1
8705 1250 1
910 3224 1
910 5448 1
2546 2043 1
2546 10291 1
6242 5124 1
6242 10809 1
1303 1876 1
1303 3861 1
9101 7761 1
9101 8116 1
5190 6367 1
5190 6056 1
5190 7944 1
5190 5097 1
5190 1011 1
9281 3800 1
9281 5996 1
9281 5245 1
2752 5393 1
2752 9579 1
2752 9669 1
5206 2295 1
489 6010 1
489 9354 1
10041 2936 1
10041 3344 1
10041 437 1
8656 6010 1
8656 9354 1
4059 6473 1
4059 9880 1
4059 9804 1
6734 6554 1
6734 8004 1
6734 4346 1
963 10700 1
963 4733 1
4285 3757 1
3863 5072 1
10584 8437 1
10584 11165 1
10584 9013 1
10584 4422 1
3397 10339 1
7078 8006 1
7078 10471 1
4624 10273 1
4624 2772 1
3806 3617 1
3806 1810 1
2015 3542 1
2015 1368 1
2015 1258 1
9752 9703 1
9752 2137 1
3617 3415 1
6204 2430 1
6204 10913 1
6204 5933 1
8025 10887 1
8025 10273 1
4753 1434 1
9354 7933 1
9354 8656 1
9354 7234 1
9354 8673 1
9849 7933 1
9849 3527 1
2405 8703 1
2405 9752 1
2405 854 1
10883 340 1
5157 5575 1
5157 8576 1
5157 7136 1
5157 7786 1
3764 9217 1
3764 3755 1
2606 6329 1
2606 10364 1
2606 5097 1
2606 10211 1
2606 10371 1
8826 5194 1
8826 10291 1
8826 8673 1
3291 5194 1
5105 8673 1
5105 10291 1
5105 5194 1
854 2405 1
854 2650 1
854 3587 1
854 4609 1
10240 9383 1
10240 6281 1
10240 1552 1
10240 184 1
4105 3644 1
9013 4422 1
9013 5072 1
9013 5933 1
2878 3062 1
5054 5543 1
5054 6000 1
6281 6281 1
6281 1552 1
6281 6281 1
9169 4105 1
9169 4971 1
9169 3572 1
2627 4815 1
3898 10667 1
3898 10126 1
3898 4452 1
1035 2214 1
1035 5935 1
1035 2589 1
1035 1558 1
1035 2562 1
6352 5971 1
6352 10471 1
6352 6197 1
8584 5393 1
10598 7519 1
10598 9752 1
10598 6163 1
10598 1452 1
2612 10365 1
2612 5242 1
2612 9752 1
2612 7436 1
2612 1452 1
7520 7554 1
7520 6410 1
7520 4640 1
7520 2430 1
5245 5607 1
5245 9281 1
5245 1234 1
11006 2568 1
11006 3042 1
11006 5964 1
11006 437 1
8961 3344 1
8961 483 1
5971 4862 1
5971 987 1
3926 4730 1
3926 9929 1
3926 1229 1
5622 9898 1
5622 9804 1
5622 9658 1
11046 8736 1
5010 4952 1
5010 2794 1
5010 1535 1
7464 10585 1
7464 10942 1
7464 7429 1
7464 6012 1
7464 3870 1
8282 2658 1
8282 10874 1
8282 357 1
9277 2702 1
3562 2430 1
3562 1659 1
3562 1234 1
3562 10687 1
7830 10972 1
2042 3225 1
7359 7977 1
8591 10931 1
8591 9799 1
8591 10887 1
8591 6551 1
8591 9180 1
8182 4452 1
8182 10126 1
1416 9468 1
1416 3346 1
1416 2412 1
1416 1250 1
10742 4752 1
10742 4407 1
10742 1567 1
9106 7748 1
9106 8535 1
8450 3925 1
8450 2634 1
5996 9281 1
5996 8904 1
7908 1087 1
7908 7392 1
7543 4407 1
8363 1087 1
8363 1054 1
7136 9148 1
7136 6881 1
7136 5575 1
7136 2015 1
1365 2560 1
1365 744 1
2559 2078 1
9126 6161 1
8761 7392 1
8761 5102 1
4262 10451 1
4262 5230 1
4262 6848 1
3746 4407 1
5382 7274 1
5382 3624 1
5382 2601 1
5382 2388 1
5382 1250 1
9063 6905 1
9063 3973 1
9063 1487 1
9063 410 1
9063 9609 1
5781 7914 1
5781 2463 1
7417 4596 1
7417 2987 1
7417 2985 1
7417 3875 1
3636 6312 1
3636 5124 1
3636 6365 1
1248 8547 1
1248 7432 1
3286 10751 1
3286 9043 1
3286 2776 1
4513 10211 1
4513 5097 1
4513 4943 1
4513 5190 1
4513 1011 1
8891 8064 1
8891 11054 1
8891 6329 1
8891 5097 1
8891 3314 1
8822 10693 1
3129 10647 1
3129 9590 1
3129 10092 1
5254 10799 1
5254 1657 1
5254 9739 1
8943 7186 1
8943 3286 1
10799 5254 1
10799 9739 1
10799 7899 1
4078 10247 1
4078 5064 1
4078 2754 1
9804 4059 1
9804 2596 1
9804 2191 1
3669 7390 1
3669 7084 1
3669 3270 1
3669 9448 1
2371 7274 1
2371 6552 1
2371 7686 1
2371 2944 1
2371 1250 1
9733 2447 1
9733 2975 1
9733 5969 1
9733 360 1
5234 2929 1
5234 4815 1
5234 3235 1
8958 7511 1
8958 3734 1
8958 3732 1
8958 2110 1
8958 10693 1
6504 4452 1
6504 4849 1
6504 3898 1
6504 2606 1
6504 870 1
1157 9373 1
1157 3523 1
1566 6297 1
1566 6012 1
1566 7464 1
1566 9306 1
1566 10882 1
5546 9416 1
5546 7392 1
5546 5299 1
5546 1219 1
8767 5815 1
8767 976 1
8767 687 1
8767 7720 1
2718 3246 1
2718 5173 1
2718 7587 1
2718 10634 1
2718 783 1
10707 5195 1
10707 5471 1
10707 4112 1
10707 2589 1
10707 1668 1
9071 6645 1
9071 1482 1
9071 1173 1
9071 8381 1
10273 7257 1
10273 4624 1
10273 2772 1
10273 1213 1
10273 8025 1
7436 9752 1
7436 10365 1
7436 6163 1
7436 1452 1
483 4747 1
483 1564 1
483 1892 1
483 6061 1
483 4563 1
11055 1301 1
11055 3404 1
10840 6035 1
10840 1190 1
4943 4345 1
4943 8064 1
4943 3314 1
4943 1659 1
4943 761 1
3716 6163 1
3716 6713 1
3716 9188 1
3716 8211 1
3716 2137 1
5308 3861 1
5308 4704 1
5308 3136 1
5308 2119 1
5308 1213 1
10882 3572 1
10882 4629 1
10882 8013 1
10882 360 1
10882 7606 1
3111 3748 1
3111 1380 1
3111 1279 1
3111 4853 1
8349 6166 1
8349 6243 1
8349 6107 1
8349 3404 1
10276 5042 1
10276 1671 1
10276 1530 1
10276 1504 1
10276 8263 1
2505 2381 1
2505 9264 1
2505 9110 1
2505 357 1
2505 6491 1
6595 2112 1
6595 6770 1
6595 264 1
6595 3993 1
3734 10693 1
3734 10656 1
3734 2467 1
3734 2169 1
3734 9846 1
8178 8959 1
8178 3624 1
8178 2601 1
8178 2388 1
8178 1250 1
5724 3457 1
5724 2573 1
5724 2371 1
5724 1250 1
6109 6443 1
6109 9374 1
6109 1987 1
6109 1504 1
6109 10983 1
8673 10291 1
8673 5194 1
8673 5105 1
8673 92 1
8673 8826 1
2129 3045 1
2129 9799 1
2129 5998 1
2815 9160 1
2815 6432 1
2815 2430 1
2815 4639 1
6905 9063 1
6905 3973 1
6905 1487 1
6905 410 1
6905 9609 1
9446 6821 1
9446 9071 1
9446 1882 1
9446 1482 1
9446 10073 1
4129 5852 1
4129 10760 1
4129 3004 1
4129 2039 1
4129 6430 1
7994 8543 1
7994 1987 1
7994 1504 1
7994 9405 1
9630 8919 1
9630 10882 1
9630 7429 1
9630 6012 1
9630 3870 1
10028 6244 1
10028 9778 1
10028 7121 1
10028 2215 1
1854 6473 1
1854 5933 1
1854 9013 1
7171 10329 1
7171 3346 1
7171 2388 1
7171 1767 1
7171 1082 1
10109 8632 1
10109 8725 1
10109 8166 1
10109 9363 1
9291 7638 1
9291 5770 1
9291 8357 1
9291 4530 1
8064 5097 1
8064 5612 1
8064 4255 1
8064 3314 1
8064 880 1
5477 11130 1
10733 2530 1
1169 2686 1
1169 5382 1
1169 7299 1
1169 10890 1
1169 3457 1
1987 3288 1
1987 9731 1
1987 1504 1
1987 3747 1
1354 6036 1
1354 2162 1
1354 3062 1
1354 5260 1
7898 2439 1
7898 2038 1
7898 1548 1
7898 10850 1
10352 10590 1
10352 1558 1
10352 1035 1
10352 4896 1
7239 2975 1
7239 3409 1
7239 483 1
7239 6572 1
8632 9449 1
8632 8725 1
8632 10688 1
8632 6892 1
8632 5121 1
3140 7392 1
3140 7595 1
1126 1558 1
1126 10352 1
1126 1035 1
1126 9530 1
6443 6689 1
6443 7057 1
6443 1987 1
6443 1504 1
6443 9446 1
1535 8303 1
1535 1564 1
1535 2979 1
1535 437 1
1535 4483 1
10092 9854 1
10092 10910 1
10092 6469 1
10092 2320 1
9374 6689 1
9374 8543 1
9374 1987 1
9374 1504 1
9374 11068 1
6410 9860 1
6410 9294 1
6410 4815 1
6410 4243 1
6410 2125 1
1618 6410 1
1618 6487 1
1618 2627 1
1618 1506 1
6935 1716 1
6935 2162 1
6935 8133 1
6935 3772 1
9155 7748 1
7519 9752 1
7519 10173 1
7519 6163 1
7519 1452 1
4733 5121 1
4733 6065 1
4733 963 1
4733 6643 1
10050 5552 1
10050 5298 1
10050 8225 1
10050 2569 1
5939 9206 1
5939 10493 1
5939 9738 1
5939 4053 1
8437 5072 1
8437 3753 1
8437 9013 1
4347 2601 1
4347 6432 1
6874 8151 1
6874 10355 1
6874 3913 1
6874 2078 1
6056 5190 1
6056 8064 1
6056 4345 1
6056 3447 1
6056 880 1
4862 5425 1
4862 899 1
4862 7618 1
6954 4591 1
6954 6121 1
6954 6734 1
6954 2080 1
10809 5947 1
10809 7190 1
10809 1504 1
10809 1254 1
10809 10528 1
3447 6504 1
3447 8916 1
3447 4682 1
3447 880 1
1653 9804 1
1653 4833 1
1653 9610 1
1653 5552 1
1653 8225 1
9015 8736 1
9015 1958 1
9015 1197 1
9015 9523 1
6561 8432 1
6561 8406 1
6561 8457 1
6561 4887 1
7390 6350 1
7390 7110 1
7390 5634 1
7390 4705 1
7390 2918 1
6163 9335 1
6163 3224 1
6163 2137 1
9050 10267 1
9050 7432 1
9050 8767 1
9050 7804 1
870 6504 1
870 10211 1
870 5335 1
870 5190 1
9228 10158 1
9228 9662 1
9228 6874 1
3866 7274 1
3866 3624 1
3866 2601 1
3866 2388 1
3866 1250 1
3457 7129 1
3457 3047 1
3457 2371 1
3457 1767 1
3457 1082 1
1149 6351 1
1149 3404 1
1149 10755 1
1149 7224 1
9253 6491 1
9253 7333 1
9253 5672 1
9253 2851 1
1482 2950 1
1482 8381 1
1482 7432 1
1482 1406 1
1482 3288 1
3659 3914 1
3659 7816 1
3659 1229 1
3659 976 1
3659 6385 1
6655 3414 1
9823 9405 1
9823 1987 1
9823 1504 1
9823 10143 1
8336 10882 1
8336 10942 1
8336 7429 1
8336 6012 1
8336 3870 1
6291 5516 1
6291 11130 1
6291 10205 1
6291 3408 1
4452 8951 1
4452 10921 1
4452 3898 1
3225 9911 1
3225 2042 1
3225 1087 1
10024 6965 1
10024 7186 1
10024 9579 1
10024 7907 1
10024 2603 1
4298 2658 1
4298 357 1
4298 8229 1
2605 7267 1
2605 6700 1
2605 11158 1
2605 8272 1
2605 9217 1
4061 2975 1
4061 3409 1
4061 8187 1
4061 483 1
4768 8156 1
4768 3804 1
4768 2562 1
4768 2413 1
4768 1348 1
2380 10162 1
2380 3897 1
2380 4387 1
2380 4388 1
2380 7242 1
4387 7307 1
4387 4814 1
4387 4427 1
6841 9931 1
6841 8668 1
6841 5968 1
6841 4318 1
6841 2547 1
10931 8591 1
10931 9782 1
10931 11165 1
10931 9799 1
10931 5072 1
5248 10830 1
5248 9880 1
5248 5012 1
5248 4170 1
5248 1659 1
3612 9609 1
3612 7694 1
3612 1487 1
3612 410 1
3612 10090 1
4849 10667 1
4849 10126 1
4849 4452 1
2804 7988 1
2804 7188 1
6894 2788 1
6894 3234 1
6894 6525 1
6894 477 1
10211 5190 1
10211 6056 1
10211 4345 1
10211 3447 1
10211 880 1
10343 2658 1
10343 3064 1
10343 6097 1
10343 357 1
10343 5574 1
5435 9225 1
5435 7914 1
5435 7924 1
5435 10573 1
5435 3404 1
10007 9761 1
10007 10158 1
10007 6892 1
10007 5376 1
