7227 1227 1
7227 111 1
7227 3519 1
1227 7227 1
1227 111 1
1227 3519 1
111 7227 1
111 1227 1
111 8782 1
111 9740 1
111 3519 1
3519 1227 1
3519 111 1
3519 7668 1
3519 7227 1
7668 3519 1
8782 10809 1
8782 4003 1
8782 2401 1
8782 2227 1
8782 2936 1
9740 11070 1
9740 10743 1
9740 7470 1
9740 374 1
9740 797 1
374 3133 1
374 9740 1
374 424 1
374 6161 1
374 9449 1
7470 9740 1
7470 3985 1
7470 3644 1
7470 3094 1
7470 3850 1
11070 8411 1
11070 3922 1
11070 9740 1
10743 6310 1
10743 2973 1
10743 11156 1
10743 720 1
10743 2700 1
10809 3288 1
10809 2691 1
10809 9319 1
10809 3092 1
10809 6432 1
2401 8002 1
2401 9740 1
2401 2077 1
2401 7479 1
2401 9912 1
2936 1681 1
2936 797 1
2936 7768 1
2936 1564 1
2936 3383 1
4003 7505 1
4003 4128 1
4003 3926 1
4003 10954 1
4003 853 1
2227 10976 1
2227 8247 1
2227 6825 1
2227 10757 1
2227 5833 1
797 2136 1
797 6267 1
797 5226 1
797 3416 1
797 9740 1
8002 3478 1
8002 2691 1
8002 2198 1
8002 3181 1
8002 10129 1
2691 2078 1
2691 1331 1
2691 9405 1
2691 1987 1
2691 7751 1
6310 10743 1
2973 2236 1
2973 564 1
2973 7419 1
2973 2700 1
2973 10743 1
6432 6767 1
6432 9617 1
6432 5638 1
6432 1504 1
6432 2601 1
9319 5042 1
9319 11114 1
9319 8151 1
9319 1254 1
9319 1948 1
7768 982 1
7768 606 1
7768 2958 1
7768 941 1
7768 2281 1
1564 1336 1
1564 730 1
1564 10874 1
1564 1157 1
1564 9141 1
3288 7190 1
3288 2762 1
3288 2223 1
3288 3597 1
3288 10397 1
8411 7479 1
8411 9740 1
8411 3985 1
8411 3922 1
8411 6815 1
720 10550 1
720 1115 1
720 4286 1
720 11177 1
720 5312 1
11156 4745 1
11156 3380 1
11156 6843 1
11156 2659 1
11156 2841 1
6161 5939 1
6161 3250 1
6161 7213 1
6161 713 1
6161 1960 1
3133 424 1
3133 374 1
3133 4107 1
3133 10881 1
3133 10453 1
9449 6688 1
9449 3673 1
9449 8408 1
9449 374 1
9449 1769 1
2700 3645 1
2700 10743 1
2700 2973 1
3922 10878 1
3922 6902 1
3922 11070 1
3922 2401 1
3922 3327 1
2136 5226 1
2136 6267 1
2136 3351 1
2136 9797 1
2136 10295 1
3850 11068 1
3850 3094 1
3850 7470 1
10954 6739 1
10954 4543 1
10954 3767 1
10954 6099 1
10954 11052 1
3383 1535 1
3383 730 1
3383 8961 1
3383 1233 1
3383 2788 1
853 9788 1
853 3364 1
853 10964 1
853 8756 1
853 10123 1
1681 1664 1
1681 756 1
1681 5792 1
1681 1535 1
1681 7768 1
6825 9642 1
6825 10032 1
6825 8763 1
6825 740 1
6825 2008 1
10757 5452 1
10757 4098 1
10757 3062 1
10757 5084 1
10757 9911 1
3416 3264 1
3416 4793 1
3416 8594 1
3416 1365 1
3416 1943 1
7505 1564 1
7505 853 1
7505 3772 1
7505 1517 1
7505 2946 1
5833 2227 1
8247 10318 1
8247 4941 1
8247 2227 1
8247 1754 1
8247 2936 1
6267 5942 1
6267 4251 1
6267 10751 1
6267 797 1
6267 2136 1
3094 5954 1
3094 5541 1
3094 8336 1
3094 11068 1
3094 913 1
4128 2532 1
4128 1365 1
4128 10091 1
4128 2406 1
4128 10149 1
9912 8174 1
9912 8684 1
9912 2401 1
9912 941 1
9912 4562 1
7479 6849 1
7479 3985 1
7479 2401 1
7479 2177 1
7479 3644 1
2077 5456 1
2077 2851 1
2077 1540 1
2077 5441 1
2077 6087 1
5226 10751 1
5226 9516 1
5226 5212 1
5226 797 1
5226 1795 1
3926 3692 1
3926 2595 1
3926 1945 1
3926 3572 1
3926 4253 1
10976 5970 1
10976 4610 1
10976 3844 1
10976 5542 1
10976 10512 1
3644 1785 1
3644 982 1
3644 11068 1
3644 1664 1
3644 2979 1
424 6223 1
424 8744 1
424 3133 1
424 10947 1
424 10534 1
3985 7470 1
3985 3644 1
3985 8411 1
3985 7479 1
3985 9740 1
3092 3011 1
3092 2078 1
3092 6970 1
3092 2831 1
3092 8531 1
1233 3100 1
1233 1025 1
1233 1564 1
1233 7768 1
1233 3262 1
8961 1739 1
8961 982 1
8961 3957 1
8961 1629 1
8961 3042 1
1535 1336 1
1535 730 1
1535 7379 1
1535 1157 1
1535 2192 1
1336 3100 1
1336 1130 1
1336 5318 1
1336 8719 1
1336 4747 1
11052 10031 1
11052 7505 1
11052 5815 1
11052 297 1
11052 687 1
4286 6060 1
4286 6704 1
4286 3931 1
4286 2578 1
4286 4168 1
5084 9739 1
5084 10813 1
5084 10757 1
5084 7188 1
5084 10952 1
10295 10751 1
10295 2136 1
9797 4877 1
9797 10107 1
9797 7446 1
9797 1312 1
9797 1449 1
6099 1132 1
6099 624 1
6099 2970 1
6099 1082 1
6099 2272 1
9405 4019 1
9405 2762 1
9405 2223 1
9405 3597 1
9405 7719 1
3327 4135 1
3327 3170 1
3327 7676 1
3327 3611 1
3327 9108 1
740 1241 1
740 10032 1
740 10555 1
740 10688 1
740 6825 1
6902 4793 1
6902 10568 1
6902 6321 1
6902 1859 1
6902 3411 1
2177 6576 1
2177 11068 1
2177 8033 1
2177 3836 1
2177 1934 1
8744 3367 1
8744 1419 1
8744 7483 1
8744 812 1
8744 1110 1
3364 2395 1
3364 1389 1
3364 6498 1
3364 2284 1
3364 4135 1
8408 7249 1
8408 8611 1
8408 5289 1
8408 4578 1
8408 5989 1
3673 8369 1
3673 4247 1
3673 4358 1
3673 2949 1
3673 4487 1
6688 7722 1
6688 4589 1
6688 2753 1
6688 1765 1
6688 2771 1
10881 10954 1
10881 5548 1
10881 3133 1
10881 2557 1
10881 4107 1
4107 7208 1
4107 2793 1
4107 9850 1
4107 1616 1
4107 2064 1
8684 8401 1
8684 8099 1
8684 4767 1
8684 10309 1
8684 312 1
7190 4019 1
7190 2762 1
7190 2223 1
7190 3597 1
7190 7719 1
3011 6936 1
3011 2760 1
3011 2223 1
3011 5906 1
3011 10397 1
1960 1143 1
1960 374 1
1960 6161 1
11114 9872 1
11114 7720 1
11114 6328 1
11114 9468 1
11114 2078 1
10318 1336 1
10318 678 1
10318 3344 1
10318 1130 1
10318 2734 1
5542 3394 1
5542 10976 1
5542 2793 1
5542 2482 1
5542 2846 1
713 7213 1
713 2298 1
713 4052 1
713 3618 1
713 9126 1
7213 5993 1
7213 2603 1
7213 9579 1
7213 713 1
7213 2298 1
6815 6981 1
6815 3922 1
6815 8411 1
6815 1859 1
6815 2530 1
10397 1541 1
10397 1066 1
10397 3597 1
10397 1443 1
10397 2831 1
2841 8535 1
2841 839 1
2841 4870 1
2841 11156 1
2841 10743 1
3351 5740 1
3351 3264 1
3351 2486 1
3351 2240 1
3351 2711 1
6843 7494 1
6843 6575 1
6843 8383 1
6843 5631 1
6843 5968 1
3062 1134 1
3062 583 1
3062 2970 1
3062 982 1
3062 2284 1
3380 11156 1
3380 6843 1
3181 7427 1
3181 2691 1
3181 2198 1
3181 2932 1
3181 10158 1
1987 3130 1
1987 6936 1
1987 3597 1
1987 4648 1
1987 7352 1
5939 9738 1
5939 7765 1
5939 9579 1
5939 1720 1
5939 3307 1
4745 11156 1
4745 2659 1
5541 5042 1
5541 10950 1
5541 3814 1
5541 3741 1
5541 5015 1
11177 6605 1
11177 4254 1
11177 3400 1
11177 6196 1
11177 11105 1
4610 3482 1
4610 2545 1
4610 5188 1
4610 3326 1
4610 6223 1
10878 10283 1
10878 5226 1
10878 4203 1
10878 3928 1
10878 4613 1
9617 6432 1
2851 3364 1
2851 2532 1
2851 9025 1
2851 6166 1
2851 7807 1
2762 3092 1
2762 2260 1
2762 3011 1
2762 3344 1
2762 6803 1
3478 3099 1
3478 2680 1
3478 2198 1
3478 2926 1
3478 8364 1
3250 4733 1
3250 6161 1
3250 9126 1
5638 4956 1
5638 5291 1
5638 4354 1
5638 3984 1
5638 4933 1
1504 4648 1
1504 3092 1
1504 3288 1
1504 10276 1
1504 2695 1
564 1308 1
564 8112 1
564 3423 1
564 8681 1
564 5778 1
3767 9071 1
3767 5899 1
3767 3589 1
3767 7069 1
3767 6099 1
10751 5797 1
10751 3928 1
10751 6614 1
10751 1449 1
10751 2401 1
6970 4019 1
6970 2762 1
6970 2223 1
6970 3597 1
6970 9823 1
8756 3659 1
8756 2532 1
8756 9929 1
8756 3237 1
8756 7177 1
10149 3692 1
10149 2532 1
10149 2083 1
10149 3570 1
10149 9072 1
5970 4135 1
5970 2864 1
5970 7390 1
5970 3813 1
5970 9577 1
9642 8763 1
9642 4942 1
9642 3602 1
9642 3239 1
9642 4586 1
5452 7497 1
5452 8354 1
5452 3391 1
5452 2878 1
5452 8576 1
8763 8979 1
8763 4770 1
8763 2296 1
8763 1653 1
8763 3239 1
10032 10962 1
10032 8947 1
10032 6825 1
10032 336 1
10032 740 1
2078 6443 1
2078 3288 1
2078 6821 1
2078 7205 1
2078 6803 1
10129 3181 1
10129 2691 1
10129 2198 1
10129 2932 1
10129 8146 1
3264 7289 1
3264 3351 1
3264 4498 1
3264 2746 1
3264 3416 1
1943 5664 1
1943 3416 1
1943 2746 1
4562 10123 1
4562 8684 1
4562 9912 1
4562 941 1
4562 8105 1
8151 7748 1
8151 6432 1
8151 10809 1
8151 4956 1
8151 5451 1
10964 3882 1
10964 2819 1
10964 2175 1
10964 3659 1
10964 9929 1
10091 2848 1
10091 1877 1
10091 7098 1
10091 2595 1
10091 5241 1
3772 1739 1
3772 982 1
3772 8719 1
3772 1639 1
3772 3042 1
1517 6894 1
1517 7505 1
1517 4474 1
1517 10777 1
1517 4477 1
5212 5815 1
5212 6036 1
5212 9092 1
5212 6183 1
5212 1097 1
10512 10912 1
10512 8883 1
10512 5728 1
10512 1671 1
10512 2106 1
5954 7429 1
5954 7998 1
5954 9630 1
5954 1566 1
5954 3094 1
1365 8014 1
1365 2851 1
1365 3342 1
1365 2877 1
1365 10949 1
5942 5032 1
5942 6267 1
5942 7941 1
5942 1036 1
5942 1274 1
4793 10906 1
4793 5349 1
4793 3460 1
4793 3416 1
4793 3747 1
913 10585 1
913 7998 1
913 1566 1
913 7429 1
913 10882 1
6087 8199 1
6087 6117 1
6087 4652 1
6087 8869 1
6087 716 1
2595 6255 1
2595 2418 1
2595 1877 1
2595 6595 1
2595 10091 1
2946 1892 1
2946 1130 1
2946 5241 1
2946 1739 1
2946 10792 1
9911 2982 1
9911 11168 1
9911 5027 1
9911 382 1
9911 1087 1
2532 2821 1
2532 2016 1
2532 6786 1
2532 2466 1
2532 5453 1
9516 5226 1
9516 340 1
10874 4104 1
10874 2880 1
10874 11006 1
10874 3951 1
10874 7702 1
11068 2691 1
11068 1844 1
11068 6443 1
11068 2358 1
11068 4971 1
941 8229 1
941 9218 1
941 2238 1
941 3100 1
941 10602 1
756 10287 1
756 4104 1
756 3788 1
756 10792 1
756 6595 1
6849 5968 1
6849 8383 1
6849 7494 1
6849 2401 1
6849 3934 1
5456 2530 1
5456 8823 1
5456 2341 1
5456 2077 1
5456 2480 1
4098 3800 1
4098 2445 1
4098 1700 1
4098 3409 1
4098 7253 1
1540 11129 1
1540 3813 1
1540 7768 1
1540 3317 1
1540 1204 1
5441 2379 1
5441 1403 1
5441 7767 1
5441 2284 1
5441 9346 1
2008 5589 1
2008 2936 1
2008 7397 1
2008 797 1
2008 1965 1
2406 7229 1
2406 6099 1
2406 2595 1
2406 414 1
2406 1229 1
1795 1898 1
1795 3667 1
1795 4259 1
1795 377 1
1795 1497 1
3692 10539 1
3692 2877 1
3692 2175 1
3692 4871 1
3692 7281 1
4253 4590 1
4253 9101 1
4253 7169 1
4253 10278 1
4253 1252 1
8531 9071 1
8531 6838 1
8531 6304 1
8531 8176 1
8531 1603 1
10123 1082 1
10123 606 1
10123 11170 1
10123 941 1
10123 2262 1
1945 7308 1
1945 10338 1
1945 2877 1
1945 853 1
1945 1252 1
2236 2638 1
2236 5255 1
2236 7315 1
2236 9600 1
2236 6967 1
1785 1412 1
1785 678 1
1785 10886 1
1785 1233 1
1785 9278 1
2979 1739 1
2979 1025 1
2979 6722 1
2979 1629 1
2979 2970 1
5792 1892 1
5792 1130 1
5792 4060 1
5792 1739 1
5792 3227 1
6223 4199 1
6223 2798 1
6223 1892 1
6223 3977 1
6223 8572 1
2831 9071 1
2831 2762 1
2831 2223 1
2831 5637 1
2831 10143 1
8174 8401 1
8174 6935 1
8174 3062 1
8174 9872 1
8174 394 1
3597 7190 1
3597 2762 1
3597 2223 1
3597 9731 1
3597 10397 1
1948 4987 1
1948 2425 1
1948 6846 1
1948 2885 1
1948 9319 1
2659 3338 1
2659 6924 1
2659 4745 1
2659 3714 1
2659 7112 1
1664 8961 1
1664 941 1
1664 4264 1
1664 1629 1
1664 10343 1
4251 6267 1
4251 1165 1
4251 6710 1
2223 4142 1
2223 3092 1
2223 9731 1
2223 7719 1
2223 7352 1
4543 7504 1
4543 2877 1
4543 6675 1
4543 1218 1
4543 1945 1
4941 1336 1
4941 756 1
4941 3011 1
4941 1173 1
4941 2381 1
8336 6012 1
8336 9630 1
8336 7998 1
8336 1566 1
8336 3094 1
1769 2111 1
1769 4634 1
1769 10262 1
1769 7701 1
1769 2715 1
730 10292 1
730 8736 1
730 8152 1
730 11060 1
730 11170 1
2281 1564 1
2281 756 1
2281 5783 1
2281 1336 1
2281 10287 1
1115 1592 1
1115 10935 1
1115 7299 1
1115 8112 1
1115 10021 1
9141 1664 1
9141 1025 1
9141 3383 1
9141 1535 1
9141 2854 1
10534 10377 1
10534 8654 1
10534 6254 1
10534 11061 1
10534 2288 1
982 5133 1
982 542 1
982 6350 1
982 941 1
982 2187 1
1331 7754 1
1331 6286 1
1331 7655 1
1331 9796 1
1331 3241 1
2958 1892 1
2958 1130 1
2958 6770 1
2958 1739 1
2958 5161 1
6739 4596 1
6739 4597 1
6739 2987 1
6739 2610 1
6739 3053 1
606 8229 1
606 1739 1
606 8345 1
606 8731 1
606 10343 1
2198 7755 1
2198 2854 1
2198 7427 1
2198 7751 1
2198 8644 1
7419 6040 1
7419 10743 1
7419 8461 1
7419 564 1
7419 783 1
3572 1443 1
3572 806 1
3572 3267 1
3572 1248 1
3572 2595 1
7751 4917 1
7751 2926 1
7751 2545 1
7751 4044 1
7751 8146 1
8594 6685 1
8594 3416 1
8594 8143 1
8594 7176 1
8594 8542 1
9788 4394 1
9788 2877 1
9788 8666 1
9788 3813 1
9788 6642 1
10947 9669 1
10947 2690 1
10947 1584 1
10947 1419 1
10947 2165 1
2788 1892 1
2788 1130 1
2788 6019 1
2788 1739 1
2788 10804 1
6767 6757 1
6767 4850 1
6767 3724 1
6767 6401 1
6767 1301 1
10550 6040 1
10550 3549 1
10550 9618 1
10550 720 1
10550 1982 1
5312 10512 1
5312 9944 1
5312 4304 1
5312 317 1
5312 720 1
10453 10954 1
10453 1276 1
10453 4107 1
10453 3232 1
10453 10881 1
5042 7392 1
5042 6432 1
5042 5541 1
5042 1671 1
5042 4956 1
3844 4104 1
3844 3761 1
3844 3326 1
3844 7457 1
3844 9640 1
3645 6076 1
3645 2700 1
3645 7266 1
3645 5201 1
3645 5092 1
1254 8151 1
1254 11114 1
1254 6432 1
1254 7392 1
1254 5958 1
1754 3421 1
1754 7981 1
1754 2498 1
1754 4097 1
1754 8804 1
1157 6722 1
1157 3362 1
1157 4349 1
1157 4119 1
1157 1197 1
2601 2451 1
2601 1681 1
2601 2846 1
2601 2371 1
2601 5724 1
2262 1892 1
2262 1130 1
2262 3234 1
2262 1739 1
2262 6737 1
9669 10131 1
9669 9227 1
9669 6161 1
9669 1110 1
9669 1593 1
11170 4060 1
11170 2737 1
11170 10434 1
11170 3858 1
11170 7433 1
4586 8763 1
4586 7210 1
4586 4770 1
4586 3239 1
4586 10555 1
10278 10954 1
10278 9275 1
10278 6327 1
10278 853 1
10278 1341 1
6304 8531 1
6304 6349 1
6304 6231 1
6304 8093 1
6304 1603 1
4259 1795 1
4259 11 1
3667 5640 1
3667 4021 1
3667 9766 1
3667 382 1
3667 1165 1
414 9788 1
414 8731 1
414 2798 1
414 4664 1
414 6821 1
8644 3181 1
8644 2691 1
8644 2198 1
8644 2932 1
8644 8146 1
1965 5442 1
1965 7427 1
1965 3993 1
1965 8734 1
1965 10091 1
3611 2791 1
3611 1674 1
3611 7370 1
3611 2395 1
3611 5708 1
9850 5006 1
9850 5167 1
9850 1786 1
9850 1523 1
9850 4107 1
9346 10759 1
9346 9872 1
9346 8013 1
9346 1755 1
9346 3062 1
8176 10977 1
8176 6838 1
8176 6304 1
8176 8194 1
8176 1603 1
1592 2130 1
1592 4581 1
1592 3649 1
1592 6272 1
1592 9698 1
7767 10881 1
7767 2244 1
7767 6854 1
7767 5441 1
7767 9872 1
1403 3931 1
1403 4221 1
1403 7530 1
1403 5120 1
1403 3394 1
7253 3678 1
7253 2897 1
7253 2362 1
7253 3409 1
7253 8133 1
3409 1130 1
3409 678 1
3409 3085 1
3409 965 1
3409 2402 1
1700 6075 1
1700 5968 1
1700 3800 1
1700 4937 1
1700 4098 1
5815 6183 1
5815 5443 1
5815 3373 1
5815 6036 1
5815 532 1
2445 5709 1
2445 10673 1
2445 8133 1
2445 8395 1
2445 767 1
9218 1233 1
9218 629 1
9218 3100 1
9218 1130 1
9218 2505 1
8229 1564 1
8229 818 1
8229 3317 1
8229 1412 1
8229 2533 1
2358 4372 1
2358 8562 1
2358 8222 1
2358 690 1
2358 2347 1
1844 2851 1
1844 11068 1
1844 3644 1
4871 2848 1
4871 2114 1
4871 7229 1
4871 2819 1
4871 6923 1
11006 1564 1
11006 756 1
11006 3517 1
11006 1336 1
11006 2854 1
1130 8229 1
1130 9218 1
1130 2243 1
1130 4477 1
1130 5768 1
7702 4060 1
7702 2737 1
7702 10123 1
7702 3858 1
7702 7084 1
340 4875 1
340 4415 1
340 6197 1
340 1795 1
340 9807 1
6924 3423 1
6924 5198 1
6924 3313 1
6924 2659 1
6924 3338 1
5453 10886 1
5453 3572 1
5453 2854 1
5453 5443 1
5453 7789 1
2466 2362 1
2466 1483 1
2466 10873 1
2466 2097 1
2466 3218 1
2016 3309 1
2016 2532 1
2821 2545 1
2821 2114 1
2821 10886 1
2821 2484 1
2821 7755 1
6936 3011 1
6936 2078 1
6936 7994 1
6936 2831 1
6936 6197 1
382 982 1
382 5679 1
382 9766 1
382 8783 1
382 2181 1
11168 7919 1
11168 3827 1
11168 10757 1
11168 1786 1
11168 2754 1
3761 10202 1
3761 5016 1
3761 3844 1
3761 9264 1
3761 2175 1
10792 1157 1
10792 606 1
10792 3017 1
10792 972 1
10792 2339 1
1739 9473 1
1739 1130 1
1739 2238 1
1739 6061 1
1739 9577 1
1892 1564 1
1892 818 1
1892 5241 1
1892 1336 1
1892 6712 1
2715 9866 1
2715 7530 1
2715 2247 1
2715 1769 1
2715 6678 1
6255 3882 1
6255 2819 1
6255 2187 1
6255 3659 1
6255 8071 1
6117 10205 1
6117 7566 1
6117 6087 1
6117 6004 1
6117 7530 1
3747 3092 1
3747 2227 1
3747 4793 1
3747 2932 1
3747 10073 1
3460 4793 1
3460 2924 1
3460 9855 1
5589 7370 1
5589 4140 1
5589 2527 1
5589 2356 1
5589 3063 1
10906 4793 1
10906 2851 1
10906 9634 1
10906 5722 1
5968 2339 1
5968 1634 1
5968 5929 1
5968 2119 1
5968 4291 1
1274 5713 1
1274 7807 1
1274 4012 1
1274 6350 1
1274 1220 1
8681 3162 1
8681 1204 1
8681 11177 1
8681 612 1
8681 798 1
1036 8469 1
1036 7211 1
1036 6983 1
1036 1190 1
1036 10840 1
1859 2876 1
1859 7494 1
1859 1086 1
1859 706 1
1859 6691 1
10912 6500 1
10912 4069 1
10912 2975 1
10912 6118 1
10912 11109 1
10949 1365 1
10949 512 1
10949 7340 1
5188 5574 1
5188 11167 1
5188 6917 1
5188 6840 1
5188 1840 1
8014 4067 1
8014 2403 1
8014 1372 1
8014 3887 1
8014 8290 1
7429 7464 1
7429 8336 1
7429 6580 1
7429 1566 1
7429 2601 1
5783 4104 1
5783 2880 1
5783 6890 1
5783 3951 1
5783 8802 1
1229 4104 1
1229 1877 1
1229 2466 1
1229 10539 1
1229 7229 1
11105 10527 1
11105 11177 1
11105 8461 1
11105 4553 1
11105 9449 1
5728 7914 1
5728 10512 1
5728 10782 1
5728 10198 1
1097 1248 1
1097 4230 1
1097 2078 1
1097 9823 1
1097 6970 1
4933 10365 1
4933 11009 1
4933 3300 1
4933 2655 1
4933 3911 1
1252 3926 1
1252 5051 1
1252 10278 1
1252 7505 1
1252 853 1
7397 3623 1
7397 2008 1
7397 10123 1
3307 5939 1
3307 3415 1
3307 1720 1
3307 1432 1
3307 7106 1
7188 4281 1
7188 10813 1
7188 9035 1
7188 1029 1
7188 1321 1
10338 7496 1
10338 9017 1
10338 2555 1
10338 1945 1
10338 5934 1
4203 10878 1
4203 10283 1
2557 7766 1
2557 7433 1
2557 2181 1
2557 1190 1
2557 10881 1
9101 8116 1
9101 3136 1
9101 1719 1
9101 1271 1
9101 2477 1
10882 2175 1
10882 1418 1
10882 5604 1
10882 1806 1
10882 3914 1
4747 1535 1
4747 818 1
4747 3386 1
4747 1336 1
4747 2819 1
2949 10493 1
2949 3673 1
2949 8369 1
11129 2299 1
11129 1590 1
11129 6459 1
11129 2243 1
11129 4149 1
1197 5442 1
1197 3362 1
1197 2552 1
1197 4119 1
1197 1564 1
10813 8757 1
10813 5684 1
10813 4495 1
10813 8140 1
10813 1699 1
3042 1892 1
3042 1130 1
3042 7695 1
3042 1739 1
3042 8716 1
9108 3022 1
9108 2175 1
9108 6648 1
9108 2819 1
9108 5048 1
7266 10137 1
7266 9162 1
7266 5201 1
7266 3645 1
7266 11101 1
6443 4019 1
6443 2762 1
6443 2223 1
6443 3597 1
6443 8484 1
6642 2406 1
6642 1540 1
6642 9218 1
6642 2192 1
6642 4810 1
4597 10954 1
4597 2610 1
4597 6739 1
4597 10528 1
4597 7511 1
4254 5309 1
4254 11177 1
4254 1664 1
4254 1285 1
4254 9312 1
8369 3673 1
8369 2949 1
8369 8686 1
8369 9764 1
8369 10493 1
3394 5558 1
3394 5198 1
3394 11022 1
3394 8360 1
3394 1543 1
1082 9275 1
1082 4128 1
1082 8015 1
1082 6196 1
1082 6552 1
4354 5638 1
4354 3984 1
4590 2975 1
4590 8126 1
4590 11089 1
4590 361 1
4590 783 1
4877 1892 1
4877 1130 1
4877 4061 1
4877 1739 1
4877 3227 1
1497 1827 1
1497 3854 1
1497 6767 1
1497 1795 1
1497 4233 1
3951 6411 1
3951 2880 1
3951 4606 1
3951 3858 1
3951 10123 1
8535 8370 1
8535 4870 1
8535 2555 1
8535 2461 1
8535 2841 1
7308 4128 1
7308 10278 1
7308 6224 1
7308 853 1
7308 1341 1
7676 1535 1
7676 678 1
7676 3386 1
7676 1328 1
7676 2819 1
1132 10031 1
1132 3100 1
1132 9147 1
1132 3882 1
1132 7147 1
5631 2258 1
5631 1712 1
5631 6843 1
5631 6000 1
5631 9234 1
1541 3130 1
1541 2078 1
1541 2831 1
1541 4142 1
1541 2223 1
10539 4810 1
10539 3237 1
10539 2595 1
10539 4128 1
10539 10964 1
1143 7736 1
1143 1960 1
1143 7140 1
1143 6161 1
1143 9301 1
1653 5552 1
1653 10050 1
1653 1340 1
1653 680 1
1653 8416 1
11060 3951 1
11060 2737 1
11060 10123 1
11060 3574 1
11060 7091 1
2877 1877 1
2877 1190 1
2877 4724 1
2877 1785 1
2877 8738 1
7281 10813 1
7281 6894 1
7281 3517 1
7281 8229 1
7281 1087 1
3813 1059 1
3813 583 1
3813 3042 1
3813 941 1
3813 2322 1
7494 2395 1
7494 1705 1
7494 6288 1
7494 2286 1
7494 4629 1
6328 3659 1
6328 2819 1
6328 2083 1
6328 3528 1
6328 8767 1
9600 2343 1
9600 1483 1
9600 5048 1
9600 2236 1
9600 3862 1
3741 10534 1
3741 10950 1
3741 10947 1
3741 3814 1
3741 10996 1
3724 5093 1
3724 10549 1
3724 9744 1
3724 8373 1
3724 1452 1
10158 2227 1
10158 1381 1
10158 4937 1
10158 2114 1
10158 3572 1
2482 3394 1
2482 5905 1
2482 8474 1
2482 6387 1
2482 5542 1
6981 4617 1
6981 11068 1
6981 8782 1
6981 1365 1
6981 2227 1
7754 3099 1
7754 2691 1
7754 2198 1
7754 2932 1
7754 9796 1
4052 9374 1
4052 713 1
4052 9126 1
4052 2993 1
4052 9805 1
4870 5441 1
4870 10882 1
4870 3572 1
4870 6197 1
4870 720 1
3618 7483 1
3618 7213 1
3618 926 1
3618 923 1
3618 2191 1
7299 4033 1
7299 2614 1
7299 8959 1
7299 3866 1
7299 8753 1
4613 8901 1
4613 65 1
4613 10878 1
6012 7429 1
6012 7998 1
6012 9306 1
6012 1566 1
6012 3094 1
10950 3814 1
10950 3741 1
10950 10534 1
10950 5541 1
1134 2970 1
1134 5906 1
1134 9400 1
1134 3062 1
1134 7945 1
7169 9228 1
7169 5722 1
7169 2431 1
7169 1798 1
7169 3003 1
1443 9788 1
1443 4629 1
1443 8432 1
1443 10551 1
1443 10397 1
1066 2867 1
1066 2627 1
1066 2091 1
1066 1341 1
1066 5573 1
4358 3673 1
4358 33 1
4358 9957 1
4358 9449 1
8736 1412 1
8736 730 1
8736 3344 1
8736 1197 1
8736 2658 1
2192 1535 1
2192 678 1
2192 2658 1
2192 1336 1
2192 10792 1
8383 6843 1
8383 5232 1
8383 3894 1
8383 6599 1
8383 788 1
3130 7190 1
3130 2762 1
3130 2223 1
3130 3344 1
3130 10397 1
5993 7213 1
5993 9669 1
5993 6822 1
5993 6161 1
5993 7128 1
10309 8684 1
10309 5639 1
10309 2044 1
10309 982 1
10309 4767 1
1720 7106 1
1720 5939 1
1720 4053 1
1720 3307 1
1720 4638 1
9092 7622 1
9092 6183 1
9092 5212 1
9092 7110 1
9092 11007 1
7446 6889 1
7446 6714 1
7446 9797 1
7446 9424 1
7446 11198 1
5015 8135 1
5015 6262 1
5015 7583 1
5015 2933 1
5015 3422 1
3788 1233 1
3788 629 1
3788 3100 1
3788 1055 1
3788 2402 1
7504 7158 1
7504 3623 1
7504 1252 1
7504 853 1
7504 1945 1
2187 4664 1
2187 7859 1
2187 9468 1
2187 9788 1
2187 5899 1
8199 8897 1
8199 7641 1
8199 6087 1
8199 1934 1
8199 2177 1
1241 8947 1
1241 4782 1
1241 10688 1
1241 740 1
1241 10555 1
2064 4477 1
2064 3122 1
2064 7518 1
2064 1068 1
2064 1560 1
2106 6461 1
2106 4208 1
2106 5905 1
2106 3394 1
2106 8360 1
9468 3866 1
9468 2846 1
9468 8705 1
9468 3457 1
9468 6576 1
6196 4033 1
6196 2944 1
6196 10938 1
6196 3866 1
6196 6220 1
6605 6956 1
6605 4991 1
6605 2398 1
6605 1606 1
6605 3790 1
3100 1336 1
3100 730 1
3100 6572 1
3100 1157 1
3100 2571 1
10962 10032 1
5201 6673 1
5201 705 1
5201 7266 1
5201 3645 1
5201 10805 1
7655 5540 1
7655 10600 1
7655 6935 1
7655 1331 1
7655 2851 1
6019 1892 1
6019 1130 1
6019 4061 1
6019 1739 1
6019 3227 1
9579 9498 1
9579 7511 1
9579 5556 1
9579 10024 1
9579 1453 1
10283 8517 1
10283 2625 1
10283 1274 1
10283 1220 1
10283 1573 1
10952 5084 1
10952 4281 1
10952 9739 1
10952 5684 1
10952 10813 1
2240 7289 1
2240 4714 1
2240 6982 1
2240 2419 1
2240 3351 1
2638 2236 1
5092 10541 1
5092 6040 1
5092 3645 1
5092 2380 1
5092 11128 1
8572 5056 1
8572 3794 1
8572 2890 1
8572 4747 1
8572 11187 1
1165 6197 1
1165 3411 1
1165 10205 1
1165 8309 1
1165 982 1
7315 3943 1
7315 2236 1
10031 2595 1
10031 1716 1
10031 6099 1
10031 2418 1
10031 4432 1
2260 6443 1
2260 5906 1
2260 2223 1
2260 4230 1
2260 4019 1
10886 1153 1
10886 629 1
10886 3064 1
10886 993 1
10886 2447 1
7205 6454 1
7205 3682 1
7205 2078 1
7205 1774 1
7205 2757 1
2711 9906 1
2711 3351 1
2711 2486 1
2711 2435 1
2711 3264 1
9278 1801 1
9278 982 1
9278 3993 1
9278 1681 1
9278 3062 1
2734 1564 1
2734 818 1
2734 6722 1
2734 1336 1
2734 4104 1
3931 4937 1
3931 10678 1
3931 6075 1
3931 1403 1
3931 1772 1
8869 7726 1
8869 10543 1
8869 5530 1
8869 3809 1
8869 6087 1
8401 2041 1
8401 1365 1
8401 5388 1
8401 1836 1
8401 3999 1
839 7637 1
839 6710 1
839 3300 1
839 570 1
839 8514 1
1248 3356 1
1248 2058 1
1248 2684 1
1248 10073 1
1248 10062 1
3227 1801 1
3227 1130 1
3227 6722 1
3227 1681 1
3227 3064 1
5637 4019 1
5637 2762 1
5637 2223 1
5637 3597 1
5637 9405 1
394 8174 1
2848 7850 1
2848 3692 1
2848 2532 1
2848 4128 1
2848 3882 1
2238 1336 1
2238 678 1
2238 6239 1
2238 1157 1
2238 7211 1
7176 4958 1
7176 7350 1
7176 10373 1
7176 1411 1
7176 2702 1
9630 6012 1
9630 10942 1
9630 7998 1
9630 1566 1
9630 3094 1
2798 2876 1
2798 2970 1
2798 5388 1
2798 11187 1
2798 896 1
4987 6470 1
4987 6125 1
4987 7194 1
4987 1879 1
4987 1948 1
2425 8349 1
2425 3982 1
2425 2835 1
2425 2090 1
2425 7771 1
6846 9319 1
6846 1948 1
3482 3625 1
3482 4115 1
3482 3073 1
3482 10624 1
3482 896 1
8804 1754 1
8804 172 1
8804 3421 1
7981 8542 1
7981 1754 1
1934 3802 1
1934 2988 1
1934 3767 1
1934 5380 1
1934 5013 1
3570 6938 1
3570 2821 1
3570 2466 1
3570 5443 1
3570 9441 1
2885 2787 1
2885 1948 1
2885 11156 1
10292 3362 1
10292 2281 1
10292 8716 1
10292 3145 1
10292 6722 1
3338 6924 1
3338 2659 1
2111 9661 1
2111 1769 1
2111 5083 1
2111 4634 1
2111 7068 1
7112 8189 1
7112 10334 1
7112 6780 1
7112 425 1
7112 2534 1
4142 4019 1
4142 2762 1
4142 2223 1
4142 3597 1
4142 8078 1
5740 9264 1
5740 5664 1
5740 3736 1
5740 9642 1
5740 725 1
4917 3181 1
4917 2691 1
4917 2198 1
4917 2932 1
4917 10129 1
6675 4543 1
6675 2613 1
5032 6267 1
5032 2181 1
5032 5942 1
5032 10751 1
5032 8917 1
2987 9447 1
2987 8757 1
2987 7831 1
2987 4193 1
2987 1110 1
2578 4286 1
2578 7841 1
2578 6704 1
2578 5120 1
2578 8997 1
7497 7483 1
7497 4605 1
7497 8118 1
7497 1648 1
7497 2878 1
5548 7570 1
5548 8419 1
5548 6576 1
5548 4107 1
5548 10881 1
4634 2111 1
4634 1769 1
4634 7068 1
4634 5835 1
4634 5902 1
2165 10685 1
2165 5482 1
2165 11154 1
2165 9808 1
2165 10947 1
10262 8708 1
10262 1769 1
10262 10085 1
10262 8726 1
10262 10303 1
7701 7139 1
7701 7497 1
7701 4435 1
7701 1769 1
7701 7102 1
2793 5016 1
2793 6202 1
2793 4903 1
2793 1582 1
2793 2012 1
10935 8625 1
10935 9762 1
10935 4850 1
10935 4317 1
10935 5609 1
8654 8613 1
8654 10534 1
8654 4980 1
8654 4254 1
8654 5492 1
4264 1892 1
4264 1130 1
4264 4060 1
4264 1739 1
4264 3100 1
583 10804 1
583 8719 1
583 2243 1
583 3118 1
583 2192 1
8354 10351 1
8354 7497 1
8354 5452 1
8354 763 1
8354 1388 1
6254 10501 1
6254 8469 1
6254 3928 1
6254 3722 1
6254 5226 1
3391 5452 1
3391 923 1
3391 7699 1
3391 4642 1
3391 10757 1
5027 6076 1
5027 4414 1
5027 2401 1
5027 2087 1
5027 2982 1
3800 9994 1
3800 9769 1
3800 7380 1
3800 995 1
3800 1360 1
7720 11007 1
7720 9092 1
7720 6036 1
7720 9662 1
7720 856 1
8947 10555 1
8947 6825 1
8947 1241 1
8947 740 1
8947 4766 1
5133 4382 1
5133 3086 1
5133 5968 1
5133 4087 1
5133 11109 1
4850 5110 1
4850 6430 1
4850 4609 1
4850 6757 1
4850 1452 1
2381 1892 1
2381 1130 1
2381 4766 1
2381 1739 1
2381 9141 1
1982 9995 1
1982 4240 1
1982 10550 1
1982 6788 1
1982 7258 1
336 10032 1
336 3239 1
336 410 1
336 10604 1
336 3649 1
8152 6042 1
8152 6201 1
8152 2695 1
8152 2594 1
8152 3809 1
7765 5939 1
7765 807 1
6770 1535 1
6770 629 1
6770 3317 1
6770 1331 1
6770 2819 1
2680 9672 1
2680 9562 1
2680 4264 1
2680 2590 1
2680 3478 1
6350 7390 1
6350 10176 1
6350 2819 1
6350 7211 1
6350 731 1
1412 1153 1
1412 606 1
1412 3517 1
1412 982 1
1412 7682 1
4596 10274 1
4596 4193 1
4596 3062 1
4596 7831 1
4596 6739 1
4199 2175 1
4199 1172 1
4199 11187 1
4199 1802 1
4199 3482 1
2610 3159 1
2610 5656 1
2610 4597 1
2610 7876 1
2610 6742 1
2854 1233 1
2854 584 1
2854 3099 1
2854 982 1
2854 2284 1
3053 10850 1
3053 8883 1
3053 9887 1
3053 6739 1
3053 1152 1
6040 7419 1
6040 6898 1
6040 9067 1
6040 5778 1
6040 10550 1
4394 9788 1
4394 10967 1
4394 2762 1
4394 2644 1
4394 3127 1
5161 1892 1
5161 1130 1
5161 4061 1
5161 1739 1
5161 3227 1
4767 10309 1
4767 5639 1
4767 2044 1
4767 982 1
4767 7297 1
2298 6161 1
2298 9126 1
2298 877 1
2298 713 1
2298 8450 1
8345 1130 1
8345 629 1
8345 10041 1
8345 944 1
8345 2192 1
783 6166 1
783 2796 1
783 2718 1
783 4155 1
783 5441 1
3267 3181 1
3267 2691 1
3267 2198 1
3267 2932 1
3267 9899 1
4044 2932 1
4044 2484 1
4044 5119 1
4044 2904 1
4044 6892 1
6498 8565 1
6498 6391 1
6498 4199 1
6498 7457 1
6498 1153 1
5255 9925 1
5255 4135 1
5255 3326 1
5255 5460 1
5255 1233 1
317 1749 1
317 6197 1
317 1196 1
317 1746 1
317 9431 1
2771 7320 1
2771 10685 1
2771 8489 1
2771 904 1
2771 1815 1
6685 11074 1
6685 4455 1
6685 8829 1
6685 2267 1
6685 3264 1
8143 8406 1
8143 6685 1
8143 3416 1
8143 2763 1
8143 3433 1
8666 7303 1
8666 4870 1
8666 3392 1
8666 6500 1
8666 337 1
2690 9432 1
2690 10685 1
2690 10996 1
2690 10947 1
2690 10534 1
3099 10509 1
3099 2691 1
3099 2198 1
3099 2932 1
3099 10158 1
1584 10947 1
1584 9669 1
1584 5393 1
1584 2752 1
1584 8584 1
10804 1892 1
10804 1130 1
10804 4060 1
10804 1739 1
10804 3100 1
9577 1153 1
9577 678 1
9577 3227 1
9577 982 1
9577 2447 1
7941 7112 1
7941 8901 1
7941 5942 1
7941 5878 1
7941 6107 1
6757 6430 1
6757 4178 1
6757 2947 1
6757 5866 1
6757 699 1
3814 4156 1
3814 4980 1
3814 5541 1
3814 2361 1
3814 2933 1
542 6712 1
542 4477 1
542 1233 1
542 10804 1
542 8345 1
6401 9191 1
6401 5678 1
6401 4178 1
6401 7006 1
6401 1452 1
1301 11055 1
1301 5093 1
1301 2219 1
1301 3755 1
1301 2947 1
9072 2343 1
9072 1715 1
9072 4868 1
9072 2175 1
9072 3730 1
4119 2552 1
4119 1733 1
4119 10869 1
4119 2316 1
4119 8734 1
4942 9275 1
4942 9642 1
4942 7308 1
4942 853 1
4942 1252 1
2753 5904 1
2753 33 1
2753 6688 1
2753 9449 1
3549 6898 1
3549 564 1
3549 10550 1
3549 5778 1
3549 5385 1
6821 3344 1
6821 2691 1
6821 11173 1
6821 3130 1
6821 8467 1
9618 10550 1
9618 3453 1
9618 6559 1
9618 5224 1
9618 10434 1
10143 3597 1
10143 2691 1
10143 9823 1
10143 3130 1
10143 6970 1
7755 3181 1
7755 2691 1
7755 2198 1
7755 2932 1
7755 10062 1
9944 6013 1
9944 7843 1
9944 5312 1
9944 2722 1
9944 5696 1
9126 6319 1
9126 4052 1
9126 9433 1
9126 2298 1
9126 2993 1
3400 11177 1
3400 1206 1
3400 7269 1
4304 5570 1
4304 1443 1
4304 10397 1
4304 720 1
4304 1297 1
1276 10453 1
1276 3232 1
2970 944 1
2970 583 1
2970 9146 1
2970 887 1
2970 2192 1
8731 7321 1
8731 4709 1
8731 3914 1
8731 7017 1
8731 767 1
10377 7400 1
10377 9574 1
10377 3814 1
10377 3722 1
10377 4156 1
7392 7908 1
7392 5042 1
7392 1786 1
7392 1254 1
7392 2693 1
9640 8509 1
9640 5858 1
9640 5188 1
9640 7910 1
9640 1840 1
9739 10952 1
9739 10813 1
9739 5684 1
9739 5254 1
9739 7899 1
5958 1254 1
5958 229 1
5958 3495 1
3421 8804 1
3421 5719 1
3421 1754 1
3421 1180 1
3421 2864 1
4648 4019 1
4648 2762 1
4648 2223 1
4648 3597 1
4648 8078 1
8364 4073 1
8364 2860 1
8364 2301 1
8364 3699 1
8364 8644 1
2603 9719 1
2603 8623 1
2603 7204 1
2603 1731 1
2603 2126 1
3232 3517 1
3232 5133 1
3232 3086 1
3232 10974 1
3232 408 1
2498 9839 1
2498 5569 1
2498 4831 1
2498 1460 1
2498 1891 1
6286 1336 1
6286 756 1
6286 3100 1
6286 1211 1
6286 2461 1
3423 1492 1
3423 564 1
3423 6924 1
3423 2659 1
4097 7494 1
4097 10940 1
4097 6691 1
4097 433 1
4097 1640 1
2451 6364 1
2451 10425 1
2451 9758 1
2451 10325 1
2451 1559 1
2846 5382 1
2846 2371 1
2846 4492 1
2846 8705 1
2846 5724 1
377 10021 1
377 10283 1
377 9082 1
377 444 1
377 4457 1
5664 6102 1
5664 9816 1
5664 4814 1
5664 5873 1
5664 891 1
10602 941 1
10602 667 1
10602 5815 1
10602 5154 1
10602 9996 1
3362 10792 1
3362 2880 1
3362 8187 1
3362 8470 1
3362 3993 1
4589 3969 1
4589 2771 1
4589 6688 1
4589 4476 1
4589 6848 1
4349 4104 1
4349 2880 1
4349 6391 1
4349 3951 1
4349 7702 1
6803 3092 1
6803 2223 1
6803 9374 1
6803 2932 1
6803 6197 1
2371 6576 1
2371 3866 1
2371 10890 1
2371 2601 1
2371 5182 1
5724 5468 1
5724 3624 1
5724 2846 1
5724 5182 1
5724 8178 1
6576 4028 1
6576 2944 1
6576 7885 1
6576 3866 1
6576 8753 1
5778 10550 1
5778 4099 1
5778 2953 1
5778 2312 1
5778 3549 1
2486 10076 1
2486 6271 1
2486 7721 1
2486 1669 1
2486 3264 1
7229 3570 1
7229 2532 1
7229 10954 1
7229 3097 1
7229 6737 1
4487 4490 1
4487 4247 1
4487 7134 1
4487 962 1
4487 3673 1
7390 9785 1
7390 7242 1
7390 5970 1
7390 1151 1
7390 2762 1
806 6708 1
806 7834 1
806 8341 1
806 10158 1
806 11163 1
1629 1535 1
1629 678 1
1629 4238 1
1629 1328 1
1629 8802 1
3957 1892 1
3957 1130 1
3957 7945 1
3957 1739 1
3957 3227 1
7249 8398 1
7249 112 1
7249 8408 1
7249 5289 1
7249 9563 1
2341 2480 1
2341 5456 1
2341 8827 1
3977 11187 1
3977 4747 1
3977 3073 1
3977 4008 1
3977 896 1
9738 7204 1
9738 7213 1
9738 2603 1
9738 2601 1
9738 5939 1
1566 9306 1
1566 7998 1
1566 7192 1
1566 5954 1
1566 5830 1
9796 3720 1
9796 2864 1
9796 2198 1
9796 3267 1
9796 8146 1
1616 8313 1
1616 4107 1
1616 6854 1
1616 6836 1
1616 10729 1
3262 3678 1
3262 3672 1
3262 8269 1
3262 8565 1
3262 1233 1
4060 1564 1
4060 756 1
4060 3517 1
4060 1336 1
4060 2854 1
3237 7845 1
3237 2925 1
3237 2466 1
3237 6255 1
3237 5241 1
7352 3130 1
7352 2684 1
7352 9374 1
7352 2983 1
7352 6821 1
7427 3181 1
7427 2691 1
7427 2198 1
7427 2932 1
7427 8277 1
4135 1802 1
4135 1153 1
4135 9732 1
4135 1629 1
4135 3326 1
1671 10912 1
1671 7095 1
1671 5545 1
1671 4230 1
1671 10512 1
3317 834 1
3317 497 1
3317 7031 1
3317 767 1
3317 1959 1
1419 4537 1
1419 3723 1
1419 7013 1
1419 10947 1
1419 3367 1
6786 5819 1
6786 3572 1
6786 2854 1
6786 5443 1
6786 9438 1
1025 5163 1
1025 5016 1
1025 6033 1
1025 5460 1
1025 9108 1
3589 6838 1
3589 5279 1
3589 6227 1
3589 6320 1
3589 1603 1
297 3305 1
297 10136 1
297 11052 1
297 4386 1
624 6383 1
624 11100 1
624 10888 1
624 9381 1
624 5241 1
7208 8362 1
7208 5900 1
7208 4107 1
7208 3686 1
7208 4616 1
4019 9731 1
4019 2762 1
4019 2223 1
4019 3597 1
4019 8078 1
6060 10293 1
6060 4277 1
6060 3627 1
6060 7841 1
6060 720 1
8105 10123 1
8105 4562 1
2379 3788 1
2379 10353 1
2379 10265 1
2379 617 1
2379 4672 1
687 1688 1
687 8767 1
687 1252 1
687 10954 1
687 4942 1
1312 10107 1
1312 11085 1
1312 6889 1
1312 4280 1
1312 3663 1
8719 1892 1
8719 1130 1
8719 3945 1
8719 1739 1
8719 3062 1
2175 4128 1
2175 1716 1
2175 2819 1
2175 3097 1
2175 2736 1
3928 9807 1
3928 1795 1
3928 6386 1
3928 797 1
3928 1274 1
4652 9914 1
4652 1777 1
4652 6087 1
4652 10868 1
4652 7802 1
6704 7530 1
6704 5120 1
6704 3931 1
6704 2578 1
6704 4168 1
9929 4810 1
9929 3237 1
9929 2595 1
9929 4128 1
9929 10539 1
4168 4286 1
4168 8997 1
4168 3931 1
4168 2578 1
4168 5120 1
8542 9830 1
8542 8406 1
8542 7660 1
8542 1391 1
8542 2339 1
7719 4019 1
7719 2762 1
7719 2223 1
7719 3597 1
7719 7546 1
312 6836 1
312 11149 1
312 4664 1
312 8099 1
312 8401 1
4578 8021 1
4578 8806 1
4578 5312 1
4578 2339 1
4578 8408 1
2932 2684 1
2932 1965 1
2932 8547 1
2932 2301 1
2932 5169 1
2760 6936 1
2760 2691 1
2760 10983 1
2760 5906 1
2760 8078 1
10021 8042 1
10021 4759 1
10021 3818 1
10021 7750 1
10021 1303 1
5906 2614 1
5906 1541 1
5906 10022 1
5906 2260 1
5906 5056 1
7998 6012 1
7998 10942 1
7998 8919 1
7998 1566 1
7998 3094 1
3326 1208 1
3326 606 1
3326 2979 1
3326 1025 1
3326 2332 1
4104 9110 1
4104 515 1
4104 8892 1
4104 756 1
4104 1958 1
812 8584 1
812 1584 1
812 8744 1
10688 8947 1
10688 5856 1
10688 1241 1
10688 740 1
10688 5455 1
2530 5946 1
2530 9999 1
2530 2340 1
2530 6186 1
2530 6815 1
10777 1681 1
10777 982 1
10777 3945 1
10777 1564 1
10777 3042 1
1087 3145 1
1087 3500 1
1087 1439 1
1087 8004 1
1087 2042 1
678 8755 1
678 2571 1
678 3788 1
678 8233 1
678 8343 1
9731 4019 1
9731 2762 1
9731 2223 1
9731 3597 1
9731 7719 1
8883 9118 1
8883 5868 1
8883 4196 1
8883 8126 1
8883 1190 1
6838 6631 1
6838 5013 1
6838 3589 1
6838 6304 1
6838 7893 1
5318 1564 1
5318 756 1
5318 3517 1
5318 1336 1
5318 2854 1
1218 4543 1
1218 2613 1
2864 6063 1
2864 2691 1
2864 2188 1
2864 9761 1
2864 3421 1
3170 5163 1
3170 3115 1
3170 3326 1
3170 10020 1
3170 3993 1
716 6788 1
716 2537 1
716 3198 1
716 3138 1
716 6087 1
6575 8940 1
6575 5619 1
6575 3093 1
6575 2567 1
6575 4272 1
6166 5601 1
6166 8349 1
6166 3759 1
6166 2851 1
6166 5100 1
10555 10177 1
10555 8979 1
10555 7210 1
10555 298 1
10555 1056 1
2272 1892 1
2272 1130 1
2272 3062 1
2272 1739 1
2272 10318 1
1449 3094 1
1449 8552 1
1449 2401 1
1449 1274 1
1449 1795 1
8033 6808 1
8033 3934 1
8033 2177 1
8033 2057 1
8033 3382 1
1898 5226 1
1898 1165 1
1898 3928 1
1898 8309 1
1898 6186 1
2695 5906 1
2695 2223 1
2695 2762 1
2695 2831 1
2695 7546 1
1877 10031 1
1877 6938 1
1877 8071 1
1877 10539 1
1877 6391 1
8461 7419 1
8461 4897 1
8461 10976 1
8461 1661 1
8461 3345 1
10107 6889 1
10107 9797 1
10107 3663 1
10107 2959 1
10107 4280 1
6321 10458 1
6321 9037 1
6321 6902 1
6321 11169 1
6321 6872 1
1765 6964 1
1765 8306 1
1765 8359 1
1765 1142 1
1765 3009 1
3411 6902 1
3411 6921 1
3411 2530 1
3411 1828 1
3411 5634 1
3836 5447 1
3836 3969 1
3836 3909 1
3836 1024 1
3836 2390 1
2284 993 1
2284 606 1
2284 10235 1
2284 941 1
2284 2262 1
3367 11126 1
3367 9669 1
3367 1584 1
3367 1419 1
3367 3618 1
2545 6408 1
2545 1840 1
2545 3215 1
2545 2563 1
2545 5974 1
7483 5669 1
7483 9631 1
7483 8741 1
7483 2298 1
7483 3327 1
5289 8408 1
5289 9339 1
5289 4194 1
5289 1285 1
5289 7249 1
6935 834 1
6935 497 1
6935 11054 1
6935 767 1
6935 1959 1
1110 8571 1
1110 4596 1
1110 7647 1
1110 2772 1
1110 3367 1
2746 3416 1
2746 1943 1
2746 4498 1
2746 5664 1
2746 3351 1
3602 9642 1
3602 5740 1
3602 4132 1
3602 6803 1
3602 6102 1
6894 1629 1
6894 941 1
6894 3772 1
6894 1535 1
6894 2970 1
1389 9934 1
1389 10802 1
1389 9760 1
1389 11093 1
1389 972 1
5989 6206 1
5989 7198 1
5989 9173 1
5989 8408 1
5989 9449 1
4247 6078 1
4247 4487 1
4247 7201 1
4247 2702 1
4247 3673 1
3934 5882 1
3934 7146 1
3934 6808 1
3934 4423 1
3934 6849 1
2288 7240 1
2288 7307 1
2288 10534 1
2288 10725 1
2288 10881 1
2880 899 1
2880 497 1
2880 2936 1
2880 730 1
2880 2020 1
5349 6168 1
5349 4793 1
5349 8066 1
5349 8769 1
5349 9797 1
10287 1739 1
10287 941 1
10287 3678 1
10287 1629 1
10287 2970 1
3344 982 1
3344 583 1
3344 6097 1
3344 834 1
3344 2078 1
6076 11130 1
6076 10304 1
6076 5230 1
6076 6529 1
6076 1151 1
7722 1765 1
7722 33 1
7722 7419 1
7722 6688 1
7722 9449 1
10585 5954 1
10585 9630 1
10585 7464 1
10585 1566 1
10585 3094 1
7379 1892 1
7379 1130 1
7379 4061 1
7379 1739 1
7379 3227 1
9025 9092 1
9025 6407 1
9025 5539 1
9025 8171 1
9025 1634 1
2926 4776 1
2926 8872 1
2926 2545 1
2926 8644 1
2926 10062 1
4971 5296 1
4971 2601 1
4971 5722 1
4971 1513 1
4971 1983 1
4733 6643 1
4733 10700 1
4733 9126 1
4733 6065 1
4733 5121 1
3714 10170 1
3714 6571 1
3714 8320 1
3714 3710 1
3714 5321 1
6183 10882 1
6183 5212 1
6183 1418 1
6183 856 1
6183 1640 1
5291 8380 1
5291 1395 1
5291 5638 1
5291 6432 1
5291 6107 1
8099 8515 1
8099 6836 1
8099 4553 1
8099 8239 1
8099 414 1
10568 10205 1
10568 6201 1
10568 2910 1
10568 2648 1
10568 3922 1
3984 5638 1
3984 4354 1
9872 5441 1
9872 3813 1
9872 2913 1
9872 5223 1
9872 9346 1
2480 2341 1
2480 951 1
2480 6946 1
2480 5456 1
2480 6034 1
6595 976 1
6595 542 1
6595 2854 1
6595 830 1
6595 2262 1
4956 11130 1
4956 5271 1
4956 7748 1
4956 7604 1
4956 1497 1
9071 3011 1
9071 2078 1
9071 7367 1
9071 2831 1
9071 6197 1
10343 1535 1
10343 830 1
10343 3572 1
10343 1341 1
10343 2936 1
6722 1564 1
6722 756 1
6722 3517 1
6722 1336 1
6722 2854 1
5899 5443 1
5899 3528 1
5899 2925 1
5899 4947 1
5899 6035 1
1308 6324 1
1308 564 1
1308 8825 1
1308 6153 1
7069 9071 1
7069 6838 1
7069 6304 1
7069 10977 1
7069 1603 1
3241 5434 1
3241 9110 1
3241 3017 1
3241 9264 1
3241 2054 1
2418 7229 1
2418 6099 1
2418 4128 1
2418 414 1
2418 1229 1
6614 5797 1
6614 1449 1
6614 6598 1
6614 5823 1
6614 10751 1
7457 2505 1
7457 1483 1
7457 6288 1
7457 2343 1
7457 4468 1
3342 8883 1
3342 10263 1
3342 3053 1
3342 7922 1
3342 6396 1
3659 2877 1
3659 2150 1
3659 4810 1
3659 2804 1
3659 3692 1
4477 1664 1
4477 1068 1
4477 3813 1
4477 1535 1
4477 2979 1
11061 10534 1
11061 424 1
11061 8132 1
11061 3814 1
11061 10377 1
8823 543 1
8823 184 1
8823 5456 1
8823 3179 1
7177 6926 1
7177 5404 1
7177 4149 1
7177 6328 1
7177 1097 1
10276 8263 1
10276 9319 1
10276 1702 1
10276 1671 1
10276 5042 1
7807 10801 1
7807 7972 1
7807 5540 1
7807 824 1
7807 1274 1
2083 6328 1
2083 2848 1
2083 10123 1
2083 10031 1
2083 4730 1
9823 4019 1
9823 2762 1
9823 2223 1
9823 3597 1
9823 7719 1
3239 8763 1
3239 6433 1
3239 10834 1
3239 4586 1
3239 989 1
1603 3663 1
1603 3767 1
1603 4635 1
1603 4180 1
1603 1019 1
2982 3388 1
2982 4401 1
2982 4440 1
2982 623 1
2982 1748 1
5451 3130 1
5451 2393 1
5451 5730 1
5451 3001 1
5451 7190 1
2878 4114 1
2878 3812 1
2878 7483 1
2878 1388 1
2878 8354 1
8576 5540 1
8576 4381 1
8576 10757 1
8576 887 1
8576 3391 1
2395 10266 1
2395 2289 1
2395 8730 1
2395 4629 1
2395 4468 1
8979 7694 1
8979 5740 1
8979 4770 1
8979 6892 1
8979 891 1
4770 6400 1
4770 3239 1
4770 5801 1
4770 1077 1
4770 1822 1
2296 5904 1
2296 5756 1
2296 4770 1
2296 817 1
2296 10177 1
7289 4714 1
7289 9824 1
7289 3264 1
7289 2711 1
7289 3351 1
8112 2764 1
8112 5267 1
8112 1115 1
8112 720 1
8112 1420 1
8146 3181 1
8146 2691 1
8146 2198 1
8146 2932 1
8146 9761 1
6967 3448 1
6967 2236 1
4498 4714 1
4498 2240 1
4498 3351 1
4498 3264 1
4498 3771 1
5797 6614 1
5797 10751 1
5797 5823 1
5797 6598 1
7748 8151 1
7748 7242 1
7748 4956 1
7748 4488 1
7748 6966 1
8611 5680 1
8611 3094 1
8611 9616 1
8611 991 1
8611 2307 1
1204 9131 1
1204 3470 1
1204 6935 1
1204 2162 1
1204 3960 1
3882 8453 1
3882 2819 1
3882 2175 1
3882 3692 1
3882 6335 1
1173 6197 1
1173 4230 1
1173 6936 1
1173 7994 1
1173 4027 1
2819 976 1
2819 537 1
2819 8229 1
2819 830 1
2819 2284 1
7098 5013 1
7098 3017 1
7098 2406 1
7098 4480 1
7098 10434 1
6710 4926 1
6710 2916 1
6710 683 1
6710 493 1
6710 839 1
5241 1229 1
5241 629 1
5241 2970 1
5241 987 1
5241 2284 1
1639 3772 1
1639 8339 1
1639 7684 1
1639 10179 1
1639 6029 1
4474 1517 1
4474 756 1
4474 3772 1
4474 1233 1
4474 2958 1
6036 2846 1
6036 2081 1
6036 8523 1
6036 2693 1
6036 5467 1
10850 9025 1
10850 5868 1
10850 4382 1
10850 8239 1
10850 1190 1
543 2077 1
543 2846 1
543 8959 1
584 7751 1
584 1331 1
584 4044 1
7876 2877 1
7876 9438 1
7876 4104 1
7876 7789 1
5656 2610 1
5656 6742 1
433 11109 1
433 5540 1
433 7494 1
1172 1068 1
2913 9872 1
731 9092 1
7695 1892 1
7695 1130 1
7695 4061 1
7695 1739 1
7695 3227 1
2590 2680 1
9562 2680 1
9562 2590 1
807 7765 1
807 4870 1
807 5939 1
7771 2425 1
7771 2090 1
6201 2648 1
6201 10568 1
6201 3809 1
6201 8152 1
6042 8152 1
6042 8755 1
6042 3809 1
6042 8343 1
6788 9995 1
6788 1982 1
6788 1748 1
6788 4240 1
7258 1982 1
7258 4240 1
7068 5722 1
7068 2691 1
7068 2625 1
7068 3969 1
2594 730 1
2594 2695 1
2594 8152 1
4240 1982 1
7400 5708 1
7400 3572 1
7400 7370 1
7400 7660 1
4609 8373 1
4609 7006 1
4609 5678 1
4609 1452 1
6430 6757 1
6430 5110 1
6430 9744 1
6430 1452 1
8171 4180 1
8171 9025 1
4382 1629 1
4382 756 1
4382 3772 1
4382 1412 1
4382 2958 1
7380 3344 1
7380 2762 1
7380 3800 1
5639 8684 1
5639 7297 1
5639 2044 1
5639 982 1
5639 4767 1
7699 10292 1
7699 3391 1
7699 2126 1
3722 11061 1
3722 10377 1
7204 9738 1
7204 2603 1
1388 8354 1
1388 7497 1
1388 2878 1
1388 8118 1
763 8354 1
763 3812 1
763 10351 1
3118 1443 1
8341 3572 1
8341 2854 1
8341 11163 1
5492 8654 1
5492 8726 1
4980 3722 1
8613 8654 1
6872 10458 1
6872 6321 1
1582 4107 1
1582 2793 1
2087 5027 1
2087 9911 1
5569 2339 1
5569 3100 1
5569 11060 1
6202 2793 1
4435 7701 1
4435 8118 1
4435 10091 1
4435 1648 1
4435 7139 1
5756 2296 1
7139 7701 1
10303 10085 1
10303 8726 1
10303 10262 1
8562 690 1
8562 2347 1
8726 5492 1
10085 10262 1
10085 8726 1
10085 10303 1
10685 2771 1
10685 8489 1
10685 2165 1
7570 6576 1
7570 5548 1
2347 4372 1
2347 8562 1
2347 8484 1
2347 690 1
1648 7497 1
1648 4435 1
1648 8118 1
10353 617 1
10353 1055 1
7841 4168 1
7841 8542 1
7841 1403 1
7841 2846 1
877 2298 1
7831 4193 1
9447 4537 1
8917 7211 1
8917 1036 1
8917 5032 1
8917 2181 1
8917 5942 1
6780 11156 1
10334 6688 1
8189 7112 1
2787 2885 1
2787 11156 1
9441 4073 1
2477 9101 1
2477 6036 1
6938 3914 1
6938 2819 1
6938 2083 1
6938 3692 1
6938 10873 1
1715 6770 1
5013 6349 1
5013 9071 1
5013 1603 1
8116 4635 1
8116 5482 1
8116 9101 1
1152 6443 1
1152 7190 1
1152 1190 1
1152 4230 1
1152 5906 1
2988 7922 1
2988 7845 1
6470 2718 1
3802 1934 1
5110 6757 1
5110 4850 1
5110 6767 1
5110 1452 1
995 3800 1
2736 7147 1
2736 8345 1
2736 3623 1
2736 10158 1
172 1754 1
172 2864 1
172 3421 1
172 8804 1
172 4782 1
3495 5958 1
3495 9319 1
10624 4008 1
10624 3073 1
10624 896 1
4115 1412 1
4115 818 1
4115 3344 1
4115 1153 1
4115 2798 1
5856 10688 1
3736 5740 1
8959 2846 1
10700 6065 1
10700 6319 1
10700 5121 1
10700 4733 1
2090 2835 1
2012 4107 1
2012 2793 1
2835 10840 1
2835 2425 1
2835 2090 1
2835 6580 1
7194 4987 1
7194 2307 1
7194 10725 1
6125 4987 1
1879 4987 1
1879 1934 1
7102 10091 1
7102 1066 1
10373 8345 1
7350 2702 1
7350 7176 1
7850 2848 1
2058 7719 1
2058 3092 1
2058 3288 1
2058 2695 1
5540 3241 1
5540 6529 1
5540 7807 1
8514 1497 1
7637 7807 1
7637 7660 1
3999 6935 1
3999 10551 1
3999 767 1
2258 5631 1
2258 9234 1
5388 3625 1
5388 2876 1
5388 4610 1
5388 8684 1
8625 10935 1
1661 2461 1
1661 6407 1
1661 10976 1
1661 8901 1
2041 6391 1
7726 8869 1
3422 5015 1
3422 1671 1
5163 2395 1
5163 8730 1
1523 1786 1
1523 5167 1
1523 1180 1
2435 9906 1
2435 2711 1
2447 1892 1
2447 1130 1
2447 6019 1
2447 1739 1
2447 6712 1
5929 7457 1
5929 6500 1
5929 5968 1
706 1859 1
706 2876 1
993 8341 1
9698 3649 1
1153 3625 1
1153 4115 1
1153 3611 1
1153 2339 1
1153 8565 1
4635 7098 1
4635 6320 1
4635 1019 1
4432 3926 1
4432 2877 1
4432 2466 1
4432 3812 1
7914 5728 1
7641 7660 1
7641 5380 1
7641 5540 1
8309 1898 1
8309 10878 1
8309 1274 1
10050 1653 1
10050 1340 1
3086 3788 1
3086 3232 1
3086 2658 1
9995 8419 1
9995 2431 1
8349 3759 1
8349 2425 1
8349 2219 1
11187 4610 1
11187 2798 1
2890 11187 1
2890 3977 1
2890 4008 1
2890 896 1
2380 11130 1
2380 10541 1
2380 1151 1
2380 2288 1
11085 1312 1
11085 9797 1
11085 6889 1
817 1077 1
817 6892 1
10541 5092 1
10541 2380 1
1836 6500 1
1836 1634 1
2419 2240 1
2419 1543 1
4714 3351 1
4714 2240 1
4714 7289 1
4714 4498 1
1573 10283 1
1573 8517 1
10024 1453 1
5556 9579 1
7297 5388 1
7297 2044 1
7297 414 1
7297 982 1
1712 11156 1
1712 6000 1
1712 5631 1
1712 3982 1
3453 5224 1
3453 7483 1
3453 10434 1
10600 10287 1
10600 6391 1
10600 5540 1
10600 2532 1
1220 10283 1
9925 1066 1
705 6673 1
705 6433 1
1802 2734 1
1802 3794 1
1802 3625 1
6107 7112 1
6220 2601 1
6220 3457 1
6220 10938 1
10351 3812 1
10351 763 1
10351 8354 1
2944 4128 1
2944 5724 1
2944 5868 1
8705 5724 1
8705 3624 1
8705 2846 1
8705 5468 1
6964 1142 1
6964 3009 1
5223 9872 1
1560 6894 1
1560 1517 1
10265 4672 1
10265 10022 1
10265 617 1
10265 2379 1
1068 5709 1
9381 624 1
9381 2527 1
7859 5899 1
7859 9275 1
7859 2187 1
7859 4664 1
6118 3813 1
11128 5092 1
11128 2380 1
5905 2482 1
2993 9374 1
2993 9126 1
2993 3094 1
9957 9234 1
1055 10353 1
1055 617 1
1055 2658 1
2796 5974 1
2796 5970 1
2796 783 1
9760 1389 1
2933 6107 1
2933 5015 1
2933 3814 1
10604 5696 1
10604 8432 1
10604 1297 1
8135 5015 1
11198 7446 1
11198 6889 1
11198 9797 1
11198 9424 1
11007 6183 1
11007 4149 1
11007 6035 1
7110 5100 1
7110 9872 1
7110 1252 1
4053 7106 1
4053 1720 1
4053 4638 1
4053 5939 1
2312 2953 1
10425 7192 1
10425 1559 1
5482 3053 1
5482 7229 1
7128 6470 1
7128 6822 1
7128 5993 1
6822 7128 1
6822 5993 1
10304 6076 1
4903 2793 1
3162 8681 1
3162 11177 1
788 8383 1
788 6599 1
5232 8383 1
5232 3894 1
5467 6036 1
2081 8341 1
2081 6391 1
6029 1639 1
10967 4394 1
2737 4104 1
2737 7084 1
2737 8187 1
2737 10792 1
987 6459 1
987 3100 1
987 2736 1
987 10091 1
2916 6710 1
2916 1190 1
7031 1892 1
7031 1130 1
7031 4061 1
7031 1739 1
7031 3227 1
5385 10550 1
5385 4099 1
5385 6898 1
4480 1130 1
4480 606 1
4480 2880 1
4480 972 1
4480 2238 1
6335 3882 1
3866 7299 1
3866 2944 1
3866 5468 1
7158 7504 1
7158 1945 1
991 1285 1
991 3415 1
9616 5569 1
6324 1308 1
6324 8825 1
6324 7530 1
7147 3053 1
7147 2097 1
7147 2932 1
6966 7748 1
6966 4488 1
7789 5819 1
7789 3572 1
7789 2854 1
7789 5443 1
4488 6966 1
4488 7748 1
1196 6013 1
3771 4498 1
3771 3351 1
3448 6967 1
3448 2236 1
2764 11177 1
2764 5267 1
1077 3239 1
1077 4770 1
8484 2932 1
8484 2187 1
8484 2760 1
8484 5637 1
6400 6892 1
6400 3239 1
8730 3170 1
8730 2791 1
2289 2880 1
10266 5163 1
10266 3993 1
10266 3309 1
10266 10123 1
3682 6118 1
3682 7134 1
4114 2878 1
3001 5451 1
5730 2601 1
5730 4230 1
2393 5451 1
623 5048 1
623 1785 1
4401 5027 1
4401 2982 1
4401 9911 1
9339 1877 1
5224 8741 1
5224 3453 1
3388 3500 1
3388 2982 1
1019 6838 1
1019 6304 1
1019 5013 1
1019 6320 1
9118 10031 1
9118 5899 1
9118 9275 1
9118 1190 1
989 10729 1
4281 9739 1
4281 5084 1
4281 10952 1
4281 10757 1
4281 5684 1
10834 10729 1
824 6087 1
824 7807 1
10801 6087 1
1702 1671 1
1702 5042 1
1702 10276 1
8263 10276 1
8263 7068 1
856 6183 1
856 9872 1
856 11007 1
856 720 1
6926 7229 1
6926 5443 1
6926 1082 1
4457 2530 1
4457 382 1
4457 797 1
3179 8823 1
3179 1274 1
8940 6575 1
8940 5619 1
2356 3063 1
2356 5589 1
2804 7188 1
2804 6327 1
2804 2091 1
2804 10850 1
2150 3659 1
2150 8736 1
8734 8239 1
8734 1965 1
8734 3022 1
5442 987 1
5442 606 1
5442 899 1
5442 2262 1
6396 3342 1
8042 1699 1
4440 2982 1
7922 3342 1
7922 2466 1
515 6459 1
515 4104 1
515 2819 1
10263 4069 1
10263 3218 1
10263 2466 1
10263 3788 1
4468 6923 1
4468 3611 1
4468 6459 1
1755 1661 1
8339 3772 1
8339 1639 1
6598 5823 1
6598 5797 1
6598 6614 1
6598 10751 1
9067 8450 1
9067 9035 1
9067 6040 1
5434 6286 1
5434 9640 1
5434 1840 1
6153 1308 1
6035 10031 1
6035 5443 1
6035 4128 1
6035 11052 1
6035 1152 1
7604 4956 1
7604 10809 1
7604 4233 1
10073 3130 1
10073 2401 1
10073 9823 1
10073 6821 1
976 2848 1
976 3237 1
976 6255 1
976 8756 1
6737 497 1
6737 678 1
6737 1785 1
6946 5456 1
6946 2480 1
951 6034 1
951 2480 1
5823 6614 1
5823 5797 1
5823 10751 1
5823 6598 1
2648 6201 1
8239 2877 1
8239 1365 1
8239 4664 1
8515 4767 1
8515 8684 1
8515 8099 1
8515 414 1
8380 6838 1
8380 3667 1
5321 3710 1
5321 3714 1
6571 3714 1
5121 6643 1
5121 6065 1
6065 3239 1
6065 4733 1
8827 3747 1
8827 2760 1
8827 10983 1
8827 3288 1
2243 1535 1
2243 678 1
2243 1328 1
1420 8112 1
1420 8681 1
6643 10700 1
6643 6065 1
6643 5121 1
1705 2077 1
1705 11129 1
1705 1688 1
1705 10882 1
1513 3813 1
5296 11068 1
5296 4971 1
6529 3170 1
6529 2395 1
6529 11109 1
6529 6288 1
11130 8827 1
11130 6432 1
11130 5042 1
11130 1504 1
3723 1419 1
6097 1739 1
6097 941 1
6097 3644 1
6097 1629 1
6097 2970 1
8769 5349 1
6168 9797 1
6168 5349 1
4381 8576 1
899 3362 1
899 10292 1
8306 1765 1
8306 33 1
8306 9449 1
2020 1892 1
2020 1130 1
2020 1739 1
2020 10343 1
10725 9872 1
10725 2307 1
10725 2288 1
7433 11170 1
7433 1036 1
7307 2288 1
7240 4492 1
7240 2288 1
7240 1152 1
7146 4423 1
7146 3934 1
3854 4233 1
5882 3934 1
5882 4480 1
6078 4247 1
6078 2191 1
8547 3181 1
8547 2691 1
8547 2198 1
8547 2932 1
8547 8146 1
9173 7198 1
9173 7370 1
9173 5970 1
9173 5989 1
9996 5212 1
9996 10840 1
9996 667 1
7198 9173 1
7198 5989 1
5552 5455 1
5552 1653 1
6206 2772 1
2534 7112 1
2534 10334 1
9498 9579 1
2091 10528 1
2091 7188 1
2091 2772 1
2091 1066 1
11093 4480 1
11093 3017 1
11093 2339 1
3686 4616 1
3686 7208 1
5279 9071 1
5279 1603 1
11054 1412 1
11054 756 1
11054 1130 1
11054 2880 1
4194 5289 1
4194 9339 1
2563 9640 1
2563 8509 1
3386 1801 1
3386 982 1
3386 1681 1
3386 3064 1
8419 5548 1
8419 4247 1
4937 3267 1
4937 2691 1
4937 5119 1
4937 3099 1
4937 10158 1
6678 7530 1
6678 2715 1
6678 9866 1
10179 2970 1
10179 3611 1
3215 9761 1
3215 2926 1
3215 2545 1
3215 9441 1
3215 9899 1
6408 9131 1
6408 1840 1
10235 2284 1
10235 2846 1
10235 7299 1
7766 2557 1
7766 8783 1
2390 3836 1
2390 1700 1
1024 3836 1
5634 3411 1
5634 5664 1
1828 6757 1
1828 2530 1
5120 6060 1
5120 5968 1
5120 3931 1
5120 2578 1
5120 4168 1
6921 10840 1
6921 5212 1
6921 8901 1
1983 5296 1
1983 4971 1
3009 10177 1
10458 6872 1
10458 6321 1
10458 6902 1
2959 10107 1
2959 3663 1
2959 4280 1
2959 9797 1
2959 6889 1
4897 8461 1
3382 8033 1
3382 4423 1
2247 9866 1
5539 5230 1
5539 6036 1
5539 982 1
2057 2177 1
2057 8033 1
298 1241 1
298 10032 1
298 10555 1
298 740 1
298 6825 1
10177 3009 1
10177 1142 1
10177 2296 1
5100 7583 1
5100 9025 1
4277 10293 1
3759 8349 1
3759 6166 1
2567 3093 1
2567 4272 1
2567 6575 1
3093 4272 1
3093 2567 1
5619 8940 1
5619 6575 1
3138 2537 1
3138 1748 1
1492 3423 1
1492 5198 1
3198 2537 1
3198 1748 1
3198 3138 1
4021 5640 1
4021 382 1
2537 3138 1
2537 1748 1
5006 9850 1
10020 4199 1
10020 3115 1
10020 3993 1
2613 4543 1
2613 1218 1
3115 4629 1
3115 2791 1
3115 5163 1
1056 5455 1
1056 4586 1
1056 10555 1
9761 4044 1
9761 2864 1
9761 2301 1
9761 3478 1
2188 10062 1
2188 2860 1
2188 2821 1
2188 8644 1
6063 3181 1
6063 2691 1
6063 2198 1
6063 2932 1
6063 8547 1
6631 6304 1
6631 8093 1
6631 1603 1
8277 3181 1
8277 2691 1
8277 2198 1
8277 2932 1
8277 8146 1
4196 5868 1
4196 10850 1
4196 4947 1
4196 6197 1
4196 1190 1
3373 4149 1
3373 2601 1
5868 6552 1
8343 1801 1
8343 3993 1
8343 1681 1
8343 3062 1
8233 1564 1
8233 756 1
8233 3517 1
8233 1336 1
8233 2854 1
8755 1785 1
8755 3914 1
8755 1681 1
8755 3022 1
2042 7530 1
2042 2982 1
2042 3388 1
1439 1087 1
3085 923 1
3085 3409 1
6186 9758 1
6186 9999 1
6186 1559 1
425 7112 1
425 3710 1
2340 10325 1
2340 6186 1
2340 7192 1
4776 2821 1
4776 1965 1
4776 2691 1
4776 8644 1
9999 7192 1
9999 1559 1
7530 1130 1
7530 629 1
7530 2979 1
7530 982 1
7530 2322 1
4238 1801 1
4238 982 1
4238 4060 1
4238 1681 1
4238 3100 1
11169 6321 1
5946 9999 1
5946 7429 1
5946 6012 1
8892 10022 1
8892 2880 1
10022 1564 1
10022 678 1
10022 3678 1
10022 1336 1
10022 2946 1
1303 9719 1
1303 1190 1
2126 2603 1
2126 7699 1
2126 3227 1
5169 10129 1
5169 3181 1
5169 2821 1
5447 8542 1
5447 3836 1
8806 8408 1
8806 4578 1
11149 2877 1
11149 414 1
7546 4019 1
7546 2762 1
7546 2223 1
7546 3597 1
7546 10528 1
962 8398 1
1391 8542 1
1391 3416 1
1391 8143 1
9830 2058 1
9830 4476 1
4069 2877 1
4069 7147 1
10868 9914 1
10868 4652 1
1815 2771 1
7095 8883 1
7095 6118 1
7095 1671 1
8741 3453 1
8741 6559 1
8741 5224 1
8741 7483 1
1777 4652 1
1777 6087 1
9914 10868 1
9914 7802 1
6227 8531 1
6227 7367 1
6227 8093 1
6227 1603 1
4581 1592 1
4581 8432 1
4581 7299 1
5404 7177 1
3663 6889 1
3663 1603 1
9424 7446 1
9424 6889 1
9424 9797 1
9424 11198 1
1688 6708 1
1688 11052 1
2791 4104 1
2791 7457 1
2791 6529 1
8552 6836 1
8552 4457 1
10293 6060 1
8362 7208 1
6320 6349 1
6320 6304 1
6320 9071 1
6320 1603 1
7367 8093 1
7367 6838 1
7367 6304 1
7367 10977 1
7367 1603 1
1606 6605 1
6033 4008 1
9438 5819 1
9438 3572 1
9438 2854 1
9438 5443 1
1208 5163 1
1208 7483 1
7013 1419 1
7013 8461 1
834 9788 1
834 10022 1
834 2970 1
834 3062 1
5545 6407 1
5545 10782 1
5545 7242 1
9732 4629 1
9732 3409 1
6407 6036 1
6407 4492 1
6407 9092 1
2925 3882 1
2925 2848 1
2925 6938 1
2925 6035 1
8686 8369 1
8686 9764 1
7845 2595 1
7845 1877 1
7845 2505 1
7845 4135 1
3730 8345 1
4553 11177 1
4553 10343 1
4553 1066 1
8269 3572 1
8269 2897 1
8269 3326 1
8269 7457 1
3672 7253 1
3672 9600 1
3672 8565 1
3672 1233 1
9433 9126 1
2754 7637 1
2754 7972 1
4495 10813 1
4495 7831 1
9906 2711 1
9906 2435 1
6836 8239 1
6836 3317 1
6836 414 1
3720 10129 1
3720 2926 1
3720 2545 1
3710 5321 1
3710 9234 1
3710 3714 1
7192 5954 1
7192 2601 1
7192 5830 1
7192 8919 1
8015 5230 1
8015 2601 1
9661 2111 1
9661 1774 1
9563 8398 1
9563 112 1
9563 7249 1
6271 2486 1
4926 1755 1
4926 2916 1
1634 1836 1
1634 2461 1
1634 5906 1
112 9563 1
112 7249 1
7834 3882 1
6708 5819 1
6708 3572 1
6708 2854 1
6708 5443 1
6708 9438 1
1151 7390 1
1151 7242 1
1151 7110 1
7242 7748 1
7242 1151 1
7242 2380 1
8320 3714 1
8320 5321 1
3097 6255 1
3097 2877 1
3097 2466 1
3097 6035 1
3097 3692 1
7721 5154 1
7721 4208 1
6898 10550 1
6898 6924 1
6898 1492 1
6075 7530 1
6075 3931 1
6075 4937 1
10076 2486 1
2130 7494 1
10493 6571 1
10493 9764 1
10493 2949 1
617 10022 1
617 4672 1
617 2379 1
4099 5778 1
4099 5385 1
4099 6898 1
9037 6321 1
9037 3969 1
7885 8705 1
1206 11177 1
1206 3400 1
1206 7269 1
2947 10549 1
2947 4178 1
2947 4850 1
2947 1452 1
8708 9732 1
8708 8013 1
8708 6196 1
4028 3866 1
4028 2944 1
4028 6552 1
8178 5868 1
8178 3866 1
8178 2944 1
5468 5868 1
5468 3624 1
5468 2846 1
5468 5382 1
5468 5724 1
6848 2219 1
6848 2058 1
4476 4589 1
361 4590 1
361 11089 1
3969 5133 1
8470 4104 1
8470 2880 1
8470 3951 1
8470 7702 1
8187 1130 1
8187 678 1
8187 3062 1
8187 941 1
8187 2402 1
5154 6935 1
5154 5056 1
5154 4382 1
5154 6286 1
5154 982 1
5873 5664 1
5873 891 1
4132 1152 1
4132 3602 1
3309 7682 1
3309 3326 1
3309 5255 1
9816 2267 1
9816 891 1
9082 8380 1
9082 382 1
4492 6407 1
4492 8406 1
4492 7240 1
5382 7299 1
5382 3866 1
5382 2944 1
5382 8178 1
9758 2530 1
9758 9999 1
6364 10942 1
6364 10549 1
1640 5230 1
1640 5212 1
1640 11007 1
1640 4097 1
10940 10882 1
10940 6691 1
10940 4097 1
1211 10976 1
1211 9640 1
1211 6917 1
1891 3326 1
1891 2979 1
1460 6923 1
1460 1891 1
944 10624 1
944 2890 1
7908 7392 1
7908 6757 1
4616 3686 1
4616 7208 1
9839 2498 1
7370 2461 1
7370 1629 1
7370 5708 1
7370 2339 1
7370 4135 1
408 3232 1
408 9072 1
10974 6821 1
10974 6595 1
10974 853 1
7682 3788 1
1731 9579 1
8623 3094 1
8623 2603 1
8623 9738 1
9719 5393 1
9719 10024 1
9719 2752 1
5604 8738 1
5604 7494 1
5604 433 1
5604 1705 1
3699 3181 1
3699 2691 1
3699 2198 1
3699 2932 1
3699 8872 1
1958 10292 1
1958 2552 1
1958 11060 1
1958 3100 1
2301 4937 1
2301 3099 1
2301 2198 1
2301 8002 1
2301 3267 1
2860 9662 1
2860 5169 1
8093 8176 1
8093 6838 1
8093 6304 1
8093 1603 1
2332 8719 1
2332 3326 1
4073 3181 1
4073 2691 1
4073 2198 1
4073 2932 1
4073 8872 1
1180 3421 1
1180 1172 1
7899 5254 1
7899 9739 1
7910 9640 1
7910 1840 1
5858 6917 1
5858 9131 1
5858 1840 1
8509 1840 1
6808 8033 1
6808 7146 1
6808 4423 1
7017 3317 1
7017 2877 1
7017 6786 1
4709 8731 1
4709 3993 1
4709 2614 1
4709 7321 1
4709 9577 1
3063 2356 1
3063 5589 1
7321 4709 1
7321 3914 1
7321 7253 1
7321 767 1
6648 3170 1
6648 2791 1
2533 8229 1
3356 4868 1
3356 8229 1
1748 2537 1
1748 716 1
5230 8705 1
1297 336 1
5570 4304 1
6319 9126 1
6319 10700 1
5696 5451 1
6102 6803 1
6102 4942 1
6102 4132 1
6102 5664 1
7843 3115 1
7843 2289 1
7843 8730 1
7843 2970 1
6197 1746 1
6197 1248 1
6197 1541 1
6197 4027 1
6013 5312 1
6013 2722 1
6013 1285 1
4272 3093 1
4272 2567 1
4272 6575 1
8467 6821 1
8467 10974 1
4947 10123 1
4947 3528 1
4947 2925 1
4947 6926 1
4947 7229 1
10170 6571 1
10170 3714 1
2763 3416 1
2763 7176 1
2763 8143 1
5904 7419 1
5904 1765 1
5904 817 1
5904 2296 1
8373 5678 1
8373 4178 1
8373 1452 1
2316 4119 1
10869 1958 1
10869 7091 1
3755 4178 1
3755 9744 1
3755 3724 1
6224 7511 1
6224 4543 1
6224 853 1
3960 7201 1
2219 6848 1
11055 1301 1
7006 6364 1
7006 4850 1
7006 10549 1
7006 1452 1
2361 3741 1
2361 9432 1
2361 10996 1
2361 10947 1
2361 10534 1
4156 10534 1
4156 7320 1
4156 3814 1
4156 4980 1
699 6757 1
9306 5954 1
9306 10882 1
7660 4135 1
7660 5974 1
7660 9577 1
4178 5093 1
4178 10549 1
4178 4609 1
4178 8373 1
4178 1452 1
2752 9669 1
2752 9719 1
2752 5393 1
5393 1303 1
5393 2752 1
2924 3460 1
11154 2165 1
10509 3099 1
11173 4019 1
11173 2762 1
11173 2223 1
11173 3597 1
11173 7719 1
9432 10996 1
9432 10534 1
9432 3741 1
9432 10947 1
3392 6737 1
3392 7922 1
3392 1934 1
1746 9824 1
1746 6197 1
1746 10912 1
923 4642 1
923 3409 1
8126 8883 1
8126 2601 1
8126 2461 1
8126 2975 1
8406 8542 1
8406 2691 1
8406 3969 1
4291 4553 1
4291 1066 1
4291 2119 1
7583 5015 1
7583 5100 1
2362 3914 1
2362 8133 1
2362 7321 1
2362 767 1
9769 3800 1
4008 3945 1
4008 2876 1
4008 3625 1
4008 6033 1
2267 3416 1
2267 891 1
8829 7084 1
8829 4455 1
11074 6685 1
4386 3305 1
4386 297 1
4386 10136 1
4386 11052 1
8489 10685 1
8489 2771 1
1749 6118 1
1749 10912 1
1749 1443 1
7201 5696 1
7201 10235 1
7201 720 1
7201 2284 1
5460 4468 1
5460 3326 1
5460 2979 1
5460 4199 1
493 4926 1
493 2916 1
493 6710 1
11163 5819 1
11163 3572 1
11163 2854 1
11163 5443 1
11163 9441 1
8132 3722 1
8132 11061 1
8132 3814 1
8132 10534 1
6391 497 1
6391 7682 1
6391 756 1
6391 1806 1
1453 9579 1
1453 512 1
9899 3699 1
9899 2188 1
9899 3215 1
9899 8644 1
1669 2486 1
6892 2545 1
4423 8033 1
4423 3382 1
4423 3934 1
2904 10158 1
2904 2545 1
2904 4044 1
2904 6892 1
6386 10205 1
6386 3928 1
6386 2181 1
10501 6254 1
5119 4917 1
5119 2926 1
5119 2545 1
5119 4044 1
9234 5631 1
9234 2563 1
5309 10235 1
5309 4254 1
1827 1497 1
1827 9769 1
1827 1795 1
2718 4987 1
2718 5548 1
3345 8461 1
1699 10813 1
1699 8042 1
4991 904 1
4991 6605 1
2644 4394 1
2644 9788 1
9228 4487 1
9228 10143 1
9228 2078 1
5678 8373 1
5678 4850 1
5678 6364 1
5678 1452 1
5254 10434 1
5254 7899 1
1772 4937 1
1772 7530 1
6000 3982 1
6000 1712 1
6000 5631 1
6000 11156 1
8469 1165 1
8469 444 1
8469 982 1
10938 5868 1
10938 3866 1
10938 2944 1
8370 8535 1
1786 8354 1
1786 1180 1
1786 1523 1
4606 2880 1
4606 10792 1
4061 1892 1
4061 1130 1
4061 9218 1
4061 1739 1
4061 3227 1
10205 6386 1
5267 8112 1
5267 2764 1
7736 1143 1
5801 4770 1
5801 8979 1
5801 817 1
11089 4590 1
11089 7773 1
11089 3096 1
5866 6757 1
5866 6401 1
5866 4850 1
5866 1452 1
1543 4814 1
1543 6461 1
1543 1403 1
1543 2656 1
4012 1274 1
4012 6197 1
8360 8213 1
8360 4180 1
8360 2106 1
8360 1411 1
8360 2206 1
6714 7820 1
6714 9400 1
6714 7446 1
6714 6907 1
9147 2736 1
9147 4104 1
9147 8565 1
10888 2527 1
10888 624 1
2658 1564 1
2658 756 1
2658 10777 1
2658 1336 1
2658 3086 1
7511 9786 1
7511 7308 1
7511 4973 1
7511 9579 1
7511 1945 1
10528 2684 1
10528 1564 1
10528 5978 1
10528 2223 1
5093 5678 1
5093 6364 1
5093 4609 1
5093 1452 1
1801 1130 1
1801 3772 1
1801 1739 1
1801 5374 1
8767 2848 1
8767 1716 1
8767 6935 1
8767 2595 1
8767 5241 1
1360 1700 1
1360 5782 1
1360 1356 1
537 3611 1
537 2571 1
537 1965 1
537 4119 1
537 1629 1
10983 3288 1
10983 2260 1
10983 8827 1
10983 3011 1
10983 6197 1
1086 2876 1
1086 1859 1
6461 3402 1
6461 2106 1
6461 1543 1
6461 2552 1
8140 10813 1
8897 1934 1
8897 4476 1
8897 8199 1
4782 11048 1
4782 9175 1
4782 9528 1
667 1504 1
667 7719 1
667 10983 1
667 11068 1
667 6821 1
4149 2950 1
4149 2223 1
4149 7294 1
4149 2831 1
4149 6443 1
6459 2395 1
6459 2243 1
6459 3945 1
1590 2197 1
1590 7904 1
1590 2299 1
1590 11129 1
1590 5390 1
767 10034 1
767 3993 1
767 2445 1
767 6062 1
767 10604 1
8997 7530 1
8997 4286 1
8997 2578 1
8997 2227 1
8997 3931 1
6433 3239 1
6433 705 1
6433 1822 1
2299 11129 1
2299 11040 1
2299 1590 1
2299 2197 1
3945 1785 1
3945 1130 1
3945 3914 1
3945 1681 1
3945 3042 1
1381 6708 1
1381 7963 1
1381 6036 1
1381 10158 1
3122 4782 1
3122 4477 1
3122 11048 1
1559 6364 1
1559 5946 1
1559 2340 1
1559 10325 1
8523 1412 1
8523 678 1
8523 3344 1
8523 1130 1
8523 2734 1
3300 9783 1
3300 8099 1
3300 6576 1
3300 1586 1
1271 9101 1
1271 4253 1
1719 2477 1
1719 9101 1
896 5574 1
896 4008 1
896 3482 1
896 1802 1
896 10624 1
2162 3086 1
2162 1688 1
2162 5751 1
2162 7945 1
2162 6737 1
10543 6112 1
10543 4156 1
10543 3809 1
10543 5530 1
8802 1564 1
8802 756 1
8802 3409 1
8802 1336 1
8802 2819 1
3136 10511 1
3136 10401 1
3136 1190 1
3136 8898 1
1395 6312 1
1395 581 1
1395 5291 1
1395 6107 1
1395 2933 1
8359 6964 1
8359 5363 1
8359 5677 1
8021 4578 1
9762 10935 1
9762 4850 1
1285 2715 1
1285 8944 1
1285 720 1
1285 1196 1
5878 2780 1
11101 7266 1
11101 5289 1
11101 9162 1
3914 853 1
3914 542 1
3914 2848 1
3914 767 1
3914 2238 1
4414 8726 1
4414 5027 1
8194 6838 1
8194 6304 1
8194 8176 1
8194 1603 1
3790 6605 1
3790 817 1
3790 2398 1
3790 9002 1
1321 7188 1
1029 3364 1
3982 4313 1
3982 6000 1
3982 2425 1
3982 11156 1
7464 6012 1
7464 7998 1
7464 8919 1
7464 1566 1
7464 3094 1
9110 2960 1
9110 9264 1
9110 3364 1
9110 7253 1
3887 5650 1
3887 8163 1
3887 7611 1
3887 1034 1
3064 1715 1
3064 944 1
3064 8759 1
3064 1629 1
3064 2958 1
3159 7876 1
3159 2610 1
1418 6036 1
1418 6525 1
1418 6183 1
1418 1128 1
1418 2560 1
7084 3858 1
7084 10874 1
8825 6324 1
8825 1308 1
3911 10365 1
3911 5093 1
3911 4933 1
9672 4264 1
9672 2680 1
7684 1639 1
2461 3788 1
2461 10792 1
2461 5056 1
2461 1634 1
8222 8689 1
8222 690 1
8222 2347 1
1593 5037 1
1593 9669 1
1593 6797 1
1593 2766 1
5708 4629 1
5708 2819 1
5708 4135 1
10365 7519 1
10365 5093 1
10365 858 1
4230 3597 1
4230 2691 1
4230 9374 1
4230 3130 1
4230 5451 1
4730 4871 1
4730 3237 1
4730 2595 1
4730 4128 1
4730 10091 1
5574 1331 1
5574 756 1
5574 3042 1
5574 1153 1
5574 2505 1
5974 941 1
5974 583 1
5974 10551 1
5974 756 1
5974 2162 1
4233 8514 1
4233 839 1
5056 2601 1
5056 2010 1
5056 7843 1
5056 2505 1
5056 4396 1
9994 6995 1
9994 4618 1
9994 1051 1
9994 1356 1
7091 1535 1
7091 756 1
7091 3386 1
7091 1233 1
7091 2737 1
9312 4254 1
5830 9999 1
5830 3094 1
5830 7429 1
5830 8336 1
10325 7192 1
10325 1559 1
8584 2541 1
8584 1584 1
8584 1812 1
5558 2471 1
5558 1501 1
5558 3394 1
5835 5625 1
5835 4634 1
5835 4084 1
612 1204 1
612 1196 1
612 1285 1
612 8681 1
6890 4104 1
6890 2880 1
6890 3951 1
6890 7211 1
9574 10377 1
9574 7400 1
10840 9996 1
10840 4793 1
10840 1036 1
5902 8118 1
5902 5835 1
5902 4759 1
5902 9426 1
3433 8542 1
3433 8406 1
3433 8143 1
4221 4208 1
4221 1403 1
10805 5201 1
8290 8014 1
8290 3123 1
8290 9148 1
2054 3241 1
2054 2960 1
10759 9872 1
10759 7721 1
10759 6196 1
10759 9468 1
10759 2851 1
6917 9640 1
6917 1840 1
3625 11187 1
3625 5388 1
3625 3073 1
3625 10624 1
3625 896 1
2975 1629 1
2975 678 1
2975 6836 1
2975 1412 1
2975 2870 1
11022 2846 1
11022 6898 1
11022 1100 1
11022 2312 1
7211 3383 1
7211 2238 1
7211 10874 1
7211 3100 1
7211 6577 1
2339 4610 1
2339 1802 1
2339 2284 1
6454 7205 1
6454 2757 1
6454 191 1
5713 4677 1
5713 4741 1
5713 2027 1
4067 8537 1
4067 9122 1
4067 3887 1
4067 8267 1
4067 752 1
5601 6309 1
5601 10809 1
5601 6166 1
2119 830 1
2119 1341 1
6572 1564 1
6572 756 1
6572 3409 1
6572 1336 1
6572 2819 1
4831 1754 1
4831 1681 1
4831 2498 1
8313 6836 1
8313 1616 1
5722 7914 1
5722 6500 1
5722 10906 1
5722 1267 1
11 5815 1
11 6183 1
11 856 1
8716 1564 1
8716 756 1
8716 3517 1
8716 1336 1
8716 2854 1
7893 2158 1
7893 1274 1
7893 8380 1
7893 6838 1
9634 5722 1
9634 3036 1
9634 10906 1
9634 7822 1
7750 10021 1
7750 377 1
7750 4508 1
7750 3441 1
2527 5241 1
2527 5589 1
2527 9381 1
2527 6099 1
2527 10888 1
9934 11093 1
9934 6391 1
9934 3813 1
9934 9100 1
9934 1204 1
4455 8637 1
4455 8774 1
4455 8829 1
6004 6117 1
6004 10747 1
6004 9394 1
6004 7566 1
5719 3421 1
5719 2238 1
5719 3061 1
10942 5954 1
4875 2916 1
4875 340 1
10202 4629 1
10202 2819 1
10202 4135 1
1840 5858 1
1840 4610 1
4280 3663 1
4280 9797 1
4280 1312 1
4280 2959 1
798 3996 1
798 1204 1
798 8681 1
798 8014 1
10041 1681 1
10041 982 1
10041 3957 1
10041 1564 1
10041 3042 1
6559 8741 1
6559 9618 1
6559 5224 1
6559 10434 1
8118 7102 1
8118 8366 1
8118 8449 1
8118 1648 1
8118 2878 1
2402 1892 1
2402 1130 1
2402 8345 1
2402 1739 1
2402 9278 1
3623 3926 1
3623 7710 1
3623 8456 1
3623 6224 1
3623 853 1
6673 705 1
6673 92 1
6673 5201 1
6673 3383 1
532 5815 1
532 6183 1
532 4128 1
532 1716 1
532 2925 1
7496 9017 1
7496 540 1
7496 5934 1
7496 1945 1
7496 10338 1
2571 1892 1
2571 1130 1
2571 6595 1
2571 1739 1
2571 3644 1
830 1716 1
830 4128 1
830 853 1
830 5293 1
830 2925 1
10137 7266 1
1432 10743 1
1432 3307 1
1432 9740 1
9662 4776 1
9662 2854 1
9662 2484 1
9662 3699 1
9662 10237 1
4724 9118 1
4724 6157 1
4724 6197 1
4724 1190 1
2983 6520 1
2983 4598 1
2983 2919 1
2983 2224 1
4629 3115 1
4629 2289 1
4629 7530 1
4629 2943 1
11167 8580 1
11167 1840 1
2114 10158 1
2114 6036 1
2114 6923 1
2114 11163 1
1959 1564 1
1959 756 1
1959 5241 1
1959 1336 1
5640 382 1
6983 2181 1
6983 1036 1
6983 7211 1
2484 7231 1
2484 10397 1
2484 8364 1
2484 2932 1
6599 8419 1
6599 6280 1
3993 818 1
3993 532 1
3993 730 1
3993 2020 1
6840 9640 1
6840 1840 1
5167 9796 1
5167 1523 1
5167 6267 1
229 5958 1
229 1254 1
229 3495 1
2552 10792 1
2552 6918 1
2552 5969 1
2552 8736 1
2552 6722 1
6034 2480 1
6034 951 1
6034 3917 1
10782 8901 1
10782 7562 1
10782 5545 1
10782 1196 1
3818 8532 1
3818 5968 1
3818 10021 1
11100 2527 1
11100 624 1
3218 10886 1
3218 7147 1
3218 6033 1
3415 5451 1
3415 3617 1
3415 10769 1
3415 6519 1
3415 821 1
1674 2359 1
1674 8565 1
1674 4008 1
3127 2762 1
3127 95 1
3127 4394 1
4868 6737 1
4868 3356 1
2684 4648 1
2684 3344 1
2684 2223 1
2684 6970 1
1372 3551 1
1372 10198 1
1372 7790 1
1372 832 1
9887 8239 1
9887 5899 1
9887 4724 1
9887 1082 1
4664 2545 1
4664 5133 1
10977 6838 1
10977 6304 1
10977 8176 1
10977 1603 1
11009 10365 1
11009 1174 1
4759 5835 1
4759 4355 1
4759 4084 1
4759 10021 1
6500 5929 1
6500 3344 1
6500 2401 1
6500 5722 1
4372 7542 1
4372 8689 1
4372 5789 1
4372 690 1
4372 2347 1
7340 9220 1
7340 10416 1
7340 10949 1
7340 8204 1
3858 6918 1
3858 2508 1
3858 8233 1
6327 3237 1
6327 2466 1
6327 1877 1
6327 2925 1
6327 6737 1
2244 9872 1
2244 7767 1
2244 10881 1
2181 7433 1
2181 3753 1
2181 7211 1
2181 827 1
2181 1036 1
3827 11097 1
3827 6898 1
3827 11168 1
3827 6008 1
4958 1113 1
4958 3527 1
629 3100 1
629 8961 1
629 8345 1
629 7702 1
629 3788 1
8395 2877 1
8395 3999 1
10136 297 1
10136 4386 1
10136 3305 1
10136 6410 1
10434 3993 1
10434 2737 1
10434 3574 1
10434 6918 1
3470 4161 1
3470 1998 1
3470 8442 1
3470 710 1
3470 1204 1
3909 3836 1
10873 3914 1
10873 2877 1
10873 2466 1
10873 3812 1
10873 9165 1
9227 5178 1
9227 6051 1
9227 4305 1
9227 5037 1
9808 6955 1
9808 2165 1
7210 8763 1
7210 8979 1
7210 4770 1
7210 4586 1
7210 6825 1
6387 5905 1
6387 10512 1
6387 2482 1
6387 2471 1
6387 3394 1
6231 6936 1
6231 9071 1
6231 1603 1
4490 5646 1
4490 10415 1
4490 7134 1
7972 4831 1
7972 5634 1
7972 2754 1
4672 10411 1
4672 617 1
4672 2379 1
1190 10796 1
1190 11007 1
1190 3136 1
9785 7390 1
9785 7441 1
9785 5664 1
9785 5634 1
1411 7176 1
1411 1543 1
1411 1690 1
1411 5984 1
1411 5542 1
5016 2897 1
5016 1806 1
5016 5670 1
5016 2791 1
5016 4480 1
9131 3384 1
9131 2339 1
9131 8719 1
9131 3017 1
4193 3305 1
4193 9148 1
4193 4637 1
4193 500 1
5934 9017 1
5934 540 1
5934 10338 1
5934 1945 1
5934 7496 1
2403 4698 1
2403 8014 1
2403 4193 1
2403 1223 1
2403 3979 1
6239 4060 1
6239 2880 1
6239 3858 1
2757 6185 1
2757 2078 1
2757 1714 1
2757 10194 1
8757 10813 1
8757 2987 1
8757 1721 1
8757 1622 1
6288 3170 1
6288 2791 1
6288 6529 1
6383 1664 1
6383 941 1
6383 1535 1
6383 2788 1
4642 3391 1
6712 1892 1
6712 1130 1
6712 4061 1
6712 1739 1
6712 3227 1
8453 3882 1
8453 3775 1
8453 10048 1
5443 2466 1
5443 1836 1
5443 6708 1
5443 2284 1
1328 5048 1
1328 7457 1
4810 3812 1
4810 2595 1
4810 2083 1
4810 3572 1
4810 7845 1
512 1365 1
512 9877 1
512 5985 1
512 11136 1
7919 10016 1
7919 2754 1
7919 3975 1
7919 11168 1
9431 6770 1
9431 5717 1
9431 10912 1
9431 720 1
4208 7883 1
4208 4655 1
4208 1403 1
9146 1629 1
9146 818 1
9146 3611 1
9146 1412 1
9146 2958 1
1341 9275 1
1341 3097 1
1341 4553 1
1341 4104 1
1341 7308 1
10131 9669 1
10131 704 1
7106 8229 1
7106 4053 1
7106 3443 1
7106 4638 1
3624 2944 1
3624 5468 1
9162 7266 1
9162 3612 1
9162 4799 1
5680 8106 1
5680 3415 1
5680 8611 1
6889 11085 1
6889 3663 1
6889 2959 1
6889 4280 1
4415 2936 1
4415 2401 1
4415 3264 1
10176 6350 1
10176 2725 1
10176 647 1
10176 4968 1
6061 1892 1
6061 1130 1
6061 4061 1
6061 1739 1
6061 3227 1
7802 6820 1
7802 4652 1
8517 10283 1
8517 1573 1
7694 10640 1
7694 817 1
7694 1487 1
7622 7114 1
7622 9092 1
7622 3753 1
7622 1580 1
7622 3992 1
4140 5589 1
9866 2247 1
9866 6678 1
9866 2715 1
9866 7530 1
3022 1373 1
3022 756 1
3022 10266 1
3022 1153 1
8783 7766 1
8783 8026 1
8783 5446 1
8783 2557 1
972 7294 1
972 9934 1
972 6391 1
972 5441 1
1822 5801 1
1822 6433 1
1822 3776 1
1822 4770 1
10527 5788 1
10527 8945 1
10527 1592 1
5684 5156 1
5684 4281 1
5684 5784 1
5684 547 1
5684 2077 1
3943 6677 1
3943 11194 1
3943 7315 1
4766 1412 1
4766 730 1
4766 3362 1
4766 1197 1
4766 2734 1
965 1229 1
965 10551 1
965 4684 1
965 767 1
2655 4933 1
2655 10386 1
1452 3755 1
1452 2460 1
1452 1952 1
1452 8703 1
8416 4833 1
8416 10050 1
10062 3181 1
10062 2691 1
10062 2198 1
10062 2932 1
10062 8146 1
6580 7429 1
6580 4813 1
6580 9650 1
9766 8959 1
9766 382 1
10198 3841 1
10198 1673 1
10198 9856 1
10198 3585 1
10198 8014 1
3234 1892 1
3234 1130 1
3234 6722 1
3234 1739 1
3234 3100 1
5669 10143 1
5669 6916 1
5669 4452 1
5669 4288 1
8013 5906 1
8013 3344 1
6552 8778 1
6552 2686 1
6552 5830 1
2555 6407 1
2555 4820 1
2555 5944 1
2555 1513 1
8071 4128 1
8071 2925 1
8071 2466 1
8071 3882 1
8071 10031 1
6854 7767 1
6854 1616 1
444 9082 1
444 3928 1
10890 5868 1
10890 3866 1
10890 2944 1
3517 873 1
3517 3344 1
3517 1320 1
3517 2819 1
3649 9564 1
3649 7373 1
3649 612 1
8872 4917 1
8872 2926 1
8872 2545 1
8872 4044 1
8872 10158 1
5709 3409 1
5709 2445 1
5709 4474 1
5709 9577 1
9191 2219 1
9191 6401 1
9191 8373 1
9855 3460 1
9855 4793 1
10678 9870 1
10678 7530 1
10678 4937 1
10678 9245 1
10678 1772 1
5455 3736 1
5455 10555 1
5455 740 1
5455 1241 1
1340 10050 1
1340 1653 1
3809 3747 1
3809 2695 1
3809 3288 1
3809 7546 1
10673 7768 1
10673 4709 1
10673 3914 1
10673 7253 1
10673 767 1
11109 7494 1
11109 5604 1
11109 10882 1
11109 1688 1
410 7631 1
410 3612 1
410 10032 1
410 7088 1
2505 1233 1
2505 606 1
2505 4238 1
2505 1130 1
2505 4115 1
3305 6184 1
3305 9730 1
3305 1605 1
5679 382 1
5679 11 1
4033 3624 1
4033 2846 1
4033 7299 1
4033 5230 1
818 10792 1
818 8736 1
818 1664 1
6411 4104 1
6411 2880 1
6411 3951 1
8474 4474 1
8474 2482 1
8474 2471 1
8474 3394 1
5182 6552 1
5182 3866 1
5182 2944 1
5182 10890 1
5182 8178 1
6923 1233 1
6923 678 1
6923 3022 1
6923 993 1
1733 10459 1
1733 6650 1
1733 10536 1
1733 1500 1
6956 8075 1
6956 6605 1
8066 9797 1
8066 5074 1
8066 1496 1
9807 5226 1
9807 839 1
9807 797 1
9807 1274 1
3457 6552 1
3457 2573 1
3457 9347 1
5198 4393 1
5198 10416 1
5198 3394 1
1716 2819 1
1716 9218 1
1716 6328 1
1716 2595 1
1716 4730 1
3313 6924 1
1483 4135 1
1483 3364 1
7320 4252 1
7320 8106 1
7320 1967 1
10802 11129 1
10802 6642 1
10802 3813 1
10802 9934 1
10802 1204 1
2910 10568 1
8133 7768 1
8133 4709 1
8133 3914 1
8133 7253 1
8133 767 1
7994 4019 1
7994 2762 1
7994 2223 1
7994 3597 1
7994 7719 1
3812 10123 1
3812 2877 1
3812 2175 1
3812 3692 1
3812 6737 1
9035 7188 1
9035 8626 1
9035 2977 1
9264 3736 1
9264 2819 1
9264 9654 1
9264 3572 1
9264 7681 1
5048 3170 1
5048 2791 1
5048 9108 1
3017 6935 1
3017 2406 1
3017 4871 1
9473 1892 1
9473 1130 1
9473 4061 1
9473 1739 1
9473 3227 1
497 8755 1
497 4115 1
497 5318 1
497 8233 1
497 2192 1
5530 10543 1
5530 8869 1
7140 10290 1
7140 6206 1
7140 5133 1
7140 5749 1
5819 3570 1
5819 11163 1
5819 3241 1
9301 1143 1
11126 3618 1
11126 3367 1
680 8763 1
680 1653 1
3574 1484 1
3574 756 1
3574 3362 1
3574 1281 1
3574 2734 1
9764 8686 1
9764 10493 1
9764 5666 1
9764 8369 1
1059 1443 1
1059 10551 1
1059 10397 1
1059 11086 1
1059 7400 1
3528 6328 1
3528 4128 1
3528 4947 1
3528 8883 1
3528 1152 1
2322 8523 1
2322 2943 1
3145 3368 1
3145 1274 1
5768 4978 1
5768 1130 1
4027 4019 1
4027 2762 1
4027 2223 1
4027 3597 1
2286 8688 1
2286 6311 1
2286 7494 1
2286 8476 1
7566 5832 1
7566 6117 1
7566 6004 1
2343 8239 1
2343 3342 1
2343 5016 1
3862 10020 1
3862 3170 1
3862 2791 1
3862 3993 1
570 839 1
9275 3754 1
9275 10873 1
9275 3419 1
9275 7229 1
10996 9475 1
10996 10534 1
10996 6853 1
10996 3741 1
10996 9432 1
10549 8703 1
10549 6364 1
10549 4850 1
10549 8257 1
10549 1452 1
6262 5545 1
6262 5015 1
9744 8703 1
9744 6364 1
9744 4850 1
9744 8257 1
9744 1452 1
4814 7869 1
4814 5664 1
4814 2552 1
4814 1543 1
4814 4180 1
3073 4610 1
3073 7524 1
3073 896 1
2876 4008 1
2876 4239 1
2876 4610 1
2876 10672 1
2876 6505 1
4617 2401 1
4617 1357 1
4617 6981 1
4617 11068 1
4617 5389 1
9017 10338 1
9017 540 1
9017 5934 1
9017 1945 1
9017 7496 1
3794 11187 1
3794 3977 1
3794 3073 1
3794 896 1
9374 3809 1
9374 2762 1
9374 10983 1
9374 3344 1
9374 7190 1
9805 2993 1
9805 9126 1
9805 4052 1
2398 9002 1
2398 2296 1
2398 3790 1
2398 6605 1
926 5807 1
926 447 1
926 1667 1
926 9977 1
9631 7483 1
2191 8351 1
2191 1613 1
2191 10414 1
2191 6078 1
2614 4190 1
2614 6935 1
2614 4098 1
2614 6062 1
2614 767 1
8565 941 1
8565 542 1
8565 10886 1
8565 756 1
5083 5944 1
5083 4180 1
5083 2111 1
5083 2305 1
7647 7170 1
683 6710 1
5271 1504 1
5271 5042 1
5271 4956 1
5271 6432 1
8753 5382 1
8753 3457 1
8753 2686 1
2897 3262 1
2897 3309 1
2897 3672 1
2897 5016 1
2897 1233 1
4638 5939 1
4638 8229 1
4638 4053 1
4638 1720 1
3678 1336 1
3678 678 1
3678 3234 1
3678 1153 1
3678 2571 1
8901 6921 1
8901 9996 1
8901 1671 1
8078 4019 1
8078 2762 1
8078 2223 1
8078 3597 1
8078 7719 1
65 4613 1
1806 2343 1
1806 4873 1
1806 3993 1
1806 7457 1
1806 2970 1
9400 1785 1
9400 1130 1
9400 3993 1
9400 1664 1
9400 3062 1
2722 9175 1
2722 1196 1
7945 1443 1
7945 720 1
7945 1233 1
7945 2788 1
690 8562 1
690 8484 1
690 2347 1
690 2358 1
2431 9995 1
2431 3003 1
2431 8419 1
2431 9270 1
1798 8490 1
1798 4852 1
1798 7169 1
3003 5968 1
3003 9995 1
3003 3939 1
6691 10912 1
6691 9732 1
6691 757 1
8432 7843 1
8432 1443 1
4317 10935 1
10551 1153 1
10551 678 1
10551 3227 1
10551 982 1
10551 2447 1
6349 8194 1
6349 5437 1
6349 4635 1
6349 10882 1
2867 8246 1
2867 7831 1
2867 9925 1
2044 1535 1
2044 678 1
2044 4747 1
2044 1252 1
2044 9278 1
5051 7110 1
5051 2044 1
5051 1252 1
5051 2762 1
10274 10343 1
10274 4596 1
10274 9891 1
6982 3351 1
6982 2240 1
3500 2042 1
3500 1087 1
3500 3388 1
6742 3201 1
6742 1890 1
6742 1190 1
6742 2610 1
33 8306 1
33 8007 1
33 2753 1
33 10243 1
1774 4987 1
1774 7205 1
1774 1755 1
8738 4149 1
8738 7294 1
8738 1688 1
8738 2162 1
7269 1206 1
7269 317 1
7269 6013 1
7269 3400 1
7269 11177 1
