3038 9862 1
9862 10741 1
9862 10702 1
9862 4946 1
9862 2648 1
9862 10340 1
2648 9835 1
2648 8682 1
2648 2907 1
2648 3080 1
2648 9752 1
10340 9862 1
10741 1911 1
10741 9862 1
4946 9125 1
4946 8398 1
4946 2648 1
4946 1747 1
4946 1545 1
10702 5610 1
10702 5517 1
10702 9862 1
10702 6716 1
10702 6839 1
8398 3180 1
8398 2877 1
8398 6621 1
8398 5033 1
8398 5167 1
1911 2648 1
1911 10741 1
1911 9862 1
1911 4946 1
9125 7444 1
9125 6086 1
9125 2084 1
9125 1747 1
9125 957 1
6839 5980 1
6839 5517 1
6839 6812 1
6839 10571 1
6839 10217 1
5517 10702 1
5517 8322 1
5517 6839 1
5517 7584 1
5517 9636 1
9752 2137 1
9752 8458 1
9752 7519 1
9752 2612 1
9752 2676 1
6716 10702 1
6716 8322 1
6716 7584 1
6716 10217 1
6716 7607 1
1545 2190 1
1545 5773 1
1545 6086 1
1545 4946 1
1545 1524 1
1747 2421 1
1747 3525 1
1747 10631 1
1747 1956 1
1747 4946 1
2907 8801 1
2907 9597 1
2907 1761 1
2907 5484 1
2907 4520 1
8682 1300 1
8682 6535 1
8682 9337 1
8682 2648 1
5610 8322 1
5610 5517 1
5610 6839 1
5610 5980 1
5610 6812 1
3080 6639 1
3080 7021 1
3080 2648 1
3080 6410 1
3080 4605 1
9835 6315 1
9835 9597 1
9835 1761 1
9835 6944 1
9835 6406 1
6535 7756 1
6535 10568 1
6535 6902 1
6535 9471 1
6535 10205 1
5484 6315 1
5484 9597 1
5484 1761 1
5484 8801 1
5484 6406 1
6639 62 1
6639 4605 1
6639 3080 1
8801 6315 1
8801 9597 1
8801 1761 1
8801 6944 1
8801 6406 1
1956 10834 1
1956 3144 1
1956 2028 1
1956 8154 1
1956 9882 1
9597 6315 1
9597 9835 1
9597 1761 1
9597 6944 1
9597 6406 1
10631 3521 1
10631 2444 1
10631 2648 1
10631 1747 1
10631 1213 1
4520 6406 1
4520 9597 1
4520 1761 1
4520 5484 1
4520 8801 1
3525 1747 1
3525 7230 1
3525 6086 1
9636 5610 1
9636 5517 1
9636 10702 1
9636 6716 1
9636 6839 1
1524 3736 1
1524 2190 1
1524 5698 1
1524 9654 1
1524 6001 1
2190 5773 1
2190 3947 1
2190 6433 1
2190 2195 1
2190 9259 1
7607 5610 1
7607 5517 1
7607 10217 1
7607 6716 1
7607 6839 1
2612 9752 1
2612 3535 1
2612 7398 1
2612 8430 1
2612 7154 1
5773 7503 1
5773 2190 1
5773 10729 1
5773 1545 1
5773 1524 1
8458 6175 1
8458 5951 1
8458 6599 1
8458 7648 1
8458 9288 1
1761 5484 1
1761 9597 1
1761 6944 1
1761 9835 1
1761 2648 1
2137 6163 1
2137 3224 1
2137 9470 1
2137 9188 1
2137 4906 1
5980 8322 1
5980 5517 1
5980 10702 1
5980 6812 1
5980 7584 1
6621 9796 1
6621 7956 1
6621 1846 1
6621 10139 1
6621 8581 1
6406 6315 1
6406 9597 1
6406 1761 1
6406 8801 1
6406 6944 1
7519 6163 1
7519 5242 1
7519 7154 1
7519 7436 1
7519 10598 1
4605 6410 1
4605 4431 1
4605 7178 1
4605 6687 1
4605 6693 1
2421 8454 1
2421 3891 1
2421 6880 1
2421 8195 1
2421 1747 1
9337 8682 1
9337 8160 1
9337 2910 1
9337 1300 1
9337 10568 1
1300 2648 1
1300 8682 1
1300 6535 1
1300 9337 1
3180 6929 1
3180 4055 1
3180 9663 1
3180 6360 1
3180 10077 1
10217 5610 1
10217 5517 1
10217 10098 1
10217 6716 1
10217 6839 1
6410 4815 1
6410 4332 1
6410 6607 1
6410 6358 1
6410 6791 1
7021 62 1
7021 3080 1
7021 4605 1
7021 2648 1
7444 957 1
7444 9125 1
6944 6315 1
6944 5553 1
6944 6701 1
6944 9835 1
6944 7856 1
6812 5610 1
6812 5517 1
6812 7326 1
6812 6716 1
6812 6839 1
5167 8398 1
5167 9850 1
5167 10009 1
5167 9872 1
5167 4195 1
2676 10969 1
2676 6163 1
2676 6175 1
2676 5448 1
2676 9288 1
10571 5610 1
10571 5517 1
10571 10098 1
10571 6716 1
10571 6839 1
2084 9606 1
2084 9125 1
2084 6086 1
2084 10161 1
2084 4136 1
6086 10132 1
6086 8398 1
6086 8609 1
6086 9509 1
6086 10161 1
6315 6944 1
6315 9597 1
6315 1761 1
6315 6406 1
6315 9835 1
957 7444 1
957 9125 1
7584 5610 1
7584 5517 1
7584 9636 1
7584 6716 1
7584 6839 1
8322 5610 1
8322 5517 1
8322 10217 1
8322 6716 1
8322 6839 1
5033 962 1
5033 8398 1
5033 10140 1
2877 3812 1
2877 10539 1
2877 2363 1
2877 5899 1
2877 6786 1
10077 6757 1
10077 6011 1
10077 7041 1
10077 7680 1
10077 8183 1
6360 6734 1
6360 9202 1
6360 2799 1
6360 1293 1
6360 1052 1
10539 2175 1
10539 8756 1
10539 6938 1
10539 2819 1
10539 2877 1
9663 2799 1
9663 4267 1
9663 5043 1
9663 3180 1
4055 6140 1
4055 10077 1
4055 5961 1
4055 3180 1
4055 1234 1
5448 2069 1
5448 7519 1
5448 6599 1
5448 2405 1
5448 2648 1
6929 7889 1
6929 8937 1
6929 9921 1
6929 9822 1
6929 8607 1
8160 3193 1
8160 9872 1
8160 7970 1
8160 4116 1
8160 4387 1
8195 2421 1
8195 6880 1
8195 8454 1
8195 3891 1
5698 5671 1
5698 5410 1
5698 9034 1
5698 9045 1
5698 8040 1
2910 3959 1
2910 9337 1
2910 7076 1
2910 2648 1
2910 9471 1
6693 62 1
6693 4605 1
7178 7387 1
7178 8340 1
7178 2348 1
7178 8524 1
7178 6687 1
4431 6687 1
4431 4985 1
4431 4605 1
4431 7520 1
4431 62 1
10598 6163 1
10598 5242 1
10598 7154 1
10598 7436 1
10598 8430 1
8581 8746 1
8581 6823 1
8581 7956 1
8581 6621 1
8581 921 1
7956 9796 1
7956 6823 1
7956 8746 1
7956 6621 1
7956 4618 1
9188 5187 1
9188 3894 1
9188 9752 1
9188 6175 1
9188 6713 1
7648 6175 1
7648 5951 1
7648 6599 1
7648 9288 1
7648 10969 1
9882 7472 1
9882 3480 1
9882 6086 1
9882 1956 1
9882 261 1
6880 2421 1
6880 8195 1
6880 8454 1
6880 3891 1
3535 9752 1
3535 7436 1
3535 7398 1
3535 8430 1
3535 7154 1
10729 8324 1
10729 5181 1
10729 8923 1
10729 10305 1
10729 10834 1
5951 8458 1
5951 6599 1
5951 10969 1
5951 6175 1
5951 9607 1
7503 8129 1
7503 7140 1
7503 10403 1
7503 10015 1
7503 9382 1
7398 6163 1
7398 5242 1
7398 7154 1
7398 9752 1
7398 10598 1
8430 6163 1
8430 5242 1
8430 7154 1
8430 7436 1
8430 9752 1
2028 5181 1
2028 8154 1
2028 1956 1
2028 3292 1
2028 5812 1
10969 2909 1
10969 2676 1
10969 6118 1
10969 3777 1
10969 4209 1
6701 7856 1
6701 8230 1
6701 5135 1
6701 3135 1
6701 1356 1
9796 1726 1
9796 11081 1
9796 5119 1
9796 10129 1
9796 2545 1
7856 8230 1
7856 6944 1
7856 5135 1
7856 3135 1
7856 1356 1
10568 6902 1
10568 6535 1
10568 2910 1
10568 9337 1
10568 7393 1
4906 1112 1
4906 6483 1
4906 2137 1
5899 2209 1
5899 8883 1
5899 9887 1
5899 2954 1
5899 3097 1
2363 8738 1
2363 3733 1
2363 5604 1
2363 8871 1
2363 4149 1
6687 7178 1
6687 8406 1
6687 4605 1
6687 3080 1
6687 62 1
7436 6163 1
7436 5242 1
7436 7154 1
7436 10598 1
7436 7519 1
6175 6163 1
6175 5448 1
6175 9332 1
6175 10969 1
6175 10842 1
4332 5882 1
4332 7479 1
4332 8383 1
4332 4985 1
4332 6849 1
1846 5526 1
1846 4709 1
1846 9899 1
1846 2556 1
1846 3419 1
6599 5951 1
6599 5364 1
6599 8419 1
6599 9332 1
6599 9607 1
9606 2084 1
9606 8184 1
9606 4392 1
9509 9956 1
9509 4630 1
9509 5079 1
9509 2359 1
9509 1026 1
10132 2585 1
10132 6086 1
9259 9224 1
9259 7886 1
9259 11165 1
9259 10582 1
9259 6065 1
2444 7213 1
2444 6206 1
2444 10631 1
2444 2772 1
2444 8370 1
9288 5448 1
9288 5187 1
9288 10969 1
9288 6280 1
9288 7154 1
7154 2137 1
7154 9188 1
7154 8383 1
7154 2648 1
7154 2840 1
8609 5658 1
8609 4931 1
8609 9445 1
8609 6086 1
8609 6468 1
10161 6086 1
10161 9535 1
10161 3027 1
10161 1141 1
10161 873 1
5553 6701 1
5553 5580 1
5553 5135 1
5553 3135 1
5553 1356 1
4195 4704 1
4195 6161 1
4195 10147 1
4195 9645 1
4195 6390 1
9872 2727 1
9872 10487 1
9872 6935 1
9872 11103 1
9872 3236 1
10009 5824 1
10009 5378 1
10009 6522 1
10009 8896 1
10009 9872 1
6358 9294 1
6358 10505 1
6358 8808 1
6358 10017 1
6358 3196 1
9850 9939 1
9850 6604 1
9850 1786 1
9850 326 1
9850 268 1
3891 2421 1
3891 8195 1
3891 6880 1
6607 6410 1
6607 8333 1
6433 7886 1
6433 9224 1
6433 705 1
6433 10412 1
6433 9259 1
6791 7178 1
6791 4332 1
6791 4605 1
6791 2348 1
6791 62 1
2195 5687 1
2195 3947 1
2195 4480 1
2195 2190 1
2195 1535 1
9470 6713 1
9470 5448 1
9470 9517 1
9470 8383 1
9470 9188 1
3736 9034 1
3736 7681 1
3736 5740 1
3736 9816 1
3736 5086 1
8154 5807 1
8154 3600 1
8154 2015 1
8154 10834 1
8154 10306 1
10139 921 1
10139 8581 1
10139 8746 1
10139 6621 1
7326 5610 1
7326 5517 1
7326 9636 1
7326 6716 1
7326 6839 1
9654 5698 1
9654 5410 1
9654 6001 1
9654 8040 1
9654 8979 1
10140 6585 1
10140 5620 1
10140 6923 1
10140 7638 1
10140 8398 1
7230 2707 1
7230 2264 1
7230 9714 1
7230 4994 1
7230 6828 1
6163 2137 1
6163 7648 1
6163 8383 1
6163 2648 1
6163 2840 1
10205 7530 1
10205 6535 1
10205 8836 1
10205 10321 1
10205 10568 1
6001 9034 1
6001 5740 1
6001 8979 1
6001 8040 1
6001 5410 1
1213 4331 1
1213 2772 1
1213 2751 1
1213 3899 1
1213 10631 1
3812 1716 1
3812 7816 1
3812 8071 1
3812 2466 1
3812 2595 1
3521 10631 1
3521 7814 1
3521 6456 1
3521 1213 1
3521 879 1
5242 2336 1
5242 7183 1
5242 10549 1
5242 2540 1
5242 2650 1
8454 2421 1
8454 8195 1
8454 6880 1
6902 5664 1
6902 5016 1
6902 6096 1
6902 6535 1
6902 6872 1
10098 5980 1
10098 5517 1
10098 6812 1
10098 7160 1
10098 7584 1
6786 2532 1
6786 7193 1
6786 9356 1
6786 2877 1
6786 3229 1
7756 8378 1
7756 10734 1
7756 6535 1
7756 4927 1
7756 1683 1
962 10973 1
962 5033 1
962 10140 1
962 4487 1
962 214 1
10834 3292 1
10834 3239 1
10834 8513 1
10834 4882 1
10834 5466 1
3947 9991 1
3947 5687 1
3947 3800 1
3947 8475 1
3947 9994 1
9471 2910 1
9471 7076 1
9471 6535 1
62 11046 1
62 4642 1
62 7638 1
62 7178 1
62 4341 1
4136 578 1
4136 2290 1
4136 6086 1
4136 2084 1
4815 5234 1
4815 2929 1
4815 3235 1
4815 2627 1
4815 1618 1
3224 6599 1
3224 5187 1
3224 4231 1
3224 9361 1
3224 9752 1
3144 4098 1
3144 2580 1
3144 7346 1
3144 4994 1
3144 5905 1
6522 4443 1
6522 10009 1
5378 10009 1
5378 2982 1
5378 3246 1
5378 1952 1
5378 1748 1
879 8184 1
879 6149 1
879 3521 1
3236 9670 1
3236 5729 1
3236 7381 1
3236 9872 1
3236 1817 1
11103 7530 1
11103 5133 1
11103 8188 1
11103 9011 1
11103 9406 1
6604 5408 1
6604 8757 1
6604 2636 1
6604 9850 1
6604 6149 1
10487 11129 1
10487 6935 1
10487 3788 1
10487 6595 1
10487 7977 1
8896 1952 1
8896 5378 1
8896 10009 1
8896 3246 1
9714 9154 1
9714 7230 1
9714 2695 1
9714 916 1
9714 11133 1
2727 10723 1
2727 11103 1
2727 9072 1
2727 4148 1
2727 10487 1
5181 10729 1
5181 10306 1
5181 2028 1
5181 8921 1
5181 10834 1
6390 6470 1
6390 4825 1
6390 8148 1
6390 4195 1
6390 2751 1
9645 11079 1
9645 8351 1
9645 4195 1
9645 2772 1
9645 10147 1
6161 9126 1
6161 5993 1
6161 9579 1
6161 7483 1
6161 7195 1
4116 8160 1
4116 7970 1
5580 6701 1
5580 8230 1
5580 5135 1
5580 3135 1
5580 1356 1
873 8282 1
873 6737 1
873 3517 1
873 7078 1
873 4776 1
3027 10161 1
3027 6086 1
3027 8609 1
3027 7906 1
2209 8073 1
2209 8226 1
2209 2925 1
2209 6383 1
2209 2527 1
9535 10161 1
9535 6086 1
9535 8184 1
9535 6041 1
9535 5099 1
9445 8609 1
9445 6468 1
9445 8310 1
9445 3831 1
9445 3491 1
11081 1904 1
11081 10849 1
11081 4937 1
11081 10062 1
11081 2484 1
4931 5010 1
4931 8609 1
4931 10850 1
4931 4234 1
4931 1535 1
5658 9483 1
5658 8609 1
5658 1138 1
5658 8284 1
5658 8363 1
8370 8535 1
8370 4893 1
8370 7014 1
8370 3183 1
8370 2444 1
6734 6543 1
6734 6954 1
6734 3854 1
6734 9202 1
6734 6554 1
7213 9669 1
7213 6161 1
7213 9738 1
7213 7483 1
7213 9627 1
11165 7700 1
11165 6551 1
11165 8477 1
11165 9259 1
11165 10584 1
9224 10412 1
9224 9564 1
9224 10527 1
9224 9259 1
9224 7798 1
8406 7494 1
8406 6687 1
8406 10025 1
8406 10199 1
8406 8592 1
10147 4195 1
10147 4003 1
10147 8767 1
10147 5504 1
10147 6099 1
2585 2614 1
2585 8841 1
2585 4225 1
2585 9342 1
2585 10285 1
4630 10266 1
4630 6997 1
4630 6563 1
4630 8106 1
4630 5680 1
1026 10266 1
1026 3959 1
1026 2535 1
1026 4768 1
1026 6563 1
10842 9607 1
10842 9288 1
10842 9752 1
10842 9332 1
10842 6175 1
3480 5553 1
3480 5135 1
3480 9882 1
3480 8230 1
3480 5580 1
5079 9956 1
5079 6086 1
5079 9509 1
5824 4971 1
5824 3414 1
5824 8717 1
5824 5824 1
5824 6914 1
4709 2445 1
4709 7768 1
4709 8395 1
4709 3315 1
4709 3409 1
5526 1461 1
5526 3419 1
5526 8969 1
5526 1846 1
6849 6471 1
6849 6311 1
6849 6843 1
6849 9132 1
6849 10905 1
8184 9606 1
8184 4946 1
8184 6086 1
8184 4392 1
8184 879 1
8383 2909 1
8383 9196 1
8383 10905 1
8383 3934 1
8383 4332 1
8071 1877 1
8071 6327 1
8071 5293 1
8071 2532 1
8071 2819 1
5882 8383 1
5882 6706 1
5882 4332 1
5882 10905 1
5882 9132 1
6280 6175 1
6280 5951 1
6280 9288 1
6280 10969 1
6280 7648 1
9607 5448 1
9607 5187 1
9607 9332 1
9607 6280 1
9607 7154 1
7816 2175 1
7816 10123 1
7816 6595 1
7816 2819 1
7816 2877 1
5086 5698 1
5086 4519 1
5086 9264 1
5086 9816 1
5086 9045 1
9994 3947 1
9994 3247 1
9994 10248 1
9994 4998 1
9994 5687 1
10403 7503 1
10403 10903 1
10403 8129 1
3239 6026 1
3239 4032 1
3239 5801 1
3239 8979 1
3239 4770 1
8746 8581 1
8746 6823 1
8746 7956 1
8746 6621 1
8746 921 1
7160 5371 1
7160 5066 1
7160 8322 1
7160 5607 1
7160 5962 1
3777 10969 1
3777 6118 1
10321 10116 1
10321 9028 1
10321 10776 1
10321 9247 1
10321 6874 1
6938 1877 1
6938 6327 1
6938 5443 1
6938 2175 1
6938 2532 1
6011 7802 1
6011 10868 1
6011 4501 1
6011 11059 1
6011 10184 1
5016 5460 1
5016 9600 1
5016 3309 1
5016 10091 1
5016 6238 1
9991 3621 1
9991 2539 1
9991 9212 1
9991 4266 1
9991 4495 1
7183 3755 1
7183 3587 1
7183 6767 1
7183 5093 1
7183 5242 1
5043 2799 1
5043 9663 1
5043 3180 1
4267 8435 1
4267 9663 1
4267 5685 1
6456 2600 1
6456 3876 1
6456 3521 1
10305 3292 1
10305 3051 1
10305 7067 1
10305 5023 1
10305 5178 1
1716 1132 1
1716 8987 1
1716 3914 1
1716 2030 1
1716 10948 1
921 8581 1
921 10139 1
921 6621 1
921 3107 1
921 8746 1
7886 9224 1
7886 11043 1
7886 2483 1
7886 9259 1
7886 9555 1
4149 11173 1
4149 9446 1
4149 4019 1
4149 4960 1
4149 7057 1
6935 3473 1
6935 2339 1
6935 1229 1
6935 2243 1
6935 2571 1
1618 6861 1
1618 4815 1
1618 4826 1
1618 2627 1
1618 1506 1
10017 6358 1
10017 6410 1
3292 3289 1
3292 3051 1
3292 8154 1
3292 4555 1
3292 3600 1
10505 8790 1
10505 8808 1
10505 6410 1
10505 6173 1
10505 3196 1
7520 6410 1
7520 5890 1
7520 7178 1
7520 9056 1
7520 7520 1
8808 7161 1
8808 9294 1
8808 4119 1
8808 10994 1
8808 8536 1
2264 708 1
2264 7230 1
2264 3144 1
1786 5167 1
1786 3263 1
1786 1180 1
1786 9850 1
1786 9939 1
7387 5159 1
7387 7543 1
7387 1424 1
7387 8575 1
7387 5851 1
4704 9622 1
4704 7954 1
4704 6952 1
4704 5308 1
4704 8190 1
326 268 1
326 5167 1
326 9850 1
5234 2929 1
5234 4815 1
5234 3235 1
3196 6173 1
3196 6410 1
3196 6358 1
3196 10136 1
3196 7056 1
6468 9543 1
6468 6396 1
6468 9158 1
6468 7103 1
6468 3831 1
8513 10834 1
8513 10305 1
8513 3051 1
8513 989 1
8513 10437 1
268 4818 1
268 9939 1
268 3515 1
268 6299 1
268 5167 1
1535 6525 1
1535 8385 1
1535 3111 1
1535 8374 1
1535 5355 1
5812 10305 1
5812 7067 1
5812 2145 1
5812 989 1
5812 14 1
4994 1576 1
4994 6828 1
4994 7230 1
4994 3144 1
2540 5001 1
2540 6934 1
2540 8257 1
2540 4178 1
2540 2650 1
4331 2021 1
4331 9419 1
4331 9276 1
4331 2446 1
4331 2987 1
8979 4375 1
8979 3736 1
8979 6026 1
8979 5054 1
8979 5410 1
4480 4000 1
4480 2658 1
4480 1564 1
4480 2506 1
4480 2970 1
7681 9654 1
7681 9264 1
7681 3736 1
7681 8979 1
7681 5740 1
10306 3600 1
10306 3289 1
10306 8921 1
10306 5181 1
10306 5971 1
5807 10305 1
5807 7784 1
5807 2145 1
5807 8154 1
5807 6104 1
3419 9468 1
3419 5899 1
3419 7248 1
3419 10654 1
3419 10975 1
6585 5816 1
6585 6923 1
6585 10140 1
6585 7064 1
3600 8154 1
3600 10834 1
3600 8921 1
3600 3292 1
3600 14 1
6872 10482 1
6872 10762 1
6872 5301 1
6872 6902 1
6872 9295 1
4882 10305 1
4882 10437 1
4882 3051 1
4882 989 1
4882 7961 1
6923 4351 1
6923 2880 1
6923 1739 1
6923 2819 1
6923 3175 1
2015 1368 1
2015 8765 1
2015 2867 1
2015 1986 1
2015 8197 1
7638 10100 1
7638 5620 1
7638 8948 1
7638 6755 1
7638 4375 1
7041 10077 1
7041 7630 1
7041 6011 1
7041 1942 1
7041 1923 1
9816 5873 1
9816 5664 1
9816 11117 1
9816 5740 1
9816 5086 1
4642 9690 1
4642 6281 1
4642 3391 1
4642 923 1
4642 62 1
3899 7134 1
3899 5839 1
3899 7683 1
3899 2772 1
3899 1213 1
4098 1356 1
4098 7768 1
4098 6935 1
4098 7017 1
4098 2046 1
8333 6607 1
8333 5973 1
8333 9294 1
8333 6410 1
8333 5308 1
2707 6828 1
2707 10146 1
2707 7230 1
2707 973 1
2707 916 1
6096 7827 1
6096 9481 1
6096 7208 1
6096 6685 1
6096 6902 1
5687 6508 1
5687 6790 1
5687 8475 1
5687 9994 1
5687 4618 1
8871 4382 1
8871 2936 1
8871 1664 1
8871 2819 1
8871 3197 1
7530 4297 1
7530 2854 1
7530 1681 1
7530 2727 1
7530 3100 1
8836 6386 1
8836 10205 1
8040 5740 1
8040 5416 1
8040 7681 1
8040 8979 1
8040 8225 1
2466 5499 1
2466 9929 1
2466 8756 1
2466 7867 1
2466 3317 1
7814 2188 1
7814 6947 1
7814 5831 1
7814 2545 1
7814 2691 1
2650 3724 1
2650 6934 1
2650 6364 1
2650 3587 1
2650 3755 1
6828 7230 1
6828 3144 1
6828 4994 1
6828 2707 1
6828 1576 1
261 3480 1
261 1956 1
261 6086 1
261 9882 1
5664 3736 1
5664 3416 1
5664 6685 1
5664 4942 1
5664 5410 1
705 3383 1
705 9555 1
705 9564 1
705 7798 1
705 7886 1
9294 7161 1
9294 7102 1
9294 8333 1
9294 8808 1
9294 6127 1
7479 9740 1
7479 11068 1
7479 8411 1
7479 10662 1
7479 5824 1
2532 9164 1
2532 9072 1
2532 9502 1
2532 10600 1
2532 3692 1
5119 2198 1
5119 7751 1
5119 7427 1
5119 2691 1
5119 2864 1
7193 2532 1
7193 8401 1
7193 7017 1
7193 2877 1
7193 3229 1
9382 11107 1
9382 9553 1
9382 5749 1
9382 2504 1
9382 10015 1
3229 2532 1
3229 8516 1
3229 5819 1
3229 2877 1
3229 6786 1
8475 8388 1
8475 8199 1
8475 5687 1
8475 2456 1
8475 443 1
8883 3342 1
8883 2975 1
8883 6197 1
8883 4590 1
8883 4842 1
1112 1065 1
1112 4906 1
8378 9566 1
8378 7756 1
8378 3590 1
8378 970 1
8378 10422 1
10734 7756 1
10734 9566 1
1726 2691 1
1726 4073 1
1726 7755 1
1726 3215 1
1726 3267 1
5905 8474 1
5905 10512 1
5905 3144 1
5905 6387 1
5905 5671 1
4927 9566 1
4927 6535 1
4927 10812 1
4927 7076 1
4927 1683 1
3733 5133 1
3733 7494 1
3733 7294 1
3733 4069 1
3733 6691 1
4487 10973 1
4487 8331 1
4487 4732 1
4487 9228 1
4487 4647 1
214 5989 1
214 2079 1
214 5289 1
214 6206 1
214 7418 1
4231 6163 1
4231 8843 1
4231 9188 1
4231 9196 1
4231 8211 1
2595 1341 1
2595 4730 1
2595 6327 1
2595 5503 1
2595 2175 1
9361 6713 1
9361 5448 1
9361 7156 1
9361 8383 1
9361 9188 1
10549 3755 1
10549 3587 1
10549 6767 1
10549 5093 1
10549 5242 1
4341 5532 1
4341 4119 1
4341 6417 1
4341 3789 1
4341 62 1
1356 8230 1
1356 6944 1
1356 6701 1
1356 7856 1
1356 2046 1
10412 7798 1
10412 7366 1
10412 9087 1
10412 9259 1
10412 9564 1
7140 8296 1
7140 10555 1
7140 5133 1
7140 9449 1
7140 8338 1
2290 4136 1
8183 10077 1
8183 3347 1
8183 5369 1
8183 1636 1
8183 1620 1
11046 7734 1
11046 6953 1
11046 4368 1
11046 8736 1
11046 8727 1
3235 4392 1
3235 5234 1
3235 9699 1
3235 2912 1
3235 656 1
2336 10598 1
2336 9752 1
2336 8430 1
2336 7154 1
2336 9335 1
2627 9723 1
2627 6487 1
2627 1618 1
2627 3194 1
2627 6861 1
1234 5206 1
1234 7700 1
1234 7921 1
1234 8362 1
1234 10077 1
2580 1778 1
2580 10030 1
2580 10535 1
2580 3144 1
7346 9359 1
7346 7846 1
7346 708 1
7346 9603 1
7346 5667 1
8524 8718 1
8524 9348 1
8524 3088 1
8524 9378 1
8524 7429 1
578 9894 1
578 10981 1
578 10819 1
578 4136 1
578 93 1
6713 8843 1
6713 6163 1
6713 10652 1
6713 9361 1
6713 9196 1
1141 10161 1
1141 10140 1
1141 1398 1
1141 2877 1
1141 9427 1
9202 3180 1
9202 6360 1
9202 6734 1
9202 3854 1
5620 7638 1
5620 10140 1
5620 3015 1
5620 8405 1
5620 6957 1
2348 4605 1
2348 6791 1
2348 4985 1
2348 7178 1
2348 62 1
8340 7501 1
8340 9846 1
8340 2279 1
8340 8524 1
8340 9552 1
6483 9162 1
6483 9555 1
6483 2553 1
6483 2137 1
6483 11119 1
8937 11201 1
8937 8607 1
8937 7053 1
8937 11124 1
8937 9384 1
8738 6529 1
8738 5133 1
8738 6737 1
8738 7494 1
8738 10912 1
5466 9605 1
5466 10305 1
5466 10834 1
5466 1485 1
5466 14 1
6823 6621 1
6823 7956 1
6823 8581 1
6823 8746 1
5187 8009 1
5187 6599 1
5187 6280 1
5187 9752 1
5187 5407 1
2799 9663 1
2799 5207 1
2799 6360 1
2799 5043 1
2799 2625 1
7076 7393 1
7076 7756 1
7076 8878 1
7076 9566 1
7076 10812 1
9939 5574 1
9939 3409 1
9939 2192 1
9939 3326 1
9939 3993 1
8324 11066 1
8324 10934 1
8324 9253 1
8324 10409 1
8324 8550 1
3959 4630 1
3959 4577 1
3959 6997 1
3959 2910 1
3959 1026 1
8923 10729 1
8923 8324 1
8923 2247 1
8923 1093 1
8923 995 1
9332 6163 1
9332 5448 1
9332 9703 1
9332 7154 1
9332 8383 1
5961 6140 1
5961 4055 1
5961 9691 1
5961 3854 1
5961 3180 1
6757 2540 1
6757 8703 1
6757 10077 1
6757 3303 1
6757 3724 1
3894 8211 1
3894 4231 1
3894 7156 1
3894 9752 1
3894 9188 1
5671 5698 1
5671 4047 1
5671 11027 1
5671 5905 1
5671 9180 1
1293 3831 1
1293 6360 1
1293 3491 1
1293 7219 1
1293 8083 1
2929 2985 1
2929 6554 1
2929 3770 1
2929 4346 1
2929 4596 1
10582 10625 1
10582 9959 1
10582 3912 1
10582 10326 1
10582 8022 1
8756 1341 1
8756 8767 1
8756 4664 1
8756 9235 1
8756 8779 1
2819 7379 1
2819 2791 1
2819 1629 1
2819 2571 1
2819 5374 1
4985 6791 1
4985 6410 1
4985 4431 1
4985 2348 1
4985 62 1
10015 10816 1
10015 9553 1
10015 5749 1
10015 2504 1
10015 11107 1
7970 5545 1
7970 5441 1
7970 6898 1
7970 7105 1
7970 8013 1
2840 9752 1
2840 6163 1
2840 6175 1
2840 5448 1
2840 9288 1
9822 8937 1
9822 8607 1
9822 7053 1
9822 11201 1
9822 9384 1
8230 7856 1
8230 6944 1
8230 5135 1
8230 3135 1
8230 1356 1
2175 9110 1
2175 4135 1
2175 5191 1
2175 8410 1
2175 5395 1
7680 9598 1
7680 9759 1
7680 8478 1
7680 10077 1
7680 5311 1
2772 6744 1
2772 5839 1
2772 7139 1
2772 10681 1
2772 7257 1
7472 9399 1
7472 7954 1
7472 7862 1
7472 9882 1
7472 4746 1
9517 4551 1
9517 2109 1
9517 2828 1
9517 1645 1
9517 636 1
5604 4874 1
5604 4097 1
5604 10418 1
5604 6529 1
5604 6737 1
9956 8721 1
9956 8604 1
9956 6086 1
9956 9753 1
9956 9509 1
5740 2326 1
5740 2267 1
5740 7681 1
5740 4519 1
5740 5086 1
2545 6111 1
2545 5501 1
2545 4650 1
2545 6513 1
2545 5188 1
2954 10253 1
2954 5642 1
2954 7281 1
2954 10071 1
2954 10031 1
2556 1846 1
2556 6142 1
2556 4709 1
2556 6416 1
2405 2373 1
2405 6767 1
2405 6757 1
2405 3724 1
2405 9744 1
6140 3180 1
6140 4055 1
6140 5961 1
6140 3854 1
9921 10910 1
9921 6929 1
9921 6984 1
9921 4038 1
9921 3513 1
2359 3611 1
2359 4135 1
2359 9141 1
2359 6311 1
2359 2535 1
8419 3939 1
8419 3751 1
8419 7251 1
8419 4553 1
8419 4732 1
2751 5275 1
2751 5791 1
2751 6390 1
2751 1654 1
2751 1213 1
4387 8670 1
4387 5206 1
4387 3344 1
4387 11130 1
4387 7307 1
3193 6228 1
3193 8013 1
3193 4138 1
3193 6500 1
3193 8347 1
2069 10598 1
2069 9752 1
2069 8430 1
2069 7154 1
2069 9335 1
9034 5086 1
9034 4519 1
9034 9816 1
9034 5671 1
9034 5740 1
7889 11124 1
7889 8937 1
7889 7053 1
7889 9822 1
7889 8125 1
8607 9384 1
8607 11201 1
8607 7053 1
8607 11124 1
8607 8937 1
5410 2307 1
5410 2267 1
5410 8979 1
5410 3010 1
5410 4108 1
8129 7503 1
8129 10403 1
9356 2532 1
9356 7279 1
9356 7017 1
9356 2877 1
9356 3229 1
6206 9449 1
6206 7140 1
6206 2772 1
6206 6421 1
6206 6379 1
9887 3528 1
9887 3053 1
9887 7120 1
9887 4842 1
9887 5124 1
2909 8458 1
2909 5448 1
2909 7154 1
2909 9752 1
2909 6175 1
6118 1749 1
6118 6649 1
6118 5781 1
6118 9120 1
6118 2601 1
9899 1726 1
9899 10326 1
9899 5336 1
9899 10849 1
9899 2493 1
4618 8398 1
4618 5687 1
4618 2716 1
4618 5360 1
4618 6621 1
3800 9991 1
3800 4098 1
3800 9994 1
3800 9112 1
3800 7005 1
4209 10969 1
4209 4406 1
4209 9416 1
4209 5176 1
4209 9080 1
7393 10568 1
7393 6535 1
7393 7076 1
7393 3219 1
7393 1683 1
10973 8450 1
10973 6811 1
10973 10334 1
10973 11024 1
10973 4487 1
6065 10700 1
6065 6911 1
6065 4213 1
6065 11165 1
6065 6511 1
5135 6701 1
5135 5580 1
5135 6944 1
5135 3135 1
5135 1356 1
3135 5135 1
3135 6701 1
3135 8230 1
3135 6944 1
3135 1356 1
10129 1904 1
10129 10158 1
10129 4937 1
10129 10062 1
10129 2484 1
5364 4040 1
5364 3823 1
5364 10326 1
5364 10582 1
5364 7370 1
1683 9566 1
1683 7756 1
1683 2910 1
1683 10659 1
1683 4927 1
9045 8040 1
9045 5698 1
9045 11099 1
9045 9654 1
9045 5086 1
1052 5325 1
1052 6360 1
1052 3180 1
1052 7630 1
1052 9392 1
3097 2083 1
3097 4810 1
3097 8756 1
3097 2532 1
3097 2819 1
4392 10461 1
4392 7833 1
4392 11136 1
4392 10332 1
4392 9699 1
7833 3303 1
7833 11136 1
7833 4392 1
10461 8906 1
10461 10306 1
10461 8735 1
10461 5649 1
11136 7833 1
11136 6167 1
11136 8852 1
2083 2819 1
2083 7229 1
2083 3097 1
5325 5420 1
5325 4938 1
5325 4523 1
5325 7630 1
3823 6275 1
3823 5364 1
3823 5970 1
3823 885 1
4040 6649 1
4040 5364 1
4040 2085 1
4040 5687 1
4040 9482 1
10700 6643 1
10700 6511 1
10700 5121 1
10700 9126 1
10334 6006 1
10334 10973 1
10334 6801 1
10334 7189 1
1629 5355 1
1629 9602 1
1629 8343 1
6811 9128 1
6811 10973 1
8450 2634 1
8450 10698 1
8450 9995 1
8450 3411 1
6511 10700 1
6511 6065 1
6511 6643 1
6511 5121 1
6511 4733 1
3219 1683 1
3219 7076 1
3219 7393 1
4406 4209 1
4406 6118 1
7005 1093 1
7005 3800 1
9112 3800 1
9112 10490 1
9112 3953 1
4768 2562 1
4768 5829 1
5360 2073 1
5360 6299 1
5360 2426 1
5360 2600 1
9120 8886 1
9120 11177 1
9120 7476 1
7379 3788 1
7379 2284 1
7379 3574 1
7379 4297 1
6649 8199 1
6649 11177 1
6649 4040 1
6379 9899 1
6379 10973 1
6379 11053 1
6379 11177 1
6421 10109 1
6421 6206 1
4810 1341 1
4810 9072 1
4810 5443 1
4810 2175 1
4810 2418 1
7279 2532 1
7279 7017 1
7279 2877 1
7279 3229 1
4108 10849 1
4108 10678 1
4108 9442 1
3010 2401 1
3010 4972 1
3010 4108 1
7307 10725 1
7307 2100 1
7307 8670 1
5275 2751 1
5275 7894 1
5275 5791 1
8757 6604 1
8757 4596 1
8757 1721 1
8757 7703 1
8757 7573 1
4553 3572 1
4553 3008 1
4553 10397 1
4553 8973 1
4553 7824 1
3751 9482 1
3751 8419 1
3751 144 1
3751 54 1
3939 3003 1
3939 8419 1
9162 9555 1
9162 10647 1
9162 11101 1
9162 11119 1
10903 10403 1
5680 8540 1
5680 3415 1
5680 4630 1
5680 821 1
5680 674 1
9141 4766 1
9141 3262 1
9141 2112 1
9141 3062 1
9141 3483 1
3611 5016 1
3611 3309 1
6142 2556 1
6142 6416 1
7281 3659 1
5642 2954 1
5642 6769 1
6513 4042 1
6513 3806 1
6513 9131 1
6513 5654 1
2267 5086 1
2267 9816 1
2267 5410 1
2267 5740 1
2267 5873 1
5749 7503 1
5749 9382 1
5749 10816 1
5749 7894 1
5749 9553 1
2326 9034 1
2326 5873 1
2326 527 1
2326 9816 1
2326 3736 1
4874 7601 1
4874 5451 1
4874 10326 1
4874 8106 1
4874 7134 1
2828 9517 1
2828 8954 1
2828 2455 1
2828 5915 1
2828 7854 1
7862 4746 1
7862 9399 1
7862 7472 1
9399 4746 1
9399 7862 1
9399 7472 1
7257 10273 1
7257 8536 1
7257 10147 1
4097 6529 1
4097 5604 1
10681 6744 1
10681 2835 1
10681 4596 1
10681 2772 1
7139 7102 1
6744 7139 1
6744 10910 1
8478 8436 1
6737 3100 1
6737 7193 1
5395 2020 1
5395 3062 1
5395 3574 1
8410 7845 1
8410 9100 1
8410 8474 1
9110 2175 1
9110 9600 1
9110 8585 1
9110 2791 1
7105 10243 1
7105 5463 1
7105 7779 1
7105 6898 1
7105 4238 1
6898 5778 1
6898 11022 1
3416 6096 1
3416 8542 1
5545 4347 1
5545 6407 1
5545 8013 1
5545 5781 1
5839 5429 1
5839 3899 1
5839 7257 1
5839 10147 1
2791 7494 1
2791 3993 1
10326 5333 1
3912 10582 1
3912 2219 1
3912 4007 1
9959 10582 1
9959 9991 1
9959 2046 1
4596 2987 1
8083 10971 1
8083 10961 1
4047 5671 1
9703 9607 1
9703 9288 1
9703 10969 1
9703 9332 1
9703 6175 1
995 3800 1
995 8923 1
995 9442 1
4577 2910 1
4577 6535 1
4577 3959 1
8550 8324 1
8550 3824 1
11066 8324 1
11066 6908 1
11066 7381 1
3993 3473 1
3993 2402 1
3993 2284 1
3993 2737 1
8878 7076 1
8878 2987 1
8878 9291 1
2625 3513 1
2625 2799 1
5207 2799 1
5207 3854 1
5207 3180 1
8009 5187 1
8009 6618 1
1485 9854 1
1485 9590 1
10912 9169 1
10912 3062 1
10912 3572 1
6529 9033 1
6529 4069 1
6529 10418 1
9384 8937 1
9384 8607 1
9384 7053 1
9384 11124 1
9384 11201 1
11124 10379 1
11124 9384 1
11124 2706 1
11124 9822 1
11124 8607 1
5407 9288 1
5407 8009 1
5407 4303 1
7053 11124 1
7053 7889 1
7053 11201 1
7053 9822 1
7053 8125 1
10535 4523 1
10535 2580 1
10535 1778 1
8721 9956 1
8721 9721 1
8721 7494 1
8721 6579 1
2553 6834 1
2553 8212 1
2553 6210 1
2553 1966 1
6299 8450 1
6299 268 1
2279 9276 1
2279 2446 1
2279 5982 1
7501 9846 1
7501 8340 1
3309 5163 1
3309 9147 1
5311 8478 1
5311 4331 1
6957 5620 1
8604 4313 1
8604 7036 1
9427 4563 1
9427 3022 1
9427 1892 1
9427 2957 1
1398 1141 1
10652 7154 1
10652 6163 1
10652 8211 1
10652 8843 1
10652 9196 1
10819 10435 1
10819 1909 1
10819 2439 1
10819 578 1
10819 93 1
3088 1105 1
3088 9378 1
3088 9348 1
3088 8524 1
8718 11200 1
8718 10738 1
8718 8340 1
5667 6817 1
5667 3144 1
5667 708 1
5667 9359 1
7846 11107 1
7846 7346 1
7846 3654 1
7846 708 1
7846 385 1
10030 2580 1
10030 3144 1
8362 9565 1
8362 8815 1
8362 4001 1
8362 9811 1
2601 10585 1
2601 10390 1
2601 3605 1
2601 10882 1
2601 5830 1
1778 2580 1
1778 10535 1
1778 4523 1
7921 8149 1
7921 9492 1
7921 8362 1
7921 4213 1
7921 1234 1
3194 4826 1
3194 2627 1
3194 6487 1
3194 1618 1
3194 1506 1
9723 9814 1
9723 8687 1
9723 2627 1
9723 960 1
5191 2175 1
5191 6327 1
5191 2595 1
5191 2848 1
4368 62 1
4368 11046 1
4368 2430 1
6911 11165 1
6911 6065 1
6911 7700 1
6911 5674 1
6911 1234 1
7734 2430 1
7734 11046 1
5993 9669 1
5993 6161 1
5993 6822 1
5993 4469 1
5993 442 1
1636 3347 1
1636 8183 1
11130 4387 1
11130 8827 1
11130 5206 1
11130 6076 1
5369 8183 1
5369 10861 1
5369 10077 1
5369 9291 1
5369 1708 1
8338 9614 1
8338 10429 1
8338 2500 1
8338 9718 1
8338 10290 1
9449 7140 1
9449 11105 1
10555 4770 1
3326 5295 1
3326 2854 1
3326 1681 1
3326 3062 1
9087 9224 1
9087 6885 1
9087 9555 1
9087 3649 1
9087 705 1
8727 6544 1
8727 11046 1
3789 4341 1
3789 5971 1
3789 7669 1
3789 10306 1
3789 62 1
656 2912 1
656 3235 1
6417 7757 1
6417 4341 1
7156 7154 1
7156 6163 1
7156 8843 1
7156 10652 1
7156 9361 1
5503 1336 1
5503 2284 1
5503 2780 1
2021 2446 1
2021 9276 1
2021 8930 1
2021 9447 1
8211 7154 1
8211 6163 1
8211 8843 1
8211 10652 1
8211 9361 1
6470 5167 1
6470 4987 1
6470 6390 1
6470 10722 1
8843 7154 1
8843 6163 1
8843 8211 1
8843 9752 1
8843 9188 1
10199 7494 1
10199 9482 1
10199 8406 1
5989 7198 1
5989 8408 1
5989 5064 1
5989 214 1
4647 10028 1
4647 4487 1
4647 4854 1
8405 5620 1
9228 7169 1
9228 7095 1
9228 8151 1
9228 10881 1
6691 3086 1
6691 2877 1
6691 10487 1
6691 3788 1
6691 4097 1
6387 10512 1
6387 7176 1
6387 2153 1
6387 234 1
9056 62 1
9056 7615 1
9056 7520 1
636 10235 1
636 7807 1
636 8566 1
5574 4264 1
5574 2936 1
5574 2851 1
5574 3227 1
10512 5312 1
10512 4590 1
10512 10912 1
10512 5905 1
10512 6387 1
5289 9339 1
5289 11101 1
5289 4194 1
5289 214 1
4038 3513 1
4038 9921 1
4038 6929 1
3215 2198 1
3215 5326 1
3215 7751 1
3215 2691 1
3215 2864 1
7755 1904 1
7755 9441 1
7755 4937 1
7755 10158 1
7755 2484 1
2192 9400 1
2192 1959 1
2192 9577 1
3015 5620 1
10422 11186 1
10422 8378 1
10422 970 1
10422 519 1
970 1325 1
970 3677 1
970 4547 1
970 519 1
3590 3726 1
3590 8378 1
3590 2022 1
3590 7871 1
4590 7095 1
4590 6118 1
4590 11177 1
4590 4914 1
4551 9517 1
4551 8106 1
4551 10006 1
4551 9701 1
5374 8374 1
5374 3788 1
5374 2284 1
5374 3574 1
5374 4297 1
6197 7390 1
6197 2760 1
6197 4842 1
6197 5899 1
8736 4747 1
8736 3064 1
8736 2020 1
8736 2979 1
8736 3409 1
2975 7867 1
2975 2020 1
2975 8374 1
3342 2877 1
3342 6737 1
3342 6787 1
2912 656 1
2912 3235 1
443 6649 1
443 8388 1
443 8475 1
2456 6649 1
2456 8199 1
2456 8475 1
8199 5050 1
8199 4273 1
8199 6465 1
8199 6796 1
8516 2532 1
8516 7279 1
8516 7017 1
8516 2877 1
8516 3229 1
3051 3292 1
3051 7961 1
3051 10305 1
3051 989 1
3051 10834 1
9553 10015 1
9553 10816 1
9553 5749 1
9553 2504 1
9553 11107 1
5781 9876 1
5781 7392 1
5781 6118 1
5781 10669 1
4135 7845 1
4135 3914 1
4135 8724 1
7427 1904 1
7427 9441 1
7427 4937 1
7427 7746 1
7427 2484 1
2198 1904 1
2198 3699 1
2198 2285 1
9605 3778 1
9605 2508 1
9605 1328 1
9605 2880 1
4382 10318 1
4382 3317 1
4382 3914 1
10600 5394 1
10600 3944 1
10600 5574 1
10600 5819 1
9502 2532 1
9502 7279 1
9502 7017 1
9502 2877 1
9502 3229 1
9164 2970 1
9164 10792 1
9164 4198 1
9164 4480 1
7370 7768 1
7370 5295 1
7370 3062 1
7370 5056 1
7370 5970 1
10662 6386 1
10662 5298 1
10662 7197 1
10662 7731 1
6953 8874 1
6953 8675 1
11068 9823 1
11068 5824 1
11068 3130 1
9740 5824 1
9740 4971 1
9740 11070 1
9740 7479 1
9740 8411 1
9627 7213 1
9627 6372 1
9627 8289 1
9627 9579 1
9627 10738 1
3383 2044 1
3383 3060 1
3383 7702 1
2970 2505 1
2970 1336 1
2970 2384 1
2970 2851 1
3788 8755 1
3788 2970 1
3788 1739 1
3788 2854 1
3788 3301 1
1923 7777 1
1923 10077 1
1923 6959 1
6861 6487 1
6861 1618 1
1942 10283 1
1942 7257 1
1942 1274 1
1942 5361 1
7543 10757 1
7543 7192 1
7543 7740 1
7543 7387 1
7543 6489 1
6755 7638 1
6755 8398 1
6755 10140 1
6755 8530 1
6755 7914 1
1817 9872 1
1817 9670 1
1817 3236 1
8401 7354 1
8401 4948 1
8401 2532 1
1986 4397 1
1986 2492 1
1986 6293 1
1986 2073 1
3175 2532 1
3175 5819 1
3175 2877 1
9759 7680 1
9759 10077 1
9759 9598 1
6487 4826 1
6487 2627 1
6487 3194 1
6487 1618 1
6487 1506 1
7961 10834 1
7961 10305 1
7961 8513 1
7961 10437 1
10482 6872 1
8013 3062 1
8013 8919 1
8013 6770 1
8013 9693 1
8013 3813 1
7064 3062 1
7064 1959 1
7064 2970 1
7064 3383 1
7683 2772 1
7683 5839 1
7683 9371 1
7683 3899 1
10975 10654 1
10975 5899 1
10975 7248 1
10975 3419 1
7248 10975 1
7248 5899 1
7248 3419 1
6104 1818 1
6104 5807 1
6104 3292 1
8921 6239 1
8921 5181 1
8921 10305 1
8921 10834 1
9744 3755 1
9744 3587 1
9744 6767 1
9744 5093 1
9744 5242 1
5441 6642 1
5441 7597 1
5441 3364 1
5441 9011 1
5441 6118 1
7102 4310 1
7102 10091 1
7102 5818 1
7102 8203 1
2987 7687 1
2987 9291 1
2987 10757 1
1341 1132 1
1341 1716 1
1341 3812 1
1341 7845 1
1341 6099 1
7067 10305 1
7067 10834 1
7067 2145 1
7067 989 1
7067 14 1
9419 4501 1
9419 4331 1
9419 8880 1
9419 9276 1
6127 9294 1
6127 3275 1
6127 1075 1
6127 1066 1
2446 4416 1
2446 4058 1
2446 7647 1
4178 3755 1
4178 3587 1
4178 6364 1
4178 8462 1
4178 6430 1
5001 5206 1
5001 10617 1
5001 2468 1
5001 6959 1
5001 10748 1
10762 6872 1
8717 5824 1
9126 8933 1
9126 7213 1
9126 10700 1
9126 7264 1
9126 6054 1
7056 7161 1
7056 8790 1
7056 3196 1
7056 8536 1
7056 10505 1
6238 5395 1
10100 7638 1
8474 10234 1
8474 8410 1
8474 9809 1
8474 5905 1
2339 9011 1
2339 7370 1
4225 1851 1
4225 9342 1
4225 2585 1
8374 3517 1
8374 4238 1
9622 4704 1
8395 1716 1
8395 2466 1
5532 4341 1
5532 6417 1
5532 4119 1
4818 7057 1
4818 4238 1
10584 11165 1
10584 9368 1
4000 3344 1
4000 2112 1
4000 3227 1
4000 3778 1
708 9359 1
708 7230 1
708 7846 1
708 2264 1
708 7346 1
6843 8604 1
6843 8252 1
6843 6849 1
8411 11070 1
3473 3317 1
3473 2466 1
3473 7017 1
3473 6935 1
8790 7056 1
8790 10505 1
8790 3196 1
10437 10305 1
10437 8513 1
10437 3051 1
10437 989 1
10437 10834 1
2636 6604 1
9180 2401 1
8385 3275 1
8385 3100 1
10031 9887 1
10031 5443 1
10031 3097 1
10031 6362 1
5093 3755 1
5093 3587 1
5093 6430 1
5093 6934 1
8575 10243 1
3513 9921 1
3513 6929 1
3513 4038 1
3513 2625 1
5159 7543 1
5159 10878 1
5159 10527 1
5159 7387 1
4730 2175 1
4730 8767 1
4730 10031 1
4730 2819 1
4730 2877 1
8022 10582 1
6386 9134 1
6386 10662 1
6386 6872 1
6386 7197 1
1180 3263 1
1180 5607 1
7161 6410 1
7161 9294 1
7161 10994 1
8388 8475 1
8388 6997 1
8388 6728 1
5890 7520 1
10184 6011 1
6551 11165 1
6551 11107 1
8197 2426 1
8197 6293 1
8197 4397 1
2880 7294 1
2880 1248 1
2880 2737 1
3289 10729 1
3289 3292 1
3289 2028 1
3289 5181 1
3289 10834 1
4826 6487 1
4826 2627 1
4826 3194 1
4826 1618 1
4826 1506 1
4003 3457 1
4003 2466 1
4003 10031 1
4003 5504 1
2571 6935 1
2571 9577 1
2571 2284 1
2571 2658 1
1748 10917 1
2506 2851 1
2506 8981 1
9446 1882 1
5066 5980 1
5066 5371 1
5066 9636 1
5066 5610 1
10868 7647 1
10868 4501 1
10868 11059 1
10868 7802 1
3914 4098 1
3914 2571 1
3914 1341 1
3914 2936 1
6383 4892 1
6383 3227 1
6383 2044 1
6383 3042 1
6383 3623 1
8987 4382 1
8987 1716 1
8987 2854 1
8987 3271 1
1132 5293 1
1132 4810 1
10948 2614 1
10948 8401 1
10948 3473 1
10948 3914 1
3053 6035 1
3053 5899 1
3053 4724 1
3876 3521 1
3876 6456 1
9359 6817 1
9359 3144 1
9359 5667 1
9359 708 1
9359 385 1
1952 6163 1
1952 2612 1
1952 7519 1
1952 10598 1
8536 7161 1
8536 8808 1
8536 7257 1
8536 5554 1
5054 6801 1
2600 7814 1
2600 6456 1
2600 7429 1
2600 5360 1
6281 6281 1
6281 6281 1
8435 8973 1
8435 10404 1
8435 4267 1
8435 10797 1
9253 8871 1
7208 8815 1
2243 10777 1
2243 6737 1
2243 2044 1
9196 7154 1
9196 6163 1
9196 8211 1
9196 8843 1
9196 9752 1
6767 8703 1
6767 9217 1
6767 3755 1
9212 9994 1
9212 9991 1
9212 2046 1
2539 332 1
5831 1904 1
5831 4937 1
5831 8911 1
5831 2484 1
10091 6383 1
10091 3659 1
10146 2707 1
10146 7230 1
10146 6828 1
1093 2247 1
1093 8923 1
1093 7005 1
1093 7785 1
5685 4267 1
5685 8435 1
6508 5687 1
6508 2046 1
6508 9994 1
6099 4297 1
6099 1681 1
6099 2595 1
6099 3042 1
11059 6011 1
11059 7647 1
11059 4501 1
4501 9419 1
4501 4331 1
4501 9447 1
4501 8880 1
4501 9276 1
1229 2532 1
1229 7564 1
1229 3914 1
1229 8071 1
1229 6062 1
9543 8609 1
9543 10757 1
9543 9158 1
7802 10868 1
2864 1726 1
2864 3699 1
2864 9899 1
2864 11081 1
5443 6327 1
5443 3097 1
10812 9566 1
10812 7076 1
8767 7229 1
11107 7846 1
11107 7346 1
11107 9382 1
11107 10015 1
11107 10816 1
5371 5517 1
5371 5980 1
5371 7584 1
5371 9636 1
7017 7768 1
2079 214 1
93 578 1
93 7996 1
93 10819 1
1739 8871 1
1739 10287 1
1739 3227 1
916 973 1
916 7230 1
916 9154 1
916 9714 1
4213 6065 1
4213 8149 1
4213 1234 1
8257 3755 1
8257 3587 1
8257 6767 1
8257 5093 1
8257 5242 1
9080 8058 1
9080 9416 1
8779 6099 1
8779 5443 1
8779 7229 1
4664 8516 1
4664 2970 1
4664 5884 1
6525 5395 1
6525 3383 1
6525 3813 1
6934 3755 1
6934 3587 1
6934 6767 1
6934 5093 1
6934 5242 1
6111 2198 1
6111 7427 1
6111 2691 1
6111 2864 1
5293 1877 1
5293 8071 1
5293 6938 1
5293 2532 1
5293 2819 1
10625 10582 1
2445 6935 1
2445 3317 1
2445 2466 1
2445 3999 1
6954 10435 1
6954 4591 1
5308 3136 1
5308 7954 1
5308 4198 1
2854 2819 1
2854 1739 1
2854 2571 1
4032 5801 1
4032 5799 1
6026 3239 1
6026 5801 1
5178 10305 1
5178 5023 1
5178 2145 1
10116 9028 1
10116 10321 1
10934 8324 1
1368 1818 1
9598 9759 1
9598 7680 1
9598 10077 1
9598 1620 1
5099 10161 1
5099 9535 1
10248 3247 1
10248 10397 1
10248 3953 1
10248 4098 1
4519 9045 1
4519 5410 1
4519 8225 1
4519 5740 1
4519 6001 1
9392 3180 1
9392 3854 1
9392 1052 1
2030 1716 1
2030 6171 1
2030 6938 1
11043 6770 1
11043 9072 1
7751 2198 1
7751 9441 1
7751 2691 1
7751 2864 1
4960 6109 1
4960 2691 1
7429 5954 1
7429 5830 1
7429 7192 1
7429 8919 1
4770 8979 1
4770 6825 1
6416 6142 1
6416 2556 1
9264 1524 1
9264 9110 1
9264 9008 1
9264 2505 1
10910 6984 1
9603 8672 1
9603 7346 1
9603 3465 1
7134 6379 1
7134 8331 1
6311 10961 1
6311 6579 1
6311 8604 1
7906 3027 1
7906 11136 1
7906 8852 1
7906 6086 1
9552 8340 1
2145 2015 1
2145 10834 1
2145 10306 1
4266 9991 1
4266 6120 1
4266 3953 1
4266 1414 1
10850 4724 1
10850 4931 1
5408 300 1
5408 6604 1
4842 8883 1
4842 2601 1
4019 6109 1
4019 2691 1
2373 9744 1
2373 3724 1
2373 7183 1
1564 3788 1
1564 7867 1
1564 4115 1
1564 8282 1
1564 1664 1
8148 9339 1
10332 4392 1
2925 1877 1
2925 3659 1
2925 9929 1
2925 2595 1
5819 4871 1
5819 7359 1
5819 10654 1
2527 6383 1
2527 11100 1
2527 9381 1
2527 2209 1
2527 624 1
6228 3193 1
6228 6362 1
2936 8759 1
2936 5374 1
6706 6849 1
6706 9132 1
6706 6843 1
3414 6655 1
3414 5824 1
3414 4245 1
10776 3512 1
10776 3111 1
10776 2426 1
5301 6872 1
9416 9080 1
6947 7814 1
5206 6767 1
5206 9428 1
5206 2987 1
7251 8419 1
7251 8252 1
1904 7427 1
1904 4073 1
1904 2854 1
5176 9080 1
5176 9416 1
5176 4209 1
5851 7387 1
5851 7543 1
5851 6468 1
5851 8609 1
7078 10411 1
7078 2401 1
7078 9939 1
7078 6341 1
5971 8921 1
5971 6723 1
3517 4721 1
3517 3111 1
5607 10041 1
5607 7867 1
5355 3788 1
5355 2284 1
5355 3574 1
5355 4297 1
6173 3196 1
6173 10505 1
6173 7161 1
1654 1213 1
1654 2751 1
10409 8324 1
5501 4335 1
8073 8226 1
8073 6118 1
10527 4756 1
10527 7798 1
10527 5912 1
6041 10077 1
6041 9535 1
9348 1105 1
9348 8524 1
9348 9378 1
9348 3088 1
3587 5093 1
3587 8462 1
3587 3724 1
10994 8808 1
10994 7056 1
10994 1922 1
7483 6559 1
7483 5824 1
7483 10714 1
7483 7779 1
5460 3022 1
1749 9169 1
1749 10418 1
1749 2401 1
9929 2175 1
9929 8756 1
9929 6938 1
9929 2819 1
9929 2877 1
11173 5451 1
11173 9823 1
11173 2691 1
8310 9445 1
4998 3788 1
4998 8345 1
4998 4069 1
11133 2695 1
11133 9714 1
5816 6585 1
5816 3354 1
3347 8183 1
3347 3180 1
3347 3854 1
3347 1636 1
3347 1620 1
5801 6026 1
3491 3831 1
3491 10813 1
3491 9445 1
3491 8609 1
4942 5504 1
4942 4132 1
4942 10147 1
4119 6239 1
1645 9517 1
1645 4551 1
4937 5336 1
4937 4917 1
4937 2493 1
2483 7886 1
2483 11043 1
14 7067 1
14 7961 1
14 10834 1
14 10437 1
6149 879 1
6149 6604 1
6149 3521 1
9753 6579 1
7784 8212 1
10253 2954 1
10253 7281 1
2484 7427 1
2484 4073 1
2484 6489 1
2484 10989 1
2484 3267 1
9028 9247 1
9028 10321 1
3267 1904 1
3267 5103 1
3267 7751 1
3267 5847 1
3267 2484 1
6685 10234 1
6685 10654 1
9154 9714 1
9154 7230 1
9154 973 1
9154 916 1
8331 7134 1
8331 3165 1
8765 2426 1
8765 6293 1
8765 4397 1
4650 5819 1
4650 4664 1
11079 4195 1
11079 9645 1
4495 9991 1
4495 3621 1
4495 10813 1
7977 10723 1
7977 3788 1
7977 7597 1
6327 1281 1
6327 4143 1
6327 6328 1
6327 2175 1
5504 10147 1
5504 8767 1
989 2145 1
989 7067 1
989 3239 1
989 2028 1
8351 9645 1
6914 5824 1
8106 5463 1
8106 4874 1
8106 10782 1
8106 6118 1
2985 6554 1
2985 2929 1
2985 4346 1
2985 9291 1
10816 10015 1
10816 9553 1
10816 5749 1
10816 2504 1
10816 11107 1
3409 1716 1
3409 2854 1
3409 3271 1
8347 8160 1
7120 8959 1
9564 10412 1
9564 9555 1
9564 6885 1
9564 705 1
9579 9498 1
9579 6161 1
9158 3831 1
9158 6468 1
9158 8626 1
9158 9035 1
2614 2445 1
2614 3409 1
8592 7850 1
8592 9139 1
5729 7503 1
5729 7381 1
5729 1613 1
9247 9028 1
9247 10321 1
7700 11165 1
7700 6065 1
7700 1234 1
2188 1904 1
10418 10882 1
10418 5604 1
9600 7977 1
9600 4630 1
9600 2970 1
9600 4332 1
9600 5295 1
7954 7472 1
7954 9882 1
7954 9469 1
8363 5658 1
8363 3480 1
3111 7857 1
3111 10321 1
3934 6706 1
3934 6808 1
3934 8383 1
5188 4335 1
5188 6408 1
4555 8921 1
4555 10305 1
4555 10306 1
4555 3292 1
4555 14 1
8670 7176 1
8226 6036 1
8226 7720 1
11027 5671 1
4443 6522 1
4443 6902 1
4443 5016 1
3391 10757 1
3391 4642 1
3391 923 1
9566 10659 1
9566 10812 1
9566 6535 1
9566 4927 1
9566 10734 1
5010 8604 1
5010 4234 1
8282 4238 1
8282 2880 1
8282 1643 1
8282 2788 1
3344 2284 1
3344 2854 1
4776 8385 1
4776 7751 1
4776 3100 1
2307 8973 1
9669 5178 1
9669 5023 1
9669 10131 1
9669 6797 1
9669 7741 1
9699 3235 1
9699 4392 1
5124 8782 1
5124 8024 1
10062 1904 1
10062 10397 1
10062 4937 1
10062 10989 1
10062 2484 1
10905 6849 1
6790 4618 1
6790 6649 1
6790 5687 1
7827 6096 1
11119 9555 1
11119 9162 1
11119 6483 1
11129 5974 1
11129 2970 1
11129 5295 1
9483 5658 1
9483 8609 1
9483 8284 1
7014 8370 1
9468 5100 1
3621 6774 1
1576 3144 1
1576 6828 1
1576 7230 1
1576 4994 1
7103 5523 1
7103 6396 1
3831 9445 1
3831 4313 1
3831 6468 1
7768 4135 1
7768 2788 1
7768 1535 1
7768 2535 1
7768 3022 1
2867 2426 1
2867 9544 1
5336 1904 1
5336 4937 1
5336 7746 1
5336 2484 1
1620 9598 1
1620 1795 1
7381 11066 1
7381 2935 1
7381 6116 1
6563 4877 1
6563 3301 1
6563 2044 1
6563 3064 1
6563 3611 1
3246 6544 1
4069 4149 1
4069 3062 1
2493 1726 1
2493 6489 1
2493 5336 1
2493 2285 1
10723 4060 1
10723 2788 1
10723 1629 1
10723 2571 1
4234 9263 1
4234 10850 1
4234 634 1
2109 9517 1
2109 2455 1
2109 7854 1
3755 2540 1
3755 5093 1
3755 5206 1
9072 2970 1
9072 4432 1
9072 5163 1
11117 9034 1
11117 5740 1
11117 527 1
11117 5873 1
11117 5410 1
9481 1310 1
9481 6096 1
10266 2880 1
10266 8724 1
10266 3364 1
4148 6935 1
4148 5133 1
4148 8368 1
4148 7530 1
4148 9011 1
4971 8014 1
4971 11068 1
4971 9169 1
5791 7894 1
5791 5275 1
5791 2751 1
8703 3724 1
8703 5093 1
7057 9446 1
7057 5451 1
7057 2691 1
8284 5658 1
8284 9483 1
8535 6407 1
9132 7494 1
9132 6849 1
9132 8383 1
9132 9753 1
1138 5658 1
3183 2444 1
3183 4893 1
3183 8370 1
4375 7638 1
4375 8979 1
4375 5620 1
4375 1265 1
10136 6410 1
10136 3305 1
10136 3196 1
6952 2112 1
6952 4704 1
9406 3317 1
9406 8771 1
7366 10412 1
7366 9555 1
7366 9564 1
7366 6433 1
6543 9691 1
6543 6734 1
2247 7785 1
2247 1093 1
1424 7543 1
1424 8340 1
1424 7387 1
3854 5207 1
3854 8398 1
3854 4233 1
3854 6076 1
10025 8406 1
9846 9117 1
6554 6734 1
8190 4704 1
10659 1683 1
10659 7076 1
10659 9566 1
10659 4927 1
11099 9045 1
6984 4331 1
6984 4557 1
2046 4098 1
2046 9959 1
3692 1877 1
3692 8756 1
3692 6595 1
3692 2466 1
3692 2595 1
9295 6872 1
9295 5212 1
1065 1112 1
5973 8333 1
5973 1818 1
10158 7746 1
10158 5326 1
9335 6163 1
9335 5242 1
9335 7154 1
9335 7436 1
9335 8430 1
10981 578 1
10981 6086 1
2716 4618 1
2716 9811 1
8477 4422 1
10123 3914 1
10123 2737 1
10123 1629 1
10123 2970 1
3303 6757 1
3303 11136 1
7418 214 1
6595 3812 1
6595 2595 1
6595 1535 1
6595 2466 1
5962 7160 1
5962 10077 1
5962 9281 1
4351 2532 1
4351 2877 1
4351 3229 1
3528 5899 1
3528 4196 1
3528 7946 1
7219 1293 1
6396 7103 1
6396 9543 1
8948 7638 1
8948 10678 1
8125 9822 1
8125 11124 1
8125 11201 1
7798 9555 1
7798 9564 1
7798 8609 1
2658 2112 1
2658 10287 1
2658 8282 1
10849 1904 1
10849 10158 1
10849 5119 1
10849 10678 1
10849 2401 1
973 7230 1
973 2707 1
973 7282 1
7867 4563 1
7867 3227 1
7867 3042 1
4138 7637 1
4138 3193 1
3315 4709 1
3315 4098 1
3315 9752 1
3315 2614 1
3724 6934 1
3724 3587 1
3724 6364 1
3724 4178 1
3724 3755 1
10285 1489 1
10285 2614 1
10285 5877 1
10285 2585 1
9276 4331 1
9276 4501 1
7630 7041 1
7630 6011 1
7630 5325 1
3515 268 1
3515 6874 1
6997 2970 1
2535 6923 1
2535 6288 1
8296 7140 1
8296 9449 1
7294 9100 1
7294 6770 1
7294 2363 1
7294 2877 1
4825 2751 1
4825 6390 1
6471 8383 1
6471 9132 1
6874 4230 1
6874 9228 1
10071 5818 1
10071 2145 1
10071 9621 1
5133 2363 1
5133 9131 1
5133 6935 1
5133 9872 1
5133 8188 1
9691 6543 1
9691 5961 1
9691 3180 1
1461 8969 1
1461 5526 1
3107 921 1
3107 1813 1
4732 9995 1
4732 4487 1
4732 8419 1
9670 6038 1
9670 9872 1
9670 1817 1
11024 6801 1
11024 2134 1
11024 10973 1
9378 3088 1
9378 1105 1
8969 5526 1
8969 1461 1
6500 8347 1
11201 8937 1
11201 8607 1
11201 7053 1
11201 9822 1
11201 9384 1
9555 3653 1
9555 6483 1
2695 6829 1
2695 10397 1
2695 11173 1
4346 6734 1
4346 6554 1
4346 7197 1
1877 4810 1
1877 3692 1
1877 7229 1
7195 8760 1
7195 4195 1
7195 1441 1
7195 424 1
8841 10294 1
8841 3128 1
8841 2585 1
10654 9347 1
10654 3372 1
10654 5914 1
10654 6977 1
4893 6109 1
4893 8370 1
4893 3183 1
4893 2444 1
3247 2072 1
3247 1993 1
3247 6647 1
3247 4098 1
1506 3194 1
1506 6487 1
1506 4826 1
1506 2627 1
1506 1618 1
5873 11117 1
5873 5740 1
5873 9034 1
5873 5410 1
9690 62 1
9690 4642 1
1664 6935 1
1664 8343 1
1664 10792 1
1664 10723 1
1664 7867 1
9894 578 1
9894 6086 1
3197 2339 1
3197 5708 1
3197 10882 1
3197 9733 1
7494 10418 1
7494 5606 1
7494 3115 1
7494 6529 1
4297 4061 1
9235 6795 1
9235 7708 1
9235 8401 1
9235 9497 1
4746 7472 1
4746 9399 1
4746 7862 1
3100 10874 1
3100 3042 1
3100 1958 1
3100 4477 1
2691 10397 1
2691 2695 1
2691 2762 1
8225 5552 1
8225 5410 1
8225 5740 1
8225 7681 1
8225 9654 1
3317 7193 1
3317 2339 1
3317 1229 1
3317 2243 1
3317 2532 1
1681 8961 1
1681 6286 1
1681 4477 1
1681 4914 1
1681 4264 1
2504 3018 1
2504 7503 1
2504 11107 1
2504 10816 1
2504 10015 1
3770 2929 1
3770 3995 1
3770 1201 1
5416 4519 1
5416 3394 1
5416 8040 1
5416 7681 1
5416 9034 1
9011 1328 1
9011 2322 1
9011 2791 1
4073 1904 1
4073 5103 1
4073 5847 1
4073 2484 1
8188 7530 1
8188 5133 1
8188 11103 1
8188 10723 1
6364 1668 1
6364 7559 1
6364 4768 1
6364 8156 1
