8355 2549 1
8355 1792 1
8355 7293 1
8355 10114 1
8355 10230 1
2549 5839 1
2549 1792 1
2549 8355 1
2549 9515 1
2549 6563 1
10114 8355 1
10114 7602 1
10114 10230 1
1792 2549 1
1792 8355 1
1792 10230 1
1792 5839 1
1792 7423 1
7293 8355 1
10230 7973 1
10230 36 1
10230 2225 1
10230 7602 1
10230 8355 1
7602 8355 1
7602 2549 1
7602 10114 1
7602 9515 1
7602 10230 1
6563 7922 1
6563 497 1
6563 85 1
6563 10804 1
6563 1026 1
7973 9515 1
7973 2549 1
7973 10230 1
7423 5839 1
7423 1792 1
5839 7273 1
5839 3899 1
5839 1213 1
5839 7257 1
5839 5429 1
9515 10230 1
9515 1792 1
9515 5839 1
9515 7973 1
9515 7602 1
2225 10230 1
2225 36 1
36 10230 1
36 2225 1
1026 9509 1
1026 9240 1
1026 9600 1
1026 4768 1
1026 10414 1
1213 10290 1
1213 2772 1
1213 3521 1
1213 3899 1
1213 3195 1
497 5374 1
497 483 1
497 70 1
497 7064 1
497 537 1
10804 10792 1
10804 497 1
10804 85 1
10804 8523 1
10804 1336 1
7922 3064 1
7922 2095 1
7922 779 1
7922 2782 1
7922 3397 1
7273 6416 1
7273 3694 1
7273 4214 1
7273 6398 1
7273 6465 1
3899 7134 1
3899 1213 1
3899 4624 1
3899 9371 1
3899 5839 1
85 4941 1
85 537 1
85 6061 1
85 6572 1
85 8759 1
7257 3598 1
7257 10273 1
7257 1876 1
7257 2772 1
7257 9135 1
5429 1677 1
5429 1240 1
5429 2886 1
5429 5839 1
5429 6266 1
2886 3178 1
2886 217 1
2886 1677 1
2886 3830 1
2886 5429 1
6572 10777 1
6572 440 1
6572 68 1
6572 7211 1
6572 899 1
1677 2453 1
1677 2837 1
1677 1575 1
1677 2886 1
1677 6266 1
9135 7257 1
9135 1041 1
9135 3587 1
9135 6379 1
9135 7483 1
8759 9870 1
8759 483 1
8759 85 1
8759 8603 1
8759 1233 1
1240 5429 1
1240 2091 1
1240 1677 1
9371 5106 1
9371 7740 1
9371 1613 1
9371 4514 1
9371 10147 1
4624 2987 1
4624 7687 1
4624 1338 1
4624 2772 1
4624 11058 1
7134 7812 1
7134 4490 1
7134 2255 1
7134 6379 1
7134 9755 1
3598 3261 1
3598 2021 1
3598 850 1
3598 2987 1
3598 10710 1
6465 3395 1
6465 7660 1
6465 1147 1
6465 2779 1
6465 7637 1
4941 9446 1
4941 437 1
4941 85 1
4941 7695 1
4941 887 1
6398 4865 1
6398 3397 1
6398 944 1
6398 4069 1
6398 5894 1
4214 7273 1
4214 6416 1
4214 4360 1
6416 4214 1
6416 2556 1
6416 4360 1
6416 6142 1
6416 7273 1
3521 6149 1
3521 879 1
3521 2648 1
3521 3876 1
3521 7814 1
1876 9669 1
1876 3598 1
1876 1303 1
1876 9579 1
1876 3474 1
6061 9605 1
6061 497 1
6061 85 1
6061 6194 1
6061 1336 1
6266 4917 1
6266 1677 1
6266 5429 1
6266 6544 1
9509 9956 1
9509 1026 1
9509 4630 1
9509 8335 1
9509 6086 1
2782 7662 1
2782 6737 1
2782 1557 1
2782 7845 1
2782 7155 1
3064 6059 1
3064 497 1
3064 85 1
3064 3386 1
3064 1130 1
10792 7371 1
10792 319 1
10792 50 1
10792 11093 1
10792 678 1
1336 3022 1
1336 497 1
1336 85 1
1336 6059 1
1336 6061 1
537 4480 1
537 421 1
537 85 1
537 2897 1
537 7682 1
5374 8603 1
5374 497 1
5374 85 1
5374 5974 1
5374 1336 1
8523 8374 1
8523 433 1
8523 85 1
8523 6910 1
8523 720 1
7064 8282 1
7064 319 1
7064 50 1
7064 10022 1
7064 806 1
70 4621 1
70 9877 1
70 4515 1
70 512 1
70 5692 1
483 4941 1
483 9218 1
483 85 1
483 941 1
483 8229 1
3397 5574 1
3397 357 1
3397 74 1
3397 4941 1
3397 561 1
4768 3684 1
4768 2451 1
4768 994 1
4768 3076 1
4768 3989 1
10273 10887 1
10273 1213 1
10273 4624 1
10273 8025 1
10273 7257 1
2095 7922 1
2095 5177 1
2095 3707 1
2095 5116 1
2095 8297 1
10414 3693 1
10414 8455 1
10414 2062 1
10414 11024 1
10414 9677 1
779 7629 1
779 10496 1
779 2932 1
779 9788 1
779 7147 1
3195 7503 1
3195 1213 1
3195 8463 1
2772 9371 1
2772 5839 1
2772 1213 1
2772 10681 1
2772 7647 1
9600 5016 1
9600 1025 1
9600 233 1
9600 4865 1
9600 1674 1
10290 5133 1
10290 8338 1
10290 1213 1
10290 4081 1
10290 9026 1
3694 7273 1
3694 872 1
3694 3776 1
3694 8816 1
3694 5839 1
9240 7890 1
9240 4485 1
9240 2283 1
9240 6172 1
9240 9474 1
50 3227 1
50 4477 1
50 9733 1
50 8506 1
50 10292 1
3386 7663 1
3386 483 1
3386 85 1
3386 5439 1
3386 1233 1
5177 3707 1
5177 2095 1
6172 7890 1
6172 4485 1
6172 2283 1
6172 10563 1
6172 7526 1
1557 7845 1
1557 6737 1
1557 1542 1
1557 2782 1
1557 8748 1
6737 9865 1
6737 8071 1
6737 42 1
6737 9441 1
6737 9142 1
7371 11054 1
7371 497 1
7371 85 1
7371 8343 1
7371 1336 1
7662 10263 1
7662 6653 1
7662 1557 1
7662 9422 1
7662 7922 1
6086 10981 1
6086 8398 1
6086 1545 1
6086 9509 1
6086 9535 1
8335 4135 1
8335 6563 1
8335 2359 1
8335 8565 1
8335 7882 1
6544 3246 1
6544 11046 1
6544 1170 1
6544 2736 1
6544 8727 1
6059 10123 1
6059 497 1
6059 85 1
6059 9011 1
6059 1336 1
4069 3344 1
4069 2024 1
4069 547 1
4069 3062 1
4069 3733 1
4865 9442 1
4865 1806 1
4865 384 1
4865 6097 1
4865 3164 1
6194 11006 1
6194 497 1
6194 85 1
6194 10551 1
6194 1229 1
1303 1773 1
1303 3028 1
1303 1190 1
1303 10021 1
1303 8988 1
8374 9939 1
8374 497 1
8374 85 1
8374 8961 1
8374 1336 1
9669 8074 1
9669 5023 1
9669 1110 1
9669 6797 1
9669 10947 1
3876 6456 1
3876 3521 1
2648 8211 1
2648 1911 1
2648 659 1
2648 3080 1
2648 10652 1
879 3521 1
879 8184 1
879 6149 1
6149 3521 1
6149 879 1
6149 6604 1
8338 6057 1
8338 10429 1
8338 2292 1
8338 5133 1
8338 7140 1
6142 6416 1
6142 2556 1
2556 6416 1
2556 1846 1
2556 6142 1
2556 4709 1
433 9482 1
433 11129 1
433 5540 1
433 8871 1
433 10940 1
4360 4214 1
4360 1934 1
4360 6416 1
4360 7273 1
9605 6099 1
9605 281 1
9605 42 1
9605 9033 1
9605 606 1
4630 8565 1
4630 6997 1
4630 2359 1
4630 8106 1
4630 7359 1
7814 2795 1
7814 1726 1
7814 397 1
7814 2545 1
7814 2926 1
7695 10529 1
7695 497 1
7695 85 1
7695 9577 1
7695 1336 1
437 6097 1
437 9733 1
437 85 1
437 11006 1
437 10792 1
1233 8153 1
1233 497 1
1233 85 1
1233 11132 1
1233 1130 1
9446 2691 1
9446 1504 1
9446 472 1
9446 10983 1
9446 2831 1
1130 8174 1
1130 497 1
1130 85 1
1130 2958 1
1130 8961 1
2779 5540 1
2779 42 1
2779 2085 1
2779 6500 1
2779 9561 1
1147 3193 1
1147 7972 1
1147 2754 1
1147 5686 1
1147 7660 1
944 1892 1
944 4115 1
944 614 1
944 8949 1
944 9018 1
11093 2851 1
11093 2077 1
11093 281 1
11093 2545 1
11093 3364 1
10496 7922 1
10496 779 1
10496 3406 1
10496 7814 1
10496 8229 1
7637 5364 1
7637 3019 1
7637 543 1
7637 4138 1
7637 6176 1
1041 3587 1
1041 9250 1
1041 3461 1
1041 9135 1
8603 11006 1
8603 437 1
8603 85 1
8603 8345 1
8603 1130 1
3474 9119 1
3474 517 1
3474 1190 1
3474 1876 1
3474 4195 1
887 3352 1
887 1802 1
887 402 1
887 3604 1
887 2970 1
3076 3845 1
3076 9240 1
3076 2283 1
3076 9827 1
3076 3988 1
7483 8118 1
7483 5824 1
7483 2298 1
7483 7779 1
7483 6559 1
319 6525 1
319 8961 1
319 50 1
319 9427 1
319 3100 1
7682 8269 1
7682 1634 1
7682 347 1
7682 7845 1
7682 3062 1
5692 9877 1
5692 70 1
5692 2419 1
5692 11184 1
5692 6359 1
7647 3861 1
7647 2433 1
7647 1087 1
7647 3598 1
7647 4537 1
3587 8373 1
3587 2947 1
3587 854 1
3587 8462 1
3587 8157 1
512 1580 1
512 3726 1
512 11136 1
512 8994 1
512 5052 1
9218 8343 1
9218 319 1
9218 68 1
9218 6572 1
9218 756 1
941 7505 1
941 497 1
941 85 1
941 10123 1
941 8961 1
68 2791 1
68 3118 1
68 9218 1
68 2975 1
68 85 1
850 1384 1
850 2375 1
850 3651 1
850 7650 1
850 9010 1
74 7992 1
74 4135 1
74 8712 1
74 3326 1
74 3397 1
3178 2886 1
3178 1677 1
6379 8824 1
6379 10973 1
6379 2090 1
6379 9584 1
6379 9899 1
7155 7845 1
7155 6653 1
7155 1557 1
7155 8345 1
7155 7922 1
8229 7676 1
8229 437 1
8229 85 1
8229 9269 1
8229 944 1
357 2958 1
357 8961 1
357 68 1
357 3064 1
357 7239 1
5133 5154 1
5133 1921 1
5133 49 1
5133 9406 1
5133 3317 1
806 2842 1
806 9358 1
806 176 1
806 4631 1
806 8095 1
9877 5692 1
9877 70 1
9877 512 1
9877 4515 1
9877 11184 1
2451 6186 1
2451 4112 1
2451 1035 1
2451 4768 1
2451 5830 1
899 4829 1
899 6572 1
899 232 1
899 9427 1
899 10792 1
994 7526 1
994 7705 1
994 3076 1
994 5409 1
994 3804 1
8463 3195 1
8463 2288 1
8463 4816 1
8463 7240 1
8463 10534 1
2255 6229 1
2255 7689 1
2255 675 1
2255 5970 1
2255 7134 1
8297 7922 1
8297 197 1
8297 2095 1
8297 5116 1
8297 4608 1
2283 3804 1
2283 5659 1
2283 10563 1
2283 3684 1
2283 2807 1
4514 9371 1
4514 2751 1
440 3574 1
440 8470 1
440 232 1
440 6890 1
440 3383 1
2837 8609 1
2837 3831 1
2837 1677 1
2837 4704 1
2837 9986 1
7812 4987 1
7812 2255 1
7812 6379 1
7812 7134 1
7812 9266 1
4621 6789 1
4621 70 1
4621 512 1
4621 5202 1
4621 8832 1
5106 5393 1
5106 840 1
5106 3521 1
5106 6470 1
5106 9371 1
9956 8107 1
9956 1656 1
9956 5254 1
9956 7870 1
9956 8604 1
7629 8345 1
7629 779 1
7629 3955 1
7629 7922 1
7629 9788 1
11024 6118 1
11024 249 1
11024 1387 1
11024 3782 1
11024 6801 1
4480 5559 1
4480 319 1
4480 68 1
4480 9131 1
4480 629 1
3684 7526 1
3684 10580 1
3684 2283 1
3684 4768 1
3684 8236 1
2932 4960 1
2932 985 1
2932 233 1
2932 5978 1
2932 2058 1
7503 8109 1
7503 7140 1
7503 1613 1
7503 10015 1
7503 8129 1
4515 10400 1
4515 10933 1
4515 544 1
4515 6371 1
4515 11184 1
3022 10984 1
3022 421 1
3022 85 1
3022 3058 1
3022 843 1
9788 8484 1
9788 1634 1
9788 42 1
9788 8013 1
9788 2970 1
10681 2772 1
10681 1750 1
10681 2835 1
10681 7139 1
10681 6744 1
5016 5154 1
5016 1029 1
5016 384 1
5016 7710 1
5016 2175 1
1025 9110 1
1025 5255 1
1025 537 1
1025 5906 1
1025 3611 1
421 9146 1
421 10886 1
421 3678 1
421 537 1
421 3309 1
7890 10563 1
7890 4485 1
7890 2283 1
7890 6172 1
7890 9827 1
7211 8917 1
7211 1157 1
7211 50 1
7211 7255 1
7211 2508 1
233 1328 1
233 6192 1
233 74 1
233 811 1
233 3170 1
1674 8565 1
1674 10266 1
1674 6563 1
1674 4135 1
1674 8316 1
10022 9141 1
10022 357 1
10022 50 1
10022 7371 1
10022 818 1
2062 10414 1
2062 10675 1
9026 8461 1
9026 7013 1
9026 10290 1
872 4081 1
872 10960 1
872 10467 1
872 2533 1
872 3694 1
678 3022 1
678 497 1
678 85 1
678 6572 1
678 8719 1
3776 4770 1
3776 3711 1
3776 738 1
3776 5896 1
3776 5801 1
561 9011 1
561 10179 1
561 233 1
561 3327 1
561 6459 1
10710 3598 1
10710 1686 1
10710 7647 1
10710 9276 1
10710 8479 1
3989 5409 1
3989 5829 1
3989 2283 1
3989 5659 1
3989 6172 1
4485 4768 1
4485 10563 1
4485 2283 1
4485 9240 1
4485 6172 1
217 9158 1
217 8988 1
217 8898 1
217 2886 1
217 4159 1
7147 6459 1
7147 1483 1
7147 614 1
7147 6391 1
7147 2249 1
1575 2886 1
1575 1677 1
2897 4135 1
2897 8269 1
2897 1025 1
2897 3678 1
2897 3058 1
3693 10414 1
3693 5440 1
8816 3694 1
8816 1144 1
8816 3776 1
8816 7273 1
9474 7890 1
9474 4485 1
9474 2283 1
9474 6172 1
9474 10563 1
5894 3534 1
5894 2259 1
5894 408 1
5894 3356 1
5894 4069 1
8282 7091 1
8282 414 1
8282 68 1
8282 8755 1
8282 730 1
720 7419 1
720 1196 1
720 281 1
720 4168 1
720 2846 1
3261 2279 1
3261 4331 1
3261 1350 1
3261 5982 1
3261 8315 1
4490 10415 1
4490 4487 1
4490 8160 1
4490 5646 1
4490 7134 1
2453 9351 1
2453 1129 1
2453 2299 1
2453 9349 1
2453 8615 1
8025 10273 1
8025 4611 1
8025 10887 1
7660 3813 1
7660 2284 1
7660 360 1
7660 3197 1
7660 4629 1
9677 10675 1
9677 674 1
9677 4087 1
9677 8540 1
9677 10414 1
7687 4596 1
7687 2987 1
7687 4624 1
7687 6501 1
3707 1659 1
3707 183 1
3707 2095 1
3707 5177 1
3707 8249 1
6910 7530 1
6910 483 1
6910 68 1
6910 7768 1
6910 982 1
1338 4624 1
7740 10614 1
7740 6194 1
7740 1229 1
7740 9164 1
7740 7139 1
2987 8878 1
2987 7687 1
2987 363 1
2987 10757 1
2987 5206 1
5574 6528 1
5574 414 1
5574 85 1
5574 9131 1
5574 818 1
9755 4755 1
9755 52 1
9755 7134 1
5974 9218 1
5974 357 1
5974 74 1
5974 8871 1
5974 614 1
10147 6390 1
10147 4003 1
10147 853 1
10147 5504 1
10147 7308 1
3395 6465 1
3395 3776 1
11058 4624 1
11058 1450 1
11058 11183 1
10887 8591 1
10887 401 1
10887 2701 1
10887 8025 1
10887 9738 1
5116 6445 1
5116 2095 1
5116 4200 1
5116 8297 1
5116 6926 1
4917 2493 1
4917 1331 1
4917 359 1
4917 2285 1
4917 2821 1
7845 5503 1
7845 830 1
7845 264 1
7845 5443 1
7845 1944 1
9870 9652 1
9870 405 1
9870 85 1
9870 7676 1
9870 818 1
9579 6837 1
9579 2555 1
9579 1155 1
9579 5825 1
9579 8074 1
4081 10330 1
4081 8007 1
4081 646 1
4081 11078 1
4081 9454 1
2091 10650 1
2091 3084 1
2091 815 1
2091 9621 1
2091 3692 1
3830 8808 1
3830 1677 1
3830 7056 1
3830 8790 1
3830 7161 1
2021 4331 1
2021 2446 1
2021 1087 1
2021 8930 1
2021 9842 1
10777 10723 1
10777 483 1
10777 85 1
10777 8345 1
10777 1180 1
1613 9804 1
1613 8944 1
1613 7503 1
1613 5308 1
1613 5803 1
8455 8600 1
8455 5653 1
8455 1332 1
8455 9671 1
8455 10414 1
2259 7229 1
2259 2466 1
2259 3010 1
2259 6125 1
2259 8484 1
3534 10263 1
3534 3218 1
3534 944 1
3534 4865 1
3534 6563 1
4159 1773 1
4159 4704 1
4159 363 1
4159 8898 1
4159 5184 1
9276 4596 1
9276 3079 1
9276 850 1
9276 4331 1
9276 7647 1
3327 6648 1
3327 2243 1
3327 233 1
3327 10723 1
3327 5206 1
10179 11129 1
10179 1785 1
10179 233 1
10179 10644 1
10179 3115 1
7710 4776 1
7710 3111 1
7710 1132 1
7710 4482 1
7710 5246 1
738 1374 1
738 5086 1
738 504 1
738 5740 1
738 4519 1
10614 7740 1
10614 4407 1
3711 3776 1
3711 403 1
9842 2446 1
9842 5982 1
9842 1236 1
9842 2021 1
9842 7305 1
414 7159 1
414 3073 1
414 53 1
414 9635 1
414 4128 1
818 7159 1
818 483 1
818 85 1
818 2970 1
818 4104 1
2433 3542 1
2433 8121 1
2433 7647 1
6118 2691 1
6118 1681 1
6118 317 1
6118 2461 1
6118 3062 1
1180 4157 1
1180 1172 1
1180 5607 1
1180 2874 1
8316 5974 1
8316 360 1
8316 74 1
8316 10547 1
8316 629 1
2555 8160 1
2555 6601 1
2555 612 1
2555 2858 1
6192 2904 1
6192 1904 1
6192 397 1
6192 2691 1
6192 3099 1
2077 2077 1
2077 1165 1
2077 75 1
2077 1705 1
2077 2085 1
3309 7677 1
3309 1233 1
3309 302 1
3309 9264 1
3309 2759 1
840 8930 1
840 1812 1
840 9376 1
840 7647 1
840 9447 1
9146 9142 1
9146 437 1
9146 85 1
9146 7457 1
9146 980 1
3100 8523 1
3100 440 1
3100 68 1
3100 9523 1
3100 818 1
2691 7352 1
2691 667 1
2691 78 1
2691 4776 1
2691 1482 1
5801 3203 1
5801 7694 1
5801 817 1
5801 1822 1
5801 6400 1
1686 2107 1
1686 4501 1
1686 850 1
1686 8744 1
1686 4416 1
8506 7920 1
8506 357 1
8506 74 1
8506 10123 1
8506 756 1
10960 872 1
10960 1512 1
1144 8816 1
1144 10333 1
1144 5343 1
9733 8719 1
9733 437 1
9733 85 1
9733 6963 1
9733 756 1
402 2196 1
402 8922 1
402 4901 1
402 10158 1
10123 6712 1
10123 319 1
10123 50 1
10123 10041 1
10123 678 1
3988 5409 1
3988 9474 1
3988 2283 1
3988 9240 1
3988 6172 1
8565 6052 1
8565 319 1
8565 74 1
8565 10287 1
8565 583 1
1911 4946 1
1911 2648 1
1911 10741 1
1911 9862 1
811 3099 1
811 2691 1
811 397 1
811 9761 1
811 2921 1
1634 2970 1
1634 6530 1
1634 775 1
1634 6803 1
1634 6341 1
5439 7379 1
5439 497 1
5439 85 1
5439 5974 1
5439 1336 1
2970 5593 1
2970 319 1
2970 50 1
2970 8054 1
2970 623 1
8343 9142 1
8343 497 1
8343 85 1
8343 9733 1
8343 1233 1
11129 6391 1
11129 561 1
11129 68 1
11129 6286 1
11129 1688 1
2419 2240 1
2419 1543 1
2419 2738 1
2419 6359 1
2419 5692 1
4608 8297 1
4608 197 1
4608 3360 1
4608 5926 1
4608 9387 1
6559 8741 1
6559 3453 1
6559 5224 1
6559 6997 1
6559 7483 1
9422 3397 1
9422 2249 1
9422 944 1
9422 3218 1
9422 3788 1
756 4941 1
756 497 1
756 85 1
756 941 1
756 7945 1
5255 3678 1
5255 2979 1
5255 1025 1
5255 3364 1
5255 5016 1
6391 8998 1
6391 9873 1
6391 42 1
6391 8565 1
6391 7147 1
5982 3598 1
5982 2059 1
5982 840 1
5982 3261 1
5982 4416 1
1483 8345 1
1483 4865 1
1483 5395 1
1483 4998 1
4755 9755 1
4755 52 1
4755 7134 1
1892 11187 1
1892 437 1
1892 85 1
1892 10588 1
1892 896 1
543 4262 1
543 856 1
543 4480 1
543 3344 1
543 6087 1
8118 8590 1
8118 7139 1
8118 1648 1
8118 9541 1
8118 11065 1
4003 2466 1
4003 486 1
4003 5504 1
4003 10278 1
8398 5293 1
8398 2877 1
8398 848 1
8398 6076 1
11184 10400 1
11184 70 1
11184 4515 1
11184 9877 1
11184 5692 1
3383 3957 1
3383 440 1
3383 68 1
3383 6935 1
3383 818 1
7882 4630 1
7882 1026 1
7882 5127 1
7882 8335 1
11183 8584 1
11183 1087 1
11183 1812 1
11183 4624 1
11183 11058 1
1846 4907 1
1846 4709 1
1846 5803 1
1846 2121 1
1846 2196 1
6500 3062 1
6500 1746 1
6500 317 1
6500 2438 1
6500 3813 1
1504 2260 1
1504 1482 1
1504 472 1
1504 2762 1
1504 10007 1
8071 2848 1
8071 1716 1
8071 264 1
8071 2532 1
8071 3237 1
10940 6691 1
10940 433 1
10940 2826 1
10940 6374 1
10940 7494 1
281 8998 1
281 1540 1
281 75 1
281 6139 1
281 3100 1
8461 4897 1
8461 8160 1
8461 1661 1
8461 10634 1
8461 11105 1
9442 4865 1
9442 2762 1
9442 995 1
9442 4108 1
9442 6376 1
9033 3039 1
9033 2243 1
9033 233 1
9033 10487 1
9033 3327 1
853 6099 1
853 7177 1
853 10954 1
853 3623 1
3461 7317 1
3461 1041 1
3461 3098 1
3461 9135 1
6653 3392 1
6653 2343 1
6653 408 1
6653 3218 1
6653 4830 1
5830 4521 1
5830 2451 1
5830 888 1
5830 3166 1
5830 4768 1
2795 2493 1
2795 1331 1
2795 359 1
2795 2285 1
2795 2821 1
1331 2532 1
1331 7427 1
1331 359 1
1331 5336 1
1331 6192 1
9561 2779 1
9561 6500 1
9561 1184 1
9561 10216 1
9561 6815 1
2375 5907 1
2375 850 1
2375 9010 1
3726 4408 1
3726 8203 1
3726 1453 1
3726 6372 1
3726 10775 1
3317 6525 1
3317 232 1
3317 42 1
3317 5906 1
3317 542 1
2090 4222 1
2090 7771 1
2090 5075 1
2090 8488 1
3193 9180 1
3193 8013 1
3193 1147 1
3193 6500 1
3193 6374 1
7308 10147 1
7308 4253 1
7308 853 1
7308 10954 1
7308 8767 1
4829 4862 1
4829 1535 1
4829 232 1
4829 6101 1
4829 3100 1
8944 1613 1
8944 3782 1
8944 5803 1
8944 6330 1
10580 7890 1
10580 4485 1
10580 2283 1
10580 6172 1
10580 9474 1
6470 7218 1
6470 4987 1
6470 1103 1
6470 7128 1
6470 5167 1
8106 6969 1
8106 4874 1
8106 674 1
8106 6118 1
8106 11158 1
2545 3720 1
2545 808 1
2545 359 1
2545 3478 1
2545 2188 1
9358 10237 1
9358 2114 1
9358 176 1
9358 9662 1
9358 3373 1
360 2943 1
360 3611 1
360 2819 1
360 9011 1
360 10551 1
8540 6039 1
8540 10675 1
8540 1021 1
8540 6847 1
8153 7867 1
8153 437 1
8153 74 1
8153 8506 1
8153 727 1
6926 5071 1
6926 3457 1
6926 532 1
6926 4128 1
6926 6099 1
8949 3604 1
8949 2275 1
8949 414 1
8949 2970 1
8949 4008 1
1542 1775 1
1542 4152 1
1542 9194 1
1542 9134 1
1542 8380 1
10886 7371 1
10886 347 1
10886 50 1
10886 9400 1
10886 756 1
197 3360 1
197 4608 1
197 8297 1
9250 10723 1
9250 1041 1
2926 2904 1
2926 1904 1
2926 397 1
2926 2691 1
2926 7814 1
472 6443 1
472 6936 1
472 9731 1
472 6137 1
472 4149 1
7056 6945 1
7056 8790 1
7056 2886 1
7056 4119 1
7056 7161 1
5829 4499 1
5829 3198 1
5829 994 1
5829 3988 1
5829 5317 1
10983 8543 1
10983 1406 1
10983 319 1
10983 8285 1
10983 2691 1
7139 10681 1
7139 5835 1
7139 1494 1
7139 7497 1
7139 6223 1
10292 8640 1
10292 1197 1
10292 232 1
10292 8303 1
10292 2552 1
1934 6838 1
1934 1557 1
1934 568 1
1934 7807 1
1934 6146 1
5206 3062 1
5206 1606 1
5206 254 1
5206 2702 1
5206 3875 1
6837 5219 1
6837 9246 1
6837 2649 1
6837 4594 1
6837 9829 1
614 10263 1
614 408 1
614 6563 1
614 6835 1
4115 4563 1
4115 437 1
4115 85 1
4115 11132 1
4115 896 1
10021 4504 1
10021 2618 1
10021 1115 1
10021 3920 1
10021 5159 1
5906 9071 1
5906 1097 1
5906 347 1
5906 6936 1
5906 1634 1
3861 7647 1
3861 4707 1
3861 1303 1
3861 9078 1
3861 10748 1
1656 8107 1
1656 9753 1
1656 9956 1
1656 7870 1
1656 4247 1
9018 3794 1
9018 2734 1
9018 719 1
9018 3482 1
9018 4199 1
8604 6311 1
8604 3425 1
8604 990 1
8604 5700 1
8604 6843 1
9427 7702 1
9427 440 1
9427 68 1
9427 10529 1
9427 818 1
11078 5260 1
11078 4081 1
11078 5968 1
11078 8007 1
8609 6699 1
8609 4931 1
8609 1447 1
8609 6086 1
8609 8229 1
2851 8893 1
2851 1331 1
2851 102 1
2851 6576 1
2851 2826 1
397 7751 1
397 2860 1
397 359 1
397 2301 1
397 7755 1
9804 4407 1
9804 2569 1
9804 423 1
9804 3973 1
9804 5433 1
5409 9240 1
5409 4485 1
5409 2283 1
5409 10968 1
5409 6172 1
3364 5472 1
3364 718 1
3364 264 1
3364 5974 1
3364 1483 1
5364 10828 1
5364 3823 1
5364 232 1
5364 10582 1
5364 8419 1
6359 5692 1
6359 1543 1
6359 2738 1
6359 5500 1
6359 9843 1
10675 8540 1
10675 10611 1
10675 2062 1
10675 8455 1
10675 8709 1
10266 3611 1
10266 2395 1
10266 537 1
10266 3364 1
10266 4104 1
6176 5743 1
6176 6923 1
6176 2530 1
6176 7823 1
6176 9839 1
8988 8898 1
8988 3920 1
8988 217 1
8988 7192 1
8988 4407 1
3227 7663 1
3227 497 1
3227 85 1
3227 4474 1
3227 1336 1
5308 4637 1
5308 2736 1
5308 835 1
5308 3660 1
5308 8333 1
8600 6307 1
8600 3293 1
8600 481 1
8600 5732 1
8600 6674 1
11054 8987 1
11054 437 1
11054 85 1
11054 7239 1
11054 818 1
3692 2819 1
3692 1341 1
3692 264 1
3692 2466 1
3692 3097 1
3028 8988 1
3028 33 1
3028 1773 1
3028 4159 1
3028 10021 1
8345 6286 1
8345 414 1
8345 85 1
8345 8961 1
8345 678 1
10467 2533 1
10467 872 1
10467 4081 1
10467 8148 1
10467 10766 1
5559 5241 1
5559 3517 1
5559 1132 1
5559 4776 1
5559 8385 1
606 2970 1
606 357 1
606 85 1
606 8020 1
606 4104 1
8013 4212 1
8013 2851 1
8013 304 1
8013 3558 1
8013 5056 1
517 4195 1
517 3474 1
517 1510 1
517 655 1
3604 4747 1
3604 2734 1
3604 719 1
3604 3482 1
3604 6549 1
7526 9474 1
7526 4485 1
7526 2283 1
7526 6172 1
7526 9827 1
982 4747 1
982 312 1
982 50 1
982 6097 1
982 606 1
646 4081 1
646 2672 1
646 9402 1
646 9379 1
646 8007 1
2292 8338 1
2292 208 1
9827 7890 1
9827 4485 1
9827 2283 1
9827 6172 1
9827 9474 1
10650 5641 1
10650 2091 1
4487 4247 1
4487 8331 1
4487 962 1
4487 3899 1
4487 10973 1
7779 3529 1
7779 10243 1
7779 775 1
7779 2772 1
7779 6898 1
2298 9126 1
2298 6299 1
2298 713 1
2298 6470 1
2298 7483 1
9142 10804 1
9142 497 1
9142 85 1
9142 8719 1
9142 1336 1
3406 10590 1
3406 5063 1
3406 1347 1
3406 6356 1
3406 3687 1
5052 8222 1
5052 512 1
5052 10127 1
5052 9001 1
11132 7867 1
11132 437 1
11132 74 1
11132 10287 1
11132 756 1
8074 3029 1
8074 9287 1
8074 1365 1
8074 1876 1
8074 9579 1
5686 1934 1
5686 10663 1
5686 518 1
5686 1414 1
5686 7288 1
9865 10267 1
9865 3517 1
9865 5241 1
9865 8993 1
9865 8345 1
10263 3010 1
10263 1944 1
10263 408 1
10263 11039 1
10263 3342 1
4537 9376 1
4537 9447 1
4537 1350 1
4537 8527 1
4537 6482 1
8755 10588 1
8755 497 1
8755 85 1
8755 8229 1
8755 1233 1
9164 5133 1
9164 2970 1
9164 414 1
9164 4198 1
9164 5540 1
1802 5324 1
1802 4610 1
1802 719 1
1802 5574 1
1802 8215 1
1196 2722 1
1196 10248 1
1196 612 1
1196 10397 1
1196 8106 1
2842 10158 1
2842 1688 1
2842 176 1
2842 8095 1
2842 2821 1
2024 10263 1
2024 3401 1
2024 1483 1
2024 3986 1
2024 11039 1
7419 7722 1
7419 6295 1
7419 564 1
7419 10190 1
7419 6788 1
4168 8997 1
4168 11039 1
4168 2578 1
4168 6704 1
4168 5968 1
2846 10890 1
2846 1082 1
2846 317 1
2846 9349 1
2846 2412 1
1350 7811 1
1350 3599 1
1350 840 1
1350 8231 1
1350 9276 1
10757 3408 1
10757 2227 1
10757 3180 1
10757 4331 1
5440 10414 1
5440 3693 1
3804 9827 1
3804 7890 1
3804 2283 1
3804 4485 1
3804 8236 1
5503 9373 1
5503 296 1
5503 42 1
5503 6918 1
5503 629 1
7972 1147 1
7972 2754 1
7972 4831 1
7972 7637 1
8790 3830 1
8790 3196 1
8790 7056 1
8790 10505 1
8160 2879 1
8160 304 1
8160 4116 1
8160 5225 1
5646 8160 1
5646 4490 1
5646 10415 1
5646 10578 1
2284 6712 1
2284 264 1
2284 50 1
2284 10158 1
2284 678 1
3197 2284 1
3197 360 1
3197 7313 1
4087 9677 1
4087 674 1
4087 8368 1
815 7376 1
815 5848 1
815 3103 1
815 2091 1
7359 8523 1
7359 50 1
7359 9577 1
7359 583 1
3678 5974 1
3678 421 1
3678 85 1
3678 10726 1
3678 818 1
1332 8455 1
1332 6420 1
1332 10271 1
1332 8600 1
10330 5968 1
10330 4081 1
10330 10047 1
10330 9695 1
730 6101 1
730 4104 1
730 232 1
730 3362 1
6501 7741 1
6501 2772 1
6501 4596 1
6501 7687 1
1659 6734 1
1659 7186 1
1659 4521 1
183 4681 1
183 7984 1
183 9603 1
183 8249 1
183 3707 1
2279 7647 1
2279 9376 1
2279 850 1
2279 2446 1
2279 8315 1
8249 3707 1
8249 183 1
8249 4185 1
8249 7984 1
7530 7370 1
7530 281 1
7530 50 1
7530 9870 1
7530 718 1
8878 6473 1
8878 101 1
8878 4596 1
363 1234 1
363 4930 1
363 4596 1
42 8174 1
42 7193 1
42 10757 1
5803 1846 1
5803 1613 1
5803 8944 1
5803 9410 1
5803 6078 1
6997 3073 1
6997 1802 1
6997 2876 1
6997 3604 1
3813 281 1
3813 50 1
3813 10912 1
3813 629 1
4631 2854 1
4631 2041 1
4631 176 1
4631 2532 1
5504 2877 1
5504 10278 1
5504 853 1
5504 9275 1
5504 10147 1
7140 6206 1
7140 6057 1
7140 7503 1
1450 11058 1
1450 4624 1
1450 11183 1
9454 3381 1
9454 1190 1
9454 6244 1
401 10887 1
2446 4331 1
2446 4416 1
2446 1087 1
2446 9842 1
7663 8153 1
7663 497 1
7663 85 1
7663 8316 1
7663 1336 1
6456 3521 1
6456 2600 1
6456 3876 1
3164 5395 1
3164 384 1
3164 5016 1
9738 7213 1
9738 2601 1
674 1021 1
674 9486 1
6445 5071 1
6445 6926 1
10723 6910 1
10723 281 1
10723 50 1
10723 10487 1
10723 606 1
2493 2301 1
2493 1275 1
2493 359 1
2493 3572 1
2493 7212 1
2285 10397 1
2285 7427 1
2285 397 1
2285 7212 1
1229 830 1
1229 3097 1
7768 7359 1
7768 295 1
7768 75 1
7768 10804 1
7768 678 1
8591 10887 1
8591 6551 1
8591 9180 1
8591 10931 1
2821 6786 1
2821 806 1
2821 42 1
2821 7359 1
9652 10777 1
9652 6256 1
9652 9870 1
6789 5070 1
6789 70 1
6789 512 1
6789 4621 1
405 1859 1
405 4474 1
405 9870 1
1155 9579 1
1155 8074 1
2791 4531 1
2791 233 1
2791 5295 1
1773 8988 1
1773 717 1
1773 3920 1
1773 10021 1
1773 4159 1
8007 5968 1
8007 9402 1
8007 5260 1
8007 7419 1
6371 4515 1
3084 7376 1
3084 2091 1
3084 10889 1
7992 10260 1
7992 1208 1
7992 74 1
4596 2929 1
4596 363 1
4596 3237 1
4596 4346 1
9621 3263 1
9621 2091 1
9621 2804 1
9621 10306 1
4629 9577 1
4629 7768 1
2175 4865 1
2175 853 1
2175 264 1
2175 6391 1
2175 1877 1
8808 3830 1
8808 6358 1
8808 7056 1
4611 8025 1
2975 6563 1
2975 319 1
2975 53 1
2975 818 1
9110 1483 1
9110 360 1
9110 3022 1
830 5443 1
830 262 1
830 3097 1
830 2466 1
9010 2375 1
9010 850 1
9010 2670 1
9010 5907 1
9010 10171 1
7161 4176 1
7161 1922 1
7161 10994 1
7161 9860 1
8615 9351 1
8615 2453 1
5653 8455 1
8930 8880 1
8930 3598 1
8930 1110 1
8930 6489 1
8930 9324 1
8107 2590 1
8107 1656 1
8107 7870 1
8107 9753 1
8107 8468 1
4195 8532 1
4195 6161 1
4195 655 1
4195 9645 1
4195 4704 1
1726 9761 1
1726 3478 1
1726 397 1
1726 3215 1
1726 2795 1
8109 6608 1
8109 10155 1
8109 4756 1
8109 6130 1
9011 5792 1
9011 10397 1
9011 50 1
9011 8523 1
9011 606 1
2058 2260 1
2058 1504 1
2058 472 1
2058 2762 1
2058 6936 1
2831 2695 1
2831 1541 1
2831 472 1
2831 2260 1
2831 7432 1
4477 4941 1
4477 497 1
4477 85 1
4477 7484 1
4477 1172 1
384 3022 1
384 8345 1
384 4865 1
384 7845 1
384 10807 1
1190 4858 1
1190 3342 1
1190 613 1
1190 3053 1
1190 6197 1
11006 8716 1
11006 440 1
11006 68 1
11006 6910 1
11006 899 1
8961 9146 1
8961 497 1
8961 85 1
8961 8507 1
8961 1233 1
10563 7890 1
10563 4485 1
10563 2283 1
10563 6172 1
10563 9474 1
8917 1190 1
8917 1036 1
8917 2181 1
8917 7211 1
8917 5942 1
9119 5560 1
9119 655 1
9119 1385 1
9119 4558 1
9119 5997 1
8748 6115 1
8748 3197 1
8748 1363 1
8748 5163 1
8748 6975 1
9939 437 1
9939 68 1
9939 7768 1
9939 982 1
5824 6981 1
5824 3414 1
5824 1208 1
5824 5824 1
5824 10765 1
8712 3039 1
8712 2243 1
8712 233 1
8712 10487 1
8712 3327 1
9535 6041 1
9535 5099 1
9535 6086 1
9535 10331 1
9535 10161 1
8373 5110 1
8373 2947 1
8373 854 1
8373 4609 1
8373 6364 1
2359 7661 1
2359 4135 1
2359 1482 1
2359 6311 1
2359 7359 1
7676 8802 1
7676 437 1
7676 74 1
7676 11132 1
7676 818 1
8727 11046 1
8727 6544 1
547 6796 1
547 6194 1
547 10694 1
547 7740 1
547 5684 1
7091 8871 1
7091 440 1
7091 68 1
7091 6876 1
7091 899 1
3733 5604 1
3733 7494 1
3733 1688 1
3733 4069 1
3733 4149 1
4960 2695 1
4960 1541 1
4960 472 1
4960 2260 1
4960 2932 1
52 9755 1
52 7134 1
52 4755 1
52 2349 1
3344 9733 1
3344 319 1
3344 50 1
3344 4978 1
3344 629 1
2736 5016 1
2736 2175 1
2736 621 1
2736 2957 1
2736 7710 1
8871 7505 1
8871 357 1
8871 50 1
8871 11109 1
8871 606 1
3062 7682 1
3062 319 1
3062 42 1
3062 6076 1
3062 629 1
10015 9382 1
10015 2303 1
10015 3018 1
10015 7503 1
10015 9553 1
6528 3794 1
6528 2734 1
6528 719 1
6528 3482 1
6528 4199 1
8174 5886 1
8174 2044 1
8174 176 1
8174 4631 1
9986 2837 1
9986 574 1
9986 3831 1
9986 9158 1
5896 3776 1
5896 1077 1
5896 10607 1
5896 6654 1
6097 11132 1
6097 483 1
6097 85 1
6097 8345 1
6097 1130 1
10947 2690 1
10947 10534 1
10947 1419 1
10947 2361 1
10947 10996 1
2299 11040 1
2299 11125 1
2299 1129 1
2299 7904 1
2299 2453 1
10529 9400 1
10529 497 1
10529 85 1
10529 8719 1
10529 1336 1
8484 7352 1
8484 1248 1
8484 407 1
8484 7123 1
8484 2259 1
1110 10147 1
1110 3598 1
1110 840 1
1110 9376 1
1110 1384 1
6057 7140 1
6057 4887 1
6057 1311 1
6057 9646 1
6057 10429 1
9349 8604 1
9349 2453 1
9349 5700 1
9349 7904 1
9349 11129 1
8211 9834 1
8211 6163 1
8211 828 1
8211 10652 1
8211 7154 1
659 1452 1
659 2069 1
659 9607 1
659 681 1
659 3894 1
2085 8508 1
2085 2779 1
2085 196 1
3080 7178 1
3080 62 1
3080 2430 1
3080 5096 1
3080 7021 1
1035 6186 1
1035 1559 1
1035 11137 1
1035 2340 1
1035 10942 1
10652 9361 1
10652 6163 1
10652 828 1
10652 8843 1
10652 7154 1
3246 5438 1
3246 6544 1
3246 1819 1
3246 5548 1
3246 6290 1
8184 4392 1
8184 879 1
8184 4946 1
8184 9535 1
8184 9606 1
9441 5847 1
9441 709 1
9441 42 1
9441 5458 1
4135 7660 1
4135 537 1
4135 154 1
4135 11129 1
4135 1210 1
843 629 1
843 537 1
843 4300 1
843 8239 1
843 3022 1
6604 5262 1
6604 8757 1
6604 1307 1
6604 4157 1
6604 5307 1
9482 8406 1
9482 6243 1
9482 1533 1
9482 6843 1
7013 4016 1
7013 1419 1
7013 9026 1
7013 8461 1
3845 9827 1
3845 10968 1
3845 2283 1
3845 4485 1
3845 8236 1
10429 10008 1
10429 4679 1
10429 798 1
10429 8457 1
10429 6057 1
2249 7147 1
2249 10263 1
2249 1557 1
2249 9387 1
2249 2782 1
347 8041 1
347 3317 1
347 9146 1
347 8998 1
347 10616 1
11046 6544 1
11046 62 1
11046 2830 1
11046 4642 1
11046 6953 1
1170 371 1
1170 258 1
1170 6544 1
1170 1646 1
1170 6583 1
544 4515 1
544 9744 1
544 426 1
544 6430 1
544 1453 1
4200 6926 1
4200 8786 1
4200 6445 1
8315 8571 1
8315 3598 1
8315 1350 1
8315 7647 1
8315 9447 1
5023 6176 1
5023 10176 1
5023 647 1
5023 11017 1
3352 5907 1
3352 887 1
3352 7102 1
2947 7006 1
2947 6934 1
2947 854 1
2947 3587 1
2947 8257 1
854 10549 1
854 2219 1
854 6401 1
854 7006 1
854 7183 1
8157 5110 1
8157 2947 1
8157 854 1
8157 4609 1
8157 6364 1
1580 10913 1
1580 9659 1
1580 1135 1
1580 7622 1
1580 2920 1
2807 7526 1
2807 3989 1
2807 2283 1
2807 5409 1
2807 3121 1
6099 8871 1
6099 319 1
6099 50 1
6099 10726 1
6099 678 1
11136 10692 1
11136 6167 1
11136 1131 1
11136 9868 1
11136 7833 1
8994 4766 1
8994 512 1
8994 1619 1
8994 4185 1
8994 4789 1
6525 10616 1
6525 483 1
6525 85 1
6525 7505 1
6525 1025 1
7505 9545 1
7505 483 1
7505 85 1
7505 10278 1
7505 982 1
9141 8755 1
9141 497 1
9141 85 1
9141 6923 1
9141 1029 1
3118 583 1
3118 68 1
3118 1443 1
3118 8973 1
3118 3912 1
6390 4195 1
6390 2751 1
6390 4825 1
6390 10147 1
6390 6470 1
629 9015 1
629 437 1
629 68 1
629 4606 1
629 6572 1
1384 8930 1
1384 1812 1
1384 850 1
1384 7647 1
1384 9276 1
359 4776 1
359 9899 1
359 4044 1
359 6063 1
3651 6205 1
3651 3598 1
3651 850 1
3651 3831 1
3651 8864 1
7650 4144 1
7650 850 1
7650 7497 1
7650 7954 1
3326 4865 1
3326 360 1
3326 74 1
3326 9142 1
3326 629 1
8269 10287 1
8269 1373 1
8269 360 1
8269 2979 1
2508 2552 1
2508 1535 1
2508 232 1
2508 4606 1
2508 3858 1
4709 3473 1
4709 1846 1
4709 414 1
4709 3315 1
4709 4098 1
8824 6379 1
10973 3165 1
10973 6811 1
10973 962 1
10973 11024 1
10973 8450 1
3611 7878 1
3611 718 1
3611 233 1
3611 6834 1
3611 1785 1
1157 8187 1
1157 232 1
1157 3574 1
1157 10792 1
9584 7773 1
9584 53 1
9584 4818 1
9584 7205 1
9584 9899 1
4138 3193 1
4138 2448 1
4138 8048 1
4138 9180 1
9899 2545 1
9899 1331 1
9899 397 1
9899 2864 1
4770 1077 1
4770 6892 1
4770 9174 1
7239 9011 1
7239 497 1
7239 85 1
7239 8871 1
7239 1336 1
9269 9656 1
9269 206 1
9269 8229 1
9269 9128 1
9269 8803 1
4331 3079 1
4331 1686 1
4331 643 1
4331 2446 1
4331 3598 1
5154 4877 1
5154 3788 1
5154 834 1
5154 4443 1
5154 7682 1
1921 8368 1
1921 6999 1
1921 1088 1
1921 3317 1
1921 4148 1
9406 6691 1
9406 3317 1
9406 757 1
9406 4922 1
9406 8188 1
408 1715 1
408 2466 1
408 3010 1
408 6653 1
176 10147 1
176 7963 1
176 8451 1
176 6099 1
176 9275 1
8095 3317 1
8095 2344 1
8095 176 1
8095 2877 1
8095 4278 1
6459 7678 1
6459 623 1
6459 233 1
6459 7857 1
6459 1535 1
6186 5195 1
6186 2589 1
6186 1035 1
6186 4557 1
6186 5771 1
4112 5282 1
4112 2601 1
4112 1035 1
4112 6552 1
4112 10425 1
2701 10887 1
8462 5678 1
8462 3587 1
8462 854 1
8462 5093 1
8462 6430 1
232 4000 1
232 8719 1
232 68 1
232 10588 1
232 10287 1
9351 6076 1
9351 2453 1
9351 8615 1
1944 11039 1
1944 3974 1
1944 944 1
1944 10263 1
1944 7845 1
7705 1659 1
7705 6689 1
7705 627 1
7705 10418 1
7705 10367 1
2288 7307 1
2288 5441 1
2288 10725 1
2288 7240 1
2288 2380 1
5540 3017 1
5540 2162 1
5540 357 1
5540 2851 1
5540 4104 1
8832 4621 1
8832 9743 1
8832 934 1
8832 3755 1
8832 10365 1
3170 7676 1
3170 1934 1
3170 233 1
3170 5616 1
3170 8712 1
4816 8463 1
7240 4492 1
7240 95 1
7240 1152 1
7240 4132 1
7240 6026 1
10534 8212 1
10534 4156 1
10534 1586 1
10534 6376 1
10534 9130 1
8898 3136 1
8898 217 1
8898 3670 1
8898 8988 1
8898 6489 1
6229 5974 1
6229 3384 1
6229 592 1
6229 4357 1
6229 8848 1
10551 8020 1
10551 357 1
10551 85 1
10551 11086 1
10551 720 1
675 2796 1
675 6229 1
675 7616 1
675 8100 1
675 7689 1
5970 11087 1
5970 2131 1
5970 281 1
5970 7370 1
5970 2943 1
9671 5732 1
9671 8600 1
9671 3293 1
9671 9674 1
3019 7637 1
3019 1147 1
5659 10580 1
5659 4485 1
5659 2283 1
5659 9474 1
5659 8935 1
10981 6086 1
10981 578 1
7689 6229 1
7689 3633 1
7689 675 1
7689 4412 1
7689 10721 1
2751 5275 1
2751 1213 1
2751 4514 1
2751 4825 1
2751 5791 1
3574 4954 1
3574 440 1
3574 68 1
3574 7676 1
3574 899 1
7255 7211 1
7255 3276 1
8470 11170 1
8470 1535 1
8470 232 1
8470 10609 1
8470 3100 1
1129 7947 1
1129 686 1
1129 11040 1
1129 2453 1
1129 2299 1
6890 9681 1
6890 1535 1
6890 232 1
6890 7091 1
6890 3100 1
5254 10885 1
5254 1657 1
5254 9956 1
5254 5703 1
10415 5646 1
10415 4490 1
10415 10578 1
3831 3491 1
3831 10233 1
3831 1293 1
3831 2837 1
3831 9445 1
49 10723 1
49 1921 1
49 4148 1
49 1088 1
4987 10487 1
4987 1879 1
4987 11087 1
4987 5647 1
3356 6762 1
3356 1248 1
3356 3010 1
3356 5894 1
3356 4972 1
2533 8229 1
2533 237 1
2533 1101 1
2533 10467 1
2533 7558 1
5825 9579 1
5825 1384 1
5825 2603 1
5825 7089 1
5825 7647 1
7870 8604 1
7870 1656 1
7870 8721 1
7870 8107 1
7870 9753 1
6797 2766 1
6797 1593 1
6797 5037 1
6797 9669 1
9266 7812 1
9266 7134 1
264 4810 1
264 9218 1
264 68 1
264 3062 1
264 8239 1
1087 3238 1
1087 3737 1
1087 1080 1
1087 1698 1
1087 9902 1
5202 11168 1
5202 6014 1
5202 3934 1
5202 4621 1
5393 5106 1
5393 9719 1
5393 1303 1
5393 10395 1
5393 7635 1
3955 7629 1
3955 7922 1
2835 1548 1
2835 2090 1
2835 10681 1
2835 7898 1
1387 1727 1
1387 11024 1
1387 3782 1
1387 2318 1
9158 9543 1
9158 3831 1
9158 574 1
9158 8626 1
9158 4722 1
3782 6187 1
3782 10414 1
1328 5163 1
1328 3862 1
1328 233 1
1328 3327 1
1328 4663 1
5443 8756 1
5443 993 1
5443 176 1
5443 10149 1
5443 1877 1
5978 10062 1
5978 1025 1
5978 347 1
5978 11081 1
6801 7261 1
6801 6006 1
6801 2134 1
6801 11024 1
6801 10973 1
9131 8660 1
9131 1662 1
9131 281 1
9131 8215 1
9131 2545 1
8236 7890 1
8236 4485 1
8236 2283 1
8236 6172 1
8236 9240 1
985 7719 1
985 3092 1
985 472 1
985 6689 1
985 8381 1
1545 10729 1
1545 1524 1
1545 8398 1
1545 8008 1
1545 5773 1
8129 10403 1
8129 7503 1
9577 8020 1
9577 357 1
9577 85 1
9577 10588 1
9577 720 1
10400 9877 1
10400 70 1
10400 2530 1
10400 6176 1
10400 11184 1
10933 4515 1
8479 7647 1
8479 3598 1
8479 8315 1
8479 9276 1
8479 10710 1
249 11024 1
249 6688 1
249 2771 1
249 1815 1
2754 5297 1
2754 6935 1
2754 1147 1
2754 10225 1
2754 7359 1
10984 10547 1
10984 4744 1
10984 8565 1
10984 6577 1
4704 7103 1
4704 7954 1
4704 2452 1
4704 5308 1
4704 9622 1
3058 3364 1
3058 9600 1
3058 1025 1
3058 3678 1
1750 10681 1
1750 2835 1
1806 5016 1
1806 1208 1
1806 233 1
1806 9108 1
1806 5395 1
6744 10681 1
6744 355 1
6744 2772 1
6744 10824 1
6744 10910 1
1029 4472 1
1029 3860 1
1029 635 1
1029 1180 1
1029 4135 1
8719 9601 1
8719 497 1
8719 85 1
8719 8233 1
8719 1336 1
2958 5053 1
2958 497 1
2958 85 1
2958 7064 1
2958 1336 1
