2819 1716 1
2819 9427 1
2819 9666 1
2819 6139 1
2819 10022 1
9666 9928 1
9666 1806 1
9666 6459 1
9666 2842 1
9666 7678 1
1716 5709 1
1716 10723 1
1716 1341 1
1716 10873 1
1716 3237 1
9427 1965 1
9427 4474 1
9427 6525 1
9427 10041 1
9427 8233 1
6139 2447 1
6139 5974 1
6139 7484 1
6139 8802 1
6139 4661 1
10022 2238 1
10022 5056 1
10022 7597 1
10022 6059 1
10022 9577 1
7484 2447 1
7484 5974 1
7484 9400 1
7484 6935 1
7484 4661 1
9928 9666 1
9928 800 1
9928 4104 1
9928 2819 1
9928 6391 1
2447 2402 1
2447 8961 1
2447 2970 1
2447 5442 1
2447 3772 1
7678 9666 1
7678 1806 1
7678 9587 1
7678 2842 1
7678 11176 1
5056 3327 1
5056 8730 1
5056 1515 1
5056 5970 1
5056 9108 1
1341 2657 1
1341 3572 1
1341 9218 1
1341 2083 1
1341 3017 1
2238 2044 1
2238 3772 1
2238 3386 1
2238 4606 1
2238 10123 1
5974 1629 1
5974 3517 1
5974 4892 1
5974 6061 1
5974 10318 1
10873 5899 1
10873 5293 1
10873 2466 1
10873 8779 1
10873 2083 1
3237 4547 1
3237 6328 1
3237 2466 1
3237 10091 1
3237 1877 1
10723 1716 1
10723 3945 1
10723 5597 1
10723 10726 1
10723 7074 1
6059 2447 1
6059 5974 1
6059 10723 1
6059 8282 1
6059 4661 1
1965 7231 1
1965 2535 1
1965 1428 1
1965 2736 1
1965 2484 1
9577 1892 1
9577 4382 1
9577 6737 1
9577 9939 1
9577 8282 1
6459 3115 1
6459 8316 1
6459 9008 1
6459 9602 1
6459 5978 1
1806 7494 1
1806 2791 1
1806 1785 1
1806 5064 1
1806 9653 1
4474 2192 1
4474 5709 1
4474 8523 1
4474 4774 1
4474 5597 1
5709 7321 1
5709 6062 1
5709 2445 1
5709 9127 1
5709 1412 1
2842 8842 1
2842 7904 1
2842 2041 1
2842 6093 1
2842 9438 1
7597 8319 1
7597 7682 1
7597 5133 1
7597 1331 1
7597 4382 1
10041 2281 1
10041 5574 1
10041 8565 1
10041 6712 1
10041 4480 1
6525 2243 1
6525 5053 1
6525 10886 1
6525 6099 1
6525 6549 1
8802 2121 1
8802 4774 1
8802 6935 1
8802 5881 1
8802 9733 1
4661 2447 1
4661 10343 1
4661 11132 1
4661 9939 1
4661 9218 1
8233 2192 1
8233 4829 1
8233 7064 1
8233 5964 1
8233 8871 1
2243 2192 1
2243 4297 1
2243 8523 1
2243 4861 1
2243 7064 1
2044 5639 1
2044 3813 1
2044 7530 1
2044 8755 1
2044 4941 1
4480 1681 1
4480 3858 1
4480 9473 1
4480 5053 1
4480 8506 1
3772 2284 1
3772 8871 1
3772 7031 1
3772 4357 1
3772 6722 1
8961 2284 1
8961 5611 1
8961 8719 1
8961 6894 1
8961 4480 1
1629 8229 1
1629 3383 1
1629 10723 1
1629 6918 1
1629 8603 1
2402 9733 1
2402 4877 1
2402 6059 1
2402 8523 1
2402 5318 1
8319 9941 1
8319 596 1
8319 5966 1
8319 1331 1
8319 4664 1
11132 1959 1
11132 4474 1
11132 6563 1
11132 10546 1
11132 8233 1
2083 3812 1
2083 6737 1
2083 10123 1
2083 296 1
2083 2819 1
5970 9733 1
5970 5759 1
5970 2304 1
5970 8274 1
5970 2178 1
7231 5169 1
7231 4919 1
7231 2198 1
7231 7751 1
7231 1904 1
9438 7193 1
9438 6991 1
9438 2854 1
9438 9223 1
9438 2532 1
5442 1664 1
5442 3858 1
5442 8274 1
5442 9141 1
5442 8565 1
3327 5048 1
3327 7494 1
3327 2791 1
3327 9605 1
3327 2395 1
7904 6076 1
7904 1590 1
7904 11109 1
7904 2299 1
7904 7494 1
4606 3993 1
4606 7147 1
4606 1535 1
4606 8345 1
4606 9373 1
6061 2447 1
6061 5974 1
6061 9545 1
6061 8274 1
6061 4661 1
2970 1535 1
2970 6244 1
2970 10588 1
2970 4663 1
2970 6910 1
1515 8187 1
1515 281 1
1515 8274 1
1515 5056 1
1515 5968 1
2657 2928 1
2657 933 1
2657 8262 1
2657 1341 1
2657 4605 1
3517 2112 1
3517 8719 1
3517 5395 1
3517 5792 1
3517 4483 1
3572 2114 1
3572 3659 1
3572 8401 1
3572 9169 1
3572 9441 1
7064 2044 1
7064 4474 1
7064 6595 1
7064 10551 1
7064 8343 1
9400 2381 1
9400 5597 1
9400 8374 1
9400 6737 1
9400 9870 1
2466 7229 1
2466 7017 1
2466 976 1
2466 9127 1
2466 8987 1
5053 2447 1
5053 9141 1
5053 7530 1
5053 8871 1
5053 4661 1
9127 10661 1
9127 1008 1
9127 9453 1
9127 2380 1
9127 10475 1
5899 7598 1
5899 10654 1
5899 2925 1
5899 9787 1
5899 2209 1
8282 1739 1
8282 4060 1
8282 6099 1
8282 10874 1
8282 7524 1
6093 9502 1
6093 8341 1
6093 2854 1
6093 8079 1
6093 2532 1
6328 5191 1
6328 4730 1
6328 2083 1
6328 11052 1
6328 1479 1
10091 3812 1
10091 8762 1
10091 1428 1
10091 8269 1
10091 8756 1
9218 1959 1
9218 4298 1
9218 6737 1
9218 5161 1
9218 8755 1
5293 10149 1
5293 5503 1
5293 2466 1
5293 10873 1
5293 1877 1
10886 1892 1
10886 4238 1
10886 6139 1
10886 9490 1
10886 7768 1
6099 1739 1
6099 4104 1
6099 7239 1
6099 6525 1
6099 10873 1
6935 1336 1
6935 3364 1
6935 4954 1
6935 7064 1
6935 6383 1
10318 2112 1
10318 4629 1
10318 6963 1
10318 5611 1
10318 8736 1
4547 519 1
4547 970 1
4547 3237 1
4547 3677 1
4547 9158 1
6062 10948 1
6062 10723 1
6062 3914 1
6062 606 1
6062 3317 1
2281 2192 1
2281 4297 1
2281 4563 1
2281 2819 1
2281 4483 1
4892 2402 1
4892 8374 1
4892 5439 1
4892 9400 1
4892 4563 1
6549 2192 1
6549 4747 1
6549 6722 1
6549 5792 1
6549 10343 1
9733 2162 1
9733 4747 1
9733 7153 1
9733 5881 1
9733 9008 1
7494 3326 1
7494 10912 1
7494 1210 1
7494 10588 1
7494 7066 1
2121 4610 1
2121 3326 1
2121 6549 1
2121 7484 1
2121 3778 1
8523 2121 1
8523 4629 1
8523 7023 1
8523 5708 1
8523 10287 1
5881 2281 1
5881 5016 1
5881 8565 1
5881 8229 1
5881 6061 1
10343 2192 1
10343 4877 1
10343 7663 1
10343 6061 1
10343 9733 1
8565 1412 1
8565 3463 1
8565 4877 1
8565 9922 1
8565 6288 1
5978 3699 1
5978 7857 1
5978 1535 1
5978 10397 1
5978 6063 1
10123 1716 1
10123 3778 1
10123 5503 1
10123 10434 1
10123 6923 1
8730 6529 1
8730 6052 1
8730 2791 1
8730 8054 1
8730 2395 1
8871 1705 1
8871 4264 1
8871 6383 1
8871 10004 1
8871 7768 1
6737 1248 1
6737 9427 1
6737 4278 1
6737 7239 1
6737 7147 1
6391 1204 1
6391 8153 1
6391 4534 1
6391 6770 1
6391 5792 1
8779 4947 1
8779 853 1
8779 7177 1
8779 2209 1
8779 6099 1
9653 9666 1
9653 1806 1
9653 6459 1
9653 2842 1
9653 7678 1
1892 4104 1
1892 2272 1
1892 2876 1
1892 3344 1
1892 2505 1
9108 3678 1
9108 10546 1
9108 1328 1
9108 9146 1
9108 7845 1
3017 5442 1
3017 7229 1
3017 1921 1
3017 10149 1
3017 1389 1
11176 6459 1
11176 384 1
11176 8909 1
11176 1806 1
11176 8595 1
4774 2447 1
4774 7768 1
4774 11132 1
4774 7371 1
4774 4661 1
4104 1233 1
4104 6099 1
4104 8282 1
4104 4873 1
4104 4356 1
3945 2281 1
3945 8345 1
3945 7023 1
3945 6139 1
3945 7676 1
5597 2447 1
5597 8736 1
5597 7091 1
5597 8316 1
5597 4661 1
10726 2447 1
10726 5974 1
10726 8871 1
10726 6935 1
10726 4661 1
7074 7359 1
7074 8079 1
7074 3914 1
7074 606 1
7074 3317 1
2535 4865 1
2535 10807 1
2535 3993 1
2535 3397 1
2535 5295 1
9587 3901 1
9587 7678 1
1428 8762 1
1428 3517 1
1428 6383 1
1428 4480 1
1428 5016 1
1331 3699 1
1331 3181 1
1331 4044 1
1331 2970 1
1331 6935 1
2736 5241 1
2736 5559 1
2736 3623 1
2736 825 1
2736 3840 1
5064 11018 1
5064 10723 1
5064 2289 1
5064 6863 1
5064 8153 1
2445 7253 1
2445 7017 1
2445 8133 1
2445 606 1
2445 6935 1
2484 8547 1
2484 5336 1
2484 8364 1
2484 398 1
2484 7427 1
800 1250 1
800 5319 1
800 1780 1
800 2476 1
800 1136 1
4382 2243 1
4382 9141 1
4382 6935 1
4382 6019 1
4382 7597 1
9939 2243 1
9939 5355 1
9939 8187 1
9939 6391 1
9939 10529 1
5574 1840 1
5574 4061 1
5574 7867 1
5574 10551 1
5574 10703 1
3115 8565 1
3115 5974 1
3115 2791 1
3115 3993 1
3115 2395 1
7321 10551 1
7321 10723 1
7321 3914 1
7321 606 1
7321 3317 1
8316 1629 1
8316 3510 1
8316 4877 1
8316 11087 1
8316 6162 1
9008 9110 1
9008 8871 1
9008 3572 1
9008 718 1
9008 3326 1
4829 7211 1
4829 8470 1
4829 2238 1
4829 10609 1
4829 1958 1
9602 6529 1
9602 6052 1
9602 2791 1
9602 8054 1
9602 2395 1
2791 8269 1
2791 2792 1
2791 2289 1
2791 3039 1
2791 6374 1
5964 6411 1
5964 5569 1
5964 2238 1
5964 5971 1
5964 1958 1
1785 4115 1
1785 9939 1
1785 3914 1
1785 7159 1
1785 8998 1
3386 2402 1
3386 4297 1
3386 4483 1
3386 4382 1
3386 8187 1
2192 2077 1
2192 4297 1
2192 5974 1
2192 3384 1
2192 4536 1
1412 8724 1
1412 2243 1
1412 3383 1
1412 5969 1
1412 9427 1
1877 3659 1
1877 5191 1
1877 8071 1
1877 6099 1
1877 1762 1
8842 9245 1
8842 1772 1
8842 6075 1
8842 3931 1
8842 6980 1
2041 8903 1
2041 9441 1
2041 9358 1
2041 7789 1
2041 8401 1
7682 5441 1
7682 5056 1
7682 2461 1
7682 6935 1
7682 2175 1
6712 2447 1
6712 5974 1
6712 6935 1
6712 10287 1
6712 4661 1
5133 8738 1
5133 5906 1
5133 2727 1
5133 6480 1
5133 2363 1
10287 2281 1
10287 5241 1
10287 7845 1
10287 6099 1
10287 9733 1
2925 4947 1
2925 3914 1
2925 2209 1
2925 7816 1
2925 1877 1
5708 5970 1
5708 8987 1
5708 2819 1
5708 9110 1
5708 2505 1
7023 2284 1
7023 5574 1
7023 8345 1
7023 6712 1
7023 7676 1
3778 2447 1
3778 5318 1
3778 9605 1
3778 10004 1
3778 7768 1
10912 8883 1
10912 8126 1
10912 2975 1
10912 335 1
10912 2461 1
4563 2112 1
4563 4480 1
4563 9939 1
4563 9141 1
4563 9427 1
7017 4664 1
7017 10691 1
7017 1837 1
7017 10673 1
7017 7789 1
3317 1381 1
3317 4104 1
3317 8451 1
3317 9141 1
3317 3473 1
1681 10792 1
1681 3317 1
1681 5503 1
1681 4238 1
1681 4060 1
3914 1535 1
3914 3772 1
3914 6194 1
3914 8153 1
3914 9939 1
970 519 1
970 4547 1
970 10422 1
970 3237 1
970 3677 1
5439 2447 1
5439 10287 1
5439 7023 1
5439 6019 1
5439 4661 1
519 10142 1
519 4547 1
519 11186 1
519 9158 1
519 10422 1
8736 2099 1
8736 4480 1
8736 6723 1
8736 9870 1
8736 8506 1
5503 1412 1
5503 3560 1
5503 5053 1
5503 8187 1
5503 7371 1
8762 10233 1
8762 10528 1
8762 4744 1
8762 1428 1
8762 4480 1
10807 9600 1
10807 9108 1
10807 3364 1
10807 505 1
10807 3164 1
6991 9358 1
6991 8451 1
6991 2854 1
6991 9490 1
6991 2532 1
5355 2447 1
5355 8759 1
5355 7031 1
5355 8345 1
5355 4661 1
4730 6328 1
4730 5293 1
4730 2595 1
4730 296 1
4730 2175 1
5191 10031 1
5191 6938 1
5191 2532 1
5191 5241 1
5191 2175 1
8054 3862 1
8054 8079 1
8054 1443 1
8054 9602 1
8054 10202 1
9502 7193 1
9502 6991 1
9502 2854 1
9502 9223 1
9502 2532 1
7524 9817 1
7524 9387 1
7524 3073 1
7524 887 1
7524 2876 1
1389 2162 1
1389 6391 1
1389 9760 1
1389 606 1
1389 6935 1
4060 2192 1
4060 7379 1
4060 6918 1
4060 10434 1
4060 6526 1
6923 1837 1
6923 4238 1
6923 6093 1
6923 7876 1
6923 10235 1
11052 10954 1
11052 176 1
11052 5815 1
11052 532 1
11052 4386 1
7371 2447 1
7371 5974 1
7371 7867 1
7371 6935 1
7371 4661 1
10654 3457 1
10654 8832 1
10654 1688 1
10654 11163 1
10654 7259 1
9787 9275 1
9787 9876 1
9787 5299 1
9787 982 1
9787 4664 1
4061 2447 1
4061 8345 1
4061 5503 1
4061 5374 1
4061 8759 1
7598 10850 1
7598 370 1
7598 4842 1
7598 744 1
7598 4128 1
2284 1681 1
2284 9427 1
2284 2975 1
2284 7159 1
2284 7768 1
6374 5437 1
6374 6691 1
6374 2819 1
6374 9264 1
6374 10202 1
10475 3897 1
10475 9127 1
10475 10162 1
10475 10808 1
3931 4937 1
3931 720 1
3931 6075 1
3931 1700 1
3931 11039 1
2380 4388 1
2380 1008 1
2380 10541 1
2380 1309 1
2380 4387 1
9453 7221 1
9453 4030 1
9453 9575 1
9453 5100 1
9453 8901 1
4954 2272 1
4954 10287 1
4954 5442 1
4954 10886 1
4954 7663 1
10661 4673 1
10661 377 1
10661 8380 1
10661 444 1
10661 5640 1
6162 10625 1
6162 1360 1
6162 8316 1
6162 5081 1
6162 9600 1
6980 5260 1
6980 991 1
6980 7378 1
6980 1772 1
6980 6075 1
2162 6187 1
2162 7370 1
2162 1204 1
2162 6391 1
2162 9100 1
3364 3164 1
3364 9008 1
3364 1029 1
3364 7294 1
3364 10886 1
976 2175 1
976 8071 1
976 6255 1
976 296 1
976 5443 1
4629 3993 1
4629 10235 1
4629 1629 1
4629 10628 1
4629 8330 1
8719 2384 1
8719 5442 1
8719 8345 1
8719 6595 1
8719 10551 1
2175 8269 1
2175 8071 1
2175 1341 1
2175 7845 1
2175 9008 1
7229 4730 1
7229 4104 1
7229 2175 1
7229 6328 1
7229 1716 1
6411 5971 1
6411 5569 1
6411 2238 1
6411 11060 1
6411 1958 1
4298 1801 1
4298 4061 1
4298 7505 1
4298 6498 1
4298 8736 1
8079 3373 1
8079 11163 1
8079 1059 1
8079 8565 1
8079 7370 1
1535 9261 1
1535 2402 1
1535 10804 1
1535 2979 1
1535 7920 1
9870 2243 1
9870 4976 1
9870 7945 1
9870 6099 1
9870 10004 1
3326 1801 1
3326 5161 1
3326 9602 1
3326 5064 1
3326 10792 1
1210 6529 1
1210 9594 1
1210 10020 1
1210 5295 1
1210 3611 1
8374 2402 1
8374 5792 1
8374 10804 1
8374 6894 1
8374 4483 1
7147 3572 1
7147 9387 1
7147 1715 1
7147 10031 1
7147 8992 1
8343 2381 1
8343 5574 1
8343 10287 1
8343 6722 1
8343 4480 1
9441 2921 1
9441 8002 1
9441 1248 1
9441 9796 1
9441 6786 1
6383 2145 1
6383 4766 1
6383 7768 1
6383 5597 1
6383 10041 1
4747 2121 1
4747 4480 1
4747 8565 1
4747 6712 1
4747 9427 1
9169 10374 1
9169 9788 1
9169 3890 1
9169 335 1
9169 3572 1
8401 2821 1
8401 7253 1
8401 10654 1
8401 8281 1
8401 6093 1
8603 2284 1
8603 5597 1
8603 8595 1
8603 6722 1
8603 4480 1
2114 9490 1
2114 9441 1
2114 6923 1
2114 2284 1
2114 4871 1
1705 2077 1
1705 42 1
1705 8871 1
1705 10912 1
1705 6691 1
10703 2679 1
10703 4511 1
10703 5574 1
10703 7506 1
4483 2447 1
4483 9577 1
4483 5503 1
4483 6894 1
4483 7945 1
5792 2447 1
5792 9733 1
5792 7484 1
5792 10343 1
5792 4563 1
9473 2447 1
9473 5974 1
9473 8871 1
9473 6935 1
9473 4661 1
11109 10418 1
11109 42 1
11109 5604 1
11109 982 1
11109 4097 1
6480 1921 1
6480 5133 1
6480 9072 1
6480 7294 1
8470 5971 1
8470 5569 1
8470 2238 1
8470 7091 1
8470 1958 1
2727 2970 1
2727 49 1
2727 9011 1
2727 1921 1
2727 10723 1
5906 3288 1
5906 8395 1
5906 1406 1
5906 10616 1
5906 8484 1
4115 2112 1
4115 7031 1
4115 7920 1
4115 10343 1
4115 7530 1
8738 4149 1
8738 42 1
8738 7294 1
8738 1705 1
8738 6529 1
10529 2447 1
10529 5974 1
10529 8871 1
10529 6935 1
10529 4661 1
5441 3572 1
5441 9169 1
5441 972 1
5441 9092 1
5441 9025 1
2854 1837 1
2854 7359 1
2854 7597 1
2854 4073 1
2854 9852 1
9358 6786 1
9358 6391 1
9358 2821 1
9358 8045 1
9358 2344 1
6075 7530 1
6075 1772 1
6075 10248 1
6075 3931 1
6075 8842 1
9245 8651 1
9245 1772 1
9245 5968 1
9245 3931 1
9245 10678 1
1762 4973 1
1762 8626 1
1762 8266 1
1762 1877 1
1762 7415 1
5969 2121 1
5969 4661 1
5969 7867 1
5969 5569 1
5969 6876 1
8755 2372 1
8755 5439 1
8755 8343 1
8755 6563 1
8755 9146 1
596 7088 1
596 8961 1
596 2703 1
596 3653 1
596 8534 1
10546 6529 1
10546 6052 1
10546 2791 1
10546 8054 1
10546 2395 1
8724 9146 1
8724 537 1
8724 4199 1
8724 1025 1
8724 4104 1
7530 1772 1
7530 4168 1
7530 6075 1
7530 8915 1
7530 9278 1
4536 2447 1
4536 10343 1
4536 8506 1
4536 5318 1
4536 9733 1
2077 4480 1
2077 8304 1
2077 1540 1
2077 9913 1
2077 1283 1
8998 1892 1
8998 4298 1
8998 6549 1
8998 10135 1
8998 8233 1
7159 1892 1
7159 4264 1
7159 6391 1
7159 9591 1
7159 7768 1
5169 8277 1
5169 7754 1
5169 2821 1
5169 398 1
5169 2484 1
3039 8565 1
3039 5974 1
3039 2791 1
3039 3993 1
3039 2395 1
1248 4142 1
1248 5831 1
1248 9731 1
1248 5103 1
1248 10397 1
2792 11129 1
2792 3170 1
2792 2791 1
2792 2970 1
2792 2395 1
8364 7427 1
8364 6489 1
8364 2301 1
8364 8547 1
8364 2188 1
7211 4862 1
7211 9605 1
7211 1535 1
7211 8882 1
7211 10434 1
718 7313 1
718 2175 1
718 4135 1
718 758 1
718 7457 1
5971 3993 1
5971 8524 1
5971 1197 1
5971 6239 1
5971 10091 1
3384 4412 1
3384 393 1
3384 5654 1
3384 1662 1
3384 4042 1
9110 4873 1
9110 4468 1
9110 2505 1
9110 6459 1
9110 2175 1
6722 2192 1
6722 4829 1
6722 10292 1
6722 5964 1
6722 6935 1
11087 4199 1
11087 9594 1
11087 2192 1
11087 9131 1
11087 9296 1
3510 8580 1
3510 6863 1
3510 1802 1
3510 5277 1
3510 5188 1
7867 2044 1
7867 4480 1
7867 6918 1
7867 5374 1
7867 8987 1
1840 9062 1
1840 7275 1
1840 6565 1
1840 1829 1
1840 11167 1
6019 2447 1
6019 5974 1
6019 10723 1
6019 8282 1
6019 4661 1
10397 2260 1
10397 5451 1
10397 8054 1
10397 6459 1
10397 10143 1
2476 7885 1
2476 1136 1
2476 3705 1
2476 1250 1
2476 7902 1
1780 7885 1
1780 1136 1
1780 6552 1
1780 1250 1
1780 5584 1
2178 4578 1
2178 2339 1
2178 5970 1
2178 8427 1
7153 8187 1
7153 8274 1
7153 3813 1
7153 718 1
7153 3197 1
5319 6224 1
5319 1136 1
5319 5681 1
5319 1250 1
5319 5868 1
1250 2573 1
1250 5319 1
1250 9901 1
1250 5868 1
1250 2412 1
8547 5169 1
8547 4919 1
8547 2198 1
8547 7754 1
8547 1904 1
7751 8872 1
7751 6892 1
7751 2545 1
7751 10062 1
7751 2198 1
8071 6234 1
8071 5246 1
8071 2466 1
8071 10528 1
8071 1877 1
7253 5966 1
7253 5460 1
7253 2362 1
7253 8731 1
7253 1412 1
6863 6529 1
6863 6052 1
6863 2791 1
6863 9296 1
6863 2395 1
296 3464 1
296 6888 1
296 8229 1
296 7845 1
296 2532 1
2289 7806 1
2289 8054 1
2289 8153 1
2289 6052 1
2289 8712 1
3840 4606 1
3840 8762 1
3840 4744 1
3840 1428 1
3840 8385 1
3623 11108 1
3623 4454 1
3623 8456 1
3623 687 1
3623 3517 1
5016 3397 1
5016 5534 1
5016 1411 1
5016 6383 1
5016 5204 1
2363 6737 1
2363 42 1
2363 11109 1
2363 1705 1
2363 8738 1
1136 4146 1
1136 6224 1
1136 3389 1
1136 6629 1
1136 4727 1
3181 8277 1
3181 4937 1
3181 2198 1
3181 10397 1
3181 1904 1
3901 9587 1
3901 7678 1
1772 2324 1
1772 10048 1
1772 7530 1
1772 6980 1
1772 3931 1
4356 5562 1
4356 9992 1
4356 3062 1
4356 5230 1
4356 2791 1
5611 2402 1
5611 9733 1
5611 10041 1
5611 8187 1
5611 4563 1
1233 9278 1
1233 2819 1
1233 2946 1
1233 10041 1
1233 2044 1
8595 6391 1
8595 180 1
8595 10048 1
8595 1172 1
8595 7639 1
8909 7678 1
8909 1806 1
8909 5395 1
8909 3164 1
8909 11176 1
1921 8188 1
1921 49 1
1921 9872 1
1921 2880 1
1921 6935 1
7845 3326 1
7845 8546 1
7845 1341 1
7845 9600 1
7845 6787 1
1328 6529 1
1328 9594 1
1328 7457 1
1328 5295 1
1328 8730 1
3344 1541 1
3344 8233 1
3344 5442 1
3344 8078 1
3344 6563 1
2876 5324 1
2876 3625 1
2876 4610 1
2876 8572 1
2876 2339 1
2272 7945 1
2272 5395 1
2272 6059 1
2272 2381 1
2272 7371 1
7177 8779 1
7177 9788 1
7177 4149 1
7177 1091 1
7177 3993 1
3993 1279 1
3993 3362 1
3993 8731 1
3993 6019 1
3993 10777 1
1008 7518 1
1008 4834 1
1008 4011 1
1008 9127 1
1008 2380 1
4947 8883 1
4947 5421 1
4947 2925 1
4947 10209 1
4947 2859 1
6770 2112 1
6770 4661 1
6770 9218 1
6770 5439 1
6770 10551 1
9158 3677 1
9158 519 1
9158 7303 1
9158 970 1
9158 4722 1
853 3812 1
853 6642 1
853 7171 1
853 3570 1
853 5503 1
4534 10041 1
4534 86 1
4534 4297 1
4534 1172 1
4534 10048 1
8153 1959 1
8153 4382 1
8153 6563 1
8153 9605 1
8153 8712 1
1204 1443 1
1204 6217 1
1204 6935 1
1204 1389 1
1204 2309 1
10004 2447 1
10004 5974 1
10004 8871 1
10004 6935 1
10004 4661 1
4278 5458 1
4278 5453 1
4278 2545 1
4278 6036 1
4278 2344 1
4264 2447 1
4264 8345 1
4264 5503 1
4264 4861 1
4264 10287 1
6529 4149 1
6529 10912 1
6529 1785 1
6529 10179 1
6529 8730 1
10434 5503 1
10434 5224 1
10434 2238 1
10434 6722 1
10434 1958 1
5569 4766 1
5569 10203 1
5569 1958 1
5569 6135 1
5569 6101 1
1479 865 1
1479 4128 1
1479 9275 1
1479 5539 1
1479 5246 1
7857 8345 1
7857 10233 1
7857 4482 1
7857 1428 1
7857 3517 1
9922 4472 1
9922 1029 1
9922 7805 1
9922 1965 1
9922 5395 1
4605 4332 1
4605 349 1
4605 9294 1
4605 2348 1
4605 6410 1
7789 7193 1
7789 6991 1
7789 2854 1
7789 8516 1
7789 2532 1
3699 7751 1
3699 4919 1
3699 2198 1
3699 3720 1
3699 1904 1
6595 1664 1
6595 3659 1
6595 5355 1
6595 8071 1
6595 9339 1
2505 2020 1
2505 3364 1
2505 6648 1
2505 9110 1
2505 3788 1
3463 5974 1
3463 9033 1
3463 2791 1
3463 6595 1
3463 2395 1
7663 2402 1
7663 5969 1
7663 8345 1
7663 6923 1
7663 4563 1
4877 2447 1
4877 6722 1
4877 4954 1
4877 10413 1
4877 4661 1
7066 6459 1
7066 5974 1
7066 2791 1
7066 9033 1
7066 2395 1
5048 6459 1
5048 10546 1
5048 2791 1
5048 10628 1
5048 2395 1
8187 1801 1
8187 4297 1
8187 6239 1
8187 10022 1
8187 7660 1
2461 3317 1
2461 6118 1
2461 9011 1
2461 982 1
2461 3344 1
825 152 1
825 1137 1
825 2736 1
825 10350 1
8262 9290 1
8262 933 1
8262 2928 1
8262 1526 1
8262 3275 1
933 9491 1
933 382 1
933 1890 1
933 8262 1
933 1818 1
9490 7193 1
9490 6991 1
9490 2854 1
9490 9223 1
9490 2532 1
281 8987 1
281 6894 1
281 10726 1
281 10004 1
281 7153 1
7091 2121 1
7091 4747 1
7091 6923 1
7091 5783 1
7091 10777 1
9545 2447 1
9545 5969 1
9545 8759 1
9545 6923 1
9545 4563 1
2381 9473 1
2381 5395 1
2381 2979 1
2381 4941 1
2381 4297 1
9141 2192 1
9141 4536 1
9141 7091 1
9141 5439 1
9141 10266 1
5161 2447 1
5161 5969 1
5161 7031 1
5161 8871 1
5161 4661 1
4664 3175 1
4664 7977 1
4664 1365 1
4664 5443 1
4664 5313 1
8345 1715 1
8345 3572 1
8345 5163 1
8345 8759 1
8345 6572 1
8341 6935 1
8341 6708 1
8341 2854 1
8341 8401 1
8341 2532 1
2299 11129 1
2299 684 1
2299 11040 1
2299 1590 1
2299 2453 1
8269 4873 1
8269 4468 1
8269 2395 1
8269 6491 1
8269 1806 1
5559 7147 1
5559 7857 1
5559 4744 1
5559 1428 1
5559 4480 1
5968 3102 1
5968 10974 1
5968 1281 1
5968 8532 1
5968 10319 1
6963 10882 1
6963 531 1
6963 10318 1
6963 2505 1
6963 8871 1
9605 1485 1
9605 3574 1
9605 5154 1
9605 11006 1
9605 6383 1
4865 5894 1
4865 4674 1
4865 2332 1
4865 6460 1
4865 2024 1
6910 2272 1
6910 5318 1
6910 7505 1
6910 6139 1
6910 7695 1
5318 2192 1
5318 4829 1
5318 10869 1
5318 10292 1
5318 7023 1
5395 2121 1
5395 4563 1
5395 6595 1
5395 9473 1
5395 10588 1
7031 2447 1
7031 5974 1
7031 7920 1
7031 6935 1
7031 4661 1
2532 10539 1
2532 6595 1
2532 1341 1
2532 8935 1
2532 3097 1
10588 2192 1
10588 4536 1
10588 6894 1
10588 5395 1
10588 8712 1
1590 7904 1
1590 11125 1
1590 2197 1
1590 2299 1
1590 5390 1
4044 5169 1
4044 7427 1
4044 1965 1
4044 10087 1
4044 1540 1
2928 2657 1
2928 8262 1
7427 5169 1
7427 4919 1
7427 2198 1
7427 7751 1
7427 1904 1
1664 10287 1
1664 6923 1
1664 6549 1
1664 5447 1
1664 6910 1
4919 7746 1
4919 7754 1
4919 2545 1
4919 8547 1
4919 2198 1
2304 1088 1
2304 5968 1
2304 5970 1
2304 3498 1
8274 1801 1
8274 4297 1
8274 6239 1
8274 10022 1
8274 7660 1
7239 2447 1
7239 5974 1
7239 8565 1
7239 6935 1
7239 4661 1
1336 6722 1
1336 2854 1
1336 9142 1
1336 10588 1
1336 6894 1
6244 8871 1
6244 7945 1
6244 3062 1
6244 7370 1
6244 2846 1
4357 2262 1
4357 6712 1
4357 5442 1
4357 8345 1
4357 6097 1
3397 1535 1
3397 4135 1
3397 8523 1
3397 10172 1
3397 5616 1
9941 596 1
9941 1953 1
9941 8319 1
9941 6642 1
9941 6927 1
6063 5169 1
6063 4919 1
6063 2198 1
6063 10062 1
6063 1904 1
3858 11060 1
3858 6876 1
3858 1958 1
3858 10874 1
3858 1535 1
5295 7992 1
5295 10020 1
5295 2791 1
5295 6529 1
5295 2395 1
3659 10031 1
3659 9218 1
3659 1341 1
3659 3926 1
3659 1229 1
8229 2020 1
8229 4357 1
8229 6391 1
8229 9605 1
8229 8153 1
4861 2447 1
4861 8274 1
4861 11132 1
4861 7371 1
4861 4661 1
8133 8731 1
8133 8401 1
8133 3914 1
8133 606 1
8133 3317 1
5759 7390 1
5759 1351 1
5759 7370 1
5759 3295 1
5759 9927 1
4941 1882 1
4941 4061 1
4941 8802 1
4941 6595 1
4941 8187 1
1958 10609 1
1958 6239 1
1958 6411 1
1958 4766 1
1958 6918 1
5639 8401 1
5639 414 1
5639 7297 1
5639 2044 1
5639 10309 1
3813 1739 1
3813 8013 1
3813 8565 1
3813 6097 1
3813 8523 1
8987 1801 1
8987 4264 1
8987 6525 1
8987 10123 1
8987 8054 1
398 2926 1
398 1275 1
398 811 1
398 2285 1
398 3572 1
8756 4871 1
8756 4432 1
8756 1877 1
8756 6642 1
8756 1341 1
5241 1785 1
5241 3971 1
5241 8345 1
5241 10041 1
5241 7379 1
10149 5443 1
10149 5016 1
10149 2083 1
10149 8071 1
10149 1341 1
1739 4661 1
1739 4892 1
1739 11006 1
1739 4238 1
1739 3813 1
8903 7193 1
8903 6991 1
8903 2854 1
8903 9358 1
8903 2532 1
7676 2192 1
7676 4563 1
7676 6910 1
7676 5439 1
7676 7806 1
10948 8802 1
10948 8395 1
10948 3409 1
10948 606 1
10948 2614 1
6288 7457 1
6288 6052 1
6288 2791 1
6288 9594 1
6288 2395 1
2198 4073 1
2198 2926 1
2198 7427 1
2198 2484 1
2198 1904 1
606 9278 1
606 2281 1
606 4954 1
606 2008 1
606 6062 1
5336 5169 1
5336 4919 1
5336 2198 1
5336 5978 1
5336 1904 1
6563 2121 1
6563 4661 1
6563 6722 1
6563 5611 1
6563 8992 1
9373 5971 1
9373 5569 1
9373 2238 1
9373 7091 1
9373 1958 1
4663 7494 1
4663 9011 1
4663 2791 1
4663 10628 1
4663 2395 1
2209 6099 1
2209 624 1
2209 3993 1
2209 1082 1
2209 8073 1
1904 3478 1
1904 9662 1
1904 2285 1
1904 2484 1
1904 7427 1
7193 8451 1
7193 6991 1
7193 2854 1
7193 8516 1
7193 2532 1
5966 8319 1
5966 10723 1
5966 3473 1
5966 606 1
5966 2854 1
10874 5971 1
10874 5569 1
10874 2238 1
10874 7091 1
10874 1958 1
1959 8716 1
1959 2262 1
1959 4941 1
1959 6918 1
1959 6059 1
3677 519 1
3677 970 1
3677 3237 1
3677 4547 1
3677 9158 1
4873 9110 1
4873 6459 1
4873 4135 1
4873 2175 1
4873 3761 1
6918 2112 1
6918 4747 1
6918 9218 1
6918 5611 1
6918 9939 1
4238 2402 1
4238 10886 1
4238 8506 1
4238 4474 1
4238 7159 1
9146 2262 1
9146 5016 1
9146 7676 1
9146 6061 1
9146 10886 1
11018 7299 1
11018 1531 1
11018 11068 1
11018 3533 1
11018 9333 1
10609 4817 1
10609 11006 1
10609 1564 1
10609 10158 1
10609 10869 1
384 9841 1
384 2535 1
384 3364 1
384 7682 1
384 3611 1
6076 10208 1
6076 525 1
6076 5230 1
6076 982 1
6076 4141 1
6894 2238 1
6894 5374 1
6894 8716 1
6894 6391 1
6894 9146 1
2395 6459 1
2395 5056 1
2395 1629 1
2395 9147 1
2395 6391 1
3678 1965 1
3678 10804 1
3678 6383 1
3678 5374 1
3678 4468 1
7359 1381 1
7359 3327 1
7359 4709 1
7359 10343 1
7359 6058 1
7768 1629 1
7768 4060 1
7768 6062 1
7768 10022 1
7768 7660 1
10551 1892 1
10551 4464 1
10551 6770 1
10551 10723 1
10551 8282 1
6052 3463 1
6052 10020 1
6052 1328 1
6052 6529 1
6052 10909 1
8506 2112 1
8506 4440 1
8506 6572 1
8506 11006 1
8506 8282 1
9223 7193 1
9223 6991 1
9223 2854 1
9223 10886 1
9223 2532 1
3383 2112 1
3383 6770 1
3383 6876 1
3383 9400 1
3383 6723 1
4610 4335 1
4610 5858 1
4610 1840 1
4610 5574 1
4610 10976 1
4297 2284 1
4297 10343 1
4297 10723 1
4297 5318 1
4297 9870 1
3812 6595 1
3812 3882 1
3812 2175 1
3812 10873 1
3812 1716 1
2112 9577 1
2112 6391 1
2112 2284 1
2112 10551 1
2112 3064 1
7902 5319 1
7902 1136 1
7902 1250 1
7902 6224 1
3705 5868 1
3705 1136 1
3705 4727 1
3705 1250 1
3705 5681 1
5451 4388 1
5451 1882 1
5451 10397 1
7920 2281 1
7920 5503 1
7920 6712 1
7805 9922 1
5277 5858 1
5277 8580 1
5277 1829 1
5277 4610 1
4454 3623 1
4454 6737 1
4454 11108 1
7746 5103 1
7746 2188 1
6787 8345 1
4468 9264 1
4468 7845 1
4468 6391 1
4468 2535 1
4042 393 1
4042 1662 1
1662 393 1
1662 4357 1
1662 5654 1
6239 5969 1
6239 5503 1
6239 2238 1
6239 11060 1
6239 1958 1
7885 2476 1
7457 3327 1
7457 10628 1
3170 5974 1
3170 7359 1
3170 2535 1
3170 8330 1
3170 2289 1
2344 8903 1
2344 3317 1
2344 4104 1
2344 7789 1
2344 2821 1
2324 1772 1
5616 8712 1
5616 5163 1
5616 2535 1
5616 9033 1
5616 2289 1
9591 6918 1
9591 2876 1
9591 2339 1
7945 2121 1
7945 4766 1
7945 7153 1
10135 10266 1
10135 537 1
10135 4199 1
10135 1025 1
10135 4104 1
1082 2573 1
9841 384 1
9841 2819 1
9841 6391 1
3882 10539 1
3882 2175 1
3882 3926 1
3882 1877 1
3473 7253 1
3473 8401 1
3473 6927 1
3473 606 1
3473 3317 1
1837 9490 1
1837 2114 1
1837 8079 1
1837 6923 1
10976 8580 1
4432 6255 1
4432 2466 1
4432 6737 1
4432 1877 1
4335 10976 1
4335 1829 1
3926 5443 1
3926 10031 1
3926 8071 1
3926 1688 1
4744 10233 1
4744 9147 1
4744 3678 1
4744 1029 1
4440 8506 1
4709 2614 1
4709 606 1
4709 2445 1
3073 4199 1
3073 7159 1
3073 4610 1
3073 887 1
3073 2876 1
9147 5534 1
9147 5246 1
9147 2736 1
9147 7857 1
10374 7992 1
10374 10882 1
10374 720 1
4141 10208 1
4141 6076 1
525 2842 1
525 6076 1
2979 2281 1
2979 3945 1
2979 8187 1
2979 9870 1
1564 2243 1
1564 3383 1
1564 2044 1
1564 4480 1
11068 1248 1
1531 5968 1
8484 4149 1
8484 10143 1
8484 1541 1
7299 11018 1
8935 6391 1
8935 6036 1
8935 2532 1
8935 7789 1
8935 2344 1
2008 606 1
2008 10976 1
4871 3659 1
4871 9438 1
4871 1716 1
4871 9358 1
4871 5443 1
2614 10723 1
2614 7768 1
2614 606 1
2614 2445 1
3409 1801 1
3409 5969 1
3409 6894 1
3409 4774 1
3971 2880 1
3971 5503 1
7297 296 1
414 4709 1
414 7845 1
1351 3295 1
1351 6118 1
8304 10792 1
11167 9011 1
11167 9131 1
11167 5277 1
11167 1829 1
11167 4610 1
1229 5709 1
1229 3017 1
1229 4128 1
1229 8133 1
7992 9594 1
7992 10588 1
7992 11129 1
6927 10691 1
6927 10673 1
6927 3317 1
6927 596 1
6927 2445 1
6097 2272 1
6097 5016 1
6097 9400 1
6097 9733 1
6097 8603 1
2262 8719 1
2262 5395 1
2262 6059 1
2262 2381 1
2262 3788 1
5534 10397 1
5534 7682 1
5534 6459 1
5534 2791 1
9142 2447 1
9142 5974 1
9142 8871 1
9142 6935 1
9142 4661 1
7506 2679 1
7506 10703 1
7506 5574 1
1088 6935 1
5447 1664 1
2197 1590 1
2197 2299 1
152 10350 1
152 9169 1
3097 5899 1
3097 2466 1
3097 8779 1
3097 2083 1
7695 2447 1
7695 5974 1
7695 8345 1
7695 6935 1
7695 4661 1
2024 7867 1
2024 1715 1
6460 4865 1
2332 4865 1
2332 7867 1
2332 3326 1
2332 8719 1
4674 4865 1
5894 6770 1
11006 2192 1
11006 4774 1
11006 7031 1
11006 5881 1
11006 8998 1
1953 596 1
1953 8319 1
1953 9941 1
1953 6927 1
5654 393 1
5654 4412 1
5654 1662 1
5654 4042 1
2362 4709 1
2362 8133 1
2362 606 1
2362 6595 1
5154 4382 1
10158 2842 1
10158 7193 1
10158 8516 1
10158 5831 1
3574 2112 1
3574 4536 1
3574 4357 1
3574 10723 1
3574 10609 1
5604 42 1
5604 7494 1
5604 1688 1
8073 865 1
8073 5815 1
1485 9605 1
531 6642 1
531 6036 1
10319 5970 1
10319 7945 1
9092 9733 1
9092 4356 1
5260 7530 1
1281 3517 1
1281 887 1
1281 3971 1
2099 8736 1
6491 3017 1
6491 6459 1
10172 6459 1
10172 5974 1
10172 2791 1
10172 7992 1
10172 2395 1
2453 6076 1
11040 2299 1
11040 6118 1
684 2299 1
6410 349 1
6708 7064 1
6708 2854 1
6708 7876 1
6708 2532 1
982 2121 1
982 7682 1
982 8871 1
811 5336 1
811 1275 1
811 2188 1
6572 2121 1
6572 4774 1
6572 6712 1
6572 5881 1
6572 8470 1
5313 2859 1
3175 9441 1
3175 4664 1
3175 2854 1
3175 7789 1
3175 2532 1
5783 8716 1
5783 5569 1
5783 2238 1
5783 5971 1
5783 1958 1
5374 2447 1
5374 10804 1
5374 7023 1
5374 8343 1
5374 4661 1
10691 10673 1
10691 8987 1
10691 3317 1
10691 2466 1
9290 8262 1
10350 180 1
10350 5574 1
10350 825 1
10350 4610 1
7660 10882 1
7660 7768 1
7660 2339 1
3570 10031 1
3570 2466 1
3570 3926 1
3570 1877 1
9296 6288 1
9296 5616 1
9296 2535 1
9296 7977 1
9296 2289 1
9033 6529 1
9033 6052 1
9033 2791 1
9033 8054 1
9033 2395 1
7806 6058 1
7806 2505 1
7806 10020 1
7806 2289 1
444 382 1
3788 1892 1
3788 5894 1
3788 4297 1
3788 5056 1
3788 9011 1
3720 7754 1
3720 7231 1
3720 2545 1
3720 2198 1
10673 8133 1
10673 10691 1
10673 3914 1
10673 606 1
10673 3317 1
3533 11018 1
9294 6410 1
9294 8345 1
4386 11052 1
4332 4605 1
8013 6910 1
8013 3344 1
8013 3062 1
4482 5559 1
4482 8762 1
4482 8385 1
4482 1428 1
4482 4480 1
10208 4141 1
10208 6076 1
7754 5103 1
7754 2198 1
7754 7746 1
7754 1904 1
5539 5230 1
5539 6036 1
5539 10882 1
10203 5569 1
5453 10158 1
5453 9502 1
5453 2854 1
5453 2532 1
10539 7845 1
10539 6737 1
10539 2595 1
10539 296 1
10539 2175 1
6642 3164 1
6642 8871 1
6642 982 1
6642 9788 1
5458 9223 1
5458 2854 1
5458 9438 1
5458 2532 1
2595 7229 1
2595 1877 1
2595 1341 1
4722 9158 1
2859 5313 1
10266 7457 1
10266 2880 1
5421 8395 1
5421 2859 1
1279 3993 1
11125 1590 1
11125 7904 1
6187 2162 1
393 5974 1
10209 4128 1
3625 8282 1
3625 3073 1
3625 887 1
3625 2876 1
9760 1389 1
9760 5503 1
5324 3073 1
5324 887 1
5324 2876 1
4097 7494 1
4097 6691 1
4097 8915 1
8546 9008 1
8546 9110 1
8546 4135 1
8546 2175 1
8546 3761 1
2926 4937 1
2926 2545 1
2926 2198 1
7639 8595 1
9275 1479 1
758 8565 1
758 8274 1
758 6052 1
758 718 1
4464 2447 1
4464 10886 1
4464 11132 1
4464 7920 1
4464 8229 1
349 9491 1
349 6410 1
349 1818 1
6888 296 1
6888 3386 1
6888 5709 1
8534 596 1
180 6770 1
180 4954 1
180 3326 1
2946 2447 1
2946 4861 1
2946 2979 1
2946 5442 1
2946 4264 1
3062 1739 1
3062 10374 1
3062 8153 1
3062 10792 1
5562 6552 1
5562 2573 1
5562 5969 1
624 2209 1
624 6099 1
2260 4941 1
6629 5319 1
6629 1136 1
6629 1250 1
6629 6224 1
9901 1082 1
5858 5277 1
5858 1829 1
5858 4610 1
3389 5868 1
3389 1136 1
3389 6552 1
3389 1250 1
3389 4146 1
1411 2846 1
687 1688 1
687 4128 1
8456 3623 1
8456 3993 1
8456 6737 1
8712 6529 1
8712 6052 1
8712 2791 1
8712 8054 1
8712 2395 1
532 8779 1
532 5191 1
532 4128 1
532 3097 1
1818 8524 1
10048 1772 1
3464 296 1
3464 606 1
3464 8719 1
3464 2466 1
3464 8229 1
6234 8071 1
6234 4149 1
6234 5246 1
10062 5169 1
10062 4919 1
10062 2198 1
10062 7754 1
10062 1904 1
3478 4937 1
3478 7231 1
3478 2198 1
3478 1904 1
2545 1331 1
2545 8277 1
2545 10158 1
5246 10233 1
5246 5442 1
5246 4149 1
5246 1428 1
5246 3517 1
6892 4073 1
6892 1331 1
8872 7751 1
8872 6892 1
8872 2545 1
8872 10062 1
8872 2198 1
2412 7885 1
2412 1082 1
2412 7299 1
2821 8935 1
2821 1688 1
2573 7885 1
2573 1082 1
2573 3457 1
8427 2178 1
8427 2339 1
8427 4578 1
8427 5970 1
7390 9787 1
7390 377 1
7390 5970 1
3275 10343 1
9333 11132 1
744 10850 1
335 3062 1
335 10912 1
335 10882 1
7378 5968 1
3288 4142 1
9872 7299 1
9872 2727 1
4146 5319 1
4146 982 1
4146 6224 1
1283 377 1
1283 2077 1
1283 444 1
5081 10248 1
86 1172 1
86 4534 1
8266 1762 1
11129 3062 1
11129 9033 1
11129 10723 1
11129 7370 1
8380 444 1
3164 8269 1
3164 3397 1
3164 4135 1
3164 8345 1
3164 2819 1
7221 5100 1
7221 9453 1
10202 7153 1
10202 6491 1
10202 2819 1
10202 8269 1
10202 2505 1
11039 3788 1
11039 8229 1
11039 1802 1
11039 7845 1
6101 5964 1
6101 5442 1
6101 1564 1
1137 152 1
1137 825 1
1137 10350 1
1137 7867 1
4937 10248 1
4937 2198 1
4937 1772 1
10808 3897 1
10808 10873 1
10808 10162 1
10808 10475 1
7294 10418 1
7294 6737 1
7294 2339 1
7294 2162 1
10162 2380 1
9339 1877 1
8516 7193 1
8516 6991 1
8516 2854 1
8516 9502 1
8516 2532 1
10541 2380 1
10850 4382 1
10850 4128 1
1443 9577 1
1443 7945 1
1443 2284 1
3897 1008 1
3897 2380 1
3897 10475 1
3897 9127 1
3897 10162 1
8451 7193 1
8451 6991 1
8451 2854 1
8451 11163 1
8451 2532 1
10087 2821 1
10087 398 1
10087 2484 1
9264 5204 1
9264 4865 1
9264 6642 1
6255 5241 1
6255 1877 1
11163 7193 1
11163 6991 1
11163 2854 1
11163 9223 1
11163 2532 1
4973 1762 1
4973 7415 1
11108 3623 1
11108 4454 1
11108 8802 1
7816 7229 1
7816 2595 1
7816 296 1
7816 2175 1
4135 6288 1
4135 9605 1
4135 6374 1
4135 9600 1
6526 5971 1
6526 5569 1
6526 2238 1
6526 7211 1
6526 1958 1
10616 8998 1
10616 1412 1
10616 7682 1
9876 9787 1
8832 10418 1
8832 10654 1
8832 982 1
5443 10654 1
5443 1341 1
5443 8779 1
505 4104 1
505 5534 1
505 7682 1
505 8345 1
9062 10976 1
9062 10909 1
9062 1802 1
9062 4335 1
1700 1360 1
5815 3373 1
5815 382 1
176 8935 1
176 1381 1
176 4128 1
9992 4356 1
9992 5230 1
1309 6621 1
1309 3659 1
8716 2192 1
8716 4774 1
8716 7031 1
8716 5881 1
8716 8719 1
3761 8410 1
3761 8565 1
3761 1806 1
3761 3572 1
7876 6036 1
7876 5515 1
7876 7228 1
7876 2195 1
720 3813 1
720 3344 1
720 10202 1
720 10235 1
4387 4427 1
4387 6960 1
4387 3344 1
4387 8670 1
10954 10031 1
10954 3767 1
10954 532 1
9575 2461 1
9575 9453 1
9575 4130 1
9575 5474 1
5460 10547 1
5460 7845 1
5460 2979 1
5460 537 1
11186 519 1
11186 10142 1
11186 10422 1
7505 2192 1
7505 5161 1
7505 9275 1
7505 6194 1
7505 8998 1
2301 2932 1
2301 2921 1
2301 2198 1
2301 7746 1
2301 1904 1
6648 6529 1
6648 6052 1
6648 2791 1
6648 8565 1
6648 2395 1
887 5574 1
887 7102 1
887 1892 1
3498 9777 1
3498 2179 1
3498 4222 1
3498 4458 1
1029 3678 1
1029 7253 1
1029 4527 1
1029 1025 1
9387 5898 1
9387 4801 1
9387 2339 1
9387 7662 1
9387 1944 1
9796 5336 1
9796 5103 1
9796 2198 1
5681 5319 1
5681 1136 1
5681 7885 1
5681 1250 1
5681 6224 1
10869 3748 1
10869 10874 1
10869 8282 1
10869 8716 1
4128 7845 1
4128 9185 1
9662 7231 1
9662 2484 1
9662 9358 1
9662 2198 1
972 1204 1
972 102 1
972 4480 1
972 8215 1
4673 377 1
4673 444 1
1381 7876 1
1381 8516 1
1381 6036 1
1381 9358 1
9600 3039 1
9600 7752 1
9600 1210 1
9600 9033 1
9600 6052 1
8731 9577 1
8731 10551 1
8731 3914 1
8731 606 1
8731 3317 1
5868 4727 1
5868 7123 1
5868 9939 1
6691 10418 1
6691 10856 1
6691 3733 1
6691 3086 1
7370 3197 1
7370 8187 1
7370 7945 1
7370 6459 1
6552 10938 1
6552 1767 1
6552 9901 1
6552 10425 1
10777 2281 1
10777 5597 1
10777 8603 1
10777 6737 1
9131 2077 1
9131 11167 1
7303 337 1
7303 9158 1
7303 8666 1
4834 5005 1
4834 807 1
4834 5441 1
4834 2380 1
4011 1008 1
8126 8883 1
8126 1681 1
8126 4914 1
8126 6118 1
10292 4766 1
10292 10792 1
10292 1564 1
10292 10434 1
10292 11006 1
10235 10551 1
10235 1664 1
3890 9251 1
3890 337 1
3890 8666 1
3890 7303 1
1882 2932 1
1059 5970 1
1059 9577 1
1059 10397 1
1059 718 1
1059 2322 1
2188 3699 1
2188 2821 1
2188 2484 1
2188 1904 1
10418 6036 1
10418 1749 1
10418 7992 1
10418 1688 1
1365 3584 1
1365 11068 1
1365 8401 1
10179 6052 1
10179 5295 1
10179 2395 1
10179 7843 1
10179 2243 1
6498 8316 1
6498 537 1
6498 4199 1
6498 1025 1
6498 4104 1
4862 4829 1
4862 10222 1
4862 1535 1
4862 9427 1
4862 6890 1
370 10215 1
370 4128 1
2975 2121 1
2975 8523 1
2975 5355 1
2975 9146 1
8883 10591 1
8883 4196 1
2339 7753 1
2339 9591 1
2339 3373 1
5204 10287 1
5204 9264 1
5204 3761 1
5204 5534 1
10142 10422 1
10142 5522 1
8915 4097 1
8915 5968 1
8915 6980 1
8915 7530 1
6723 5971 1
6723 5569 1
6723 2238 1
6723 8470 1
6723 1958 1
1406 5496 1
1406 3092 1
1406 6970 1
10792 1739 1
10792 6239 1
10792 9605 1
10792 7663 1
9491 3024 1
9491 349 1
9491 6057 1
9491 4840 1
10309 414 1
10309 5639 1
10309 2044 1
10309 7297 1
6194 2284 1
6194 5574 1
6194 6894 1
6194 7239 1
6194 7676 1
4149 4142 1
4149 1705 1
4149 8871 1
4149 10418 1
2880 1336 1
2880 10292 1
2880 9131 1
2880 3523 1
8651 9245 1
2020 7239 1
2020 8987 1
2020 11006 1
2020 5969 1
2020 2272 1
6135 1975 1
6135 2356 1
6135 5569 1
1197 10869 1
1197 6239 1
1197 3858 1
1197 11170 1
1197 6411 1
7259 10586 1
7259 9094 1
10909 9011 1
10909 9131 1
10909 5277 1
10909 1829 1
10909 4610 1
2679 7506 1
2679 4511 1
2679 5574 1
2679 10703 1
382 1270 1
6118 10260 1
6118 5750 1
6118 8073 1
6118 1749 1
10233 9007 1
10233 8385 1
10233 3569 1
10233 1009 1
4472 7582 1
4472 8300 1
4472 3914 1
4472 1535 1
4472 3678 1
10804 2447 1
10804 5925 1
10804 8736 1
10804 6910 1
10804 4563 1
8759 2402 1
8759 5881 1
8759 9218 1
8759 6918 1
8759 4536 1
10628 6459 1
10628 5974 1
10628 2791 1
10628 7992 1
10628 2395 1
8992 11039 1
8992 1715 1
8992 3788 1
7977 4018 1
7977 11132 1
7977 1519 1
7977 9011 1
7977 10022 1
3862 5048 1
3862 7494 1
3862 2791 1
3862 6288 1
3862 2395 1
10031 3364 1
10031 9185 1
10031 10539 1
10031 7215 1
8385 10233 1
8385 4480 1
8385 1428 1
8385 3275 1
1801 10804 1
1801 4382 1
1801 11006 1
1801 5974 1
1801 3813 1
8395 6584 1
8395 5906 1
8395 2089 1
8395 8281 1
8395 1716 1
5103 2198 1
5103 10087 1
5103 1904 1
3457 4028 1
3457 8753 1
3457 2573 1
3457 4842 1
1091 7177 1
1091 4149 1
1091 8071 1
3560 5969 1
3560 5442 1
3560 2238 1
3560 7702 1
3560 1958 1
8580 9131 1
8580 9011 1
8580 5277 1
8580 1829 1
8580 4610 1
10625 10610 1
10625 1664 1
9072 7229 1
9072 8961 1
9072 5894 1
10422 519 1
10422 970 1
10422 11186 1
10422 8378 1
10422 10142 1
8882 5971 1
8882 5569 1
8882 2238 1
8882 7091 1
8882 1958 1
10528 9007 1
10528 1406 1
10528 6970 1
7313 9008 1
7313 9092 1
7313 2846 1
7313 8871 1
7313 2438 1
2348 4605 1
2348 6410 1
4817 7419 1
4817 3132 1
4817 10550 1
4817 3943 1
4817 10609 1
5640 377 1
5640 7911 1
5640 444 1
9817 9387 1
9817 8282 1
9817 3073 1
9817 887 1
9817 2876 1
4168 1403 1
4168 8997 1
4168 3931 1
4168 5968 1
4842 5899 1
4842 1767 1
6938 5586 1
6938 5293 1
6938 2083 1
6938 7229 1
6938 1877 1
8330 6529 1
8330 6052 1
8330 2791 1
8330 8054 1
8330 2395 1
4030 1513 1
4030 9575 1
4030 5463 1
2384 606 1
2384 2560 1
2384 6491 1
2384 4180 1
2384 8719 1
3611 3364 1
3611 9605 1
3611 6391 1
3611 7977 1
3064 2238 1
3064 9400 1
3064 3914 1
3064 3574 1
8002 5410 1
8002 5103 1
8002 2198 1
8002 1904 1
5831 5169 1
5831 4919 1
5831 2198 1
5831 1904 1
3362 5971 1
3362 3383 1
3362 2238 1
3362 10434 1
3362 1958 1
6058 10179 1
6058 6052 1
6058 2791 1
6058 11129 1
6058 2395 1
4412 6513 1
4412 393 1
4412 1662 1
4412 4042 1
7275 5277 1
7275 1829 1
7275 4610 1
6876 5971 1
6876 5569 1
6876 2238 1
6876 8470 1
6876 1958 1
5230 9092 1
3373 8935 1
3373 6737 1
3373 10654 1
3373 2344 1
8281 9594 1
8281 414 1
8281 1873 1
9927 1172 1
9927 10678 1
9927 10609 1
9261 1535 1
9261 6973 1
4976 3290 1
4976 9870 1
4727 5319 1
4727 1136 1
4727 7902 1
4727 1250 1
9594 4128 1
9594 1785 1
9594 8756 1
9594 9033 1
10020 6058 1
10020 5616 1
10020 2535 1
10020 2289 1
1715 4604 1
1715 11039 1
1715 10263 1
6224 6629 1
6224 800 1
6224 1136 1
6224 3926 1
4578 5970 1
4578 2178 1
4578 8806 1
4578 8427 1
1275 5336 1
1275 8911 1
1275 9796 1
1275 2188 1
5390 1590 1
5390 2197 1
5390 7904 1
2921 8277 1
2921 2198 1
2921 9899 1
2921 1904 1
6565 5277 1
6565 1829 1
6565 4610 1
5437 5481 1
5437 775 1
5437 8013 1
5437 1407 1
5437 5225 1
2145 4305 1
2145 4737 1
2145 5178 1
2145 2015 1
4766 5792 1
4766 7505 1
4766 10041 1
5584 1780 1
5584 6466 1
5163 4104 1
5163 7676 1
5163 1629 1
5163 6033 1
5163 10135 1
9278 2381 1
9278 5792 1
9278 8719 1
9278 6910 1
9278 4483 1
5188 5858 1
5188 1829 1
5188 4610 1
9788 5472 1
9788 9787 1
9788 2461 1
5299 11095 1
5299 484 1
5299 1607 1
5299 10967 1
11060 5569 1
11060 4862 1
11060 6876 1
11060 1564 1
3653 5007 1
3653 9555 1
3653 8960 1
3653 3424 1
1688 5453 1
1688 2854 1
1688 3373 1
1688 4308 1
1688 2532 1
865 7637 1
865 8226 1
865 7596 1
865 1479 1
865 5762 1
42 10874 1
42 3362 1
42 414 1
42 5964 1
42 4606 1
10974 10343 1
10974 9593 1
6036 4256 1
6036 1556 1
6036 9092 1
49 8368 1
49 2880 1
49 9011 1
49 10504 1
49 1088 1
7379 2447 1
7379 5974 1
7379 7867 1
7379 6935 1
7379 4661 1
9025 5539 1
9025 1443 1
9025 5100 1
4073 7231 1
4073 6192 1
4073 2198 1
4073 7814 1
4073 1904 1
8188 4664 1
8188 49 1
8188 9872 1
8188 1921 1
8188 7530 1
9011 1412 1
9011 3386 1
9011 4828 1
9011 9733 1
9011 6058 1
9852 1331 1
9852 2854 1
9852 8935 1
9852 9441 1
8045 9358 1
8045 9662 1
10248 8755 1
10248 3931 1
10248 767 1
3295 1351 1
3295 5759 1
3295 7283 1
2285 4073 1
2285 5978 1
2285 398 1
2285 2860 1
4511 2679 1
4511 7506 1
4511 10703 1
4511 5574 1
8626 116 1
8626 1281 1
8626 3812 1
8626 7415 1
7415 1762 1
7415 8626 1
7415 9573 1
7415 11064 1
2372 10391 1
2372 1162 1
2372 8987 1
2372 1443 1
2372 2901 1
10143 5117 1
10143 4941 1
10143 1541 1
10678 10158 1
10678 4937 1
10678 1700 1
10678 3931 1
7088 10032 1
7088 5673 1
7088 596 1
2703 10998 1
2703 596 1
2703 9175 1
2703 1297 1
2703 7314 1
6489 5184 1
6489 2493 1
6489 6959 1
6489 2285 1
3197 3914 1
3197 10318 1
3197 2943 1
3197 8187 1
3197 2339 1
10413 4877 1
10413 6491 1
537 10804 1
537 1233 1
537 5442 1
537 9264 1
537 606 1
4199 2819 1
4199 4563 1
4199 5974 1
4199 4239 1
6786 7064 1
6786 6923 1
6786 2854 1
6786 7876 1
6786 2532 1
1025 7253 1
1025 8269 1
1025 6033 1
1025 3317 1
1025 4135 1
1540 7294 1
1540 102 1
1540 7768 1
1540 972 1
1540 2339 1
9913 2077 1
8277 5169 1
8277 4919 1
8277 2198 1
8277 7754 1
8277 1904 1
9100 5534 1
9100 5016 1
9100 2192 1
9100 7845 1
9100 2077 1
1829 9062 1
1829 7275 1
1829 5188 1
1829 4610 1
10882 7998 1
