9375 6294 1
9375 2022 1
9375 10515 1
9375 2956 1
9375 8788 1
2956 7435 1
2956 2022 1
2956 4765 1
2956 7296 1
2956 6294 1
6294 7296 1
6294 2022 1
6294 8986 1
6294 2956 1
6294 7435 1
2022 10515 1
2022 7296 1
2022 11175 1
2022 10502 1
2022 5843 1
8788 6294 1
8788 2022 1
8788 8986 1
8788 2956 1
8788 10502 1
10515 6294 1
10515 2022 1
10515 11175 1
10515 2956 1
10515 8788 1
10502 6294 1
10502 2022 1
10502 10515 1
10502 2956 1
10502 8788 1
11175 6294 1
11175 2022 1
11175 10515 1
11175 2956 1
11175 8788 1
8986 6294 1
8986 2022 1
8986 10928 1
8986 2956 1
8986 8788 1
7435 6294 1
7435 2022 1
7435 8986 1
7435 2956 1
7435 10515 1
7296 6294 1
7296 2022 1
7296 8986 1
7296 2956 1
7296 7435 1
4765 10515 1
4765 2022 1
4765 8986 1
4765 2956 1
4765 5843 1
5843 10502 1
5843 2022 1
5843 8986 1
5843 2956 1
5843 10928 1
10928 6294 1
10928 2022 1
10928 10515 1
10928 2956 1
10928 8788 1
