3927 1759 1
1759 4924 1
1759 6452 1
1759 10233 1
1759 9007 1
1759 5953 1
10233 1759 1
10233 9621 1
10233 1428 1
10233 4776 1
10233 9007 1
5953 7135 1
5953 9007 1
5953 8382 1
5953 9577 1
5953 2848 1
4924 1759 1
4924 6452 1
6452 1759 1
6452 4924 1
9007 1783 1
9007 8993 1
9007 1535 1
9007 9427 1
9007 8385 1
1783 9007 1
1783 4993 1
1783 10212 1
1783 2948 1
1783 7168 1
8382 8592 1
8382 5953 1
8382 9139 1
8382 2848 1
8382 3797 1
8385 2627 1
8385 10528 1
8385 1564 1
8385 5442 1
8385 4482 1
9427 7484 1
9427 2071 1
9427 232 1
9427 6910 1
9427 11170 1
1535 2734 1
1535 9278 1
1535 232 1
1535 10869 1
1535 8523 1
8993 5442 1
8993 7710 1
8993 3569 1
8993 4776 1
8993 7147 1
1428 4606 1
1428 5246 1
1428 4482 1
1428 4776 1
1428 1564 1
4776 709 1
4776 3478 1
4776 452 1
4776 4073 1
4776 6737 1
9621 5971 1
9621 9030 1
9621 2804 1
9621 5360 1
9621 7582 1
7135 10551 1
7135 10022 1
7135 9577 1
7135 5953 1
9577 7660 1
9577 2044 1
9577 224 1
9577 7153 1
9577 8716 1
2848 1229 1
2848 3659 1
2848 830 1
2848 8767 1
2848 4810 1
7660 1748 1
7660 7945 1
7660 758 1
7660 8987 1
7660 10882 1
4073 811 1
4073 7751 1
4073 452 1
4073 8547 1
4073 7231 1
2804 9621 1
2804 3517 1
2804 7460 1
2804 7988 1
2804 10970 1
9139 8382 1
9139 5953 1
9139 8592 1
9139 2848 1
9139 3797 1
8716 8316 1
8716 2262 1
8716 232 1
8716 7618 1
8716 9400 1
3478 811 1
3478 10062 1
3478 452 1
3478 4776 1
3478 4937 1
10528 985 1
10528 3517 1
10528 472 1
10528 4149 1
10528 5906 1
5442 6194 1
5442 1739 1
5442 232 1
5442 6329 1
5442 7945 1
3797 9139 1
3797 8592 1
3797 8382 1
3797 1759 1
3797 2848 1
4482 2957 1
4482 9147 1
4482 1564 1
4482 4830 1
4482 4744 1
2734 3482 1
2734 2262 1
2734 258 1
2734 4474 1
2734 5881 1
11170 899 1
11170 6239 1
11170 440 1
11170 6723 1
11170 10123 1
7484 9165 1
7484 2658 1
7484 258 1
7484 8523 1
7484 8506 1
10022 8802 1
10022 2272 1
10022 161 1
10022 8233 1
10022 10318 1
4993 1783 1
4993 10212 1
4993 8707 1
9278 10041 1
9278 2505 1
9278 258 1
9278 9733 1
9278 10804 1
7147 1132 1
7147 3730 1
7147 779 1
7147 4410 1
7147 6392 1
2071 899 1
2071 10874 1
2071 440 1
2071 6722 1
2071 3574 1
10212 9612 1
10212 10037 1
10212 4993 1
10212 8707 1
10212 1012 1
1564 2402 1
1564 7239 1
1564 232 1
1564 2381 1
1564 2552 1
7153 2284 1
7153 7400 1
7153 758 1
7153 6052 1
7153 8187 1
1229 547 1
1229 6737 1
1229 295 1
1229 2083 1
1229 7321 1
3659 830 1
3659 4871 1
3659 296 1
3659 4128 1
3659 11195 1
8767 522 1
8767 3914 1
8767 296 1
8767 4730 1
8767 6642 1
4810 853 1
4810 10149 1
4810 296 1
4810 7229 1
4810 6938 1
8523 8229 1
8523 2238 1
8523 232 1
8523 7505 1
8523 11006 1
6737 4828 1
6737 1363 1
6737 10792 1
6737 4483 1
6737 7789 1
7168 6750 1
7168 5457 1
7168 10277 1
7168 136 1
7168 1783 1
8592 6243 1
8592 7259 1
8592 3797 1
8592 10233 1
8592 9307 1
2948 3266 1
2948 9007 1
2948 10245 1
2948 863 1
2948 1783 1
232 6549 1
232 4862 1
232 9218 1
232 3678 1
232 3523 1
3569 4776 1
3569 8345 1
3569 5442 1
3569 3623 1
3569 6737 1
10869 629 1
10869 3993 1
10869 367 1
10869 4829 1
10869 6890 1
4606 730 1
4606 4119 1
4606 440 1
4606 9998 1
4606 6239 1
7710 2736 1
7710 7857 1
7710 1564 1
7710 5442 1
7710 4482 1
830 8071 1
830 4432 1
830 532 1
830 3237 1
830 3914 1
5971 621 1
5971 4119 1
5971 357 1
5971 4830 1
5971 6876 1
5360 1368 1
5360 8246 1
5360 1066 1
5360 8398 1
5360 6825 1
6910 7484 1
6910 2381 1
6910 232 1
6910 10551 1
6910 9870 1
2627 6861 1
2627 3194 1
2627 9923 1
2627 3275 1
2627 6487 1
5246 2736 1
5246 8358 1
5246 1535 1
5246 5016 1
5246 10233 1
452 3099 1
452 707 1
452 7427 1
452 2484 1
452 8002 1
9030 9621 1
9030 7508 1
9030 7424 1
9030 6083 1
7582 730 1
7582 5318 1
7582 357 1
7582 6101 1
7582 10292 1
10551 7660 1
10551 2044 1
10551 224 1
10551 7159 1
10551 8716 1
2044 7379 1
2044 8716 1
2044 85 1
2044 9427 1
2044 10726 1
224 2322 1
224 7153 1
224 5515 1
224 7400 1
224 8871 1
709 2198 1
709 10062 1
709 584 1
709 3699 1
709 6111 1
296 6770 1
296 10343 1
296 2819 1
296 10873 1
296 4298 1
7460 5503 1
7460 2501 1
7460 3517 1
7460 9168 1
7460 1281 1
4128 532 1
4128 3572 1
4128 296 1
4128 4003 1
4128 4196 1
3730 2988 1
3730 6787 1
3730 2249 1
3730 7922 1
3730 8927 1
8506 7676 1
8506 2238 1
8506 216 1
8506 7031 1
8506 8730 1
295 8731 1
295 5472 1
295 6927 1
295 10691 1
295 1716 1
4474 10158 1
4474 2262 1
4474 258 1
4474 6099 1
4474 9605 1
10245 3266 1
10245 2948 1
10245 9007 1
10245 863 1
10245 1783 1
3678 3914 1
3678 2112 1
3678 258 1
3678 10004 1
3678 9605 1
7857 2195 1
7857 9007 1
7857 1564 1
7857 5559 1
7857 4606 1
2484 1965 1
2484 2795 1
2484 584 1
2484 5103 1
2484 8547 1
547 8687 1
547 7139 1
547 5256 1
547 4069 1
547 7740 1
2736 1564 1
2736 4830 1
2736 987 1
2736 4606 1
2736 5241 1
7400 2284 1
7400 7783 1
7400 758 1
7400 5974 1
7400 8912 1
1012 7439 1
1012 2923 1
1012 2052 1
1012 10830 1
1012 8707 1
7321 1716 1
7321 10948 1
7321 965 1
7321 5966 1
7321 3993 1
8316 5616 1
8316 1681 1
8316 9033 1
8316 5295 1
8316 10172 1
2083 1229 1
2083 4432 1
2083 830 1
2083 5503 1
2083 3812 1
10037 5248 1
10037 3298 1
10037 10212 1
10037 286 1
10037 2923 1
8246 1986 1
8246 2492 1
8246 1326 1
8246 6023 1
8246 3494 1
3574 5964 1
3574 2238 1
3574 232 1
3574 4382 1
3574 6723 1
10874 899 1
10874 6329 1
10874 440 1
10874 6876 1
10874 10609 1
10277 7168 1
10277 6760 1
10277 6750 1
10277 136 1
4410 7147 1
4410 6642 1
4410 4104 1
4410 9788 1
4410 6737 1
8987 7370 1
8987 2020 1
8987 224 1
8987 6935 1
8987 10726 1
629 1412 1
629 2112 1
629 232 1
629 4464 1
629 10022 1
779 8345 1
779 2932 1
779 9788 1
779 10496 1
779 7922 1
1132 830 1
1132 3812 1
1132 296 1
1132 2418 1
1132 6327 1
9733 8343 1
9733 2243 1
9733 232 1
9733 7663 1
9733 9400 1
6549 8719 1
6549 2262 1
6549 258 1
6549 10886 1
6549 7064 1
2505 4747 1
2505 2121 1
2505 232 1
2505 7945 1
2505 4018 1
3699 811 1
3699 7755 1
3699 452 1
3699 4073 1
3699 7751 1
10041 10792 1
10041 2402 1
10041 240 1
10041 9142 1
10041 9278 1
3275 2119 1
3275 7281 1
3275 1064 1
3275 10397 1
3275 6671 1
2402 6910 1
2402 2571 1
2402 258 1
2402 4941 1
2402 8153 1
8707 5994 1
8707 10830 1
8707 2923 1
8707 5248 1
8707 9612 1
10804 10343 1
10804 2658 1
10804 258 1
10804 9278 1
10804 9545 1
8233 9278 1
8233 2262 1
8233 232 1
8233 7676 1
8233 10004 1
472 5906 1
472 2691 1
472 2058 1
472 10397 1
472 5117 1
6243 2691 1
6243 9318 1
6243 1748 1
6243 8349 1
6243 5498 1
2272 6910 1
2272 4477 1
2272 258 1
2272 4941 1
2272 8153 1
8802 8274 1
8802 2243 1
8802 232 1
8802 7505 1
8802 9577 1
10792 7084 1
10792 1892 1
10792 85 1
10792 6642 1
10792 10041 1
8187 7091 1
8187 1959 1
8187 224 1
8187 6715 1
8187 9011 1
7988 5107 1
7988 7271 1
7988 2112 1
7988 10908 1
7988 10066 1
7789 2081 1
7789 7359 1
7789 1381 1
7789 8095 1
7789 7193 1
2658 8998 1
2658 2262 1
2658 180 1
2658 7031 1
2658 6097 1
1066 6410 1
1066 2671 1
1066 830 1
1066 9544 1
1066 6293 1
2552 899 1
2552 8282 1
2552 440 1
2552 5503 1
2552 6101 1
6723 899 1
6723 6329 1
6723 440 1
6723 6918 1
6723 7618 1
1748 6087 1
1748 3343 1
1748 1502 1
1748 4499 1
1748 8091 1
899 2816 1
899 5503 1
899 440 1
899 2194 1
899 6101 1
7379 9146 1
7379 2658 1
7379 258 1
7379 9545 1
7379 10588 1
6194 8998 1
6194 2447 1
6194 258 1
6194 10041 1
6194 7091 1
10970 8736 1
10970 11060 1
10970 3659 1
10970 7281 1
10970 11064 1
6052 718 1
6052 3611 1
6052 360 1
6052 4135 1
6052 8712 1
3266 9007 1
3266 2948 1
3266 10245 1
3266 863 1
3266 1783 1
10318 8187 1
10318 2192 1
10318 232 1
10318 7494 1
10318 9092 1
4149 1152 1
4149 5906 1
4149 667 1
4149 5926 1
4149 11129 1
1363 3197 1
1363 1557 1
1363 3397 1
1363 5163 1
1363 1944 1
5906 982 1
5906 3597 1
5906 555 1
5906 4321 1
5906 5978 1
6329 761 1
6329 4862 1
6329 440 1
6329 5969 1
6329 6491 1
6239 899 1
6239 10434 1
6239 440 1
6239 11006 1
6239 6329 1
8229 7379 1
8229 2097 1
8229 237 1
8229 6910 1
8229 8233 1
2262 6910 1
2262 8736 1
2262 258 1
2262 4941 1
2262 8153 1
758 6923 1
758 10235 1
758 10882 1
758 10318 1
758 8565 1
4937 811 1
4937 9245 1
4937 452 1
4937 4941 1
4937 5103 1
161 5906 1
161 8807 1
161 3597 1
161 5244 1
161 4818 1
6111 1275 1
6111 7746 1
6111 584 1
6111 8277 1
6111 7754 1
2198 811 1
2198 7814 1
2198 452 1
2198 8364 1
2198 4073 1
8871 7313 1
8871 1801 1
8871 180 1
8871 6737 1
8871 10588 1
10726 10792 1
10726 2658 1
10726 258 1
10726 9577 1
10726 9939 1
8398 1600 1
8398 3103 1
8398 1202 1
8398 6086 1
8398 5033 1
85 6910 1
85 8716 1
85 8961 1
85 5881 1
85 9870 1
7159 8716 1
7159 2020 1
7159 232 1
7159 6834 1
7159 9870 1
10292 730 1
10292 5318 1
10292 377 1
10292 6239 1
10292 8470 1
1368 5573 1
1368 1727 1
1368 1326 1
1368 3748 1
1368 5080 1
6101 730 1
6101 6073 1
6101 357 1
6101 11006 1
6101 9373 1
3482 1892 1
3482 6505 1
3482 944 1
3482 6422 1
3482 6223 1
5318 11060 1
5318 2262 1
5318 232 1
5318 6910 1
5318 9015 1
6083 7508 1
6083 9430 1
6083 9030 1
6083 1238 1
6083 1565 1
7508 6083 1
7508 9030 1
6392 3064 1
6392 9397 1
6392 1944 1
6392 8754 1
6392 4239 1
621 5016 1
621 10091 1
621 3623 1
621 8762 1
621 5246 1
3099 811 1
3099 10849 1
3099 452 1
3099 3720 1
3099 8277 1
3194 6487 1
3194 2627 1
3194 6861 1
3194 1506 1
3194 1618 1
1739 6910 1
1739 3644 1
1739 258 1
1739 6563 1
1739 5597 1
6487 3194 1
6487 2627 1
6487 6861 1
6487 1506 1
6487 1618 1
9870 9218 1
9870 2281 1
9870 258 1
9870 8603 1
9870 11006 1
357 6723 1
357 8274 1
357 232 1
357 7530 1
357 11006 1
8071 1132 1
8071 6328 1
8071 830 1
8071 7816 1
8071 6234 1
9998 899 1
9998 6329 1
9998 440 1
9998 6876 1
9998 10292 1
2238 7530 1
2238 2121 1
2238 180 1
2238 4941 1
2238 5881 1
4119 482 1
4119 3858 1
4119 232 1
4119 10306 1
4119 8274 1
3237 976 1
3237 5191 1
3237 532 1
3237 3812 1
3237 4547 1
4829 899 1
4829 10292 1
4829 440 1
4829 6491 1
4829 6876 1
367 9104 1
367 6293 1
367 649 1
367 1066 1
367 2492 1
3993 8470 1
3993 1412 1
3993 5439 1
3993 7379 1
3993 9146 1
5016 980 1
5016 3611 1
5016 537 1
5016 4115 1
5016 10528 1
3623 2008 1
3623 7147 1
3623 1252 1
3623 8229 1
3623 9865 1
584 2285 1
584 2198 1
584 452 1
584 2484 1
584 3215 1
8345 6059 1
8345 1785 1
8345 258 1
8345 5574 1
8345 10022 1
3523 7530 1
3523 2262 1
3523 232 1
3523 3914 1
3523 7084 1
9218 8071 1
9218 2083 1
9218 209 1
9218 7239 1
9218 9141 1
7427 811 1
7427 5831 1
7427 452 1
7427 7231 1
7427 5169 1
4862 629 1
4862 8716 1
4862 319 1
4862 10282 1
4862 10609 1
5457 6760 1
5457 7168 1
6750 7168 1
6750 5441 1
6750 10277 1
6750 136 1
6750 700 1
4483 10726 1
4483 2658 1
4483 258 1
4483 4536 1
4483 5574 1
4828 617 1
4828 8013 1
4828 369 1
4828 9319 1
4828 9011 1
11006 8343 1
11006 2262 1
11006 232 1
11006 7663 1
11006 9427 1
7424 9030 1
7618 899 1
7618 6329 1
7618 440 1
7618 6876 1
7618 11170 1
7505 11054 1
7505 2262 1
7505 232 1
7505 8802 1
7505 8153 1
5515 6770 1
5515 5687 1
5515 3302 1
5515 9931 1
5515 296 1
6722 7867 1
6722 2262 1
6722 232 1
6722 6770 1
6722 10123 1
9923 2729 1
9923 3683 1
9923 1727 1
9923 9980 1
9923 8117 1
6938 976 1
6938 6328 1
6938 615 1
6938 10149 1
6938 5586 1
7229 976 1
7229 4947 1
7229 414 1
7229 6077 1
7229 7816 1
853 9218 1
853 2083 1
853 414 1
853 5241 1
853 1229 1
9307 7169 1
9307 5996 1
9307 9756 1
9307 977 1
9307 1637 1
4730 1229 1
4730 6595 1
4730 830 1
4730 5241 1
4730 6328 1
3914 6572 1
3914 1664 1
3914 180 1
3914 4464 1
3914 8020 1
730 648 1
730 6526 1
730 440 1
730 10434 1
730 9681 1
2322 2162 1
2322 7153 1
2322 758 1
2322 9011 1
2322 4135 1
6890 899 1
6890 6329 1
6890 440 1
6890 6876 1
6890 7582 1
522 10394 1
522 1435 1
522 10031 1
522 8952 1
522 8767 1
11195 3659 1
11195 6801 1
258 2020 1
258 5374 1
258 6061 1
258 3574 1
258 3022 1
6825 4586 1
6825 10688 1
6825 2227 1
6825 10555 1
6825 7210 1
811 7427 1
811 8547 1
811 584 1
811 2545 1
811 5336 1
10123 6525 1
10123 1801 1
10123 180 1
10123 6061 1
10123 9142 1
4830 1564 1
4830 9427 1
4830 987 1
4830 6383 1
4830 6346 1
4432 1132 1
4432 5293 1
4432 532 1
4432 5191 1
4432 5360 1
9400 10777 1
9400 2505 1
9400 258 1
9400 9011 1
9400 9165 1
7945 10287 1
7945 2192 1
7945 232 1
7945 7660 1
7945 9473 1
4744 2175 1
4744 5241 1
4744 1428 1
4744 8565 1
4744 10233 1
10062 811 1
10062 5831 1
10062 452 1
10062 7231 1
10062 5169 1
440 8716 1
440 10434 1
440 6918 1
440 11170 1
440 3060 1
8002 964 1
8002 6111 1
8002 584 1
8002 7755 1
8002 5410 1
8358 6234 1
8358 5246 1
8358 8071 1
8358 4149 1
8358 5130 1
10149 853 1
10149 6099 1
10149 296 1
10149 7098 1
10149 5443 1
2957 4480 1
2957 3517 1
2957 1564 1
2957 10528 1
2957 5971 1
9165 10004 1
9165 2505 1
9165 232 1
9165 9142 1
9165 9473 1
3517 7091 1
3517 2192 1
3517 258 1
3517 10041 1
3517 8603 1
532 10123 1
532 9072 1
532 2819 1
532 6328 1
532 8779 1
9612 7439 1
9612 5994 1
9612 10212 1
9612 2052 1
9612 2923 1
136 6750 1
136 10277 1
136 7168 1
136 6760 1
10882 335 1
10882 3094 1
10882 224 1
10882 10411 1
10882 10759 1
863 10245 1
863 2948 1
863 9007 1
863 3266 1
863 1783 1
7231 811 1
7231 5831 1
7231 452 1
7231 7427 1
7231 5169 1
9147 1535 1
9147 5971 1
9147 987 1
9147 7591 1
9147 5534 1
2381 6910 1
2381 8716 1
2381 258 1
2381 3022 1
2381 8153 1
4871 853 1
4871 3882 1
4871 296 1
4871 4631 1
4871 8285 1
6861 9098 1
6861 7887 1
6861 3194 1
6861 6487 1
6861 10046 1
2284 8736 1
2284 1785 1
2284 85 1
2284 7660 1
2284 3957 1
7259 6405 1
7259 7874 1
7259 4262 1
7259 8959 1
7259 10654 1
7751 1275 1
7751 9761 1
7751 584 1
7751 8547 1
7751 8872 1
8547 811 1
8547 5831 1
8547 452 1
8547 7231 1
8547 5169 1
985 2831 1
985 2691 1
985 5637 1
985 9374 1
985 1406 1
5881 7530 1
5881 2381 1
5881 258 1
5881 8239 1
5881 8506 1
707 7212 1
707 2198 1
707 452 1
707 2484 1
707 2188 1
6876 899 1
6876 6329 1
6876 440 1
6876 6918 1
6876 7582 1
7239 9146 1
7239 2658 1
7239 258 1
7239 8523 1
7239 8506 1
6642 414 1
6642 3364 1
6642 281 1
6642 4128 1
6642 6491 1
537 3957 1
537 2936 1
537 258 1
537 7091 1
537 2970 1
8020 1716 1
8020 10551 1
8020 965 1
8020 5966 1
8020 3993 1
1664 6097 1
1664 4661 1
1664 232 1
1664 11006 1
1664 4536 1
6572 9400 1
6572 2243 1
6572 232 1
6572 6770 1
6572 8303 1
6595 6391 1
6595 1739 1
6595 180 1
6595 5974 1
6595 7867 1
414 319 1
414 1132 1
414 176 1
414 7074 1
414 4828 1
5586 5107 1
5586 7188 1
5586 2731 1
5586 3882 1
5586 10149 1
8117 1341 1
8117 9925 1
8117 830 1
8117 9983 1
8117 10869 1
7867 9141 1
7867 2121 1
7867 240 1
7867 7505 1
7867 10004 1
9931 7876 1
9931 11097 1
9931 5792 1
9931 7362 1
9931 9014 1
369 3788 1
369 10353 1
369 10022 1
369 4382 1
369 4828 1
4536 8153 1
4536 2658 1
4536 258 1
4536 7239 1
4536 10022 1
700 5441 1
700 6750 1
5441 346 1
5441 3877 1
5441 161 1
5441 5056 1
5441 6737 1
5169 1965 1
5169 6489 1
5169 584 1
5169 3572 1
5169 8277 1
8285 1688 1
8285 6786 1
8285 806 1
8285 7279 1
8285 9438 1
5831 811 1
5831 7427 1
5831 452 1
5831 10062 1
5831 5169 1
1716 767 1
1716 6737 1
1716 296 1
1716 4709 1
1716 10673 1
3302 4046 1
3302 8595 1
3302 10343 1
3302 10828 1
3302 10974 1
9865 6737 1
9865 5241 1
9865 8993 1
9865 3517 1
9865 3623 1
1252 7825 1
1252 6099 1
1252 1151 1
1252 8767 1
1252 3623 1
4115 4918 1
4115 2238 1
4115 258 1
4115 11054 1
4115 9427 1
980 6033 1
980 6391 1
980 1412 1
980 4918 1
980 7457 1
5439 7676 1
5439 2658 1
5439 258 1
5439 11006 1
5439 10551 1
8731 1716 1
8731 8395 1
8731 965 1
8731 5709 1
8731 9577 1
3858 876 1
3858 6723 1
3858 440 1
3858 8802 1
3858 9427 1
6327 853 1
6327 5241 1
6327 414 1
6327 6938 1
6327 6391 1
482 6411 1
482 10123 1
482 440 1
482 11170 1
482 6391 1
7530 7031 1
7530 1892 1
7530 85 1
7530 6572 1
7530 9011 1
2281 6723 1
2281 2262 1
2281 232 1
2281 3945 1
2281 9146 1
5926 9165 1
5926 6489 1
5926 5241 1
5926 7177 1
5926 10718 1
5103 811 1
5103 5169 1
5103 452 1
5103 6489 1
5103 9761 1
1506 4826 1
1506 6487 1
1506 6861 1
1506 1618 1
1506 2627 1
8239 613 1
8239 3611 1
8239 370 1
8239 4135 1
8239 6836 1
4947 1365 1
4947 9275 1
4947 853 1
4947 8395 1
4947 8883 1
3720 1275 1
3720 5326 1
3720 584 1
3720 9899 1
3720 7754 1
8762 2957 1
8762 9007 1
8762 1564 1
8762 5971 1
8762 4776 1
6077 6035 1
6077 4947 1
6077 10031 1
6077 4128 1
6077 4325 1
9397 1840 1
9397 6563 1
9397 1715 1
9397 7911 1
9397 6392 1
11054 8736 1
11054 2243 1
11054 258 1
11054 8187 1
11054 10004 1
1238 1565 1
1238 4244 1
1238 10715 1
1238 4693 1
1238 6083 1
9430 9321 1
9430 6083 1
9430 9848 1
9430 2853 1
9430 5885 1
6223 938 1
6223 9503 1
6223 424 1
6223 8949 1
6223 6549 1
6422 1892 1
6422 8572 1
6422 944 1
6422 4239 1
6422 6505 1
6073 7491 1
6073 6101 1
1637 5996 1
1637 2307 1
1637 5722 1
1637 2879 1
1637 4033 1
9319 4828 1
9319 6846 1
9319 2559 1
9319 10276 1
9319 8153 1
8470 899 1
8470 6329 1
8470 440 1
8470 6876 1
8470 9873 1
6834 1328 1
6834 6529 1
6834 623 1
6834 10546 1
6834 8153 1
8364 707 1
8364 7755 1
8364 400 1
8364 11081 1
8364 7427 1
8277 811 1
8277 5831 1
8277 452 1
8277 7231 1
8277 5169 1
4547 3677 1
4547 3237 1
4547 9158 1
4547 519 1
4547 970 1
1275 8872 1
1275 8547 1
1275 584 1
1275 2545 1
1275 5336 1
3611 537 1
3611 3510 1
3611 384 1
3611 4135 1
3611 4298 1
1965 584 1
1965 7563 1
1965 398 1
1965 7000 1
1965 10129 1
319 5352 1
319 6549 1
319 180 1
319 4954 1
319 11132 1
4818 1097 1
4818 7432 1
4818 411 1
4818 5668 1
4818 11173 1
9756 4931 1
9756 6738 1
9756 3345 1
9756 10233 1
9756 8604 1
5244 1406 1
5244 6689 1
5244 1097 1
5244 6197 1
5244 6936 1
8807 4352 1
8807 5441 1
8807 2658 1
8807 10768 1
8807 10022 1
9245 7502 1
9245 10248 1
9245 4937 1
9245 6980 1
9245 8842 1
5293 1132 1
5293 6595 1
5293 830 1
5293 8398 1
5293 10149 1
8565 5751 1
8565 1535 1
8565 10723 1
8565 5318 1
8565 9165 1
10235 720 1
10235 5076 1
10235 583 1
10235 5974 1
10235 8523 1
6923 10287 1
6923 2020 1
6923 176 1
6923 6595 1
6923 9011 1
4941 5496 1
4941 1987 1
4941 232 1
4941 8153 1
4941 5881 1
2097 2024 1
2097 6835 1
2097 1483 1
2097 7922 1
2097 7147 1
377 5640 1
377 933 1
377 8450 1
377 4971 1
377 4700 1
2831 1406 1
2831 5469 1
2831 1097 1
2831 5244 1
2831 5451 1
2008 8976 1
2008 8411 1
2008 2880 1
2008 4022 1
2008 3623 1
3644 6572 1
3644 2401 1
3644 258 1
3644 5503 1
3644 4238 1
8961 11132 1
8961 2447 1
8961 258 1
8961 9577 1
8961 9400 1
8153 7505 1
8153 2064 1
8153 232 1
8153 7023 1
8153 9146 1
4018 1629 1
4018 10588 1
4018 623 1
4018 6529 1
4018 9296 1
3215 1275 1
3215 8911 1
3215 584 1
3215 10062 1
3215 7755 1
761 4943 1
761 4345 1
761 7991 1
761 5097 1
761 4255 1
3597 1406 1
3597 8484 1
3597 1097 1
3597 5496 1
3597 9823 1
9980 10154 1
9980 4213 1
9980 6941 1
9980 10736 1
9980 309 1
982 9833 1
982 8274 1
982 71 1
982 8756 1
982 2958 1
1944 4998 1
1944 7911 1
1944 1557 1
1944 4731 1
1944 8927 1
5163 980 1
5163 4199 1
5163 478 1
5163 5064 1
5163 8565 1
11129 414 1
11129 3317 1
11129 102 1
11129 3733 1
11129 6288 1
10306 2028 1
10306 3292 1
10306 1258 1
10306 8906 1
10306 5181 1
3197 1443 1
3197 3409 1
3197 720 1
3197 9577 1
3197 3914 1
1152 985 1
1152 4941 1
1152 472 1
1152 5469 1
1152 9887 1
6671 7163 1
6671 1066 1
6671 3822 1
6671 10773 1
6671 730 1
5687 4618 1
5687 9994 1
5687 3369 1
5687 4040 1
5687 6790 1
6505 1892 1
6505 8572 1
6505 944 1
6505 4239 1
6505 8282 1
8959 982 1
8959 5182 1
8959 442 1
8959 5868 1
8959 9347 1
6086 4136 1
6086 8184 1
6086 2585 1
6086 9956 1
6086 9509 1
7313 1443 1
7313 10551 1
7313 718 1
7313 8912 1
7313 9008 1
360 2322 1
360 5016 1
360 4104 1
360 4379 1
360 7313 1
718 1806 1
718 5016 1
718 9733 1
718 7606 1
718 7313 1
11064 7831 1
11064 10813 1
11064 4596 1
11064 7738 1
11064 10804 1
9015 899 1
9015 6239 1
9015 440 1
9015 6723 1
9015 10609 1
11060 730 1
11060 5969 1
11060 357 1
11060 6572 1
11060 9873 1
8952 4947 1
8952 7020 1
8952 2908 1
8952 10033 1
8952 11149 1
10588 7977 1
10588 2262 1
10588 232 1
10588 7379 1
10588 8998 1
9146 8871 1
9146 2284 1
9146 258 1
9146 8316 1
9146 10726 1
1785 9594 1
1785 8730 1
1785 232 1
1785 3301 1
1785 4000 1
4239 1483 1
4239 11039 1
4239 887 1
4239 10064 1
4239 7911 1
2194 6512 1
2194 8407 1
2194 2816 1
2194 6973 1
2194 4451 1
2816 899 1
2816 8091 1
2816 2194 1
7754 811 1
7754 5326 1
7754 452 1
7754 6892 1
7754 5103 1
3343 10542 1
3343 5304 1
3343 3138 1
3343 8072 1
3343 4499 1
4196 3342 1
4196 5899 1
4196 1365 1
4196 4842 1
4196 10031 1
9104 1986 1
9104 2492 1
9104 1326 1
9104 6023 1
9104 3494 1
1986 2639 1
1986 8765 1
1986 1326 1
1986 3111 1
1986 6293 1
7359 5574 1
7359 1535 1
7359 7963 1
7359 5087 1
7359 8054 1
6097 10723 1
6097 2343 1
6097 258 1
6097 9600 1
6097 6563 1
5248 3868 1
5248 4905 1
5248 1659 1
5248 5994 1
5248 10155 1
4069 1715 1
4069 10912 1
4069 1229 1
4069 5210 1
4069 7740 1
6491 434 1
6491 3164 1
6491 281 1
6491 3523 1
6491 5441 1
10172 1629 1
10172 6648 1
10172 623 1
10172 7806 1
10172 10487 1
4003 1688 1
4003 4079 1
4003 1082 1
4003 11052 1
4003 5504 1
10830 3975 1
10830 5012 1
10830 2754 1
10830 10155 1
10830 6771 1
6715 2162 1
6715 7945 1
6715 758 1
6715 8565 1
6715 7457 1
2052 7439 1
2052 2006 1
2052 5994 1
2052 3807 1
2052 1012 1
4382 5503 1
4382 2281 1
4382 180 1
4382 5974 1
4382 6097 1
6770 9577 1
6770 2238 1
6770 232 1
6770 7682 1
6770 10004 1
281 4483 1
281 10318 1
281 180 1
281 7023 1
281 9146 1
5256 547 1
5256 2609 1
3364 462 1
3364 3262 1
3364 360 1
3364 4115 1
3364 3672 1
180 10726 1
180 5241 1
180 9733 1
180 2505 1
180 6097 1
6293 1986 1
6293 2492 1
6293 1326 1
6293 6023 1
6293 3494 1
976 4871 1
976 10091 1
976 830 1
976 1877 1
976 2175 1
1406 9731 1
1406 5244 1
1406 1097 1
1406 10397 1
1406 5496 1
5033 962 1
5033 8398 1
5033 10140 1
3397 6563 1
3397 1664 1
3397 9147 1
3397 5503 1
3397 7147 1
2988 6975 1
2988 3730 1
2988 2249 1
2988 11039 1
2988 9387 1
10759 4356 1
10759 11114 1
10759 3062 1
10759 8893 1
10759 6257 1
9374 1406 1
9374 5496 1
9374 1097 1
9374 6443 1
9374 10143 1
5969 9681 1
5969 2238 1
5969 232 1
5969 6595 1
5969 6286 1
6787 3342 1
6787 6737 1
6787 2249 1
6787 10263 1
6787 8927 1
1326 5387 1
1326 3026 1
1326 1986 1
1326 3111 1
1326 2073 1
6234 8071 1
6234 6303 1
6234 10528 1
6234 7177 1
6234 4149 1
5191 1229 1
5191 8756 1
5191 830 1
5191 6328 1
5191 10031 1
8872 1275 1
8872 7814 1
8872 584 1
8872 11081 1
8872 7751 1
10066 8966 1
10066 7988 1
10066 7746 1
10066 5107 1
9761 1162 1
9761 7427 1
9761 584 1
9761 8547 1
9761 6892 1
10654 1015 1
10654 3669 1
10654 806 1
10654 4455 1
10654 6576 1
7271 6722 1
7271 7988 1
5996 9281 1
5996 9769 1
5996 2377 1
5996 5124 1
5996 7847 1
6405 7259 1
6405 6691 1
6405 6257 1
6405 6841 1
6405 2851 1
5410 1524 1
5410 10073 1
5410 891 1
5410 5664 1
5410 3010 1
977 9756 1
977 6738 1
977 7094 1
977 9307 1
977 5010 1
3022 7091 1
3022 2121 1
3022 258 1
3022 10041 1
3022 9110 1
9788 853 1
9788 5815 1
9788 414 1
9788 6286 1
9788 8160 1
3957 10726 1
3957 2658 1
3957 258 1
3957 4536 1
3957 5574 1
10046 6861 1
10046 4610 1
10046 8282 1
10046 942 1
10046 1802 1
9098 6861 1
3064 10123 1
3064 2272 1
3064 258 1
3064 7530 1
3064 9870 1
3882 1132 1
3882 10847 1
3882 582 1
3882 4432 1
3882 6327 1
5573 1986 1
5573 2492 1
5573 1326 1
5573 6023 1
5573 3494 1
1892 4000 1
1892 4610 1
1892 258 1
1892 4483 1
1892 8523 1
7663 10661 1
7663 2571 1
7663 258 1
7663 10529 1
7663 9545 1
3683 3275 1
3683 2399 1
3683 9923 1
3683 1066 1
3683 1727 1
7922 1934 1
7922 7334 1
7922 1483 1
7922 8748 1
7922 6975 1
6927 1412 1
6927 7253 1
6927 767 1
6927 4684 1
6927 10691 1
7591 2343 1
7591 10882 1
7591 718 1
7591 9008 1
7591 6642 1
4321 8395 1
4321 1634 1
4321 6803 1
4321 898 1
4321 1602 1
3094 2603 1
3094 10585 1
3094 1449 1
3094 7470 1
3094 7192 1
7281 2822 1
7281 3275 1
7281 1281 1
7281 8716 1
7281 3659 1
6087 1748 1
6087 2035 1
6087 824 1
6087 9169 1
6087 5026 1
944 4865 1
944 4239 1
944 896 1
944 2466 1
944 7159 1
5443 853 1
5443 3373 1
5443 296 1
5443 3926 1
5443 6795 1
667 2831 1
667 8827 1
667 7432 1
667 7057 1
667 1248 1
7098 1229 1
7098 6645 1
7098 685 1
7098 8909 1
7098 6595 1
555 7023 1
555 3317 1
555 10886 1
555 4239 1
555 6525 1
964 10158 1
964 9204 1
964 6376 1
964 9442 1
964 2307 1
3060 730 1
3060 5971 1
3060 357 1
3060 10874 1
3060 9427 1
9473 11132 1
9473 2658 1
9473 258 1
9473 10287 1
9473 9577 1
10287 8987 1
10287 2402 1
10287 232 1
10287 8374 1
10287 10886 1
4480 7064 1
4480 1801 1
4480 102 1
4480 8523 1
4480 11054 1
6525 7484 1
6525 2281 1
6525 258 1
6525 10777 1
6525 9165 1
1727 5505 1
1727 4840 1
1727 1096 1
1727 3748 1
1727 2492 1
2545 675 1
2545 5434 1
2545 397 1
2545 4937 1
2545 7814 1
6563 8754 1
6563 2243 1
6563 258 1
6563 8316 1
6563 8506 1
5336 811 1
5336 10246 1
5336 452 1
5336 7755 1
5336 6892 1
2175 621 1
2175 3678 1
2175 384 1
2175 8385 1
2175 3326 1
8719 11054 1
8719 2505 1
8719 258 1
8719 9141 1
8719 9577 1
4104 7371 1
4104 1341 1
4104 4871 1
4104 8343 1
4104 5611 1
8603 10723 1
8603 2402 1
8603 216 1
8603 8719 1
8603 8871 1
2227 9437 1
2227 3747 1
2227 4299 1
2227 2936 1
2227 10158 1
335 9169 1
335 1749 1
335 7174 1
335 10418 1
335 3344 1
6061 10726 1
6061 2658 1
6061 258 1
6061 6549 1
6061 6572 1
2081 6786 1
2081 6353 1
2081 1381 1
2081 6737 1
2081 9490 1
6918 7702 1
6918 2238 1
6918 180 1
6918 9141 1
6918 10287 1
4464 9870 1
4464 2658 1
4464 258 1
4464 6061 1
4464 4536 1
8282 6918 1
8282 1802 1
8282 232 1
8282 6526 1
8282 8961 1
8998 7484 1
8998 2044 1
8998 232 1
8998 7017 1
8998 8523 1
4499 8072 1
4499 5304 1
4499 3198 1
4499 5829 1
4499 4948 1
4477 10022 1
4477 2284 1
4477 258 1
4477 5503 1
4477 9427 1
5295 1629 1
5295 7494 1
5295 623 1
5295 9594 1
5295 7992 1
1959 9605 1
1959 2071 1
1959 232 1
1959 3951 1
1959 3523 1
8912 1443 1
8912 8565 1
8912 720 1
8912 9011 1
8912 8187 1
7887 6861 1
7091 9577 1
7091 2243 1
7091 232 1
7091 10287 1
7091 9523 1
9545 10726 1
9545 2658 1
9545 258 1
9545 9473 1
9545 10804 1
8274 7091 1
8274 1959 1
8274 224 1
8274 6715 1
8274 9011 1
9092 2438 1
9092 9788 1
9092 731 1
9092 6374 1
9092 9732 1
2923 9612 1
2923 10387 1
2923 9414 1
2923 8119 1
2923 5994 1
5498 8565 1
5498 4135 1
5498 6243 1
5498 154 1
5498 2535 1
10394 10031 1
10394 10033 1
10394 4947 1
10394 8767 1
10394 1435 1
8349 6166 1
8349 10589 1
8349 3404 1
8349 6107 1
8349 9265 1
987 6737 1
987 4606 1
987 8385 1
987 4776 1
987 10525 1
9544 1818 1
9544 9148 1
9544 1096 1
9544 5360 1
9544 3026 1
5637 1406 1
5637 5906 1
5637 1097 1
5637 10809 1
5637 5524 1
9318 6243 1
8091 4428 1
8091 8833 1
8091 1748 1
8091 2816 1
8091 6861 1
2121 5597 1
2121 4477 1
2121 232 1
2121 9146 1
2121 5574 1
10777 10041 1
10777 2402 1
10777 258 1
10777 9165 1
10777 9400 1
2188 811 1
2188 7814 1
2188 452 1
2188 9899 1
2188 4776 1
9141 8425 1
9141 2262 1
9141 258 1
9141 7920 1
9141 9400 1
209 6255 1
209 5482 1
209 1930 1
209 6391 1
209 887 1
10434 899 1
10434 5964 1
10434 440 1
10434 6526 1
10434 9523 1
5117 1406 1
5117 9071 1
5117 1097 1
5117 5451 1
5117 5637 1
8095 2081 1
8095 7359 1
8095 1381 1
8095 9358 1
8095 7193 1
2249 9422 1
2249 8345 1
2249 3392 1
2249 8927 1
2249 9387 1
5994 2923 1
5994 3975 1
5994 1012 1
5994 9946 1
5994 5297 1
1064 3275 1
1381 4871 1
1381 6353 1
1381 6786 1
1381 7017 1
1381 7876 1
9142 10123 1
9142 2658 1
9142 258 1
9142 9577 1
9142 10777 1
2058 1248 1
2058 5469 1
2058 985 1
2058 2932 1
2058 4818 1
9011 5574 1
9011 1564 1
9011 9732 1
9011 5230 1
9011 10022 1
2447 5969 1
2447 9473 1
2447 258 1
2447 3574 1
2447 3022 1
9373 899 1
9373 6329 1
9373 440 1
9373 6876 1
9373 10609 1
5574 7524 1
5574 2020 1
5574 232 1
5574 9427 1
5574 8998 1
7210 9642 1
7210 8763 1
7210 6976 1
7210 9174 1
7210 3239 1
6801 4512 1
6801 6688 1
6801 2962 1
6801 8496 1
6801 11024 1
10886 7091 1
10886 2041 1
10886 176 1
10886 6722 1
10886 10041 1
5978 632 1
5978 4073 1
5978 452 1
5978 5103 1
5978 7754 1
1557 6541 1
1557 3730 1
1557 1732 1
1557 7662 1
1557 2782 1
10555 2761 1
10555 5455 1
10555 1143 1
10555 10032 1
10555 7256 1
8343 11132 1
8343 2505 1
8343 258 1
8343 8871 1
8343 8755 1
10496 8576 1
10496 9788 1
10496 7814 1
10496 8345 1
10496 2932 1
2932 667 1
2932 7427 1
2932 411 1
2932 5668 1
2932 5469 1
615 5529 1
615 7485 1
615 5711 1
615 6638 1
615 8604 1
1412 8041 1
1412 8731 1
1412 232 1
1412 8506 1
1412 11132 1
1600 8398 1
1600 2064 1
1600 4618 1
1600 6621 1
1600 1309 1
2418 6595 1
2418 10091 1
2418 1341 1
2418 7098 1
2418 2595 1
6099 11052 1
6099 1801 1
6099 176 1
6099 9400 1
6099 8961 1
10908 1281 1
10908 8955 1
10908 7988 1
9681 899 1
9681 6329 1
9681 440 1
9681 6876 1
9681 10874 1
9072 414 1
9072 3197 1
9072 296 1
9072 3397 1
9072 4810 1
2119 3275 1
2119 8403 1
2119 7490 1
2119 5308 1
2119 3494 1
7746 811 1
7746 5169 1
7746 452 1
7746 6489 1
7746 10989 1
2020 6910 1
2020 10804 1
2020 258 1
2020 6097 1
2020 4060 1
1202 4398 1
1202 4474 1
1202 3820 1
1202 1330 1
1202 3128 1
10609 629 1
10609 5224 1
10609 357 1
10609 5926 1
10609 8303 1
7370 561 1
7370 3327 1
7370 233 1
7370 8153 1
7370 5589 1
6328 976 1
6328 5443 1
6328 532 1
6328 7229 1
6328 5191 1
8687 9723 1
8687 848 1
8687 3494 1
8687 192 1
8687 547 1
7139 5210 1
7139 6194 1
7139 2772 1
7139 7740 1
7139 7497 1
10411 3788 1
10411 4536 1
10411 2658 1
10411 9781 1
10411 6374 1
5503 6244 1
5503 1484 1
5503 10233 1
5503 5442 1
5503 7768 1
7494 433 1
7494 3397 1
7494 78 1
7494 4069 1
7494 6052 1
4631 1551 1
4631 8285 1
4631 993 1
4631 6786 1
4631 6991 1
9605 5974 1
9605 1564 1
9605 10004 1
9605 5503 1
9605 10172 1
2243 2979 1
2243 9733 1
2243 232 1
2243 9870 1
2243 6059 1
10004 10588 1
10004 2658 1
10004 258 1
10004 9577 1
10004 9939 1
240 8973 1
240 1132 1
240 7172 1
240 2119 1
240 3572 1
2285 1965 1
2285 2921 1
2285 584 1
2285 6063 1
2285 4073 1
7193 2081 1
7193 9356 1
7193 1381 1
7193 8935 1
7193 8451 1
5966 1716 1
5966 8020 1
5966 965 1
5966 5709 1
5966 8319 1
3103 8733 1
3103 8398 1
3103 3180 1
3103 10889 1
3103 1695 1
649 9104 1
649 6293 1
649 1096 1
649 1066 1
649 2492 1
1502 100 1
1502 3343 1
1502 1748 1
2729 4553 1
2729 9923 1
2729 1341 1
2729 9983 1
2729 3882 1
6410 3080 1
6410 4605 1
6410 2125 1
6410 10585 1
6410 6358 1
10091 830 1
10091 3914 1
10091 296 1
10091 4730 1
10091 6642 1
8779 3993 1
8779 5899 1
8779 2877 1
8779 10873 1
8779 7229 1
2195 3947 1
2195 2194 1
2195 7876 1
2195 1535 1
2195 2190 1
7874 7259 1
2501 1281 1
2501 7460 1
10343 8961 1
10343 2262 1
10343 240 1
10343 8282 1
10343 10274 1
7212 1965 1
7212 8146 1
7212 584 1
7212 3572 1
7212 7754 1
5616 1328 1
5616 6935 1
5616 561 1
5616 7992 1
5616 6058 1
5107 5586 1
5107 7746 1
5107 6938 1
5107 9714 1
5107 10593 1
5130 6234 1
5130 7517 1
5130 10528 1
5130 7177 1
5130 3317 1
3494 1368 1
3494 8687 1
3494 960 1
3494 6536 1
3494 5734 1
5534 2175 1
5534 7845 1
5534 537 1
5534 6097 1
5534 10397 1
2671 8242 1
2671 9814 1
2671 3275 1
2671 9489 1
2671 9723 1
5597 7505 1
5597 2658 1
5597 258 1
5597 6059 1
5597 10022 1
237 7558 1
237 2533 1
237 8229 1
237 7633 1
237 8948 1
2691 452 1
2691 3099 1
2691 359 1
2691 10809 1
2691 9899 1
2492 1986 1
2492 5573 1
2492 1326 1
2492 9544 1
2492 9104 1
4586 8979 1
4586 9174 1
4586 6825 1
4586 10032 1
4586 9642 1
10158 402 1
10158 2877 1
10158 336 1
10158 3215 1
10158 4871 1
2795 811 1
2795 2926 1
2795 452 1
2795 10129 1
2795 10087 1
10282 228 1
10282 4862 1
10282 610 1
5374 7505 1
5374 2658 1
5374 258 1
5374 6061 1
5374 9146 1
10691 1229 1
10691 8079 1
10691 767 1
10691 4684 1
10691 10673 1
7064 9278 1
7064 2114 1
7064 176 1
7064 7031 1
7064 7159 1
5472 1412 1
5472 5966 1
5472 853 1
5472 7147 1
5472 10948 1
7031 9165 1
7031 2658 1
7031 258 1
7031 10726 1
7031 11132 1
7755 811 1
7755 5831 1
7755 452 1
7755 7231 1
7755 5169 1
5964 899 1
5964 8470 1
5964 440 1
5964 6723 1
5964 9427 1
6346 3218 1
6346 4830 1
6346 1715 1
6346 7214 1
6346 5968 1
6760 6750 1
6760 5457 1
6760 10277 1
6760 136 1
6760 1783 1
216 7090 1
216 7159 1
216 9895 1
216 4949 1
216 7742 1
7169 8419 1
7169 9457 1
7169 4253 1
7169 6896 1
7169 7174 1
7439 3467 1
7439 2052 1
7439 9612 1
7439 219 1
7439 1012 1
648 730 1
648 2821 1
648 2245 1
10873 1132 1
10873 6327 1
10873 830 1
10873 7845 1
10873 5899 1
6023 1986 1
6023 8765 1
6023 1326 1
6023 5573 1
6023 3494 1
5559 2957 1
5559 9427 1
5559 1564 1
5559 6737 1
5559 4776 1
8013 1836 1
8013 7110 1
8013 834 1
8013 9092 1
8013 6910 1
7814 811 1
7814 7231 1
7814 584 1
7814 9441 1
7814 6192 1
8712 1629 1
8712 6834 1
8712 623 1
8712 7843 1
8712 6529 1
9939 9427 1
9939 2281 1
9939 232 1
9939 8736 1
9939 8871 1
8730 1629 1
8730 6834 1
8730 623 1
8730 7843 1
8730 6529 1
617 7054 1
617 4382 1
617 3788 1
617 6951 1
617 8807 1
1435 8952 1
1435 10394 1
1435 7020 1
1435 4947 1
1435 8767 1
4298 6528 1
4298 1892 1
4298 258 1
4298 8572 1
4298 6061 1
7084 899 1
7084 5503 1
7084 440 1
7084 6391 1
7084 8802 1
3812 853 1
3812 8626 1
3812 415 1
3812 9072 1
3812 6595 1
9168 7460 1
9168 6125 1
9168 3691 1
9168 1281 1
1801 7663 1
1801 8759 1
1801 258 1
1801 6097 1
1801 4060 1
8754 1717 1
8754 10582 1
8754 614 1
8754 9397 1
8754 8229 1
2162 360 1
2162 9011 1
2162 224 1
2162 5441 1
2162 4978 1
2571 6563 1
2571 9733 1
2571 258 1
2571 4941 1
2571 5881 1
7740 5210 1
7740 6489 1
7740 4198 1
7740 9371 1
7740 9164 1
2819 6715 1
2819 1801 1
2819 209 1
2819 7676 1
2819 10123 1
3298 10830 1
3298 10037 1
3298 10212 1
3298 8173 1
3298 1251 1
7676 8233 1
7676 2262 1
7676 232 1
7676 7457 1
7676 8054 1
10948 1639 1
10948 9577 1
10948 965 1
10948 4709 1
10948 8802 1
2112 4941 1
2112 8736 1
2112 258 1
2112 6572 1
2112 9141 1
3748 1326 1
3748 4193 1
3748 733 1
3748 3403 1
3748 5573 1
1681 4536 1
1681 8755 1
1681 180 1
1681 3993 1
1681 7663 1
4135 6097 1
4135 2819 1
4135 264 1
4135 4527 1
4135 9141 1
7816 1229 1
7816 9072 1
7816 830 1
7816 7845 1
7816 7229 1
6059 10726 1
6059 2658 1
6059 258 1
6059 8603 1
6059 6061 1
5241 5443 1
5241 1877 1
5241 232 1
5241 10792 1
5241 11132 1
1565 1238 1
1565 6083 1
8927 3342 1
8927 6737 1
8927 2249 1
8927 9072 1
8927 7662 1
9033 1629 1
9033 6834 1
9033 623 1
9033 7843 1
9033 6529 1
4747 10564 1
4747 2243 1
4747 258 1
4747 5395 1
4747 11187 1
5974 5751 1
5974 1681 1
5974 9131 1
5974 5318 1
5974 7505 1
6383 7920 1
6383 2209 1
6383 258 1
6383 8345 1
6383 7023 1
3572 9502 1
3572 2175 1
3572 240 1
3572 7548 1
3572 6118 1
7783 4913 1
7783 9632 1
7783 4180 1
7783 4762 1
7783 7400 1
1618 4815 1
1618 6487 1
1618 3194 1
1618 1506 1
1618 2627 1
6935 5966 1
6935 1412 1
6935 7321 1
6935 5443 1
6935 8174 1
6526 899 1
6526 6329 1
6526 440 1
6526 9605 1
6526 7618 1
4262 4615 1
4262 8592 1
4262 6848 1
4262 6374 1
4262 6576 1
10397 9264 1
10397 2301 1
10397 281 1
10397 8546 1
10397 11068 1
5080 1818 1
5080 6246 1
5080 1326 1
5080 6536 1
5080 3111 1
2192 8998 1
2192 2162 1
2192 180 1
2192 7031 1
2192 10231 1
965 6927 1
965 5472 1
965 1153 1
965 7359 1
965 6062 1
8736 7695 1
8736 2150 1
8736 232 1
8736 7091 1
8736 10287 1
10688 7739 1
10688 10032 1
10688 5796 1
10688 7256 1
10688 9784 1
1281 6777 1
1281 6270 1
1281 3659 1
1281 8936 1
1281 9177 1
286 5297 1
286 5651 1
286 6771 1
286 10830 1
286 9980 1
10031 532 1
10031 3570 1
10031 343 1
10031 3926 1
10031 5899 1
10849 964 1
10849 6111 1
10849 584 1
10849 7755 1
10849 5410 1
6058 1629 1
6058 7977 1
6058 623 1
6058 9296 1
6058 10179 1
8146 811 1
8146 5831 1
8146 452 1
8146 7231 1
8146 5169 1
2877 4543 1
2877 2821 1
2877 264 1
2877 6035 1
2877 11163 1
2125 4890 1
2125 6410 1
2125 7730 1
1602 1634 1
1602 6803 1
1602 5906 1
1602 898 1
1602 4321 1
8319 3570 1
8319 4650 1
8319 2545 1
8319 8523 1
8451 2081 1
8451 7359 1
8451 1381 1
8451 10886 1
8451 7193 1
8935 1837 1
8935 6737 1
8935 994 1
8935 7228 1
8935 6391 1
6063 811 1
6063 5831 1
6063 452 1
6063 9796 1
6063 5169 1
7172 1 1
7172 1752 1
7172 240 1
8973 1196 1
8973 11048 1
8973 720 1
8973 10086 1
8973 8912 1
6244 2369 1
6244 996 1
6244 9793 1
6244 8871 1
3747 1152 1
3747 4648 1
3747 882 1
3747 11068 1
3747 6970 1
2006 3807 1
2006 8198 1
2006 2052 1
2006 4559 1
5589 8998 1
5589 9400 1
5589 3630 1
5589 9605 1
9071 1152 1
9071 4818 1
9071 685 1
9071 5496 1
9071 7190 1
561 8153 1
561 8330 1
561 8712 1
561 6052 1
561 10628 1
5224 6243 1
5224 8406 1
5224 4347 1
5224 7923 1
5224 10609 1
3820 1202 1
4398 1202 1
4398 7978 1
10989 1965 1
10989 10062 1
10989 584 1
10989 3572 1
10989 8644 1
8403 3494 1
8403 2915 1
8403 9140 1
8403 2119 1
8403 2426 1
5711 6638 1
5711 4313 1
5711 615 1
5711 458 1
5529 615 1
5529 7045 1
5529 6938 1
1143 6161 1
1143 7736 1
1143 10555 1
1143 963 1
9848 9430 1
5455 6825 1
5455 8947 1
5455 3493 1
5455 10032 1
5455 8632 1
7662 3342 1
7662 6737 1
7662 2249 1
7662 9387 1
7662 9422 1
4180 2291 1
4180 7783 1
4180 1310 1
4180 7206 1
4180 4992 1
632 9605 1
632 5978 1
632 3679 1
632 4954 1
632 1903 1
2041 8451 1
2041 6991 1
2041 1381 1
2041 6737 1
2041 8903 1
11024 10414 1
11024 10973 1
11024 3782 1
11024 9058 1
11024 1125 1
8496 4808 1
8496 4078 1
8496 8030 1
8496 1755 1
8496 1774 1
2962 6801 1
2962 5054 1
2962 3659 1
6688 6571 1
6688 10334 1
6688 3488 1
6688 5904 1
6688 6801 1
6976 7210 1
6976 8763 1
6976 4032 1
6976 10376 1
6976 9609 1
8763 7210 1
8763 10555 1
8763 4586 1
8763 6976 1
8763 11191 1
100 4499 1
100 4948 1
100 10542 1
100 3343 1
100 5304 1
3392 2988 1
3392 6787 1
3392 1944 1
3392 9387 1
3392 3730 1
9358 1837 1
9358 6950 1
9358 993 1
9358 7705 1
9358 9438 1
11187 1153 1
11187 7524 1
11187 887 1
11187 10370 1
11187 6997 1
1930 209 1
1930 3053 1
1930 6739 1
2190 2195 1
2190 7876 1
2190 5773 1
2190 1545 1
5482 7620 1
5482 7987 1
5482 2165 1
5482 4596 1
5482 10685 1
6255 976 1
6255 7177 1
6255 414 1
6255 10123 1
6255 5623 1
8425 8316 1
8425 3945 1
8425 4065 1
8425 9141 1
4943 1061 1
4943 6367 1
4943 761 1
4943 11054 1
5524 1406 1
5524 7190 1
5524 1097 1
5524 10809 1
5524 9731 1
8842 10248 1
8842 10678 1
8842 5968 1
8842 7530 1
8842 1772 1
1818 1326 1
1818 8145 1
1818 933 1
1818 2015 1
1818 8524 1
10525 2736 1
10525 9427 1
10525 1535 1
10525 5670 1
10525 4744 1
9265 591 1
9265 8349 1
6166 10618 1
6166 2851 1
6166 5601 1
6166 10492 1
6166 783 1
2535 8153 1
2535 7682 1
2535 264 1
2535 5048 1
2535 6391 1
9509 5079 1
9509 4630 1
9509 8335 1
9509 1026 1
9509 2359 1
7768 7091 1
7768 1716 1
7768 6712 1
7768 8987 1
9414 7953 1
9414 8119 1
9414 5009 1
9414 7650 1
9414 10387 1
10387 10738 1
10387 7650 1
10387 536 1
10387 2923 1
2438 2505 1
2438 7313 1
2438 9092 1
2438 6642 1
2438 2846 1
7188 3722 1
7188 5084 1
7188 1733 1
7188 9651 1
7188 9621 1
2782 6787 1
2782 3730 1
2782 2249 1
2782 11039 1
2782 7845 1
4428 1343 1
4428 8091 1
4428 2611 1
3128 10294 1
3128 7978 1
3128 8841 1
3128 1202 1
3951 899 1
3951 5969 1
3951 440 1
3951 10609 1
3951 6876 1
9174 9642 1
9174 4586 1
9174 7210 1
9174 10555 1
9174 3239 1
4948 3438 1
4948 8072 1
4948 2537 1
4948 7228 1
4948 9497 1
7702 899 1
7702 5969 1
7702 440 1
7702 6572 1
7702 10874 1
9490 2081 1
9490 7359 1
9490 1381 1
9490 8451 1
9490 7193 1
1749 5441 1
1749 1746 1
1749 4974 1
1749 2401 1
4299 11023 1
4299 2227 1
4299 6215 1
4299 126 1
4299 844 1
5611 5881 1
5611 2571 1
5611 258 1
5611 9427 1
5611 7064 1
4512 5054 1
4512 6801 1
4512 114 1
4512 2641 1
397 707 1
397 7212 1
397 6063 1
397 5119 1
8955 10908 1
8955 4123 1
8955 8605 1
8955 340 1
8955 1281 1
4840 1066 1
4840 2145 1
4840 730 1
4840 10041 1
4840 4119 1
8374 10123 1
8374 2571 1
8374 258 1
8374 8755 1
8374 11054 1
5505 8911 1
5505 8593 1
5505 6752 1
5505 6284 1
5505 8457 1
1248 584 1
1248 8543 1
1248 398 1
1248 10129 1
1248 2493 1
6376 1248 1
6376 4941 1
6376 985 1
6376 5524 1
6376 6803 1
1153 887 1
1153 3409 1
1153 537 1
1153 6043 1
7991 4682 1
7991 6248 1
7991 3314 1
7991 11054 1
7991 10371 1
9732 2162 1
9732 8871 1
9732 720 1
9732 10882 1
9732 8565 1
8909 6572 1
8909 9441 1
8909 4104 1
8909 6459 1
685 2635 1
685 6735 1
685 1158 1
685 8996 1
685 6231 1
6645 3589 1
6645 5279 1
6645 1834 1
6645 6735 1
6645 6320 1
7057 1406 1
7057 5906 1
7057 1097 1
7057 6936 1
7057 5524 1
8041 2762 1
8041 5978 1
8041 1252 1
8041 9146 1
8041 7110 1
3926 976 1
3926 4942 1
3926 532 1
3926 5241 1
3926 5443 1
824 2779 1
824 7807 1
824 1831 1
824 8162 1
824 6087 1
1309 3723 1
1309 5973 1
1309 4618 1
1309 8398 1
6975 3342 1
6975 6737 1
6975 2249 1
6975 10263 1
6975 7845 1
7192 1566 1
7192 9758 1
7192 1190 1
7192 7640 1
7192 10401 1
7470 6981 1
7470 11068 1
7470 3922 1
7470 6815 1
7470 2199 1
10585 5830 1
10585 6297 1
10585 3870 1
10585 9306 1
10585 7640 1
2603 5825 1
2603 6965 1
2603 4134 1
898 1634 1
898 6803 1
898 5906 1
898 4321 1
898 1602 1
4684 1716 1
4684 7768 1
4684 965 1
4684 8987 1
4684 3993 1
4865 1483 1
4865 7958 1
4865 537 1
4865 8754 1
4865 8099 1
7334 6036 1
7334 10945 1
7334 3440 1
7334 7922 1
7334 7650 1
3373 2041 1
3373 4725 1
3373 1381 1
3373 6036 1
3373 8935 1
10661 3667 1
10661 4968 1
10661 1375 1
10661 9700 1
10661 8959 1
582 5080 1
582 2492 1
582 649 1
582 8246 1
582 7163 1
10847 3882 1
1449 4690 1
1449 2136 1
1449 9797 1
1449 6614 1
1449 3351 1
942 6861 1
942 2627 1
942 8282 1
942 10046 1
942 4610 1
4610 1151 1
4610 4563 1
4610 887 1
4610 6528 1
4610 5527 1
2399 9814 1
2399 3683 1
2399 3275 1
2399 1066 1
2399 1727 1
8160 1836 1
8160 1058 1
8160 10976 1
8160 9092 1
6638 5711 1
6638 4313 1
6638 615 1
6638 458 1
5815 1418 1
5815 667 1
5815 9092 1
5815 10602 1
9110 1029 1
9110 5204 1
9110 505 1
9110 6097 1
9110 10397 1
5010 2401 1
5010 8083 1
5010 1535 1
5010 6036 1
5010 4234 1
2979 6061 1
2979 2381 1
2979 258 1
2979 9427 1
2979 3064 1
7094 6738 1
7094 6372 1
7094 7657 1
7094 977 1
7094 3990 1
5829 3076 1
5829 10580 1
5829 2283 1
5829 5409 1
5829 3988 1
891 9816 1
891 2326 1
891 7681 1
891 1524 1
891 5664 1
10073 1248 1
10073 5117 1
10073 985 1
10073 5906 1
10073 9442 1
6841 3544 1
6841 5260 1
6841 2547 1
6841 10941 1
6841 7338 1
4213 8149 1
4213 6065 1
4213 10154 1
4213 1234 1
4213 10736 1
1934 1363 1
1934 7589 1
1934 685 1
1934 5230 1
1934 7155 1
7695 9146 1
7695 2658 1
7695 258 1
7695 9545 1
7695 10588 1
9769 1827 1
9769 5996 1
9769 1497 1
228 8956 1
228 2378 1
9281 5962 1
9281 1659 1
6576 5724 1
6576 1082 1
6576 6552 1
3669 7390 1
3669 10654 1
3669 9448 1
3669 7084 1
192 8436 1
192 9996 1
192 2609 1
1015 10654 1
1015 8401 1
1015 9275 1
1162 8987 1
1162 3049 1
8966 7988 1
8966 7746 1
8966 10066 1
8966 5107 1
6991 2081 1
6991 7193 1
6991 1381 1
6991 7228 1
6991 9358 1
3326 6642 1
3326 232 1
3326 3510 1
3326 6288 1
2073 1986 1
2073 6023 1
2073 1326 1
2073 3111 1
2073 5080 1
3026 1986 1
3026 5360 1
3026 1326 1
3026 8858 1
3026 6023 1
10263 1715 1
10263 6346 1
10263 944 1
10263 6975 1
10263 10974 1
8755 10004 1
8755 2447 1
8755 258 1
8755 10287 1
8755 9141 1
6286 7359 1
6286 2020 1
6286 102 1
6286 9788 1
6286 6525 1
8893 4180 1
8893 3674 1
8893 10759 1
8893 1365 1
8893 2851 1
4356 982 1
4356 6491 1
9387 1557 1
9387 6422 1
9387 896 1
9387 7147 1
8833 8091 1
8833 899 1
8833 5367 1
442 10890 1
442 1082 1
442 10311 1
9731 1406 1
9731 5906 1
9731 1097 1
9731 6936 1
9731 5524 1
434 5534 1
434 6491 1
434 3761 1
434 9264 1
3262 2897 1
3262 9600 1
343 2112 1
343 10031 1
4842 1190 1
4842 10031 1
4842 5868 1
10154 9980 1
10154 4213 1
3570 1069 1
3570 5293 1
3570 532 1
3570 6327 1
2343 8316 1
2343 2535 1
5664 3602 1
5664 6803 1
5664 4942 1
6270 606 1
6270 1281 1
2559 10143 1
2559 1697 1
7497 9541 1
7497 7701 1
7497 11065 1
6777 6777 1
6777 5241 1
6777 10343 1
6777 7354 1
233 7359 1
233 8730 1
233 5847 1
233 2860 1
731 6446 1
731 9503 1
731 7307 1
731 9011 1
2377 1287 1
2377 8443 1
2377 8984 1
9784 7784 1
9784 10688 1
9784 5796 1
7739 8632 1
7739 8947 1
7739 6825 1
7739 10032 1
7739 10555 1
6512 2194 1
7876 1837 1
7876 6353 1
7876 993 1
7876 7017 1
7876 10158 1
10231 2192 1
10231 2880 1
10231 4480 1
11114 11130 1
11114 2851 1
11114 8827 1
11114 6374 1
415 3812 1
415 11043 1
8595 4865 1
8595 10948 1
6246 3860 1
6246 5080 1
675 11093 1
675 8100 1
2301 811 1
2301 4776 1
2301 452 1
2301 9899 1
2301 2932 1
3947 9994 1
3947 6659 1
3947 5687 1
4615 6374 1
4615 7259 1
4615 4262 1
4815 3235 1
4815 6410 1
4815 1618 1
4815 2627 1
10546 1629 1
10546 6834 1
10546 623 1
10546 7843 1
10546 6529 1
9723 9923 1
9723 1066 1
9723 3275 1
9723 9814 1
9723 960 1
8054 623 1
8054 4018 1
8054 281 1
8054 5056 1
8054 7530 1
4762 4913 1
4762 7783 1
4762 395 1
5387 1986 1
5387 2492 1
5387 1326 1
5387 9925 1
5387 3494 1
9502 2081 1
9502 7359 1
9502 1381 1
9502 8451 1
9502 7193 1
2958 6563 1
2958 2658 1
2958 258 1
2958 5574 1
2958 6097 1
10564 4747 1
10155 8173 1
10155 10435 1
10155 6130 1
10155 10830 1
4527 3678 1
1082 532 1
1330 3440 1
1330 2696 1
1330 1131 1
1330 1202 1
4931 10850 1
4931 8609 1
4931 9756 1
4931 1535 1
4931 4234 1
1639 2842 1
1639 7359 1
1639 4015 1
1639 10948 1
1639 5087 1
8173 10830 1
8173 4756 1
8173 10016 1
8173 1659 1
8173 3298 1
402 887 1
402 6749 1
402 8922 1
9371 6493 1
9371 5839 1
9371 7740 1
7490 9544 1
7490 2119 1
4198 2736 1
4198 9164 1
4198 6489 1
614 4239 1
614 9072 1
614 3974 1
614 1717 1
8759 10123 1
8759 2571 1
8759 258 1
8759 9400 1
8759 8987 1
1806 561 1
1806 5708 1
1806 384 1
1806 10588 1
1806 9110 1
4918 3678 1
4918 1412 1
4918 5016 1
4918 4298 1
6125 9168 1
6125 5241 1
6125 9272 1
9164 2851 1
9164 8767 1
9164 2339 1
9164 5574 1
9164 4198 1
3403 3748 1
3403 7831 1
3344 1634 1
3344 161 1
3344 8565 1
5722 5437 1
5722 9228 1
5722 3394 1
5722 8668 1
9014 7876 1
9014 9931 1
2879 7370 1
2879 5970 1
2879 6196 1
2245 648 1
2245 2821 1
2245 730 1
10889 5848 1
10889 1887 1
10889 3084 1
10889 1751 1
1836 9235 1
1836 10882 1
1836 6826 1
3467 5994 1
3467 2052 1
3467 7439 1
3467 219 1
3467 1012 1
6896 7174 1
9457 7169 1
9457 7143 1
7742 8506 1
7742 6071 1
7742 216 1
7090 9895 1
7090 126 1
7090 216 1
7524 1892 1
7524 8572 1
7524 944 1
7524 4239 1
3409 3914 1
3409 2020 1
3409 224 1
3409 8187 1
5968 720 1
5968 3275 1
5968 296 1
6786 2081 1
6786 7963 1
6786 1381 1
6786 9441 1
6786 7064 1
2114 2081 1
2114 6991 1
2114 1381 1
2114 9490 1
478 8730 1
478 8330 1
478 1806 1
478 6052 1
478 10628 1
3327 1629 1
3327 10588 1
3327 623 1
3327 9600 1
3327 5616 1
5796 10688 1
5796 7774 1
5796 2894 1
7457 505 1
7457 3463 1
7457 4018 1
7457 6052 1
3342 1934 1
3342 4842 1
3342 1190 1
3342 6653 1
3342 10850 1
4978 1442 1
4978 775 1
4978 5225 1
7256 8947 1
7256 11092 1
7256 6825 1
7256 10032 1
7256 7739 1
8079 606 1
8079 3572 1
8079 281 1
8079 4278 1
8079 6715 1
6443 1406 1
6443 5906 1
6443 1097 1
6443 10528 1
6443 5524 1
610 10282 1
610 9803 1
610 930 1
610 3537 1
6795 1836 1
6795 10443 1
6795 1151 1
6795 7228 1
9264 718 1
9264 494 1
9264 6374 1
9264 10807 1
10087 1965 1
10087 10062 1
10087 584 1
10087 3572 1
10087 8644 1
7633 9688 1
7633 9915 1
7633 5265 1
7633 8229 1
7633 1101 1
5395 6935 1
5395 2238 1
5395 248 1
5395 10551 1
5395 9427 1
2926 1275 1
2926 8146 1
2926 584 1
2926 3049 1
2926 5326 1
4971 4105 1
4971 9740 1
4971 2410 1
4971 11018 1
4971 8668 1
6062 1716 1
6062 8020 1
6062 965 1
6062 5966 1
6062 3993 1
3218 1153 1
3218 5974 1
3218 614 1
3218 4104 1
3218 4069 1
8979 2296 1
8979 9654 1
8979 1077 1
8979 6001 1
8979 5054 1
5297 10830 1
5297 5248 1
5297 5994 1
5297 1659 1
359 398 1
359 8547 1
359 2691 1
359 3699 1
359 5336 1
8948 10678 1
8948 7638 1
8948 10927 1
8948 237 1
8948 5723 1
4040 9482 1
4040 5687 1
4040 2851 1
4040 5569 1
4040 5364 1
9204 5410 1
9204 9442 1
9204 2691 1
9204 4797 1
9204 8973 1
7558 8229 1
7558 9915 1
7558 5463 1
7558 9876 1
7558 2255 1
9814 2671 1
9814 3683 1
9814 1727 1
9814 10343 1
9814 8117 1
1634 11150 1
1634 8013 1
1634 982 1
1634 6814 1
1634 8395 1
6951 5487 1
6951 7149 1
6951 3488 1
6951 4169 1
6951 6725 1
4553 2119 1
4553 3275 1
4553 1180 1
4553 6244 1
4553 8973 1
7845 537 1
7845 3392 1
7845 384 1
7845 3761 1
960 8687 1
960 9923 1
960 2426 1
960 848 1
960 8242 1
10593 5107 1
11052 2877 1
11052 4253 1
11052 853 1
11052 9275 1
11052 6035 1
2822 4493 1
2822 7281 1
2822 7830 1
2822 1087 1
2822 3737 1
11039 1153 1
11039 3974 1
11039 720 1
11039 4286 1
11039 6528 1
4455 6685 1
4455 8829 1
4455 8637 1
4455 1200 1
4455 5328 1
4046 3302 1
4046 8761 1
8072 4948 1
8072 10542 1
8072 3198 1
8072 4499 1
8072 6243 1
3138 4499 1
3138 3198 1
3138 5829 1
3138 3343 1
3138 5304 1
7253 1029 1
7253 6935 1
7253 606 1
7253 10673 1
7253 5966 1
2754 5840 1
2754 7716 1
2754 10016 1
2754 3317 1
2754 10225 1
5304 4948 1
5304 10924 1
5304 3198 1
5304 4499 1
5304 10542 1
4913 4916 1
4913 4762 1
4913 7783 1
4913 395 1
8395 1153 1
8395 6935 1
8395 767 1
8395 7768 1
6892 738 1
6892 4937 1
6892 452 1
6892 6063 1
6892 8911 1
8119 7650 1
8119 9414 1
8119 536 1
8119 2923 1
6192 1275 1
6192 7746 1
6192 584 1
6192 8277 1
6192 7754 1
336 7778 1
336 4371 1
336 10376 1
336 1518 1
336 4316 1
4451 2194 1
4451 8091 1
4451 2611 1
3868 10016 1
3868 1359 1
3868 4905 1
3868 188 1
3868 619 1
5504 4128 1
5504 7505 1
5504 1688 1
5504 6099 1
5504 9275 1
9594 853 1
9594 4531 1
9594 532 1
9594 5230 1
9594 7806 1
3010 1715 1
3010 9072 1
3010 873 1
3010 3232 1
3010 6762 1
1732 1557 1
1732 6541 1
1732 1432 1
9503 4296 1
9503 10969 1
9503 731 1
11149 1729 1
11149 10390 1
11149 498 1
11149 5281 1
11149 10033 1
7843 720 1
7843 4531 1
7843 335 1
7843 5163 1
7843 9602 1
9489 5308 1
9489 2770 1
9489 8242 1
9489 2426 1
9489 2671 1
7020 4664 1
7020 5421 1
7020 2908 1
7020 8767 1
7020 8286 1
6197 430 1
6197 2954 1
6197 370 1
6197 3528 1
6197 5451 1
8242 5308 1
8242 8317 1
8242 2881 1
8242 4314 1
8242 9489 1
7738 7831 1
7738 9148 1
7738 11064 1
7738 4596 1
7831 7136 1
7831 1066 1
7831 8765 1
7831 6023 1
424 1419 1
424 11061 1
424 8039 1
424 3722 1
424 1947 1
8604 2762 1
8604 8813 1
8604 2177 1
8604 5700 1
9422 1944 1
9422 8748 1
9422 1557 1
9422 11039 1
9422 8229 1
11068 929 1
11068 3747 1
11068 411 1
11068 4230 1
11068 6372 1
5751 2284 1
5751 8565 1
5751 758 1
5751 7945 1
5751 7530 1
2585 10285 1
2585 9342 1
2585 10132 1
2585 2614 1
2585 1577 1
9169 2162 1
9169 9740 1
9169 720 1
9169 5824 1
9169 10374 1
7606 2284 1
7606 10202 1
7606 758 1
7606 6052 1
7606 8274 1
9347 2226 1
9347 8178 1
9347 10654 1
9347 7686 1
5868 1152 1
5868 5124 1
5868 5681 1
5868 10890 1
6691 2363 1
6691 9333 1
6691 1688 1
6691 5968 1
6691 3788 1
9983 3275 1
9983 4679 1
9983 1843 1
9983 10442 1
9983 8117 1
7110 2089 1
7110 1602 1
7110 9092 1
7110 7411 1
8756 976 1
8756 5191 1
8756 532 1
8756 6255 1
8756 10613 1
5182 2226 1
5182 8705 1
5097 1659 1
5097 870 1
5097 4965 1
5097 8011 1
10773 6410 1
10773 5315 1
10773 2156 1
10773 3532 1
5012 5994 1
5012 9946 1
5012 10830 1
5012 4170 1
5012 5248 1
2533 7558 1
2533 1101 1
2533 10467 1
2533 4081 1
2533 872 1
887 5452 1
887 8576 1
887 6223 1
887 5574 1
6648 1629 1
6648 8730 1
6648 623 1
6648 9033 1
6648 6529 1
8407 5273 1
8407 1771 1
8407 9712 1
8407 7920 1
6771 4165 1
6771 5651 1
6771 3440 1
6771 10239 1
6771 10016 1
1443 720 1
1443 4978 1
1443 335 1
1443 10882 1
1443 3049 1
5124 4842 1
5124 5451 1
5124 2944 1
5124 5996 1
5124 8782 1
1802 1211 1
1802 9062 1
1802 896 1
1802 8572 1
1802 4298 1
7563 3615 1
7563 5163 1
7563 2447 1
7563 10610 1
7563 7000 1
10032 3653 1
10032 4586 1
10032 1056 1
10032 10376 1
10032 7088 1
9296 1629 1
9296 6595 1
9296 623 1
9296 7676 1
9296 10723 1
5181 10834 1
5181 3292 1
5181 10729 1
5181 989 1
6288 1629 1
6288 10546 1
6288 623 1
6288 10588 1
6288 7457 1
3822 3275 1
3822 1066 1
3822 4840 1
3822 582 1
3822 730 1
4998 3064 1
4998 7147 1
4998 1944 1
4998 10263 1
4998 4069 1
1717 3401 1
1717 6398 1
1717 2466 1
1717 10263 1
71 8515 1
71 8401 1
71 11149 1
71 1873 1
71 4664 1
102 6935 1
102 6391 1
102 6286 1
102 4044 1
102 10802 1
10736 5839 1
10736 4213 1
10736 9980 1
10736 1640 1
10736 2704 1
6621 8581 1
6621 10139 1
6621 4618 1
6621 9796 1
6621 7956 1
8484 1097 1
8484 4372 1
8484 667 1
8484 5117 1
8484 7177 1
7548 2284 1
7548 8912 1
7548 758 1
7548 6052 1
7548 7660 1
4345 2382 1
4345 10163 1
4345 880 1
4345 10000 1
4345 8891 1
8911 1083 1
8911 7746 1
8911 584 1
8911 8644 1
8911 7231 1
2761 10555 1
2761 10177 1
2761 2296 1
2761 130 1
5230 3624 1
5230 414 1
5230 10311 1
2401 1365 1
2401 2401 1
2401 797 1
2401 5027 1
2401 6500 1
1987 1406 1
1987 8827 1
1987 1097 1
1987 5524 1
1987 2932 1
9833 4457 1
9833 982 1
9833 382 1
9833 377 1
6541 4152 1
6541 1732 1
6541 6028 1
6541 1557 1
4905 619 1
4905 5248 1
4905 3868 1
8546 3326 1
8546 10882 1
8546 2535 1
8546 6491 1
8546 4356 1
2595 853 1
2595 5443 1
2595 10873 1
2595 7229 1
5064 1328 1
5064 5593 1
5064 623 1
5064 9011 1
5064 6595 1
2880 3463 1
2880 1535 1
2880 6058 1
2880 7530 1
2880 6097 1
411 5906 1
411 2950 1
411 3597 1
411 9374 1
8411 10167 1
8411 3922 1
8411 7479 1
8411 11070 1
8411 3644 1
8976 68 1
8976 2008 1
10813 2814 1
10813 10813 1
10813 1764 1
10813 6912 1
10813 4596 1
5496 1406 1
5496 6936 1
5496 1097 1
5496 7994 1
5496 7432 1
5087 10644 1
5087 7359 1
5087 882 1
5087 1639 1
10809 1173 1
10809 5124 1
10809 866 1
10809 5906 1
10809 8827 1
7517 5130 1
7517 4199 1
7517 7200 1
7517 2475 1
7517 3317 1
933 9297 1
933 1942 1
933 1480 1
933 9911 1
933 8744 1
3807 4559 1
3807 8198 1
3807 2052 1
3807 2006 1
2024 3974 1
2024 9397 1
2024 1944 1
2024 8992 1
2024 3986 1
583 9870 1
583 1629 1
583 232 1
583 3062 1
583 5574 1
720 9732 1
720 7768 1
720 360 1
720 8565 1
720 10418 1
3672 2897 1
3672 3262 1
3672 8239 1
3672 4135 1
264 3262 1
264 3926 1
264 180 1
264 10873 1
264 941 1
4379 1059 1
4379 8099 1
4379 606 1
4379 8871 1
4379 8523 1
6848 5242 1
6848 8123 1
6848 3969 1
6848 4827 1
10140 3354 1
10140 5816 1
10140 1839 1
10140 9467 1
10140 7638 1
733 8576 1
733 2780 1
733 4737 1
733 5878 1
733 7814 1
8626 3812 1
8626 1762 1
8626 9158 1
8626 116 1
8626 1281 1
6980 4097 1
6980 5968 1
6980 2307 1
6980 7530 1
6980 8915 1
3301 7663 1
3301 2658 1
3301 258 1
3301 5574 1
3301 6563 1
8419 3104 1
8419 3823 1
8419 2237 1
8419 7169 1
8419 4553 1
5451 1173 1
5451 4648 1
5451 667 1
5451 5244 1
5451 8078 1
7920 10726 1
7920 2402 1
7920 258 1
7920 8407 1
7920 9473 1
1715 4865 1
1715 9072 1
1715 1483 1
1715 6835 1
10768 4352 1
10768 5441 1
10768 2658 1
10768 10411 1
10768 9077 1
1629 6529 1
1629 10792 1
1629 232 1
1629 7530 1
1629 11006 1
806 8714 1
806 6991 1
806 2821 1
806 9490 1
10248 1993 1
10248 9175 1
10248 1356 1
10248 4937 1
10248 3953 1
1659 5248 1
1659 7705 1
1659 1234 1
1659 2985 1
1659 4345 1
11173 1406 1
11173 5906 1
11173 1097 1
11173 6936 1
11173 5524 1
9946 8865 1
9946 5994 1
9946 7187 1
9946 8780 1
7023 7530 1
7023 2447 1
7023 258 1
7023 8603 1
7023 11054 1
2908 5421 1
2908 10394 1
2908 8305 1
2209 7177 1
2209 6926 1
2209 2827 1
2209 8428 1
2209 6383 1
7432 1406 1
7432 5524 1
7432 1097 1
7432 8827 1
3317 7517 1
3317 1515 1
3317 10022 1
3317 3386 1
3317 7876 1
848 8530 1
848 6755 1
848 960 1
848 9814 1
848 1138 1
384 9110 1
384 8565 1
384 7591 1
384 7678 1
384 9841 1
2853 9430 1
9437 2227 1
9437 9442 1
1097 2058 1
1097 5244 1
1097 9731 1
1097 1987 1
1097 6137 1
6035 2944 1
6035 10591 1
6035 1190 1
6035 5899 1
6035 4196 1
309 8223 1
309 9980 1
309 3953 1
309 3192 1
309 767 1
10723 6648 1
10723 1801 1
10723 85 1
10723 6066 1
10723 9250 1
11132 7505 1
11132 2112 1
11132 232 1
11132 7023 1
11132 11006 1
7017 965 1
7017 4725 1
7017 414 1
7017 5966 1
7017 7279 1
433 6529 1
433 5604 1
433 8871 1
433 10318 1
433 11129 1
1251 5994 1
1251 10830 1
1251 3298 1
4136 6086 1
4136 2290 1
4136 2084 1
4136 578 1
10715 1238 1
4954 6061 1
4954 2381 1
4954 232 1
4954 7031 1
4954 9605 1
10129 811 1
10129 5831 1
10129 452 1
10129 7231 1
10129 5169 1
7000 5617 1
7000 8748 1
7000 3397 1
7000 5512 1
7000 10339 1
4618 6621 1
4618 5360 1
4618 9796 1
4618 8398 1
4618 5687 1
8733 3103 1
8733 8398 1
962 10140 1
962 5033 1
962 8398 1
962 214 1
962 4487 1
3510 1208 1
3510 6840 1
3510 561 1
3510 10546 1
3510 9600 1
3111 1096 1
3111 10828 1
3111 887 1
3111 10869 1
3111 9427 1
10064 3064 1
10064 10263 1
10064 1944 1
10064 6398 1
10064 4239 1
970 3677 1
970 7076 1
970 8378 1
970 1325 1
970 4547 1
5469 1406 1
5469 5637 1
5469 1097 1
5469 9823 1
5469 5906 1
519 7835 1
519 10826 1
519 3677 1
519 8378 1
519 4547 1
4060 5971 1
4060 2262 1
4060 232 1
4060 4061 1
4060 8603 1
6529 1208 1
6529 4629 1
6529 433 1
6529 5593 1
6529 6737 1
400 8364 1
400 2860 1
10276 10069 1
10276 1671 1
10276 8263 1
10276 1504 1
10276 1530 1
9008 2791 1
9008 9264 1
9008 2175 1
9008 5534 1
9008 9110 1
7362 5449 1
7362 9931 1
7362 11097 1
938 6223 1
9994 3800 1
9994 4998 1
5056 720 1
5056 3373 1
5056 281 1
5056 3813 1
5056 10792 1
4238 6595 1
4238 2571 1
4238 232 1
4238 8998 1
4238 7379 1
9632 395 1
9632 7783 1
9632 4916 1
7163 1818 1
7163 8117 1
7163 1096 1
7163 5080 1
7163 3111 1
4709 1489 1
4709 8079 1
4709 965 1
4709 4190 1
4709 8020 1
4596 2346 1
4596 5222 1
4596 9973 1
4596 6489 1
3369 5687 1
6536 1818 1
6536 8765 1
6536 1223 1
6536 5360 1
6536 3026 1
4352 4672 1
4352 8807 1
4352 2658 1
4352 4828 1
4352 8219 1
2307 2691 1
2307 4108 1
2307 1637 1
2307 9442 1
2307 6980 1
1484 3659 1
1484 5503 1
1484 3574 1
1484 7354 1
1484 6777 1
9714 11133 1
9714 973 1
9714 3809 1
9714 9154 1
9714 916 1
4199 455 1
4199 2890 1
4199 264 1
4199 5056 1
4199 7200 1
7491 6218 1
7491 6101 1
7491 8911 1
7491 1857 1
7491 6073 1
8174 1412 1
8174 2530 1
8174 414 1
8174 8099 1
8174 4631 1
6528 1892 1
6528 8572 1
6528 944 1
6528 4239 1
6528 8282 1
767 2027 1
767 5966 1
767 606 1
767 2362 1
767 8395 1
3733 3344 1
3733 6529 1
3733 2363 1
3733 11129 1
3733 4069 1
1688 1341 1
1688 7505 1
1688 806 1
1688 8935 1
1688 1705 1
8576 5184 1
8576 4159 1
8576 10496 1
8576 10316 1
346 9872 1
346 731 1
346 5441 1
6107 5291 1
6107 8349 1
6107 2933 1
6107 4189 1
6107 10782 1
6835 3232 1
6835 5442 1
6835 2097 1
6835 9593 1
6835 6653 1
1341 830 1
1341 6759 1
1341 296 1
1341 3570 1
1341 4810 1
8748 2511 1
8748 8927 1
8748 1944 1
8748 7000 1
8748 5163 1
9177 5968 1
9177 3818 1
9177 2884 1
9177 1281 1
5885 8450 1
5885 8014 1
5885 5564 1
5885 7144 1
3877 5441 1
3877 10768 1
3877 2658 1
3877 10353 1
3877 4382 1
4700 4021 1
4700 10661 1
4700 1375 1
4700 4968 1
4700 8380 1
7992 561 1
7992 4870 1
7992 317 1
7992 5616 1
7992 8712 1
7174 1525 1
7174 10871 1
7174 1335 1
7174 5684 1
7174 8981 1
3164 2343 1
3164 5974 1
3164 718 1
3164 6642 1
3164 8269 1
7279 2081 1
7279 10886 1
7279 1381 1
7279 10158 1
7279 7193 1
10912 1705 1
10912 9431 1
10912 1443 1
10912 4870 1
10912 8883 1
1096 5080 1
1096 4853 1
1096 6023 1
1096 2492 1
1096 3494 1
6790 4618 1
6790 6649 1
6790 5687 1
10353 3788 1
10353 4672 1
10353 1906 1
10353 10265 1
10353 7610 1
4000 10588 1
4000 2272 1
4000 258 1
4000 11054 1
4000 10022 1
1551 3978 1
1551 3469 1
1551 8911 1
1551 4320 1
1551 4631 1
6489 5831 1
6489 584 1
6489 8146 1
9781 11129 1
9781 8604 1
9781 10411 1
9781 2842 1
9781 7904 1
5792 6563 1
5792 2658 1
5792 258 1
5792 9605 1
5792 6549 1
2921 811 1
2921 3181 1
2921 452 1
2921 10129 1
2921 10849 1
8827 1406 1
8827 5637 1
8827 1097 1
8827 6803 1
6358 8808 1
6358 10505 1
6358 6410 1
6358 10017 1
3945 4536 1
3945 2402 1
3945 258 1
3945 6033 1
3945 7064 1
10529 11006 1
10529 2658 1
10529 258 1
10529 9577 1
10529 9939 1
8883 2601 1
8883 10850 1
8883 1365 1
8883 6118 1
8883 4590 1
3975 5994 1
3975 10002 1
3975 3748 1
3975 5159 1
3975 10016 1
4731 4823 1
4731 1944 1
4731 7733 1
4731 9821 1
4731 1916 1
9131 1211 1
9131 4649 1
9131 675 1
9131 8509 1
78 2237 1
78 8419 1
78 6057 1
78 6363 1
78 9753 1
4193 2987 1
4193 10560 1
4193 2145 1
4193 4596 1
4193 10656 1
7485 5010 1
7485 1556 1
7485 615 1
7485 982 1
896 8572 1
896 1153 1
896 2734 1
896 2798 1
8303 899 1
8303 6329 1
8303 440 1
8303 6876 1
8303 9373 1
3404 6351 1
3404 5435 1
3404 11055 1
3404 1149 1
3404 1301 1
2064 3912 1
2064 2642 1
2064 1600 1
2064 8761 1
7825 1252 1
7825 7288 1
10274 4596 1
10274 3494 1
10274 10343 1
10274 1444 1
10274 3007 1
398 6192 1
398 3699 1
398 7427 1
398 3720 1
398 6346 1
11097 9931 1
11097 9050 1
11097 7362 1
11097 3827 1
2936 3022 1
2936 2284 1
2936 232 1
2936 6563 1
2936 3100 1
876 3858 1
876 4862 1
876 893 1
3345 9756 1
3345 7237 1
3345 9995 1
3345 7259 1
3345 550 1
8936 7699 1
8936 5925 1
8936 10804 1
8936 1281 1
8936 2112 1
10582 8022 1
10582 10326 1
10582 4081 1
10582 7839 1
10582 9959 1
1877 976 1
1877 3926 1
1877 414 1
1877 6737 1
1877 3659 1
8906 10461 1
8906 2012 1
8906 4107 1
8906 10306 1
8906 1956 1
10542 4948 1
10542 10924 1
10542 3198 1
10542 4499 1
10542 8072 1
9275 982 1
9275 5366 1
9275 687 1
9275 6197 1
9275 10591 1
2731 5586 1
2731 5107 1
2731 6938 1
2731 9714 1
2731 7746 1
6846 9319 1
6033 1730 1
6033 7131 1
6033 1153 1
6033 4115 1
6033 9146 1
5210 3296 1
5210 4407 1
5210 2339 1
5210 6815 1
5210 7823 1
4605 3603 1
4605 2648 1
4605 4985 1
4605 6687 1
7074 1716 1
7074 8395 1
7074 965 1
7074 5966 1
7074 3993 1
5651 6771 1
5651 5248 1
5651 10830 1
5651 286 1
5651 4165 1
10589 10891 1
10589 3147 1
5026 10221 1
5026 2506 1
5026 5380 1
5026 8980 1
5026 1934 1
9956 9509 1
9956 9753 1
9956 8721 1
9956 5079 1
9148 6661 1
9148 649 1
9148 8246 1
9148 6184 1
7502 3969 1
7502 9245 1
2150 8736 1
2150 3659 1
7911 1715 1
7911 9766 1
7911 944 1
7911 9700 1
7911 8992 1
6803 1152 1
6803 4941 1
6803 898 1
6803 5637 1
6803 8078 1
219 1012 1
219 2052 1
219 3467 1
219 10239 1
3677 4547 1
3677 3237 1
3677 9158 1
3677 519 1
3677 970 1
9438 2081 1
9438 7359 1
9438 1381 1
9438 8451 1
9438 7193 1
1258 2015 1
1258 2145 1
1258 10834 1
1258 3292 1
176 6935 1
176 7028 1
176 4104 1
176 4308 1
8765 1986 1
8765 2492 1
8765 1326 1
8765 6023 1
8765 3494 1
9523 899 1
9523 6329 1
9523 440 1
9523 6876 1
9523 10123 1
7054 4352 1
7054 5441 1
7054 2658 1
7054 10265 1
7054 10768 1
1328 8712 1
1328 9605 1
1328 623 1
1328 2970 1
1328 6529 1
5734 3494 1
1524 5410 1
1524 9264 1
1524 4519 1
1524 9654 1
3062 5611 1
3062 1785 1
3062 85 1
3062 6576 1
3062 4069 1
7177 2877 1
7177 10613 1
7177 1787 1
7177 5739 1
7177 8779 1
9441 452 1
9441 3049 1
9441 359 1
9441 3478 1
9441 5819 1
5326 1275 1
5326 8002 1
5326 584 1
5326 6111 1
5326 7746 1
4079 9779 1
4079 7965 1
4079 3457 1
4079 7129 1
4079 486 1
7371 9142 1
7371 2658 1
7371 258 1
7371 9545 1
7371 10588 1
1483 9600 1
1483 3022 1
1483 944 1
1483 3164 1
1483 4069 1
7214 11023 1
7214 10016 1
7214 6346 1
7214 5248 1
6391 5374 1
6391 9841 1
6391 4861 1
6391 10343 1
9887 2877 1
9887 10591 1
9887 1152 1
9887 6576 1
9887 4842 1
834 6286 1
834 1906 1
834 7370 1
834 7977 1
834 4828 1
4949 216 1
4949 6071 1
4949 8506 1
3198 3438 1
3198 4948 1
3198 5829 1
3198 10924 1
3198 5304 1
8949 8282 1
8949 887 1
8949 4115 1
8949 7378 1
3788 6927 1
3788 1959 1
3788 161 1
3788 7920 1
3788 4060 1
6257 5260 1
6257 6197 1
6257 3544 1
6257 9788 1
6257 9346 1
5434 3510 1
5434 10317 1
5434 2545 1
5434 10287 1
5434 5188 1
10033 4664 1
10033 5421 1
10033 2908 1
10033 10238 1
10033 8401 1
10487 623 1
10487 4148 1
10487 233 1
10487 4987 1
10487 7457 1
3080 4605 1
3080 6410 1
3080 5096 1
3080 6639 1
3080 1021 1
4661 7676 1
4661 2658 1
4661 258 1
4661 9142 1
4661 5574 1
9356 2081 1
9356 7359 1
9356 1381 1
9356 8451 1
9356 7193 1
2772 4624 1
2772 2091 1
2772 4704 1
2772 10681 1
6353 2081 1
6353 1381 1
6353 9490 1
6353 9502 1
3292 2145 1
3292 3239 1
3292 1818 1
3292 7067 1
3292 4555 1
2035 1533 1
2035 8199 1
2035 6087 1
6973 9261 1
6973 5076 1
6973 6973 1
6973 1535 1
6973 2194 1
9442 2401 1
9442 1991 1
9442 6580 1
9442 10976 1
5352 319 1
5352 7084 1
5352 10983 1
3691 9168 1
3691 6125 1
7806 1328 1
7806 6529 1
7806 623 1
7806 7494 1
7806 8153 1
9642 6825 1
9642 9174 1
9642 4770 1
9642 6803 1
9642 8979 1
4325 3503 1
4325 5313 1
4325 2908 1
4325 8305 1
4325 6328 1
7847 689 1
7847 9769 1
7847 5996 1
1840 6286 1
1840 4462 1
1840 2563 1
1840 5434 1
1840 5188 1
6374 1634 1
6374 5569 1
6374 9092 1
613 6035 1
613 9887 1
613 5899 1
613 8883 1
613 4196 1
1151 6350 1
1151 3419 1
1151 10636 1
1151 8500 1
1151 6432 1
6411 899 1
6411 6329 1
6411 440 1
6411 11006 1
6411 7618 1
8450 2135 1
8450 10686 1
8450 1165 1
8450 4974 1
8450 10334 1
2609 5684 1
2609 8687 1
2609 547 1
4255 4682 1
4255 11054 1
4255 3314 1
4255 8891 1
4255 5097 1
623 1806 1
623 9602 1
623 561 1
623 3993 1
623 2289 1
9895 216 1
9895 7090 1
9895 2820 1
10718 7433 1
10718 5926 1
10718 10292 1
10718 440 1
10718 1422 1
370 8089 1
370 744 1
370 2954 1
370 10215 1
5308 1923 1
5308 2772 1
5308 1213 1
5308 9489 1
10246 7076 1
10246 10859 1
10246 4516 1
10246 6009 1
10673 1716 1
10673 8731 1
10673 965 1
10673 5966 1
10673 3993 1
3180 3854 1
3180 2799 1
3180 6140 1
3180 6360 1
4826 3194 1
4826 2627 1
4826 6861 1
4826 1506 1
4826 1618 1
10143 1173 1
10143 5469 1
10143 807 1
10143 6137 1
6836 8313 1
6836 555 1
6836 5978 1
6836 7807 1
9899 811 1
9899 6892 1
9899 583 1
9899 7755 1
9899 6111 1
2851 972 1
2851 4180 1
2851 357 1
2851 11068 1
2851 8215 1
11081 811 1
11081 5831 1
11081 452 1
11081 7231 1
11081 5169 1
2028 5812 1
2028 3292 1
2028 10306 1
2028 10834 1
2028 8154 1
2821 648 1
2821 4871 1
2821 397 1
2821 3648 1
2821 9490 1
6936 1152 1
6936 4818 1
6936 685 1
6936 5496 1
6936 7626 1
8572 7370 1
8572 887 1
8572 8949 1
8572 6997 1
5709 980 1
5709 8395 1
5709 477 1
5709 6115 1
5709 7321 1
6941 9980 1
6118 1443 1
6118 9275 1
6118 720 1
6118 6500 1
6118 10260 1
6303 8769 1
6303 3108 1
6303 5900 1
6303 8066 1
6303 1496 1
1365 1152 1
1365 2695 1
1365 744 1
1365 7598 1
1365 3584 1
10418 865 1
10418 6197 1
10418 335 1
10418 7411 1
10418 6036 1
9600 561 1
9600 3164 1
9600 455 1
9600 3463 1
9600 4876 1
10974 2254 1
10974 7733 1
10974 1715 1
10974 5499 1
10974 10343 1
7682 1025 1
7682 5534 1
7682 537 1
7682 6525 1
7682 9146 1
4244 1238 1
10828 1287 1
10828 10116 1
10828 1087 1
10828 5589 1
10828 3737 1
154 2535 1
154 8565 1
154 4135 1
154 5498 1
6738 9919 1
6738 6372 1
6738 7657 1
6738 977 1
6738 3990 1
4693 2542 1
4693 4417 1
4693 1772 1
4693 7927 1
4693 10902 1
2639 1986 1
2639 2492 1
2639 1326 1
2639 3748 1
2639 9104 1
993 4104 1
993 4308 1
993 8451 1
993 7017 1
993 6991 1
3239 2296 1
3239 3610 1
3239 1077 1
3239 6065 1
3239 8979 1
9823 1406 1
9823 5906 1
9823 1097 1
9823 6936 1
9823 5524 1
8184 6086 1
8184 4946 1
8184 9535 1
8184 4392 1
1695 8398 1
1695 3854 1
1695 3103 1
1695 10077 1
1695 3180 1
9925 1818 1
9925 9104 1
9925 1096 1
9925 5360 1
9925 3111 1
5640 4021 1
5640 8959 1
5640 1375 1
5640 8380 1
9321 9430 1
6689 1406 1
6689 5469 1
6689 1097 1
6689 6197 1
6689 8381 1
9158 3237 1
9158 4547 1
9158 1293 1
9158 9986 1
9158 8626 1
9873 899 1
9873 5971 1
9873 440 1
9873 9998 1
2466 532 1
2466 3659 1
2466 296 1
2466 6255 1
2466 8401 1
7963 2081 1
7963 7359 1
7963 1381 1
7963 11163 1
7963 7193 1
5076 9948 1
5076 5564 1
5076 6973 1
5076 2479 1
5899 1082 1
5899 6196 1
5899 853 1
5899 7598 1
4253 2651 1
4253 1271 1
4253 4938 1
2970 3517 1
2970 1634 1
2970 3409 1
2970 9602 1
2970 8187 1
7977 4230 1
7977 478 1
7977 5064 1
7977 6910 1
5668 1406 1
5668 7432 1
5668 1097 1
5668 6443 1
5668 5524 1
4022 606 1
4022 2008 1
462 9110 1
462 8269 1
462 5657 1
462 276 1
462 3364 1
