8921 2015 1
8921 5971 1
8921 10306 1
8921 3600 1
8921 1258 1
10306 8921 1
10306 10233 1
10306 4555 1
10306 8524 1
10306 10461 1
1258 2145 1
1258 2015 1
1258 10834 1
1258 3542 1
1258 10305 1
2015 10729 1
2015 6536 1
2015 8315 1
2015 10306 1
2015 11036 1
3600 10306 1
3600 8154 1
3600 3292 1
3600 8921 1
3600 10834 1
5971 5969 1
5971 2552 1
5971 7211 1
5971 2071 1
5971 2880 1
10305 7067 1
10305 8921 1
10305 4882 1
10305 5992 1
10305 9605 1
4555 10834 1
4555 8921 1
4555 3292 1
4555 10306 1
4555 10305 1
10834 8513 1
10834 9605 1
10834 4555 1
10834 7961 1
10834 10437 1
2071 2238 1
2071 6876 1
2071 6391 1
2071 9605 1
2071 11060 1
8524 3983 1
8524 9378 1
8524 7178 1
8524 8340 1
8524 1818 1
3542 5928 1
3542 3079 1
3542 5109 1
3542 2446 1
3542 5997 1
2145 10910 1
2145 6609 1
2145 4737 1
2145 7067 1
2145 5037 1
10461 2997 1
10461 8735 1
10461 10314 1
10461 6082 1
10461 1956 1
11036 5818 1
11036 3371 1
11036 8942 1
11036 2145 1
11036 2015 1
2880 8374 1
2880 629 1
2880 11054 1
2880 542 1
2880 3971 1
2552 3100 1
2552 8470 1
2552 4060 1
2552 6572 1
2552 2737 1
3292 8154 1
3292 6051 1
3292 10305 1
3292 3610 1
3292 5807 1
10233 4830 1
10233 5246 1
10233 3569 1
10233 4744 1
10233 5670 1
8154 2548 1
8154 2028 1
8154 5807 1
8154 10834 1
8154 1956 1
7211 7084 1
7211 2880 1
7211 8802 1
7211 2508 1
7211 3362 1
5969 5503 1
5969 1197 1
5969 3362 1
5969 899 1
5969 7484 1
8315 1812 1
8315 9276 1
8315 6205 1
8315 9447 1
8315 1350 1
6536 5387 1
6536 6184 1
6536 2867 1
6536 5080 1
6536 7831 1
10729 1616 1
10729 5773 1
10729 9376 1
10729 3289 1
10729 1258 1
11054 5881 1
11054 1011 1
11054 3447 1
11054 818 1
11054 9802 1
3100 4766 1
3100 1130 1
3100 9733 1
3100 818 1
3100 3945 1
5928 7245 1
5928 7829 1
5928 3542 1
5928 10824 1
5928 5512 1
6082 1582 1
6082 8735 1
6082 2793 1
6082 10461 1
6082 5649 1
8735 1582 1
8735 10461 1
8735 2793 1
8735 6082 1
8735 5649 1
2997 10461 1
2997 4107 1
2997 2012 1
2997 8906 1
2997 2793 1
8374 6737 1
8374 1629 1
8374 3957 1
8374 1336 1
8374 7064 1
10314 10461 1
4882 8513 1
4882 3292 1
4882 10305 1
4882 3051 1
4882 2666 1
5037 3367 1
5037 5178 1
5037 10305 1
5037 9669 1
5037 1593 1
5818 7102 1
5818 11036 1
5818 2145 1
5818 10071 1
5818 4840 1
8340 3749 1
8340 2481 1
8340 7501 1
8340 8524 1
8340 1424 1
4737 4720 1
4737 3542 1
4737 1818 1
4737 2145 1
4737 2015 1
5997 2987 1
5997 9119 1
5997 4501 1
5997 10019 1
5997 1258 1
5109 1350 1
5109 9842 1
5109 4416 1
5109 9274 1
5109 1002 1
2446 6205 1
2446 8584 1
2446 8231 1
2446 9842 1
2446 1087 1
2737 8882 1
2737 8736 1
2737 3574 1
2737 8716 1
2737 7211 1
3610 3239 1
3610 10834 1
3610 7332 1
3610 6026 1
3610 817 1
3971 5827 1
3971 5241 1
3971 5503 1
3971 9011 1
3971 2884 1
10910 8643 1
10910 10092 1
10910 6261 1
10910 8010 1
10910 1190 1
8513 4882 1
8513 3292 1
8513 10834 1
8513 3051 1
8513 2666 1
629 4877 1
629 4115 1
629 3523 1
629 6572 1
629 941 1
7961 3292 1
7961 3051 1
7961 10834 1
7961 8513 1
7961 1549 1
2238 2281 1
2238 1130 1
2238 8282 1
2238 756 1
2238 7064 1
3371 2015 1
3371 11036 1
3371 2145 1
3371 8942 1
6572 5783 1
6572 1197 1
6572 3386 1
6572 899 1
6572 11060 1
6184 9148 1
6184 6536 1
6184 2522 1
6184 9716 1
6184 3305 1
7178 4332 1
7178 8524 1
7178 6410 1
7178 6791 1
7178 1818 1
5670 5559 1
5670 10525 1
5670 4480 1
5670 5246 1
5670 9007 1
8470 8716 1
8470 3574 1
8470 9373 1
8470 3100 1
8470 4060 1
5246 5130 1
5246 8071 1
5246 4149 1
5246 4830 1
5246 7702 1
5387 9104 1
5387 7831 1
5387 3111 1
5387 6023 1
5387 6536 1
6609 10993 1
6609 5512 1
6609 2015 1
6609 4720 1
6609 2145 1
1956 2028 1
1956 6749 1
1956 3480 1
1956 2793 1
1956 261 1
2548 10305 1
2548 3292 1
2548 10834 1
2548 3289 1
2548 989 1
899 6577 1
899 11060 1
899 4060 1
899 10792 1
899 8303 1
542 8506 1
542 10287 1
542 7371 1
542 8736 1
542 7031 1
7831 9068 1
7831 3305 1
7831 2138 1
7831 2987 1
7831 3906 1
5503 4000 1
5503 818 1
5503 7945 1
5503 629 1
5503 8669 1
5080 5387 1
5080 7831 1
5080 3026 1
5080 6023 1
5080 9148 1
1197 2238 1
1197 11060 1
1197 3574 1
1197 10792 1
1197 2880 1
7484 6918 1
7484 1664 1
7484 4000 1
7484 1336 1
7484 7359 1
9276 8479 1
9276 8880 1
9276 3651 1
9276 7647 1
9276 10710 1
4060 10886 1
4060 1197 1
4060 3397 1
4060 899 1
4060 9015 1
2508 7091 1
2508 2737 1
2508 6391 1
2508 3858 1
2508 2568 1
7067 3292 1
7067 3289 1
7067 10305 1
7067 2145 1
7067 1549 1
9447 6205 1
9447 7170 1
9447 3598 1
9447 5346 1
9447 8864 1
2867 9544 1
2867 3111 1
2867 9925 1
2867 8197 1
2867 4853 1
1350 9407 1
1350 2242 1
1350 8864 1
1350 9276 1
1350 2446 1
7084 8470 1
7084 3383 1
7084 8303 1
7084 2880 1
7084 3669 1
3362 6577 1
3362 9998 1
3362 3574 1
3362 3100 1
3362 8736 1
1616 8313 1
1616 10729 1
1616 8923 1
1616 6854 1
1616 6836 1
9376 7170 1
9376 8880 1
9376 3598 1
9376 6011 1
9376 9324 1
5992 11120 1
5992 9109 1
5992 10305 1
2028 10306 1
2028 3292 1
2028 10834 1
2028 8921 1
2028 1549 1
4744 4606 1
4744 5395 1
4744 3678 1
4744 4482 1
4744 10528 1
3289 2548 1
3289 5181 1
3289 10729 1
3289 8921 1
3289 1549 1
5773 8471 1
5773 8008 1
5773 1545 1
5773 10729 1
5773 2190 1
3569 5442 1
3569 8345 1
3569 3623 1
3569 4606 1
3569 2175 1
4830 4604 1
4830 4776 1
4830 3010 1
4830 4480 1
4830 10263 1
5807 3292 1
5807 2548 1
5807 10305 1
5807 8154 1
5807 1818 1
9378 9348 1
9378 8524 1
9378 1105 1
9378 3983 1
9378 3088 1
1812 4331 1
1812 8584 1
1812 8231 1
1812 2279 1
1812 3261 1
6051 5037 1
6051 5023 1
6051 9669 1
6051 9227 1
6051 3292 1
3983 8718 1
3983 8524 1
3983 9378 1
3983 7429 1
3983 8340 1
10437 4882 1
10437 3292 1
10437 10305 1
10437 3051 1
10437 2666 1
6391 3560 1
6391 678 1
6391 9146 1
6391 537 1
6391 7678 1
6876 8274 1
6876 3574 1
6876 7618 1
6876 3100 1
6876 4060 1
6205 1384 1
6205 9842 1
6205 4416 1
6205 8315 1
6205 1087 1
9605 4104 1
9605 702 1
9605 9108 1
9605 606 1
9605 6529 1
11060 8233 1
11060 3523 1
11060 9964 1
11060 2880 1
11060 3858 1
8942 3542 1
8942 3371 1
8942 5360 1
8942 2145 1
8942 2015 1
3079 1812 1
3079 6205 1
3079 3261 1
3079 3542 1
3079 1350 1
8802 5783 1
8802 1197 1
8802 3386 1
8802 899 1
8802 10318 1
1818 6383 1
1818 9925 1
1818 4853 1
1818 2073 1
1818 3111 1
4482 10528 1
4482 4776 1
4482 8385 1
4482 5978 1
4482 7857 1
3678 5241 1
3678 1029 1
3678 3218 1
3678 818 1
3678 4477 1
4606 10292 1
4606 2736 1
4606 8802 1
4606 2238 1
4606 3010 1
11120 9109 1
11120 6688 1
11120 1765 1
11120 5992 1
11120 5904 1
7064 5161 1
7064 1130 1
7064 3234 1
7064 806 1
7064 10757 1
9109 5992 1
9109 10305 1
9109 11120 1
8313 1616 1
8313 6836 1
3669 9448 1
3669 7078 1
3669 7084 1
3669 8006 1
3669 10654 1
9925 5387 1
9925 6293 1
9925 3026 1
9925 5255 1
9925 8071 1
5346 7170 1
5346 9376 1
5346 9407 1
5346 9357 1
5346 4331 1
7170 6547 1
7170 5346 1
7170 9447 1
7170 7647 1
7170 4331 1
10528 10954 1
10528 2091 1
10528 5926 1
10528 1882 1
10528 2287 1
2568 8882 1
2568 8736 1
2568 3574 1
2568 8716 1
2568 6876 1
3386 8987 1
3386 1629 1
3386 8755 1
3386 1233 1
3386 10041 1
9015 8470 1
9015 3560 1
9015 9873 1
9015 3060 1
9015 3993 1
4107 2237 1
4107 5548 1
4107 9850 1
4107 10881 1
4107 1616 1
10710 9276 1
10710 8479 1
10710 3598 1
10710 8315 1
10710 7647 1
7647 5109 1
7647 5982 1
7647 3542 1
7647 4537 1
7647 6547 1
8471 6433 1
8471 5773 1
8471 1822 1
8471 3239 1
8471 2190 1
9068 4094 1
9068 3906 1
9068 6730 1
9068 3065 1
9068 2138 1
7945 5616 1
7945 1130 1
7945 3383 1
7945 758 1
7945 8565 1
3906 431 1
3906 9068 1
3906 3065 1
3906 7831 1
3906 4106 1
3088 1105 1
3088 9378 1
3088 8524 1
3088 9348 1
7371 6918 1
7371 1664 1
7371 4000 1
7371 1336 1
7371 7359 1
9007 4482 1
9007 4776 1
9007 3111 1
9007 4292 1
9007 5246 1
2138 6908 1
2138 4495 1
2138 3564 1
2138 2517 1
2138 1295 1
8506 5053 1
8506 1130 1
8506 3227 1
8506 756 1
8506 9218 1
1011 10364 1
1011 10163 1
1011 7270 1
1011 3447 1
1011 641 1
3598 3632 1
3598 9889 1
3598 2756 1
3598 10710 1
3598 8880 1
6737 7147 1
6737 629 1
6737 9007 1
6737 537 1
6737 9146 1
9324 1686 1
9324 4416 1
9324 8880 1
9324 3591 1
9324 1110 1
9733 5751 1
9733 1059 1
9733 3344 1
9733 756 1
9733 9218 1
8197 6293 1
8197 7831 1
8197 3111 1
8197 5573 1
8197 10869 1
4416 5109 1
4416 8864 1
4416 3261 1
4416 4501 1
4416 9276 1
8303 9998 1
8303 3574 1
8303 8470 1
8303 3100 1
8303 4060 1
941 3397 1
941 4115 1
941 7867 1
941 8961 1
941 1535 1
10792 4861 1
10792 899 1
10792 2975 1
10792 678 1
10792 7867 1
6577 10434 1
6577 2880 1
6577 11060 1
6577 2508 1
6577 3362 1
261 3480 1
261 1956 1
261 9882 1
261 6086 1
3480 3135 1
3480 8230 1
3480 6086 1
3480 8363 1
3480 1356 1
3367 11126 1
3367 3618 1
3367 10947 1
3367 1584 1
3367 1419 1
6749 8809 1
6749 7230 1
6749 6130 1
6749 7196 1
6749 592 1
1424 3873 1
1424 9846 1
1424 4444 1
1424 9997 1
1424 669 1
606 6927 1
606 4115 1
606 6595 1
606 4104 1
606 9146 1
2242 4331 1
2242 8231 1
2242 5109 1
2242 3542 1
2242 2446 1
6023 9925 1
6023 10869 1
6023 3111 1
6023 5387 1
6023 9544 1
6836 6525 1
6836 11149 1
6836 3317 1
6836 5906 1
6836 8998 1
9104 6293 1
9104 7831 1
9104 3111 1
9104 5573 1
9104 8765 1
9407 3688 1
9407 7170 1
9407 9376 1
9407 6547 1
9407 1941 1
10318 5597 1
10318 982 1
10318 3317 1
10318 720 1
10318 8987 1
4149 4757 1
4149 2760 1
4149 7546 1
4149 2363 1
4149 2932 1
8071 10091 1
8071 3812 1
8071 2466 1
8071 3237 1
8071 3926 1
7332 6733 1
7332 3610 1
7332 989 1
7332 3292 1
7332 3239 1
4000 6595 1
4000 1233 1
4000 3523 1
4000 941 1
4000 6059 1
9373 8716 1
9373 3574 1
9373 9873 1
9373 3100 1
9373 4060 1
4480 4477 1
4480 899 1
4480 7084 1
4480 629 1
4480 6910 1
6410 6607 1
6410 8808 1
6410 5090 1
6410 10136 1
6410 10505 1
8864 1812 1
8864 4416 1
8864 8571 1
8864 3598 1
8864 1350 1
2522 4193 1
2522 3123 1
2522 9148 1
2522 8014 1
2522 1223 1
989 8921 1
989 9658 1
989 10729 1
989 5181 1
989 10306 1
9148 10766 1
9148 3111 1
9148 10813 1
9148 2805 1
9148 3748 1
10287 6061 1
10287 1535 1
10287 3574 1
10287 1130 1
10287 10792 1
7501 349 1
7501 9846 1
7501 8340 1
2481 8340 1
2481 5383 1
2481 2200 1
2481 2916 1
2481 7387 1
8010 2002 1
8010 10910 1
8010 7329 1
3749 1220 1
3749 7387 1
3749 8340 1
8923 7785 1
8923 3558 1
8923 10729 1
8923 2247 1
8923 1616 1
7102 10091 1
7102 9491 1
7102 4915 1
7102 7701 1
7102 890 1
817 3203 1
817 1822 1
817 6892 1
817 7694 1
817 738 1
1130 8523 1
1130 4115 1
1130 7359 1
1130 8961 1
1130 4954 1
4115 8282 1
4115 1025 1
4115 3317 1
4115 896 1
4115 5503 1
5178 6051 1
5178 5037 1
5178 9227 1
5178 5023 1
5178 4305 1
7829 3542 1
7829 7245 1
7829 5928 1
7829 10824 1
9669 10131 1
9669 9579 1
9669 6161 1
9669 10947 1
9669 1110 1
2666 8513 1
2666 10437 1
2666 3292 1
2666 4882 1
2666 10305 1
8233 5792 1
8233 1197 1
8233 3397 1
8233 899 1
8233 10792 1
8718 3946 1
8718 10913 1
8718 10936 1
8718 8524 1
8718 1956 1
6529 7457 1
6529 2880 1
6529 11132 1
6529 2535 1
6529 3115 1
8880 1384 1
8880 9276 1
8880 5982 1
8880 9324 1
8880 840 1
4104 3678 1
4104 718 1
4104 9108 1
4104 542 1
4104 4774 1
4332 4239 1
4332 4985 1
4332 6791 1
4332 6410 1
4332 2348 1
9108 10202 1
9108 2791 1
9108 6595 1
9108 2289 1
9108 2970 1
1384 9324 1
1384 8571 1
1384 5982 1
1384 9276 1
1384 3261 1
7359 3862 1
7359 706 1
7359 7530 1
7359 583 1
7359 6099 1
1190 6838 1
1190 2877 1
1190 1876 1
1190 6197 1
1190 7750 1
7678 3901 1
7678 8909 1
7678 6391 1
7678 7098 1
7678 2819 1
4840 7064 1
4840 5818 1
4840 3822 1
4840 9491 1
4840 7163 1
3447 4513 1
3447 6056 1
3447 7944 1
3447 7270 1
3447 6248 1
3397 8343 1
3397 629 1
3397 11087 1
3397 561 1
3397 4604 1
9964 2112 1
9964 11060 1
9964 2878 1
9964 7699 1
9964 5925 1
5442 4477 1
5442 756 1
5442 10123 1
5442 621 1
5442 9605 1
3651 1686 1
3651 4416 1
3651 4331 1
3651 3261 1
3651 850 1
10019 4501 1
10019 3542 1
10019 6011 1
10019 10868 1
10019 1360 1
10525 5971 1
10525 6459 1
10525 4606 1
10525 5559 1
10525 7857 1
3560 7084 1
3560 6572 1
3560 3574 1
3560 3100 1
3560 3858 1
10824 10633 1
10824 7245 1
10824 5719 1
10824 7672 1
10824 412 1
9227 5178 1
9227 5037 1
9227 10305 1
9227 5023 1
9227 4305 1
9998 8716 1
9998 3574 1
9998 10874 1
9998 3100 1
9998 4060 1
10993 5512 1
10993 6609 1
8008 6755 1
8008 5773 1
8008 8398 1
8008 5143 1
8008 1545 1
5023 5037 1
5023 5878 1
5023 10787 1
5023 9706 1
5023 647 1
5783 10123 1
5783 3574 1
5783 6101 1
5783 3100 1
5783 4060 1
2279 9276 1
2279 6205 1
2279 3651 1
2279 8315 1
2279 8340 1
3239 5801 1
3239 6892 1
3239 10834 1
3239 7332 1
3239 9658 1
9348 1105 1
9348 8524 1
9348 3088 1
9348 9378 1
2073 10985 1
2073 6536 1
2073 9104 1
2073 3494 1
2073 5573 1
8669 6291 1
8669 5503 1
8669 1014 1
8669 1433 1
8669 1341 1
10263 8748 1
10263 3534 1
10263 8992 1
10263 3342 1
10263 3986 1
6383 5559 1
6383 1412 1
6383 3383 1
6383 987 1
6383 10588 1
3383 8882 1
3383 1157 1
3383 9218 1
3383 818 1
3383 7064 1
4776 10989 1
4776 2493 1
4776 5971 1
4776 2188 1
4776 2795 1
702 357 1
702 3644 1
702 5442 1
702 9605 1
8584 2446 1
8584 8744 1
8584 3542 1
8584 5393 1
8584 1213 1
4604 2097 1
4604 5499 1
4604 4830 1
4604 6653 1
4604 408 1
9842 2021 1
9842 6205 1
9842 8536 1
9842 4331 1
9842 1236 1
2175 6097 1
2175 4104 1
2175 3840 1
2175 1877 1
2175 3623 1
6011 9376 1
6011 11059 1
6011 8199 1
6011 7630 1
6011 4237 1
3026 9925 1
3026 6439 1
3026 8197 1
3026 7831 1
3026 8117 1
3623 5670 1
3623 5175 1
3623 8456 1
3623 4003 1
3623 6099 1
5559 5971 1
5559 5978 1
5559 4744 1
5559 8385 1
5559 9147 1
5360 3494 1
5360 4397 1
5360 2321 1
5360 3026 1
5360 4720 1
8345 4069 1
8345 853 1
8345 8716 1
8345 678 1
8345 6770 1
5241 4482 1
5241 976 1
5241 2957 1
5241 756 1
5241 5881 1
1593 9669 1
1593 2766 1
1593 5037 1
1593 6797 1
2190 7876 1
2190 10729 1
2190 5773 1
2190 2195 1
2190 1822 1
6918 5574 1
6918 1130 1
6918 3383 1
6918 818 1
6918 9998 1
4331 3632 1
4331 7170 1
4331 2279 1
4331 3598 1
4331 7811 1
1545 8008 1
1545 8471 1
1545 2190 1
1545 6086 1
1545 8398 1
8274 4862 1
8274 882 1
8274 3042 1
8274 720 1
8274 7920 1
3523 4264 1
3523 1197 1
3523 3397 1
3523 899 1
3523 7582 1
7702 9998 1
7702 3560 1
7702 8071 1
7702 3060 1
7702 3993 1
10886 4774 1
10886 980 1
10886 3042 1
10886 756 1
10886 8041 1
4877 5792 1
4877 1664 1
4877 4000 1
4877 1336 1
4877 9939 1
7245 2145 1
7245 7829 1
7245 3542 1
7245 10824 1
7245 5928 1
678 4954 1
678 8229 1
678 4298 1
678 8719 1
678 4464 1
8643 2758 1
8643 10910 1
8643 8530 1
2884 6327 1
2884 7460 1
2884 7281 1
2884 3517 1
2884 1718 1
7618 11060 1
7618 3574 1
7618 8882 1
7618 3100 1
7618 4060 1
6026 10607 1
6026 9013 1
6026 5402 1
6026 7240 1
6026 336 1
9011 3914 1
9011 720 1
9011 8565 1
9011 606 1
9011 6244 1
5827 3659 1
5827 6792 1
5827 3971 1
5827 6385 1
5827 8736 1
8736 5395 1
8736 1130 1
8736 3317 1
8736 773 1
8736 9733 1
7091 5597 1
7091 1157 1
7091 3362 1
7091 899 1
7091 10004 1
3111 9544 1
3111 2867 1
3111 6009 1
3111 2426 1
3111 3100 1
8882 8716 1
8882 3574 1
8882 9373 1
8882 3100 1
8882 4060 1
1664 5442 1
1664 1535 1
1664 3234 1
1664 1130 1
1664 11132 1
8231 3598 1
8231 3542 1
8231 7647 1
8231 2446 1
8231 2242 1
8716 5783 1
8716 1197 1
8716 3397 1
8716 899 1
8716 10723 1
756 10588 1
756 8736 1
756 4298 1
756 7945 1
756 3957 1
2987 9291 1
2987 7647 1
2987 7831 1
2987 5206 1
2987 5222 1
1629 9600 1
1629 1210 1
1629 4747 1
1629 818 1
1629 1959 1
3957 4357 1
3957 1664 1
3957 8961 1
3957 1336 1
3957 4382 1
1549 7088 1
1549 3832 1
1549 7961 1
1549 9898 1
1549 5181 1
4501 9447 1
4501 11059 1
4501 9376 1
4501 10868 1
4501 1110 1
8282 4610 1
8282 896 1
8282 2975 1
8282 730 1
8282 7702 1
3010 8229 1
3010 10158 1
3010 4868 1
3010 3230 1
3010 10849 1
6791 6410 1
6791 4985 1
6791 2348 1
6791 4605 1
6791 4332 1
9119 4558 1
9119 3474 1
9119 7405 1
9119 1510 1
9119 1385 1
3945 6383 1
3945 1629 1
3945 3788 1
3945 1286 1
3945 7159 1
9716 9790 1
9716 6184 1
9716 2013 1
9716 4434 1
9716 2522 1
4720 2145 1
4720 7531 1
4720 8117 1
4720 5184 1
4720 1818 1
6854 1616 1
6854 7767 1
818 5161 1
818 4477 1
818 3772 1
818 4104 1
818 3813 1
5395 6061 1
5395 1130 1
5395 3364 1
5395 756 1
5395 11132 1
2012 4107 1
2012 8906 1
2012 6709 1
2012 2793 1
2012 4392 1
9146 6033 1
9146 1233 1
9146 3523 1
9146 980 1
9146 10041 1
9544 5387 1
9544 6293 1
9544 2867 1
9544 5303 1
9544 7831 1
3574 10434 1
3574 1197 1
3574 3326 1
3574 899 1
3574 6525 1
6261 1950 1
6261 10910 1
1087 10034 1
1087 6205 1
1087 1439 1
1087 9902 1
1087 9160 1
2281 4862 1
2281 1197 1
2281 10343 1
2281 899 1
2281 6577 1
1582 8906 1
1582 7127 1
1582 9813 1
1582 5040 1
1582 1956 1
4766 8755 1
4766 1130 1
4766 3326 1
4766 818 1
4766 4941 1
5181 3292 1
5181 3289 1
5181 10729 1
5181 8921 1
5181 1549 1
2793 6082 1
2793 7263 1
2793 4903 1
2793 5649 1
2793 1582 1
1002 1641 1
1002 8857 1
1002 5109 1
1336 7091 1
1336 2571 1
1336 3778 1
1336 6061 1
1336 7023 1
10092 2320 1
10092 7720 1
10092 9590 1
10092 6292 1
10092 1485 1
9274 5109 1
9274 10384 1
537 3317 1
537 8724 1
537 5255 1
537 7682 1
537 9110 1
5512 3197 1
5512 10339 1
5512 10993 1
5512 10824 1
5512 1965 1
3305 4193 1
3305 7831 1
3305 6536 1
3305 4386 1
3305 1605 1
8479 3598 1
8479 10710 1
8479 7647 1
8479 9276 1
8479 8315 1
10071 2954 1
10071 2804 1
10071 7188 1
10071 10372 1
10071 2091 1
1105 3088 1
1105 9378 1
1105 8524 1
1105 9348 1
5881 9733 1
5881 1535 1
5881 3523 1
5881 1130 1
5881 6525 1
5130 10528 1
5130 7200 1
5130 7177 1
5130 7517 1
5130 4149 1
9802 10163 1
9802 10211 1
9802 6504 1
9802 11054 1
9802 641 1
8906 4107 1
8906 2997 1
8906 10306 1
8906 2793 1
8906 2012 1
5649 1582 1
5649 8735 1
5649 2793 1
5649 10461 1
5649 6082 1
3261 1812 1
3261 3598 1
3261 6205 1
3261 3651 1
3261 1350 1
4853 7831 1
4853 9544 1
4853 3111 1
4853 9104 1
4853 10869 1
3858 3993 1
3858 3362 1
3858 6101 1
3858 2568 1
3858 3574 1
7031 6918 1
7031 1664 1
7031 4000 1
7031 1336 1
7031 8229 1
7429 7464 1
7429 7998 1
7429 6580 1
7429 9306 1
7429 1566 1
3051 10437 1
3051 4882 1
3051 3292 1
3051 10305 1
3051 2666 1
1213 2751 1
1213 1654 1
1213 10273 1
1213 3195 1
1213 3521 1
2795 8911 1
2795 2854 1
2795 5336 1
2795 2821 1
2795 4917 1
10202 9108 1
10202 3914 1
10202 9577 1
10202 3572 1
10202 4379 1
6910 6097 1
6910 1515 1
6910 3772 1
6910 982 1
6910 9165 1
3618 3367 1
3618 2191 1
3618 7503 1
3618 9977 1
3618 923 1
2188 5336 1
2188 9796 1
2188 3049 1
2188 5169 1
2188 7755 1
2112 9011 1
2112 1535 1
2112 6019 1
2112 1233 1
2112 9545 1
3748 3494 1
3748 6536 1
3748 2426 1
3748 3305 1
3748 9104 1
10292 7084 1
10292 3060 1
10292 8575 1
10292 2552 1
10292 3303 1
9902 1087 1
9902 6647 1
9902 3330 1
9902 10034 1
1029 5460 1
1029 6577 1
1029 4527 1
1029 4135 1
1029 7188 1
6755 6421 1
6755 8530 1
6755 8008 1
6755 6894 1
6755 848 1
3218 3232 1
3218 3611 1
3218 7911 1
3218 8724 1
3218 3364 1
10989 3699 1
10989 4776 1
10989 2821 1
10989 3478 1
10989 5336 1
6293 9925 1
6293 7831 1
6293 3111 1
6293 5573 1
6293 6536 1
976 10031 1
976 6327 1
976 6255 1
976 10539 1
976 8767 1
1385 9119 1
4513 10163 1
4513 11054 1
4513 5335 1
4513 6504 1
4513 641 1
7785 1093 1
7785 7832 1
7785 2247 1
7785 8923 1
4292 10233 1
4292 9007 1
4292 6415 1
2247 8923 1
2247 9866 1
2247 2715 1
2247 7785 1
2247 7832 1
3474 1876 1
3474 1510 1
3474 5997 1
3474 10511 1
3474 1190 1
10881 5513 1
10881 4107 1
10881 9228 1
10881 10723 1
10881 2557 1
5906 5469 1
5906 2089 1
5906 6689 1
5906 1634 1
5906 2516 1
8230 5580 1
8230 5553 1
8230 7856 1
8230 5135 1
8230 3480 1
2758 152 1
2758 8643 1
2758 8530 1
2758 10350 1
6439 2119 1
6439 4876 1
6439 3026 1
6439 5624 1
5616 9594 1
5616 3463 1
5616 10172 1
5616 3170 1
5616 3993 1
9706 1351 1
9706 5023 1
9706 2530 1
9706 9459 1
840 3591 1
840 6205 1
840 5982 1
840 9447 1
840 1213 1
431 3564 1
431 10813 1
431 10232 1
431 8888 1
431 3906 1
8385 5559 1
8385 5978 1
8385 4480 1
8385 5246 1
8385 7147 1
1641 1002 1
1641 5109 1
1641 8857 1
10757 4477 1
10757 4844 1
10757 3062 1
10757 4331 1
10757 5184 1
9939 6286 1
9939 1412 1
9939 3772 1
9939 982 1
9939 11132 1
9846 3070 1
9846 10693 1
9846 5794 1
9846 7501 1
9846 2279 1
9448 10730 1
9448 8006 1
9448 3669 1
9448 7084 1
9448 4800 1
2975 3383 1
2975 1336 1
2975 8759 1
2975 818 1
2975 9165 1
6086 2585 1
6086 9125 1
6086 7906 1
6086 9535 1
6086 1545 1
7078 3476 1
7078 9939 1
7078 6080 1
7078 8006 1
7078 1935 1
8724 7457 1
8724 8565 1
8724 4199 1
8724 6498 1
8724 10135 1
7088 8036 1
7088 10032 1
7088 5673 1
7088 10191 1
7088 9029 1
4861 5318 1
4861 1664 1
4861 4000 1
4861 1336 1
4861 6099 1
669 1424 1
669 9997 1
3591 1686 1
3591 4501 1
3591 9276 1
3591 4416 1
3591 1110 1
4477 5792 1
4477 1414 1
4477 3778 1
4477 1172 1
4477 8187 1
5053 8345 1
5053 1664 1
5053 4000 1
5053 1336 1
5053 9939 1
7270 5190 1
7270 5865 1
7270 4255 1
7270 5039 1
7270 6329 1
7867 5318 1
7867 1336 1
7867 3383 1
7867 982 1
7867 8229 1
9889 3111 1
9889 2432 1
9889 5452 1
9889 1686 1
9889 1380 1
3772 8187 1
3772 1564 1
3772 4104 1
3772 1233 1
3772 8987 1
2954 7281 1
2954 5868 1
2954 6035 1
2954 9275 1
2954 8883 1
4392 9606 1
4392 10332 1
4392 10735 1
4392 10926 1
4392 3235 1
10936 9767 1
10936 11001 1
10936 8787 1
10936 8718 1
5175 7147 1
5175 7254 1
5175 3517 1
5175 4167 1
5175 3623 1
7147 5442 1
7147 2736 1
7147 6398 1
7147 2249 1
7147 2988 1
6059 8274 1
6059 1664 1
6059 4000 1
6059 1336 1
6059 8716 1
4069 8316 1
4069 6529 1
4069 2877 1
4069 3733 1
4069 4239 1
4386 297 1
4386 11052 1
4386 3305 1
4386 10136 1
4386 3839 1
8536 2446 1
8536 7257 1
8536 9842 1
8536 6570 1
8536 1686 1
11126 3367 1
11126 3618 1
2736 9249 1
2736 4776 1
2736 3623 1
2736 7710 1
2736 7857 1
4382 10886 1
4382 1233 1
4382 3644 1
4382 834 1
4382 5574 1
3564 8888 1
3564 10232 1
3564 431 1
3564 5104 1
3564 2138 1
6033 4135 1
6033 4630 1
6033 3397 1
6033 4104 1
6033 5163 1
10123 4297 1
10123 853 1
10123 10091 1
10123 678 1
10123 7084 1
6130 8109 1
6130 6749 1
6130 10155 1
6130 6683 1
6130 8809 1
4903 2793 1
10091 5586 1
10091 2466 1
10091 6737 1
10091 2083 1
10091 2819 1
2320 1485 1
2320 10092 1
2320 9411 1
6607 6410 1
6607 8333 1
2517 2138 1
2517 5231 1
2517 2140 1
8199 8897 1
8199 9482 1
8199 6087 1
8199 8475 1
8199 1934 1
10136 297 1
10136 6410 1
10136 3196 1
10136 4386 1
10136 3305 1
7682 9011 1
7682 3344 1
7682 9147 1
7682 3062 1
7682 3678 1
8909 4104 1
8909 9441 1
8909 6459 1
8909 7098 1
8909 2819 1
7263 2793 1
7263 9849 1
7672 5719 1
7672 10824 1
5792 8282 1
5792 1664 1
5792 3993 1
5792 1336 1
5792 6019 1
9882 7954 1
9882 7472 1
9882 1956 1
9882 6086 1
9882 3480 1
3135 5580 1
3135 3480 1
3135 5135 1
3135 8230 1
3135 5553 1
7857 5670 1
7857 5978 1
7857 4482 1
7857 5442 1
7857 7147 1
11149 5313 1
11149 6686 1
11149 2877 1
11149 4947 1
11149 7448 1
4605 7178 1
4605 8118 1
4605 9294 1
4605 7497 1
4605 363 1
8363 9842 1
8363 5658 1
8363 1087 1
8363 3480 1
8363 1875 1
592 2951 1
592 6229 1
592 6608 1
592 8922 1
592 5392 1
4444 2603 1
4444 8530 1
4444 10748 1
4444 9627 1
4444 2047 1
5255 9141 1
5255 6162 1
5255 3326 1
5255 5016 1
5255 9110 1
3862 4531 1
3862 8712 1
3862 5056 1
3862 3327 1
3862 7457 1
9997 669 1
9997 1424 1
2348 4332 1
2348 6410 1
2348 7178 1
2348 4985 1
2348 6791 1
5222 2987 1
5222 4596 1
7920 6572 1
7920 1535 1
7920 3914 1
7920 982 1
7920 6923 1
9147 10525 1
9147 3678 1
9147 10233 1
9147 3326 1
9147 4199 1
10654 10886 1
10654 2412 1
10654 6584 1
10654 2284 1
10654 2686 1
2097 8754 1
2097 8992 1
2097 5910 1
2097 5798 1
2097 3401 1
3840 4830 1
3840 6459 1
3840 4744 1
3840 9007 1
3840 7857 1
10384 5423 1
10384 5109 1
10384 8190 1
10384 9274 1
10384 3920 1
4094 431 1
4094 9068 1
4094 1760 1
4106 431 1
4106 9068 1
4106 3906 1
6525 6061 1
6525 1365 1
6525 3553 1
6525 1025 1
6525 10022 1
8117 3494 1
8117 4193 1
8117 2145 1
8117 3111 1
8117 4720 1
8456 322 1
8456 3993 1
8456 3623 1
8456 6737 1
2321 5360 1
2321 7531 1
2321 4720 1
2321 2662 1
5184 3993 1
5184 6489 1
5184 8576 1
5184 10757 1
5184 2015 1
3659 3971 1
3659 2554 1
3659 8736 1
3659 2380 1
3659 2848 1
2013 10840 1
2013 6721 1
2013 9790 1
2013 6773 1
2013 9716 1
4003 10031 1
4003 7229 1
4003 3926 1
4003 10278 1
4003 6224 1
1950 10910 1
1950 5691 1
1950 10099 1
1950 6261 1
1950 4644 1
9357 6547 1
9357 5346 1
9357 9376 1
9357 9407 1
9357 4331 1
6770 5374 1
6770 1130 1
6770 3301 1
6770 756 1
6770 7920 1
8006 3270 1
8006 9448 1
8006 3669 1
8006 7084 1
8006 7078 1
10869 6023 1
10869 2281 1
10869 6918 1
10869 1986 1
10869 2552 1
5143 1426 1
5143 8398 1
5143 8008 1
7188 1733 1
7188 5084 1
7188 9035 1
7188 4119 1
7188 1029 1
7200 6672 1
7200 5130 1
7200 11134 1
7200 4199 1
7200 2865 1
1439 438 1
1439 7830 1
1439 1087 1
621 9147 1
621 3010 1
621 3111 1
621 5559 1
621 4606 1
5751 6923 1
5751 10397 1
5751 3813 1
5751 9733 1
5751 7606 1
7387 3577 1
7387 8575 1
7387 5159 1
7387 7178 1
7387 1220 1
2766 1593 1
2766 5037 1
2766 9669 1
2766 6797 1
3993 3914 1
3993 629 1
3993 10954 1
3993 542 1
3993 10613 1
3812 4730 1
3812 3572 1
3812 2175 1
3812 2925 1
3812 4871 1
2021 9276 1
2021 8880 1
2021 9376 1
2021 9842 1
2021 1087 1
6797 1593 1
6797 5037 1
6797 2766 1
6797 9669 1
7876 8516 1
7876 3842 1
7876 8903 1
7876 3175 1
7876 4308 1
5574 4649 1
5574 982 1
5574 3017 1
5574 818 1
5574 7655 1
7811 1925 1
7811 1350 1
7811 9407 1
7811 917 1
7811 717 1
10434 7702 1
10434 3523 1
10434 9605 1
10434 3060 1
10434 3951 1
6653 5499 1
6653 6346 1
6653 3010 1
6653 4830 1
6653 8345 1
6244 6770 1
6244 4828 1
6244 3062 1
6244 4252 1
6244 5154 1
4862 6239 1
4862 2737 1
4862 9873 1
4862 2281 1
4862 3362 1
882 10644 1
882 6935 1
882 7370 1
882 8274 1
882 5056 1
3042 6194 1
3042 1664 1
3042 7768 1
3042 1336 1
3042 3397 1
10813 7188 1
10813 7831 1
10813 4495 1
10813 6415 1
10813 8229 1
8343 6595 1
8343 1629 1
8343 3945 1
8343 1233 1
8343 6935 1
980 9146 1
980 4298 1
980 7582 1
980 4104 1
980 7131 1
9160 7186 1
9160 6554 1
9160 9207 1
9160 2815 1
9160 2430 1
8229 4941 1
8229 1248 1
8229 3234 1
8229 944 1
8229 8736 1
4298 8269 1
4298 941 1
4298 2979 1
4298 719 1
4298 6722 1
7460 3517 1
7460 2884 1
7460 9168 1
7460 2804 1
7460 2501 1
3517 8345 1
3517 1233 1
3517 3317 1
3517 982 1
3517 6549 1
9898 9804 1
9898 7631 1
9898 8144 1
9898 1659 1
5402 2794 1
5402 7373 1
5402 5690 1
5402 8420 1
5402 859 1
7240 4132 1
7240 2367 1
7240 6423 1
7240 11135 1
7240 1152 1
6792 6385 1
6792 5827 1
6792 7922 1
6792 3659 1
4747 10804 1
4747 1153 1
4747 3366 1
4747 896 1
4747 7379 1
6385 3659 1
6385 8736 1
6385 5827 1
6385 6792 1
773 10483 1
773 10693 1
773 5491 1
773 5636 1
773 7635 1
6908 8324 1
6908 4952 1
6908 8621 1
6908 10372 1
6908 2138 1
8014 8876 1
8014 3551 1
8014 9148 1
8014 2522 1
8014 3979 1
7196 2200 1
7196 6749 1
7196 6683 1
10004 6918 1
10004 1664 1
10004 4000 1
10004 1336 1
10004 7359 1
2426 10776 1
2426 3748 1
2426 2119 1
2426 6293 1
2426 9544 1
2535 2880 1
2535 1443 1
2535 10882 1
2535 1210 1
2535 7992 1
9291 4530 1
9291 2987 1
9291 5770 1
9291 2091 1
9600 8998 1
9600 2170 1
9600 4918 1
9600 1674 1
9600 9264 1
1210 7370 1
1210 3397 1
1210 3039 1
1210 4663 1
1210 9296 1
3832 10086 1
3832 7123 1
3832 4472 1
3832 3653 1
3832 3424 1
4610 4649 1
4610 2970 1
4610 6043 1
4610 2664 1
4610 3472 1
3914 9400 1
3914 756 1
3914 9142 1
3914 606 1
3914 4477 1
730 8882 1
730 2568 1
730 9427 1
730 3362 1
730 4119 1
10849 9899 1
10849 3049 1
10849 10129 1
10849 2864 1
10849 3267 1
4305 9669 1
4305 6051 1
4305 9227 1
4305 5023 1
4305 3292 1
1718 1281 1
1718 3517 1
1718 2884 1
1718 7281 1
3364 7253 1
3364 2175 1
3364 3678 1
3364 1483 1
3364 2343 1
4558 10969 1
4558 9119 1
4558 10484 1
1236 1812 1
1236 9842 1
1236 3598 1
1236 6205 1
1236 4331 1
7405 9119 1
4495 10813 1
4495 9458 1
4495 7831 1
4495 6774 1
4495 431 1
11059 10868 1
11059 9376 1
11059 4501 1
11059 7647 1
11059 6011 1
7767 10881 1
7767 9872 1
7767 2436 1
7767 6854 1
7767 5441 1
7281 7421 1
7281 10629 1
7281 3517 1
7281 10253 1
7281 10246 1
1510 9534 1
1510 4980 1
1510 9119 1
1510 5561 1
1510 655 1
2970 9400 1
2970 818 1
2970 7031 1
2970 623 1
2970 8716 1
9790 3948 1
9790 2687 1
9790 8646 1
9790 10983 1
9790 2013 1
7750 10021 1
7750 6085 1
7750 1190 1
7750 4508 1
7750 3441 1
6927 4709 1
6927 5503 1
6927 3317 1
6927 4190 1
6927 6062 1
4434 941 1
4434 9716 1
1965 8565 1
1965 3099 1
1965 8853 1
1965 8644 1
1965 10528 1
738 3203 1
738 9034 1
738 3239 1
738 3610 1
738 504 1
2877 9490 1
2877 1705 1
2877 7789 1
2877 1252 1
2877 10238 1
408 6346 1
408 4604 1
408 9072 1
408 6653 1
408 3010 1
4985 7178 1
4985 4605 1
4985 2348 1
4985 4431 1
4985 4332 1
3813 9141 1
3813 758 1
3813 3017 1
3813 629 1
3813 7091 1
5303 3494 1
5303 2119 1
5303 5828 1
5303 7329 1
5303 1054 1
3326 10487 1
3326 941 1
3326 5048 1
3326 629 1
3326 6722 1
10034 1087 1
10034 4408 1
10034 8482 1
10034 3247 1
10034 507 1
8398 6621 1
8398 7516 1
8398 4946 1
8398 6076 1
8398 9563 1
10607 3602 1
10607 6026 1
10607 6892 1
10607 5664 1
10607 1152 1
8961 6737 1
8961 1546 1
8961 3914 1
8961 1233 1
8961 7064 1
3644 9169 1
3644 1564 1
3644 4105 1
3644 1199 1
3644 9710 1
2195 7876 1
2195 7857 1
2195 2190 1
2195 4480 1
2195 2194 1
7159 4877 1
7159 944 1
7159 3073 1
7159 808 1
7159 11006 1
10343 6019 1
10343 1281 1
10343 3517 1
10343 982 1
10343 10022 1
1356 9994 1
1356 1700 1
1356 3247 1
1356 9105 1
1356 4098 1
1765 6964 1
1765 6206 1
1765 8359 1
1765 6388 1
1765 1142 1
7127 1582 1
7127 9813 1
7127 5040 1
7127 10461 1
583 2381 1
583 10792 1
583 7359 1
583 1443 1
583 10588 1
9813 1582 1
9813 7127 1
9813 5040 1
9813 10461 1
5040 1582 1
5040 9813 1
5040 10461 1
5040 7127 1
2571 3397 1
2571 1664 1
2571 6286 1
2571 1336 1
2571 4954 1
4941 4747 1
4941 1130 1
4941 2975 1
4941 887 1
4941 10004 1
8857 1002 1
8857 10852 1
8857 1641 1
8857 5109 1
8857 3773 1
5161 8345 1
5161 1664 1
5161 4000 1
5161 1336 1
5161 9939 1
7630 4068 1
7630 6438 1
7630 10077 1
7630 5420 1
7630 1941 1
9013 2367 1
9013 6473 1
9013 10584 1
9013 5072 1
9013 873 1
2878 9964 1
2878 10354 1
2878 7483 1
2878 5452 1
2878 1388 1
7023 6572 1
7023 1535 1
7023 3788 1
7023 1025 1
7023 6918 1
6292 1485 1
6292 6469 1
6292 10092 1
3873 1424 1
3873 4444 1
3065 431 1
3065 7831 1
3065 3906 1
3065 9068 1
1419 8744 1
1419 5308 1
1419 3856 1
1419 2772 1
1419 10947 1
6327 7845 1
6327 2877 1
6327 6821 1
6327 2536 1
6327 3097 1
4868 8229 1
4868 4573 1
4868 4972 1
4868 9072 1
4868 3010 1
1485 4198 1
1485 8982 1
1485 9605 1
1485 10834 1
1485 10305 1
4757 6803 1
4757 2932 1
4757 7352 1
4757 2760 1
4757 3130 1
3901 9587 1
3901 7678 1
7720 10882 1
7720 10092 1
7720 9854 1
1959 2819 1
1959 1197 1
1959 10869 1
1959 899 1
1959 9146 1
3788 944 1
3788 756 1
3788 3914 1
10372 10086 1
10372 10071 1
10372 2140 1
10372 6908 1
10372 5360 1
4237 3746 1
4237 9914 1
4237 6011 1
4237 7802 1
4237 10868 1
6504 5190 1
6504 5865 1
6504 4255 1
6504 5039 1
6504 6329 1
1566 10882 1
1566 10942 1
1566 7192 1
1566 5954 1
7701 7102 1
7701 8118 1
1157 11060 1
1157 2552 1
1157 10792 1
1157 2880 1
3197 4629 1
3197 10397 1
3197 2943 1
3197 7313 1
3197 8987 1
1605 3305 1
7177 5899 1
7177 6234 1
7177 4149 1
7177 5623 1
7177 6489 1
6580 9985 1
6580 4813 1
6580 9019 1
9306 3166 1
9306 6186 1
10588 1210 1
10588 3339 1
10588 818 1
10588 8802 1
1535 7582 1
1535 1130 1
1535 4298 1
1535 818 1
1535 6918 1
5904 2753 1
5904 2296 1
5904 11120 1
5904 817 1
3234 3517 1
3234 1664 1
3234 9278 1
3234 1336 1
3234 7484 1
7329 2002 1
7329 5303 1
7329 6856 1
7329 4537 1
7329 1054 1
1295 2138 1
1295 10086 1
5383 2200 1
5383 2481 1
2091 10354 1
2091 10889 1
2091 7188 1
2091 5308 1
4954 8316 1
4954 1564 1
4954 3772 1
4954 1130 1
2957 9147 1
2957 4776 1
2957 6737 1
2957 4830 1
2957 9427 1
10364 5190 1
10364 5865 1
10364 4255 1
10364 5039 1
10364 6329 1
641 10364 1
641 3447 1
641 6056 1
641 4345 1
641 8064 1
2287 10528 1
2287 1082 1
2287 8219 1
5573 9925 1
5573 10869 1
5573 3111 1
5573 8197 1
5573 10985 1
5982 4693 1
5982 9476 1
5982 3079 1
5982 4416 1
5982 6198 1
6547 9357 1
6547 5346 1
6547 9447 1
6547 7647 1
6547 4331 1
412 3615 1
412 2238 1
412 5928 1
412 10339 1
412 5512 1
5090 6410 1
5090 1684 1
5090 8530 1
5090 4521 1
3230 6737 1
3230 9589 1
3230 873 1
3230 8657 1
3230 3010 1
1584 10947 1
1584 8584 1
1584 8744 1
1584 5393 1
1584 2752 1
357 9998 1
357 10287 1
357 4766 1
357 7239 1
357 1959 1
4397 7831 1
4397 9544 1
4397 3111 1
4397 4853 1
4397 10869 1
10158 8401 1
10158 2041 1
10158 4917 1
10158 1688 1
10158 8973 1
2756 7347 1
2756 10302 1
2756 7498 1
2756 10024 1
2756 140 1
1110 4331 1
1110 1584 1
1110 7647 1
1110 1384 1
1110 8121 1
10163 1011 1
10163 11054 1
10163 7944 1
10163 10364 1
10163 641 1
7694 8818 1
7694 8979 1
7694 6026 1
7694 10090 1
7694 817 1
806 5884 1
806 9223 1
806 4351 1
806 8095 1
806 2354 1
1220 8340 1
1220 4211 1
1220 7387 1
1220 10283 1
1220 1424 1
5719 3174 1
5719 5971 1
5719 4908 1
5719 8715 1
5719 2238 1
8755 6525 1
8755 1629 1
8755 3788 1
8755 1233 1
8755 10726 1
1233 10551 1
1233 8716 1
1233 8871 1
1233 1130 1
1233 7159 1
1877 2466 1
1877 7845 1
1877 8071 1
1877 2848 1
1877 5293 1
1059 8054 1
1059 8523 1
1059 10397 1
1059 7370 1
1059 8274 1
1882 3747 1
1882 7719 1
1882 6109 1
1882 10528 1
1882 3130 1
9218 4954 1
9218 976 1
9218 756 1
9218 8987 1
5926 5241 1
5926 6489 1
5926 7177 1
5926 10528 1
5926 4149 1
10041 6572 1
10041 1412 1
10041 3914 1
10041 1130 1
10041 6923 1
4537 9407 1
4537 8108 1
4537 6547 1
4537 6482 1
4537 1350 1
3778 4877 1
3778 1664 1
3778 4477 1
3778 1336 1
3778 11054 1
6009 10007 1
6009 10246 1
6009 3111 1
6009 9435 1
6009 5336 1
10947 2361 1
10947 10685 1
10947 3741 1
10947 9475 1
10947 1419 1
6433 2190 1
6433 10412 1
6433 8471 1
6433 6885 1
6433 594 1
5206 3978 1
5206 4422 1
5206 2459 1
5206 3875 1
5206 5001 1
1822 6065 1
1822 8471 1
1822 9259 1
1822 2190 1
1822 3776 1
6730 9068 1
2237 5892 1
2237 10620 1
2237 6118 1
2237 4109 1
2237 1482 1
7998 3870 1
7998 7192 1
7998 8919 1
7998 5954 1
7998 1566 1
3060 4766 1
3060 9998 1
3060 6101 1
3060 2880 1
3060 9605 1
9850 5006 1
9850 4107 1
9850 9939 1
9850 1786 1
9850 1523 1
6688 3488 1
6688 10334 1
6688 5904 1
6688 9449 1
6688 1765 1
6595 4135 1
6595 756 1
6595 11087 1
6595 583 1
6595 7370 1
5393 3732 1
5393 8584 1
5393 9946 1
5393 9287 1
5393 1303 1
3237 5443 1
3237 5503 1
3237 2466 1
3237 9218 1
3237 9072 1
8998 4954 1
8998 965 1
8998 678 1
8998 8374 1
3227 10004 1
3227 1629 1
3227 9278 1
3227 1336 1
3227 4061 1
758 8987 1
758 5708 1
758 6052 1
758 1059 1
758 5970 1
4464 6894 1
4464 1664 1
4464 4000 1
4464 1336 1
4464 9473 1
349 6297 1
349 7998 1
349 10942 1
349 9630 1
349 5830 1
5978 8644 1
5978 2516 1
5978 7755 1
5978 2198 1
5978 2854 1
3115 7359 1
3115 4135 1
3115 7878 1
3115 8153 1
3115 10546 1
7230 9714 1
7230 8922 1
7230 4901 1
7230 10146 1
7230 698 1
8565 4000 1
8565 718 1
8565 10546 1
8565 583 1
8565 6525 1
10211 7270 1
10211 8011 1
10211 4943 1
10211 6367 1
10211 9540 1
2804 7460 1
2804 3517 1
2804 7988 1
2804 10071 1
2804 2091 1
8765 6293 1
8765 7831 1
8765 3111 1
8765 5573 1
8765 9925 1
3688 6438 1
3688 5760 1
3688 7630 1
3688 8564 1
3688 2034 1
4915 7102 1
3986 5468 1
3986 7867 1
3986 2601 1
3986 3397 1
4774 5318 1
4774 1664 1
4774 4000 1
4774 1336 1
4774 6139 1
5597 6770 1
5597 1664 1
5597 4000 1
5597 1336 1
5597 8345 1
10505 7161 1
10505 7056 1
10505 6173 1
10505 6410 1
10505 6358 1
982 6525 1
982 834 1
982 6099 1
982 606 1
982 3772 1
720 4240 1
720 4135 1
720 7606 1
720 2846 1
720 6197 1
2760 6821 1
2760 3344 1
2760 3809 1
2760 9731 1
2760 7190 1
7546 10073 1
7546 3288 1
7546 8827 1
7546 2932 1
7546 3809 1
2363 10912 1
2363 7294 1
2363 11109 1
2363 3344 1
2363 1688 1
8748 7147 1
8748 7662 1
8748 6975 1
8748 8345 1
1341 2119 1
1341 11052 1
1341 4128 1
1341 2848 1
1341 1877 1
1286 4008 1
1286 2170 1
1286 8316 1
1286 9141 1
1286 1730 1
10339 3397 1
10339 7147 1
10339 8748 1
10339 6115 1
10339 1965 1
2932 4149 1
2932 2260 1
2932 8543 1
2932 2058 1
2932 2493 1
9873 8282 1
9873 3523 1
9873 11006 1
9873 2880 1
9873 3951 1
2466 4003 1
2466 2024 1
2466 2595 1
2466 1716 1
2466 7845 1
3926 4543 1
3926 3237 1
3926 10954 1
3926 2848 1
3926 3659 1
8041 1252 1
8041 10616 1
8041 7023 1
8041 9876 1
8041 775 1
4264 6099 1
4264 1664 1
4264 3993 1
4264 1336 1
4264 5395 1
6733 10834 1
6733 3610 1
6733 989 1
6733 3292 1
6733 3239 1
9658 5261 1
9658 5650 1
9658 3551 1
9658 4521 1
9658 7332 1
2002 8010 1
2002 10910 1
2002 3856 1
2002 4537 1
2002 7329 1
8808 6358 1
8808 10994 1
8808 7161 1
8808 9860 1
8808 3830 1
8571 8930 1
8571 8880 1
8571 4331 1
8571 9419 1
8571 850 1
4193 2145 1
4193 8117 1
4193 4637 1
4193 3123 1
4193 500 1
853 2209 1
853 1945 1
853 976 1
853 3623 1
853 9275 1
3342 9887 1
3342 9387 1
3342 3053 1
3342 8239 1
3342 10031 1
7457 9110 1
7457 2243 1
7457 6058 1
7457 1629 1
7457 7977 1
10766 10467 1
10766 10200 1
10766 1341 1
10766 9148 1
10766 6155 1
890 890 1
890 4840 1
890 1066 1
890 1455 1
890 4852 1
3344 8343 1
3344 807 1
3344 3957 1
3344 629 1
3344 7682 1
6097 6061 1
6097 1535 1
6097 3574 1
6097 1130 1
6097 9146 1
336 10032 1
336 9555 1
336 410 1
336 6892 1
336 7373 1
2805 8262 1
2805 11001 1
2805 8978 1
2805 3798 1
2805 1799 1
10985 6293 1
10985 7831 1
10985 3111 1
10985 5573 1
10985 8765 1
8530 10272 1
8530 5090 1
8530 8068 1
8530 848 1
6061 10318 1
6061 1664 1
6061 4000 1
6061 1336 1
6061 9577 1
7517 2475 1
7517 7200 1
7517 3317 1
7517 5130 1
7517 4199 1
2200 1731 1
2200 6749 1
2200 4760 1
2200 1217 1
7098 8176 1
7098 4104 1
7098 10287 1
7098 3164 1
7098 4810 1
8744 1350 1
8744 3861 1
8744 7483 1
8744 1942 1
8744 812 1
2916 8530 1
2916 4926 1
2916 2481 1
2916 1190 1
3558 10409 1
3558 9253 1
3558 3824 1
3558 11066 1
3558 8324 1
9491 933 1
9491 8457 1
9491 6057 1
9491 8593 1
9491 382 1
3203 3776 1
3203 4169 1
3203 6892 1
3203 5904 1
3203 817 1
6892 2921 1
6892 8146 1
6892 2691 1
6892 3181 1
8523 5597 1
8523 982 1
8523 3317 1
8523 720 1
8523 10551 1
896 944 1
896 9018 1
896 3482 1
896 9387 1
896 4801 1
6709 1582 1
6709 10461 1
6709 2012 1
10954 5403 1
10954 5723 1
10954 3767 1
10954 4942 1
10954 6383 1
10131 704 1
10131 9669 1
9579 9498 1
9579 10396 1
9579 5556 1
9579 8074 1
9579 1155 1
1223 6536 1
1223 4698 1
1223 10766 1
1223 2403 1
1223 4193 1
6161 2298 1
6161 9669 1
6161 7213 1
6161 4469 1
6161 713 1
3123 7831 1
3123 3748 1
3123 4637 1
3123 8290 1
3123 4193 1
3946 6451 1
3946 8718 1
10913 3837 1
10913 4841 1
10913 2174 1
10913 6100 1
11132 5064 1
11132 1130 1
11132 3234 1
11132 756 1
11132 8374 1
2493 4044 1
2493 2854 1
2493 8146 1
2493 4917 1
10723 4382 1
10723 767 1
10723 10504 1
10723 606 1
10723 7370 1
718 2791 1
718 8274 1
718 8871 1
718 10551 1
718 3164 1
4239 6043 1
4239 3401 1
4239 8572 1
4239 2970 1
4239 3611 1
7531 8108 1
7531 5360 1
7531 2145 1
7531 4720 1
7531 2321 1
2791 6288 1
2791 8730 1
2791 4018 1
2791 9602 1
2791 10020 1
7699 3227 1
7699 8936 1
7699 8050 1
7699 7371 1
7699 1444 1
2289 5064 1
2289 8506 1
2289 6863 1
2289 4018 1
2289 7494 1
706 1859 1
706 2876 1
706 7359 1
706 7159 1
7530 4664 1
7530 895 1
7530 2970 1
7530 718 1
7530 10777 1
6099 4861 1
6099 941 1
6099 2946 1
6099 678 1
6099 6391 1
6838 5999 1
6838 6227 1
6838 3589 1
6838 5592 1
6838 6349 1
1876 2756 1
1876 10511 1
1876 7257 1
1876 6348 1
1876 1303 1
7582 6918 1
7582 3100 1
7582 8274 1
7582 2552 1
7582 3560 1
10874 8716 1
10874 3574 1
10874 10792 1
10874 3100 1
10874 4060 1
6197 7992 1
6197 1503 1
6197 5469 1
6197 1365 1
6197 10941 1
2819 10804 1
2819 756 1
2819 4060 1
2819 583 1
2819 7845 1
9110 8316 1
9110 3309 1
9110 9141 1
9110 3022 1
9110 3572 1
7464 3870 1
7464 7192 1
7464 8919 1
7464 5954 1
7464 1566 1
8809 4756 1
8809 10155 1
8809 6130 1
8809 6749 1
8809 6683 1
7163 5360 1
7163 6023 1
7163 3026 1
7163 4853 1
7163 8197 1
1941 5834 1
1941 3688 1
1941 2034 1
1941 6438 1
1941 8564 1
6056 7991 1
6056 8916 1
6056 4943 1
6056 8891 1
6056 6248 1
9590 6469 1
9590 5165 1
9590 8166 1
9590 10092 1
9590 3129 1
1360 5180 1
1360 3247 1
1360 5782 1
1360 3953 1
1360 643 1
7944 10163 1
7944 10211 1
7944 6504 1
7944 11054 1
7944 641 1
6248 3314 1
6248 7991 1
6248 10000 1
6248 4943 1
6248 1659 1
11087 6863 1
11087 2970 1
11087 8054 1
11087 2709 1
11087 3326 1
5499 2097 1
5499 9593 1
5499 6835 1
5499 6653 1
5499 408 1
561 7370 1
561 11087 1
561 3039 1
561 6459 1
561 2395 1
5878 2530 1
5878 8901 1
5878 9041 1
5878 5396 1
5878 1414 1
8719 6563 1
8719 1664 1
8719 3813 1
8719 1336 1
8719 6918 1
850 3632 1
850 4413 1
850 8864 1
850 9010 1
850 3651 1
10868 5997 1
10868 11059 1
10868 7647 1
10868 9376 1
10868 4237 1
6459 7806 1
6459 1965 1
6459 5048 1
6459 1535 1
6459 9007 1
10633 153 1
10633 10824 1
10633 1342 1
10633 5809 1
10633 2561 1
8987 4774 1
8987 941 1
8987 3049 1
8987 720 1
8987 8229 1
3317 8285 1
3317 678 1
3317 10004 1
3317 542 1
3317 10673 1
10787 5023 1
10787 4968 1
10787 9193 1
10787 11017 1
10787 647 1
647 11017 1
647 2725 1
647 9132 1
647 11145 1
647 10176 1
3632 7650 1
3632 9436 1
3632 4331 1
3632 4413 1
3632 2978 1
6101 6239 1
6101 3560 1
6101 11170 1
6101 3060 1
6101 3993 1
1686 3651 1
1686 7650 1
1686 7334 1
1686 4416 1
1686 5982 1
5801 1822 1
5801 6026 1
5801 8979 1
5801 4032 1
5801 817 1
1025 3218 1
1025 8998 1
1025 6033 1
1025 3611 1
1025 2608 1
3494 5387 1
3494 5080 1
3494 2492 1
3494 6023 1
3494 5573 1
3822 4840 1
3822 7163 1
3822 730 1
3822 3275 1
3822 1066 1
6291 3408 1
6291 7477 1
6291 4600 1
6291 11130 1
6291 2077 1
1014 8669 1
1014 1433 1
1014 983 1
1014 1414 1
1014 2145 1
1433 6060 1
1433 7824 1
1433 6961 1
1433 8669 1
1433 1014 1
5548 7570 1
5548 10881 1
5548 8906 1
5548 6576 1
5548 4107 1
4357 6019 1
4357 1535 1
4357 3617 1
4357 982 1
4357 4774 1
3534 5798 1
3534 7867 1
3534 6563 1
3534 10064 1
8992 6563 1
8992 7911 1
8992 4069 1
8992 6392 1
8992 8345 1
1412 3309 1
1412 965 1
1412 9325 1
1412 678 1
1412 8079 1
987 1564 1
987 1132 1
987 3100 1
987 3111 1
987 9427 1
5925 9964 1
5925 10804 1
5925 2112 1
5925 8936 1
5925 7699 1
