0.0000 0.0799 0.2403 0.3049 0.2175 0.0985 0.0389 0.0138 0.0044 0.0013 0.0004 0.0001 0.0000 0.0000 0.0000 0.0000 0.0000 0.0000 0.0000 0.0000 0.0000 0.0000 0.0000 0.0000 0.0000 0.0000 LandmarkDApsp_500
0.0000 0.0558 0.2213 0.2938 0.2426 0.1162 0.0462 0.0168 0.0053 0.0015 0.0003 0.0001 0.0000 0.0000 0.0000 0.0000 0.0000 0.0000 0.0000 0.0000 0.0000 0.0000 0.0000 0.0000 0.0000 0.0000 LandmarkDApsp_1000
0.0000 0.0389 0.2065 0.2937 0.2545 0.1258 0.0520 0.0194 0.0066 0.0020 0.0005 0.0001 0.0000 0.0000 0.0000 0.0000 0.0000 0.0000 0.0000 0.0000 0.0000 0.0000 0.0000 0.0000 0.0000 0.0000 LandmarkDApsp_1500
0.0000 0.0280 0.1813 0.2975 0.2666 0.1397 0.0574 0.0206 0.0065 0.0018 0.0004 0.0001 0.0000 0.0000 0.0000 0.0000 0.0000 0.0000 0.0000 0.0000 0.0000 0.0000 0.0000 0.0000 0.0000 0.0000 LandmarkDApsp_2000
0.0000 0.0017 0.0237 0.0911 0.1606 0.2463 0.2116 0.1386 0.0709 0.0330 0.0140 0.0057 0.0020 0.0006 0.0002 0.0000 0.0000 0.0000 0.0000 0.0000 0.0000 0.0000 0.0000 0.0000 0.0000 0.0000 LandmarkUApsp_500
0.0000 0.0019 0.0169 0.0607 0.1342 0.2160 0.2211 0.1642 0.0975 0.0498 0.0225 0.0093 0.0037 0.0014 0.0005 0.0001 0.0000 0.0000 0.0000 0.0000 0.0000 0.0000 0.0000 0.0000 0.0000 0.0000 LandmarkUApsp_1000
0.0000 0.0018 0.0139 0.0502 0.1190 0.1981 0.2190 0.1751 0.1118 0.0613 0.0295 0.0127 0.0049 0.0017 0.0006 0.0002 0.0001 0.0000 0.0000 0.0000 0.0000 0.0000 0.0000 0.0000 0.0000 0.0000 LandmarkUApsp_1500
0.0000 0.0019 0.0134 0.0495 0.1190 0.1953 0.2183 0.1773 0.1140 0.0617 0.0292 0.0125 0.0050 0.0019 0.0007 0.0002 0.0001 0.0000 0.0000 0.0000 0.0000 0.0000 0.0000 0.0000 0.0000 0.0000 LandmarkUApsp_2000
0.0000 0.0050 0.0093 0.0170 0.0296 0.0455 0.0594 0.0677 0.0703 0.0692 0.0662 0.0629 0.0591 0.0549 0.0505 0.0456 0.0405 0.0356 0.0316 0.0277 0.0238 0.0203 0.0173 0.0149 0.0129 0.0109 RandomWalk_500
0.0000 0.0031 0.0097 0.0289 0.0632 0.0902 0.0968 0.0920 0.0847 0.0779 0.0700 0.0619 0.0547 0.0484 0.0422 0.0360 0.0299 0.0246 0.0198 0.0153 0.0117 0.0092 0.0075 0.0060 0.0047 0.0034 RandomWalk_1000
0.0000 0.0023 0.0087 0.0295 0.0613 0.0855 0.0983 0.1021 0.0983 0.0907 0.0816 0.0715 0.0608 0.0506 0.0411 0.0321 0.0241 0.0177 0.0129 0.0095 0.0071 0.0050 0.0034 0.0022 0.0014 0.0009 RandomWalk_1500
0.0000 0.0021 0.0117 0.0435 0.0847 0.1137 0.1258 0.1228 0.1121 0.0971 0.0786 0.0605 0.0451 0.0325 0.0226 0.0155 0.0104 0.0072 0.0049 0.0033 0.0021 0.0013 0.0008 0.0005 0.0003 0.0002 RandomWalk_2000
0.0000 0.0070 0.0235 0.0559 0.1096 0.1633 0.1979 0.1827 0.1425 0.0788 0.0338 0.0051 0.0000 0.0000 0.0000 0.0000 0.0000 0.0000 0.0000 0.0000 0.0000 0.0000 0.0000 0.0000 0.0000 0.0000 Snowball_500
0.0000 0.0045 0.0200 0.0640 0.1325 0.1838 0.1988 0.1753 0.1231 0.0645 0.0257 0.0065 0.0011 0.0001 0.0000 0.0000 0.0000 0.0000 0.0000 0.0000 0.0000 0.0000 0.0000 0.0000 0.0000 0.0000 Snowball_1000
0.0000 0.0029 0.0123 0.0387 0.0942 0.1686 0.2240 0.2123 0.1445 0.0703 0.0248 0.0059 0.0011 0.0001 0.0000 0.0000 0.0000 0.0000 0.0000 0.0000 0.0000 0.0000 0.0000 0.0000 0.0000 0.0000 Snowball_1500
0.0000 0.0628 0.0517 0.0452 0.1122 0.1810 0.2092 0.1727 0.1028 0.0452 0.0143 0.0027 0.0003 0.0000 0.0000 0.0000 0.0000 0.0000 0.0000 0.0000 0.0000 0.0000 0.0000 0.0000 0.0000 0.0000 Snowball_2000
0.0000 0.0799 0.2833 0.3289 0.2079 0.0764 0.0190 0.0036 0.0008 0.0002 0.0000 0.0000 0.0000 0.0000 0.0000 0.0000 0.0000 0.0000 0.0000 0.0000 0.0000 0.0000 0.0000 0.0000 0.0000 0.0000 LCC_Landmark_Degree_500_subset.txt
0.0000 0.0558 0.2498 0.3403 0.2378 0.0883 0.0225 0.0047 0.0008 0.0001 0.0000 0.0000 0.0000 0.0000 0.0000 0.0000 0.0000 0.0000 0.0000 0.0000 0.0000 0.0000 0.0000 0.0000 0.0000 0.0000 LCC_Landmark_Degree_1000_subset.txt
0.0000 0.0389 0.2203 0.3452 0.2591 0.1017 0.0280 0.0058 0.0010 0.0001 0.0000 0.0000 0.0000 0.0000 0.0000 0.0000 0.0000 0.0000 0.0000 0.0000 0.0000 0.0000 0.0000 0.0000 0.0000 0.0000 LCC_Landmark_Degree_1500_subset.txt
0.0000 0.0280 0.1893 0.3410 0.2819 0.1193 0.0329 0.0065 0.0010 0.0001 0.0000 0.0000 0.0000 0.0000 0.0000 0.0000 0.0000 0.0000 0.0000 0.0000 0.0000 0.0000 0.0000 0.0000 0.0000 0.0000 LCC_Landmark_Degree_2000_subset.txt
0.0000 0.0017 0.0236 0.1286 0.3036 0.3174 0.1606 0.0508 0.0115 0.0018 0.0002 0.0000 0.0000 0.0000 0.0000 0.0000 0.0000 0.0000 0.0000 0.0000 0.0000 0.0000 0.0000 0.0000 0.0000 0.0000 LCC_Landmark_Uniform_500_subset.txt
0.0000 0.0019 0.0252 0.1328 0.3073 0.3136 0.1575 0.0482 0.0108 0.0021 0.0004 0.0001 0.0000 0.0000 0.0000 0.0000 0.0000 0.0000 0.0000 0.0000 0.0000 0.0000 0.0000 0.0000 0.0000 0.0000 LCC_Landmark_Uniform_1000_subset.txt
0.0000 0.0018 0.0239 0.1280 0.3004 0.3156 0.1651 0.0514 0.0115 0.0020 0.0003 0.0000 0.0000 0.0000 0.0000 0.0000 0.0000 0.0000 0.0000 0.0000 0.0000 0.0000 0.0000 0.0000 0.0000 0.0000 LCC_Landmark_Uniform_1500_subset.txt
0.0000 0.0019 0.0246 0.1293 0.3004 0.3147 0.1638 0.0512 0.0117 0.0020 0.0003 0.0000 0.0000 0.0000 0.0000 0.0000 0.0000 0.0000 0.0000 0.0000 0.0000 0.0000 0.0000 0.0000 0.0000 0.0000 LCC_Landmark_Uniform_2000_subset.txt
0.0000 0.1056 0.3280 0.3456 0.1685 0.0435 0.0073 0.0014 0.0001 0.0000 0.0000 0.0000 0.0000 0.0000 0.0000 0.0000 0.0000 0.0000 0.0000 0.0000 0.0000 0.0000 0.0000 0.0000 0.0000 0.0000 LCC_Randomwalk_500_subset.txt
0.0000 0.0708 0.3090 0.3486 0.2016 0.0590 0.0098 0.0011 0.0001 0.0000 0.0000 0.0000 0.0000 0.0000 0.0000 0.0000 0.0000 0.0000 0.0000 0.0000 0.0000 0.0000 0.0000 0.0000 0.0000 0.0000 LCC_Randomwalk_1000_subset.txt
0.0000 0.0424 0.2365 0.3697 0.2557 0.0783 0.0147 0.0024 0.0003 0.0000 0.0000 0.0000 0.0000 0.0000 0.0000 0.0000 0.0000 0.0000 0.0000 0.0000 0.0000 0.0000 0.0000 0.0000 0.0000 0.0000 LCC_Randomwalk_1500_subset.txt
0.0000 0.0310 0.2179 0.3749 0.2727 0.0871 0.0148 0.0016 0.0001 0.0000 0.0000 0.0000 0.0000 0.0000 0.0000 0.0000 0.0000 0.0000 0.0000 0.0000 0.0000 0.0000 0.0000 0.0000 0.0000 0.0000 LCC_Randomwalk_2000_subset.txt
0.0000 0.0394 0.1980 0.3744 0.2802 0.0903 0.0155 0.0021 0.0001 0.0000 0.0000 0.0000 0.0000 0.0000 0.0000 0.0000 0.0000 0.0000 0.0000 0.0000 0.0000 0.0000 0.0000 0.0000 0.0000 0.0000 LCC_Snowball_500_subset.txt
0.0000 0.0370 0.2149 0.3580 0.2776 0.0951 0.0158 0.0015 0.0001 0.0000 0.0000 0.0000 0.0000 0.0000 0.0000 0.0000 0.0000 0.0000 0.0000 0.0000 0.0000 0.0000 0.0000 0.0000 0.0000 0.0000 LCC_Snowball_1000_subset.txt
0.0000 0.0201 0.1379 0.3248 0.3390 0.1438 0.0299 0.0041 0.0004 0.0000 0.0000 0.0000 0.0000 0.0000 0.0000 0.0000 0.0000 0.0000 0.0000 0.0000 0.0000 0.0000 0.0000 0.0000 0.0000 0.0000 LCC_Snowball_1500_subset.txt
0.0000 0.1170 0.1348 0.3102 0.2966 0.1160 0.0225 0.0026 0.0002 0.0000 0.0000 0.0000 0.0000 0.0000 0.0000 0.0000 0.0000 0.0000 0.0000 0.0000 0.0000 0.0000 0.0000 0.0000 0.0000 0.0000 LCC_Snowball_2000_subset.txt
