0.0000 0.0018 0.0710 0.3167 0.4898 0.0896 0.0269 0.0036 0.0004 0.0000 0.0000 0.0000 0.0000 0.0000 0.0000 0.0000 0.0000 0.0000 0.0000 0.0000 0.0000 0.0000 0.0000 0.0000 0.0000 0.0000 LandmarkDApsp_500
0.0000 0.0016 0.0422 0.2261 0.5083 0.1625 0.0489 0.0088 0.0013 0.0002 0.0000 0.0000 0.0000 0.0000 0.0000 0.0000 0.0000 0.0000 0.0000 0.0000 0.0000 0.0000 0.0000 0.0000 0.0000 0.0000 LandmarkDApsp_1000
0.0000 0.0017 0.0343 0.2054 0.4852 0.2022 0.0552 0.0133 0.0023 0.0004 0.0000 0.0000 0.0000 0.0000 0.0000 0.0000 0.0000 0.0000 0.0000 0.0000 0.0000 0.0000 0.0000 0.0000 0.0000 0.0000 LandmarkDApsp_1500
0.0000 0.0015 0.0290 0.1845 0.4607 0.2380 0.0654 0.0174 0.0029 0.0005 0.0001 0.0000 0.0000 0.0000 0.0000 0.0000 0.0000 0.0000 0.0000 0.0000 0.0000 0.0000 0.0000 0.0000 0.0000 0.0000 LandmarkDApsp_2000
0.0000 0.0000 0.0037 0.0162 0.2211 0.3093 0.2644 0.1127 0.0563 0.0110 0.0044 0.0006 0.0002 0.0001 0.0000 0.0000 0.0000 0.0000 0.0000 0.0000 0.0000 0.0000 0.0000 0.0000 0.0000 0.0000 LandmarkUApsp_500
0.0000 0.0000 0.0026 0.0138 0.1203 0.1681 0.2932 0.2348 0.1144 0.0358 0.0136 0.0023 0.0009 0.0001 0.0000 0.0000 0.0000 0.0000 0.0000 0.0000 0.0000 0.0000 0.0000 0.0000 0.0000 0.0000 LandmarkUApsp_1000
0.0000 0.0000 0.0022 0.0130 0.0861 0.1257 0.2880 0.2657 0.1347 0.0550 0.0221 0.0051 0.0019 0.0004 0.0001 0.0000 0.0000 0.0000 0.0000 0.0000 0.0000 0.0000 0.0000 0.0000 0.0000 0.0000 LandmarkUApsp_1500
0.0000 0.0000 0.0017 0.0109 0.0621 0.1054 0.2673 0.2728 0.1593 0.0758 0.0327 0.0084 0.0030 0.0005 0.0001 0.0000 0.0000 0.0000 0.0000 0.0000 0.0000 0.0000 0.0000 0.0000 0.0000 0.0000 LandmarkUApsp_2000
0.0000 0.0041 0.0067 0.0061 0.0069 0.0070 0.0075 0.0080 0.0086 0.0090 0.0095 0.0100 0.0104 0.0109 0.0113 0.0117 0.0123 0.0126 0.0129 0.0132 0.0135 0.0139 0.0142 0.0145 0.0146 0.0149 RandomWalk_500
0.0000 0.0021 0.0037 0.0035 0.0043 0.0047 0.0054 0.0060 0.0069 0.0076 0.0086 0.0096 0.0106 0.0118 0.0131 0.0143 0.0157 0.0171 0.0186 0.0201 0.0217 0.0231 0.0244 0.0257 0.0268 0.0274 RandomWalk_1000
0.0000 0.0014 0.0025 0.0025 0.0033 0.0037 0.0047 0.0054 0.0065 0.0076 0.0090 0.0105 0.0122 0.0140 0.0161 0.0183 0.0207 0.0231 0.0256 0.0279 0.0302 0.0322 0.0340 0.0355 0.0367 0.0376 RandomWalk_1500
0.0000 0.0010 0.0019 0.0021 0.0028 0.0033 0.0042 0.0052 0.0066 0.0081 0.0101 0.0123 0.0150 0.0181 0.0215 0.0251 0.0290 0.0327 0.0362 0.0396 0.0424 0.0445 0.0458 0.0463 0.0463 0.0453 RandomWalk_2000
0.0000 0.0042 0.0114 0.0220 0.0484 0.0842 0.1438 0.1832 0.2238 0.1610 0.1054 0.0087 0.0038 0.0000 0.0000 0.0000 0.0000 0.0000 0.0000 0.0000 0.0000 0.0000 0.0000 0.0000 0.0000 0.0000 Snowball_500
0.0000 0.0022 0.0063 0.0139 0.0335 0.0669 0.1251 0.1794 0.2227 0.1821 0.1252 0.0317 0.0100 0.0009 0.0001 0.0000 0.0000 0.0000 0.0000 0.0000 0.0000 0.0000 0.0000 0.0000 0.0000 0.0000 Snowball_1000
0.0000 0.0016 0.0047 0.0112 0.0290 0.0623 0.1203 0.1754 0.2109 0.1822 0.1276 0.0550 0.0193 0.0005 0.0000 0.0000 0.0000 0.0000 0.0000 0.0000 0.0000 0.0000 0.0000 0.0000 0.0000 0.0000 Snowball_1500
0.0000 0.0164 0.0430 0.0209 0.0536 0.0490 0.0980 0.1539 0.1935 0.1767 0.1233 0.0522 0.0177 0.0015 0.0002 0.0000 0.0000 0.0000 0.0000 0.0000 0.0000 0.0000 0.0000 0.0000 0.0000 0.0000 Snowball_2000
0.0000 0.0018 0.0470 0.3177 0.4156 0.1845 0.0320 0.0014 0.0000 0.0000 0.0000 0.0000 0.0000 0.0000 0.0000 0.0000 0.0000 0.0000 0.0000 0.0000 0.0000 0.0000 0.0000 0.0000 0.0000 0.0000 LCC_Landmark_Degree_500_subset.txt
0.0000 0.0016 0.0444 0.3155 0.4233 0.1845 0.0295 0.0011 0.0000 0.0000 0.0000 0.0000 0.0000 0.0000 0.0000 0.0000 0.0000 0.0000 0.0000 0.0000 0.0000 0.0000 0.0000 0.0000 0.0000 0.0000 LCC_Landmark_Degree_1000_subset.txt
0.0000 0.0017 0.0439 0.3085 0.4201 0.1916 0.0328 0.0014 0.0000 0.0000 0.0000 0.0000 0.0000 0.0000 0.0000 0.0000 0.0000 0.0000 0.0000 0.0000 0.0000 0.0000 0.0000 0.0000 0.0000 0.0000 LCC_Landmark_Degree_1500_subset.txt
0.0000 0.0015 0.0414 0.2988 0.4225 0.1994 0.0349 0.0014 0.0000 0.0000 0.0000 0.0000 0.0000 0.0000 0.0000 0.0000 0.0000 0.0000 0.0000 0.0000 0.0000 0.0000 0.0000 0.0000 0.0000 0.0000 LCC_Landmark_Degree_2000_subset.txt
0.0000 0.0000 0.0009 0.0147 0.1548 0.4747 0.3322 0.0223 0.0003 0.0000 0.0000 0.0000 0.0000 0.0000 0.0000 0.0000 0.0000 0.0000 0.0000 0.0000 0.0000 0.0000 0.0000 0.0000 0.0000 0.0000 LCC_Landmark_Uniform_500_subset.txt
0.0000 0.0000 0.0009 0.0145 0.1552 0.4736 0.3316 0.0239 0.0004 0.0000 0.0000 0.0000 0.0000 0.0000 0.0000 0.0000 0.0000 0.0000 0.0000 0.0000 0.0000 0.0000 0.0000 0.0000 0.0000 0.0000 LCC_Landmark_Uniform_1000_subset.txt
0.0000 0.0000 0.0009 0.0155 0.1608 0.4808 0.3194 0.0222 0.0003 0.0000 0.0000 0.0000 0.0000 0.0000 0.0000 0.0000 0.0000 0.0000 0.0000 0.0000 0.0000 0.0000 0.0000 0.0000 0.0000 0.0000 LCC_Landmark_Uniform_1500_subset.txt
0.0000 0.0000 0.0009 0.0145 0.1547 0.4772 0.3283 0.0241 0.0004 0.0000 0.0000 0.0000 0.0000 0.0000 0.0000 0.0000 0.0000 0.0000 0.0000 0.0000 0.0000 0.0000 0.0000 0.0000 0.0000 0.0000 LCC_Landmark_Uniform_2000_subset.txt
0.0000 0.0058 0.0538 0.2921 0.4007 0.2028 0.0429 0.0018 0.0001 0.0000 0.0000 0.0000 0.0000 0.0000 0.0000 0.0000 0.0000 0.0000 0.0000 0.0000 0.0000 0.0000 0.0000 0.0000 0.0000 0.0000 LCC_Randomwalk_500_subset.txt
0.0000 0.0036 0.0451 0.2709 0.4044 0.2239 0.0499 0.0023 0.0000 0.0000 0.0000 0.0000 0.0000 0.0000 0.0000 0.0000 0.0000 0.0000 0.0000 0.0000 0.0000 0.0000 0.0000 0.0000 0.0000 0.0000 LCC_Randomwalk_1000_subset.txt
0.0000 0.0028 0.0432 0.2668 0.4054 0.2272 0.0521 0.0024 0.0000 0.0000 0.0000 0.0000 0.0000 0.0000 0.0000 0.0000 0.0000 0.0000 0.0000 0.0000 0.0000 0.0000 0.0000 0.0000 0.0000 0.0000 LCC_Randomwalk_1500_subset.txt
0.0000 0.0024 0.0425 0.2745 0.4126 0.2197 0.0461 0.0020 0.0000 0.0000 0.0000 0.0000 0.0000 0.0000 0.0000 0.0000 0.0000 0.0000 0.0000 0.0000 0.0000 0.0000 0.0000 0.0000 0.0000 0.0000 LCC_Randomwalk_2000_subset.txt
0.0000 0.0067 0.0786 0.3712 0.3873 0.1368 0.0189 0.0005 0.0000 0.0000 0.0000 0.0000 0.0000 0.0000 0.0000 0.0000 0.0000 0.0000 0.0000 0.0000 0.0000 0.0000 0.0000 0.0000 0.0000 0.0000 LCC_Snowball_500_subset.txt
0.0000 0.0042 0.0626 0.3437 0.4128 0.1560 0.0203 0.0003 0.0000 0.0000 0.0000 0.0000 0.0000 0.0000 0.0000 0.0000 0.0000 0.0000 0.0000 0.0000 0.0000 0.0000 0.0000 0.0000 0.0000 0.0000 LCC_Snowball_1000_subset.txt
0.0000 0.0033 0.0564 0.3333 0.4190 0.1654 0.0222 0.0005 0.0000 0.0000 0.0000 0.0000 0.0000 0.0000 0.0000 0.0000 0.0000 0.0000 0.0000 0.0000 0.0000 0.0000 0.0000 0.0000 0.0000 0.0000 LCC_Snowball_1500_subset.txt
0.0000 0.0179 0.0877 0.3092 0.4151 0.1515 0.0184 0.0002 0.0000 0.0000 0.0000 0.0000 0.0000 0.0000 0.0000 0.0000 0.0000 0.0000 0.0000 0.0000 0.0000 0.0000 0.0000 0.0000 0.0000 0.0000 LCC_Snowball_2000_subset.txt
