0.0000 0.0028 0.0290 0.1145 0.2735 0.2909 0.1733 0.0726 0.0285 0.0103 0.0035 0.0009 0.0002 0.0000 0.0000 0.0000 0.0000 0.0000 0.0000 0.0000 0.0000 0.0000 0.0000 0.0000 0.0000 0.0000 LandmarkDApsp_500
0.0000 0.0026 0.0214 0.0967 0.2418 0.2968 0.1946 0.0902 0.0374 0.0130 0.0040 0.0012 0.0003 0.0001 0.0000 0.0000 0.0000 0.0000 0.0000 0.0000 0.0000 0.0000 0.0000 0.0000 0.0000 0.0000 LandmarkDApsp_1000
0.0000 0.0024 0.0204 0.0973 0.2390 0.2945 0.1980 0.0921 0.0371 0.0132 0.0042 0.0013 0.0005 0.0001 0.0000 0.0000 0.0000 0.0000 0.0000 0.0000 0.0000 0.0000 0.0000 0.0000 0.0000 0.0000 LandmarkDApsp_1500
0.0000 0.0023 0.0197 0.0987 0.2419 0.2905 0.1944 0.0931 0.0381 0.0138 0.0049 0.0018 0.0006 0.0002 0.0000 0.0000 0.0000 0.0000 0.0000 0.0000 0.0000 0.0000 0.0000 0.0000 0.0000 0.0000 LandmarkDApsp_2000
0.0000 0.0004 0.0071 0.0277 0.0860 0.1546 0.2408 0.2182 0.1398 0.0654 0.0332 0.0156 0.0067 0.0026 0.0011 0.0005 0.0003 0.0001 0.0000 0.0000 0.0000 0.0000 0.0000 0.0000 0.0000 0.0000 LandmarkUApsp_500
0.0000 0.0004 0.0048 0.0185 0.0531 0.1285 0.2107 0.2205 0.1661 0.1007 0.0528 0.0249 0.0114 0.0047 0.0018 0.0007 0.0003 0.0001 0.0000 0.0000 0.0000 0.0000 0.0000 0.0000 0.0000 0.0000 LandmarkUApsp_1000
0.0000 0.0004 0.0038 0.0142 0.0431 0.1134 0.1948 0.2190 0.1772 0.1152 0.0637 0.0313 0.0141 0.0060 0.0023 0.0009 0.0004 0.0002 0.0001 0.0000 0.0000 0.0000 0.0000 0.0000 0.0000 0.0000 LandmarkUApsp_1500
0.0000 0.0004 0.0030 0.0114 0.0362 0.0993 0.1795 0.2149 0.1864 0.1273 0.0733 0.0372 0.0175 0.0078 0.0033 0.0014 0.0006 0.0003 0.0001 0.0001 0.0000 0.0000 0.0000 0.0000 0.0000 0.0000 LandmarkUApsp_2000
0.0000 0.0047 0.0066 0.0076 0.0085 0.0095 0.0105 0.0115 0.0126 0.0138 0.0150 0.0165 0.0181 0.0197 0.0212 0.0227 0.0243 0.0254 0.0264 0.0270 0.0277 0.0283 0.0286 0.0288 0.0292 0.0290 RandomWalk_500
0.0000 0.0024 0.0038 0.0051 0.0065 0.0085 0.0111 0.0143 0.0181 0.0224 0.0268 0.0313 0.0357 0.0398 0.0434 0.0464 0.0484 0.0496 0.0497 0.0490 0.0475 0.0453 0.0426 0.0397 0.0366 0.0333 RandomWalk_1000
0.0000 0.0017 0.0029 0.0044 0.0067 0.0099 0.0146 0.0209 0.0290 0.0385 0.0486 0.0582 0.0660 0.0714 0.0741 0.0740 0.0710 0.0660 0.0594 0.0520 0.0443 0.0370 0.0304 0.0246 0.0197 0.0156 RandomWalk_1500
0.0000 0.0013 0.0024 0.0039 0.0062 0.0100 0.0158 0.0240 0.0348 0.0472 0.0601 0.0717 0.0805 0.0852 0.0857 0.0820 0.0753 0.0665 0.0566 0.0466 0.0371 0.0288 0.0219 0.0163 0.0119 0.0085 RandomWalk_2000
0.0000 0.0061 0.0171 0.0381 0.0782 0.1335 0.1859 0.2039 0.1768 0.1114 0.0461 0.0027 0.0000 0.0000 0.0000 0.0000 0.0000 0.0000 0.0000 0.0000 0.0000 0.0000 0.0000 0.0000 0.0000 0.0000 Snowball_500
0.0000 0.0038 0.0126 0.0348 0.0841 0.1516 0.2003 0.1983 0.1549 0.0933 0.0458 0.0161 0.0044 0.0000 0.0000 0.0000 0.0000 0.0000 0.0000 0.0000 0.0000 0.0000 0.0000 0.0000 0.0000 0.0000 Snowball_1000
0.0000 0.0024 0.0081 0.0233 0.0606 0.1217 0.1810 0.2023 0.1773 0.1217 0.0657 0.0266 0.0083 0.0010 0.0000 0.0000 0.0000 0.0000 0.0000 0.0000 0.0000 0.0000 0.0000 0.0000 0.0000 0.0000 Snowball_1500
0.0000 0.0018 0.0066 0.0206 0.0581 0.1264 0.1997 0.2245 0.1868 0.1123 0.0484 0.0128 0.0021 0.0001 0.0000 0.0000 0.0000 0.0000 0.0000 0.0000 0.0000 0.0000 0.0000 0.0000 0.0000 0.0000 Snowball_2000
0.0000 0.0028 0.0309 0.1722 0.3557 0.2834 0.1142 0.0323 0.0071 0.0013 0.0002 0.0000 0.0000 0.0000 0.0000 0.0000 0.0000 0.0000 0.0000 0.0000 0.0000 0.0000 0.0000 0.0000 0.0000 0.0000 LCC_Landmark_Degree_500_subset.txt
0.0000 0.0026 0.0281 0.1616 0.3500 0.2953 0.1214 0.0324 0.0071 0.0012 0.0002 0.0000 0.0000 0.0000 0.0000 0.0000 0.0000 0.0000 0.0000 0.0000 0.0000 0.0000 0.0000 0.0000 0.0000 0.0000 LCC_Landmark_Degree_1000_subset.txt
0.0000 0.0024 0.0272 0.1591 0.3494 0.2975 0.1230 0.0329 0.0070 0.0012 0.0002 0.0000 0.0000 0.0000 0.0000 0.0000 0.0000 0.0000 0.0000 0.0000 0.0000 0.0000 0.0000 0.0000 0.0000 0.0000 LCC_Landmark_Degree_1500_subset.txt
0.0000 0.0023 0.0256 0.1554 0.3481 0.2980 0.1255 0.0351 0.0080 0.0015 0.0003 0.0001 0.0000 0.0000 0.0000 0.0000 0.0000 0.0000 0.0000 0.0000 0.0000 0.0000 0.0000 0.0000 0.0000 0.0000 LCC_Landmark_Degree_2000_subset.txt
0.0000 0.0004 0.0048 0.0436 0.1893 0.3403 0.2658 0.1123 0.0336 0.0078 0.0016 0.0003 0.0001 0.0000 0.0000 0.0000 0.0000 0.0000 0.0000 0.0000 0.0000 0.0000 0.0000 0.0000 0.0000 0.0000 LCC_Landmark_Uniform_500_subset.txt
0.0000 0.0004 0.0047 0.0425 0.1869 0.3381 0.2666 0.1161 0.0349 0.0081 0.0015 0.0002 0.0000 0.0000 0.0000 0.0000 0.0000 0.0000 0.0000 0.0000 0.0000 0.0000 0.0000 0.0000 0.0000 0.0000 LCC_Landmark_Uniform_1000_subset.txt
0.0000 0.0004 0.0048 0.0426 0.1870 0.3384 0.2653 0.1162 0.0354 0.0080 0.0016 0.0003 0.0001 0.0000 0.0000 0.0000 0.0000 0.0000 0.0000 0.0000 0.0000 0.0000 0.0000 0.0000 0.0000 0.0000 LCC_Landmark_Uniform_1500_subset.txt
0.0000 0.0004 0.0046 0.0416 0.1859 0.3374 0.2657 0.1171 0.0360 0.0088 0.0020 0.0004 0.0001 0.0000 0.0000 0.0000 0.0000 0.0000 0.0000 0.0000 0.0000 0.0000 0.0000 0.0000 0.0000 0.0000 LCC_Landmark_Uniform_2000_subset.txt
0.0000 0.0105 0.0461 0.2043 0.3731 0.2624 0.0833 0.0176 0.0025 0.0003 0.0000 0.0000 0.0000 0.0000 0.0000 0.0000 0.0000 0.0000 0.0000 0.0000 0.0000 0.0000 0.0000 0.0000 0.0000 0.0000 LCC_Randomwalk_500_subset.txt
0.0000 0.0064 0.0415 0.2060 0.3816 0.2627 0.0832 0.0157 0.0022 0.0004 0.0001 0.0000 0.0000 0.0000 0.0000 0.0000 0.0000 0.0000 0.0000 0.0000 0.0000 0.0000 0.0000 0.0000 0.0000 0.0000 LCC_Randomwalk_1000_subset.txt
0.0000 0.0050 0.0380 0.2000 0.3910 0.2714 0.0792 0.0134 0.0018 0.0002 0.0000 0.0000 0.0000 0.0000 0.0000 0.0000 0.0000 0.0000 0.0000 0.0000 0.0000 0.0000 0.0000 0.0000 0.0000 0.0000 LCC_Randomwalk_1500_subset.txt
0.0000 0.0041 0.0343 0.1903 0.3833 0.2776 0.0892 0.0181 0.0028 0.0003 0.0000 0.0000 0.0000 0.0000 0.0000 0.0000 0.0000 0.0000 0.0000 0.0000 0.0000 0.0000 0.0000 0.0000 0.0000 0.0000 LCC_Randomwalk_2000_subset.txt
0.0000 0.0115 0.0643 0.2484 0.3906 0.2232 0.0543 0.0072 0.0005 0.0000 0.0000 0.0000 0.0000 0.0000 0.0000 0.0000 0.0000 0.0000 0.0000 0.0000 0.0000 0.0000 0.0000 0.0000 0.0000 0.0000 LCC_Snowball_500_subset.txt
0.0000 0.0079 0.0617 0.2685 0.3988 0.2099 0.0470 0.0059 0.0004 0.0000 0.0000 0.0000 0.0000 0.0000 0.0000 0.0000 0.0000 0.0000 0.0000 0.0000 0.0000 0.0000 0.0000 0.0000 0.0000 0.0000 LCC_Snowball_1000_subset.txt
0.0000 0.0050 0.0421 0.2159 0.3974 0.2576 0.0702 0.0106 0.0011 0.0001 0.0000 0.0000 0.0000 0.0000 0.0000 0.0000 0.0000 0.0000 0.0000 0.0000 0.0000 0.0000 0.0000 0.0000 0.0000 0.0000 LCC_Snowball_1500_subset.txt
0.0000 0.0041 0.0385 0.2146 0.4148 0.2604 0.0603 0.0067 0.0005 0.0000 0.0000 0.0000 0.0000 0.0000 0.0000 0.0000 0.0000 0.0000 0.0000 0.0000 0.0000 0.0000 0.0000 0.0000 0.0000 0.0000 LCC_Snowball_2000_subset.txt


