0.0000 0.0028 0.0207 0.0877 0.1898 0.2717 0.2253 0.1240 0.0506 0.0183 0.0064 0.0020 0.0005 0.0001 0.0000 0.0000 0.0000 0.0000 0.0000 0.0000 0.0000 0.0000 0.0000 0.0000 0.0000 0.0000 LandmarkDApsp_500
0.0000 0.0027 0.0201 0.0908 0.2143 0.2760 0.2091 0.1117 0.0477 0.0181 0.0064 0.0022 0.0006 0.0002 0.0000 0.0000 0.0000 0.0000 0.0000 0.0000 0.0000 0.0000 0.0000 0.0000 0.0000 0.0000 LandmarkDApsp_1000
0.0000 0.0024 0.0203 0.1008 0.2333 0.2763 0.1969 0.1020 0.0432 0.0159 0.0057 0.0021 0.0007 0.0002 0.0000 0.0000 0.0000 0.0000 0.0000 0.0000 0.0000 0.0000 0.0000 0.0000 0.0000 0.0000 LandmarkDApsp_2000
0.0000 0.0004 0.0034 0.0215 0.0498 0.1096 0.1932 0.2234 0.1726 0.1108 0.0624 0.0307 0.0135 0.0054 0.0021 0.0008 0.0003 0.0001 0.0000 0.0000 0.0000 0.0000 0.0000 0.0000 0.0000 0.0000 LandmarkUApsp_500
0.0000 0.0004 0.0030 0.0150 0.0360 0.0991 0.1801 0.2089 0.1872 0.1295 0.0732 0.0377 0.0179 0.0077 0.0029 0.0010 0.0003 0.0001 0.0000 0.0000 0.0000 0.0000 0.0000 0.0000 0.0000 0.0000 LandmarkUApsp_1000
0.0000 0.0004 0.0024 0.0098 0.0286 0.0822 0.1553 0.2034 0.1989 0.1457 0.0880 0.0461 0.0219 0.0101 0.0045 0.0018 0.0007 0.0002 0.0001 0.0000 0.0000 0.0000 0.0000 0.0000 0.0000 0.0000 LandmarkUApsp_2000
0.0000 0.0047 0.0067 0.0080 0.0092 0.0107 0.0125 0.0143 0.0162 0.0181 0.0201 0.0223 0.0243 0.0266 0.0291 0.0311 0.0332 0.0349 0.0358 0.0365 0.0368 0.0366 0.0365 0.0363 0.0356 0.0344 RandomWalk_500
0.0000 0.0024 0.0037 0.0050 0.0063 0.0081 0.0102 0.0129 0.0160 0.0197 0.0240 0.0281 0.0321 0.0359 0.0394 0.0424 0.0447 0.0467 0.0477 0.0477 0.0473 0.0462 0.0446 0.0424 0.0398 0.0368 RandomWalk_1000
0.0000 0.0013 0.0024 0.0039 0.0062 0.0100 0.0157 0.0237 0.0341 0.0460 0.0583 0.0692 0.0771 0.0817 0.0829 0.0803 0.0745 0.0665 0.0573 0.0480 0.0388 0.0306 0.0235 0.0177 0.0132 0.0098 RandomWalk_2000
0.0000 0.0063 0.0182 0.0395 0.0801 0.1277 0.1703 0.1840 0.1716 0.1190 0.0641 0.0157 0.0034 0.0000 0.0000 0.0000 0.0000 0.0000 0.0000 0.0000 0.0000 0.0000 0.0000 0.0000 0.0000 0.0000 Snowball_500
0.0000 0.0036 0.0120 0.0331 0.0807 0.1462 0.1950 0.1971 0.1593 0.0962 0.0527 0.0194 0.0046 0.0000 0.0000 0.0000 0.0000 0.0000 0.0000 0.0000 0.0000 0.0000 0.0000 0.0000 0.0000 0.0000 Snowball_1000
0.0000 0.0018 0.0063 0.0187 0.0506 0.1086 0.1772 0.2152 0.1957 0.1329 0.0662 0.0218 0.0045 0.0005 0.0000 0.0000 0.0000 0.0000 0.0000 0.0000 0.0000 0.0000 0.0000 0.0000 0.0000 0.0000 Snowball_2000
0.0000 0.0028 0.0317 0.1752 0.3627 0.2860 0.1072 0.0274 0.0059 0.0009 0.0001 0.0000 0.0000 0.0000 0.0000 0.0000 0.0000 0.0000 0.0000 0.0000 0.0000 0.0000 0.0000 0.0000 0.0000 0.0000 LCC_Landmark_Degree_500_subset.txt
0.0000 0.0027 0.0304 0.1711 0.3557 0.2843 0.1163 0.0319 0.0065 0.0010 0.0001 0.0000 0.0000 0.0000 0.0000 0.0000 0.0000 0.0000 0.0000 0.0000 0.0000 0.0000 0.0000 0.0000 0.0000 0.0000 LCC_Landmark_Degree_1000_subset.txt
0.0000 0.0024 0.0270 0.1609 0.3487 0.2937 0.1233 0.0346 0.0078 0.0014 0.0002 0.0000 0.0000 0.0000 0.0000 0.0000 0.0000 0.0000 0.0000 0.0000 0.0000 0.0000 0.0000 0.0000 0.0000 0.0000 LCC_Landmark_Degree_2000_subset.txt
0.0000 0.0004 0.0045 0.0417 0.1896 0.3402 0.2640 0.1158 0.0344 0.0077 0.0015 0.0002 0.0000 0.0000 0.0000 0.0000 0.0000 0.0000 0.0000 0.0000 0.0000 0.0000 0.0000 0.0000 0.0000 0.0000 LCC_Landmark_Uniform_500_subset.txt
0.0000 0.0004 0.0046 0.0407 0.1821 0.3382 0.2703 0.1173 0.0365 0.0083 0.0014 0.0002 0.0000 0.0000 0.0000 0.0000 0.0000 0.0000 0.0000 0.0000 0.0000 0.0000 0.0000 0.0000 0.0000 0.0000 LCC_Landmark_Uniform_1000_subset.txt
0.0000 0.0004 0.0046 0.0424 0.1889 0.3426 0.2649 0.1119 0.0336 0.0084 0.0019 0.0004 0.0001 0.0000 0.0000 0.0000 0.0000 0.0000 0.0000 0.0000 0.0000 0.0000 0.0000 0.0000 0.0000 0.0000 LCC_Landmark_Uniform_2000_subset.txt
0.0000 0.0108 0.0501 0.2251 0.3903 0.2434 0.0682 0.0109 0.0012 0.0001 0.0000 0.0000 0.0000 0.0000 0.0000 0.0000 0.0000 0.0000 0.0000 0.0000 0.0000 0.0000 0.0000 0.0000 0.0000 0.0000 LCC_Randomwalk_500_subset.txt
0.0000 0.0063 0.0397 0.1916 0.3693 0.2739 0.0941 0.0208 0.0033 0.0007 0.0002 0.0000 0.0000 0.0000 0.0000 0.0000 0.0000 0.0000 0.0000 0.0000 0.0000 0.0000 0.0000 0.0000 0.0000 0.0000 LCC_Randomwalk_1000_subset.txt
0.0000 0.0040 0.0326 0.1836 0.3798 0.2867 0.0938 0.0173 0.0021 0.0002 0.0000 0.0000 0.0000 0.0000 0.0000 0.0000 0.0000 0.0000 0.0000 0.0000 0.0000 0.0000 0.0000 0.0000 0.0000 0.0000 LCC_Randomwalk_2000_subset.txt
0.0000 0.0125 0.0652 0.2365 0.3932 0.2295 0.0541 0.0077 0.0012 0.0001 0.0000 0.0000 0.0000 0.0000 0.0000 0.0000 0.0000 0.0000 0.0000 0.0000 0.0000 0.0000 0.0000 0.0000 0.0000 0.0000 LCC_Snowball_500_subset.txt
0.0000 0.0081 0.0653 0.2764 0.3997 0.2027 0.0433 0.0043 0.0002 0.0000 0.0000 0.0000 0.0000 0.0000 0.0000 0.0000 0.0000 0.0000 0.0000 0.0000 0.0000 0.0000 0.0000 0.0000 0.0000 0.0000 LCC_Snowball_1000_subset.txt
0.0000 0.0040 0.0364 0.1999 0.4007 0.2739 0.0748 0.0097 0.0006 0.0000 0.0000 0.0000 0.0000 0.0000 0.0000 0.0000 0.0000 0.0000 0.0000 0.0000 0.0000 0.0000 0.0000 0.0000 0.0000 0.0000 LCC_Snowball_2000_subset.txt