5437 6826 1
6826 6362 1
6362 9572 1
9572 6374 1
6374 6405 1
6405 6691 1
6691 10504 1
10504 2162 1
2162 10487 1
10487 6058 1
6058 11132 1
11132 3397 1
3397 2402 1
2402 8716 1
8716 3234 1
3234 3042 1
3042 5574 1
5574 8374 1
8374 542 1
542 4877 1
4877 2880 1
2880 49 1
49 7733 1
7733 3788 1
3788 2734 1
2734 2243 1
2243 2880 1
2880 6529 1
6529 5133 1
5133 8368 1
8368 49 1
49 3788 1
3788 1739 1
1739 3644 1
3644 437 1
437 50 1
50 440 1
440 319 1
319 8998 1
8998 159 1
159 7359 1
7359 4464 1
4464 2958 1
2958 3945 1
3945 2975 1
2975 4000 1
4000 3772 1
3772 2842 1
2842 4725 1
4725 18 1
18 2285 1
2285 2301 1
2301 4917 1
4917 10158 1
10158 4044 1
4044 18 1
18 10410 1
10410 2041 1
2041 4104 1
4104 3383 1
3383 730 1
730 6239 1
6239 10874 1
10874 7084 1
7084 8233 1
8233 497 1
497 9733 1
9733 258 1
258 180 1
180 8374 1
8374 5395 1
5395 2175 1
2175 9007 1
2175 4583 1
4583 3761 1
3761 2535 1
2535 6288 1
6288 9602 1
9602 2505 1
2505 5616 1
5616 3510 1
3510 68 1
68 5161 1
5161 2936 1
2936 5439 1
5439 3022 1
3022 8239 1
8239 2993 1
2993 9169 1
9169 6228 1
6228 9788 1
9788 6255 1
6255 1877 1
1877 2925 1
2925 10539 1
10539 10964 1
10964 4810 1
4810 4730 1
4730 853 1
853 4810 1
4810 8767 1
8767 2970 1
2970 3957 1
3957 2946 1
2946 8716 1
8716 3062 1
3062 4149 1
3062 6061 1
6061 10726 1
10726 7505 1
7505 8343 1
8343 4060 1
4060 6876 1
6876 3362 1
3362 3993 1
3993 4483 1
4483 264 1
264 10807 1
10807 6238 1
6238 11019 1
11019 2395 1
2395 3364 1
3364 2535 1
2535 7768 1
7768 1540 1
1540 9100 1
9100 6491 1
6491 10413 1
6491 4328 1
4328 2972 1
2972 4180 1
4180 7783 1
7783 3217 1
7783 9632 1
9632 4916 1
4916 4913 1
4913 7783 1
7783 396 1
7783 395 1
395 4913 1
4916 7783 1
4916 395 1
395 3805 1
3805 1999 1
395 4017 1
4017 4201 1
4201 9691 1
9691 2200 1
2200 814 1
814 8147 1
814 533 1
533 1319 1
1319 10601 1
10601 4739 1
4739 9076 1
4739 533 1
814 4195 1
4195 3474 1
3474 517 1
517 10250 1
10250 10378 1
10378 9791 1
9791 1510 1
1510 2710 1
2710 10250 1
10250 2297 1
2297 1510 1
1510 10577 1
10577 1744 1
1744 10493 1
10493 8342 1
8342 3277 1
3277 1379 1
1379 9225 1
9225 10008 1
10008 43 1
43 3420 1
3420 7280 1
7280 43 1
43 10806 1
10806 8752 1
8752 5741 1
5741 4701 1
4701 7413 1
7413 5741 1
5741 3468 1
3468 6128 1
6128 96 1
96 3824 1
3824 2882 1
2882 9016 1
9016 8664 1
8664 5661 1
5661 10008 1
10008 10429 1
10429 4887 1
4887 2465 1
2465 2295 1
2295 6057 1
6057 9646 1
9646 4887 1
4887 6057 1
6057 2732 1
2732 6578 1
6578 1595 1
1595 8722 1
8722 2295 1
2465 8457 1
8457 6284 1
6284 4887 1
6057 4679 1
4679 5599 1
5599 9486 1
9486 9120 1
9120 3415 1
3415 10769 1
10769 547 1
547 1238 1
1238 6083 1
6083 7508 1
1238 10715 1
1238 5065 1
1238 10757 1
10757 7543 1
7543 2026 1
7543 6589 1
7543 7192 1
7192 8919 1
8919 9630 1
9630 2601 1
2601 2451 1
2451 7640 1
7640 888 1
888 4521 1
4521 5779 1
5779 4112 1
4112 9999 1
4112 8156 1
8156 5830 1
5830 7938 1
7938 7192 1
7192 4521 1
4521 728 1
728 946 1
946 7322 1
7322 10023 1
10023 9122 1
9122 9372 1
9372 8999 1
8999 847 1
847 6783 1
6783 8267 1
8267 7611 1
7611 3698 1
3698 728 1
728 8163 1
8163 7611 1
7611 6783 1
6783 946 1
946 9831 1
9831 847 1
9831 4521 1
4521 10942 1
10942 8950 1
8950 2214 1
2214 6552 1
6552 3866 1
3866 7274 1
7274 6220 1
6220 3047 1
3047 7171 1
7171 10311 1
10311 3986 1
3986 9397 1
9397 2097 1
2097 5798 1
5798 944 1
944 4069 1
4069 3534 1
3534 2024 1
2024 10064 1
10064 7147 1
7147 4830 1
4830 1428 1
1428 4606 1
4606 6101 1
6101 7211 1
7211 10792 1
10792 5133 1
5133 6999 1
6999 3531 1
6999 9072 1
9072 1944 1
1944 8316 1
8316 1153 1
1153 1229 1
1229 3964 1
1229 2175 1
2175 3914 1
3914 3064 1
3064 1535 1
1535 6411 1
6411 440 1
440 5783 1
5783 482 1
482 6723 1
6723 6239 1
6239 5569 1
5569 482 1
482 1197 1
1197 9523 1
9523 10792 1
10792 8736 1
8736 8153 1
8153 9165 1
9165 3386 1
3386 629 1
629 4536 1
4536 3386 1
3386 6383 1
6383 6061 1
6061 10041 1
10041 4104 1
4104 3317 1
3317 2475 1
2475 7517 1
7517 5130 1
5130 7177 1
7177 10123 1
10123 3060 1
3060 4119 1
4119 3993 1
3993 1564 1
1564 6526 1
6526 11060 1
11060 3993 1
3993 7618 1
7618 8736 1
8736 6876 1
6876 4480 1
4480 2447 1
2447 1336 1
1336 10588 1
10588 4531 1
4531 3993 1
3993 3039 1
3039 5616 1
5616 433 1
433 11129 1
11129 281 1
281 7676 1
7676 6097 1
6097 68 1
68 561 1
561 4199 1
4199 2734 1
2734 5439 1
5439 7359 1
7359 5589 1
5589 9400 1
9400 10041 1
10041 9278 1
9278 2970 1
2970 9072 1
9072 6391 1
6391 4630 1
4630 6033 1
6033 6391 1
6391 756 1
756 10287 1
10287 8506 1
8506 3227 1
3227 8523 1
8523 10804 1
10804 9400 1
9400 4357 1
4357 537 1
537 5269 1
5269 1102 1
1102 8239 1
5269 2993 1
2993 5824 1
5824 1208 1
1208 1657 1
1657 2408 1
2408 9839 1
9839 6176 1
6176 2530 1
2530 5935 1
5935 10325 1
10325 6552 1
6552 5779 1
5779 6984 1
6984 7192 1
7192 8156 1
8156 3166 1
3166 5268 1
5268 8260 1
8260 5763 1
5763 10284 1
5763 7667 1
7667 4427 1
4427 7324 1
7324 8939 1
8939 4475 1
4475 7324 1
8939 554 1
7324 9838 1
9838 1586 1
1586 2617 1
1586 8985 1
8985 3300 1
3300 9416 1
9416 7949 1
7949 3300 1
3300 4933 1
4933 9776 1
4933 1174 1
1174 70 1
70 5070 1
5070 5985 1
5985 8378 1
8378 519 1
519 10826 1
519 3677 1
3677 4547 1
4547 9158 1
9158 9007 1
9007 3569 1
3569 5442 1
3569 4776 1
4776 18 1
18 7212 1
7212 2484 1
2484 10087 1
10087 8547 1
8547 3720 1
3720 10158 1
10158 8153 1
8153 10318 1
10318 2571 1
2571 8736 1
8736 1130 1
1130 7676 1
7676 3778 1
3778 1412 1
1412 2262 1
2262 6894 1
6894 3100 1
3100 8153 1
8153 8802 1
8802 3914 1
3914 9473 1
9473 8374 1
8374 10723 1
10723 50 1
50 11006 1
11006 3914 1
3914 8756 1
8756 2595 1
2595 4128 1
4128 7505 1
7505 1785 1
1785 10546 1
10546 5163 1
5163 1363 1
1363 8103 1
8103 10339 1
10339 6115 1
6115 7000 1
7000 7563 1
7563 10625 1
10625 7839 1
7839 9701 1
9701 8954 1
8954 6665 1
6665 3087 1
3087 1640 1
1640 10557 1
10557 1001 1
10557 3018 1
3018 10436 1
10436 7374 1
7374 4220 1
4220 10436 1
4220 3018 1
3018 10015 1
10015 10816 1
10816 6838 1
6838 6320 1
6320 8531 1
8531 7236 1
7236 685 1
685 9071 1
9071 7352 1
7352 48 1
48 8019 1
8019 7644 1
7644 48 1
7644 2224 1
7644 7352 1
7352 10809 1
10809 2932 1
2932 1406 1
1406 3747 1
3747 3270 1
3270 10158 1
10158 7427 1
10158 8277 1
8277 7746 1
7746 8364 1
8364 2821 1
2821 3267 1
3267 3699 1
3699 1248 1
1248 4757 1
4757 10397 1
10397 2791 1
2791 3397 1
3397 8153 1
8153 3064 1
3064 10551 1
10551 2020 1
2020 6712 1
6712 2112 1
2112 10004 1
10004 2979 1
2979 5053 1
5053 1412 1
1412 10616 1
10616 7682 1
7682 6770 1
6770 232 1
232 2737 1
2737 6918 1
6918 1157 1
1157 357 1
357 8343 1
8343 1785 1
1785 941 1
941 4382 1
4382 2243 1
2243 2571 1
2571 10588 1
10588 8998 1
8998 2516 1
2516 3317 1
3317 11093 1
11093 9131 1
9131 1204 1
1204 2742 1
2742 8442 1
8442 6805 1
6805 6429 1
6429 8442 1
8442 2309 1
2309 6805 1
6805 566 1
566 10832 1
10832 3381 1
3381 5263 1
5263 3253 1
3253 8442 1
8442 7772 1
7772 8991 1
8991 3381 1
3381 8442 1
8442 4161 1
4161 10537 1
4161 3381 1
3381 2309 1
2309 566 1
6805 1998 1
1998 6429 1
6429 2309 1
2309 5483 1
5483 8442 1
8442 8991 1
8991 566 1
566 3253 1
3253 5483 1
5483 8991 1
8991 10832 1
10832 6217 1
6217 6805 1
6805 1204 1
1204 2785 1
2785 7201 1
7201 3241 1
3241 2975 1
2975 7091 1
7091 10434 1
10434 5971 1
5971 2957 1
2957 3111 1
3111 3512 1
3512 2426 1
2426 3054 1
3054 3111 1
3111 9544 1
9544 2073 1
2073 8246 1
8246 4853 1
4853 8858 1
8858 2015 1
2015 2492 1
2492 6023 1
2492 5080 1
5080 8197 1
8197 1818 1
