6218 7491 1
7491 8911 1
8911 2301 1
2301 4073 1
4073 2691 1
2691 1987 1
1987 3809 1
3809 4757 1
4757 2843 1
4757 4027 1
4027 7123 1
7123 4648 1
4648 10983 1
10983 4072 1
4072 6815 1
6815 11068 1
11068 2177 1
2177 9506 1
9506 4476 1
4476 3969 1
3969 1296 1
1296 6338 1
6338 4476 1
4476 9830 1
9830 11171 1
11171 6041 1
6041 9535 1
9535 10161 1
10161 2084 1
2084 9606 1
2084 4136 1
4136 578 1
4136 2290 1
578 9894 1
9894 6086 1
6086 2084 1
10161 3027 1
3027 6086 1
6086 10132 1
6086 8609 1
8609 1447 1
1447 6468 1
6468 7103 1
7103 5126 1
5126 5523 1
5523 8879 1
8879 9096 1
9096 10930 1
10930 5523 1
5523 693 1
693 10930 1
10930 5126 1
5126 6600 1
6600 693 1
693 10595 1
10595 9096 1
9096 6356 1
6356 5063 1
5063 1625 1
5063 7103 1
5063 9096 1
9096 693 1
693 3406 1
3406 1347 1
1347 7103 1
7103 6600 1
6600 5063 1
1625 6356 1
6356 7103 1
7103 10930 1
7103 5523 1
5523 7872 1
7872 10595 1
10595 5126 1
5126 693 1
693 6356 1
5063 1347 1
7103 4381 1
4381 1585 1
1585 2090 1
1585 2745 1
2745 5885 1
2090 8488 1
2090 3147 1
2090 2835 1
2835 10681 1
10681 6744 1
6744 545 1
545 2756 1
2756 4407 1
4407 579 1
579 6877 1
6877 4407 1
4407 4069 1
4069 9422 1
9422 7155 1
7155 7662 1
7662 9072 1
9072 10964 1
10964 3017 1
3017 7098 1
7098 1877 1
1877 5191 1
5191 1341 1
1341 2877 1
2877 4724 1
4724 10031 1
10031 9050 1
9050 2187 1
2187 4104 1
4104 4351 1
4351 6935 1
6935 5133 1
5133 6999 1
6999 1921 1
1921 9872 1
9872 3236 1
3236 7381 1
7381 8263 1
8263 10276 1
8263 10069 1
10069 3675 1
3675 3509 1
3509 2401 1
2401 2307 1
2307 932 1
932 7201 1
7201 7634 1
7634 5840 1
5840 8939 1
8939 554 1
554 3658 1
554 5840 1
3658 2298 1
2298 7483 1
7483 1208 1
1208 2401 1
2401 2691 1
2691 5336 1
5336 7231 1
7231 3478 1
3478 2198 1
2198 584 1
584 2285 1
2285 2484 1
2484 3699 1
3699 5169 1
5169 2493 1
2493 1248 1
1248 2695 1
2695 7719 1
2695 8755 1
8755 542 1
542 7505 1
7505 4941 1
4941 6923 1
6923 224 1
224 360 1
360 10882 1
10882 5534 1
5534 3164 1
3164 2505 1
2505 5056 1
5056 3062 1
3062 10041 1
10041 9577 1
9577 3064 1
3064 5611 1
5611 2819 1
2819 9605 1
9605 5395 1
5395 629 1
629 6019 1
6019 6391 1
6391 8516 1
8516 6923 1
6923 1681 1
1681 50 1
50 4877 1
4877 10983 1
10983 5016 1
5016 6498 1
6498 10266 1
10266 264 1
264 4774 1
4774 8523 1
8523 4238 1
4238 7768 1
7768 497 1
497 5070 1
497 6595 1
6595 9165 1
9165 11132 1
11132 8187 1
8187 6101 1
6101 6723 1
6723 3858 1
3858 2508 1
2508 7702 1
7702 6239 1
6239 4119 1
4119 7702 1
7702 5318 1
5318 7920 1
7920 6918 1
6918 9373 1
9373 10123 1
10123 1233 1
1233 9011 1
9011 1921 1
1921 8058 1
8058 9080 1
1921 6480 1
6480 7294 1
7294 2192 1
2192 982 1
982 3813 1
3813 6019 1
6019 6918 1
6918 2284 1
2284 7313 1
7313 9733 1
9733 5503 1
5503 6577 1
6577 10123 1
10123 1535 1
1535 4829 1
4829 3362 1
3362 7618 1
7618 8187 1
8187 3317 1
3317 8041 1
8041 555 1
555 347 1
347 10886 1
10886 2946 1
2946 2381 1
2381 4238 1
4238 542 1
542 9218 1
9218 3064 1
3064 8998 1
8998 347 1
347 5978 1
5978 9441 1
9441 5169 1
5169 8146 1
8146 3049 1
3049 3720 1
3720 4776 1
4776 8277 1
8277 10158 1
10158 9502 1
10158 6391 1
6391 2077 1
2077 4952 1
4952 6908 1
6908 11066 1
11066 3558 1
3558 10409 1
3558 10934 1
10934 8324 1
8324 5020 1
5020 3558 1
8324 3824 1
3824 8752 1
8752 96 1
96 4701 1
4701 1057 1
1057 11071 1
1057 8204 1
8204 10740 1
10740 7280 1
7280 2953 1
2953 4667 1
4667 1057 1
1057 3468 1
3468 7413 1
7413 8204 1
8204 4083 1
4083 10226 1
10226 6707 1
4083 9016 1
8204 7280 1
7280 96 1
96 10806 1
10806 5741 1
5741 3824 1
3824 1057 1
1057 7413 1
7413 3420 1
3420 8204 1
8204 3765 1
3765 3967 1
3967 1057 1
3967 959 1
959 3824 1
3824 6707 1
6707 5963 1
6707 9526 1
9526 9016 1
9016 4667 1
4667 10740 1
10740 6900 1
6900 2646 1
2646 3824 1
3824 9526 1
9526 293 1
293 3468 1
7413 8664 1
8664 2953 1
2953 2312 1
2312 4241 1
4241 9793 1
9793 6244 1
6244 4487 1
4487 4732 1
4732 11177 1
11177 2846 1
2846 529 1
529 2438 1
2438 5929 1
5929 529 1
529 6036 1
6036 1556 1
6036 9502 1
9502 2532 1
2532 3309 1
3309 5607 1
5607 1180 1
1180 1172 1
1172 3302 1
3302 4046 1
4046 8761 1
8761 3302 1
8761 7474 1
8761 10828 1
10828 1068 1
1068 10609 1
10609 6722 1
6722 6890 1
6890 232 1
232 3574 1
3574 8343 1
8343 7379 1
7379 7239 1
7239 5161 1
5161 9141 1
9141 3957 1
3957 7920 1
7920 6391 1
6391 8233 1
8233 7359 1
7359 6099 1
6099 1564 1
1564 678 1
678 818 1
818 2854 1
2854 3229 1
3229 8341 1
8341 2354 1
2354 6036 1
6036 3469 1
3469 10882 1
10882 7758 1
7758 4664 1
4664 2344 1
2344 8401 1
8401 2041 1
2041 5884 1
5884 9223 1
9223 8285 1
8285 7047 1
7047 5819 1
5819 10452 1
10452 4664 1
4664 4278 1
4278 5819 1
5819 2532 1
2532 8304 1
8304 1331 1
1331 2301 1
2301 359 1
359 11081 1
11081 3215 1
3215 7746 1
7746 10343 1
10343 50 1
50 1233 1
1233 2020 1
2020 2505 1
2505 10179 1
10179 3170 1
3170 4663 1
4663 3862 1
3862 233 1
233 4044 1
4044 5326 1
5326 3049 1
3049 3215 1
3215 4937 1
4937 2926 1
2926 811 1
811 8911 1
8911 2795 1
2795 8872 1
8872 811 1
811 7755 1
7755 10158 1
10158 2227 1
2227 8997 1
8997 6060 1
6060 1878 1
1878 799 1
799 9550 1
9550 226 1
226 3627 1
3627 1288 1
1288 2207 1
2207 2749 1
2749 620 1
620 3664 1
3664 6060 1
6060 4096 1
4096 7093 1
7093 9550 1
9550 4096 1
4096 3627 1
3627 759 1
759 105 1
105 6220 1
6220 5914 1
5914 2944 1
2944 4028 1
4028 5724 1
5724 5382 1
5382 6552 1
6552 8178 1
8178 10654 1
10654 4308 1
4308 18 1
18 532 1
532 3993 1
3993 10673 1
10673 159 1
159 8998 1
8998 6737 1
6737 10804 1
10804 6525 1
6525 6549 1
6549 3100 1
3100 8871 1
8871 1535 1
1535 7023 1
7023 2238 1
2238 258 1
258 4766 1
4766 9146 1
9146 7945 1
7945 6572 1
6572 2568 1
2568 2880 1
2880 10726 1
10726 2020 1
2020 4480 1
4480 9142 1
9142 5611 1
5611 2447 1
2447 9141 1
9141 3523 1
3523 583 1
583 68 1
68 2571 1
2571 8233 1
8233 3234 1
3234 10022 1
10022 7867 1
7867 10343 1
10343 5374 1
5374 7064 1
7064 6786 1
6786 6036 1
6036 8095 1
8095 2081 1
2081 7017 1
7017 965 1
965 1153 1
1153 6935 1
6935 6061 1
6061 8153 1
8153 4892 1
4892 3993 1
3993 730 1
730 6101 1
6101 1958 1
1958 1564 1
1564 6572 1
6572 6383 1
6383 8374 1
8374 9870 1
9870 8233 1
8233 1412 1
1412 9100 1
9100 4298 1
4298 6722 1
6722 2788 1
2788 4264 1
4264 8345 1
8345 497 1
497 8282 1
8282 7484 1
7484 2975 1
2975 50 1
50 9577 1
9577 2192 1
2192 10231 1
10231 9131 1
9131 10909 1
10909 10317 1
10317 7275 1
7275 2664 1
2664 10317 1
10909 9397 1
9397 5858 1
5858 6917 1
6917 4649 1
4649 8862 1
8862 3844 1
3844 3761 1
3761 2505 1
2505 4629 1
4629 3914 1
3914 6327 1
6327 7098 1
7098 2842 1
2842 525 1
525 6076 1
6076 5815 1
5815 1785 1
1785 10022 1
10022 8802 1
8802 4000 1
4000 4536 1
4536 3100 1
3100 5053 1
5053 2281 1
2281 10041 1
10041 10723 1
10723 11103 1
11103 9072 1
9072 4420 1
4420 5049 1
5049 8450 1
8450 3997 1
3997 831 1
831 6007 1
6007 6534 1
6534 1587 1
1587 10347 1
10347 7769 1
7769 3318 1
3318 9352 1
9352 5714 1
5714 6510 1
5714 4766 1
4766 7159 1
7159 3386 1
3386 3574 1
3574 3957 1
3957 3678 1
3678 7920 1
7920 4480 1
4480 1428 1
1428 4482 1
4482 5978 1
5978 8146 1
8146 2545 1
2545 8862 1
8862 3908 1
3908 4649 1
4649 9062 1
9062 9131 1
9131 10802 1
10802 3317 1
3317 1381 1
1381 4631 1
4631 8174 1
8174 4664 1
4664 7963 1
7963 8903 1
8903 6923 1
6923 3386 1
3386 542 1
542 8871 1
8871 8738 1
8738 1688 1
1688 5443 1
5443 6795 1
5443 10158 1
10158 7746 1
7746 6063 1
6063 4919 1
4919 11081 1
11081 10158 1
10158 8401 1
8401 7321 1
7321 606 1
606 1892 1
1892 5503 1
5503 542 1
542 8719 1
8719 264 1
264 982 1
982 2402 1
2402 8755 1
2695 985 1
985 6936 1
6936 1248 1
1248 5103 1
5103 10397 1
10397 3813 1
3813 10041 1
10041 5053 1
5053 1664 1
1664 232 1
232 7359 1
7359 1837 1
1837 8095 1
8095 3572 1
3572 7279 1
7279 8935 1
8935 10886 1
10886 9108 1
9108 7843 1
7843 9044 1
9044 9732 1
9732 2826 1
2826 10882 1
10882 3611 1
3611 3463 1
3463 6052 1
6052 4379 1
4379 7370 1
7370 9602 1
9602 8054 1
8054 9733 1
9733 5161 1
5161 5053 1
2281 10588 1
10588 11087 1
11087 9602 1
9602 7992 1
7992 7457 1
7457 7591 1
7591 1806 1
1806 9600 1
9600 6459 1
6459 621 1
621 2736 1
2736 10091 1
10091 987 1
987 1428 1
1428 1132 1
1132 5016 1
5016 7883 1
7883 3394 1
3394 10234 1
10234 6576 1
6576 6273 1
6273 6407 1
6407 775 1
775 6814 1
6814 8160 1
8160 8347 1
8347 6362 1
6362 10882 1
10882 3197 1
3197 8912 1
8912 583 1
583 3517 1
3517 2112 1
2112 7530 1
7530 4135 1
4135 3813 1
3813 2946 1
2946 1130 1
1130 10726 1
10726 4464 1
4464 8998 1
8998 1959 1
1959 2658 1
2658 5574 1
5574 1802 1
1802 6528 1
6528 9387 1
9387 3360 1
3360 5926 1
5926 5241 1
5241 2957 1
2957 6459 1
6459 9594 1
9594 6529 1
6529 9011 1
9011 3957 1
3957 4877 1
4877 8716 1
8716 6890 1
6890 6526 1
6526 7702 1
7702 6572 1
6572 5969 1
5969 4483 1
4483 3523 1
3523 6910 1
6910 606 1
606 583 1
583 1443 1
1443 4978 1
4978 3318 1
3318 5723 1
5723 10954 1
10954 853 1
853 6255 1
6255 10539 1
10539 10149 1
10149 6328 1
6328 1877 1
1877 209 1
209 2418 1
2418 10031 1
10031 3017 1
3017 9100 1
9100 7294 1
7294 11109 1
11109 8523 1
8523 6737 1
6737 42 1
42 9044 1
9044 3572 1
3572 8345 1
8345 10373 1
10373 9849 1
9849 11111 1
11111 8619 1
8619 2206 1
2206 4879 1
4879 1690 1
1690 9849 1
9849 7933 1
7933 9354 1
9354 8656 1
8656 6010 1
6010 9354 1
9354 2530 1
2530 5946 1
5946 6012 1
6012 7998 1
6012 9630 1
9630 5954 1
5954 5471 1
5471 10942 1
10942 6984 1
6984 9921 1
9921 10384 1
10384 10449 1
10449 4331 1
4331 7811 1
7811 166 1
7811 9469 1
9469 351 1
351 487 1
487 2852 1
2852 8217 1
8217 487 1
487 7811 1
487 9469 1
9469 9581 1
9469 7954 1
7954 9581 1
7954 3991 1
3991 3768 1
3768 5874 1
5874 3203 1
3203 738 1
738 5086 1
5086 453 1
453 5416 1
5416 3736 1
3736 10109 1
10109 4364 1
4364 10987 1
10987 6421 1
6421 8166 1
8166 10987 1
6421 9363 1
6421 6206 1
6206 214 1
214 8408 1
214 9563 1
214 7358 1
214 2961 1
2961 5705 1
5705 2103 1
2103 3647 1
3647 458 1
458 5711 1
5711 4313 1
4313 5010 1
5010 977 1
977 6738 1
6738 9756 1
9756 3990 1
3990 7094 1
7094 9756 1
9756 550 1
9756 1535 1
1535 3317 1
3317 4871 1
4871 10873 1
10873 10808 1
10808 10475 1
10475 10162 1
10162 9570 1
9570 7942 1
7942 8229 1
8229 2238 1
2238 2958 1
2958 941 1
941 10343 1
10343 982 1
982 4747 1
4747 3644 1
3644 2262 1
2262 7530 1
7530 7359 1
7359 7193 1
7193 8935 1
8935 1837 1
1837 2114 1
2114 3572 1
3572 5534 1
5534 2960 1
2960 7845 1
7845 9788 1
9788 1749 1
1749 7992 1
7992 4978 1
4978 317 1
317 5781 1
5781 1513 1
1513 1399 1
1399 5750 1
5750 6118 1
6118 8666 1
8666 3344 1
3344 42 1
42 5964 1
5964 4060 1
4060 6722 1
6722 1233 1
1233 9141 1
9141 264 1
4774 8998 1
8998 8736 1
8736 4774 1
4774 4892 1
4892 5241 1
5241 232 1
232 1785 1
1785 6863 1
6863 6058 1
6058 4663 1
4663 7878 1
7878 2791 1
2791 2289 1
2289 2535 1
2535 74 1
74 5163 1
5163 68 1
68 10172 1
10172 4135 1
4135 1443 1
1443 3049 1
3049 1726 1
1726 811 1
811 5326 1
5326 4917 1
4917 2285 1
2285 18 1
18 4278 1
4278 9502 1
9502 6353 1
6353 4104 1
4104 2112 1
2112 7920 1
7920 9142 1
9142 3227 1
3227 6099 1
6099 6525 1
6525 5053 1
5053 2880 1
2880 3566 1
3566 905 1
905 1754 1
1754 2498 1
2498 6317 1
6317 905 1
905 2498 1
2498 5569 1
5569 6918 1
6918 5053 1
5053 3409 1
3409 4536 1
4536 8719 1
8719 2243 1
2243 6722 1
6722 4661 1
4661 9545 1
9545 10123 1
10123 10792 1
10792 2381 1
2381 10723 1
10723 4464 1
4464 3957 1
3957 437 1
437 8274 1
8274 4480 1
4480 6059 1
6059 5503 1
5503 3042 1
3042 10529 1
10529 2381 1
2381 2121 1
2121 357 1
357 4297 1
4297 583 1
583 6595 1
6595 2243 1
2243 1210 1
1210 10172 1
10172 6595 1
6595 2658 1
2658 5906 1
5906 834 1
834 7597 1
7597 3788 1
3788 2112 1
2112 8274 1
8274 7505 1
7505 6894 1
6894 9605 1
9605 5589 1
5589 10828 1
10828 3913 1
3913 2560 1
2560 4664 1
4664 8368 1
8368 2880 1
2880 74 1
74 6648 1
6648 6595 1
6595 8343 1
8343 2936 1
2936 9939 1
9939 4464 1
4464 3386 1
3386 8759 1
8759 9165 1
9165 10804 1
10804 9400 1
9400 2272 1
2272 9577 1
9577 6927 1
6927 4098 1
4098 5709 1
5709 9127 1
9127 6327 1
6327 9072 1
9072 2511 1
2511 4008 1
4008 10625 1
10625 9450 1
9450 2172 1
9450 395 1
395 4017 1
4017 4201 1
4201 9691 1
9691 6543 1
6543 1217 1
1217 1731 1
1731 9627 1
9627 1087 1
1087 3238 1
3238 3145 1
3145 6838 1
6838 6939 1
6939 4635 1
4635 568 1
568 6304 1
6304 6231 1
6231 6227 1
6227 8856 1
8856 5279 1
5279 6320 1
6320 6231 1
6231 6645 1
6645 3092 1
3092 5637 1
5637 8381 1
8381 6936 1
6936 6970 1
6970 2760 1
2760 9405 1
9405 3130 1
3130 1987 1
1987 4648 1
4648 11173 1
11173 5906 1
5906 10809 1
10809 10983 1
10983 8381 1
8381 7546 1
7546 2684 1
2684 10983 1
10983 4149 1
4149 5451 1
5451 6936 1
6936 5906 1
5906 7190 1
7190 4019 1
4019 472 1
472 1097 1
1097 4019 1
4019 2691 1
2691 8547 1
2691 11173 1
11173 9405 1
9405 1541 1
1541 7123 1
7123 7719 1
7719 3011 1
3011 4818 1
4818 1173 1
1173 4757 1
4757 3597 1
3597 1406 1
1406 6689 1
6689 9823 1
9823 411 1
411 7123 1
7123 10983 1
10983 6443 1
6443 6376 1
6376 3092 1
3092 9731 1
9731 10397 1
10397 3761 1
3761 10882 1
10882 9454 1
9454 8264 1
9454 1264 1
1264 4333 1
4333 531 1
531 8264 1
8264 4333 1
4333 9531 1
9531 2438 1
2438 1471 1
1471 9368 1
1471 5672 1
5672 9368 1
9368 9526 1
9368 8477 1
8477 3499 1
3499 8437 1
8437 10584 1
10584 9013 1
9013 6026 1
6026 95 1
95 7240 1
7240 1152 1
1152 2831 1
2831 1173 1
1173 4019 1
4019 10143 1
10143 1882 1
1882 8827 1
8827 4142 1
4142 10809 1
10809 6109 1
6109 6376 1
6376 11173 1
11173 2831 1
2831 4757 1
4757 8543 1
8543 2831 1
2831 2695 1
2695 1406 1
1406 7546 1
7546 411 1
411 9731 1
9731 5637 1
5637 6137 1
6137 2223 1
2223 6936 1
6936 9071 1
9071 8996 1
8996 685 1
685 6735 1
6735 8093 1
8093 5592 1
5592 1158 1
1158 1834 1
1834 10977 1
10977 7626 1
7626 8194 1
8194 6231 1
8194 5279 1
5279 6838 1
6838 6735 1
6735 1019 1
1019 6304 1
6304 6320 1
6320 3767 1
3767 4947 1
4947 4325 1
4325 7020 1
7020 8401 1
8401 10031 1
10031 6938 1
6938 2877 1
2877 9649 1
9649 8952 1
8952 2908 1
2908 4947 1
4947 10238 1
10238 2877 1
2877 10031 1
10031 209 1
209 3528 1
3528 9185 1
9185 3503 1
3503 10157 1
10157 627 1
627 3953 1
3953 5696 1
5696 5337 1
5337 9277 1
9277 9468 1
9468 10460 1
10460 7525 1
7525 8662 1
7525 9468 1
9468 8160 1
8160 6349 1
6349 6231 1
6231 4635 1
4635 7236 1
7236 6349 1
6349 3193 1
3193 1634 1
1634 6374 1
6374 8767 1
8767 2466 1
2466 2925 1
2925 4664 1
4664 9788 1
4664 2044 1
2044 3042 1
3042 6099 1
6099 5504 1
5504 4003 1
4003 9275 1
9275 10591 1
10591 9118 1
9118 10157 1
10157 8767 1
8767 11052 1
11052 1341 1
1341 7505 1
7505 10287 1
10287 3317 1
3317 6286 1
6286 11129 1
11129 4199 1
4199 1412 1
1412 3227 1
3227 10726 1
10726 6099 1
6099 4766 1
4766 818 1
818 7663 1
7663 9142 1
4480 6411 1
6411 3362 1
3362 7091 1
7091 3772 1
3772 8603 1
8603 8716 1
8716 5569 1
5569 11170 1
11170 11006 1
11006 3409 1
3409 7371 1
7371 10886 1
10886 6139 1
6139 583 1
583 6572 1
6572 4115 1
4115 2854 1
2854 4357 1
4357 6097 1
6097 4892 1
4892 8716 1
8716 6139 1
6139 8998 1
8998 10551 1
10551 718 1
718 9011 1
9011 9406 1
9406 4087 1
4087 4664 1
4664 7359 1
7359 5087 1
5087 10644 1
10644 4013 1
4013 9061 1
9061 10644 1
10644 882 1
882 5364 1
5364 10326 1
10326 2186 1
2186 10625 1
10625 10582 1
10582 8754 1
8754 944 1
944 3397 1
3397 1483 1
1483 8229 1
8229 8755 1
8755 678 1
678 2979 1
2979 6525 1
6525 2121 1
2121 2192 1
2192 5969 1
5969 3951 1
3951 10123 1
10123 3858 1
3858 8736 1
8736 5241 1
5241 6563 1
6563 6286 1
6286 8862 1
8862 8580 1
8580 10909 1
10909 6565 1
6565 1211 1
1211 5277 1
5277 1829 1
1829 11167 1
11167 5277 1
5277 4462 1
4462 6286 1
6286 8523 1
8523 1130 1
1130 3344 1
3344 472 1
472 161 1
161 2762 1
2762 10809 1
10809 3809 1
3809 5451 1
5451 5257 1
5451 4027 1
4027 3092 1
3092 7057 1
7057 2691 1
2691 7123 1
7123 9731 1
9731 4142 1
4142 10983 1
10983 1482 1
1482 472 1
472 667 1
667 10602 1
667 5637 1
5637 2260 1
2260 8078 1
8078 7432 1
7432 8543 1
8543 4027 1
4027 6109 1
6109 3809 1
3809 4648 1
4648 3597 1
3597 4941 1
4941 2112 1
2112 2284 1
2284 6910 1
6910 9473 1
9473 2262 1
2262 818 1
818 3317 1
3317 5056 1
5056 9108 1
9108 4468 1
4468 3022 1
3022 9545 1
9545 6572 1
1564 6059 1
6059 8802 1
8802 1336 1
1336 9146 1
9146 2505 1
2505 8282 1
8282 50 1
50 3858 1
3858 1564 1
1564 2936 1
2936 5503 1
5503 5974 1
5974 5574 1
5574 10318 1
10318 11006 1
11006 2112 1
2112 7371 1
7371 4474 1
4474 497 1
497 9870 1
9870 437 1
437 3397 1
3397 9147 1
9147 10091 1
10091 4432 1
4432 2536 1
4432 1672 1
1672 2536 1
2536 6327 1
6327 5443 1
5443 4308 1
4308 2284 1
2284 5884 1
5884 1688 1
1688 3175 1
3175 2821 1
2821 5336 1
5336 10062 1
10062 3720 1
3720 2904 1
2904 8277 1
8277 9761 1
9761 233 1
233 359 1
359 3478 1
3478 10129 1
10129 1726 1
1726 9441 1
9441 8401 1
8401 7074 1
7074 3409 1
3409 68 1
68 8187 1
8187 7091 1
7091 2447 1
2447 85 1
85 1892 1
1892 1233 1
1233 11006 1
11006 3383 1
3383 7091 1
7091 3326 1
3326 7031 1
7031 2505 1
2505 4563 1
4563 4892 1
4892 5503 1
5503 853 1
853 4810 1
4810 5503 1
5503 4774 1
4774 7945 1
7945 1564 1
1564 5016 1
5016 6383 1
6383 9939 1
9939 6391 1
6391 11093 1
11093 5974 1
5974 3914 1
3914 7505 1
7505 8153 1
8153 3397 1
3397 6346 1
6346 614 1
614 3401 1
3401 2097 1
2097 1483 1
1483 6398 1
6398 7147 1
7147 7629 1
7629 3955 1
7629 10496 1
10496 9788 1
9788 9431 1
9431 7843 1
7843 7359 1
7359 10158 1
10158 8973 1
8973 10678 1
10678 3931 1
3931 2842 1
2842 9441 1
9441 7814 1
7814 8576 1
8576 5452 1
5452 2878 1
2878 6646 1
2878 3062 1
3062 6963 1
6963 2846 1
2846 10654 1
10654 4842 1
4842 8959 1
8959 1283 1
1283 982 1
982 5053 1
5053 9473 1
9473 4000 1
4000 3033 1
3033 3585 1
3585 7416 1
7416 8429 1
8429 9643 1
9643 1553 1
1553 3585 1
3585 3146 1
3146 974 1
974 534 1
534 5150 1
5150 10256 1
10256 8138 1
8138 5375 1
5375 3721 1
3721 9955 1
9955 1099 1
1099 7290 1
7290 7877 1
7877 5306 1
5306 7290 1
7290 2980 1
2980 9615 1
9615 6763 1
6763 9167 1
9167 2496 1
2496 5375 1
5375 8301 1
8301 10419 1
10419 7877 1
7877 11051 1
11051 2496 1
2496 10932 1
10932 9643 1
9643 263 1
263 7877 1
7877 10894 1
10894 3033 1
3033 739 1
739 4000 1
4000 2402 1
2402 5395 1
5395 8565 1
8565 8730 1
8730 2535 1
2535 1412 1
1412 1681 1
1681 7530 1
7530 10287 1
10287 3813 1
3813 4000 1
4000 11006 1
11006 5574 1
5574 9141 1
9141 756 1
756 10041 1
10041 1172 1
1172 86 1
86 4297 1
4297 7091 1
7091 10551 1
10551 2970 1
2970 5295 1
5295 74 1
74 9602 1
9602 6529 1
6529 3463 1
3463 6595 1
6595 4357 1
4357 2819 1
2819 6935 1
6935 4563 1
4563 3062 1
3062 4480 1
4480 3772 1
3772 5442 1
5442 6194 1
6194 2238 1
2238 2121 1
2121 5395 1
5395 2175 1
2175 2343 1
2343 2782 1
2782 10263 1
10263 6975 1
10263 9072 1
9072 2925 1
2925 4128 1
4128 7098 1
7098 8909 1
8909 384 1
384 9110 1
9110 1806 1
1806 8269 1
8269 9110 1
8269 1233 1
1233 4954 1
4954 7920 1
7920 4861 1
4861 1130 1
1130 2571 1
2571 2880 1
2880 8961 1
8961 3778 1
3778 8233 1
8233 8998 1
8998 3062 1
3062 11114 1
