5888 4210 1
4210 7176 1
7176 6685 1
6685 8594 1
8594 3416 1
3416 2763 1
2763 8143 1
8143 6685 1
6685 8829 1
8829 725 1
725 4007 1
4007 296 1
296 3914 1
3914 6052 1
6052 9108 1
9108 7704 1
7704 7457 1
7457 2438 1
2438 4333 1
4333 529 1
529 1471 1
529 10882 1
10882 7494 1
7494 3733 1
3733 2877 1
2877 3342 1
3342 4947 1
4947 5313 1
5313 10238 1
10238 10886 1
10886 7867 1
7867 8603 1
8603 10588 1
10588 6770 1
6770 4774 1
4774 437 1
4774 357 1
357 6019 1
6019 9733 1
9733 2846 1
2846 10311 1
10311 8959 1
8959 2077 1
2077 543 1
543 7637 1
7637 10840 1
10840 3193 1
3193 4138 1
4138 2448 1
4138 7637 1
7637 5364 1
5364 281 1
281 7031 1
7031 3326 1
7031 437 1
437 7695 1
7695 4536 1
4536 9577 1
9577 2614 1
2614 1489 1
1489 5877 1
1489 4709 1
4709 6927 1
6927 4098 1
4098 2614 1
2614 5709 1
5709 1412 1
1412 357 1
357 2044 1
2044 5318 1
5318 8303 1
8303 4119 1
4119 10869 1
10869 8187 1
8187 4104 1
4104 482 1
482 629 1
629 2737 1
2737 42 1
42 3560 1
3560 6526 1
6526 1959 1
1959 6737 1
6737 8802 1
8802 6894 1
6894 3263 1
3263 3819 1
3263 477 1
477 5709 1
5709 3999 1
3999 5472 1
5472 853 1
853 2819 1
2819 3383 1
3383 7239 1
7239 3517 1
3517 9218 1
9218 4480 1
4480 232 1
232 2044 1
2044 4060 1
4060 583 1
583 3118 1
3118 68 1
68 1172 1
1172 1180 1
1172 7639 1
7639 4207 1
4207 2157 1
2157 1172 1
1172 6391 1
6391 10529 1
10529 7091 1
7091 8506 1
8506 9427 1
9427 68 1
68 8153 1
8153 10792 1
10792 4115 1
4115 6391 1
6391 5460 1
5460 5016 1
5016 1373 1
1373 10104 1
10104 5881 1
5881 9605 1
9605 6549 1
6549 2238 1
2238 6286 1
6286 281 1
281 4877 1
4877 9221 1
9221 1312 1
1312 2959 1
2959 9797 1
9797 124 1
124 8066 1
8066 8769 1
8769 6303 1
6303 8066 1
124 6253 1
6253 918 1
918 1411 1
1411 5108 1
5108 8670 1
8670 4228 1
4228 10751 1
10751 5942 1
5942 11181 1
11181 7119 1
11181 3145 1
3145 3145 1
3145 2219 1
2219 854 1
854 5678 1
5678 6757 1
6757 854 1
854 2460 1
2460 271 1
271 3755 1
3755 8373 1
8373 271 1
271 1452 1
1452 3755 1
3755 4935 1
4935 3551 1
3551 4067 1
4067 752 1
752 4545 1
4545 8163 1
8163 3887 1
3887 8537 1
8537 4067 1
4067 9057 1
9057 5261 1
5261 9727 1
9727 8014 1
8014 2467 1
2467 9180 1
9180 304 1
304 4257 1
4257 3551 1
3551 8537 1
8537 1673 1
1673 771 1
771 5943 1
5943 9057 1
9057 946 1
946 4545 1
4545 4521 1
4521 5195 1
5195 8156 1
8156 4112 1
4112 11137 1
11137 5195 1
5195 4768 1
4768 6186 1
6186 6552 1
6552 1082 1
1082 4079 1
4079 1278 1
1278 7129 1
1278 486 1
486 9779 1
486 1082 1
1082 10954 1
10954 2827 1
2827 10613 1
2827 7229 1
7229 3097 1
3097 9072 1
9072 3730 1
3730 2343 1
2343 2395 1
2395 4663 1
4663 561 1
561 11087 1
11087 3170 1
3170 4531 1
4531 9594 1
9594 982 1
982 4767 1
4767 8401 1
8401 1836 1
1836 3193 1
3193 8347 1
8347 7411 1
7411 6362 1
6362 5623 1
5623 6255 1
6255 830 1
830 8756 1
8756 3767 1
3767 3993 1
3993 4119 1
4119 9681 1
9681 6526 1
6526 357 1
357 4536 1
4536 4061 1
4061 8187 1
8187 3397 1
3397 2958 1
2958 8755 1
8755 4536 1
4536 2044 1
2044 1233 1
1233 5574 1
5574 11187 1
11187 7116 1
11187 896 1
896 8282 1
8282 6549 1
6549 9142 1
9142 10287 1
10287 497 1
497 3064 1
3064 7484 1
7484 8961 1
8961 9141 1
9141 1029 1
1029 1180 1
1180 7002 1
7002 6950 1
6950 1418 1
1418 1128 1
1128 6950 1
6950 8401 1
8401 6991 1
6991 4104 1
4104 1837 1
1837 8516 1
8516 4725 1
4725 8095 1
8095 5453 1
5453 5443 1
5443 5815 1
5815 8767 1
8767 3017 1
3017 10287 1
10287 3364 1
3364 11129 1
11129 75 1
75 3364 1
3364 2162 1
2162 7768 1
7768 4774 1
4774 232 1
232 9870 1
9870 3523 1
3523 281 1
281 7064 1
7064 3386 1
3386 3397 1
3397 9110 1
9110 5395 1
5395 6097 1
6097 7768 1
7768 281 1
281 6061 1
6061 6059 1
6059 7031 1
7031 2238 1
2238 8345 1
8345 7794 1
8345 4998 1
4998 3986 1
3986 3401 1
3401 11039 1
11039 8748 1
8748 3197 1
3197 10882 1
10882 335 1
335 9748 1
9748 1724 1
335 9169 1
9169 3813 1
3813 4474 1
4474 3523 1
3523 1412 1
1412 8401 1
8401 4684 1
4684 414 1
414 53 1
53 2044 1
2044 9218 1
9218 4941 1
4941 3747 1
3747 161 1
161 5524 1
5524 6803 1
6803 8543 1
8543 6689 1
6689 9374 1
9374 2691 1
2691 4073 1
4073 3181 1
3181 4044 1
4044 8002 1
8002 7814 1
7814 9601 1
9601 8719 1
8719 6572 1
6572 8998 1
8998 2505 1
2505 3062 1
3062 4877 1
4877 2272 1
2272 7371 1
7371 7159 1
7159 3844 1
3844 808 1
808 357 1
357 3100 1
3100 8316 1
8316 4744 1
4744 8762 1
8762 3100 1
3100 2262 1
2262 7359 1
7359 9170 1
9170 7299 1
7299 10948 1
10948 767 1
767 8395 1
8395 9662 1
9662 296 1
296 6835 1
6835 9593 1
9593 3232 1
3232 6346 1
6346 2097 1
2097 6563 1
6563 7922 1
7922 3986 1
3986 6576 1
6576 6196 1
6196 7708 1
7708 3754 1
3754 7859 1
7859 8756 1
8756 3993 1
3993 1959 1
1959 7084 1
7084 482 1
4104 6526 1
357 702 1
702 5442 1
5442 6549 1
6549 3945 1
3945 8229 1
8229 8565 1
8565 1443 1
1443 7945 1
7945 497 1
497 2788 1
2788 2734 1
2734 6894 1
6894 2020 1
2020 3344 1
3344 7994 1
7994 2950 1
2950 11068 1
11068 1167 1
1167 6372 1
6372 1365 1
1365 613 1
613 2954 1
2954 2877 1
2877 10873 1
10873 3572 1
3572 1688 1
1688 7294 1
7294 11093 1
7294 2363 1
2363 1705 1
1705 42 1
42 6577 1
6577 899 1
899 730 1
730 4840 1
4840 10071 1
10071 2015 1
2015 2066 1
2015 2073 1
2073 3026 1
3026 8858 1
8858 2073 1
2073 4853 1
4853 1727 1
1727 2209 1
2209 3489 1
2209 5191 1
5191 5899 1
5899 6328 1
5899 982 1
982 1801 1
1801 2447 1
2447 2044 1
2044 11006 1
11006 8274 1
8274 8759 1
8759 678 1
678 8603 1
8603 4747 1
4747 2936 1
2936 4536 1
4536 6019 1
6019 9142 1
9142 3957 1
3957 10529 1
10529 537 1
537 2608 1
2608 3309 1
3309 980 1
980 9108 1
9108 8998 1
8998 4098 1
4098 1229 1
1229 10175 1
10175 7564 1
1229 11179 1
11179 209 1
209 4104 1
4104 6255 1
6255 10964 1
10964 1229 1
1229 10948 1
10948 8998 1
8998 8755 1
8755 8343 1
8343 4000 1
4000 10318 1
10318 4382 1
4382 10850 1
10850 8239 1
8239 1412 1
1412 1739 1
1739 1336 1
1336 4060 1
4060 7663 1
7663 2505 1
2505 1210 1
1210 2880 1
2880 4477 1
4477 8233 1
8233 2272 1
2272 3957 1
3957 7530 1
7530 6595 1
6595 10022 1
10022 4298 1
4298 3062 1
3062 2788 1
2788 6935 1
6935 5597 1
5597 4661 1
4661 6722 1
6722 2854 1
2854 1381 1
1381 10410 1
10410 7017 1
7017 2821 1
2821 10397 1
10397 4027 1
4027 2762 1
2762 6197 1
6197 8901 1
6197 3130 1
3130 7546 1
7546 2058 1
2058 1664 1
1664 6059 1
6059 5374 1
5374 3227 1
3227 8736 1
8736 68 1
68 3039 1
3039 7066 1
7066 6648 1
6648 7494 1
7494 68 1
68 3813 1
3813 8316 1
8316 2792 1
2792 6595 1
6595 6391 1
6391 9100 1
9100 1204 1
1204 8681 1
8681 612 1
612 6901 1
612 9277 1
9277 8542 1
8542 4097 1
4097 433 1
433 6529 1
6529 3039 1
3039 10723 1
10723 2262 1
2262 5792 1
5792 8736 1
8736 6722 1
6722 3301 1
3301 4892 1
4892 10777 1
10777 4877 1
4877 4238 1
4238 437 1
437 9165 1
9165 9011 1
9011 6595 1
6595 3772 1
3772 3326 1
3326 8233 1
8233 899 1
899 1958 1
1958 3383 1
3383 3517 1
3517 7768 1
7768 2571 1
2571 3326 1
3326 3309 1
3326 5373 1
3326 6648 1
6648 8054 1
8054 7457 1
2438 6036 1
6036 6642 1
6642 8546 1
8546 2505 1
2505 537 1
537 10287 1
10287 4115 1
4115 7945 1
7945 756 1
756 11054 1
11054 3234 1
3234 8506 1
8506 8330 1
8330 233 1
233 2880 1
2880 8470 1
8470 6577 1
6577 4829 1
4829 3100 1
3100 3227 1
3227 9870 1
9870 9605 1
9605 4606 1
4606 42 1
42 1564 1
1564 1959 1
1959 5318 1
5318 9011 1
5318 180 1
180 4104 1
4104 6723 1
6723 9523 1
9523 4766 1
4766 482 1
482 899 1
899 8303 1
8303 2737 1
2737 50 1
50 483 1
483 3914 1
3914 7153 1
7153 718 1
718 7606 1
7606 1443 1
1443 317 1
317 1746 1
1746 9169 1
1746 1443 1
1443 9577 1
9577 2262 1
2262 1959 1
1959 5241 1
5241 4061 1
4061 3993 1
3993 414 1
414 9072 1
9072 6975 1
6975 1363 1
1363 2343 1
2343 661 1
661 8345 1
8345 6642 1
6642 2880 1
2880 10287 1
10287 7768 1
7768 3788 1
3788 4474 1
4474 7978 1
7978 1314 1
1314 7891 1
7891 7978 1
7978 11191 1
11191 9676 1
9676 410 1
410 10640 1
10640 10090 1
10090 9609 1
9609 7631 1
7631 9898 1
9898 1549 1
1549 3973 1
3973 7881 1
7881 9804 1
9804 7849 1
7849 6388 1
6388 5363 1
5363 6964 1
6964 3886 1
6964 6388 1
6388 6656 1
6656 7849 1
7849 3626 1
3626 8573 1
8573 9804 1
9804 5433 1
5433 9609 1
9609 410 1
11191 1487 1
1487 6976 1
6976 7210 1
7210 8763 1
8763 4586 1
8763 1653 1
1653 1340 1
1340 4833 1
4833 8416 1
8416 2596 1
2596 9804 1
9804 4638 1
4638 7571 1
7571 655 1
655 1808 1
7571 8256 1
7571 4394 1
4394 95 1
95 7504 1
95 4828 1
4828 4382 1
4828 5481 1
5481 9872 1
9872 3788 1
3788 3218 1
3218 6459 1
6459 9928 1
9928 800 1
800 7120 1
7120 1767 1
1767 6576 1
6576 9693 1
6576 2686 1
2686 3866 1
3866 9468 1
9468 5441 1
5441 7768 1
7768 10673 1
10673 8401 1
8401 9441 1
9441 3267 1
3267 10989 1
10989 2821 1
2821 5819 1
5819 8095 1
8095 7193 1
7193 9490 1
9490 5884 1
5884 8079 1
8079 2466 1
2466 7321 1
7321 6062 1
6062 6927 1
6927 1412 1
1412 3276 1
1412 2614 1
2614 4709 1
4709 8401 1
8401 965 1
965 10673 1
10673 8998 1
8998 1535 1
1535 357 1
357 8374 1
8374 2112 1
2112 1130 1
1130 2121 1
2121 50 1
50 2381 1
2381 678 1
678 7945 1
7945 9870 1
9870 6525 1
6525 3100 1
3100 8523 1
8523 7606 1
7606 8187 1
8187 4829 1
4829 6329 1
6329 6101 1
6101 10434 1
10434 5318 1
5318 2272 1
2272 2238 1
2238 3060 1
3060 9373 1
9373 3100 1
3100 6101 1
6101 4119 1
4119 8274 1
8274 8998 1
8998 3227 1
3227 1664 1
1664 606 1
606 1281 1
1281 5968 1
5968 3408 1
3408 1832 1
3408 10969 1
10969 828 1
828 9607 1
828 9703 1
9703 9607 1
9607 6163 1
6163 5242 1
5242 2219 1
2219 6243 1
6243 11077 1
6243 10575 1
10575 9533 1
9533 6087 1
6087 8951 1
8951 1061 1
1061 2382 1
2382 7270 1
7270 8951 1
8951 144 1
144 1351 1
1351 6087 1
9533 373 1
373 10575 1
10575 7494 1
7494 8506 1
8506 6563 1
6563 319 1
319 2020 1
2020 6910 1
6910 7239 1
7239 8961 1
8961 10529 1
10529 5395 1
5395 1681 1
1681 2381 1
2381 5053 1
5053 3788 1
3788 5395 1
5395 10726 1
10726 2505 1
2505 7494 1
7494 11158 1
11158 177 1
177 2605 1
2605 8476 1
8476 2286 1
2286 7494 1
7494 1237 1
1237 7904 1
7904 10411 1
10411 4672 1
4672 7054 1
4672 10265 1
10265 4352 1
4352 8219 1
8219 1055 1
1055 8807 1
8807 369 1
369 4828 1
4828 3364 1
3364 5657 1
5657 276 1
276 7744 1
7744 3102 1
3102 285 1
285 6038 1
6038 9670 1
9670 387 1
9670 1817 1
1817 9872 1
9872 8160 1
8160 1836 1
1836 775 1
775 8160 1
8160 6196 1
6196 9788 1
9788 16 1
16 9872 1
9872 10234 1
10234 10759 1
10759 11114 1
11114 11125 1
11125 11109 1
11109 8871 1
8871 5395 1
5395 4747 1
4747 9591 1
9591 331 1
331 6528 1
6528 4239 1
4239 5798 1
5798 4998 1
4998 3788 1
3788 8374 1
8374 3227 1
3227 2936 1
2936 542 1
542 264 1
264 6712 1
6712 4060 1
4060 6894 1
6894 4483 1
4483 9011 1
9011 6459 1
6459 10397 1
10397 9731 1
9731 3809 1
3809 1987 1
1987 6803 1
6803 6970 1
6970 5469 1
5469 10073 1
10073 2831 1
2831 10809 1
10809 5947 1
10809 7123 1
7123 2760 1
2760 6689 1
6689 10073 1
10073 7719 1
7719 1987 1
1987 7123 1
7123 6977 1
6977 5468 1
5468 5914 1
5914 5382 1
5382 6552 1
6552 10654 1
10654 7193 1
7193 18 1
18 3812 1
3812 9072 1
9072 4573 1
4573 3010 1
3010 8002 1
8002 3215 1
3215 7755 1
7755 2493 1
2493 8146 1
8146 9441 1
9441 3099 1
3099 5831 1
5831 1331 1
1331 2970 1
2970 7239 1
7239 6383 1
6383 1132 1
1132 3517 1
3517 7460 1
7460 9168 1
9168 1281 1
1281 6270 1
1281 7188 1
7188 1029 1
1029 4472 1
4472 9512 1
4472 1248 1
1248 4142 1
4142 9823 1
9823 4960 1
4960 9731 1
9731 3747 1
3747 4142 1
4142 6936 1
6936 8194 1
8194 7367 1
7367 8093 1
8093 6304 1
6304 6631 1
6631 6227 1
6227 6936 1
6936 7546 1
7546 10809 1
10809 1254 1
1254 4956 1
4956 5271 1
5271 1504 1
1504 5451 1
5451 8813 1
8813 4230 1
4230 4388 1
4388 4956 1
4956 1497 1
1497 2528 1
2528 6731 1
6731 7146 1
7146 9659 1
9659 1339 1
9659 8894 1
8894 7146 1
7146 3934 1
7146 6014 1
9659 6287 1
6287 10398 1
10398 10815 1
10398 9659 1
10398 3992 1
10398 1912 1
3992 10181 1
10181 3621 1
3621 9937 1
9937 8739 1
8739 9991 1
9991 4841 1
4841 5170 1
4841 6774 1
4841 8984 1
8984 5170 1
5170 1269 1
1269 2377 1
2377 1287 1
1287 619 1
619 10462 1
10462 1287 1
10462 4495 1
10462 3621 1
3621 1269 1
1269 10342 1
1269 4495 1
4495 9458 1
9458 1269 1
1269 619 1
619 4841 1
4841 9937 1
9937 1269 1
9458 3621 1
10462 2377 1
2377 8984 1
8984 10913 1
10913 1912 1
10398 9897 1
9897 10913 1
10913 10956 1
10956 8990 1
8990 9769 1
9769 766 1
9769 5996 1
5996 689 1
689 9769 1
9769 10398 1
9659 8624 1
8624 9889 1
9889 4331 1
4331 7638 1
7638 8948 1
8948 10678 1
10678 1490 1
1490 8973 1
8973 2729 1
2729 9983 1
9983 1066 1
1066 2426 1
2426 402 1
402 2173 1
402 3111 1
3111 5573 1
5573 2073 1
2073 3111 1
3111 1132 1
1132 3882 1
3882 3570 1
3570 853 1
853 9594 1
9594 7676 1
7676 9011 1
5318 9427 1
9427 7064 1
7064 1535 1
1535 6650 1
6650 1733 1
1733 7582 1
7582 9373 1
9373 50 1
50 9473 1
9473 2281 1
2281 3060 1
3060 1959 1
1959 8345 1
8345 4069 1
4069 7911 1
7911 1944 1
1944 8316 1
8316 9594 1
9594 2970 1
2970 1208 1
1208 7878 1
7878 3326 1
3326 542 1
2936 2262 1
2262 4115 1
4115 2970 1
2970 10723 1
10723 1130 1
1130 1959 1
1959 6061 1
6061 3326 1
8233 606 1
606 1739 1
1739 2262 1
2262 8316 1
8316 10123 1
10123 2272 1
2272 8343 1
8343 10726 1
10726 10723 1
10723 3317 1
3317 10802 1
10802 2162 1
2162 3197 1
3197 7660 1
7660 8523 1
8523 4464 1
4464 7768 1
7768 1229 1
1229 8395 1
8395 7359 1
7359 3678 1
3678 455 1
455 8949 1
8949 3625 1
3625 3794 1
3794 2970 1
2970 3409 1
3409 1664 1
1664 10699 1
10699 2535 1
2535 8269 1
8269 1025 1
1025 3364 1
3364 7147 1
7147 2466 1
2466 7816 1
7816 3572 1
3572 11163 1
11163 4871 1
4871 4664 1
4664 3175 1
3175 7228 1
7228 2114 1
2114 7359 1
7359 2121 1
2121 3234 1
3234 4661 1
4661 3813 1
3813 9131 1
9131 10792 1
10792 4060 1
4060 6101 1
6101 5442 1
5442 4536 1
4536 3644 1
3644 6563 1
6563 5597 1
5597 11054 1
11054 8282 1
8282 264 1
264 3227 1
3227 1412 1
1412 7768 1
7768 1716 1
1716 159 1
159 606 1
606 1153 1
1153 1716 1
1716 3473 1
3473 8020 1
8020 3317 1
3317 7876 1
7876 7047 1
7047 6353 1
6353 8285 1
8285 7359 1
7359 9296 1
9296 5593 1
5593 10020 1
10020 2505 1
2505 10179 1
10179 6863 1
6863 10546 1
10546 7806 1
7806 7359 1
7359 4480 1
4480 4892 1
4892 2281 1
2281 8961 1
8961 9400 1
9400 7920 1
7920 4661 1
4661 232 1
232 9400 1
9400 629 1
629 5439 1
5439 4941 1
4941 1248 1
1248 10073 1
10073 4941 1
4941 319 1
319 8229 1
8229 7091 1
7091 5439 1
5439 6935 1
6935 497 1
497 756 1
756 4474 1
4474 6918 1
6918 4298 1
4298 281 1
281 1336 1
1336 941 1
941 4474 1
4474 10723 1
10723 281 1
281 4396 1
281 3064 1
3064 5597 1
5597 7359 1
7359 357 1
357 414 1
414 9817 1
9817 6505 1
6505 6043 1
6043 4199 1
4199 2475 1
2475 10056 1
2475 3317 1
3317 6923 1
6923 10410 1
10410 2877 1
2877 3373 1
3373 10158 1
10158 993 1
993 3229 1
3229 2354 1
2354 8341 1
8341 6786 1
6786 2114 1
2114 10654 1
10654 3457 1
3457 7965 1
7965 414 1
414 2127 1
2127 3457 1
3457 5914 1
5914 2412 1
2412 5562 1
5562 5536 1
5536 9267 1
9267 10014 1
10014 10537 1
10537 4161 1
4161 10014 1
10014 8409 1
8409 8699 1
8699 10014 1
9267 4161 1
4161 8442 1
8442 2309 1
2309 7772 1
7772 5263 1
5263 6805 1
6805 2309 1
2309 5483 1
5483 422 1
422 8991 1
8991 566 1
566 4161 1
8442 6217 1
6217 5263 1
5263 1914 1
1914 6217 1
6217 2742 1
2742 4161 1
4161 3470 1
3470 2309 1
6805 6217 1
6217 3381 1
3381 939 1
939 6429 1
6429 1914 1
6429 3253 1
3253 301 1
301 6217 1
6217 939 1
6429 8442 1
8442 1914 1
1914 7396 1
7396 3470 1
10537 9267 1
8442 1998 1
1998 5263 1
5263 3470 1
4161 3381 1
3381 1204 1
1204 2077 1
2077 11 1
11 9878 1
9878 9041 1
9041 5830 1
5830 10585 1
10585 7429 1
7429 3303 1
3303 11192 1
11192 6858 1
6858 3303 1
3303 2776 1
2776 1755 1
1755 8496 1
1755 4808 1
4808 4078 1
4078 9899 1
9899 7231 1
7231 10087 1
10087 398 1
398 5103 1
5103 7814 1
7814 8547 1
8547 9796 1
9796 5831 1
5831 1965 1
1965 3397 1
3397 1564 1
1564 5439 1
5439 8233 1
8233 6549 1
6549 9278 1
9278 8187 1
8187 10202 1
10202 8316 1
8316 1681 1
1681 7359 1
7359 68 1
68 6834 1
6834 9600 1
9600 9108 1
9108 4356 1
4356 4135 1
4135 1208 1
1208 2289 1
2289 8730 1
8730 7977 1
7977 4531 1
4531 478 1
478 6648 1
6648 3993 1
3993 9939 1
9939 1233 1
1233 6770 1
6770 7379 1
7379 10041 1
10041 6923 1
6923 3813 1
3813 6549 1
6549 4941 1
4941 10588 1
10588 7843 1
7843 10172 1
10172 4018 1
4018 623 1
623 1629 1
1629 7494 1
7494 8054 1
8054 3463 1
3463 9296 1
9296 5616 1
5616 8153 1
8153 6391 1
6391 9733 1
9733 8759 1
8759 8282 1
8282 3678 1
3678 1959 1
1959 6722 1
6722 9577 1
9577 6286 1
6286 6565 1
6565 3510 1
3510 9033 1
9033 10628 1
10628 2792 1
2792 1210 1
1210 478 1
478 8506 1
8506 7530 1
7530 8912 1
8912 8565 1
8565 3197 1
3197 4135 1
4135 10104 1
10104 8269 1
8269 2791 1
2791 10487 1
10487 32 1
32 4148 1
4148 4087 1
4087 10504 1
10504 3086 1
3086 4922 1
4922 4396 1
4396 9406 1
9406 7733 1
7733 9872 1
9872 9406 1
9406 2162 1
2162 2880 1
2880 2008 1
2008 7397 1
7397 3623 1
3623 7511 1
7511 7308 1
7308 6224 1
6224 7511 1
7511 8703 1
8703 5678 1
5678 2405 1
2405 2219 1
2219 8703 1
8703 6934 1
6934 6430 1
6430 2947 1
2947 8462 1
8462 6767 1
6767 2460 1
2460 9383 1
9383 8462 1
8462 4850 1
4850 6934 1
6934 8462 1
8462 8373 1
8373 8157 1
8157 8703 1
5678 6430 1
6430 5866 1
5866 9744 1
9744 4178 1
4178 8157 1
8157 1452 1
1452 828 1
828 5187 1
5187 6163 1
6163 9470 1
9470 681 1
681 9607 1
9607 9752 1
9752 9834 1
9834 5232 1
9834 3716 1
3716 3894 1
3894 681 1
681 9752 1
9752 10173 1
10173 6163 1
6163 910 1
910 9196 1
9196 9188 1
9188 10842 1
10842 9607 1
828 8211 1
8211 681 1
681 1706 1
1706 6163 1
6163 2840 1
2840 2909 1
2909 10969 1
10969 3162 1
10969 5448 1
5448 6713 1
6713 9470 1
9470 9361 1
9361 681 1
681 9703 1
9703 3224 1
3224 6599 1
6599 681 1
681 11026 1
11026 9188 1
9188 9361 1
9361 5232 1
681 9834 1
9834 3224 1
3224 9332 1
9332 6599 1
6599 7154 1
7154 5951 1
5951 8458 1
8458 6280 1
6280 7648 1
7648 681 1
681 2909 1
681 828 1
828 1456 1
1456 11026 1
681 6163 1
6163 5448 1
5448 2128 1
2128 7791 1
7791 5979 1
5979 1039 1
2128 11003 1
11003 5979 1
1039 2128 1
2128 5979 1
5979 601 1
601 2069 1
2069 7519 1
7519 10598 1
10598 10173 1
9752 7648 1
6280 601 1
601 8383 1
8383 788 1
788 6280 1
6280 10969 1
10969 9288 1
9288 681 1
9361 7156 1
7156 3224 1
9703 6175 1
6175 659 1
659 2069 1
7519 2612 1
2612 828 1
9607 601 1
601 10173 1
10173 9335 1
9335 7436 1
7436 8430 1
8430 2336 1
2336 7154 1
7154 9288 1
9288 1706 1
1706 1633 1
1633 9288 1
9288 5951 1
5951 6163 1
6163 7436 1
7436 659 1
659 8430 1
8430 10365 1
10365 5242 1
5242 2336 1
2336 6334 1
6334 10598 1
10598 601 1
601 2612 1
2612 2405 1
2405 5110 1
5110 544 1
544 2373 1
2373 7183 1
7183 7006 1
7006 6430 1
6430 3724 1
3724 1452 1
1452 10365 1
10365 5922 1
10365 5758 1
10365 11009 1
11009 9059 1
9059 2215 1
2215 328 1
2215 3304 1
2215 10492 1
10492 1332 1
1332 104 1
104 8455 1
8455 10492 1
10492 3304 1
10492 9671 1
