7893 8380 1
8380 3286 1
3286 10292 1
10292 8282 1
8282 232 1
232 10123 1
10123 9141 1
9141 8506 1
8506 8330 1
8330 10020 1
10020 10723 1
10723 6391 1
6391 7229 1
7229 414 1
414 2127 1
2127 1278 1
1278 4003 1
4003 10031 1
10031 4724 1
4724 3342 1
4724 2954 1
2954 744 1
744 10157 1
10157 4196 1
4196 1152 1
1152 4818 1
4818 9405 1
9405 1882 1
1882 1248 1
1248 6443 1
6443 5668 1
5668 6689 1
6689 6803 1
6803 4321 1
4321 1634 1
1634 10882 1
10882 3733 1
3733 7294 1
7294 6391 1
6391 2406 1
2406 6255 1
6255 2595 1
2595 4104 1
4104 730 1
730 5569 1
5569 8303 1
8303 11060 1
11060 3362 1
3362 2281 1
2281 3234 1
3234 4238 1
4238 1535 1
1535 2112 1
2112 7505 1
7505 319 1
319 2121 1
2121 10886 1
10886 7064 1
7064 3175 1
3175 2842 1
2842 993 1
993 6991 1
6991 3229 1
3229 4631 1
4631 3317 1
3317 7064 1
7064 1130 1
1130 4861 1
4861 1564 1
1564 583 1
583 483 1
483 3022 1
3022 9110 1
9110 3572 1
3572 3699 1
3699 2795 1
2795 11081 1
11081 8644 1
8644 5103 1
5103 9796 1
9796 2198 1
2198 1965 1
1965 5169 1
5169 3572 1
3572 3409 1
3409 8961 1
8961 50 1
50 7064 1
7064 6353 1
6353 993 1
993 4278 1
4278 11163 1
11163 4104 1
4104 5374 1
5374 8153 1
8153 9033 1
9033 6529 1
6529 2792 1
2792 11087 1
11087 4018 1
4018 2289 1
2289 7066 1
7066 1785 1
1785 3327 1
3327 6459 1
6459 4018 1
4018 3510 1
3510 1629 1
1629 7159 1
7159 4480 1
4480 537 1
537 8274 1
8274 6563 1
6563 6392 1
6392 11039 1
11039 1802 1
1802 4747 1
4747 2788 1
2788 85 1
85 264 1
264 5016 1
5016 8565 1
8565 5534 1
5534 2175 1
2175 4298 1
4298 7457 1
7457 505 1
505 4865 1
4865 7591 1
7591 2535 1
2535 4082 1
4082 3579 1
3579 10343 1
10343 2262 1
2262 10792 1
10792 6770 1
6770 7682 1
7682 5968 1
5968 6244 1
6244 10485 1
10485 10028 1
10028 9059 1
9059 10492 1
10492 6871 1
6871 8276 1
8276 8278 1
8278 929 1
929 407 1
407 5171 1
5171 5813 1
5813 2347 1
2347 2358 1
2358 8484 1
8484 4171 1
4171 10127 1
10127 5789 1
5789 8484 1
8484 4104 1
4104 1331 1
1331 6795 1
6795 8401 1
8401 176 1
176 10086 1
10086 7798 1
7798 705 1
705 6885 1
705 3383 1
3383 2243 1
2243 4115 1
4115 7920 1
7920 310 1
310 552 1
310 4739 1
4739 1319 1
1319 9076 1
9076 3328 1
3328 310 1
310 782 1
782 552 1
552 2863 1
552 5 1
5 10195 1
10195 552 1
552 4792 1
4792 8407 1
8407 2611 1
2611 1771 1
1771 8407 1
8407 11142 1
11142 6980 1
6980 2042 1
2042 2189 1
2042 2982 1
2982 1748 1
1748 5378 1
5378 8896 1
5378 10009 1
10009 2369 1
2369 3814 1
3814 5054 1
5054 2641 1
2641 5343 1
5343 6507 1
6507 10333 1
10333 1144 1
1144 8816 1
8816 3776 1
3776 3694 1
3694 8816 1
1144 5343 1
2641 7185 1
7185 2990 1
2990 10493 1
10493 208 1
208 8338 1
8338 5133 1
5133 9131 1
9131 2162 1
2162 4379 1
4379 9605 1
9605 1785 1
1785 8987 1
8987 2272 1
2272 4877 1
4877 3022 1
3022 2854 1
2854 3788 1
3788 537 1
537 7505 1
7505 7676 1
7676 3993 1
3993 7091 1
7091 2402 1
2402 7379 1
7379 11132 1
11132 3062 1
3062 9092 1
9092 9346 1
9346 11114 1
11114 8160 1
8160 5441 1
5441 7095 1
7095 1305 1
1305 982 1
982 6712 1
6712 4104 1
4104 1739 1
1739 4298 1
4298 7867 1
7867 9577 1
9577 1785 1
1785 4298 1
4298 9870 1
9870 9996 1
9996 667 1
667 8796 1
8796 9996 1
9996 10840 1
10840 2013 1
2013 6721 1
6721 319 1
319 3914 1
3914 3064 1
3064 7239 1
7239 8153 1
8153 9146 1
9146 4563 1
4563 4060 1
4060 5318 1
5318 7023 1
7023 2281 1
2281 3574 1
3574 2402 1
2402 4954 1
4954 6525 1
6525 3574 1
3574 1564 1
1564 10551 1
10551 10022 1
10022 9218 1
9218 3778 1
3778 982 1
982 1151 1
1151 1183 1
1183 6312 1
6312 3838 1
3838 4296 1
4296 6190 1
4296 7879 1
7879 6656 1
6656 3009 1
3009 7849 1
3009 10177 1
10177 6964 1
6964 8573 1
8573 6388 1
6388 10177 1
10177 7849 1
7849 3626 1
3626 5363 1
5363 10177 1
10177 5677 1
5677 7894 1
7894 7849 1
7849 9804 1
9804 6656 1
6656 7894 1
7894 3018 1
3018 2504 1
2504 11107 1
11107 6838 1
6838 568 1
6838 7337 1
7337 8886 1
8886 8066 1
8066 6303 1
6303 1496 1
1496 9355 1
9355 3408 1
3408 9181 1
9181 3422 1
3422 6871 1
6871 6658 1
6658 1332 1
1332 5732 1
5732 2597 1
2597 6420 1
6420 9713 1
9713 3117 1
3117 8617 1
8617 8925 1
8925 3821 1
3821 5732 1
5732 6420 1
6420 4192 1
4192 1332 1
1332 6871 1
6871 7101 1
7101 6343 1
6343 10298 1
10298 6871 1
6871 3849 1
3849 6420 1
6420 6871 1
6658 8276 1
8276 399 1
399 10094 1
10094 4171 1
4171 5171 1
5171 8222 1
8222 2358 1
2347 9580 1
9580 11068 1
11068 7546 1
7546 9374 1
9374 3344 1
3344 3022 1
3022 6061 1
6061 2262 1
2262 10287 1
10287 4774 1
4774 9400 1
9400 50 1
50 4477 1
4477 2975 1
2975 281 1
281 9141 1
9141 3100 1
3100 6770 1
6770 1629 1
1629 5056 1
5056 2601 1
2601 4590 1
4590 6118 1
6118 720 1
720 1059 1
1059 10202 1
10202 1806 1
1806 6391 1
6391 7920 1
7920 3064 1
3064 9605 1
9605 10318 1
10318 9400 1
9400 8316 1
8316 6392 1
6392 5910 1
5910 5894 1
5894 408 1
408 4604 1
4604 10974 1
10974 2097 1
2097 9072 1
9072 4454 1
4454 9286 1
9286 9072 1
9072 296 1
296 5499 1
5499 5894 1
5894 5974 1
5974 8759 1
8759 6194 1
6194 5395 1
5395 6712 1
6712 5318 1
5318 4349 1
4349 9605 1
9605 9146 1
9146 3364 1
3364 6737 1
6737 9589 1
9589 4606 1
4606 4482 1
4482 10233 1
10233 9007 1
9007 10091 1
10091 1965 1
1965 5246 1
5246 1535 1
1535 9146 1
9146 7239 1
7239 1412 1
1412 4135 1
4135 9296 1
9296 2880 1
2880 102 1
102 3317 1
3317 2754 1
3317 8020 1
8020 4709 1
4709 9752 1
9752 9834 1
9834 10652 1
10652 5448 1
5448 9332 1
9332 9703 1
9703 5187 1
5187 2840 1
2840 788 1
788 1706 1
1706 659 1
659 788 1
788 4303 1
4303 9607 1
9607 5407 1
5407 2909 1
2909 1633 1
1633 3224 1
3224 10969 1
10969 6280 1
6280 9752 1
9752 9196 1
9196 8843 1
8843 10652 1
8843 9834 1
9834 910 1
910 7156 1
7156 4231 1
4231 9834 1
9834 8211 1
9834 7156 1
7156 9196 1
9196 828 1
828 9335 1
9335 7398 1
7398 659 1
659 7648 1
7648 2909 1
2909 8458 1
8458 6163 1
6163 9752 1
9752 1706 1
1706 6280 1
6280 5951 1
6280 9288 1
9288 788 1
788 828 1
9335 2405 1
2405 8373 1
8373 2650 1
2650 9383 1
9383 10549 1
10549 1452 1
1452 6767 1
6767 8373 1
8373 5678 1
8373 4178 1
4178 544 1
544 1174 1
1174 6285 1
6285 7712 1
7712 1174 1
1174 5249 1
5249 6285 1
6285 1198 1
6285 9203 1
9203 1685 1
1685 7712 1
7712 1198 1
1198 1685 1
1198 5249 1
1174 9776 1
1174 4933 1
4933 10365 1
10365 6163 1
10365 5922 1
5922 6334 1
6334 10598 1
10598 10173 1
10173 7154 1
7154 7519 1
7519 2069 1
2069 9335 1
9335 9752 1
9752 10598 1
10598 828 1
828 9607 1
9607 8458 1
8458 8383 1
8383 5951 1
5951 7154 1
10173 6334 1
6334 8430 1
8430 9752 1
9752 3535 1
3535 7154 1
7154 7648 1
7648 8458 1
8458 6175 1
6175 788 1
788 5187 1
5187 6163 1
6163 7398 1
7398 601 1
601 2128 1
601 788 1
788 9332 1
9703 681 1
681 3224 1
3224 10842 1
10842 9332 1
9703 9288 1
1706 2676 1
2676 2840 1
2840 5951 1
5951 1706 1
1706 8458 1
8458 601 1
601 6280 1
9752 4231 1
4231 5448 1
5448 9335 1
9335 5242 1
5242 544 1
544 1301 1
1301 2405 1
2405 601 1
601 828 1
828 8430 1
8430 5448 1
5448 9834 1
9834 6163 1
6163 10969 1
10969 1633 1
1633 10842 1
10842 9607 1
9607 601 1
601 10969 1
10969 4209 1
4209 6118 1
6118 7660 1
7660 5968 1
5968 8037 1
8037 296 1
296 398 1
398 1726 1
1726 3699 1
3699 2926 1
2926 8547 1
8547 2188 1
2188 5119 1
5119 4937 1
4937 7754 1
7754 4073 1
4073 2854 1
2854 982 1
982 5158 1
5158 3141 1
3141 9194 1
9194 5878 1
5878 2530 1
2530 4796 1
2530 9306 1
9306 4685 1
4685 2589 1
2589 6984 1
6984 9999 1
9999 2589 1
2589 7640 1
7640 4685 1
4685 6552 1
6552 6355 1
6552 10516 1
10516 6220 1
6220 7686 1
7686 7123 1
7123 3747 1
3747 5117 1
5117 8543 1
8543 10143 1
10143 10073 1
10073 2223 1
2223 5244 1
5244 6443 1
6443 7994 1
7994 4818 1
4818 11068 1
11068 11018 1
11018 8014 1
8014 4361 1
8014 1208 1
1208 8506 1
8506 3644 1
3644 5611 1
5611 3523 1
3523 357 1
357 3344 1
3344 3326 1
3326 9577 1
9577 7253 1
7253 3058 1
3058 3364 1
3364 2532 1
2532 414 1
414 6836 1
6836 8552 1
8552 4296 1
4296 9576 1
9576 1142 1
1142 10863 1
10863 4296 1
4296 10355 1
10355 2033 1
10355 2624 1
4296 5645 1
5645 4153 1
4153 7849 1
7849 7264 1
7264 9338 1
9338 11090 1
11090 4997 1
4997 4153 1
4153 7264 1
7264 1250 1
1250 5182 1
5182 9901 1
9901 10654 1
10654 8178 1
8178 1767 1
1767 9468 1
9468 9092 1
9092 9008 1
9008 3572 1
3572 9788 1
9788 9072 1
9072 661 1
661 1557 1
1557 6737 1
6737 7064 1
7064 4725 1
4725 4308 1
4308 4664 1
4664 920 1
920 8756 1
8756 532 1
532 5443 1
5443 5815 1
5815 1418 1
1418 4664 1
4664 2284 1
2284 10588 1
10588 2121 1
2121 4536 1
4536 2936 1
2936 4747 1
4747 1785 1
1785 7159 1
7159 3397 1
3397 629 1
629 7371 1
7371 6923 1
6923 5355 1
5355 1801 1
1801 4474 1
4474 4061 1
4061 8961 1
8961 4474 1
4474 8871 1
8871 7494 1
7494 9132 1
9132 11017 1
11017 6350 1
6350 256 1
256 6841 1
6841 2216 1
2216 6257 1
6257 11132 1
11132 9218 1
9218 5792 1
5792 8229 1
8229 1248 1
1248 2968 1
1248 2301 1
2301 6892 1
6892 3239 1
3239 336 1
336 7088 1
7088 5788 1
5788 9555 1
9555 10032 1
10032 10288 1
10032 336 1
336 10196 1
10196 9212 1
9212 7226 1
7226 8739 1
8739 1051 1
1051 9991 1
9991 3168 1
9991 2390 1
9991 619 1
619 809 1
809 2377 1
2377 9458 1
9458 1029 1
1029 9922 1
9922 5395 1
5395 4468 1
4468 1965 1
1965 6737 1
6737 1540 1
1540 6491 1
6491 3858 1
3858 2737 1
2737 5503 1
5503 2284 1
2284 4631 1
4631 2344 1
2344 5453 1
5453 7279 1
7279 8285 1
8285 9490 1
9490 7963 1
7963 7359 1
7359 295 1
295 8401 1
8401 7297 1
7297 982 1
982 4474 1
4474 10375 1
4474 2192 1
2192 9100 1
9100 3397 1
3397 497 1
497 7505 1
7505 5503 1
5503 5133 1
5133 10418 1
10418 68 1
68 6288 1
6288 5295 1
5295 9108 1
9108 5460 1
5460 505 1
505 4304 1
4304 7824 1
7824 8117 1
8117 9983 1
9983 240 1
240 3572 1
3572 5453 1
5453 1837 1
1837 18 1
18 6708 1
6708 7047 1
7047 6353 1
6353 7017 1
7017 10948 1
10948 7359 1
7359 3523 1
3523 6876 1
6876 10609 1
10609 1172 1
1172 3302 1
1172 4157 1
4157 1180 1
1180 6950 1
6950 6525 1
6525 4000 1
4000 2447 1
2447 3234 1
3234 4297 1
4297 4518 1
4518 6785 1
6785 5056 1
5056 2289 1
2289 10723 1
10723 10886 1
10886 8079 1
8079 7228 1
7228 2877 1
2877 10267 1
10267 2439 1
2439 10840 1
10840 1455 1
1455 5757 1
1455 890 1
890 1066 1
1066 8117 1
8117 3572 1
3572 264 1
264 2402 1
2402 10041 1
10041 10529 1
10529 6383 1
6383 3788 1
3788 3813 1
3813 2322 1
2322 9733 1
9733 4480 1
4480 3060 1
3060 3951 1
3951 6572 1
6572 6890 1
6890 4060 1
4060 2880 1
2880 8736 1
8736 583 1
583 8523 1
8523 4298 1
4298 6997 1
6997 5388 1
5388 5639 1
5388 896 1
896 6997 1
6997 3482 1
3482 4115 1
4115 4264 1
4264 2238 1
2238 4298 1
4298 10804 1
10804 3064 1
3064 3772 1
3772 3326 1
3326 483 1
3326 542 1
542 2402 1
2402 7484 1
7484 5374 1
5374 4774 1
4774 5442 1
5442 42 1
42 8174 1
8174 71 1
71 4664 1
4664 18 1
18 2301 1
2301 1965 1
1965 11147 1
11147 322 1
322 8456 1
8456 6737 1
6737 606 1
606 4061 1
4061 7031 1
7031 9165 1
9165 258 1
258 8374 1
8374 10004 1
10004 7159 1
7159 5241 1
5241 4474 1
4474 3022 1
3022 2505 1
2505 3862 1
3862 1785 1
1785 2238 1
2238 4474 1
4474 8719 1
8719 7945 1
7945 10041 1
10041 10343 1
10343 5968 1
5968 4081 1
4081 10330 1
4081 8299 1
4081 9619 1
9619 354 1
9619 7180 1
7180 9557 1
9557 9619 1
9557 354 1
7180 354 1
4081 10467 1
10467 2533 1
2533 7633 1
7633 2241 1
7633 7558 1
7558 2255 1
2255 7361 1
7361 8848 1
8848 2545 1
2545 8277 1
8277 6892 1
6892 2921 1
6892 8644 1
8644 2188 1
2188 8277 1
8277 8644 1
8644 4776 1
4776 8762 1
8762 987 1
987 5559 1
5559 1132 1
1132 10525 1
10525 987 1
8762 4744 1
4744 7857 1
7857 5241 1
5241 3062 1
3062 4483 1
4483 232 1
232 11060 1
11060 6239 1
6239 4862 1
4862 9681 1
9681 2552 1
2552 5442 1
5442 5503 1
5503 5783 1
5783 2071 1
2071 8303 1
8303 5969 1
5969 3386 1
3386 10792 1
10792 4119 1
4119 4341 1
4119 10123 1
10123 6383 1
6383 9142 1
9142 3778 1
3778 3517 1
3517 9545 1
9545 7676 1
7676 11132 1
11132 1412 1
1412 1229 1
1229 10031 1
10031 2944 1
2944 10311 1
10311 9901 1
9901 2846 1
2846 7123 1
7123 3457 1
3457 8178 1
8178 3624 1
3624 5182 1
5182 3047 1
3047 442 1
442 1570 1
1570 997 1
997 4033 1
4033 5724 1
5724 6677 1
6677 8419 1
8419 78 1
78 4241 1
4241 904 1
904 9857 1
9857 2771 1
2771 599 1
599 3488 1
3488 16 1
16 10882 1
10882 304 1
304 2589 1
2589 9758 1
9758 7640 1
7640 11137 1
11137 1668 1
1668 4521 1
4521 1298 1
1298 8267 1
8267 9831 1
9831 8014 1
4361 2467 1
2467 8530 1
8530 2916 1
2916 1190 1
1190 4769 1
1190 4947 1
4947 5281 1
5281 1793 1
1793 10033 1
10033 8395 1
8395 6803 1
6803 8827 1
8827 7994 1
7994 8543 1
8543 2684 1
2684 472 1
472 9405 1
9405 6137 1
6137 2831 1
2831 3747 1
3747 5451 1
5451 2695 1
2695 10073 1
10073 8484 1
4171 407 1
407 9048 1
9048 8562 1
8562 690 1
690 9580 1
9580 10108 1
10108 10094 1
10094 8562 1
8562 4171 1
4171 9580 1
9580 6393 1
6393 929 1
929 4171 1
4171 2358 1
2358 8689 1
8689 4171 1
4171 8278 1
8278 2358 1
2358 10127 1
10127 9001 1
9001 514 1
514 10298 1
10298 4712 1
4712 1043 1
1043 1782 1
1782 37 1
37 2424 1
37 7291 1
7291 10540 1
10540 2593 1
10540 7598 1
7598 9887 1
9887 7686 1
7686 9901 1
9901 2412 1
2412 299 1
299 10152 1
10152 2388 1
2388 5868 1
5868 2412 1
2412 3457 1
3457 9779 1
9779 4079 1
4079 1082 1
1082 2412 1
2412 10938 1
10938 5382 1
5382 2944 1
10311 1838 1
1838 3605 1
3605 10516 1
10516 9901 1
9901 2388 1
2388 2573 1
2573 2412 1
2573 7274 1
7274 7299 1
7299 7171 1
7171 9347 1
9347 2412 1
2412 3866 1
3866 2944 1
2944 8753 1
8753 6196 1
6196 2388 1
2388 2944 1
2944 2686 1
2944 6977 1
6977 1250 1
1250 800 1
800 5319 1
5319 1154 1
1154 5278 1
5278 7902 1
7902 1780 1
1780 5681 1
5681 3389 1
3389 1250 1
1250 5868 1
5868 744 1
5868 3053 1
3053 6197 1
6197 8901 1
8901 1671 1
1671 8883 1
8883 10512 1
10512 2106 1
2106 5905 1
5905 6387 1
6387 234 1
234 3394 1
3394 1543 1
1543 4814 1
4814 6943 1
6943 8893 1
8893 2851 1
2851 10906 1
10906 9634 1
9634 3036 1
9634 5722 1
5722 3394 1
3394 6344 1
6344 490 1
490 1063 1
490 4958 1
4958 10254 1
10254 1367 1
1367 9849 1
9849 10373 1
10373 7176 1
7176 4958 1
7176 7351 1
7176 1411 1
1411 10310 1
10310 9843 1
9843 88 1
88 8206 1
88 725 1
725 3760 1
3760 7939 1
7939 8577 1
7939 8829 1
8829 2773 1
2773 340 1
340 377 1
377 5608 1
377 9833 1
9833 4457 1
9833 382 1
382 304 1
304 6814 1
6814 9070 1
9070 7432 1
7432 3747 1
3747 4960 1
4960 8484 1
8484 9071 1
9071 1152 1
1152 370 1
370 4128 1
4128 10149 1
10149 7845 1
7845 7147 1
7147 1483 1
1483 3986 1
3986 7274 1
7274 5536 1
5536 7885 1
7885 4200 1
4200 6926 1
6926 2925 1
2925 3882 1
3882 3812 1
3812 7229 1
7229 5443 1
5443 1716 1
1716 3914 1
3914 10091 1
10091 6255 1
6255 9070 1
9070 9788 1
9788 32 1
32 9605 1
9605 8316 1
8316 5163 1
5163 2791 1
2791 2970 1
2970 9387 1
9387 2339 1
2339 8079 1
8079 10723 1
10723 9605 1
9605 1485 1
1485 6292 1
6292 6469 1
6469 8982 1
8982 1972 1
1972 6469 1
6292 10092 1
10092 9590 1
9590 10647 1
10647 9162 1
9162 9402 1
9402 4081 1
5968 882 1
5968 10021 1
10021 1942 1
1942 2756 1
2756 355 1
355 8520 1
355 545 1
355 536 1
536 1000 1
536 8553 1
8553 1927 1
1927 722 1
722 8384 1
8384 3965 1
8384 3158 1
3158 6775 1
6775 8384 1
722 5480 1
5480 1413 1
1413 6002 1
6002 7498 1
7498 2756 1
2756 89 1
89 10617 1
89 5001 1
5001 2540 1
2540 8157 1
8157 3587 1
3587 1041 1
1041 9135 1
9135 5038 1
3587 271 1
271 5866 1
5866 4178 1
4178 6401 1
4178 10549 1
10549 5678 1
5678 9744 1
9744 271 1
271 1819 1
1819 8390 1
8390 271 1
271 3307 1
3307 11037 1
11037 4092 1
4092 9896 1
9896 11037 1
11037 558 1
11037 3415 1
3415 1531 1
1531 7246 1
1531 7476 1
7476 7457 1
7457 4468 1
4468 9110 1
9110 3326 1
3326 5016 1
5016 8316 1
8316 2447 1
2447 11054 1
11054 7663 1
7663 7359 1
7359 6058 1
6058 4199 1
4199 7676 1
7676 7064 1
7064 3234 1
3234 7031 1
7031 8506 1
8506 8736 1
8736 2946 1
2946 7379 1
7379 7663 1
7663 5374 1
5374 818 1
818 5442 1
5442 5155 1
5155 8766 1
8766 6593 1
6593 5155 1
5155 2037 1
2037 9801 1
9801 5155 1
5155 304 1
304 4067 1
4067 1673 1
1673 2817 1
2817 847 1
847 946 1
946 9372 1
9372 304 1
304 2601 1
2601 5935 1
5935 2530 1
2530 7823 1
7823 6179 1
6179 2530 1
2530 10707 1
10707 4685 1
2589 10325 1
10325 2601 1
2601 1250 1
1250 10938 1
5382 6552 1
6552 1154 1
1154 3705 1
3705 6224 1
6224 4146 1
4146 3389 1
3389 4727 1
4727 7885 1
7885 6552 1
6552 5265 1
5265 11137 1
11137 9758 1
9758 2562 1
2562 4557 1
4557 5830 1
5830 10585 1
10585 4521 1
4521 8163 1
8163 9727 1
9727 4067 1
4067 1119 1
1119 9831 1
9831 7611 1
7611 2817 1
2817 1034 1
1034 1119 1
1119 8999 1
8999 9727 1
9727 6783 1
6783 4545 1
4545 3698 1
3698 4257 1
4257 10443 1
10443 3698 1
3698 5261 1
3698 9658 1
9658 4067 1
4067 7790 1
7790 7611 1
7611 4521 1
4521 10942 1
10942 6012 1
10942 8950 1
8950 11137 1
11137 4521 1
4521 913 1
913 5830 1
5830 7567 1
7567 9176 1
7567 5108 1
5108 1411 1
1411 2846 1
2846 5438 1
2846 16 1
10882 6491 1
6491 10802 1
10802 5441 1
5441 700 1
700 6750 1
6750 10277 1
10277 136 1
136 7168 1
7168 5457 1
5457 6760 1
136 6750 1
7168 6750 1
10277 7168 1
6760 136 1
7168 1783 1
1783 9007 1
10233 5559 1
5559 5978 1
5978 3181 1
5978 6525 1
6525 6712 1
6712 4747 1
4747 2970 1
2970 5064 1
5064 6529 1
6529 4149 1
4149 6376 1
6376 1987 1
1987 1541 1
1541 2695 1
2695 2260 1
2260 1173 1
1173 5117 1
5117 7123 1
7123 5382 1
5382 3457 1
3457 10938 1
10938 10814 1
10814 2388 1
2388 9468 1
9468 8401 1
8401 10654 1
10654 5819 1
5819 10410 1
10410 8285 1
8285 3572 1
3572 853 1
853 7308 1
7308 10954 1
10954 5723 1
5723 4637 1
4637 4840 1
4840 887 1
887 4115 1
4115 678 1
678 5574 1
5574 2946 1
2946 258 1
258 8719 1
8719 2332 1
8719 3344 1
3344 9731 1
9731 8381 1
8381 9374 1
8381 7190 1
7190 1882 1
1882 10073 1
10073 6803 1
6803 10983 1
10983 6721 1
10840 5878 1
5878 9041 1
9041 212 1
212 10215 1
10215 370 1
370 7559 1
7559 6364 1
6364 9064 1
9064 7559 1
7559 2902 1
2902 7385 1
7385 7559 1
7559 4419 1
4419 8089 1
8089 630 1
630 9758 1
9758 9064 1
9064 1689 1
1689 6477 1
6477 7385 1
7385 1689 1
6477 370 1
370 9041 1
9041 9064 1
9064 10215 1
10215 6477 1
6477 6364 1
6364 4521 1
4521 1559 1
1559 5471 1
5471 6186 1
6186 304 1
304 1298 1
1298 10198 1
10198 3698 1
3698 2817 1
2817 4676 1
4676 847 1
847 9057 1
9057 4473 1
4473 304 1
304 10023 1
10023 492 1
492 4676 1
4676 8466 1
8466 8014 1
8014 5261 1
5261 9057 1
9057 10141 1
10141 8999 1
10141 752 1
752 8537 1
8537 9658 1
9658 1034 1
1034 10443 1
10443 1119 1
1119 3887 1
3887 5261 1
3887 8466 1
8466 10198 1
10198 10141 1
10141 1119 1
10141 2817 1
2817 6783 1
7611 1119 1
1119 7322 1
7322 1673 1
1673 1119 1
1119 752 1
10141 8014 1
8014 4971 1
4971 4105 1
4105 9740 1
9740 5296 1
5296 4971 1
4971 2410 1
8014 1365 1
1365 2851 1
2851 9131 1
9131 4462 1
4462 6052 1
6052 6408 1
6408 10317 1
10317 5574 1
5574 2788 1
2788 10792 1
10792 6876 1
6876 6491 1
6491 730 1
730 9605 1
9605 5374 1
5374 10123 1
10123 2595 1
2595 8767 1
8767 10033 1
10033 9649 1
9649 11149 1
11149 8422 1
8422 1838 1
1838 10390 1
10390 236 1
10390 7865 1
7865 1816 1
1816 4174 1
4174 597 1
597 3605 1
10516 1082 1
1082 2226 1
2226 2601 1
2601 954 1
954 10425 1
10425 5265 1
5265 7633 1
7633 5802 1
7633 1101 1
7633 237 1
237 7558 1
7558 5463 1
5463 2232 1
2232 4155 1
4155 5463 1
4155 7217 1
7217 1074 1
4155 5716 1
5716 6741 1
6741 7809 1
7809 5716 1
6741 4155 1
5463 6025 1
6025 3791 1
5463 10109 1
5463 7105 1
7105 10243 1
10243 10494 1
10243 8943 1
8943 8575 1
8575 8640 1
8640 1455 1
1455 7169 1
7169 11007 1
11007 6035 1
6035 2954 1
2954 1152 1
1152 6376 1
6376 4757 1
4757 7604 1
7604 4620 1
4757 5524 1
5524 2950 1
2950 1248 1
1248 7755 1
7755 4919 1
4919 2904 1
2904 1331 1
1331 5103 1
5103 3720 1
3720 2921 1
2921 397 1
397 8146 1
8146 10397 1
10397 4379 1
4379 7660 1
7660 2162 1
2162 4629 1
4629 7066 1
7066 3170 1
3170 3611 1
3611 3115 1
3115 6058 1
6058 9296 1
9296 5163 1
5163 7563 1
7563 8345 1
8345 6019 1
6019 7064 1
7064 3100 1
3100 4482 1
4482 2175 1
2175 5442 1
5442 6935 1
6935 3364 1
3364 8546 1
8546 2535 1
2535 478 1
478 8330 1
8330 9011 1
9011 9594 1
9594 10546 1
10546 1328 1
1328 9108 1
9108 2395 1
2395 5395 1
5395 2343 1
2343 3342 1
3342 10591 1
10591 7598 1
7598 271 1
271 8373 1
5678 2373 1
2373 3587 1
3587 1452 1
1452 7436 1
7436 10173 1
7154 8211 1
8211 8383 1
8383 7648 1
7648 5951 1
5951 681 1
681 4231 1
4231 8211 1
7156 7154 1
7154 1706 1
1706 9607 1
9607 5951 1
5951 6175 1
6175 10969 1
10969 9607 1
9607 3224 1
3224 5448 1
5448 9188 1
9188 8211 1
8211 3716 1
3716 6713 1
6713 910 1
910 3716 1
3716 9752 1
9752 9332 1
10842 601 1
601 8430 1
828 7398 1
2069 9752 1
9834 659 1
659 3894 1
3894 828 1
828 6163 1
6163 6713 1
3716 3894 1
3894 11026 1
11026 681 1
681 6599 1
6599 2676 1
2676 9752 1
9752 10365 1
10365 7519 1
7519 828 1
828 8843 1
10652 7156 1
910 8211 1
3716 5448 1
5448 2909 1
2909 2840 1
2840 9607 1
8458 5187 1
5187 7154 1
7154 3894 1
3894 8383 1
8383 1633 1
1633 6175 1
6175 9288 1
1706 9288 1
9288 2840 1
2840 1706 1
8211 2137 1
8211 6163 1
6163 7436 1
7436 5448 1
5448 8458 1
8458 6599 1
6599 10518 1
6599 7648 1
7648 6280 1
6280 6175 1
6175 8383 1
8383 601 1
9607 7648 1
7648 6175 1
5951 601 1
8458 2676 1
2676 601 1
601 2612 1
2612 9752 1
9752 9698 1
9698 2257 1
2257 4005 1
4005 10424 1
10424 7445 1
7445 609 1
7445 2257 1
10424 9752 1
9752 3894 1
9752 6713 1
6713 9834 1
9834 5232 1
5232 3894 1
3894 3904 1
3904 9701 1
9701 1814 1
1814 11166 1
1814 2637 1
2637 9701 1
9701 4554 1
4554 11166 1
11166 3904 1
1814 3904 1
7154 1633 1
3224 9196 1
828 1633 1
10969 4162 1
4162 7547 1
7547 8729 1
8729 2851 1
2851 9468 1
9468 8598 1
8598 1634 1
1634 8919 1
8919 5471 1
5471 5830 1
5830 9306 1
9306 10942 1
10942 5954 1
10942 954 1
954 304 1
304 1034 1
9658 7631 1
7631 5622 1
5622 3973 1
3973 7881 1
7881 1549 1
1549 5433 1
5433 9609 1
9609 6976 1
6976 3973 1
3973 4032 1
4032 7694 1
7694 10090 1
10090 3973 1
7881 9609 1
7881 8144 1
8144 9609 1
5433 5622 1
5433 4059 1
4059 8144 1
8144 410 1
410 10032 1
10032 10962 1
10032 67 1
67 10688 1
10688 298 1
298 6825 1
6825 3239 1
3239 3203 1
3203 4169 1
4169 3768 1
3768 5874 1
5874 469 1
5874 3203 1
3203 1425 1
1425 5874 1
3768 1425 1
3203 738 1
738 9654 1
9654 5410 1
5410 4108 1
5410 1524 1
1524 5086 1
5086 5873 1
5873 2267 1
2267 504 1
2267 3736 1
3736 8225 1
8225 502 1
8225 2569 1
2569 1653 1
1653 2056 1
2056 8416 1
8416 2569 1
2569 2056 1
2056 9610 1
9610 8416 1
8416 1340 1
1340 10050 1
10050 5298 1
5298 10662 1
10662 6386 1
6386 6121 1
6121 1659 1
1659 8149 1
8149 7921 1
7921 4213 1
4213 10154 1
10154 9980 1
9980 6904 1
6904 309 1
309 3192 1
309 3953 1
3953 8772 1
8772 5170 1
5170 4841 1
4841 327 1
327 9985 1
9985 9019 1
9019 1262 1
1262 1080 1
1080 7830 1
7830 10972 1
1080 3238 1
1080 9019 1
9019 907 1
907 327 1
9019 3431 1
9019 9281 1
9281 2539 1
2539 332 1
2539 7380 1
7380 9281 1
9281 3800 1
3800 10907 1
10907 9442 1
9442 1490 1
1490 10158 1
10158 5119 1
5119 9899 1
9899 2198 1
2198 10989 1
10989 2932 1
2932 5906 1
5906 5469 1
5469 8078 1
8078 2684 1
2684 7432 1
7432 8543 1
8543 3130 1
3130 5117 1
5117 7719 1
7719 6689 1
6689 10809 1
10809 10143 1
10143 1882 1
1882 4027 1
4027 1504 1
1504 5244 1
5244 6376 1
6376 8381 1
8381 6970 1
6970 5637 1
5637 7057 1
7057 10809 1
10809 2691 1
2691 2950 1
2950 9446 1
9446 2078 1
2078 3130 1
3130 1987 1
1987 5244 1
5244 1097 1
5244 8827 1
8827 2932 1
2932 6803 1
6803 2078 1
2078 10809 1
10809 10007 1
10809 3809 1
3809 3344 1
3344 606 1
606 10529 1
10529 10551 1
10551 4104 1
4104 2568 1
2568 11006 1
11006 7945 1
7945 6712 1
6712 10022 1
10022 3326 1
3326 5255 1
3326 8712 1
8712 5048 1
5048 2505 1
2505 3523 1
3523 10723 1
10723 74 1
74 233 1
233 9594 1
9594 1806 1
1806 7359 1
7359 1026 1
1026 900 1
900 8075 1
8075 6956 1
8075 6605 1
6605 904 1
904 114 1
114 3310 1
114 1358 1
1358 10193 1
10193 4430 1
4430 9298 1
9298 4809 1
9298 2661 1
2661 3452 1
3452 7044 1
7044 3712 1
3712 7166 1
7166 3452 1
3452 4404 1
4404 6432 1
6432 1151 1
1151 6795 1
6795 1836 1
1836 8013 1
8013 9886 1
9886 4212 1
4212 3692 1
3692 1088 1
1088 8188 1
8188 2880 1
2880 9033 1
9033 7066 1
7066 11132 1
11132 2402 1
2402 2121 1
2121 7371 1
7371 3945 1
3945 3064 1
3064 8603 1
8603 7239 1
7239 10588 1
10588 5593 1
5593 2792 1
2792 6863 1
6863 6058 1
6058 2289 1
2289 3611 1
3611 6529 1
6529 2162 1
2162 2970 1
2970 9218 1
9218 3022 1
3022 180 1
180 1629 1
1629 1664 1
1664 5597 1
5597 8153 1
8153 2788 1
2788 4954 1
4954 8719 1
8719 3678 1
3678 7023 1
7023 2112 1
2112 10551 1
10551 756 1
756 10343 1
10343 6894 1
6894 4060 1
4060 6563 1
6563 10588 1
10588 8759 1
8759 4747 1
4747 4661 1
4661 10004 1
10004 7920 1
7920 497 1
497 6019 1
6019 5597 1
5597 3409 1
3409 606 1
606 818 1
818 10723 1
10723 4135 1
4135 7992 1
7992 11132 1
11132 9594 1
9594 8779 1
8779 6099 1
6099 7159 1
7159 4357 1
4357 8274 1
8274 9545 1
9545 6099 1
6099 2121 1
2121 8755 1
8755 1629 1
1629 6923 1
6923 2958 1
2958 5503 1
5503 3971 1
3971 5241 1
5241 10804 1
10804 7505 1
7505 6549 1
6549 3301 1
3301 9146 1
9146 2571 1
2571 10529 1
10529 3397 1
3397 606 1
606 8565 1
8565 9008 1
9008 6491 1
6491 3560 1
3560 10792 1
10792 3234 1
3234 3317 1
3317 7963 1
7963 2532 1
2532 10873 1
10873 830 1
830 4291 1
4291 2729 1
2729 2066 1
2066 4930 1
4930 2015 1
2015 11036 1
11036 1818 1
1818 1096 1
1096 8858 1
8858 2492 1
2492 10869 1
10869 8282 1
8282 4480 1
4480 2851 1
9131 8848 1
8848 3806 1
8848 3617 1
3617 7134 1
7134 7349 1
7134 6379 1
6379 3461 1
3461 7483 1
7483 8118 1
8118 8590 1
8590 11065 1
11065 7497 1
7497 2389 1
2389 8449 1
8449 1176 1
1176 4699 1
4699 7043 1
7043 7394 1
7394 6323 1
6323 7043 1
7394 4699 1
4699 5625 1
5625 1176 1
1176 2076 1
1176 5835 1
5835 10091 1
10091 9541 1
9541 8118 1
8118 5452 1
5452 887 1
887 4610 1
4610 7968 1
7968 5858 1
5858 9640 1
9640 6917 1
6917 5277 1
5277 1802 1
1802 1892 1
1892 941 1
941 3301 1
3301 3772 1
3772 6923 1
6923 7963 1
7963 7279 1
6923 9356 1
9356 6786 1
6786 5453 1
5453 11163 1
11163 9438 1
9438 10886 1
10886 5611 1
5611 7768 1
7768 678 1
678 4877 1
4877 2979 1
2979 606 1
606 7239 1
7239 8316 1
8316 1674 1
1674 8335 1
8335 5127 1
8335 3611 1
3611 10886 1
10886 10318 1
10318 8418 1
10318 3062 1
3062 1130 1
1130 4061 1
4061 7091 1
7091 319 1
319 2734 1
2734 2447 1
2447 2112 1
2112 3397 1
3397 7676 1
7676 3778 1
3778 8153 1
8153 3397 1
7159 4104 1
4104 2044 1
2044 3409 1
3409 9141 1
9141 6525 1
6525 1564 1
1564 4482 1
4482 9147 1
9147 7682 1
7682 6836 1
6836 10616 1
10616 7023 1
7023 6910 1
6910 8736 1
8736 2121 1
2121 2936 1
2936 9577 1
9577 7359 1
7359 10529 1
10529 537 1
537 5792 1
5792 7031 1
7031 9473 1
9473 9400 1
9400 5374 1
5374 6139 1
6139 1664 1
1664 8755 1
8755 9278 1
9278 4766 1
4766 3834 1
4766 5439 1
5439 9473 1
9473 3788 1
3788 1717 1
1717 5910 1
5910 3401 1
3401 8992 1
8992 8754 1
8754 4069 1
4069 547 1
547 5684 1
5684 10813 1
10813 1378 1
10813 8140 1
10813 9148 1
9148 3979 1
3979 8014 1
4971 9740 1
9740 11070 1
11070 3922 1
3922 5772 1
5772 319 1
319 2979 1
2979 6910 1
6910 2970 1
2970 7754 1
7754 709 1
709 398 1
398 10974 1
10974 6653 1
6653 9387 1
9387 4298 1
4298 3317 1
3317 2970 1
2970 3574 1
3574 10041 1
10041 2505 1
2505 6648 1
6648 7843 1
7843 2880 1
2880 4018 1
4018 8730 1
8730 9296 1
9296 2505 1
2505 9939 1
9939 3409 1
3409 3317 1
3317 5318 1
5318 9733 1
9733 2854 1
2854 2198 1
2198 6892 1
6892 233 1
233 5163 1
5163 980 1
980 4199 1
4199 8330 1
8330 7676 1
7676 4877 1
4877 1564 1
1564 437 1
437 8716 1
8716 5241 1
5241 3644 1
3644 8603 1
8603 5241 1
5241 678 1
678 4264 1
4264 3772 1
3772 9218 1
9218 8187 1
8187 2281 1
2281 6194 1
6194 7031 1
7031 2936 1
2936 5395 1
5395 8802 1
8802 2381 1
2381 583 1
583 85 1
85 5574 1
5574 3100 1
3100 2020 1
2020 6737 1
6737 7072 1
7072 4871 1
4871 3812 1
3812 4730 1
4730 6327 1
6327 2536 1
2536 9662 1
9662 1904 1
1904 3267 1
3267 452 1
452 3478 1
3478 2795 1
2795 9441 1
9441 4776 1
4776 3100 1
3100 5611 1
5611 6722 1
6722 11170 1
11170 10874 1
10874 3060 1
3060 4862 1
4862 10123 1
10123 6099 1
6099 3317 1
3317 1025 1
1025 8401 1
8401 3317 1
3317 8215 1
8215 3017 1
3017 7768 1
7768 232 1
232 10318 1
10318 2381 1
2381 4477 1
4477 8716 1
8716 11132 1
11132 4000 1
4000 1681 1
1681 4747 1
4747 180 1
180 6059 1
6059 10287 1
10287 5355 1
5355 319 1
319 2262 1
2262 5374 1
5374 2979 1
2979 4061 1
4061 8187 1
8187 2402 1
2402 9939 1
9939 7371 1
7371 8345 1
8345 5559 1
5559 5246 1
5246 8358 1
8358 6234 1
6234 5850 1
5850 8769 1
8769 9890 1
9890 8066 1
8066 5349 1
5349 6168 1
5349 4793 1
4793 3747 1
3747 1406 1
1406 11173 1
11173 10143 1
10143 7057 1
7057 4960 1
4960 2760 1
2760 1406 1
1406 9823 1
9823 3747 1
3747 10073 1
10073 4142 1
4142 3597 1
3597 4019 1
4019 4149 1
4149 2223 1
2223 3344 1
3344 6910 1
6910 5921 1
6910 9278 1
9278 5881 1
5881 5053 1
5053 3234 1
3234 8282 1
8282 6549 1
6549 7379 1
7379 2854 1
2854 1785 1
1785 10172 1
10172 1210 1
1210 1806 1
1806 233 1
233 5616 1
5616 7359 1
7359 176 1
176 8079 1
8079 10654 1
10654 7228 1
7228 1836 1
1836 9235 1
9235 5899 1
5899 7708 1
7708 7288 1
7288 3062 1
3062 3945 1
3945 11006 1
11006 4349 1
4349 5964 1
5964 3993 1
3993 10588 1
10588 5574 1
5574 8907 1
8907 4649 1
4649 808 1
808 1211 1
1211 6565 1
6565 10317 1
10317 4610 1
4610 4115 1
4115 4297 1
4297 2121 1
2121 7945 1
7945 10235 1
10235 5337 1
5337 4540 1
4540 311 1
5337 5451 1
5451 8484 1
8484 10528 1
10528 4941 1
4941 4230 1
4230 5244 1
5244 5668 1
5668 11173 1
11173 411 1
411 1097 1
1097 161 1
161 4672 1
4672 3410 1
3410 4382 1
4382 3397 1
3397 1681 1
1681 4941 1
4941 2571 1
2571 6549 1
6549 8374 1
8374 232 1
232 1959 1
1959 68 1
68 3118 1
3118 1443 1
1443 1746 1
1746 335 1
335 10882 1
10882 1806 1
1806 1208 1
1208 5295 1
5295 3993 1
3993 4000 1
4000 8998 1
8998 10673 1
10673 7253 1
7253 295 1
7359 10004 1
10004 7768 1
7768 3678 1
3678 2238 1
2238 4238 1
4238 7159 1
7159 6737 1
6737 5512 1
5512 8103 1
8103 7563 1
7563 5512 1
5512 10824 1
10824 557 1
557 4694 1
4694 10824 1
10824 6930 1
6930 412 1
412 7000 1
7000 7147 1
7147 3342 1
3342 9887 1
9887 10850 1
10850 4128 1
4128 7598 1
271 10540 1
10540 7106 1
7106 7603 1
7603 6601 1
6601 2555 1
2555 9579 1
2555 10234 1
10234 912 1
912 4688 1
912 2221 1
2221 10983 1
10983 7352 1
7352 2762 1
2762 6821 1
6821 2831 1
2831 11173 1
11173 8827 1
8827 411 1
411 7546 1
7546 5637 1
5637 10073 1
10073 4108 1
4108 10158 1
10158 4474 1
4474 6059 1
6059 2262 1
2262 4747 1
4747 4480 1
4480 6563 1
6563 10343 1
10343 8719 1
8719 6935 1
6935 10691 1
6935 1959 1
1959 4941 1
4941 3772 1
3772 10588 1
10588 1801 1
1801 3957 1
3957 542 1
542 10287 1
10287 5439 1
5439 7484 1
7484 10804 1
10804 10343 1
10343 1564 1
1564 5971 1
5971 6722 1
6722 2571 1
2571 1785 1
1785 10551 1
10551 4629 1
4629 1443 1
1746 317 1
317 1103 1
1103 2722 1
2722 3653 1
3653 4866 1
4866 5696 1
5696 4670 1
5696 8973 1
8973 7824 1
7824 2657 1
2657 4242 1
4242 4766 1
4766 10022 1
10022 4672 1
4672 2379 1
2379 5441 1
5441 9693 1
9693 3300 1
3300 9416 1
9416 2100 1
2100 839 1
839 4233 1
4233 4784 1
4233 9392 1
4233 3854 1
3854 2799 1
2799 3180 1
3180 4055 1
4055 1234 1
1234 9259 1
9259 10412 1
10412 9564 1
9564 705 1
705 9259 1
9259 3239 1
3239 738 1
738 3776 1
3776 4770 1
4770 817 1
817 7778 1
7778 618 1
618 3203 1
3203 6026 1
6026 738 1
738 5086 1
5086 891 1
891 738 1
3776 3203 1
3203 2296 1
2296 7778 1
618 2296 1
2296 9174 1
9174 6825 1
6892 2794 1
2794 6003 1
6003 9441 1
9441 1069 1
1069 6003 1
6003 5819 1
5819 9356 1
9356 6353 1
6353 10886 1
10886 9545 1
6099 3097 1
3097 296 1
296 5490 1
5490 2063 1
2063 5609 1
2063 10379 1
10379 5609 1
5609 8624 1
8624 4215 1
4215 4298 1
4298 8239 1
8239 4082 1
4082 3022 1
3022 2192 1
2192 4477 1
4477 1535 1
1535 9756 1
9756 11033 1
11033 9527 1
11033 3189 1
3189 1379 1
3189 1934 1
1934 6146 1
6146 2674 1
2674 9124 1
9124 165 1
165 7287 1
7287 9124 1
9124 1488 1
1488 5671 1
5671 10077 1
10077 7041 1
7041 6011 1
6011 9914 1
6011 10184 1
7041 10304 1
10304 9349 1
9349 6076 1
6076 9876 1
9876 8041 1
8041 6836 1
6836 42 1
42 6529 1
4149 5926 1
5926 5241 1
5241 6722 1
6722 437 1
437 6391 1
6391 2071 1
2071 9873 1
9873 482 1
482 4862 1
4862 5569 1
5569 232 1
232 2946 1
2946 3523 1
3523 899 1
899 50 1
50 11132 1
2402 10588 1
10588 5318 1
5318 8523 1
8523 9165 1
9165 2880 1
2880 10487 1
10487 10725 1
10487 9011 1
9011 2819 1
2819 7379 1
7379 5355 1
5355 4464 1
4464 7867 1
7867 756 1
756 7695 1
7695 3778 1
3778 818 1
818 4297 1
4297 7530 1
7530 895 1
895 4677 1
895 4914 1
4914 4518 1
4518 8343 1
8343 6894 1
6894 8229 1
8229 4000 1
4000 8316 1
8316 1785 1
10172 4629 1
4629 5593 1
5593 2395 1
9108 6642 1
6642 8269 1
8269 10091 1
10091 5586 1
5586 240 1
240 1 1
1 1095 1
1 4534 1
4534 7867 1
7867 6019 1
6019 6391 1
6391 482 1
482 9681 1
9681 3858 1
3858 9998 1
9998 6329 1
6329 10292 1
10292 3303 1
3303 4145 1
4145 3722 1
3722 4980 1
4980 4156 1
4156 10534 1
10534 1510 1
1510 1470 1
1470 8331 1
8331 5591 1
5591 1470 1
1470 10250 1
10250 8402 1
8402 4812 1
4812 277 1
8402 2312 1
2312 5778 1
2312 4241 1
4241 9225 1
9225 6578 1
6578 5386 1
5386 1379 1
1379 9225 1
4241 4587 1
4587 2646 1
2646 3468 1
3468 10226 1
10226 6587 1
6587 8204 1
8204 1057 1
1057 10806 1
10806 10226 1
10806 10740 1
10740 3468 1
3468 2953 1
3468 1057 1
1057 696 1
696 5661 1
5661 959 1
959 10008 1
10008 6900 1
6900 10806 1
1057 3765 1
3765 9016 1
9016 9368 1
9368 8477 1
9368 8664 1
8664 959 1
959 8204 1
8204 7924 1
8204 2953 1
2953 1057 1
1057 6128 1
6128 2953 1
2953 2314 1
2314 9195 1
2314 10740 1
10740 1057 1
1057 419 1
419 2219 1
2219 8157 1
8157 8373 1
8373 9191 1
9191 6401 1
8373 6934 1
6934 8157 1
8157 3724 1
3724 2373 1
2373 6757 1
2373 2650 1
2650 854 1
854 3587 1
3587 2405 1
2405 5093 1
5093 3755 1
3755 3764 1
3764 1114 1
1114 7001 1
7001 9319 1
9319 1948 1
9319 6894 1
10343 8755 1
8755 6923 1
6923 5442 1
5442 6383 1
6383 11007 1
11007 7720 1
7720 11052 1
11052 853 1
853 6255 1
6255 532 1
532 2175 1
2175 240 1
240 10964 1
240 976 1
976 5241 1
5241 8345 1
8345 4060 1
4060 9473 1
9473 9011 1
9011 10504 1
10504 32 1
32 2658 1
2658 7920 1
7920 8871 1
8871 3042 1
3042 629 1
629 3523 1
3523 4061 1
4061 6286 1
6286 4661 1
4661 1130 1
1130 4477 1
4477 9939 1
9939 6059 1
9939 4793 1
4793 6902 1
6902 3747 1
3747 2223 1
2223 5117 1
5117 2691 1
2691 3478 1
3478 398 1
398 7754 1
4937 4919 1
4919 3747 1
3747 7370 1
7370 7400 1
7400 8912 1
8912 8274 1
8274 7582 1
7582 2508 1
2508 482 1
9681 2737 1
2737 5569 1
6239 8303 1
8303 440 1
440 7433 1
7433 382 1
382 2891 1
2891 5697 1
5697 5634 1
5634 7972 1
7972 7637 1
7637 865 1
865 7399 1
7399 8073 1
8073 8226 1
8226 3276 1
3276 1412 1
1412 8506 1
8506 2792 1
2792 9033 1
9033 3397 1
3397 4239 1
4239 1944 1
1944 8316 1
8316 8523 1
8523 2381 1
2381 756 1
756 8802 1
8802 6491 1
6491 2880 1
2880 3858 1
3858 9873 1
9873 10609 1
10609 8303 1
8303 4862 1
4862 7582 1
7582 8470 1
8470 9873 1
9873 4829 1
4829 3993 1
3993 1801 1
1801 8274 1
8274 1959 1
1959 6329 1
6329 6056 1
6056 4255 1
4255 8064 1
8064 10000 1
10000 6367 1
6367 11054 1
11054 4298 1
4298 455 1
455 10547 1
10547 4865 1
4865 4069 1
4069 7922 1
7922 10263 1
10263 4998 1
4998 9422 1
9422 2466 1
2466 10263 1
10263 5798 1
5798 9422 1
9422 6787 1
6787 9387 1
9387 2275 1
2275 2970 1
2970 8188 1
8188 4087 1
4087 4148 1
4148 10723 1
10723 3945 1
3945 3409 1
3409 7064 1
7064 7159 1
7159 4954 1
4954 8401 1
8401 6991 1
6991 5458 1
5458 4631 1
4631 1130 1
1130 4563 1
4563 8233 1
8233 2979 1
2979 7023 1
7023 1664 1
1664 7064 1
7064 3517 1
3517 6383 1
6383 5246 1
5246 3067 1
3067 9275 1
9275 7308 1
10954 2140 1
2140 6640 1
2140 1523 1
1523 1786 1
1786 3263 1
3263 6894 1
6894 7023 1
7023 6712 1
6712 9427 1
9427 2262 1
2262 5881 1
5881 7676 1
7505 6712 1
6712 2936 1
2936 8871 1
2936 8755 1
8755 85 1
85 678 1
678 7945 1
7945 9427 1
9427 7211 1
7211 8470 1
8470 3100 1
3100 899 1
899 8833 1
8833 9184 1
9184 11094 1
11094 3275 1
3275 3572 1
3572 9218 1
9218 6935 1
6935 5154 1
5154 6815 1
6815 1365 1
1365 8239 1
8239 421 1
8239 370 1
370 9794 1
9794 954 1
954 5946 1
5946 6355 1
6355 1668 1
1668 6552 1
7885 3457 1
3457 3346 1
3346 2601 1
2601 7464 1
7464 5946 1
5946 8778 1
8778 2058 1
2058 4149 1
4149 10397 1
10397 9405 1
9405 2691 1
2691 2545 1
2545 9899 1
9899 6192 1
6192 4917 1
4917 9899 1
9899 5326 1
5326 7746 1
7746 7754 1
7754 10158 1
10158 7193 1
7193 7876 1
7876 6708 1
18 7047 1
7047 2081 1
2081 2354 1
2354 42 1
42 312 1
312 1873 1
1873 1681 1
1681 8153 1
8153 5395 1
5395 3309 1
3309 2532 1
2532 10123 1
10123 3945 1
3945 10777 1
10777 2734 1
2734 2272 1
2272 6737 1
6737 10964 1
10964 7229 1
6391 8335 1
8335 9600 1
9600 2359 1
2359 2237 1
2237 3969 1
3969 4212 1
4212 3244 1
3244 4658 1
4658 8708 1
8708 8013 1
8013 982 1
982 2880 1
2880 10292 1
10292 357 1
357 10004 1
10004 6563 1
6563 606 1
606 6286 1
6286 2970 1
2970 9605 1
9605 5574 1
5574 3945 1
3945 5340 1
5340 9141 1
9141 9142 1
9142 6059 1
6059 7371 1
7371 4264 1
4264 2958 1
2958 6595 1
6595 4477 1
4477 7505 1
7505 3317 1
3317 8274 1
8274 3572 1
3572 2819 1
2819 5442 1
5442 8719 1
8719 3317 1
3317 5133 1
5133 3344 1
3344 756 1
756 6572 1
6572 3227 1
3227 6563 1
6563 4104 1
4104 9545 1
9545 1664 1
1664 6935 1
6935 2445 1
2445 3473 1
3473 7074 1
7074 295 1
295 10948 1
10948 9577 1
9577 4483 1
4483 4357 1
4357 3227 1
3227 10777 1
10777 6097 1
6097 497 1
497 629 1
629 4060 1
4060 5503 1
5503 5439 1
5439 8719 1
8719 3957 1
3957 2854 1
2854 8961 1
8961 7023 1
7023 6737 1
6737 6327 1
6327 3237 1
3237 240 1
240 2848 1
2848 5241 1
3971 8255 1
8255 2877 1
2877 2162 1
2162 3644 1
3644 5053 1
5053 5442 1
5442 8385 1
8385 6459 1
6459 3115 1
3115 8730 1
8730 8506 1
8506 8274 1
8274 8755 1
8755 7867 1
7867 319 1
319 1664 1
1664 2946 1
2946 5355 1
5355 4474 1
4474 941 1
941 6391 1
6391 9438 1
9438 8285 1
8285 6708 1
6708 5458 1
5458 9356 1
9356 4351 1
4351 7193 1
7193 42 1
42 3858 1
3858 2071 1
2071 5971 1
5971 10434 1
10434 9605 1
9605 10834 1
10834 1549 1
1549 703 1
703 6092 1
6092 1549 1
703 5007 1
5007 10047 1
10047 5321 1
5321 6578 1
6578 1379 1
1379 4240 1
4240 6788 1
4240 78 1
78 7494 1
7494 10620 1
10620 2409 1
10620 4732 1
4732 3530 1
4732 9995 1
9995 8450 1
8450 6801 1
6801 9995 1
9995 2431 1
9995 4689 1
9995 7924 1
7924 7929 1
7929 3316 1
3316 4870 1
4870 9785 1
4870 1746 1
1746 4448 1
1746 8666 1
8666 3572 1
3572 3181 1
3181 10129 1
10129 2301 1
2301 10062 1
10062 7754 1
7754 8364 1
8364 5169 1
5169 2860 1
2860 18 1
18 9223 1
9223 8341 1
8341 4871 1
4871 5884 1
5884 7047 1
7047 8935 1
8935 1381 1
1381 3373 1
3373 6350 1
6350 10142 1
10142 11186 1
10142 2993 1
2993 8933 1
8933 5822 1
8933 9126 1
9126 6319 1
6319 2677 1
2677 8933 1
2993 3094 1
3094 11068 1
11068 6981 1
6981 1357 1
1357 6902 1
6902 3416 1
3416 593 1
3416 2267 1
504 5410 1
5410 5740 1
5740 1524 1
5086 5698 1
5698 3736 1
3736 5873 1
2267 2326 1
2326 5740 1
5740 11117 1
11117 2326 1
5740 8979 1
8979 8040 1
8040 6001 1
6001 5410 1
6001 5086 1
5086 4519 1
4519 8225 1
8225 1653 1
9610 1653 1
4519 9264 1
9264 8225 1
8225 5698 1
5698 1524 1
1524 9034 1
9034 5416 1
5416 7176 1
7176 6160 1
6160 2280 1
2280 10752 1
2280 8918 1
2280 10675 1
10675 2062 1
10675 10198 1
10198 8400 1
8400 10894 1
10894 6668 1
6668 7290 1
7290 263 1
263 5838 1
5838 9643 1
9643 8088 1
8088 3721 1
3721 3841 1
3721 10198 1
10198 10782 1
10782 2846 1
2846 5230 1
5230 11 1
11 1418 1
1418 7354 1
7354 5241 1
5241 624 1
5241 5974 1
5974 8546 1
8546 8269 1
8269 5204 1
5204 4583 1
4583 9264 1
9264 6374 1
6374 8546 1
8546 5016 1
5016 10266 1
10266 2395 1
2395 11019 1
11019 6238 1
6238 4298 1
4298 7505 1
7505 7371 1
7371 3062 1
3062 6500 1
6500 9169 1
9169 6118 1
6118 2162 1
2162 7411 1
7411 5437 1
5437 1186 1
1186 6118 1
6118 2461 1
2461 7977 1
7977 1208 1
1208 6500 1
6500 1634 1
1634 9025 1
9025 7705 1
7705 543 1
7705 2695 1
2695 10397 1
10397 5169 1
5169 7231 1
7231 452 1
452 10397 1
10397 10318 1
10318 2447 1
2447 6525 1
6525 3227 1
3227 5395 1
5395 10807 1
10807 3397 1
3397 2854 1
2854 4061 1
4061 9939 1
9939 11006 1
11006 9400 1
9400 2262 1
2262 264 1
264 1801 1
1801 7676 1
7676 4474 1
4474 10777 1
10777 9303 1
10777 2243 1
2243 4483 1
4483 9427 1
6712 7091 1
7091 2734 1
2734 4954 1
4954 3234 1
3234 3326 1
3326 2262 1
2262 3993 1
3993 4115 1
4115 6563 1
6563 85 1
85 357 1
357 319 1
319 8523 1
8523 8233 1
8233 8802 1
8802 10318 1
10318 5597 1
5597 2238 1
2238 1958 1
1958 6890 1
6890 3858 1
3858 6329 1
6329 1061 1
1061 761 1
761 4849 1
4849 6504 1
6504 10667 1
10667 5865 1
5865 10921 1
10921 10364 1
10364 8916 1
8916 7944 1
7944 4513 1
4513 4160 1
4513 10000 1
6367 6504 1
6504 10126 1
10126 10921 1
10921 8120 1
8120 10364 1
10364 8064 1
8064 4682 1
4682 4255 1
4255 1659 1
1659 2929 1
2929 6473 1
6473 8149 1
7921 8362 1
8362 5763 1
8362 9811 1
9811 7803 1
7803 11138 1
11138 8362 1
8362 8149 1
8149 4213 1
4213 1234 1
1234 9097 1
9097 1659 1
1659 4059 1
4059 9898 1
4059 2693 1
2693 1890 1
2693 11164 1
11164 6617 1
6617 10553 1
10553 9340 1
9340 9799 1
9799 6551 1
6551 9180 1
9180 1199 1
1199 9796 1
9796 672 1
9796 7754 1
7754 5978 1
5978 3111 1
3111 1727 1
1727 582 1
582 1986 1
1986 10985 1
10985 5360 1
5360 3111 1
3111 7857 1
7857 10525 1
10525 10091 1
8269 3241 1
3241 3017 1
3017 6099 1
6099 3062 1
3062 6918 1
6918 357 1
357 4892 1
4892 10123 1
10123 5569 1
5569 319 1
319 1745 1
319 3574 1
3574 8303 1
8303 7091 1
7091 2568 1
2568 9015 1
9015 9873 1
9873 9164 1
9164 6489 1
6489 707 1
707 9441 1
9441 7754 1
7754 452 1
452 5336 1
5336 3215 1
3215 8002 1
8002 9204 1
9204 2401 1
2401 11068 1
11068 4960 1
4960 6137 1
6137 8543 1
7994 2762 1
2762 5010 1
5010 1556 1
1556 5230 1
5230 11007 1
11007 5091 1
5091 4253 1
4253 4353 1
4353 4952 1
4952 5010 1
5010 2755 1
5010 8604 1
8604 9956 1
9956 8107 1
8107 1656 1
1656 4247 1
4247 11177 1
11177 6379 1
11177 7970 1
7970 9337 1
9337 2910 1
2910 9471 1
9471 6535 1
6535 2144 1
2144 10568 1
10568 6201 1
6201 3809 1
3809 6803 1
6803 3344 1
3344 9446 1
9446 5451 1
5451 4540 1
4540 117 1
5337 5696 1
5696 8028 1
8028 4937 1
4937 2227 1
2227 9278 1
9278 6061 1
6061 2243 1
2243 10792 1
10792 5574 1
5574 10777 1
10777 7371 1
7371 8506 1
8506 10179 1
10179 8565 1
8565 2734 1
2734 6770 1
6770 4774 1
4774 9870 1
9870 720 1
720 7945 1
7945 9369 1
9369 5970 1
5970 8871 1
8871 2121 1
2121 6910 1
6910 5053 1
5053 6097 1
6097 10807 1
10807 384 1
384 9841 1
384 4031 1
4031 6158 1
6158 6419 1
6419 384 1
384 8345 1
8345 7945 1
7945 7400 1
8912 2943 1
2943 2162 1
2162 9100 1
9100 3218 1
3218 6563 1
6563 6722 1
6722 8274 1
8274 9218 1
9218 6391 1
6391 7963 1
7963 7064 1
7064 2344 1
2344 3175 1
3175 6093 1
6093 5819 1
5819 4351 1
4351 5884 1
5884 8516 1
8516 7228 1
7228 806 1
806 9356 1
9356 2854 1
2854 3945 1
3945 2044 1
2044 10777 1
10777 5161 1
5161 9733 1
9733 5708 1
5708 2162 1
2162 3788 1
3788 7379 1
7379 4104 1
4104 8233 1
8233 4477 1
4477 9733 1
9733 718 1
718 5708 1
5708 7660 1
7660 8187 1
8187 3234 1
3234 7530 1
3317 6036 1
6036 5884 1
5884 4104 1
4104 10287 1
10287 1681 1
1681 10022 1
10022 6770 1
6770 3678 1
3678 7052 1
7052 8734 1
8734 4472 1
4472 4135 1
4135 264 1
264 9278 1
9278 2979 1
2979 8374 1
8374 8345 1
8345 10777 1
10777 4954 1
4954 3813 1
3813 5441 1
5441 3393 1
3393 8160 1
8160 5774 1
5774 5225 1
5225 4978 1
5225 5451 1
5451 4941 1
4941 1987 1
1987 4142 1
4142 7352 1
2762 8543 1
8543 1482 1
1482 2760 1
2760 4777 1
2760 5668 1
5668 8827 1
8827 7432 1
7432 2831 1
2831 9731 1
9731 8827 1
8827 1248 1
1248 2932 1
2932 10809 1
10809 6432 1
6432 11130 1
11130 8938 1
8938 10143 1
10143 4956 1
4956 5638 1
5638 4354 1
5638 4933 1
4933 628 1
4933 3300 1
3300 6118 1
6118 54 1
54 3751 1
3751 3931 1
3931 144 1
144 1351 1
1351 7283 1
7283 3295 1
3295 9209 1
9209 7283 1
7283 9459 1
9459 2008 1
2008 3623 1
3623 4543 1
4543 6696 1
6696 5241 1
5241 3945 1
3945 5792 1
5792 1959 1
1959 6525 1
6525 4892 1
4892 5969 1
5969 2192 1
2192 10041 1
10041 4264 1
4264 941 1
941 2658 1
2658 3227 1
3227 982 1
982 9011 1
9011 1210 1
1210 7494 1
7494 433 1
433 11129 1
11129 3170 1
3170 7843 1
7843 1785 1
1785 1806 1
1806 264 1
3572 5010 1
5010 2996 1
2996 3002 1
2996 4353 1
4253 4938 1
4253 2877 1
2877 5899 1
5899 7177 1
7177 1097 1
1097 4149 1
4149 2260 1
2260 3597 1
3597 4818 1
4818 8552 1
8552 4457 1
4457 6836 1
6836 1616 1
1616 2237 1
2237 9228 1
9228 4487 1
4487 7121 1
7121 10416 1
7121 5968 1
5968 9923 1
9923 4291 1
4291 3572 1
3572 9923 1
9923 9980 1
9980 4213 1
8149 1234 1
1234 1131 1
1131 10331 1
1131 2441 1
2441 6167 1
6167 3980 1
3980 4659 1
4659 6167 1
3980 1473 1
1473 1659 1
1659 4346 1
4346 6734 1
6734 8004 1
8004 7186 1
7186 3016 1
3016 5212 1
5212 5539 1
5212 9092 1
9092 11114 1
11114 10105 1
11114 10234 1
10234 10882 1
10882 1640 1
1640 8767 1
8767 830 1
830 6737 1
1540 7758 1
7758 2192 1
2192 8153 1
8153 6712 1
6712 2505 1
2505 357 1
357 6411 1
6411 7702 1
7702 4349 1
4349 3362 1
3362 5964 1
5964 8187 1
8187 1515 1
1515 5968 1
5968 6257 1
6257 8160 1
8160 6374 1
6374 1407 1
1407 9572 1
9572 5437 1
5437 9468 1
9468 2573 1
2573 1250 1
1250 10329 1
10329 5914 1
5914 10938 1
10938 7120 1
7120 1767 1
1767 4033 1
4033 10329 1
10329 6977 1
6977 5724 1
5724 1570 1
1570 1169 1
1169 9468 1
1250 299 1
299 10890 1
10890 6220 1
6220 2749 1
2749 4277 1
4277 1288 1
1288 6060 1
6060 6279 1
6060 3664 1
3664 6279 1
6279 620 1
