5166 8042 1
8042 850 1
850 7650 1
7650 7497 1
7497 7102 1
7102 4310 1
7102 3352 1
3352 5907 1
5907 887 1
887 5293 1
5293 1341 1
1341 6328 1
6328 7229 1
6328 6099 1
6099 10726 1
10726 3344 1
3344 7695 1
7695 2505 1
2505 6642 1
6642 8546 1
8546 2175 1
2175 9147 1
9147 5246 1
5246 4149 1
4149 9823 1
9823 4648 1
4648 2058 1
2058 4757 1
4757 3344 1
3344 10777 1
10777 2281 1
2281 3064 1
3064 6935 1
6935 5441 1
5441 10690 1
5441 2192 1
2192 9939 1
9939 537 1
537 8229 1
8229 4238 1
4238 10588 1
10588 4766 1
4766 9523 1
9523 7618 1
7618 2880 1
2880 10020 1
10020 1208 1
1208 8330 1
8330 478 1
8330 2792 1
2792 10723 1
10723 3862 1
3862 6595 1
6595 10792 1
10792 9939 1
9939 2505 1
2505 4115 1
4115 3309 1
3309 8565 1
8565 6139 1
6139 6918 1
6918 3301 1
3301 8987 1
8987 7920 1
7920 8345 1
8345 9865 1
9865 8993 1
8993 4776 1
4776 1564 1
1564 2571 1
2571 9577 1
9577 4684 1
4684 10551 1
10551 7159 1
7159 10777 1
10777 1681 1
1681 3778 1
3778 4941 1
4941 2932 1
2932 4149 1
4149 3373 1
3373 4631 1
4631 2877 1
2877 6328 1
6328 5191 1
5191 853 1
853 2848 1
2848 5241 1
5241 6595 1
6595 5593 1
5593 2791 1
2791 3510 1
3510 1840 1
1840 5434 1
5434 10909 1
10909 7968 1
7968 8509 1
8509 8029 1
8029 1211 1
1211 6917 1
6917 1802 1
1802 3844 1
3844 10909 1
10909 6286 1
6286 258 1
258 5241 1
5241 180 1
180 4892 1
4892 6722 1
6722 9523 1
9523 10434 1
10434 7582 1
7582 7084 1
7084 5154 1
7084 899 1
899 6918 1
6918 1535 1
1535 2508 1
2508 6101 1
6101 4862 1
4862 9681 1
9681 2281 1
2281 4536 1
4536 9165 1
9165 4061 1
4061 9011 1
9011 2791 1
2791 3844 1
3844 10882 1
10882 9788 1
9788 5366 1
5366 6349 1
6349 6341 1
6341 4978 1
4978 10260 1
10260 6118 1
6118 1845 1
6118 7843 1
7843 6228 1
6228 6826 1
6826 9070 1
9070 9275 1
9275 10031 1
10031 9649 1
9649 10238 1
9649 11149 1
11149 1681 1
1681 4382 1
4382 6525 1
6525 8736 1
8736 3517 1
3517 2884 1
2884 5503 1
5503 8470 1
8470 9373 1
9373 629 1
629 4474 1
4474 8153 1
8153 7977 1
7977 6770 1
6770 9218 1
9218 6712 1
6712 4264 1
4264 1681 1
1681 4061 1
4061 9939 1
9939 3383 1
3383 7371 1
7371 6525 1
6525 7359 1
7359 6910 1
6910 8274 1
8274 360 1
360 281 1
281 718 1
718 7153 1
7153 8565 1
8565 3364 1
3364 10397 1
10397 2301 1
2301 8146 1
8146 3099 1
3099 3478 1
3478 1726 1
3478 6111 1
6111 4917 1
4917 359 1
359 2198 1
2198 8644 1
8644 709 1
709 10062 1
10062 3720 1
3720 2795 1
2795 1331 1
1331 5119 1
5119 10158 1
10158 8644 1
8644 7755 1
7755 9662 1
9662 10158 1
10158 6353 1
6353 4631 1
4631 9490 1
9490 5453 1
5453 2532 1
2532 5241 1
5241 50 1
50 3397 1
3397 6529 1
6529 8316 1
8316 6459 1
6459 7370 1
7370 10020 1
10020 6052 1
6052 9577 1
9577 8282 1
8282 9733 1
9733 8736 1
8736 6792 1
6792 5827 1
5827 3659 1
3659 8716 1
8716 2281 1
2281 5783 1
5783 4104 1
4104 10158 1
10158 10886 1
10886 9870 1
9870 9400 1
9400 8998 1
8998 6836 1
6836 5978 1
5978 10397 1
10397 7606 1
7606 8054 1
8054 9577 1
9577 6927 1
6927 5472 1
5472 965 1
965 3317 1
3317 1959 1
1959 8470 1
8470 9427 1
9427 1629 1
1629 1328 1
1328 6052 1
6052 7359 1
7359 11054 1
11054 4861 1
4861 982 1
982 5906 1
5906 1541 1
1541 5244 1
5244 1173 1
1173 4648 1
4648 3288 1
3288 5906 1
5906 3062 1
3062 10343 1
10343 4082 1
4082 1029 1
1029 7052 1
7052 4468 1
4468 8345 1
8345 10886 1
10886 8755 1
8755 9011 1
9011 1840 1
1840 8862 1
8862 5434 1
5434 5882 1
5882 5870 1
5870 4563 1
4563 11039 1
11039 5113 1
11039 6060 1
6060 2749 1
2749 3320 1
2749 7093 1
7093 10293 1
10293 2207 1
2207 2277 1
2277 6060 1
6060 9550 1
9550 9551 1
9551 1288 1
1288 4277 1
4277 3627 1
3627 2207 1
2207 4096 1
4096 4471 1
4471 6279 1
6279 2207 1
2207 759 1
759 10293 1
10293 105 1
105 1288 1
1288 2749 1
2749 3937 1
3937 4471 1
4471 9550 1
9550 799 1
799 1288 1
1288 6279 1
6279 7093 1
7093 620 1
620 4471 1
4471 6985 1
6985 7243 1
7243 105 1
105 3320 1
3320 7093 1
3320 8601 1
8601 3664 1
3664 799 1
799 6279 1
6279 6060 1
6060 7243 1
6060 4096 1
4096 6279 1
6279 4277 1
4277 10293 1
10293 8601 1
8601 759 1
759 6060 1
6060 6704 1
6704 720 1
720 5974 1
5974 10551 1
10551 8274 1
8274 2819 1
2819 583 1
583 437 1
437 9400 1
9400 4060 1
4060 7945 1
7945 7371 1
7371 6923 1
6923 1664 1
1664 3301 1
3301 982 1
982 5133 1
5133 2727 1
2727 3317 1
3317 281 1
281 3364 1
3364 4199 1
4199 8330 1
8330 8054 1
8054 7768 1
7768 8731 1
8731 8998 1
8998 555 1
555 1412 1
1412 7867 1
7867 8153 1
8153 8871 1
8871 4149 1
4149 4818 1
4818 10983 1
10983 10809 1
10809 3130 1
3130 4142 1
4142 8543 1
8543 3130 1
3130 6936 1
6936 6137 1
6137 3747 1
3747 10143 1
10143 8381 1
8381 1504 1
1504 1248 1
1248 3288 1
3288 5668 1
5668 9071 1
9071 8827 1
8827 6137 1
6137 161 1
161 10411 1
10411 4382 1
4382 7920 1
7920 483 1
483 2819 1
2819 10202 1
10202 1443 1
1443 3197 1
3197 6737 1
6737 606 1
606 3386 1
3386 3062 1
3062 2846 1
2846 10938 1
10938 7120 1
7120 5941 1
5941 6196 1
6196 1169 1
1169 1570 1
1570 10654 1
10654 7279 1
7279 2284 1
2284 7660 1
7660 10575 1
10575 7267 1
7267 7123 1
7123 667 1
667 9823 1
9823 10809 1
10809 3747 1
3747 2831 1
2831 7994 1
7994 6137 1
6137 5524 1
5524 1152 1
1152 1987 1
1987 2260 1
2260 9405 1
9405 9374 1
9374 411 1
411 5668 1
5668 7432 1
7432 4149 1
4149 5056 1
5056 2289 1
2289 623 1
623 7878 1
7878 2792 1
2792 4663 1
4663 7878 1
7878 10179 1
10179 1208 1
1208 2395 1
2395 5974 1
5974 6194 1
6194 3678 1
3678 4199 1
4199 2535 1
2535 718 1
718 7400 1
7400 7548 1
7548 2322 1
2322 2162 1
2162 7768 1
7768 357 1
357 2505 1
2505 8269 1
8269 3364 1
3364 1233 1
1233 3062 1
3062 5881 1
5881 4536 1
4536 6712 1
6712 8506 1
8506 3397 1
3397 6288 1
6288 233 1
233 4917 1
4917 9796 1
9796 6892 1
6892 3215 1
3215 3099 1
3099 6192 1
6192 233 1
233 3478 1
6111 5103 1
5103 5119 1
5119 2493 1
2493 709 1
709 2795 1
2795 8277 1
8277 4044 1
4044 5831 1
5831 10849 1
5831 1331 1
1331 8892 1
8892 397 1
397 8644 1
8644 5326 1
5326 1726 1
1726 233 1
233 4937 1
4937 6063 1
6063 3572 1
3572 5169 1
3572 584 1
584 9761 1
9761 9796 1
9796 7751 1
7751 10129 1
10129 8872 1
8872 2493 1
2493 2921 1
2921 8364 1
8364 397 1
397 7212 1
7212 2932 1
2932 1097 1
1097 10809 1
10809 7604 1
7604 4233 1
4233 10088 1
10088 11012 1
11012 1497 1
1497 10674 1
10674 5202 1
5202 4621 1
4621 1453 1
1453 9287 1
9287 1731 1
1731 1512 1
1512 10836 1
10836 11185 1
11185 5290 1
5290 10836 1
10836 1001 1
1001 10960 1
10960 872 1
872 10467 1
10467 8148 1
8148 8332 1
8148 2220 1
2220 3516 1
3516 4685 1
4685 2451 1
2451 9306 1
9306 4557 1
4557 8156 1
8156 11137 1
11137 1348 1
11137 5282 1
5282 6984 1
6984 9306 1
9306 3870 1
3870 10942 1
10942 10707 1
10707 9306 1
9306 8950 1
8950 9999 1
9999 10707 1
10707 954 1
954 9999 1
9999 3166 1
3166 426 1
426 1223 1
1223 2403 1
2403 7831 1
7831 4601 1
4601 4840 1
4840 1727 1
1727 3026 1
3026 2492 1
2492 1368 1
1368 7163 1
7163 2426 1
2426 8197 1
8197 2015 1
2015 10834 1
10834 7332 1
7332 9658 1
9658 5261 1
5261 1372 1
1372 1119 1
1119 9372 1
9372 304 1
304 8950 1
8950 10325 1
10325 7192 1
7192 10401 1
10401 6489 1
6489 7212 1
7212 3267 1
3267 233 1
233 8872 1
8872 3215 1
3215 2926 1
2926 3267 1
3267 452 1
452 7751 1
7751 10158 1
10158 3181 1
3181 5103 1
5103 8002 1
8002 11081 1
11081 398 1
398 10062 1
10062 4917 1
4917 7751 1
7751 707 1
707 2301 1
8146 709 1
709 3699 1
3699 2545 1
2545 10909 1
10909 808 1
808 4610 1
4610 1643 1
1643 8949 1
8949 6528 1
6528 5388 1
5388 9018 1
9018 4747 1
4747 719 1
719 887 1
887 7159 1
7159 7910 1
7910 11167 1
11167 3908 1
3908 4335 1
4335 6840 1
6840 9011 1
9011 3914 1
3914 1229 1
1229 7253 1
7253 3317 1
3317 9406 1
9406 2162 1
2162 11109 1
11109 4069 1
4069 6392 1
6392 3064 1
3064 3301 1
3301 357 1
357 8882 1
8882 5969 1
5969 9577 1
9577 10397 1
10397 7153 1
7153 6052 1
6052 3572 1
3572 7789 1
7789 8095 1
8095 9438 1
9438 7064 1
7064 1564 1
2571 3517 1
3517 1428 1
1428 5016 1
5016 10091 1
10091 10149 1
10149 830 1
830 1066 1
1066 5080 1
5080 3111 1
3111 7357 1
7357 2613 1
2613 6675 1
6675 4543 1
4543 2877 1
2877 4730 1
4730 2848 1
2848 2877 1
2877 10149 1
10149 6595 1
6595 10723 1
10723 5616 1
5616 4018 1
4018 6288 1
6288 8316 1
8316 9733 1
9733 3386 1
3386 8595 1
8595 2383 1
2383 6357 1
6357 8603 1
8603 8233 1
8233 3060 1
3060 8470 1
8470 9605 1
9605 5295 1
5295 5056 1
