6883 730 1
6883 8152 1
6883 2594 1
6883 2695 1
6883 3809 1
730 6883 1
730 3809 1
730 8303 1
730 1535 1
730 10123 1
3809 4230 1
3809 5117 1
3809 9731 1
3809 7123 1
3809 8152 1
2594 730 1
2594 5069 1
2594 3809 1
2594 6883 1
2594 2695 1
2695 6883 1
2695 3809 1
2695 3092 1
2695 6109 1
2695 10809 1
8152 730 1
8152 6042 1
8152 6829 1
8152 2594 1
8152 2695 1
3092 3767 1
3092 6838 1
3092 8194 1
3092 9446 1
3092 11068 1
9731 5244 1
9731 4019 1
9731 4027 1
9731 1482 1
9731 6821 1
5117 7432 1
5117 4019 1
5117 4027 1
5117 1482 1
5117 8484 1
10809 10073 1
10809 10007 1
10809 3344 1
10809 9731 1
10809 5668 1
5069 2594 1
5069 3809 1
5069 2695 1
8303 5569 1
8303 4104 1
8303 4119 1
8303 9873 1
8303 6723 1
6109 5117 1
6109 4019 1
6109 4027 1
6109 1482 1
6109 9071 1
10123 4480 1
10123 2975 1
10123 5503 1
10123 10869 1
10123 9275 1
1535 6595 1
1535 2284 1
1535 10804 1
1535 8565 1
1535 6097 1
6829 2695 1
6829 8152 1
6829 3809 1
4230 8381 1
4230 7352 1
4230 3747 1
4230 5117 1
4230 7977 1
6042 994 1
6042 8152 1
6042 2695 1
6042 3809 1
6042 8755 1
7123 11173 1
7123 5941 1
7123 8151 1
7123 9374 1
7123 10397 1
5941 8753 1
5941 5868 1
5941 5914 1
5941 2371 1
5941 10814 1
8755 6770 1
8755 4060 1
8755 8343 1
8755 5611 1
8755 5597 1
10397 6821 1
10397 3813 1
10397 8054 1
10397 5637 1
10397 5534 1
11173 5244 1
11173 4019 1
11173 4027 1
11173 1482 1
11173 6821 1
7977 7682 1
7977 7676 1
7977 3062 1
7977 10172 1
7977 9400 1
3747 6109 1
3747 7123 1
3747 3130 1
3747 10528 1
3747 9823 1
6097 10792 1
6097 3914 1
6097 9400 1
6097 5355 1
6097 5318 1
8565 4135 1
8565 2897 1
8565 4877 1
8565 9141 1
8565 8274 1
10869 8117 1
10869 7831 1
10869 2639 1
10869 9015 1
10869 4766 1
5503 4297 1
5503 2788 1
5503 5053 1
5503 8506 1
5503 7816 1
2975 4861 1
2975 8987 1
2975 8523 1
2975 9400 1
2975 7371 1
9071 8093 1
9071 8078 1
9071 3092 1
9071 11068 1
9071 5469 1
4027 4230 1
4027 4019 1
4027 9731 1
4027 1482 1
4027 5469 1
10804 7091 1
10804 4297 1
10804 8736 1
10804 6061 1
10804 6059 1
9446 5117 1
9446 3809 1
9446 4019 1
9446 10983 1
9446 6689 1
9873 11170 1
9873 10869 1
9873 4060 1
9873 10123 1
9873 6572 1
4119 4862 1
4119 7520 1
4119 2568 1
4119 7867 1
4119 9458 1
9374 4833 1
9374 3809 1
9374 4019 1
9374 11173 1
9374 6376 1
7352 9446 1
7352 11173 1
7352 3288 1
7352 7994 1
7352 6109 1
8151 1254 1
8151 6365 1
8151 6841 1
8151 7392 1
8151 9228 1
8194 6349 1
8194 8996 1
8194 10977 1
8194 3767 1
8194 6231 1
9275 10031 1
9275 10654 1
9275 3767 1
9275 9887 1
9275 6196 1
994 9827 1
994 7007 1
994 8957 1
994 8343 1
994 4485 1
3344 7359 1
3344 2877 1
3344 5442 1
3344 9146 1
3344 11054 1
3767 10613 1
3767 9071 1
3767 8996 1
3767 2209 1
3767 6631 1
6723 5569 1
6723 4104 1
6723 4119 1
6723 7582 1
6723 10434 1
2284 9545 1
2284 3197 1
2284 2975 1
2284 4774 1
2284 11129 1
5668 5244 1
5668 4019 1
5668 4027 1
5668 1482 1
5668 7719 1
1482 4941 1
1482 4149 1
1482 2359 1
1482 5117 1
1482 4757 1
4480 10318 1
4480 2975 1
4480 9473 1
4480 3993 1
4480 10041 1
8381 5244 1
8381 4019 1
8381 4027 1
8381 1482 1
8381 6821 1
10073 10678 1
10073 10158 1
10073 3288 1
10073 10397 1
10073 5668 1
4104 3941 1
4104 2535 1
4104 8282 1
4104 10031 1
4104 5623 1
6595 4464 1
6595 2958 1
6595 5355 1
6595 8523 1
6595 6863 1
8484 8222 1
8484 8078 1
8484 2950 1
8484 10833 1
8484 5052 1
4019 7719 1
4019 9731 1
4019 7432 1
4019 1482 1
4019 8543 1
6821 10983 1
6821 10974 1
6821 3572 1
6821 7352 1
6821 6109 1
7432 9446 1
7432 11173 1
7432 4019 1
7432 9405 1
7432 6255 1
6838 7337 1
6838 6631 1
6838 6645 1
6838 2158 1
6838 8676 1
5569 6577 1
5569 6572 1
5569 3552 1
5569 9605 1
5569 6411 1
11068 6970 1
11068 6936 1
11068 2695 1
11068 9740 1
11068 9731 1
5244 9731 1
5244 4019 1
5244 4027 1
5244 1482 1
5244 11068 1
10007 9761 1
10007 4230 1
10007 4898 1
10007 5124 1
10007 7123 1
10654 7017 1
10654 6991 1
10654 2842 1
10654 9275 1
10654 9223 1
4485 5659 1
4485 3076 1
4485 3684 1
4485 3988 1
4485 7890 1
8543 5244 1
8543 4019 1
8543 4027 1
8543 1482 1
8543 6821 1
10977 6349 1
10977 8856 1
10977 8996 1
10977 3767 1
10977 6231 1
8987 5241 1
8987 3301 1
8987 6525 1
8987 4379 1
8987 9870 1
3813 5241 1
3813 3234 1
3813 8565 1
3813 8755 1
3813 6910 1
6349 6838 1
6349 8194 1
6349 8856 1
6349 1836 1
6349 9070 1
2568 5969 1
2568 7211 1
2568 9523 1
2568 3060 1
2568 8233 1
10528 6383 1
10528 6376 1
10528 2691 1
10528 9374 1
10528 9243 1
4757 10983 1
4757 9446 1
4757 3344 1
4757 4833 1
4757 10809 1
6365 3270 1
6365 8151 1
6365 7380 1
6365 5124 1
6365 5451 1
8753 6576 1
8753 5382 1
8753 5468 1
8753 1767 1
8753 10516 1
9887 4947 1
9887 8239 1
9887 8883 1
9887 2944 1
9887 4196 1
1254 229 1
1254 3495 1
1254 9319 1
1254 1504 1
1254 6432 1
9015 5503 1
9015 4060 1
9015 4104 1
9015 10123 1
9015 6722 1
10031 6595 1
10031 6391 1
10031 2819 1
10031 9788 1
10031 9649 1
7994 5244 1
7994 4019 1
7994 4027 1
7994 1482 1
7994 6821 1
3288 4142 1
3288 7190 1
3288 6936 1
3288 1482 1
3288 6803 1
7392 199 1
7392 3140 1
7392 5299 1
7392 8761 1
7392 1786 1
10974 9593 1
10974 6821 1
10974 6835 1
10974 2447 1
10974 3397 1
9458 10913 1
9458 1029 1
9458 1287 1
9458 4119 1
9458 9991 1
6841 9931 1
6841 2547 1
6841 3245 1
6841 4245 1
6841 6257 1
7520 7554 1
7520 2430 1
7520 3116 1
7520 4605 1
7520 7178 1
8117 7831 1
8117 4853 1
8117 5080 1
8117 1368 1
8117 10985 1
7719 5244 1
7719 4019 1
7719 4027 1
7719 10983 1
7719 6803 1
4862 7582 1
4862 7091 1
4862 3523 1
4862 6577 1
4862 10792 1
10434 11060 1
10434 10792 1
10434 4060 1
10434 10292 1
10434 6491 1
4464 9473 1
4464 4298 1
4464 11132 1
4464 8343 1
4464 6595 1
6255 5241 1
6255 3882 1
6255 3914 1
6255 1132 1
6255 8767 1
7337 1274 1
7337 8309 1
7337 10860 1
7337 3455 1
7337 6838 1
11170 11060 1
11170 11006 1
11170 4104 1
11170 10869 1
11170 6722 1
6689 4757 1
6689 3582 1
6689 3597 1
6689 10757 1
6689 6137 1
4898 3520 1
4898 8743 1
4898 4238 1
4898 5376 1
4898 5124 1
10983 9823 1
10983 9790 1
10983 3344 1
10983 9446 1
10983 5469 1
6572 6061 1
6572 3678 1
6572 6712 1
6572 4892 1
6572 4877 1
6970 5244 1
6970 4019 1
6970 4027 1
6970 1482 1
6970 6821 1
6059 8716 1
6059 4298 1
6059 10723 1
6059 7945 1
6059 8961 1
5623 1965 1
5623 8484 1
5623 9788 1
5623 6769 1
5623 9050 1
5469 5244 1
5469 4019 1
5469 4027 1
5469 1482 1
5469 7994 1
7867 5607 1
7867 3574 1
7867 6918 1
7867 4546 1
7867 4536 1
7091 6019 1
7091 3574 1
7091 6923 1
7091 4862 1
7091 4861 1
10172 5974 1
10172 4199 1
10172 4531 1
10172 10723 1
10172 7676 1
2897 2979 1
2897 1373 1
2897 2535 1
2897 9141 1
2897 9110 1
7359 4018 1
7359 2614 1
7359 4709 1
7359 9165 1
7359 10410 1
9228 10158 1
9228 2760 1
9228 4956 1
9228 5722 1
9228 8151 1
7676 5616 1
7676 3523 1
7676 6910 1
7676 4766 1
7676 4747 1
2535 7992 1
2535 7313 1
2535 3993 1
2535 4873 1
2535 4356 1
5442 4744 1
5442 3017 1
5442 8274 1
5442 10263 1
5442 6935 1
10613 8756 1
10613 2877 1
10613 3097 1
10613 4128 1
10613 6926 1
2950 7994 1
2950 10528 1
2950 6689 1
2950 1482 1
2950 8827 1
9740 7560 1
9740 1365 1
9740 2401 1
9740 3985 1
9740 6981 1
4766 9142 1
4766 3517 1
4766 5792 1
4766 4606 1
4766 4563 1
3572 7824 1
3572 3373 1
3572 8401 1
3572 8274 1
3572 7660 1
5124 10007 1
5124 2944 1
5124 4230 1
5124 4898 1
5124 7123 1
5318 8802 1
5318 3772 1
5318 10869 1
5318 4941 1
5318 4892 1
4833 1180 1
4833 2569 1
4833 4287 1
4833 10050 1
4833 1653 1
2209 9594 1
2209 10873 1
2209 9275 1
2209 10954 1
2209 3097 1
7582 10609 1
7582 10123 1
7582 3659 1
7582 8187 1
7582 5981 1
9827 7007 1
9827 3076 1
9827 3684 1
9827 3988 1
9827 5659 1
7007 10563 1
7007 3076 1
7007 3684 1
7007 3988 1
7007 5659 1
6231 8856 1
6231 6645 1
6231 6838 1
6231 3767 1
6231 8194 1
9141 5611 1
9141 3517 1
9141 7091 1
9141 4747 1
9141 4661 1
6631 6349 1
6631 6645 1
6631 6838 1
6631 3767 1
6631 6231 1
9545 7239 1
9545 4297 1
9545 8759 1
9545 6097 1
9545 6061 1
4774 6139 1
4774 4298 1
4774 11132 1
4774 6770 1
4774 7505 1
4149 10397 1
4149 5524 1
4149 3011 1
4149 9165 1
4149 4230 1
10318 5974 1
10318 3523 1
10318 6963 1
10318 4861 1
10318 4774 1
3552 1975 1
3552 4403 1
3552 10291 1
3552 10396 1
3552 5606 1
11054 6139 1
11054 3788 1
11054 7484 1
11054 5097 1
11054 5053 1
3993 10266 1
3993 2788 1
3993 8731 1
3993 6059 1
3993 6328 1
3197 10318 1
3197 5163 1
3197 8748 1
3197 1965 1
3197 3813 1
6936 10073 1
6936 8078 1
6936 3092 1
6936 8996 1
6936 5469 1
2359 4008 1
2359 2237 1
2359 4109 1
2359 6033 1
2359 6563 1
10678 5968 1
10678 9870 1
10678 9927 1
10678 2691 1
10678 4797 1
8523 6019 1
8523 3523 1
8523 7023 1
8523 4774 1
8523 4766 1
4941 9218 1
4941 3100 1
4941 8802 1
4941 4230 1
4941 5969 1
10158 8973 1
10158 5336 1
10158 9228 1
10158 7427 1
10158 7359 1
3941 800 1
3941 9928 1
3941 4104 1
4135 6923 1
4135 4629 1
4135 9605 1
4135 8987 1
4135 8730 1
4877 9939 1
4877 4298 1
4877 4954 1
4877 8274 1
4877 6737 1
10833 8484 1
10833 2358 1
10833 4372 1
10833 5171 1
10833 8222 1
2158 8380 1
2158 6838 1
2158 7893 1
9146 6391 1
9146 3813 1
9146 7676 1
9146 5318 1
9146 5241 1
8676 1190 1
8676 6838 1
8676 4858 1
2371 7885 1
2371 6576 1
2371 6196 1
2371 2226 1
2371 5182 1
2958 5969 1
2958 4747 1
2958 7695 1
2958 9473 1
2958 8187 1
8222 8276 1
8222 2358 1
8222 4372 1
8222 5171 1
8222 10108 1
9761 5831 1
9761 4044 1
9761 4073 1
9761 1275 1
9761 8277 1
6577 8565 1
6577 8802 1
6577 3523 1
6577 7091 1
6577 5395 1
9605 4349 1
9605 2936 1
9605 5154 1
9605 10123 1
9605 8343 1
6411 5569 1
6411 4104 1
6411 4119 1
6411 7582 1
6411 8736 1
6645 6349 1
6645 8531 1
6645 6838 1
6645 3767 1
6645 6231 1
5053 9939 1
5053 4298 1
5053 7530 1
5053 6737 1
5053 10318 1
10792 5154 1
10792 3100 1
10792 6239 1
10792 4349 1
10792 10292 1
3130 4142 1
3130 7190 1
3130 6936 1
3130 1482 1
3130 6803 1
9823 5244 1
9823 4019 1
9823 4027 1
9823 1482 1
9823 6821 1
3914 8316 1
3914 2943 1
3914 6194 1
3914 3882 1
3914 3945 1
8093 6349 1
8093 8176 1
8093 9071 1
8093 3767 1
8093 6231 1
8078 5244 1
8078 4019 1
8078 4027 1
8078 1482 1
8078 6821 1
4297 5355 1
4297 4104 1
4297 10723 1
4297 5241 1
4297 9577 1
8274 5318 1
8274 3301 1
8274 6239 1
8274 4382 1
8274 10551 1
6770 5574 1
6770 3397 1
6770 9218 1
6770 4830 1
6770 4828 1
5611 6019 1
5611 4297 1
5611 10041 1
5611 8229 1
5611 8736 1
4060 4766 1
4060 3772 1
4060 6918 1
4060 6737 1
4060 8274 1
5597 8345 1
5597 4298 1
5597 7091 1
5597 8755 1
5597 10287 1
10814 7274 1
10814 5868 1
10814 5914 1
10814 2371 1
10814 10516 1
6061 9577 1
6061 4298 1
6061 9545 1
6061 8961 1
6061 9733 1
10041 6923 1
10041 4115 1
10041 8565 1
10041 5792 1
10041 5611 1
2877 11052 1
2877 10886 1
2877 9072 1
2877 9441 1
2877 9438 1
8054 7977 1
8054 7945 1
8054 2982 1
8054 10172 1
8054 10917 1
5355 8565 1
5355 4298 1
5355 7031 1
5355 8374 1
5355 6722 1
9405 5244 1
9405 4019 1
9405 4027 1
9405 1482 1
9405 6821 1
2639 5080 1
2639 8246 1
2639 5573 1
2639 2015 1
2639 9925 1
5637 5244 1
5637 4019 1
5637 4027 1
5637 1482 1
5637 6443 1
4861 6099 1
4861 4298 1
4861 11132 1
4861 7505 1
4861 10343 1
9400 6923 1
9400 4238 1
9400 8374 1
9400 5974 1
9400 5969 1
5914 10654 1
5914 5536 1
5914 5562 1
5914 2226 1
5914 7123 1
5868 8883 1
5868 6576 1
5868 3372 1
5868 9901 1
5868 5562 1
6863 6052 1
6863 4531 1
6863 4629 1
6863 7676 1
6863 7992 1
5052 10268 1
5052 1159 1
5052 2358 1
5052 4981 1
5052 9048 1
3062 9468 1
3062 9218 1
3062 4477 1
3062 3227 1
3062 7023 1
7831 5360 1
7831 4193 1
7831 4342 1
7831 1326 1
7831 10656 1
11129 11093 1
11129 6691 1
11129 11125 1
11129 9349 1
11129 9296 1
8343 6935 1
8343 4238 1
8343 10287 1
8343 5969 1
8343 5881 1
8957 7007 1
8957 3076 1
8957 3684 1
8957 3988 1
8957 5659 1
2788 7091 1
2788 5792 1
2788 6059 1
2788 6935 1
2788 10004 1
8996 6349 1
8996 8856 1
8996 9071 1
8996 3767 1
8996 6231 1
5534 7682 1
5534 4583 1
5534 4865 1
5534 2343 1
5534 10202 1
8736 5783 1
8736 3517 1
8736 6723 1
8736 4661 1
8736 4606 1
9473 7359 1
9473 4298 1
9473 8871 1
9473 6099 1
9473 6097 1
7682 5056 1
7682 3788 1
7682 4104 1
7682 7845 1
7682 6459 1
8506 5374 1
8506 3386 1
8506 6572 1
8506 4483 1
8506 4480 1
7816 6523 1
7816 4730 1
7816 4810 1
7816 1341 1
7816 10873 1
6376 10158 1
6376 6970 1
6376 3288 1
6376 10143 1
6376 5496 1
7371 7359 1
7371 4298 1
7371 7867 1
7371 6099 1
7371 6097 1
6196 7288 1
6196 7120 1
6196 4664 1
6196 11114 1
6196 9347 1
8282 4877 1
8282 3100 1
8282 6099 1
8282 4199 1
8282 11039 1
10202 6491 1
10202 4629 1
10202 4873 1
10202 2175 1
10202 7845 1
4583 2175 1
4583 7845 1
4583 8585 1
4583 9264 1
4583 3761 1
11125 1535 1
11125 5010 1
11125 7904 1
11125 11109 1
11125 3994 1
10656 733 1
10656 4193 1
10656 7412 1
10656 10013 1
10656 3734 1
8187 5318 1
8187 3301 1
8187 6239 1
8187 4382 1
8187 11086 1
1326 1818 1
1326 8117 1
1326 2426 1
1326 2639 1
1326 7831 1
4193 10013 1
4193 2145 1
4193 2522 1
4193 3123 1
4193 7831 1
2547 1540 1
2547 6841 1
2547 2162 1
3227 4061 1
3227 8282 1
3227 4480 1
3227 5355 1
3227 3813 1
11093 6935 1
11093 4480 1
11093 5441 1
11093 1662 1
11093 10231 1
9048 8484 1
9048 2358 1
9048 4372 1
9048 5171 1
9048 8222 1
1159 1080 1
1159 3286 1
1159 7211 1
1159 10911 1
1159 9043 1
5360 8858 1
5360 4853 1
5360 5080 1
5360 1727 1
5360 10158 1
10268 1159 1
10268 5052 1
10268 5025 1
3684 5409 1
3684 3076 1
3684 10563 1
3684 10968 1
3684 6172 1
9901 7274 1
9901 5868 1
9901 5914 1
9901 2371 1
9901 10654 1
3372 6220 1
3372 6576 1
3372 8753 1
3372 2371 1
3372 5468 1
5536 7686 1
5536 9347 1
5536 5868 1
5536 1767 1
5536 8015 1
10343 6391 1
10343 3772 1
10343 7663 1
10343 5161 1
10343 5053 1
6099 5241 1
6099 3062 1
6099 7239 1
6099 4264 1
6099 4253 1
6443 5244 1
6443 4019 1
6443 4027 1
6443 1482 1
6443 6936 1
8374 7064 1
8374 4264 1
8374 10804 1
8374 6028 1
8374 6019 1
10917 216 1
10917 2386 1
10917 4440 1
10917 6018 1
10917 1249 1
9438 6991 1
9438 5819 1
9438 5884 1
9438 2114 1
9438 8401 1
9441 10410 1
9441 6111 1
9441 11002 1
9441 8285 1
9441 8277 1
11052 6099 1
11052 853 1
11052 1341 1
11052 3926 1
11052 5504 1
4115 8716 1
4115 3482 1
4115 7920 1
4115 8239 1
4115 5163 1
10004 7359 1
10004 4298 1
10004 8871 1
10004 6099 1
10004 6097 1
7560 1555 1
7560 8703 1
7560 5227 1
7560 6251 1
7560 10291 1
10287 6525 1
10287 3945 1
10287 7845 1
10287 5434 1
10287 5395 1
9991 4322 1
9991 10815 1
9991 1269 1
9991 2377 1
9991 3947 1
8229 5265 1
8229 3397 1
8229 6391 1
8229 4477 1
8229 10064 1
4830 7857 1
4830 5016 1
4830 8345 1
4830 1715 1
4830 7147 1
2760 3130 1
2760 6936 1
2760 5637 1
2760 6137 1
2760 9319 1
6052 11167 1
6052 7275 1
6052 6058 1
6052 7992 1
6052 10551 1
9733 6059 1
9733 3574 1
9733 7153 1
9733 4892 1
9733 4877 1
10551 5597 1
10551 3383 1
10551 6770 1
10551 4536 1
10551 4483 1
3945 4357 1
3945 8719 1
3945 7023 1
3945 7945 1
3945 4264 1
8883 4724 1
8883 9118 1
8883 9887 1
8883 2877 1
8883 4128 1
2943 9577 1
2943 8523 1
2943 5708 1
2943 2322 1
2943 7945 1
8316 4104 1
8316 2897 1
8316 4877 1
8316 8998 1
8316 8282 1
6239 5503 1
6239 4060 1
6239 4104 1
6239 6391 1
6239 8736 1
6691 10856 1
6691 10912 1
6691 8738 1
6691 2658 1
6691 3344 1
4342 3305 1
4342 7831 1
4342 3748 1
4342 4193 1
4342 9148 1
10886 5053 1
10886 3234 1
10886 6139 1
10886 4308 1
10886 10238 1
5154 6902 1
5154 6935 1
5154 6815 1
5154 3317 1
5154 4218 1
2936 5439 1
2936 6770 1
2936 4483 1
2936 3317 1
2936 9939 1
4981 8484 1
4981 2358 1
4981 4372 1
4981 11020 1
4981 5052 1
7031 8229 1
7031 4298 1
7031 7920 1
7031 6099 1
7031 6097 1
5395 9278 1
5395 3611 1
5395 6595 1
5395 4774 1
5395 4766 1
8277 4919 1
8277 3181 1
8277 3215 1
8277 1248 1
8277 7212 1
5831 4919 1
5831 3181 1
5831 3215 1
5831 1248 1
5831 7755 1
4382 8871 1
4382 3945 1
4382 6935 1
4382 8802 1
4382 8374 1
10108 8484 1
10108 2358 1
10108 4372 1
10108 5171 1
10108 8222 1
5182 10938 1
5182 6552 1
5182 5914 1
5182 2371 1
5182 8178 1
2226 6220 1
2226 6196 1
2226 2846 1
2226 3457 1
2226 8178 1
9468 9092 1
9468 9070 1
9468 3967 1
9468 9788 1
9468 5941 1
11114 6432 1
11114 9872 1
11114 10105 1
11114 4956 1
11114 6257 1
4858 1190 1
4858 6838 1
4858 8676 1
5171 8222 1
5171 2358 1
5171 4372 1
5171 6852 1
5171 9668 1
8871 5241 1
8871 3227 1
8871 6383 1
8871 4379 1
8871 8998 1
4372 8484 1
4372 2358 1
4372 6852 1
4372 10833 1
4372 5052 1
4954 7239 1
4954 4000 1
4954 5442 1
4954 7434 1
4954 6712 1
4629 9594 1
4629 11129 1
4629 3170 1
4629 8187 1
4629 6648 1
7023 6918 1
7023 4061 1
7023 8345 1
7023 5906 1
7023 5881 1
9927 68 1
9927 3122 1
9927 5759 1
9927 7505 1
9927 10123 1
5336 4919 1
5336 3181 1
5336 3215 1
5336 9441 1
5336 7754 1
6563 5974 1
6563 3644 1
6563 6722 1
6563 4865 1
6563 4861 1
4109 2237 1
4109 5424 1
4109 2359 1
9870 6525 1
9870 3945 1
9870 7945 1
9870 5264 1
9870 5241 1
10143 10983 1
10143 11173 1
10143 3747 1
10143 11068 1
10143 6109 1
4008 9600 1
4008 3945 1
4008 3977 1
4008 4843 1
4008 10612 1
5574 4941 1
5574 3234 1
5574 7867 1
5574 4239 1
5574 6052 1
8748 5512 1
8748 9422 1
8748 9072 1
8748 2782 1
8748 3615 1
6737 3570 1
6737 2344 1
6737 4278 1
6737 6762 1
6737 7695 1
6328 4730 1
6328 3659 1
6328 3692 1
6328 1082 1
6328 7177 1
8731 10551 1
8731 7321 1
8731 7359 1
8731 2362 1
8731 3473 1
10266 7457 1
10266 5163 1
10266 5395 1
10266 2343 1
10266 10123 1
5097 9802 1
5097 10000 1
5097 7971 1
5097 2382 1
5097 10364 1
10396 3552 1
10396 9719 1
10396 11180 1
10396 7511 1
10396 8703 1
2358 9001 1
2358 6852 1
2358 4171 1
2358 8276 1
2358 5789 1
4403 3552 1
4403 8131 1
4403 8448 1
1975 3552 1
1975 6135 1
1975 9873 1
1975 5569 1
1975 5606 1
6963 9733 1
6963 3062 1
6963 6036 1
6963 6642 1
6963 9008 1
6139 10343 1
6139 4298 1
6139 7484 1
6139 6099 1
6139 6097 1
5524 5244 1
5524 4019 1
5524 4027 1
5524 1482 1
5524 6443 1
7239 9733 1
7239 4298 1
7239 8565 1
7239 6099 1
7239 6097 1
4661 6391 1
4661 4298 1
4661 11132 1
4661 8316 1
4661 5241 1
4477 9927 1
4477 4060 1
4477 5161 1
4477 4607 1
4477 8274 1
3659 7845 1
3659 10974 1
3659 2925 1
3659 10970 1
3659 10308 1
8973 8002 1
8973 4797 1
8973 5410 1
8973 1341 1
8973 9442 1
10609 9605 1
10609 9523 1
10609 3574 1
10609 9373 1
10609 5783 1
10954 9083 1
10954 6739 1
10954 6926 1
10954 2140 1
10954 11052 1
10873 5293 1
10873 3914 1
10873 3926 1
10873 1229 1
10873 7816 1
9594 8330 1
9594 8316 1
9594 3115 1
9594 10020 1
9594 5163 1
3772 8987 1
3772 8233 1
3772 7031 1
3772 7359 1
3772 7867 1
9577 5574 1
9577 3383 1
9577 6737 1
9577 4483 1
9577 4480 1
8759 7159 1
8759 4297 1
8759 9218 1
8759 6061 1
8759 6059 1
4797 964 1
4797 2691 1
4797 4108 1
4797 6376 1
4797 10073 1
2343 8269 1
2343 8239 1
2343 2608 1
2343 6653 1
2343 10104 1
9296 5616 1
9296 4199 1
9296 4531 1
9296 10179 1
9296 7494 1
7660 7606 1
7660 6269 1
7660 6465 1
7660 2077 1
7660 8054 1
3373 6737 1
3373 4149 1
3373 4664 1
3373 2081 1
3373 8079 1
3788 5053 1
3788 3317 1
3788 4297 1
3788 10287 1
3788 9427 1
4606 4744 1
4606 8385 1
4606 3100 1
4606 8187 1
4606 8233 1
9142 7359 1
9142 4298 1
9142 8871 1
9142 6099 1
9142 6097 1
6981 9561 1
6981 2401 1
6981 2936 1
6981 3922 1
6981 9740 1
8827 4960 1
8827 3747 1
8827 3809 1
8827 11173 1
8827 6689 1
3397 7359 1
3397 2970 1
3397 8523 1
3397 7131 1
3397 4873 1
10050 423 1
10050 2569 1
10050 4833 1
10050 6278 1
10050 1653 1
3097 6327 1
3097 6255 1
3097 4128 1
3097 1229 1
3097 10873 1
9347 7123 1
9347 5724 1
9347 5868 1
9347 2371 1
9347 10311 1
8345 4298 1
8345 2946 1
8345 5163 1
8345 10004 1
8345 9422 1
4664 6391 1
4664 8401 1
4664 10723 1
4664 8515 1
4664 9011 1
5659 10968 1
5659 3076 1
5659 3684 1
5659 3988 1
5659 10563 1
7288 5899 1
7288 7859 1
7288 10068 1
7288 3754 1
7288 5562 1
5496 5244 1
5496 4019 1
5496 4027 1
5496 1482 1
5496 10809 1
4810 5293 1
4810 3812 1
4810 3882 1
4810 971 1
4810 7098 1
1029 7253 1
1029 7867 1
1029 10045 1
1029 3090 1
1029 10104 1
7885 5468 1
7885 4146 1
7885 4200 1
7885 1570 1
7885 6926 1
1341 7638 1
1341 10964 1
1341 2877 1
1341 9983 1
1341 4730 1
3386 10041 1
3386 6722 1
3386 4483 1
3386 3813 1
3386 10777 1
5783 5569 1
5783 4104 1
5783 4119 1
5783 9681 1
5783 6723 1
5374 7359 1
5374 4298 1
5374 7023 1
5374 6722 1
5374 9141 1
5606 45 1
5606 7494 1
5606 7511 1
5606 3552 1
5606 5569 1
4379 6715 1
4379 4629 1
4379 8987 1
4379 1248 1
4379 7530 1
6459 9007 1
6459 5442 1
6459 9008 1
6459 8345 1
6459 6595 1
4956 8151 1
4956 11130 1
4956 9084 1
4956 3045 1
4956 6432 1
1275 8911 1
1275 2493 1
1275 1726 1
1275 3478 1
1275 1904 1
4356 9992 1
4356 6036 1
4356 9454 1
4356 2294 1
4356 10202 1
9110 4468 1
9110 3583 1
9110 3611 1
9110 10882 1
9110 5974 1
9928 384 1
9928 3941 1
9928 6391 1
9928 9653 1
9928 2819 1
7992 9011 1
7992 10546 1
7992 3327 1
7992 9238 1
7992 5593 1
8401 8731 1
8401 5639 1
8401 10654 1
8401 7321 1
8401 7318 1
8856 6349 1
8856 9071 1
8856 8996 1
8856 3767 1
8856 6231 1
5616 10487 1
5616 6052 1
5616 4097 1
5616 8153 1
5616 9011 1
2614 7768 1
2614 4190 1
2614 10551 1
2614 1519 1
2614 2585 1
1373 3364 1
1373 8565 1
1373 4747 1
1373 8269 1
1373 5016 1
1132 5586 1
1132 1229 1
1132 4104 1
1132 6391 1
1132 6769 1
2979 5395 1
2979 3672 1
2979 3945 1
2979 4297 1
2979 8565 1
9523 5569 1
9523 4104 1
9523 4119 1
9523 10874 1
9523 6723 1
1180 1996 1
1180 8974 1
1180 9648 1
1180 7002 1
1180 1764 1
6019 8716 1
6019 4298 1
6019 10723 1
6019 8719 1
6019 7945 1
4873 10882 1
4873 9264 1
4873 6642 1
4873 3364 1
4873 4104 1
6918 5974 1
6918 3644 1
6918 9218 1
6918 4862 1
6918 4861 1
1190 10591 1
1190 6984 1
1190 1354 1
1190 3053 1
1190 2954 1
8961 7064 1
8961 4115 1
8961 8719 1
8961 6019 1
8961 5974 1
11006 6061 1
11006 3678 1
11006 7031 1
11006 4892 1
11006 4877 1
4483 8187 1
4483 4298 1
4483 5503 1
4483 4747 1
4483 10886 1
4892 5355 1
4892 4297 1
4892 5439 1
4892 7768 1
4892 8274 1
3678 9922 1
3678 3344 1
3678 6383 1
3678 9141 1
3678 5969 1
4709 8392 1
4709 8731 1
4709 6049 1
4709 1519 1
4709 2556 1
9072 9320 1
9072 5191 1
9072 9387 1
9072 7662 1
9072 7563 1
7845 6374 1
7845 6328 1
7845 2782 1
7845 8316 1
7845 8767 1
7505 6572 1
7505 3945 1
7505 9275 1
7505 5395 1
7505 5374 1
10860 8309 1
10860 1659 1
10860 2009 1
10860 3351 1
10860 7337 1
10263 5499 1
10263 4069 1
10263 4115 1
10263 11039 1
10263 6835 1
6991 8451 1
6991 5819 1
6991 5884 1
6991 2114 1
6991 10654 1
4128 10873 1
4128 10613 1
4128 2595 1
4128 5868 1
4128 4842 1
7380 543 1
7380 5124 1
7380 6365 1
7380 2762 1
7380 3344 1
8309 377 1
8309 1755 1
8309 2776 1
8309 6352 1
8309 9368 1
11039 7155 1
11039 7147 1
11039 2970 1
11039 8748 1
11039 4239 1
8176 6349 1
8176 10977 1
8176 8996 1
8176 3767 1
8176 6231 1
5722 6533 1
5722 3394 1
5722 4971 1
5722 9216 1
5722 6243 1
6722 6097 1
6722 3772 1
6722 10292 1
6722 4941 1
6722 4892 1
8767 7432 1
8767 7308 1
8767 2851 1
8767 10149 1
8767 11052 1
7120 5681 1
7120 4727 1
7120 4842 1
7120 1570 1
7120 9901 1
9165 6996 1
9165 4238 1
9165 8565 1
9165 5974 1
9165 5969 1
8756 10238 1
8756 9468 1
8756 3692 1
8756 9594 1
8756 6196 1
3582 6689 1
199 3296 1
199 1221 1
199 9416 1
199 8514 1
199 9534 1
10757 7543 1
10757 5452 1
10757 5968 1
10757 1467 1
10757 9911 1
9939 6712 1
9939 4000 1
9939 8187 1
9939 5503 1
9939 5442 1
5981 9860 1
5981 7582 1
5163 5512 1
5163 10886 1
5163 3218 1
5163 6052 1
5163 5056 1
5974 4104 1
5974 2880 1
5974 4892 1
5974 6525 1
5974 8719 1
3520 9616 1
3520 6023 1
3520 3953 1
3520 4898 1
3520 8772 1
4747 8802 1
4747 3523 1
4747 8565 1
4747 4661 1
4747 4610 1
6383 5974 1
6383 3644 1
6383 7768 1
6383 4877 1
6383 4861 1
3597 4142 1
3597 7190 1
3597 6936 1
3597 1482 1
3597 6803 1
3882 10539 1
3882 8453 1
3882 4871 1
3882 1229 1
3882 9072 1
7945 5974 1
7945 3616 1
7945 7153 1
7945 4892 1
7945 4877 1
10291 6346 1
10291 2043 1
10291 2546 1
10291 3732 1
10291 5722 1
8246 3748 1
8246 8858 1
8246 9544 1
8246 2015 1
8246 3026 1
5792 6019 1
5792 4297 1
5792 7484 1
5792 8229 1
5792 8736 1
6769 68 1
6769 2008 1
6769 2954 1
6769 3993 1
6769 9662 1
7178 62 1
7178 4332 1
7178 4985 1
7178 6791 1
7178 2348 1
9223 6991 1
9223 5819 1
9223 5884 1
9223 2114 1
9223 8401 1
6491 8565 1
6491 5969 1
6491 9605 1
6491 10882 1
6491 9343 1
2401 4954 1
2401 8002 1
2401 6981 1
2401 1414 1
2401 10849 1
6576 8178 1
6576 9468 1
6576 4033 1
6576 9693 1
6576 6374 1
4531 7992 1
4531 8712 1
4531 4629 1
4531 7676 1
4531 7806 1
4730 5293 1
4730 4871 1
4730 5443 1
4730 1341 1
4730 10091 1
10292 9523 1
10292 9427 1
10292 3383 1
10292 10876 1
10292 6101 1
3523 5318 1
3523 4115 1
3523 4382 1
3523 10874 1
3523 5241 1
3985 3644 1
3985 7470 1
3985 3922 1
3985 7479 1
3985 8411 1
5080 3494 1
5080 9544 1
5080 8117 1
5080 1986 1
5080 2867 1
8761 10326 1
8761 2064 1
8761 2356 1
8761 4046 1
8761 7518 1
4199 8565 1
4199 10624 1
4199 4563 1
4199 5388 1
4199 5163 1
9925 10985 1
9925 8117 1
9925 8197 1
9925 1986 1
9925 2867 1
9218 5395 1
9218 3326 1
9218 6737 1
9218 4474 1
9218 4464 1
4044 7427 1
4044 2932 1
4044 3049 1
4044 9441 1
4044 8277 1
6432 10809 1
6432 2815 1
6432 3539 1
6432 4245 1
6432 5291 1
1368 2073 1
1368 8246 1
1368 8117 1
1368 5387 1
1368 10869 1
8730 6052 1
8730 4531 1
8730 4629 1
8730 10487 1
8730 7806 1
10985 3748 1
10985 8858 1
10985 9104 1
10985 2015 1
10985 3026 1
8531 6349 1
8531 9071 1
8531 8996 1
8531 3767 1
8531 6231 1
9349 2453 1
9349 7904 1
9349 11129 1
9349 5700 1
9349 6076 1
1965 8103 1
1965 7857 1
1965 2595 1
1965 5617 1
1965 6383 1
4828 10022 1
4828 4382 1
4828 4410 1
4828 834 1
4828 5481 1
4563 6737 1
4563 3523 1
4563 9939 1
4563 9733 1
4563 9218 1
7017 7321 1
7017 8341 1
7017 3373 1
7017 7963 1
7017 5884 1
4853 3748 1
4853 8246 1
4853 5573 1
4853 2015 1
4853 3026 1
3116 569 1
3116 4640 1
3116 7909 1
3116 8125 1
3116 1893 1
2430 6204 1
2430 6473 1
2430 4368 1
2430 4642 1
2430 9160 1
6257 8013 1
6257 9872 1
6257 7110 1
6257 5441 1
6257 6405 1
7893 1274 1
7893 8380 1
7893 2158 1
7893 6838 1
7484 7359 1
7484 4298 1
7484 9400 1
7484 6099 1
7484 6097 1
4245 1434 1
4245 6432 1
4245 4956 1
4245 3414 1
4245 3539 1
5881 6712 1
5881 3788 1
5881 8565 1
5881 5318 1
5881 5255 1
3245 6841 1
3245 3511 1
6926 4200 1
6926 7229 1
6926 10954 1
6926 2925 1
6926 4003 1
8716 6061 1
8716 3678 1
8716 7031 1
8716 4892 1
8716 4877 1
9593 6770 1
9593 2097 1
9593 3010 1
9593 3397 1
9593 5968 1
9070 8160 1
9070 6374 1
9070 6500 1
9070 2827 1
9070 10954 1
1653 423 1
1653 8225 1
1653 2596 1
1653 4833 1
1653 1340 1
11060 10970 1
11060 10874 1
11060 3993 1
11060 10792 1
11060 6526 1
3140 7392 1
3140 7595 1
1504 2684 1
1504 6376 1
1504 6443 1
1504 4347 1
1504 9405 1
3100 8374 1
3100 5978 1
3100 3840 1
3100 5241 1
3100 4606 1
7190 5244 1
7190 4019 1
7190 4027 1
7190 1482 1
7190 6821 1
2691 11173 1
2691 5326 1
2691 4019 1
2691 5451 1
2691 10129 1
4073 6192 1
4073 3181 1
4073 3215 1
4073 1248 1
4073 10849 1
1287 10913 1
1287 8772 1
1287 2377 1
1287 4495 1
1287 3737 1
6137 5244 1
6137 4019 1
6137 4027 1
6137 1482 1
6137 9071 1
10913 8344 1
10913 6204 1
10913 6287 1
10913 1287 1
10913 10936 1
6712 8374 1
6712 4298 1
6712 6935 1
6712 6099 1
6712 6097 1
7530 4941 1
7530 3197 1
7530 6075 1
7530 4286 1
7530 11086 1
6910 6549 1
6910 4000 1
6910 7505 1
6910 5439 1
6910 5395 1
4865 4674 1
4865 3788 1
4865 3793 1
4865 6398 1
4865 9264 1
1836 8347 1
1836 10882 1
1836 6341 1
1836 8919 1
1836 3193 1
8380 9082 1
8380 6838 1
8380 7337 1
8380 2158 1
8380 3575 1
3455 1274 1
3455 10860 1
3455 6352 1
3455 7337 1
3455 7848 1
10410 6991 1
10410 5819 1
10410 5884 1
10410 2114 1
10410 8401 1
8276 9674 1
8276 8222 1
8276 8455 1
8276 2358 1
8276 3849 1
3301 3397 1
3301 8719 1
3301 7064 1
3301 6391 1
3301 3317 1
3234 7484 1
3234 7768 1
3234 10123 1
3234 3317 1
3234 9939 1
10723 4629 1
10723 3042 1
10723 5597 1
10723 4018 1
10723 9406 1
11132 5439 1
11132 3397 1
11132 6563 1
11132 4536 1
11132 11177 1
5969 5964 1
5969 3574 1
5969 7867 1
5969 4861 1
5969 4829 1
4298 8802 1
4298 3218 1
4298 7505 1
4298 4215 1
4298 9146 1
8233 6097 1
8233 3772 1
8233 7064 1
8233 4941 1
8233 4892 1
7824 9814 1
7824 1196 1
7824 1433 1
7824 2729 1
7824 4553 1
2015 9544 1
2015 8477 1
2015 5573 1
2015 1096 1
2015 10834 1
6923 4954 1
6923 3197 1
6923 6093 1
6923 4308 1
6923 6991 1
6525 9218 1
6525 3914 1
6525 10886 1
6525 5374 1
6525 5355 1
7211 8303 1
7211 9878 1
7211 3523 1
7211 10151 1
7211 6101 1
9931 317 1
9931 5792 1
9931 6841 1
9931 8578 1
9931 5141 1
2569 148 1
2569 2056 1
2569 8225 1
2569 4422 1
2569 5626 1
6523 4623 1
6523 7816 1
2842 9662 1
2842 3772 1
2842 2851 1
2842 3317 1
2842 7265 1
3076 3684 1
3076 10563 1
3076 9474 1
3076 10580 1
3076 4768 1
8802 6061 1
8802 3678 1
8802 6935 1
8802 4892 1
8802 4877 1
5607 7867 1
5607 1234 1
5607 3309 1
5607 9281 1
5607 10041 1
9649 10033 1
9649 4325 1
9649 4947 1
9649 5421 1
9649 11149 1
5968 11155 1
5968 10263 1
5968 6471 1
5968 10487 1
5968 7924 1
6033 10886 1
6033 5340 1
6033 5537 1
6033 2170 1
6033 3364 1
3988 5659 1
3988 3076 1
3988 3684 1
3988 10563 1
3988 10580 1
7274 10890 1
7274 5868 1
7274 5914 1
7274 2371 1
7274 8178 1
9319 9228 1
9319 2559 1
9319 2760 1
9319 4956 1
9319 7123 1
4018 6459 1
4018 8730 1
4018 7457 1
4018 7676 1
4018 9600 1
5056 9468 1
5056 7494 1
5056 2658 1
5056 6058 1
5056 11177 1
3011 3130 1
3011 6936 1
3011 5637 1
3011 1482 1
3011 5496 1
4238 6391 1
4238 5124 1
4238 8506 1
4238 8345 1
4238 8343 1
2447 5161 1
2447 5792 1
2447 2970 1
2447 4877 1
2447 6923 1
1365 11068 1
1365 8014 1
1365 9040 1
1365 1190 1
1365 10157 1
4947 5421 1
4947 10123 1
4947 11149 1
4947 1435 1
4947 6099 1
3270 10158 1
3270 8006 1
3270 4937 1
3270 3669 1
3270 10471 1
4744 9147 1
4744 9007 1
4744 5442 1
4744 2535 1
4744 5971 1
5562 6552 1
5562 5230 1
5562 5382 1
5562 1767 1
5562 10311 1
9243 5926 1
9243 10528 1
9243 6996 1
9243 9165 1
3517 7695 1
3517 9577 1
3517 5395 1
3517 7147 1
3517 7505 1
2944 6328 1
2944 4128 1
2944 7686 1
2944 2371 1
2944 10329 1
4536 6894 1
4536 4298 1
4536 8506 1
4536 5241 1
4536 9577 1
2819 8523 1
2819 7229 1
2819 9666 1
2819 6383 1
2819 9110 1
9790 280 1
9790 3948 1
9790 5348 1
9790 10983 1
9790 2221 1
10563 7007 1
10563 3076 1
10563 3684 1
10563 3988 1
10563 5659 1
7695 7359 1
7695 4298 1
7695 8345 1
7695 6099 1
7695 6097 1
5241 4747 1
5241 3064 1
5241 8345 1
5241 4104 1
5241 8998 1
5376 4898 1
5376 10007 1
6194 9141 1
6194 4115 1
6194 6894 1
6194 5881 1
6194 5792 1
8239 8077 1
8239 7946 1
8239 2897 1
8239 11149 1
8239 4128 1
3574 6910 1
3574 3523 1
3574 4357 1
3574 8282 1
3574 7768 1
4287 1147 1
4287 3300 1
4287 7259 1
4287 9400 1
4287 2100 1
3060 4862 1
3060 4349 1
3060 3362 1
3060 8233 1
3060 10869 1
7554 569 1
7554 4411 1
7554 7407 1
7554 8125 1
7554 1893 1
2237 4487 1
2237 5892 1
2237 2369 1
2237 4109 1
2237 8419 1
3495 229 1
3495 5958 1
3495 4760 1
3495 1821 1
3495 1897 1
4196 6108 1
4196 1365 1
4196 2954 1
4196 3528 1
4196 4566 1
4605 7520 1
4605 2648 1
4605 2830 1
4605 4119 1
4605 8333 1
7313 9092 1
7313 6374 1
7313 6407 1
7313 2162 1
7313 10202 1
3017 7229 1
3017 6935 1
3017 10031 1
3017 1204 1
3017 5515 1
8743 4238 1
8743 10007 1
8743 4898 1
7890 7007 1
7890 3076 1
7890 3684 1
7890 3988 1
7890 5659 1
2982 8506 1
2982 2042 1
2982 2386 1
2982 11008 1
2982 3225 1
5451 10007 1
5451 8827 1
5451 3288 1
5451 8151 1
5451 5225 1
7427 4919 1
7427 3181 1
7427 3215 1
7427 1248 1
7427 7212 1
5382 5941 1
5382 7299 1
5382 10516 1
5382 2371 1
5382 8178 1
5468 8753 1
5468 5868 1
5468 10890 1
5468 2226 1
5468 5724 1
9050 10267 1
9050 4886 1
9050 6255 1
9050 7432 1
9050 9788 1
4142 5668 1
4142 4019 1
4142 4027 1
4142 1482 1
4142 5469 1
1767 7120 1
1767 2846 1
1767 4028 1
1767 9347 1
1767 9468 1
1274 1890 1
1274 5713 1
1274 3455 1
1274 5942 1
1274 7211 1
4546 239 1
4546 7732 1
4546 3842 1
4546 7867 1
6835 6770 1
6835 2097 1
6835 3010 1
6835 3397 1
6835 5968 1
10516 5941 1
10516 4174 1
10516 4842 1
10516 1416 1
10516 7686 1
1786 63 1
1786 11168 1
1786 7392 1
1786 9850 1
1786 1180 1
229 1254 1
229 3495 1
229 5958 1
5573 3748 1
5573 6536 1
5573 8246 1
5573 2015 1
5573 3026 1
6391 3813 1
6391 2402 1
6391 4534 1
6391 8882 1
6391 8233 1
9788 9070 1
9788 9050 1
9788 4410 1
9788 10792 1
9788 6257 1
4349 7211 1
4349 4104 1
4349 4119 1
4349 6876 1
4349 8802 1
6803 10528 1
6803 8381 1
6803 3130 1
6803 6970 1
6803 5524 1
800 4104 1
800 6224 1
800 7902 1
800 7120 1
800 4146 1
5299 199 1
5299 2846 1
5299 7392 1
5299 5546 1
5299 9787 1
6935 4190 1
6935 2614 1
6935 4954 1
6935 9164 1
6935 9605 1
9147 5246 1
9147 4298 1
9147 4468 1
9147 1564 1
9147 7457 1
10157 10591 1
10157 7946 1
10157 8239 1
10157 2944 1
10157 4128 1
9040 1365 1
2559 1697 1
2559 8938 1
2559 10143 1
2559 5872 1
2559 9319 1
10890 7274 1
10890 5868 1
10890 5914 1
10890 2371 1
10890 10516 1
3926 10031 1
3926 3692 1
3926 3812 1
3926 1132 1
3926 9072 1
10882 8269 1
10882 5946 1
10882 9572 1
10882 7400 1
10882 7370 1
8006 3270 1
8006 9448 1
8006 3669 1
8006 7078 1
8006 7084 1
5537 1286 1
5537 3945 1
5537 4039 1
5537 9600 1
5537 9141 1
5340 1286 1
5340 3945 1
5340 4039 1
5340 5537 1
5340 9141 1
5421 8286 1
5421 4325 1
5421 4947 1
5421 8952 1
5421 9649 1
5971 9015 1
5971 10824 1
5971 3060 1
5971 6101 1
5971 9427 1
4325 8401 1
4325 4664 1
4325 9275 1
4325 3528 1
4325 10031 1
5626 148 1
5626 4306 1
5626 10584 1
5626 8477 1
5626 3427 1
10849 5103 1
10849 3478 1
10849 3699 1
10849 1275 1
10849 7754 1
9878 10695 1
9878 1283 1
9878 1795 1
9878 4690 1
9878 9041 1
6093 8341 1
6093 5819 1
6093 5884 1
6093 2114 1
10834 5181 1
10834 10729 1
10834 2028 1
10834 2666 1
10834 3610 1
1433 677 1
1433 6060 1
1433 3280 1
1433 8669 1
1433 1341 1
1196 3486 1
1196 1103 1
1196 5441 1
1196 7494 1
1196 3415 1
8160 7411 1
8160 6257 1
8160 6341 1
8160 2555 1
8160 9572 1
9814 8333 1
9814 1727 1
9814 2399 1
9814 2729 1
9814 5968 1
4829 8470 1
4829 4104 1
4829 4119 1
4829 6101 1
4829 8282 1
10364 8916 1
10364 6367 1
10364 6504 1
10364 2382 1
10364 4160 1
5141 1714 1
5141 6373 1
5141 6185 1
5141 9931 1
5964 5569 1
5964 4104 1
5964 4119 1
5964 9681 1
5964 10292 1
10045 635 1
10045 9222 1
10045 10011 1
10045 1261 1
10045 4119 1
5759 68 1
5759 5056 1
5759 9927 1
5759 9209 1
5759 3295 1
3042 3397 1
3042 5241 1
3042 3993 1
3042 4861 1
3042 6391 1
7848 797 1
7848 5237 1
7848 6352 1
7848 10366 1
7848 1971 1
3575 1542 1
3575 9134 1
3575 3204 1
3575 8380 1
10539 6737 1
10539 4810 1
10539 4871 1
10539 1341 1
10539 10964 1
9082 9700 1
9082 1270 1
9082 1781 1
9082 4021 1
9082 7911 1
8919 10942 1
8919 7640 1
8919 7998 1
8919 3193 1
8919 5471 1
8347 8013 1
8347 3193 1
8347 5225 1
8347 6228 1
8347 6814 1
6398 8345 1
6398 11039 1
6398 3064 1
6398 3974 1
4674 4865 1
4674 8099 1
4674 9442 1
6549 6059 1
6549 3644 1
6549 6722 1
6549 4877 1
6549 4861 1
6075 1700 1
6075 5968 1
6075 8842 1
6075 6980 1
6075 3931 1
3737 1087 1
3737 3111 1
3737 10884 1
3737 6771 1
10936 1596 1
10936 9767 1
10936 10913 1
10936 8718 1
10936 8787 1
3840 6737 1
3840 9427 1
3840 7710 1
3840 3100 1
3840 7147 1
4347 4734 1
4347 1189 1
4347 1513 1
4347 2601 1
4347 7571 1
2596 423 1
2596 2356 1
2596 8416 1
2596 8225 1
2596 1653 1
8225 8040 1
8225 1374 1
8225 2569 1
8225 4519 1
8225 5740 1
2827 4947 1
2827 5899 1
2827 10954 1
2827 6926 1
2827 2925 1
6500 8073 1
6500 5929 1
6500 6118 1
6500 1471 1
6500 9169 1
4003 7308 1
4003 7505 1
4003 6099 1
4003 1945 1
4003 3883 1
317 9579 1
317 1749 1
317 3415 1
317 7174 1
317 5545 1
5255 3611 1
5255 9925 1
5255 8239 1
5255 2608 1
5255 3309 1
6996 125 1
6996 9165 1
6996 1688 1
6996 4149 1
6996 10528 1
3414 353 1
3414 4548 1
3414 8014 1
3414 6841 1
3414 5824 1
6287 1380 1
6287 10398 1
6287 2432 1
6287 10913 1
7110 7390 1
7110 9253 1
7110 10759 1
7110 2555 1
7110 5082 1
4642 62 1
4642 11046 1
4642 6281 1
4642 2430 1
4642 3391 1
6204 2430 1
6204 10913 1
6204 5933 1
7909 8607 1
7909 3456 1
7909 5676 1
7909 7300 1
7909 8937 1
4640 569 1
4640 3829 1
4640 7520 1
4640 9685 1
4640 1893 1
7963 6991 1
7963 5819 1
7963 5884 1
7963 2114 1
7963 8341 1
4410 414 1
4410 4104 1
4410 7845 1
4410 10031 1
4410 4828 1
10022 6286 1
10022 3914 1
10022 7597 1
10022 5318 1
10022 5241 1
5617 8748 1
5617 3397 1
5617 4008 1
5617 10625 1
5617 8345 1
5387 3748 1
5387 8246 1
5387 5573 1
5387 2015 1
5387 3026 1
2073 3026 1
2073 8117 1
2073 2426 1
2073 2015 1
2073 2639 1
2815 2430 1
2815 4639 1
2815 6432 1
2815 7635 1
2815 4404 1
6341 8347 1
6341 8160 1
6341 6500 1
6341 5225 1
6341 6529 1
3049 7755 1
3049 9761 1
3049 6192 1
3049 1162 1
3049 10129 1
10013 4193 1
10013 10848 1
10013 7831 1
10013 9148 1
10013 10656 1
7946 6197 1
7946 1365 1
7946 2954 1
7946 3528 1
7946 5868 1
4474 8565 1
4474 3957 1
4474 8523 1
4474 8282 1
4474 7768 1
8197 3748 1
8197 8858 1
8197 9544 1
8197 2015 1
8197 3026 1
10624 8572 1
10624 5898 1
10624 6043 1
10624 2275 1
10624 2970 1
4046 3302 1
4046 8761 1
3494 9923 1
3494 10274 1
3494 3748 1
3494 1727 1
3494 2426 1
10876 1422 1
10876 10292 1
10876 6838 1
2684 5451 1
2684 4648 1
2684 6443 1
2684 1482 1
2684 2950 1
10091 7710 1
10091 7701 1
10091 2877 1
10091 9218 1
10091 4606 1
5443 9223 1
5443 5899 1
5443 2532 1
5443 10158 1
5443 10410 1
7806 5593 1
7806 4018 1
7806 4135 1
7806 7843 1
7806 7457 1
9693 9253 1
9693 3978 1
9693 5082 1
9693 6257 1
9693 8160 1
2729 3572 1
2729 1341 1
2729 2119 1
2729 3275 1
2729 5968 1
4033 5437 1
4033 5914 1
4033 5724 1
4033 2226 1
4033 5230 1
9343 281 1
9343 10318 1
9343 9733 1
9343 8523 1
9343 8871 1
5978 10091 1
5978 6874 1
5978 2880 1
5978 8385 1
5978 5016 1
4332 62 1
4332 4239 1
4332 7178 1
4332 6410 1
4332 8383 1
62 2238 1
62 4332 1
62 7021 1
62 4119 1
62 2348 1
3849 6690 1
3849 2161 1
3849 3117 1
3849 6871 1
3026 6536 1
3026 8246 1
3026 8765 1
3026 2015 1
3026 2867 1
9544 3111 1
9544 8117 1
9544 8197 1
9544 1986 1
9544 2639 1
3732 2110 1
3732 10396 1
3732 7635 1
3732 4085 1
3732 8958 1
2043 1555 1
2043 2546 1
2043 10291 1
3511 3245 1
8013 6576 1
8013 5906 1
8013 6196 1
8013 2461 1
8013 8708 1
8772 911 1
8772 2390 1
8772 3737 1
8772 5170 1
8772 1861 1
6023 3520 1
6023 6536 1
6023 8246 1
6023 2015 1
6023 3026 1
2453 1129 1
2453 9349 1
2453 8615 1
2453 4920 1
2453 10304 1
9860 9651 1
9860 4119 1
9860 6159 1
9860 6602 1
9860 8318 1
6405 543 1
6405 6257 1
6405 7588 1
6405 6691 1
6405 5260 1
1467 670 1
1467 10757 1
1467 11168 1
1467 5162 1
7543 140 1
7543 4407 1
7543 5851 1
7543 6589 1
7543 7740 1
4061 5395 1
4061 4115 1
4061 5503 1
4061 8374 1
4061 4264 1
2867 9104 1
2867 8246 1
2867 10985 1
2867 2015 1
2867 6023 1
1221 199 1
1221 9416 1
1221 9080 1
1435 522 1
1435 7020 1
1435 8305 1
1435 10394 1
1435 4325 1
4727 5278 1
4727 2476 1
4727 3705 1
4727 6629 1
4727 5681 1
5681 7902 1
5681 2476 1
5681 3705 1
5681 5278 1
5681 7264 1
1096 3111 1
1096 5723 1
1096 2015 1
1096 1727 1
1096 5573 1
10149 5016 1
10149 3692 1
10149 3812 1
10149 971 1
10149 6938 1
2851 9934 1
2851 9164 1
2851 9253 1
2851 3017 1
2851 10600 1
8712 6052 1
8712 4531 1
8712 4629 1
8712 10487 1
8712 7806 1
6243 5722 1
6243 6466 1
6243 11077 1
6243 3415 1
6243 5427 1
4971 11018 1
4971 2410 1
4971 3414 1
4971 5824 1
4971 9169 1
3394 10512 1
3394 5558 1
3394 8474 1
3394 2482 1
3394 7883 1
5230 5536 1
5230 7274 1
5230 2371 1
5230 8178 1
5230 7720 1
6876 5569 1
6876 4104 1
6876 4119 1
6876 7091 1
6876 6723 1
6533 662 1
6533 4740 1
6533 5722 1
6533 6891 1
6533 2617 1
7155 8927 1
7155 2249 1
7155 2782 1
7155 3392 1
7155 7147 1
6076 5539 1
6076 11130 1
6076 9025 1
6076 3332 1
6076 5092 1
9368 3153 1
9368 3468 1
9368 4083 1
9368 5963 1
7904 8813 1
7904 2842 1
7904 3994 1
7904 5700 1
7904 8604 1
4422 5859 1
4422 2015 1
4422 2367 1
4422 3753 1
4422 10584 1
2776 382 1
2776 8640 1
2776 10494 1
2776 10860 1
2776 7838 1
1755 10471 1
1755 9025 1
1755 6407 1
1755 6352 1
1755 9594 1
8719 6918 1
8719 4104 1
8719 8345 1
8719 5611 1
8719 5597 1
5481 783 1
5481 9872 1
5481 4828 1
5481 5437 1
543 2530 1
543 4615 1
543 5456 1
543 7637 1
543 10205 1
2595 9929 1
2595 6255 1
2595 7845 1
2595 976 1
2595 3926 1
8451 6991 1
8451 5819 1
8451 5884 1
8451 2114 1
8451 8401 1
1986 7831 1
1986 3318 1
1986 5573 1
1986 8197 1
1986 8246 1
6101 6876 1
6101 8233 1
6101 4104 1
6101 9681 1
6101 8736 1
5499 10974 1
5499 2097 1
5499 3010 1
5499 3397 1
5499 5968 1
9416 7949 1
9416 3296 1
9416 3504 1
9416 5158 1
2009 10860 1
2009 7119 1
7563 7147 1
7563 2447 1
7563 3197 1
7563 4008 1
7563 6115 1
4610 8862 1
4610 11187 1
4610 3510 1
4610 8949 1
4610 7968 1
7902 7885 1
7902 2476 1
7902 3705 1
7902 5278 1
7902 6629 1
3812 3882 1
3812 10123 1
3812 5644 1
3812 976 1
3812 3914 1
4534 1 1
4534 2383 1
4534 10048 1
4534 6391 1
4534 1172 1
9442 10678 1
9442 8719 1
9442 8973 1
9442 2530 1
9442 3846 1
9850 268 1
9850 5006 1
9850 6604 1
9850 1523 1
9850 1786 1
5789 10127 1
5789 2358 1
5789 4372 1
5789 5171 1
5789 8278 1
3351 1449 1
3351 2746 1
3351 9824 1
3351 4714 1
3351 2486 1
4174 9951 1
4174 1838 1
4174 3605 1
4174 8422 1
4174 8884 1
3842 239 1
3842 5115 1
3842 7732 1
3842 895 1
3842 1891 1
216 4949 1
216 9895 1
216 2386 1
216 1940 1
216 8506 1
1890 382 1
1890 3201 1
1890 9930 1
1890 6742 1
1890 1165 1
10267 992 1
10267 6099 1
10267 9050 1
10267 2877 1
10267 3414 1
1269 3953 1
1269 1287 1
1269 4748 1
1269 9937 1
1269 3621 1
5225 6814 1
5225 1836 1
5225 4978 1
5225 5451 1
5225 6500 1
2362 4190 1
2362 3914 1
2362 8395 1
2362 2061 1
2362 3993 1
11008 216 1
11008 8054 1
11008 10917 1
11008 2386 1
11008 2982 1
5515 224 1
5515 3302 1
5515 8578 1
5515 5687 1
5515 2404 1
1204 6217 1
1204 9131 1
1204 2077 1
1204 1196 1
1204 3813 1
11020 8484 1
11020 2358 1
11020 4372 1
11020 5171 1
11020 8222 1
2648 6713 1
2648 6201 1
2648 9337 1
2648 1534 1
2648 9470 1
2097 5968 1
2097 6346 1
2097 3788 1
2097 3986 1
4566 4196 1
4566 7964 1
9474 7007 1
9474 3076 1
9474 3684 1
9474 3988 1
9474 5659 1
3528 8239 1
3528 6328 1
3528 10591 1
3528 3053 1
3528 10031 1
1897 4881 1
1897 4760 1
1897 7693 1
1897 6836 1
1897 3495 1
9668 7320 1
9668 10094 1
9668 10833 1
9668 4372 1
7229 4104 1
7229 3570 1
7229 3572 1
7229 8423 1
7229 6035 1
4760 205 1
4760 3156 1
4760 4249 1
4760 9957 1
4760 2200 1
10874 5569 1
10874 4104 1
10874 4119 1
10874 10434 1
10874 6723 1
1821 3495 1
1821 7693 1
1821 7266 1
5958 229 1
5958 3495 1
5958 1254 1
2369 451 1
733 4737 1
733 2145 1
7686 5814 1
7686 5182 1
7686 5230 1
7686 1570 1
7686 10890 1
8341 6708 1
8341 5132 1
8341 5443 1
8341 2114 1
8341 7963 1
7518 1008 1
7518 3430 1
7518 6874 1
7518 9031 1
7518 2708 1
9164 10600 1
9164 6935 1
9164 7530 1
9164 2877 1
9164 3659 1
4487 3899 1
4487 4553 1
377 8668 1
377 10021 1
377 4673 1
377 5001 1
377 6634 1
2846 10654 1
2846 6344 1
2846 10311 1
3669 3270 1
3669 9448 1
3669 8395 1
3669 10654 1
3669 8006 1
4411 3116 1
4411 7554 1
4411 4640 1
2100 4287 1
2100 11113 1
2100 5564 1
2100 1053 1
10546 6052 1
10546 4531 1
10546 4629 1
10546 10723 1
10546 7806 1
8077 8239 1
8077 629 1
8077 843 1
8077 4300 1
6374 4149 1
6374 6341 1
9666 384 1
9666 6391 1
9666 2819 1
9666 2842 1
6894 6722 1
6894 3957 1
6894 8716 1
6894 5503 1
6894 5442 1
7732 239 1
7732 5792 1
7732 2702 1
4440 216 1
4440 8054 1
4440 8506 1
4440 2386 1
4440 2982 1
10329 7120 1
10329 5562 1
10329 5724 1
10329 1767 1
10329 9901 1
6648 6052 1
6648 4531 1
6648 4629 1
6648 7676 1
6648 7494 1
4960 5906 1
4960 4019 1
4960 4027 1
4960 1482 1
4960 8484 1
8385 10233 1
8385 7710 1
8385 7857 1
8385 2736 1
8385 3840 1
6739 4596 1
6739 7511 1
6739 2987 1
5512 8103 1
5512 3197 1
5512 3615 1
5512 10824 1
5512 8345 1
2081 2114 1
2081 8935 1
2081 2354 1
2081 8451 1
2081 2532 1
10311 5914 1
10311 4033 1
10311 4174 1
10311 1416 1
11177 8708 1
11177 1984 1
2608 2979 1
2608 1373 1
2608 2535 1
2608 9141 1
2608 9110 1
7511 5606 1
7511 8703 1
7920 6923 1
7920 4115 1
7920 5792 1
7920 5675 1
6269 2085 1
6269 8863 1
6269 5569 1
6269 9457 1
9561 2530 1
9561 3344 1
9561 6027 1
9561 7823 1
8738 10882 1
8738 3062 1
8738 4069 1
8738 6737 1
4623 7816 1
4623 6523 1
2114 9441 1
2114 10158 1
2114 8935 1
2114 6786 1
2114 3552 1
11167 5501 1
11167 8862 1
5441 11114 1
5441 2461 1
5441 10792 1
5441 6374 1
7321 10723 1
7321 8987 1
7321 8998 1
7321 2362 1
7321 3473 1
10104 4135 1
10104 1373 1
10104 2535 1
10104 2979 1
10104 3364 1
9281 1262 1
9281 7380 1
6653 8037 1
6653 11039 1
6653 7845 1
6653 2097 1
1715 6346 1
1715 5442 1
1715 8345 1
4108 964 1
4108 2691 1
4108 6376 1
4108 10158 1
4108 8002 1
964 10849 1
964 6376 1
964 4108 1
964 2401 1
964 8002 1
2221 10983 1
2221 3948 1
2221 2422 1
7159 5318 1
7159 3383 1
7159 6391 1
7159 4382 1
7159 11132 1
3478 7231 1
3478 3099 1
3478 3181 1
3478 1248 1
3478 9662 1
9373 5569 1
9373 4104 1
9373 4119 1
9373 10123 1
9373 6723 1
3309 8998 1
3309 7682 1
3309 4865 1
3309 9264 1
3309 3678 1
3953 1356 1
3953 1414 1
3953 2046 1
3953 4098 1
3748 8246 1
3748 5080 1
3748 4756 1
3748 1368 1
3748 2073 1
2925 3914 1
2925 3882 1
2925 5421 1
2925 4325 1
2925 10873 1
11155 10899 1
11155 3155 1
11155 3189 1
11155 4863 1
11155 8776 1
6036 7789 1
6036 2851 1
6036 7720 1
6036 9454 1
10151 5140 1
10151 7334 1
10151 7211 1
8515 8239 1
8515 982 1
8515 1873 1
8515 4664 1
8515 7411 1
2932 7546 1
2932 5496 1
2932 2691 1
2932 6376 1
2932 10983 1
6224 5278 1
6224 1780 1
6224 2877 1
6224 4146 1
9008 8871 1
9008 6715 1
9008 6963 1
9008 2819 1
9008 3397 1
6642 11179 1
6642 10792 1
6642 2418 1
6642 11093 1
6642 8215 1
5819 7876 1
5819 7789 1
5819 3572 1
5819 10158 1
5819 10792 1
5410 5873 1
5410 8002 1
5410 9034 1
5410 1991 1
5410 2401 1
6407 8523 1
6407 8871 1
6407 7466 1
6407 2438 1
6407 4356 1
3115 5974 1
3115 9011 1
3115 4663 1
3115 3327 1
3115 3463 1
10068 7288 1
8448 4403 1
1904 9662 1
1904 2904 1
1904 6489 1
1904 1248 1
1904 8364 1
4171 9001 1
4171 2358 1
4171 10108 1
4171 8276 1
4171 5789 1
4886 8484 1
4886 9070 1
4886 5623 1
4886 6362 1
9001 10127 1
9001 8689 1
9001 2358 1
9001 5052 1
8178 7274 1
8178 5868 1
8178 5914 1
8178 2371 1
8178 10152 1
5724 6552 1
5724 5468 1
5724 5536 1
5724 2226 1
5724 6220 1
9719 10261 1
9719 3005 1
9719 3732 1
9719 4639 1
4028 4033 1
4028 5562 1
4028 5536 1
4028 2371 1
4028 10814 1
10612 1286 1
10612 3945 1
10612 4039 1
10612 5537 1
10612 10649 1
2382 6329 1
2382 4682 1
2382 4943 1
2382 4255 1
2382 11054 1
4239 9600 1
4239 3625 1
4239 3788 1
4239 6398 1
4239 6223 1
10000 5097 1
10000 8916 1
10000 9540 1
10000 2606 1
10000 4513 1
3218 5016 1
3218 6398 1
3218 8998 1
3218 4604 1
3218 8565 1
9802 7944 1
9802 1011 1
9802 4160 1
9802 4943 1
9802 6367 1
7457 7977 1
7457 6500 1
7457 7760 1
7457 7476 1
7457 9011 1
2140 1523 1
2140 11043 1
2140 3557 1
2140 5132 1
2140 5723 1
3327 7494 1
3327 4135 1
3327 7977 1
3327 10723 1
3327 7806 1
9911 7317 1
9911 1266 1
9911 1675 1
9911 2891 1
9911 5019 1
5942 6742 1
5942 1498 1
5942 2181 1
5942 4695 1
5942 9046 1
3473 8401 1
3473 5966 1
3473 5709 1
3473 2362 1
3473 4098 1
8411 2008 1
8411 7479 1
8411 10167 1
8411 3922 1
8411 3985 1
10471 9383 1
10471 1274 1
10471 1774 1
10471 3270 1
10471 7078 1
9648 1180 1
3064 4861 1
3064 8374 1
3064 3914 1
3064 5318 1
3064 3778 1
8002 5103 1
8002 3478 1
8002 3699 1
8002 1275 1
8002 7754 1
1416 2573 1
1416 6196 1
1416 10654 1
1416 6977 1
1416 8178 1
7177 9788 1
7177 6926 1
7177 8071 1
7177 2925 1
7177 4128 1
2344 3317 1
2344 9223 1
2344 10158 1
2344 2114 1
2344 9438 1
3570 10031 1
3570 6938 1
3570 6255 1
3570 1132 1
3570 3659 1
9422 7845 1
9422 5974 1
9422 6392 1
9422 2024 1
9422 10263 1
9922 8239 1
9922 3022 1
9922 4082 1
9922 4468 1
9104 3748 1
9104 8858 1
9104 9925 1
9104 2015 1
9104 3026 1
4843 1286 1
4843 3945 1
4843 4039 1
4843 8425 1
4843 9141 1
3977 5206 1
3977 11187 1
3977 9591 1
3977 2275 1
3977 2970 1
7755 4919 1
7755 3181 1
7755 3215 1
7755 1248 1
7755 7212 1
8578 224 1
8578 9931 1
8578 4390 1
8578 5515 1
8578 7455 1
5424 2237 1
5424 4109 1
5424 2359 1
6352 430 1
6352 1755 1
6352 3455 1
6352 5971 1
6352 10860 1
1414 4266 1
1414 7297 1
1414 2888 1
1414 1741 1
1414 2401 1
4253 4353 1
4253 4590 1
4253 9457 1
4253 2877 1
4253 4128 1
5899 10654 1
5899 5443 1
5899 5868 1
5899 1152 1
5899 7177 1
2426 2770 1
2426 8242 1
2426 2867 1
2426 1368 1
2426 2073 1
3948 2221 1
3948 9790 1
3948 5112 1
4357 7867 1
4357 3914 1
4357 5442 1
4357 8802 1
4357 8374 1
3090 1029 1
3090 7015 1
3090 1733 1
3090 4119 1
3090 4472 1
9674 3117 1
9674 3422 1
9674 4192 1
9674 8455 1
3539 6432 1
3539 4245 1
3539 5271 1
3539 4956 1
1893 7520 1
1893 7407 1
1893 4640 1
1893 7554 1
1893 3116 1
8477 2015 1
8477 2367 1
8477 3753 1
8477 5626 1
3170 7359 1
3170 5163 1
3170 6834 1
3170 5616 1
3170 6529 1
5639 53 1
5639 5388 1
5639 10309 1
5639 8684 1
5639 2044 1
7275 5501 1
7275 9131 1
7275 10909 1
7265 8604 1
7265 2605 1
7265 3867 1
7265 4383 1
7265 7494 1
8911 6063 1
8911 4073 1
8911 4776 1
8911 1275 1
8911 8547 1
3644 4861 1
3644 8229 1
3644 11132 1
3644 8871 1
3644 5792 1
8882 5569 1
8882 4104 1
8882 4119 1
8882 10434 1
8882 6723 1
11002 15 1
11002 3570 1
11002 4278 1
11002 5819 1
11002 10452 1
10179 5295 1
10179 4015 1
10179 4018 1
10179 7370 1
8153 5395 1
8153 3383 1
8153 6563 1
8153 4483 1
8153 9939 1
3215 8002 1
3215 9761 1
3215 8644 1
3215 1331 1
3215 9899 1
10105 2859 1
10105 11130 1
10105 8827 1
10105 11114 1
3193 6362 1
3193 3193 1
3193 3193 1
3193 6349 1
3193 8919 1
7308 7505 1
7308 1688 1
7308 2877 1
7308 4003 1
7308 6099 1
8131 4403 1
9872 6576 1
9872 5441 1
9872 5481 1
9872 1640 1
9872 8188 1
9084 4956 1
4146 5681 1
4146 1755 1
4146 2476 1
4146 7264 1
4146 7902 1
6552 10814 1
6552 7274 1
6552 3166 1
6552 10654 1
6552 5319 1
3122 2064 1
3122 4782 1
3122 4477 1
3122 11048 1
3122 4828 1
4768 10425 1
4768 6552 1
4768 5659 1
4768 2340 1
4768 7640 1
7212 9662 1
7212 5831 1
7212 5847 1
7212 2188 1
7212 2795 1
8858 3748 1
8858 9925 1
8858 9104 1
8858 2015 1
8858 3026 1
9681 5569 1
9681 4104 1
9681 4119 1
9681 10869 1
9681 6723 1
3181 4937 1
3181 7427 1
3181 9761 1
3181 1248 1
3181 5119 1
6473 6734 1
6473 1854 1
6473 2329 1
6473 2729 1
6473 5830 1
6984 7192 1
6984 6364 1
6984 6548 1
6984 2530 1
6984 3818 1
3692 5293 1
3692 10539 1
3692 10964 1
3692 1132 1
3692 8071 1
11109 6529 1
11109 11125 1
11109 3344 1
11109 5133 1
5348 353 1
5348 7721 1
5348 2221 1
5348 10983 1
5348 9790 1
2056 1340 1
2056 2596 1
2056 9610 1
2056 8416 1
2056 4833 1
4919 7754 1
4919 4073 1
4919 4776 1
4919 1331 1
4919 8146 1
834 2461 1
834 9788 1
834 6910 1
834 8013 1
834 6935 1
3611 6097 1
3611 10487 1
3611 10202 1
3611 10135 1
3611 9110 1
4937 4782 1
4937 3267 1
4937 3270 1
4937 6892 1
4937 7755 1
4097 8871 1
4097 1754 1
4097 2450 1
4097 6980 1
4097 11109 1
5434 7275 1
5434 9011 1
5434 3774 1
5434 4610 1
2162 3733 1
2162 7294 1
2162 5647 1
2162 6052 1
2162 9431 1
1340 8416 1
1340 2056 1
1340 2569 1
1340 10050 1
1340 2596 1
7924 5492 1
7924 10416 1
7924 7929 1
7924 2431 1
7924 4571 1
6278 3286 1
6278 10050 1
6278 4686 1
6815 1365 1
6815 2876 1
6815 6372 1
7638 62 1
7638 1341 1
7638 2091 1
7638 4888 1
7638 8948 1
2008 6825 1
2008 2880 1
2008 9459 1
2008 3922 1
2008 6692 1
10238 10033 1
10238 4325 1
10238 4947 1
10238 5421 1
10238 8952 1
9011 4061 1
9011 2792 1
9011 4828 1
9011 10909 1
9011 7977 1
6762 1248 1
6762 4868 1
6762 5894 1
6762 8354 1
6762 3356 1
4308 8935 1
4308 6036 1
4308 8341 1
4308 2114 1
4308 6353 1
10970 258 1
10970 3659 1
10970 6792 1
10970 11044 1
10970 2804 1
1662 8100 1
1662 5974 1
1662 3918 1
1662 3384 1
1662 3806 1
1080 9281 1
1080 5871 1
1080 5806 1
1080 1159 1
6018 2982 1
6018 10917 1
8269 4468 1
8269 3572 1
8269 3611 1
8269 9147 1
8269 5974 1
9092 9733 1
9092 7622 1
9092 7637 1
9092 2505 1
9092 11007 1
10968 7007 1
10968 3076 1
10968 3684 1
10968 3988 1
10968 5659 1
8514 199 1
8514 2015 1
8514 2528 1
8514 4422 1
8514 9734 1
9148 5387 1
9148 3979 1
9148 4193 1
9148 1326 1
9148 8197 1
7407 1893 1
7407 7554 1
7407 3116 1
7407 4640 1
7407 7520 1
3317 3945 1
3317 2571 1
3317 8451 1
3317 4060 1
3317 10948 1
9043 1159 1
9043 4296 1
9043 4997 1
9043 7264 1
9043 9338 1
45 8320 1
45 10190 1
45 10047 1
45 5606 1
45 1625 1
853 7504 1
853 7845 1
853 2877 1
853 4730 1
853 10613 1
9083 10954 1
9083 2500 1
9083 6503 1
9083 8457 1
6220 5230 1
6220 3664 1
6220 9468 1
6220 7686 1
8998 5395 1
8998 3326 1
8998 6549 1
8998 4477 1
8998 4474 1
10020 5616 1
10020 4199 1
10020 4531 1
10020 10628 1
10020 7457 1
8419 4668 1
8419 10518 1
8419 10620 1
8419 3326 1
8419 4240 1
2658 5906 1
2658 7695 1
2658 7054 1
2658 4297 1
2658 8565 1
7147 6787 1
7147 3064 1
7147 8385 1
7147 9147 1
9616 713 1
9616 5722 1
9616 8611 1
9616 9278 1
9616 3953 1
10033 8767 1
10033 2908 1
10033 4128 1
10033 4947 1
10033 8305 1
10856 932 1
10856 7494 1
10856 9753 1
10856 3486 1
10856 6691 1
7606 10318 1
7606 7548 1
7606 10882 1
7606 2322 1
7606 3572 1
1249 4608 1
1249 10917 1
1249 9507 1
1249 1748 1
4842 5899 1
4842 3986 1
4842 4028 1
4842 7123 1
4842 10311 1
3615 412 1
3615 3397 1
3615 8103 1
3615 8748 1
3615 8345 1
1570 8015 1
1570 2846 1
1570 5562 1
1570 7686 1
1570 9468 1
8014 5272 1
8014 4067 1
8014 4193 1
8014 9727 1
8014 10009 1
5265 7640 1
5265 8116 1
5265 10425 1
5265 2562 1
5265 4557 1
4871 6786 1
4871 5503 1
4871 2854 1
4871 6391 1
3225 72 1
3225 9911 1
3225 1087 1
3225 2042 1
3225 2982 1
2402 4954 1
2402 8871 1
2402 6059 1
2402 8987 1
2402 6935 1
1082 6099 1
1082 8178 1
1082 7229 1
1082 5868 1
1082 3457 1
1727 2639 1
1727 8246 1
1727 2399 1
1727 8197 1
1727 5080 1
2954 4947 1
2954 4724 1
2954 6197 1
2954 3528 1
2954 10157 1
5409 7890 1
5409 3076 1
5409 3684 1
5409 3988 1
5409 5829 1
2546 2043 1
2546 10291 1
3123 2522 1
3123 7831 1
3123 9148 1
3123 4193 1
3123 8290 1
10777 7023 1
10777 4104 1
10777 8603 1
10777 5974 1
10777 5969 1
5016 8762 1
5016 10807 1
5016 2957 1
5016 7591 1
5016 7845 1
4607 4477 1
4607 7805 1
4607 7563 1
63 352 1
63 5167 1
63 1786 1
63 9939 1
63 268 1
7470 1365 1
7470 3922 1
7470 5824 1
7470 11068 1
7470 3644 1
3300 8985 1
3300 8060 1
3300 4933 1
3300 4627 1
2762 6109 1
2762 3747 1
2762 7190 1
2762 10073 1
8079 8187 1
8079 7064 1
8079 2445 1
8079 10723 1
8079 8523 1
6852 8278 1
6852 2358 1
6852 4372 1
6852 5171 1
6852 11020 1
10308 1281 1
10308 5241 1
10308 6777 1
10308 10343 1
10308 3574 1
2946 7505 1
2946 6019 1
2946 2979 1
2946 6923 1
2946 6918 1
7479 1675 1
7479 3922 1
7479 4332 1
7479 6706 1
7479 8411 1
3364 4468 1
3364 5395 1
3364 2505 1
3364 6097 1
3364 10202 1
5010 4313 1
5010 7646 1
5010 7904 1
5010 2453 1
5010 3572 1
8330 6052 1
8330 4531 1
8330 4629 1
8330 10487 1
8330 7806 1
4215 2063 1
4215 2432 1
4215 5609 1
4215 4298 1
2170 1286 1
2170 4008 1
2170 4843 1
2170 10612 1
2170 3637 1
6135 137 1
6135 3576 1
6135 5569 1
6135 10828 1
6135 2356 1
9427 5439 1
9427 3383 1
9427 6525 1
9427 4536 1
9427 10726 1
9387 4801 1
9387 3977 1
9387 4008 1
9387 1643 1
9387 6997 1
9983 8973 1
9983 2729 1
9983 3572 1
9983 7824 1
9160 1087 1
9160 7186 1
9160 8004 1
9160 2430 1
9160 2815 1
1818 1986 1
1818 9621 1
1818 2780 1
1818 1368 1
1818 3292 1
3045 1508 1
3045 5543 1
3045 5998 1
3045 9799 1
3045 4956 1
3286 10751 1
3286 2776 1
3286 4236 1
3286 7186 1
3286 8943 1
423 8225 1
423 9804 1
423 5552 1
423 502 1
423 7686 1
7412 1497 1
7412 4233 1
7412 10656 1
7412 9799 1
7412 3854 1
9216 1637 1
9216 8611 1
9216 11068 1
9216 5722 1
9216 5824 1
4278 5453 1
4278 7963 1
4278 2041 1
4278 7047 1
1248 5336 1
1248 2695 1
1248 7123 1
1248 4304 1
1248 4044 1
6108 3445 1
6108 4569 1
6108 4196 1
7754 4776 1
7754 3099 1
7754 3181 1
7754 1248 1
7754 6489 1
3482 3794 1
3482 3625 1
3482 9387 1
3482 2275 1
3482 2970 1
3672 9141 1
3672 1373 1
3672 2535 1
3672 2979 1
3672 3364 1
4495 10462 1
4495 809 1
4495 1287 1
4495 2377 1
4495 10232 1
7663 7239 1
7663 4297 1
7663 8345 1
7663 6097 1
7663 6061 1
5700 8604 1
5700 2453 1
5700 2851 1
5700 3644 1
5700 9349 1
4468 7845 1
4468 6923 1
4468 1965 1
4468 6459 1
9406 5133 1
9406 2162 1
9406 2727 1
9406 3086 1
9406 4396 1
5291 1395 1
5291 8380 1
5291 4706 1
5291 6432 1
5291 5638 1
68 9733 1
68 3397 1
68 10343 1
68 3510 1
68 9165 1
2522 403 1
2522 4193 1
2522 3748 1
2522 8014 1
2522 7831 1
11180 10396 1
9534 199 1
9534 6326 1
9534 1510 1
9534 1954 1
1354 1190 1
1354 5260 1
1354 9487 1
1354 3381 1
1354 7174 1
3583 2120 1
3583 9124 1
3583 5671 1
3583 7346 1
3583 3283 1
6471 2401 1
6471 6849 1
6471 6706 1
6471 4691 1
2356 1068 1
2356 5513 1
2356 10058 1
2356 6135 1
2356 2596 1
6049 4709 1
6049 7185 1
11168 11165 1
11168 2964 1
11168 3875 1
11168 6974 1
11168 9911 1
3761 8565 1
3761 10202 1
3761 5204 1
3761 3164 1
3761 10882 1
2145 4305 1
2145 5807 1
2145 1258 1
2145 9440 1
4190 4709 1
4190 4684 1
4190 5966 1
4190 2362 1
4190 3473 1
4553 7181 1
4553 11177 1
4553 8117 1
4553 2729 1
4553 4487 1
3326 5395 1
3326 3064 1
3326 9602 1
3326 7159 1
3326 8054 1
10580 7007 1
10580 3076 1
10580 3684 1
10580 3988 1
10580 5659 1
6465 791 1
6465 2779 1
6465 3776 1
6465 7273 1
6465 9561 1
10964 5293 1
10964 3882 1
10964 3914 1
10964 976 1
10964 7229 1
4724 9041 1
4724 1365 1
4724 2954 1
4724 3528 1
4724 5899 1
9662 6327 1
9662 4776 1
9662 4917 1
9662 1252 1
9662 8395 1
3734 2169 1
3734 9846 1
3734 8958 1
3734 10656 1
3734 7412 1
7259 11142 1
7259 4262 1
7259 4615 1
7259 6561 1
7259 8592 1
3967 10556 1
3967 2314 1
3967 2953 1
3967 3765 1
3967 4701 1
5708 8987 1
5708 4629 1
5708 4873 1
5708 2175 1
5708 8316 1
6526 5569 1
6526 4104 1
6526 4119 1
6526 7582 1
6526 8470 1
1540 2077 1
1540 11129 1
1540 2162 1
1540 9100 1
1540 8215 1
3994 2315 1
3994 11109 1
3994 6768 1
3994 11129 1
3994 7904 1
2348 62 1
2348 4332 1
2348 4605 1
2348 6791 1
2348 4985 1
11086 8912 1
11086 7606 1
11086 7660 1
11086 2322 1
11086 3572 1
1996 1029 1
1996 1180 1
6111 9441 1
6111 4917 1
6111 4919 1
6111 1331 1
6111 8547 1
10231 5441 1
10231 11129 1
10231 11093 1
10231 2284 1
10231 3364 1
8585 2175 1
8585 9110 1
8585 3583 1
8585 4583 1
5293 5503 1
5293 4128 1
5293 4432 1
5293 1229 1
5293 9929 1
8974 1023 1
8974 1180 1
6902 6685 1
6902 3416 1
6902 3922 1
6902 4443 1
6902 6096 1
8453 3775 1
8453 10048 1
8453 3882 1
5161 9939 1
5161 4298 1
5161 7031 1
5161 6737 1
5161 10318 1
5025 1159 1
5025 10195 1
5025 4347 1
5025 7925 1
2556 1846 1
2556 4709 1
2556 6416 1
2556 6142 1
7494 10628 1
7494 6579 1
7494 8565 1
7494 7878 1
239 4546 1
239 3842 1
239 7732 1
10938 7274 1
10938 5868 1
10938 5914 1
10938 2371 1
10938 10516 1
8285 5884 1
8285 4664 1
8285 4669 1
8285 7228 1
3793 4865 1
3793 7318 1
2970 6863 1
2970 2854 1
2970 10588 1
2970 6061 1
2970 10529 1
5439 9400 1
5439 4298 1
5439 7023 1
5439 5969 1
5439 6712 1
2386 216 1
2386 10179 1
2386 2982 1
2386 7359 1
2386 11008 1
9320 3812 1
9320 10792 1
9320 4432 1
9320 7521 1
9320 9072 1
6028 1542 1
6028 4445 1
6028 8374 1
6028 1732 1
6028 2357 1
5884 7064 1
5884 5819 1
5884 6786 1
5884 2114 1
5884 9490 1
6251 1555 1
6251 8009 1
6251 10291 1
6251 6561 1
6251 6259 1
6346 10291 1
6346 1715 1
6346 2466 1
6346 3232 1
6346 5499 1
5713 767 1
5713 4677 1
5713 5002 1
5713 1422 1
5713 1971 1
6536 3111 1
6536 8858 1
6536 9925 1
6536 1986 1
6536 2639 1
4985 62 1
4985 7178 1
4985 6410 1
4985 4332 1
4985 4431 1
3010 9442 1
3010 4797 1
3010 7733 1
3010 1991 1
3010 4606 1
5504 6099 1
5504 1688 1
5504 3926 1
5504 4253 1
5504 10954 1
6327 4128 1
6327 3237 1
6327 3570 1
6327 7720 1
6327 7229 1
280 5112 1
280 9790 1
280 2221 1
9278 7091 1
9278 4238 1
9278 8719 1
9278 6059 1
9278 6019 1
8455 9674 1
8455 3117 1
8455 3422 1
8455 3852 1
8455 6871 1
6058 6052 1
6058 4531 1
6058 4629 1
6058 7676 1
6058 11087 1
2377 9458 1
2377 1287 1
2377 8778 1
2377 9937 1
2377 5996 1
1519 1489 1
1519 7977 1
1519 7359 1
1519 7299 1
1519 4709 1
8103 412 1
8103 3397 1
8103 5163 1
8103 6115 1
8103 9072 1
7971 10921 1
7971 4452 1
7971 4965 1
7971 5865 1
7971 8951 1
3457 8753 1
3457 6552 1
3457 1570 1
3457 7123 1
5926 1172 1
5926 5241 1
5926 10278 1
5926 10528 1
5926 4477 1
2782 9387 1
2782 2249 1
2782 3392 1
1555 10291 1
1555 7560 1
1555 7115 1
1555 5652 1
1555 10084 1
2175 6938 1
2175 6642 1
2175 9108 1
2175 2957 1
3616 439 1
3616 6141 1
3616 7945 1
3616 5970 1
1147 3703 1
1147 1422 1
1147 7637 1
1147 6176 1
1147 10418 1
7098 6327 1
7098 5013 1
7098 5279 1
7098 1341 1
7098 8856 1
5452 887 1
5452 9889 1
5452 10964 1
5452 7497 1
5452 3391 1
8703 7560 1
8703 8157 1
8703 2650 1
8703 3755 1
5227 1555 1
5227 8703 1
5227 7560 1
5227 10291 1
4000 4264 1
4000 3788 1
4000 8187 1
4000 6763 1
4000 10343 1
9992 982 1
9992 3062 1
9992 5230 1
9992 5969 1
9992 2208 1
2585 390 1
2585 10132 1
2585 8841 1
2585 9342 1
2585 4225 1
10815 10913 1
10815 1287 1
10815 3621 1
10815 5170 1
10815 9991 1
9264 4865 1
9264 3736 1
9264 3761 1
9264 9600 1
9264 6097 1
5593 7457 1
5593 4531 1
5593 4629 1
5593 5616 1
5593 8565 1
3947 2046 1
3947 6659 1
3947 6508 1
10912 8126 1
10912 6500 1
10912 6529 1
10912 1746 1
10912 11109 1
5191 6938 1
5191 4128 1
5191 4432 1
5191 1341 1
5191 10873 1
10129 4919 1
10129 3181 1
10129 3215 1
10129 1248 1
10129 7212 1
4368 62 1
4368 11046 1
4368 2430 1
4368 2830 1
10064 4865 1
10064 8754 1
10064 8992 1
10064 3218 1
10064 3986 1
7595 199 1
7595 4164 1
7595 10459 1
7595 10471 1
7595 3140 1
5906 8543 1
5906 7994 1
5906 2658 1
5906 10983 1
5906 9446 1
3362 3383 1
3362 10792 1
3362 6876 1
3362 6890 1
3362 5503 1
1726 7754 1
1726 7746 1
1726 4917 1
1726 1331 1
1726 3181 1
7857 10233 1
7857 7339 1
7857 7710 1
7857 2736 1
7857 4480 1
11149 8952 1
11149 7865 1
11149 8099 1
11149 1793 1
11149 2859 1
10326 10828 1
10326 10582 1
10326 2186 1
10326 4874 1
5388 9387 1
5388 4801 1
5388 5324 1
5388 1802 1
5388 8684 1
1229 1716 1
1229 10673 1
1229 6194 1
1229 10964 1
1229 5472 1
8333 62 1
8333 2657 1
8333 4243 1
4218 392 1
4218 5154 1
4218 5186 1
4218 2889 1
4218 3756 1
1764 412 1
1764 10824 1
1764 8140 1
1764 7703 1
1764 6147 1
5326 6192 1
5326 4917 1
5326 4919 1
5326 1331 1
5326 8277 1
9007 7710 1
9007 5442 1
9007 5559 1
9007 1965 1
9007 10233 1
4069 6194 1
4069 5910 1
4069 10263 1
4069 1717 1
4069 6392 1
3383 4297 1
3383 4477 1
3383 6876 1
3383 7359 1
3383 10874 1
7064 5453 1
7064 3386 1
7064 6595 1
7064 4563 1
7064 4536 1
4264 5395 1
4264 9733 1
4264 5503 1
4264 8374 1
4264 7945 1
9118 6157 1
9118 1365 1
9118 2954 1
9118 3528 1
9118 5868 1
1659 10364 1
1659 2185 1
1659 10077 1
1659 4521 1
1659 6056 1
3305 297 1
3305 4193 1
3305 3748 1
3305 4386 1
3305 9148 1
10911 1159 1
10911 7334 1
10911 7211 1
2322 3813 1
2322 8523 1
2322 5708 1
2322 2284 1
2322 8079 1
7434 9206 1
7434 8009 1
7434 2078 1
7434 3572 1
4322 538 1
4322 9991 1
4322 5015 1
4322 3151 1
4322 3231 1
6791 62 1
6791 6410 1
6791 7178 1
6791 4332 1
6791 4605 1
8125 569 1
8125 7554 1
8125 9384 1
8125 3116 1
2493 2904 1
2493 4919 1
2493 7231 1
2493 3572 1
2493 3720 1
6172 9474 1
6172 3076 1
6172 3684 1
6172 3988 1
6172 5659 1
1234 11165 1
1234 6911 1
1234 4422 1
1234 6065 1
1234 6554 1
2880 7371 1
2880 2788 1
2880 10292 1
2880 5056 1
2880 4829 1
7131 4918 1
7131 8565 1
7131 8724 1
7131 3364 1
7131 4135 1
9600 9264 1
9600 5340 1
9600 10487 1
9600 7955 1
9600 7878 1
7859 920 1
7859 5366 1
7859 6196 1
7859 7288 1
7859 9787 1
3754 920 1
3754 8401 1
3754 7708 1
3754 6642 1
3754 9787 1
971 4810 1
971 10149 1
971 10091 1
971 1132 1
148 10584 1
148 9368 1
148 8477 1
148 3992 1
148 2569 1
7253 5460 1
7253 3678 1
7253 3914 1
7253 8239 1
7662 8345 1
7662 2249 1
7662 2782 1
7662 3392 1
7662 7147 1
2077 8304 1
2077 5456 1
2077 6737 1
2077 924 1
2077 9370 1
11130 5477 1
11130 2380 1
11130 2691 1
11130 3270 1
11130 4956 1
6192 7814 1
6192 4917 1
6192 4919 1
6192 1331 1
6192 8547 1
7153 8274 1
7153 10397 1
7153 8871 1
7153 2322 1
7153 3572 1
569 4640 1
569 7909 1
569 7554 1
569 3116 1
569 8125 1
4200 3857 1
4200 6445 1
4200 7965 1
4200 8786 1
4200 5071 1
8344 1161 1
8344 10913 1
8344 10566 1
3296 8304 1
3296 2339 1
3296 2674 1
3296 3149 1
3296 3469 1
5892 1196 1
5892 10951 1
5892 10941 1
5892 6843 1
5892 6336 1
6715 6491 1
6715 4629 1
6715 4873 1
6715 2175 1
6715 7530 1
2042 72 1
2042 3225 1
2042 5647 1
2042 6980 1
2042 2982 1
2830 62 1
2830 6953 1
2830 4605 1
2830 2430 1
2830 4368 1
7768 4877 1
7768 3042 1
7768 6062 1
7768 4123 1
7768 10551 1
9454 5260 1
9454 9092 1
9454 10882 1
9454 3062 1
9454 4333 1
5586 1 1
5586 2731 1
5586 3023 1
5586 10091 1
5586 6938 1
2294 982 1
2294 7288 1
2294 5444 1
2294 3062 1
2294 9992 1
384 2535 1
384 8269 1
384 7457 1
9653 384 1
9653 6391 1
9653 2819 1
9653 2842 1
9238 2255 1
9238 6801 1
9238 7699 1
9238 4350 1
9238 5386 1
9787 5395 1
9787 8756 1
9787 9181 1
9787 4023 1
9787 5116 1
7318 2054 1
7318 3241 1
7318 5129 1
7318 8401 1
7318 2960 1
5264 998 1
5264 5395 1
5264 9629 1
5264 3923 1
5264 4468 1
10487 8054 1
10487 7992 1
10487 3086 1
10487 11177 1
10487 11132 1
1434 3617 1
1434 4753 1
1434 4212 1
1434 4245 1
1434 3806 1
4286 720 1
4286 5120 1
4286 8997 1
4286 7530 1
4286 3931 1
8015 6552 1
8015 5230 1
8015 5382 1
8015 2226 1
8015 10516 1
5546 1219 1
5546 9416 1
5546 5299 1
5546 7392 1
7002 1180 1
7002 6950 1
2064 10723 1
2064 1600 1
2064 4107 1
2064 3657 1
2064 5147 1
7299 5696 1
7299 4033 1
7299 4338 1
7299 7123 1
10591 6197 1
10591 1365 1
10591 2954 1
10591 3528 1
10591 5868 1
3053 7946 1
3053 10850 1
3053 4196 1
3053 2954 1
3053 9118 1
3922 7470 1
3922 3644 1
3922 6981 1
3922 9740 1
3922 9605 1
8392 4709 1
