4262 4615 1
4262 8959 1
4262 5705 1
4262 5468 1
4262 7259 1
4615 7259 1
4615 543 1
4615 4262 1
4615 6374 1
7259 6405 1
7259 4615 1
7259 11113 1
7259 10586 1
7259 11142 1
8959 7299 1
8959 8178 1
8959 1767 1
8959 2371 1
8959 8410 1
5468 10814 1
5468 5182 1
5468 3346 1
5468 4028 1
5468 8705 1
5705 2961 1
5705 1650 1
5705 3647 1
5705 3345 1
5705 2103 1
1650 4262 1
1650 5705 1
2961 9339 1
2961 214 1
2961 5705 1
2961 6606 1
2961 3345 1
2371 2388 1
2371 8753 1
2371 7299 1
2371 10654 1
2371 5468 1
1767 8015 1
1767 9901 1
1767 3866 1
1767 10938 1
1767 4842 1
8178 8015 1
8178 5382 1
8178 3372 1
8178 4033 1
8178 10516 1
3647 2103 1
3647 10079 1
3647 5705 1
3647 3345 1
3647 550 1
543 7380 1
543 8823 1
543 2851 1
543 5230 1
543 2530 1
10586 7259 1
5182 8705 1
5182 6977 1
5182 3372 1
5182 4033 1
5182 7885 1
11142 7259 1
11142 6407 1
11142 7333 1
11142 2863 1
11142 8407 1
2103 3647 1
2103 5705 1
2103 10190 1
3345 9756 1
3345 5705 1
3345 7237 1
3345 2961 1
3345 550 1
11113 5015 1
11113 3814 1
11113 9743 1
11113 9416 1
11113 9693 1
10814 8015 1
10814 5382 1
10814 3372 1
10814 4033 1
10814 8753 1
7299 8802 1
7299 10152 1
7299 2412 1
7299 2944 1
7299 7359 1
8410 4208 1
8410 3364 1
8410 9710 1
8410 9110 1
8410 10524 1
3346 7120 1
3346 5562 1
3346 7299 1
3346 10516 1
3346 5724 1
6405 7259 1
6405 7588 1
6405 6691 1
6405 5260 1
6405 2851 1
8705 7885 1
8705 5230 1
8705 3346 1
8705 4028 1
8705 9347 1
4028 7885 1
4028 7299 1
4028 3372 1
4028 7686 1
4028 7123 1
6374 8767 1
6374 6814 1
6374 8013 1
6374 3326 1
6374 10850 1
3814 7112 1
3814 8132 1
3814 11113 1
3814 6376 1
3814 5543 1
7237 3345 1
7237 463 1
8013 9605 1
8013 8919 1
8013 3813 1
8013 5082 1
8013 8160 1
9756 4931 1
9756 3990 1
9756 10255 1
9756 8592 1
9756 9307 1
4033 6977 1
4033 5868 1
4033 3346 1
4033 4028 1
4033 7885 1
7333 8324 1
7333 3558 1
7333 9253 1
7333 8013 1
7333 11142 1
8407 2863 1
8407 2194 1
8407 11142 1
8407 7632 1
8407 10369 1
550 9756 1
550 458 1
550 3345 1
550 3647 1
2863 782 1
2863 310 1
2863 11142 1
2863 10195 1
2863 552 1
6407 9453 1
6407 10632 1
6407 5451 1
6407 6347 1
6407 10234 1
10190 7419 1
10190 45 1
10190 2103 1
7885 10311 1
7885 10152 1
7885 2686 1
7885 3389 1
7885 10654 1
3326 2402 1
3326 2658 1
3326 3309 1
3326 6058 1
3326 3672 1
8802 2958 1
8802 3060 1
8802 3957 1
8802 941 1
8802 9577 1
2851 10119 1
2851 8729 1
2851 9968 1
2851 2842 1
2851 2970 1
8015 7123 1
8015 4253 1
8015 2944 1
8015 3866 1
8015 7299 1
4208 3414 1
4208 2846 1
4208 10983 1
4208 10234 1
4208 5154 1
8767 5504 1
8767 6099 1
8767 8073 1
8767 2175 1
8767 6286 1
3866 8015 1
3866 6552 1
3866 3372 1
3866 5868 1
3866 10329 1
10850 2954 1
10850 7898 1
10850 4931 1
10850 6197 1
10850 10157 1
3364 10802 1
3364 4410 1
3364 7147 1
3364 1540 1
3364 4583 1
10516 10152 1
10516 10581 1
10516 2573 1
10516 3346 1
10516 11149 1
2944 6035 1
2944 3866 1
2944 7299 1
2944 3986 1
2944 8705 1
10524 8410 1
10524 392 1
7120 10329 1
7120 10814 1
7120 2686 1
7120 3389 1
7120 9468 1
5562 7274 1
5562 4028 1
5562 2846 1
5562 3457 1
5562 6576 1
9901 8015 1
9901 5382 1
9901 3372 1
9901 4033 1
9901 8753 1
9416 4818 1
9416 3504 1
9416 9080 1
9416 7574 1
9416 7949 1
7359 2112 1
7359 2262 1
7359 2842 1
7359 7484 1
7359 10777 1
2412 10329 1
2412 2601 1
2412 9347 1
2412 5562 1
2412 3047 1
5724 7274 1
5724 4867 1
5724 3346 1
5724 3986 1
5724 6576 1
5260 2440 1
5260 6841 1
5260 4289 1
5260 8214 1
5260 7530 1
7588 6002 1
7588 4656 1
7588 6244 1
7588 9899 1
7588 8504 1
10079 2219 1
10079 748 1
10079 1931 1
10079 3647 1
6691 2363 1
6691 6529 1
6691 4097 1
6691 5968 1
6691 9406 1
10152 8015 1
10152 5382 1
10152 3372 1
10152 4033 1
10152 8753 1
9347 7686 1
9347 5382 1
9347 3372 1
9347 4033 1
9347 8178 1
7123 4818 1
7123 5042 1
7123 6576 1
7123 1987 1
7123 9468 1
214 8408 1
214 9107 1
214 7418 1
214 5292 1
214 9449 1
6606 901 1
6606 9339 1
6606 2961 1
6606 1260 1
6606 520 1
9710 8362 1
9710 7208 1
9710 8410 1
9710 2889 1
9710 10249 1
9339 5289 1
9339 4194 1
9339 6595 1
9339 1877 1
9339 9317 1
5015 5314 1
5015 4370 1
5015 8108 1
5015 7583 1
5015 11113 1
2388 10311 1
2388 10654 1
2388 9901 1
2388 6552 1
2388 2573 1
6814 5774 1
6814 5225 1
6814 8160 1
6814 8013 1
6814 8347 1
9743 4240 1
9743 11177 1
9743 7924 1
9743 9962 1
9743 7304 1
10654 5536 1
10654 5899 1
10654 7248 1
10654 2344 1
10654 9502 1
5382 8705 1
5382 9347 1
5382 3372 1
5382 4033 1
5382 7885 1
3372 7123 1
3372 5562 1
3372 3457 1
3372 10516 1
3372 10938 1
10938 8015 1
10938 5382 1
10938 3372 1
10938 4033 1
10938 8753 1
8823 3179 1
8823 184 1
8823 543 1
8823 5456 1
7686 10152 1
7686 9468 1
7686 2944 1
7686 3624 1
7686 6552 1
8753 7171 1
8753 4311 1
8753 3047 1
8753 3866 1
8753 7354 1
6977 8753 1
6977 5382 1
6977 3372 1
6977 4033 1
6977 7885 1
9693 6196 1
9693 5082 1
9693 9346 1
9693 10759 1
9693 9253 1
2530 5830 1
2530 7640 1
2530 9996 1
2530 7192 1
2530 6364 1
7380 2762 1
7380 6365 1
7380 3800 1
7380 3344 1
7380 2539 1
9110 8239 1
9110 8565 1
9110 2791 1
9110 3058 1
9110 9008 1
4842 7299 1
4842 9887 1
4842 2601 1
4842 3047 1
4842 10152 1
5230 10329 1
5230 6183 1
5230 7299 1
5230 1755 1
5230 8285 1
5830 8778 1
5830 5779 1
5830 4112 1
5830 5195 1
5830 10707 1
4194 9339 1
4194 214 1
4194 5147 1
4194 5289 1
4194 9107 1
10329 7299 1
10329 5182 1
10329 3047 1
10329 3986 1
10329 8015 1
10759 4356 1
10759 9253 1
10759 6576 1
10759 8893 1
10759 10983 1
6196 9787 1
6196 10882 1
6196 9468 1
6196 3346 1
6196 9092 1
7354 3659 1
7354 3110 1
7354 10308 1
7354 6525 1
7354 6950 1
4311 1256 1
4311 296 1
4311 4945 1
4311 8753 1
4311 606 1
7171 10890 1
7171 4842 1
7171 2944 1
7171 3866 1
7171 9887 1
5456 2077 1
5456 10205 1
5456 2480 1
5456 2341 1
5456 543 1
3179 8823 1
3179 1274 1
9346 5441 1
9346 4655 1
9346 9092 1
9346 11114 1
9346 9025 1
9502 10158 1
9502 4725 1
9502 3229 1
9502 4308 1
9502 7359 1
7248 5899 1
7248 10975 1
7248 9468 1
7248 9275 1
7248 3419 1
5899 11007 1
5899 4724 1
5899 3097 1
5899 3993 1
5899 6196 1
11177 9793 1
11177 5339 1
11177 3662 1
11177 4732 1
11177 10138 1
5042 11114 1
5042 10276 1
5042 9228 1
5042 5541 1
5042 10143 1
4240 11177 1
4240 10434 1
4240 9995 1
4240 1982 1
4240 7059 1
5225 6341 1
5225 4978 1
5225 8160 1
5225 5437 1
5225 6814 1
4370 5015 1
4370 3151 1
4370 3422 1
4370 8341 1
1877 2175 1
1877 7845 1
1877 7229 1
1877 9072 1
1877 3926 1
2889 8920 1
2889 9710 1
2889 5836 1
2889 10552 1
2889 11121 1
7208 6412 1
7208 5984 1
7208 6972 1
7208 4107 1
7208 9501 1
8362 11138 1
8362 7921 1
8362 10154 1
8362 4001 1
8362 8815 1
1260 5083 1
1260 4180 1
1260 10319 1
1260 9258 1
1260 2305 1
901 6606 1
901 5083 1
9449 5989 1
9449 4358 1
9449 11105 1
9449 8408 1
9449 11120 1
5292 9563 1
5292 214 1
9107 10140 1
9107 9339 1
9107 9770 1
9107 4194 1
9107 2351 1
8408 4578 1
8408 9449 1
8408 5989 1
8408 5289 1
8408 3094 1
2363 5133 1
2363 7494 1
2363 4149 1
2363 11109 1
2363 10418 1
1931 6354 1
1931 10079 1
1931 4186 1
1931 2219 1
1931 4177 1
7304 9743 1
5314 5682 1
5314 7583 1
5314 5722 1
5314 11004 1
5314 5100 1
2539 9281 1
2539 8223 1
2539 9991 1
2539 7380 1
2539 2390 1
748 10079 1
748 6801 1
748 8450 1
2219 6243 1
2219 8373 1
2219 6430 1
2219 5678 1
2219 4969 1
5082 8013 1
5082 10759 1
5082 6257 1
5082 9468 1
5082 6576 1
8504 10635 1
8504 10225 1
8504 7318 1
8504 5129 1
8504 2975 1
4656 7588 1
4656 565 1
4656 3775 1
4656 8062 1
7530 2505 1
7530 2715 1
7530 3397 1
7530 8187 1
7530 8368 1
4867 6677 1
4867 8226 1
4867 5724 1
3047 7123 1
3047 5536 1
3047 7686 1
3047 6552 1
3047 10938 1
520 6606 1
520 5083 1
520 1260 1
2112 8282 1
2112 5374 1
2112 2238 1
2112 1281 1
2112 3574 1
7484 3344 1
7484 3523 1
7484 4563 1
7484 1412 1
7484 6572 1
3504 9416 1
9253 4655 1
9253 9733 1
9253 6576 1
9253 8523 1
9253 9788 1
2686 7120 1
2686 5382 1
2686 6977 1
2686 3866 1
2686 5724 1
3624 7885 1
3624 3866 1
3624 3372 1
3624 10890 1
3624 7123 1
4818 8078 1
4818 9405 1
4818 2078 1
4818 2760 1
4818 10355 1
6576 10329 1
6576 7299 1
6576 2846 1
6576 3300 1
6576 6977 1
4289 9454 1
4289 4081 1
4289 5260 1
7274 10938 1
7274 5382 1
7274 3372 1
7274 4033 1
7274 8705 1
9468 7123 1
9468 7288 1
9468 9358 1
9468 3047 1
9468 7370 1
5289 1285 1
5289 11101 1
5289 7249 1
5289 4194 1
5289 214 1
10983 6721 1
10983 7084 1
10983 11030 1
10983 2695 1
10983 7190 1
392 8968 1
392 10478 1
392 10963 1
392 10524 1
392 4218 1
2440 5260 1
2440 5968 1
2440 4081 1
1987 2762 1
1987 11173 1
1987 5906 1
1987 10528 1
1987 9446 1
6365 5124 1
6365 7380 1
6365 5996 1
6365 5451 1
6365 3636 1
9899 9441 1
9899 10326 1
9899 2493 1
9899 2904 1
9899 10129 1
8108 4331 1
8108 3081 1
8108 6959 1
8108 10021 1
8108 6379 1
45 5606 1
45 10047 1
45 7419 1
45 1625 1
45 10708 1
6347 6407 1
6347 7914 1
6347 11150 1
5451 6689 1
5451 6365 1
5451 10143 1
5451 2695 1
5451 10809 1
7640 10425 1
7640 5830 1
7640 4112 1
7640 5265 1
7640 8919 1
310 7632 1
310 9995 1
310 7466 1
310 2809 1
310 10601 1
552 7920 1
552 782 1
552 10195 1
552 2082 1
552 4792 1
8285 9223 1
8285 9356 1
8285 2854 1
8285 3373 1
8285 8341 1
9887 2877 1
9887 7215 1
9887 5124 1
9887 6576 1
9887 10031 1
2262 2658 1
2262 5241 1
2262 7371 1
2262 1412 1
2262 10041 1
3058 2897 1
3058 8316 1
3058 5016 1
3058 10547 1
3058 9110 1
5774 10882 1
5774 5225 1
5774 9572 1
5774 8347 1
5774 8160 1
5968 4604 1
5968 5016 1
5968 8771 1
5968 1715 1
5968 6927 1
10311 9901 1
10311 10814 1
10311 2573 1
10311 3062 1
10311 11149 1
8239 4947 1
8239 5460 1
8239 8998 1
8239 1681 1
8239 5881 1
3344 2223 1
3344 2281 1
3344 2979 1
3344 4954 1
3344 8719 1
6364 8778 1
6364 6757 1
6364 2220 1
6364 2530 1
6364 6767 1
5543 6244 1
5543 5260 1
5543 10248 1
5543 3545 1
5543 5968 1
10581 2656 1
10581 2221 1
10581 8589 1
10581 10516 1
10581 8422 1
10802 2192 1
10802 9100 1
10802 6286 1
10802 7294 1
10802 5441 1
2842 10886 1
2842 9358 1
2842 4308 1
2842 4871 1
2842 7064 1
7419 5224 1
7419 3415 1
7419 9449 1
7419 8461 1
7419 7651 1
7192 10401 1
7192 5471 1
7192 3870 1
7192 4768 1
7192 9758 1
6197 4209 1
6197 4818 1
6197 7190 1
6197 1406 1
6197 8469 1
6595 2362 1
6595 2447 1
6595 3064 1
6595 11054 1
6595 9427 1
7418 1477 1
7418 214 1
8214 5260 1
8214 5218 1
7147 5241 1
7147 5617 1
7147 7710 1
7147 2343 1
7147 7254 1
2762 8827 1
2762 5010 1
2762 6376 1
2762 2695 1
2762 8604 1
3558 10934 1
3558 8013 1
3558 11066 1
3558 7333 1
3558 5020 1
7632 552 1
7632 8407 1
7632 6809 1
7632 782 1
7632 310 1
6286 2571 1
6286 2851 1
6286 3523 1
6286 834 1
6286 6894 1
4097 5569 1
4097 2450 1
4097 7788 1
4097 6691 1
4097 8871 1
7898 2439 1
7898 10840 1
7898 6458 1
7898 2835 1
7898 2038 1
3800 3150 1
3800 2046 1
3800 7005 1
3800 10490 1
3800 10907 1
6376 9071 1
6376 7994 1
6376 2223 1
6376 2695 1
6376 11068 1
8565 2243 1
8565 2322 1
8565 3039 1
8565 10263 1
8565 10104 1
10157 2877 1
10157 6197 1
10157 4724 1
10157 5815 1
10157 9185 1
6099 2406 1
6099 2571 1
6099 3344 1
6099 687 1
6099 8961 1
1540 6935 1
1540 10802 1
1540 4044 1
1540 9131 1
1540 2077 1
7112 3814 1
7112 3182 1
7112 11156 1
7112 9513 1
7112 7880 1
10119 2851 1
2573 10329 1
2573 3624 1
2573 3346 1
2573 10654 1
2573 3047 1
2175 10528 1
2175 10873 1
2175 9007 1
2175 1965 1
2175 5559 1
782 10195 1
782 2863 1
782 8407 1
782 7632 1
782 6809 1
5504 4128 1
5504 3926 1
5504 8767 1
5504 11052 1
5504 6099 1
8073 3173 1
8073 8285 1
8073 6118 1
8073 7720 1
8073 6036 1
2846 7313 1
2846 5536 1
2846 4781 1
2846 2438 1
2846 5468 1
458 615 1
458 3647 1
458 5711 1
458 4313 1
458 550 1
10255 9756 1
3389 6224 1
3389 6629 1
3389 7264 1
3389 6552 1
3389 5278 1
3986 5894 1
3986 10890 1
3986 8959 1
3986 2686 1
3986 8345 1
4583 8269 1
4583 8585 1
4583 9264 1
4583 3761 1
4583 5534 1
2958 10804 1
2958 9141 1
2958 3234 1
2958 1412 1
2958 6935 1
8729 2851 1
8729 8201 1
8729 4162 1
8729 3461 1
8729 1513 1
8132 3814 1
8132 943 1
8132 10534 1
8132 11061 1
8132 3722 1
941 2192 1
941 8345 1
941 10777 1
941 4104 1
941 9939 1
7574 5176 1
7574 9416 1
7574 6222 1
7574 5967 1
7574 4209 1
9962 10685 1
9962 9743 1
6244 10479 1
6244 4828 1
6244 3316 1
6244 4382 1
6244 10009 1
6841 3544 1
6841 3245 1
6841 8151 1
6841 10941 1
6841 9931 1
3060 3951 1
3060 6577 1
3060 2281 1
3060 6918 1
3060 7091 1
184 3477 1
184 5456 1
184 8823 1
184 9383 1
184 2870 1
6552 5946 1
6552 6364 1
6552 9758 1
6552 2476 1
6552 7171 1
2970 2275 1
2970 2381 1
2970 5974 1
2970 3386 1
2970 8871 1
2791 7359 1
2791 5016 1
2791 3170 1
2791 4629 1
2791 7066 1
11149 10033 1
11149 6686 1
11149 2975 1
11149 5281 1
11149 10390 1
2194 6512 1
2194 7857 1
2194 2195 1
2194 8091 1
2194 6973 1
4253 2651 1
4253 6409 1
4253 8777 1
4253 7308 1
4253 8767 1
3457 4028 1
3457 10890 1
3457 2846 1
3457 7299 1
3457 7171 1
10632 11150 1
10632 6273 1
10632 6407 1
10234 11074 1
10234 6685 1
10234 5299 1
10234 6374 1
10234 10782 1
3672 2897 1
3672 5881 1
3672 5255 1
3672 8239 1
3672 9141 1
9080 6222 1
9080 5950 1
9080 6999 1
9080 3531 1
9080 8058 1
3309 10135 1
3309 9146 1
3309 2343 1
3309 2819 1
3309 8565 1
2658 8219 1
2658 7239 1
2658 8316 1
2658 834 1
2658 6097 1
9307 5996 1
9307 977 1
9307 8592 1
9307 7169 1
9307 1637 1
7949 9416 1
7949 2100 1
7949 3300 1
8347 5774 1
8347 5225 1
8347 8160 1
8347 6826 1
8347 8013 1
9968 9482 1
9968 9431 1
9968 10487 1
9968 5540 1
9968 2851 1
6183 5815 1
6183 5230 1
6183 6036 1
6183 1418 1
6183 11007 1
2402 6737 1
2402 10343 1
2402 3778 1
2402 1412 1
2402 9011 1
2601 3176 1
2601 11137 1
2601 2686 1
2601 1767 1
2601 6977 1
8324 8550 1
8324 7333 1
8324 10729 1
8324 3824 1
8324 9253 1
2954 7946 1
2954 5868 1
2954 10031 1
2954 4196 1
2954 11007 1
6058 8330 1
6058 7843 1
6058 2970 1
6058 3397 1
6058 10172 1
9317 7952 1
9317 1212 1
9317 4821 1
9317 9339 1
1755 9346 1
1755 6407 1
1755 11132 1
1755 8309 1
1755 10471 1
8919 3094 1
8919 6826 1
8919 5954 1
8919 6362 1
8919 8347 1
7924 1856 1
7924 8276 1
7924 5555 1
7924 7744 1
7924 5492 1
5536 9267 1
5536 4842 1
5536 3047 1
5536 3986 1
5536 10938 1
5154 10581 1
5154 9996 1
5154 4828 1
5154 9605 1
5154 10602 1
3990 6372 1
3990 9919 1
3990 7657 1
3990 7094 1
3990 6738 1
4931 8609 1
4931 5010 1
4931 11125 1
4931 10850 1
4931 4234 1
2344 7047 1
2344 7963 1
2344 9356 1
2344 8341 1
2344 6991 1
9996 5132 1
9996 4232 1
9996 8901 1
9996 7148 1
9996 8796 1
10195 7925 1
10195 7632 1
10195 8407 1
10195 782 1
10195 11142 1
6529 9011 1
6529 7977 1
6529 8604 1
6529 2791 1
6529 10546 1
6002 7830 1
6002 7588 1
6002 3436 1
6002 2768 1
6002 1087 1
3813 2461 1
3813 2788 1
3813 3409 1
3813 678 1
3813 10588 1
4410 7147 1
4410 7845 1
4410 10031 1
4410 3364 1
4410 4828 1
3957 3344 1
3957 3523 1
3957 9141 1
3957 1412 1
3957 6383 1
9453 6988 1
9453 5781 1
9453 7064 1
9453 9575 1
9453 10654 1
10249 11106 1
10249 9504 1
10249 11141 1
10249 5793 1
10249 4374 1
9577 2614 1
9577 2880 1
9577 3574 1
9577 756 1
9577 8716 1
463 7237 1
6035 2944 1
6035 9887 1
6035 4724 1
6035 5899 1
6035 7229 1
9008 9110 1
9008 6374 1
9008 3844 1
9008 5534 1
9008 9264 1
9605 2243 1
9605 2381 1
9605 3060 1
9605 8882 1
9605 10020 1
9406 2970 1
9406 10504 1
9406 5968 1
9406 8368 1
9406 5133 1
8160 9092 1
8160 5774 1
8160 4387 1
8160 5437 1
8160 8347 1
7583 8108 1
7583 6984 1
7583 9547 1
7583 5015 1
7583 1146 1
10369 782 1
10369 310 1
10369 10195 1
10369 8407 1
10369 552 1
8592 6243 1
8592 5230 1
8592 9139 1
8592 8406 1
8592 9756 1
5868 7215 1
5868 6220 1
5868 8178 1
5868 2601 1
5868 6224 1
10777 3234 1
10777 3383 1
10777 4474 1
10777 1233 1
10777 6286 1
3414 4245 1
3414 8014 1
3414 6841 1
3414 5824 1
3414 10267 1
11156 3415 1
4218 2889 1
4218 8968 1
6935 2238 1
6935 2842 1
687 3926 1
687 11052 1
9185 10157 1
9185 6035 1
9185 4128 1
5815 10602 1
5815 5154 1
5815 9092 1
5815 11007 1
10263 8345 1
2243 3523 1
2243 941 1
8827 11068 1
11068 10528 1
7005 3800 1
6458 7898 1
2439 6841 1
2439 3414 1
2439 7898 1
8871 2461 1
8871 2788 1
8871 3409 1
3110 7354 1
3110 6525 1
6894 3062 1
834 6286 1
834 9011 1
834 4382 1
834 7977 1
834 2461 1
2480 5456 1
2480 2341 1
2571 7359 1
2571 1412 1
10490 3800 1
6809 552 1
6809 8407 1
6809 7632 1
6809 782 1
6809 310 1
8604 2762 1
8604 6243 1
9427 8523 1
7254 7147 1
10546 9605 1
10546 2970 1
10546 3397 1
10546 10172 1
7710 9007 1
5241 2658 1
5241 3326 1
9356 4725 1
9356 3229 1
9356 4308 1
9356 7359 1
10934 8324 1
10934 3558 1
5996 9281 1
5996 3636 1
5996 7169 1
5996 1637 1
5996 6365 1
5617 9072 1
5218 8214 1
5218 5260 1
1477 7418 1
1477 214 1
11054 2975 1
11054 4104 1
8585 4583 1
8585 2175 1
3064 8716 1
3064 1233 1
1418 9092 1
1418 5815 1
1418 6183 1
10471 9383 1
2038 6458 1
2447 8802 1
2447 1412 1
2447 2854 1
3182 7112 1
4828 2461 1
9758 4768 1
9758 2601 1
2351 10140 1
2351 9107 1
4768 4112 1
4768 5830 1
5471 7640 1
5471 6364 1
3523 2970 1
3523 3062 1
3523 4104 1
3523 941 1
3523 7084 1
5224 6243 1
7064 2842 1
7064 2958 1
8961 3234 1
8961 3386 1
4871 9502 1
4871 7064 1
4871 2344 1
756 6099 1
756 8719 1
756 2381 1
5569 9427 1
5569 8802 1
7215 6197 1
7215 4724 1
7215 5868 1
7215 11007 1
10886 2571 1
10886 3386 1
2656 10581 1
10401 6984 1
3039 2970 1
7977 5974 1
7977 2461 1
2221 10581 1
10907 3800 1
3545 5543 1
10129 9899 1
10129 2854 1
11066 3558 1
11066 8324 1
3659 1877 1
7994 11068 1
7994 8827 1
10882 4356 1
10882 6196 1
6757 6767 1
6757 5678 1
2281 941 1
2281 9146 1
2223 2762 1
2223 11173 1
2223 9446 1
5881 3058 1
5881 1233 1
943 8132 1
1681 10343 1
1681 5241 1
1681 7359 1
3062 2402 1
3062 2571 1
3062 5154 1
6354 1931 1
6354 4177 1
4209 9080 1
4209 6197 1
4209 9416 1
3386 10343 1
5281 4947 1
8771 5968 1
8771 6691 1
8771 10487 1
4604 9072 1
8719 3397 1
8719 4474 1
8719 1412 1
9572 5774 1
9572 5225 1
9572 8160 1
9572 6826 1
9572 8013 1
8316 2238 1
9139 8592 1
5950 5133 1
5950 9080 1
5950 6999 1
5950 3531 1
10031 10850 1
2877 8767 1
4792 2082 1
4792 552 1
4792 8407 1
4792 7920 1
7920 3234 1
7920 3386 1
7920 4474 1
10601 310 1
2809 310 1
2809 9995 1
5278 7120 1
5278 6552 1
5278 5868 1
5265 5195 1
5265 7192 1
5265 5830 1
4954 3344 1
4954 1233 1
8226 8073 1
3097 2819 1
3097 4871 1
10504 2970 1
10504 9406 1
10504 5968 1
10504 8368 1
10504 5133 1
9267 5536 1
678 6099 1
678 8523 1
7466 11142 1
7466 310 1
7466 6407 1
9275 2944 1
9275 8767 1
11121 5836 1
11121 2889 1
6412 7208 1
8058 5133 1
8058 6999 1
8058 5950 1
8058 3531 1
5195 2530 1
5195 5946 1
5195 5471 1
3150 3800 1
5984 7208 1
4186 1931 1
10809 2223 1
10809 2762 1
5492 7924 1
7946 7215 1
7946 6197 1
9770 9107 1
4044 9899 1
10588 2958 1
10588 3813 1
10588 941 1
10588 8998 1
1412 2112 1
1412 1681 1
1412 756 1
3094 7640 1
4177 6354 1
4177 1931 1
6222 5967 1
6222 4209 1
6222 9416 1
6222 7574 1
6222 5176 1
5722 5437 1
2450 4097 1
6257 5260 1
6257 6576 1
6257 9788 1
6257 8013 1
10635 7588 1
10635 9011 1
10635 2975 1
10635 10225 1
1637 5996 1
1637 7169 1
1637 4033 1
10225 7318 1
10225 4234 1
10225 7588 1
8998 2571 1
8998 2819 1
8998 3523 1
8998 756 1
8998 8523 1
8589 10581 1
8589 5154 1
8406 6243 1
8406 5224 1
8406 8592 1
4725 3229 1
4725 4308 1
2975 2970 1
2975 5129 1
2975 10343 1
2975 941 1
2975 6097 1
5020 8324 1
5020 3558 1
565 3775 1
4655 5154 1
4655 2846 1
4655 10759 1
4655 9253 1
4655 4208 1
7239 3344 1
7239 3523 1
7239 4563 1
7239 1412 1
7239 6572 1
8187 2788 1
10319 5083 1
3775 4656 1
8893 4180 1
8893 2851 1
6801 3659 1
5010 6036 1
5010 5230 1
8282 3386 1
8282 9141 1
2238 8316 1
2238 5881 1
6737 7359 1
10418 9025 1
10418 9788 1
10418 9996 1
8373 9383 1
3234 4104 1
3234 8316 1
3234 1412 1
3234 3344 1
10873 10031 1
10873 2819 1
5147 4194 1
11052 2877 1
11052 9275 1
11052 6099 1
7371 3344 1
7371 3523 1
7371 4563 1
7371 1412 1
7371 6572 1
4128 8239 1
4128 5899 1
6118 2601 1
6118 3300 1
6036 7963 1
6036 8073 1
6036 2344 1
6036 9008 1
7313 9008 1
7313 4356 1
2322 7370 1
2322 9011 1
10552 9710 1
10552 2889 1
10552 5836 1
10154 8362 1
10154 4001 1
6572 2958 1
6572 3060 1
6572 3957 1
6572 941 1
8815 8362 1
8815 7208 1
7169 5996 1
7169 11007 1
5124 4842 1
5124 9887 1
5124 5996 1
4781 2846 1
4313 5711 1
4313 8604 1
6629 5278 1
6629 7264 1
6220 9347 1
6220 10152 1
6220 2388 1
6220 2846 1
6220 6576 1
10009 8014 1
4358 9449 1
5176 9080 1
5176 4209 1
5176 6222 1
5176 9416 1
5176 7574 1
3761 2819 1
3761 9008 1
3761 9100 1
3761 5534 1
2438 2505 1
5678 9383 1
9793 6244 1
5559 5016 1
5559 6737 1
5559 7857 1
8422 11149 1
8422 10390 1
9141 2958 1
9141 3058 1
9141 3778 1
9575 9453 1
5460 10547 1
5460 4104 1
3415 11177 1
3415 7419 1
10534 8132 1
3951 3993 1
3951 8882 1
2305 4180 1
9258 1260 1
11061 3814 1
11061 8132 1
11061 3722 1
3722 3814 1
10685 9962 1
2505 7239 1
2505 3039 1
3245 6841 1
7744 5555 1
4104 2791 1
9446 9405 1
9446 10528 1
6918 3951 1
1856 7924 1
1233 1681 1
11109 3062 1
11109 10418 1
11109 6691 1
11109 6529 1
7925 10195 1
2275 2970 1
9228 5314 1
9228 10143 1
9228 10158 1
10033 4128 1
10033 8767 1
5534 3326 1
5534 3761 1
5534 7845 1
4001 8362 1
4001 10154 1
8609 3659 1
6973 6973 1
6973 2194 1
1212 9317 1
1212 7952 1
1212 9339 1
1212 4821 1
5711 4313 1
5711 458 1
5711 615 1
2651 4253 1
8777 7171 1
8777 4253 1
8777 11007 1
8368 10504 1
6512 2194 1
10602 5154 1
10602 9996 1
10602 5815 1
10602 941 1
7308 3926 1
7308 2877 1
7308 9275 1
6273 6576 1
6273 5724 1
6273 6407 1
6273 11150 1
6273 10632 1
7914 6841 1
7091 941 1
5299 9787 1
10782 10234 1
10782 6196 1
6826 5774 1
6826 5225 1
6826 8347 1
6826 10882 1
6826 8919 1
10941 6197 1
10941 2439 1
10135 3309 1
10135 8565 1
10135 5016 1
4374 11106 1
4374 9504 1
4374 10249 1
2819 2406 1
2819 3761 1
9092 6374 1
9092 9788 1
8269 8565 1
8269 8316 1
9146 3234 1
9264 8269 1
9264 2505 1
4356 5562 1
4356 10882 1
4356 3326 1
4356 3761 1
2100 7949 1
2100 11113 1
5781 7914 1
9482 5540 1
3461 8729 1
8778 4112 1
3870 5830 1
3870 5946 1
3870 7192 1
9431 3062 1
9431 7843 1
9431 6197 1
10143 8078 1
10143 2762 1
4382 941 1
4382 6097 1
5974 2322 1
5974 3039 1
5974 10882 1
6383 3957 1
10487 5974 1
10487 6529 1
6372 8014 1
606 2571 1
7190 8078 1
10205 5456 1
9011 2238 1
9788 9605 1
9788 3062 1
2381 8187 1
2381 8565 1
2381 1412 1
8550 8324 1
8550 3558 1
8550 3824 1
9358 9502 1
9358 2877 1
11004 5100 1
11004 8108 1
11004 5682 1
11004 5314 1
11004 5015 1
8330 2970 1
8330 3397 1
6097 3062 1
6097 1233 1
1982 4240 1
2390 8223 1
5682 5100 1
5682 7583 1
5682 11004 1
5682 5314 1
5682 5015 1
8151 7123 1
8151 6841 1
8151 10809 1
8151 9228 1
7318 5129 1
7318 8504 1
9787 7215 1
3176 2601 1
7952 9339 1
7952 1212 1
7952 4821 1
7952 9317 1
4821 9339 1
4821 1212 1
4821 7952 1
4821 9317 1
10138 11177 1
6362 9788 1
6362 10031 1
6362 6374 1
9100 8998 1
9100 2343 1
4162 8729 1
11138 8362 1
9919 7657 1
9919 3990 1
9919 6738 1
7657 3990 1
7657 7094 1
7657 6738 1
7657 2605 1
6430 2460 1
6430 10760 1
9931 7876 1
9931 6841 1
9931 8578 1
9931 5141 1
9931 9014 1
11125 8813 1
11125 7904 1
11125 11109 1
11125 3994 1
11125 11129 1
7963 9223 1
7963 4725 1
7963 3229 1
7963 4308 1
7963 7359 1
5100 5314 1
5100 7221 1
5100 9073 1
5100 9453 1
3544 6841 1
3544 6257 1
3544 5260 1
6991 4725 1
6991 3229 1
6991 4308 1
6991 7193 1
11106 5034 1
11106 9504 1
11106 5534 1
11106 4374 1
5132 8341 1
5132 9996 1
5132 4232 1
5132 2448 1
7148 10777 1
7148 6938 1
7148 9996 1
7148 3358 1
7148 615 1
8796 9996 1
7830 2982 1
7830 3436 1
7830 1413 1
7830 10828 1
4149 6737 1
4149 8543 1
4149 2601 1
9939 3062 1
9939 10777 1
5824 6914 1
5824 8014 1
11141 10249 1
11141 6506 1
3436 4883 1
3436 1413 1
3436 6002 1
3436 7830 1
10020 8565 1
10020 2880 1
10020 3327 1
7264 3389 1
7264 9043 1
7264 6629 1
7264 5319 1
9733 3957 1
6738 6372 1
6738 9919 1
6738 11033 1
6738 7094 1
6738 3990 1
977 9756 1
977 11033 1
977 6738 1
977 6372 1
977 5010 1
2768 5717 1
5255 6162 1
5255 3672 1
5255 10104 1
6988 9453 1
6988 5451 1
6988 7970 1
5967 5176 1
5967 9080 1
5967 7574 1
5967 4209 1
2695 6137 1
2695 2594 1
4331 3599 1
4331 7650 1
8716 2970 1
8716 3062 1
8716 3957 1
8716 941 1
3778 3344 1
3778 3523 1
3778 1412 1
5793 10249 1
5946 10585 1
3477 184 1
3477 9383 1
3477 9556 1
3477 9945 1
2880 2121 1
2880 2272 1
2880 4892 1
2880 7084 1
2461 9788 1
2461 5154 1
2461 4914 1
4107 10158 1
4107 2997 1
4107 9850 1
7788 7494 1
7788 4097 1
4387 7307 1
4387 4814 1
4387 3344 1
4387 6960 1
10343 2979 1
10343 3227 1
10343 4000 1
10343 1066 1
10343 10274 1
9547 7620 1
9547 7583 1
1146 7583 1
1146 11004 1
1146 8108 1
3383 4104 1
8014 8128 1
8014 1675 1
8014 2817 1
8014 10443 1
6685 4474 1
6685 6096 1
6685 8829 1
10267 3578 1
10267 3414 1
10267 2439 1
2078 11173 1
2078 8009 1
2078 3597 1
2078 7190 1
2078 4027 1
10308 9385 1
10308 6777 1
10308 10343 1
10308 3574 1
10308 1484 1
5129 2975 1
5129 8504 1
5129 7318 1
5129 3241 1
10890 8015 1
10890 5382 1
10890 3372 1
10890 4033 1
10890 8753 1
6525 3227 1
6525 1128 1
6525 9165 1
3662 6742 1
3662 11177 1
1281 6777 1
1281 10908 1
1281 8936 1
2077 7634 1
2077 3813 1
2077 6935 1
2077 9131 1
2077 10221 1
5954 5946 1
5954 5471 1
5954 7192 1
4308 7047 1
4308 3229 1
4308 9441 1
3081 8108 1
2760 4027 1
9072 3926 1
9072 5617 1
11137 2530 1
11137 6552 1
11137 5265 1
11137 5946 1
7845 6737 1
4947 4724 1
4947 4128 1
4947 9275 1
10708 4943 1
10708 45 1
10708 6751 1
10708 4260 1
4112 2530 1
4112 8778 1
4112 4768 1
4112 5946 1
2835 2090 1
2835 7898 1
2835 6580 1
6950 7354 1
7066 8316 1
7066 8330 1
7066 2970 1
7066 3397 1
7066 9108 1
6243 8349 1
6243 8592 1
9131 6840 1
9131 2563 1
9131 7616 1
5016 2343 1
5441 10802 1
5441 6196 1
11105 4553 1
11105 11177 1
11105 9449 1
11105 8461 1
11105 3008 1
9991 9937 1
9991 4322 1
8345 2272 1
8345 2402 1
8345 3062 1
8345 8603 1
8345 6918 1
7921 9492 1
7921 8149 1
7921 8362 1
10390 11149 1
10390 10311 1
10390 10516 1
4629 7992 1
4629 5708 1
10355 3838 1
10355 3258 1
11173 8543 1
11173 9731 1
3422 3293 1
3422 3151 1
3422 4322 1
4245 3414 1
4245 3539 1
4245 2439 1
3300 5123 1
3300 9838 1
3300 6556 1
3300 5638 1
10707 2530 1
10707 6552 1
10707 5265 1
10707 5946 1
3419 10975 1
3419 5899 1
3419 10654 1
3419 7248 1
2192 3644 1
2192 6595 1
2192 941 1
2192 10231 1
9071 6349 1
9071 6735 1
9071 8856 1
9071 6821 1
5779 2530 1
5779 5265 1
5779 6552 1
5779 9306 1
9501 4719 1
9501 6271 1
4563 2890 1
4563 2979 1
4563 896 1
10975 5899 1
10975 10654 1
10975 9275 1
10975 7248 1
10975 3419 1
7294 10418 1
7294 3813 1
7294 2877 1
7294 3364 1
7294 10231 1
4969 2219 1
10434 8282 1
7370 4396 1
7370 1806 1
9405 8543 1
9405 10809 1
9405 11068 1
2341 8827 1
2341 5456 1
2341 2480 1
7249 5289 1
7249 112 1
7249 9563 1
7249 8408 1
7249 214 1
296 8354 1
296 2275 1
10172 9011 1
10172 2970 1
10172 3327 1
10172 10020 1
7880 7112 1
7880 10224 1
6999 3531 1
6999 8058 1
6999 5950 1
6999 5133 1
11114 9319 1
11114 6576 1
11114 8827 1
11114 11129 1
2476 7264 1
2476 5319 1
2476 5868 1
2476 5278 1
4945 4311 1
4945 606 1
4945 8753 1
4945 1256 1
6577 8716 1
6577 6723 1
8223 7459 1
8223 10248 1
5437 3636 1
5437 6118 1
5437 6349 1
5437 5722 1
5437 5774 1
2046 6508 1
2046 10913 1
2046 11181 1
10276 1671 1
10276 10069 1
10276 5042 1
6984 5830 1
6959 5001 1
6959 4444 1
6959 9078 1
11074 6685 1
11074 1979 1
11074 10234 1
11074 9253 1
6379 7812 1
6379 5730 1
6379 11177 1
6379 9135 1
6379 10166 1
8341 8903 1
8341 9223 1
8341 3229 1
8341 4308 1
8341 7047 1
9025 2851 1
9025 8086 1
9025 6196 1
9025 7110 1
9025 10418 1
4234 10850 1
4234 5010 1
4234 10225 1
9995 5548 1
9995 7924 1
1406 4818 1
1406 1482 1
1406 2078 1
1406 9446 1
2406 4104 1
3229 7047 1
3229 6935 1
3229 8903 1
2715 7530 1
2715 1285 1
11132 2819 1
11132 2970 1
11132 8572 1
1256 4311 1
1256 606 1
1256 8753 1
1256 4945 1
11007 5868 1
11007 4724 1
11007 5230 1
11007 10031 1
3926 10964 1
3926 2339 1
3926 2877 1
3926 6224 1
4724 7215 1
4724 4947 1
4724 9275 1
4724 9041 1
5133 11129 1
5133 6286 1
5133 2970 1
5133 3344 1
5133 8338 1
9223 4725 1
9223 3229 1
9223 4308 1
9223 7359 1
10041 3234 1
10041 3386 1
10041 1137 1
10041 6139 1
3170 6595 1
3170 9333 1
3170 2880 1
3170 4629 1
3993 2192 1
3993 2281 1
3993 8871 1
8078 10809 1
8078 9405 1
10547 8998 1
10547 4468 1
10547 3326 1
8901 3176 1
8901 10840 1
8901 6197 1
8901 7941 1
8901 5970 1
7229 2406 1
7229 2827 1
7229 8767 1
5836 6538 1
5836 2889 1
5836 11121 1
5836 9710 1
5836 10552 1
9504 11106 1
9504 4374 1
9504 10249 1
11150 6273 1
11150 5722 1
11150 6347 1
11150 10632 1
1274 3179 1
1274 8780 1
1274 6197 1
1274 7792 1
2870 2975 1
2870 8373 1
2870 3155 1
2870 2219 1
5339 11177 1
5339 2764 1
5339 4254 1
9454 7313 1
9454 5824 1
9454 6374 1
3409 2819 1
3409 756 1
4232 2448 1
4232 9996 1
4232 8901 1
4232 5697 1
5555 7924 1
5555 7744 1
4732 10620 1
4732 9995 1
4732 3530 1
5541 8778 1
5541 5015 1
5541 3814 1
5541 3539 1
10479 5968 1
10479 6407 1
10479 6244 1
10479 3008 1
2082 8407 1
2082 552 1
2082 4792 1
5374 3344 1
5374 3523 1
5374 4563 1
5374 1412 1
5374 10343 1
7047 7359 1
7047 4725 1
7047 3229 1
7047 4308 1
7047 7064 1
6224 2476 1
6224 6629 1
6224 5319 1
6224 7120 1
6224 5278 1
4578 5970 1
4578 8427 1
4578 8408 1
4578 5312 1
1715 4604 1
1715 6835 1
1715 9072 1
4180 2291 1
4180 6047 1
4180 10759 1
10158 4044 1
10158 5819 1
10158 1726 1
10158 8002 1
3574 2880 1
3574 2979 1
3574 941 1
3574 6723 1
1513 5730 1
1513 8729 1
1513 5750 1
8920 2889 1
9513 5015 1
9513 11113 1
9513 7112 1
9513 3814 1
7059 4782 1
7059 4240 1
6341 4978 1
6341 6349 1
6341 6814 1
6341 10940 1
10840 2439 1
10840 7972 1
615 4313 1
615 7148 1
615 8604 1
4978 6349 1
4978 9431 1
4978 3318 1
4978 10882 1
3151 3422 1
3151 5015 1
3151 4322 1
3151 923 1
10104 2897 1
10104 9141 1
10104 5016 1
10104 8269 1
5989 8408 1
5989 7198 1
5989 9449 1
9281 2539 1
9281 3800 1
9281 9019 1
9281 7380 1
8882 9605 1
10528 4960 1
10528 5246 1
10528 1965 1
10528 10210 1
4081 2672 1
4081 9402 1
4081 8022 1
4081 4081 1
2854 2381 1
2854 8282 1
2854 5053 1
2854 8871 1
9563 5292 1
9563 112 1
9563 7249 1
9563 214 1
7094 6372 1
7094 9756 1
7094 11033 1
7094 6738 1
7094 3990 1
2979 8716 1
2979 9577 1
2979 1233 1
2979 3064 1
3173 8073 1
3173 8226 1
7288 3062 1
7288 5969 1
7288 5899 1
1285 7434 1
1285 8944 1
11101 9162 1
11101 5289 1
6721 10983 1
6721 5154 1
6721 353 1
7084 8716 1
7084 10792 1
7084 9427 1
7084 3060 1
11030 10983 1
8968 8526 1
8968 10517 1
8968 392 1
2788 7768 1
2788 1412 1
1965 3699 1
1965 2175 1
5540 2970 1
5540 8767 1
10478 392 1
10478 2248 1
1087 4331 1
1087 9842 1
10963 10478 1
10963 1214 1
10140 2351 1
10140 8398 1
10140 7064 1
10140 8008 1
6409 4353 1
6409 4253 1
6409 4952 1
8523 2880 1
8523 2975 1
8523 756 1
2493 3267 1
2493 2285 1
2493 6111 1
3316 7929 1
3636 5124 1
3636 5437 1
3636 5996 1
3636 10567 1
6972 7208 1
9441 4631 1
9441 6737 1
2897 8316 1
2897 3364 1
2897 10547 1
2897 2979 1
7857 2195 1
7857 5559 1
7857 10528 1
10326 5405 1
4196 4842 1
4196 6108 1
3373 7876 1
3373 2854 1
3373 9223 1
3373 5073 1
5083 6606 1
5083 9775 1
5083 2111 1
5083 10319 1
10021 1775 1
10021 5968 1
10021 4326 1
10021 5420 1
2614 7977 1
2614 6927 1
2614 7017 1
5906 5441 1
5606 5569 1
5606 1975 1
7651 3415 1
7651 7419 1
8469 2181 1
8469 5942 1
8469 933 1
8469 6197 1
3531 7294 1
3531 5950 1
3531 9080 1
3531 6999 1
3531 9072 1
1625 3406 1
1625 10930 1
1625 5126 1
1625 6356 1
3844 9008 1
3844 6565 1
3844 4356 1
10804 3326 1
10804 4536 1
10804 1412 1
10804 6525 1
3397 2262 1
3397 2381 1
3397 5053 1
6689 11068 1
6689 2762 1
6689 8827 1
2195 2194 1
2195 3947 1
2195 7857 1
10425 2530 1
10425 6552 1
10425 5265 1
10425 5946 1
