8627 6935 1
8627 2632 1
8627 6910 1
8627 7023 1
8627 6525 1
6525 4297 1
6525 3064 1
6525 5443 1
6525 10004 1
6525 4870 1
6910 4396 1
6910 3234 1
6910 5574 1
6910 10004 1
6910 5056 1
2632 6910 1
2632 3553 1
2632 6525 1
2632 7023 1
2632 3788 1
6935 2854 1
6935 10004 1
6935 3553 1
6935 9502 1
6935 3241 1
7023 4477 1
7023 3317 1
7023 6019 1
7023 8523 1
7023 5374 1
3234 4747 1
3234 4115 1
3234 8961 1
3234 4060 1
3234 3788 1
5574 3510 1
5574 2734 1
5574 4335 1
5574 10551 1
5574 3977 1
4870 839 1
4870 42 1
4870 3813 1
4870 7411 1
4870 10374 1
10004 4747 1
10004 3397 1
10004 6383 1
10004 10343 1
10004 5597 1
5443 9235 1
5443 4948 1
5443 10954 1
5443 8779 1
5443 7064 1
4477 4474 1
4477 3234 1
4477 5053 1
4477 8603 1
4477 6712 1
5374 4747 1
5374 3397 1
5374 6737 1
5374 6097 1
5374 8229 1
3064 5053 1
3064 9733 1
3064 3788 1
3064 5503 1
3064 6194 1
3317 2851 1
3317 7023 1
3317 8229 1
3317 6786 1
3317 3234 1
8523 3957 1
8523 2946 1
8523 4941 1
8523 7867 1
8523 4480 1
3241 2175 1
3241 53 1
3241 4480 1
3241 8304 1
3241 10792 1
9502 9441 1
9502 18 1
9502 8341 1
9502 8285 1
9502 4725 1
4396 2658 1
4396 232 1
4396 6935 1
4396 3086 1
4396 1515 1
4297 4477 1
4297 3326 1
4297 10886 1
4297 7371 1
4297 8785 1
5056 6244 1
5056 5163 1
5056 6834 1
5056 5970 1
5056 6286 1
2854 8285 1
2854 2484 1
2854 9441 1
2854 7023 1
2854 8903 1
6019 4747 1
6019 3397 1
6019 7239 1
6019 10551 1
6019 5597 1
3788 3534 1
3788 2727 1
3788 4664 1
3788 5056 1
3788 8219 1
3553 3788 1
3553 27 1
3553 7023 1
3553 6525 1
3553 5430 1
4480 3234 1
4480 2381 1
4480 4061 1
4480 8961 1
4480 3772 1
2734 5241 1
2734 8736 1
2734 4297 1
2734 3977 1
2734 4264 1
3510 7843 1
3510 5974 1
3510 7159 1
3510 4649 1
3510 7370 1
18 6935 1
18 1229 1
18 2406 1
18 2114 1
18 8516 1
7411 1407 1
7411 42 1
7411 3813 1
7411 8919 1
7411 6362 1
2658 10353 1
2658 8229 1
2658 4828 1
2658 2946 1
2658 7597 1
6737 2595 1
6737 7047 1
6737 10158 1
6737 8354 1
6737 2970 1
6834 10588 1
6834 9602 1
6834 9600 1
6834 7457 1
6834 7370 1
8603 4483 1
8603 3326 1
8603 6071 1
8603 10004 1
8603 5439 1
4335 2563 1
4335 808 1
4335 10909 1
4335 2664 1
4335 6840 1
5053 4747 1
5053 3397 1
5053 7695 1
5053 6525 1
5053 8755 1
3957 8802 1
3957 3397 1
3957 4661 1
3957 5881 1
3957 8343 1
4474 4298 1
4474 3100 1
4474 6770 1
4474 7064 1
4474 6712 1
7064 3788 1
7064 2880 1
7064 4725 1
7064 10551 1
7064 4351 1
6194 4480 1
6194 3344 1
6194 6019 1
6194 7530 1
6194 5374 1
4060 9218 1
4060 3022 1
4060 6239 1
4060 9545 1
4060 5969 1
6097 4238 1
6097 3164 1
6097 5442 1
6097 10529 1
6097 4865 1
8779 2925 1
8779 532 1
8779 7229 1
8779 3097 1
8779 2827 1
2851 3317 1
2851 6286 1
2851 9100 1
2851 9872 1
2851 9131 1
232 7379 1
232 5783 1
232 9998 1
232 9605 1
232 3317 1
8961 4483 1
8961 3326 1
8961 6099 1
8961 10529 1
8961 5439 1
839 4233 1
839 109 1
839 10088 1
839 3321 1
839 8514 1
7867 3974 1
7867 2970 1
7867 4747 1
7867 8716 1
7867 4464 1
6786 9438 1
6786 18 1
6786 10654 1
6786 8935 1
6786 4725 1
6712 4747 1
6712 3397 1
6712 6383 1
6712 7379 1
6712 5597 1
4948 3138 1
4948 100 1
4948 9497 1
4948 3198 1
4948 1836 1
3397 3164 1
3397 10123 1
3397 10318 1
3397 7457 1
3397 4115 1
8285 8095 1
8285 9490 1
8285 9441 1
8285 7064 1
8285 10164 1
10954 1082 1
10954 176 1
10954 10881 1
10954 10873 1
10954 5723 1
10343 4061 1
10343 3062 1
10343 5374 1
10343 8716 1
10343 4661 1
7239 4747 1
7239 3397 1
7239 6383 1
7239 10123 1
7239 5597 1
2727 4087 1
2727 32 1
2727 4148 1
2727 3788 1
2727 2880 1
10792 3386 1
10792 2552 1
10792 4474 1
10792 9605 1
10792 4000 1
3977 1153 1
3977 331 1
3977 3482 1
3977 4199 1
3977 6528 1
4725 7789 1
4725 18 1
4725 7876 1
4725 9490 1
4725 6786 1
5430 3553 1
5430 27 1
1515 8274 1
1515 232 1
1515 3317 1
1515 5968 1
1515 7370 1
4664 7876 1
4664 7733 1
4664 5458 1
4664 5443 1
4664 10031 1
3326 9218 1
3326 2535 1
3326 7370 1
3326 10041 1
3326 4199 1
9441 6892 1
9441 4725 1
9441 8401 1
9441 9796 1
9441 7758 1
8341 11163 1
8341 9438 1
8341 9490 1
8341 7789 1
8341 9223 1
7371 4747 1
7371 3397 1
7371 6383 1
7371 9427 1
7371 5597 1
10886 3409 1
10886 2759 1
10886 4464 1
10886 9490 1
10886 4061 1
5163 8345 1
5163 7992 1
5163 10546 1
5163 5016 1
5163 7147 1
8785 4297 1
8785 3753 1
8785 9006 1
3086 3788 1
3086 757 1
3086 5968 1
3086 4396 1
3086 8771 1
27 4892 1
27 3553 1
27 5430 1
8903 10158 1
8903 18 1
8903 8341 1
8903 8285 1
8903 4725 1
5597 4747 1
5597 3397 1
5597 5969 1
5597 6525 1
5597 9218 1
8229 3659 1
8229 2880 1
8229 4563 1
8229 9605 1
8229 4238 1
8219 2658 1
8219 161 1
8219 10022 1
8219 3410 1
8219 2287 1
5503 2970 1
5503 7031 1
5503 3778 1
5503 7702 1
5503 3386 1
9733 4000 1
9733 2970 1
9733 5161 1
9733 8153 1
9733 4528 1
10374 1749 1
10374 42 1
10374 3426 1
10374 2162 1
10374 6228 1
6244 6927 1
6244 7977 1
6244 6770 1
6244 10028 1
6244 4828 1
2946 3100 1
2946 6712 1
2946 10004 1
2946 10723 1
2946 6383 1
2484 707 1
2484 18 1
2484 10989 1
2484 8547 1
2484 5169 1
8304 2077 1
8304 357 1
8304 3922 1
8304 2162 1
8304 6935 1
3813 3523 1
3813 2571 1
3813 6715 1
3813 6097 1
3813 10260 1
5970 8187 1
5970 7312 1
5970 8079 1
5970 6715 1
5970 9443 1
53 2077 1
53 7297 1
53 4284 1
53 414 1
53 2401 1
3534 1944 1
3534 357 1
3534 4865 1
3534 2024 1
3534 7867 1
42 7411 1
42 6836 1
42 11060 1
42 1443 1
42 8470 1
4941 3397 1
4941 2695 1
4941 4298 1
4941 6595 1
4941 3993 1
4747 3914 1
4747 2970 1
4747 7945 1
4747 6194 1
4747 4382 1
2175 4744 1
2175 4810 1
2175 2466 1
2175 7845 1
2175 8565 1
4115 3788 1
4115 2958 1
4115 6712 1
4115 6043 1
4115 10263 1
9235 4948 1
9235 920 1
9235 8401 1
9235 5366 1
9235 3754 1
10551 3772 1
10551 2788 1
10551 4684 1
10551 10723 1
10551 4297 1
6286 3644 1
6286 2734 1
6286 4610 1
6286 6595 1
6286 4264 1
6383 4000 1
6383 2970 1
6383 5016 1
6383 10954 1
6383 4563 1
7977 10792 1
7977 6244 1
7977 4828 1
7977 9605 1
7159 3644 1
7159 2819 1
7159 4477 1
7159 9591 1
10022 4297 1
10022 3064 1
10022 5439 1
10022 8565 1
4528 9733 1
4528 8523 1
7702 9427 1
7702 8470 1
7702 9998 1
7702 8802 1
2287 8219 1
2287 1082 1
5968 8274 1
5968 4844 1
5968 8532 1
6927 965 1
6927 159 1
6927 5503 1
3100 10292 1
3100 2880 1
3100 10886 1
3100 7768 1
7876 7789 1
7876 9441 1
7876 8516 1
7876 6923 1
7876 10654 1
9600 8153 1
9600 7457 1
6770 3813 1
6770 4892 1
6770 4480 1
5974 3062 1
5974 7992 1
5974 3397 1
8274 2658 1
8274 4477 1
8274 10022 1
8274 4115 1
7047 8079 1
7047 18 1
7047 9223 1
7047 11163 1
7047 4725 1
3754 4664 1
3754 920 1
3754 5366 1
10031 7229 1
10031 10539 1
10031 8952 1
4061 6712 1
4061 3397 1
4061 4747 1
9218 3644 1
9218 7695 1
9218 4115 1
10318 3957 1
10318 2946 1
10318 7768 1
10318 4477 1
6228 1407 1
6228 42 1
6228 4870 1
6228 6374 1
6228 8347 1
4238 10287 1
4238 3386 1
4238 8871 1
4238 10022 1
4238 7505 1
8736 3858 1
8736 2946 1
8736 4829 1
8736 9870 1
3164 1483 1
3164 264 1
3164 4199 1
3164 6374 1
3164 7457 1
8935 8095 1
8935 9502 1
8935 8903 1
8935 7047 1
8935 9438 1
5241 3383 1
5241 4242 1
5241 10041 1
7695 4747 1
7695 3397 1
7695 6383 1
7695 9427 1
7695 5597 1
7297 2044 1
7297 53 1
7297 9605 1
7297 3062 1
7297 982 1
3914 3097 1
3914 2362 1
3914 7945 1
3914 11054 1
808 1802 1
808 357 1
808 6286 1
5783 8802 1
5783 10434 1
5783 10123 1
5783 11060 1
5783 6329 1
4649 2563 1
4649 808 1
4649 6286 1
4649 2664 1
4649 9397 1
3097 5503 1
3097 4730 1
3097 8071 1
3097 6926 1
8470 7702 1
8470 9998 1
8470 8716 1
8470 6577 1
8470 10874 1
1229 3964 1
1229 7359 1
1229 5210 1
1229 5503 1
7597 2658 1
7597 32 1
7597 5154 1
7597 2854 1
7597 8013 1
8919 1634 1
8919 304 1
8919 5830 1
8919 1836 1
3644 9400 1
3644 3993 1
3644 10886 1
3062 5158 1
3062 2461 1
3062 8374 1
3062 10041 1
3062 4287 1
3659 7845 1
3659 8071 1
3659 3971 1
3659 6327 1
2664 2563 1
2664 808 1
2664 6052 1
2664 4610 1
2664 3774 1
3482 1153 1
3482 331 1
3482 4610 1
3482 6528 1
2162 8079 1
2162 4069 1
2162 6391 1
2162 3317 1
2571 7768 1
2571 4382 1
2571 3042 1
2571 5374 1
1407 6349 1
1407 304 1
1407 6228 1
1407 8013 1
5442 3234 1
5442 4061 1
5442 3772 1
8802 4000 1
8802 5161 1
8802 7867 1
8802 4563 1
4661 9733 1
4661 3397 1
4661 6286 1
4661 5881 1
4661 6737 1
7845 4730 1
7845 10123 1
7845 9600 1
7845 8756 1
2970 7945 1
2970 4238 1
8343 4483 1
8343 3344 1
8343 5374 1
5881 4115 1
5881 3100 1
5881 5439 1
5881 10723 1
707 9441 1
707 10158 1
707 6892 1
7530 2571 1
7530 4087 1
4744 1535 1
4744 6383 1
4744 7147 1
10546 8506 1
8755 4464 1
8755 5974 1
8755 5241 1
5969 3957 1
5969 2970 1
5969 4941 1
5969 4480 1
4610 4649 1
4610 9100 1
7229 6737 1
7229 10539 1
7229 5503 1
7229 10613 1
5016 5559 1
5016 6383 1
5016 6033 1
10588 3914 1
10588 7768 1
10588 4474 1
532 2925 1
532 4730 1
532 5241 1
9100 10792 1
9100 6935 1
9100 9131 1
920 9787 1
920 9235 1
920 8401 1
920 3754 1
2114 4725 1
2114 18 1
2114 4351 1
2114 8285 1
2114 9502 1
10529 4747 1
10529 3397 1
10529 6383 1
10529 10287 1
10529 5597 1
10723 3326 1
10723 2466 1
10723 3788 1
9131 9397 1
9131 7159 1
9131 6935 1
9131 5501 1
176 10278 1
176 7047 1
357 1535 1
357 4829 1
3198 100 1
3198 10542 1
3198 3138 1
1153 3977 1
1153 10886 1
2695 7057 1
2695 4941 1
4828 9605 1
4828 8892 1
4828 8123 1
4828 6244 1
10260 42 1
10260 1749 1
8187 2658 1
8187 4477 1
8187 10022 1
8187 4115 1
6595 3100 1
6595 6770 1
7789 8903 1
7789 18 1
7789 8341 1
7789 4725 1
10028 3102 1
7312 3644 1
6715 7370 1
10909 2563 1
10909 808 1
10909 2664 1
3138 100 1
414 6935 1
414 4810 1
414 4563 1
3993 2958 1
3993 6061 1
3993 3523 1
3993 10792 1
2024 8229 1
4810 7845 1
4810 5503 1
4382 4298 1
4382 3100 1
4382 7768 1
4382 4464 1
6836 982 1
6836 42 1
6239 9015 1
6239 10874 1
6239 8470 1
3523 10292 1
3523 3022 1
3523 10886 1
9602 8506 1
9443 10319 1
9443 5970 1
9443 5736 1
2958 8871 1
2958 6712 1
2958 6923 1
2958 5597 1
7457 7359 1
7457 7845 1
11060 8274 1
11060 8233 1
7379 4747 1
7379 3397 1
7379 6383 1
7379 9427 1
7379 5597 1
2880 4115 1
2880 3957 1
2880 5161 1
2880 7843 1
2880 3170 1
9438 9502 1
9438 18 1
9438 8341 1
9438 8285 1
9438 4725 1
8565 8802 1
8565 7867 1
5458 18 1
5458 9490 1
5458 8903 1
5458 4725 1
2595 6391 1
2595 3572 1
2595 4730 1
6043 4298 1
2406 18 1
2406 9218 1
2406 1229 1
10263 8748 1
10263 6770 1
4351 18 1
4351 7876 1
5169 707 1
5169 18 1
5169 2854 1
5169 4776 1
10989 707 1
10989 18 1
10989 2854 1
10989 8644 1
10989 4776 1
1944 1715 1
1944 7155 1
1944 7733 1
8079 7400 1
8079 5709 1
8079 8912 1
8079 8565 1
8079 9490 1
4298 3397 1
4298 2571 1
4298 4297 1
4298 6498 1
4298 3977 1
4684 1153 1
4684 159 1
4684 3993 1
4684 1229 1
4684 10551 1
5439 4747 1
5439 3397 1
5439 8802 1
5439 8233 1
7031 4747 1
7031 3397 1
7031 6383 1
7031 7064 1
7031 5597 1
3772 8374 1
3772 3326 1
3772 4297 1
3772 6019 1
8516 10654 1
8516 18 1
8516 8341 1
8516 8285 1
8516 4725 1
2381 4298 1
2381 7695 1
2381 2854 1
2381 10723 1
6840 2563 1
6840 808 1
6840 2664 1
6840 11167 1
10654 7274 1
10654 9438 1
10654 11163 1
10654 8516 1
9427 3778 1
9427 2854 1
9427 4744 1
9427 10041 1
9427 4298 1
7758 1069 1
7758 15 1
3778 3397 1
3778 5355 1
3778 5881 1
3778 4264 1
1082 6099 1
1082 10516 1
1082 4003 1
1082 2686 1
1082 10954 1
2077 6087 1
2077 2269 1
2077 11129 1
32 8871 1
32 3062 1
32 3317 1
32 982 1
32 4987 1
10158 4107 1
10158 7755 1
10158 8516 1
10158 6991 1
10353 2379 1
10353 161 1
10353 7610 1
10353 2658 1
10353 1055 1
2925 6035 1
2925 4810 1
2925 10613 1
2925 7845 1
4865 5974 1
4865 5910 1
4865 8229 1
4865 5534 1
3022 8759 1
3022 3218 1
3022 8187 1
3022 6770 1
7945 3993 1
7945 2970 1
7945 5056 1
7945 9732 1
4264 8755 1
4264 3386 1
4264 9672 1
4264 8316 1
8354 2259 1
8354 5642 1
8354 2878 1
6362 3193 1
6362 304 1
6362 6349 1
6362 3669 1
6362 9788 1
3974 2024 1
3974 4865 1
3974 2097 1
3974 5910 1
8153 3678 1
8153 2880 1
8153 4629 1
8153 9605 1
8153 4238 1
6071 8603 1
6071 216 1
6071 8506 1
6071 8054 1
6071 4949 1
4233 2463 1
4233 69 1
4233 2528 1
4233 1547 1
9605 3064 1
9605 3858 1
9605 7977 1
9605 3510 1
2827 7177 1
2827 532 1
2827 10031 1
2827 10954 1
2827 10123 1
6099 3386 1
6099 2466 1
6099 4382 1
6099 6525 1
6099 3993 1
10088 4233 1
10088 839 1
10088 11012 1
10088 1497 1
10088 8514 1
5366 7370 1
5366 920 1
5366 8756 1
5366 6349 1
5366 4664 1
3321 9807 1
3321 839 1
3321 6710 1
3321 2693 1
3321 9930 1
9490 9441 1
9490 18 1
9490 8341 1
9490 8285 1
9490 4725 1
2788 3778 1
2788 10318 1
2788 10723 1
2788 3326 1
8514 2368 1
8514 10398 1
8514 2528 1
8514 1497 1
8716 4000 1
8716 3022 1
8716 5161 1
8716 8153 1
8716 4563 1
4464 10792 1
4464 3397 1
4464 8871 1
4464 9165 1
4464 7505 1
9998 7702 1
9998 8736 1
9998 8716 1
9998 6577 1
9998 11006 1
8771 4396 1
8771 757 1
8771 5968 1
8771 4922 1
8771 3232 1
100 3138 1
100 2537 1
9497 8401 1
9497 982 1
9497 7228 1
9497 9235 1
1836 5443 1
1836 304 1
1836 6362 1
1836 6341 1
1836 6228 1
9796 9441 1
9796 11081 1
10123 11060 1
10123 8871 1
10123 3659 1
8095 9441 1
8095 18 1
8095 8401 1
8095 10886 1
8095 4725 1
10881 2244 1
10881 10453 1
10881 7767 1
10881 4107 1
10873 9165 1
10873 10123 1
10873 7177 1
10873 10539 1
4087 2880 1
4087 32 1
4087 8368 1
4087 2970 1
4087 1921 1
5723 2145 1
5723 237 1
5723 2693 1
4148 2970 1
4148 32 1
4148 7530 1
4148 3317 1
4148 2727 1
3386 6770 1
3386 3383 1
3386 7920 1
3386 5574 1
3386 3772 1
2552 8187 1
2552 7084 1
2552 3100 1
2552 4814 1
4000 3062 1
4000 6770 1
4000 5969 1
4000 6722 1
4199 6288 1
4199 3977 1
4199 5974 1
4199 4298 1
2563 2545 1
2563 808 1
2563 11167 1
2563 7159 1
2563 6840 1
331 4747 1
331 6528 1
331 8949 1
9545 4661 1
9545 3386 1
9545 6286 1
9545 10022 1
9545 5574 1
3410 4672 1
3410 161 1
3410 8219 1
3410 10411 1
3410 2379 1
7733 32 1
7733 3317 1
7733 10723 1
7733 5499 1
7843 6595 1
7843 9944 1
3753 4422 1
3753 2171 1
3753 4645 1
3753 4297 1
3753 3499 1
3344 3022 1
3344 10912 1
3344 8274 1
3344 4115 1
2535 5593 1
2535 5064 1
2535 6374 1
9223 11163 1
9223 18 1
9223 8341 1
9223 8285 1
9223 4725 1
10041 4483 1
10041 3326 1
10041 6019 1
10041 5374 1
10164 8285 1
10164 8153 1
10164 9358 1
757 2791 1
757 3232 1
757 4396 1
757 7977 1
6892 10007 1
6892 10849 1
6892 5801 1
6892 8632 1
7992 6863 1
7992 6834 1
7992 10487 1
8401 6196 1
8401 4631 1
8401 7682 1
8401 8281 1
8401 7064 1
3426 5787 1
3426 10587 1
3426 10374 1
11163 9441 1
11163 18 1
11163 8341 1
11163 8285 1
11163 4725 1
3409 8961 1
3409 2658 1
3409 6737 1
3409 4661 1
8345 3100 1
8345 8993 1
8345 3778 1
8345 9218 1
8345 3409 1
5161 4747 1
5161 3397 1
5161 7695 1
5161 6097 1
5161 10287 1
4284 8457 1
4284 53 1
4284 7366 1
4284 10859 1
4284 4516 1
7147 8748 1
7147 9422 1
7147 4069 1
7370 7530 1
7370 7945 1
7370 8712 1
9006 4297 1
9006 3753 1
9006 8785 1
6528 1153 1
6528 331 1
6528 3482 1
6528 4747 1
4483 7695 1
4483 3397 1
4483 8345 1
4892 4661 1
4892 3386 1
4892 6097 1
4892 8759 1
1749 2177 1
1749 42 1
1749 2401 1
4563 3813 1
4563 2958 1
4563 4610 1
4563 10529 1
161 3809 1
161 411 1
161 10143 1
161 5496 1
161 2760 1
