6746 4507 1
6746 1033 1
4507 1033 1
4507 6746 1
4507 3168 1
4507 134 1
1033 6611 1
1033 6746 1
1033 4507 1
3168 200 1
3168 9208 1
3168 9991 1
3168 4507 1
3168 134 1
6611 1033 1
6611 10957 1
6611 6079 1
6611 9133 1
6611 742 1
134 4507 1
134 3168 1
134 8492 1
742 6611 1
742 588 1
742 4271 1
6079 3557 1
6079 999 1
6079 6611 1
9133 10957 1
9133 6611 1
9991 7226 1
9991 4495 1
9991 809 1
9991 4322 1
9991 10815 1
8492 134 1
200 2796 1
200 3168 1
10957 9133 1
10957 6611 1
9208 3168 1
809 1269 1
809 10815 1
809 3268 1
809 10462 1
809 306 1
4495 9458 1
4495 10913 1
4495 809 1
4495 10462 1
4495 121 1
999 7077 1
999 3557 1
999 6265 1
999 6079 1
999 9088 1
7226 871 1
7226 1632 1
7226 5294 1
7226 9212 1
7226 21 1
4322 1703 1
4322 3231 1
4322 9991 1
4322 5015 1
4322 538 1
3557 2140 1
3557 999 1
3557 6079 1
4271 742 1
4271 10465 1
4271 11123 1
4271 8511 1
4271 588 1
588 3348 1
588 4271 1
588 742 1
588 2787 1
2796 4150 1
2796 6513 1
2796 1531 1
2796 8100 1
2796 5974 1
10815 9937 1
10815 9458 1
10815 1287 1
10815 10913 1
10815 327 1
1703 3859 1
1703 3151 1
1703 4322 1
1703 3422 1
1703 442 1
9458 8984 1
9458 10045 1
9458 1029 1
9458 10913 1
9458 327 1
3348 2787 1
3348 588 1
21 8769 1
21 1496 1
21 9355 1
21 5294 1
21 1632 1
538 9959 1
538 9991 1
538 9450 1
538 4322 1
9212 2046 1
9212 5002 1
9212 8739 1
9212 9991 1
9212 1051 1
1269 10815 1
1269 9458 1
1269 1287 1
1269 3953 1
1269 327 1
1632 871 1
1632 8769 1
1632 5294 1
1632 7226 1
1632 21 1
9088 1646 1
9088 6544 1
9088 5908 1
9088 9308 1
9088 999 1
306 8514 1
306 8518 1
306 7272 1
306 7307 1
306 2368 1
5974 3788 1
5974 10792 1
5974 2943 1
5974 6139 1
5974 1629 1
5294 871 1
5294 1632 1
5294 5850 1
5294 8769 1
5294 21 1
8100 7689 1
8100 6229 1
8100 2192 1
8100 5974 1
8100 376 1
5015 9513 1
5015 8108 1
5015 3814 1
5015 11113 1
5015 923 1
9937 9616 1
9937 9458 1
9937 1287 1
9937 10815 1
9937 327 1
8511 4271 1
8511 6410 1
8511 6119 1
8511 10465 1
8511 2350 1
11123 4334 1
11123 7368 1
11123 8658 1
11123 10230 1
11123 4271 1
10465 4271 1
10465 2350 1
10465 8511 1
1287 6771 1
1287 10531 1
1287 8772 1
1287 10913 1
1287 327 1
327 10815 1
327 1269 1
327 4495 1
327 6580 1
327 9985 1
10913 3247 1
10913 9741 1
10913 9458 1
10913 8787 1
10913 8984 1
3231 4322 1
3231 7242 1
3231 11095 1
3231 1607 1
10462 9991 1
10462 9937 1
10462 1287 1
10462 9458 1
10462 327 1
2140 7415 1
2140 2517 1
2140 11043 1
2140 6484 1
2140 1523 1
871 1632 1
871 8694 1
871 9355 1
871 5294 1
871 21 1
3268 809 1
3268 306 1
3268 9734 1
2787 3348 1
2787 2885 1
2787 11156 1
2787 588 1
4150 9131 1
4150 5654 1
4150 2192 1
4150 8660 1
4150 376 1
6265 999 1
7077 5583 1
7077 999 1
121 10232 1
121 2138 1
121 3564 1
121 431 1
121 5104 1
6513 8660 1
6513 6229 1
6513 2192 1
6513 5974 1
6513 376 1
1531 5883 1
1531 5064 1
1531 3393 1
1531 6384 1
1531 72 1
11156 6000 1
11156 9861 1
11156 2885 1
11156 8810 1
11156 589 1
9734 809 1
9734 2368 1
9734 8514 1
9734 3268 1
9734 306 1
8694 8127 1
8694 871 1
8694 8769 1
5908 9088 1
5908 999 1
5908 9308 1
1523 86 1
1523 2140 1
1523 5513 1
1523 9850 1
1523 1 1
6484 2140 1
11043 7886 1
11043 9072 1
11043 3017 1
11043 8654 1
11043 415 1
2517 2140 1
2517 2138 1
2517 5231 1
11095 3231 1
11095 7242 1
11095 5299 1
11095 1607 1
7242 6120 1
7242 7390 1
7242 2410 1
7242 11095 1
7242 307 1
3859 4427 1
3859 1703 1
3859 9876 1
3247 3953 1
3247 9105 1
3247 767 1
3247 4822 1
3247 435 1
9985 907 1
9985 6580 1
9985 6577 1
9985 9019 1
9985 327 1
8772 10531 1
8772 1861 1
8772 2390 1
8772 9616 1
8772 911 1
6771 10884 1
6771 10830 1
6771 3440 1
6771 10239 1
6771 286 1
4334 10558 1
4334 7920 1
4334 2036 1
4334 6171 1
4334 245 1
2350 79 1
2350 1257 1
2350 10465 1
2350 8750 1
2350 8 1
6119 8511 1
6119 2350 1
6410 10773 1
6410 6791 1
6410 2125 1
6410 9860 1
6410 7161 1
9131 2384 1
9131 6513 1
9131 10802 1
9131 6935 1
9131 4462 1
9616 9937 1
9616 3953 1
9616 5722 1
9616 9278 1
9616 713 1
923 8314 1
923 3367 1
923 7947 1
923 1703 1
923 8576 1
7689 7616 1
7689 5974 1
7689 2192 1
7689 5654 1
7689 376 1
3814 11061 1
3814 11113 1
3814 3722 1
3814 5543 1
3814 424 1
9513 3814 1
9513 7112 1
9513 9743 1
9513 11113 1
9513 2933 1
6384 2796 1
6384 9075 1
6384 5528 1
6384 10522 1
6384 1531 1
8518 403 1
8518 893 1
8518 8514 1
8518 9734 1
8518 306 1
376 7689 1
376 2796 1
376 3918 1
376 9131 1
376 7616 1
8787 2698 1
8787 10913 1
8787 9486 1
8787 9897 1
8787 1383 1
8108 7777 1
8108 6959 1
8108 2434 1
8108 6379 1
8108 140 1
2138 10813 1
2138 2140 1
2138 6908 1
2138 4495 1
2138 121 1
6229 10455 1
6229 5654 1
6229 1810 1
6229 4412 1
6229 376 1
8739 7226 1
8739 9937 1
8739 9991 1
8739 10527 1
8739 1051 1
2046 8345 1
2046 9105 1
2046 1356 1
2046 11181 1
2046 5687 1
3393 7970 1
3393 6107 1
3393 1399 1
3393 6426 1
3393 317 1
5064 2970 1
5064 9296 1
5064 7359 1
5064 8565 1
5064 11018 1
5883 1531 1
2885 2787 1
2885 1948 1
2885 11156 1
72 6187 1
72 6330 1
72 7116 1
72 10487 1
72 1088 1
3564 431 1
3564 5104 1
3564 8888 1
3564 4495 1
3564 121 1
1629 3317 1
1629 10318 1
1629 4766 1
1629 7695 1
1629 8229 1
6544 11046 1
6544 8727 1
6544 2736 1
6544 6583 1
6544 258 1
10230 1792 1
10230 2549 1
10230 7602 1
10230 10114 1
10230 36 1
2943 4135 1
2943 7660 1
2943 3572 1
2943 8871 1
2943 5970 1
6139 10792 1
6139 3234 1
6139 4382 1
6139 3386 1
6139 2447 1
5654 8100 1
5654 7689 1
5654 2192 1
5654 7361 1
5654 376 1
10792 4536 1
10792 10529 1
10792 3234 1
10792 9681 1
10792 1739 1
8658 2942 1
8658 7368 1
8658 11123 1
8658 7453 1
8658 780 1
3788 4672 1
3788 7663 1
3788 3344 1
3788 5574 1
3788 1892 1
1646 1170 1
1646 9088 1
1646 6544 1
1646 6583 1
1646 371 1
7272 494 1
7272 5859 1
7272 8477 1
7272 7307 1
7272 306 1
2368 8514 1
2368 8518 1
2368 9734 1
2368 306 1
5583 7077 1
5583 999 1
10045 1029 1
10045 4119 1
10045 9222 1
10045 10011 1
10045 635 1
442 9887 1
442 5230 1
442 6220 1
442 4347 1
442 10311 1
7307 731 1
7307 2100 1
7307 4387 1
7307 7272 1
7307 306 1
5850 871 1
5850 5294 1
5850 6234 1
5850 8769 1
5850 21 1
8514 10088 1
8514 8518 1
8514 2015 1
8514 9769 1
8514 199 1
5104 9724 1
5104 1713 1
5104 1994 1
5104 10813 1
5104 121 1
8984 9937 1
8984 10462 1
8984 1287 1
8984 9458 1
8984 327 1
1607 5299 1
1607 11095 1
1607 3231 1
1607 7242 1
5002 5713 1
5002 9212 1
5002 3299 1
5002 9062 1
5002 51 1
11113 7390 1
11113 9743 1
11113 3300 1
11113 9693 1
11113 662 1
10531 9320 1
10531 9115 1
10531 2785 1
10531 8772 1
10531 157 1
3953 6120 1
3953 9994 1
3953 1356 1
3953 10248 1
3953 309 1
7368 8658 1
7368 7453 1
7368 11123 1
7368 7461 1
7368 6055 1
9308 5908 1
9308 999 1
9308 9088 1
10232 431 1
10232 3564 1
10232 5104 1
10232 10813 1
10232 121 1
3151 923 1
3151 4322 1
3151 8461 1
3151 3422 1
3151 0 1
431 2138 1
431 4094 1
431 3564 1
431 10813 1
431 121 1
9355 10587 1
9355 10757 1
9355 2832 1
9355 8769 1
9355 21 1
7415 2140 1
7415 9573 1
7415 8626 1
7415 11064 1
7415 1762 1
1029 3750 1
1029 8316 1
1029 9458 1
1029 2897 1
1029 3678 1
9959 9991 1
9959 10582 1
9959 3889 1
9959 11181 1
9959 538 1
3422 8276 1
3422 4322 1
3422 2762 1
3422 8925 1
3422 1151 1
8660 7689 1
8660 6229 1
8660 2192 1
8660 5974 1
8660 376 1
1496 5074 1
1496 2845 1
1496 8769 1
1496 6303 1
1496 21 1
9450 538 1
9450 2172 1
9450 10625 1
9450 9959 1
9450 395 1
9741 2378 1
9741 10913 1
9741 6100 1
9741 228 1
1051 3953 1
1051 10196 1
1051 5002 1
1051 9994 1
1051 3168 1
6580 9932 1
6580 6176 1
6580 1262 1
6580 5311 1
6580 9534 1
8769 9717 1
8769 8397 1
8769 3108 1
8769 8142 1
8769 21 1
2192 2281 1
2192 8233 1
2192 7294 1
2192 4661 1
2192 2077 1
4672 4828 1
4672 8219 1
2125 6410 1
10529 3234 1
10529 4382 1
10529 3386 1
10529 2447 1
713 7483 1
713 9616 1
4536 3234 1
4536 4382 1
4536 3386 1
4536 2447 1
8626 9158 1
8626 7415 1
8626 116 1
7361 8660 1
7361 6229 1
7361 2192 1
7361 5974 1
7361 376 1
3234 7695 1
3234 2447 1
780 8658 1
780 1088 1
371 6583 1
371 1646 1
371 1170 1
371 258 1
6379 8108 1
2698 10936 1
2698 1383 1
7660 8871 1
10114 7602 1
10114 10230 1
9296 8330 1
36 10230 1
36 2225 1
6171 2036 1
7602 9515 1
7602 10114 1
7602 10230 1
7602 2549 1
2447 10529 1
2447 3234 1
258 8871 1
2736 5978 1
11046 2430 1
8888 431 1
8888 3564 1
8888 5104 1
8888 10813 1
8888 121 1
6000 11156 1
5513 6947 1
7116 6187 1
7116 72 1
6187 72 1
1948 4987 1
1948 2885 1
11018 932 1
1257 2350 1
1257 79 1
3722 3814 1
3722 4315 1
3722 424 1
6176 6580 1
2832 9355 1
2036 6171 1
2036 4334 1
10625 9450 1
10625 767 1
5687 6508 1
5687 9994 1
3299 5002 1
2077 3017 1
2077 7660 1
245 4334 1
3108 1496 1
3108 8769 1
3108 871 1
2390 767 1
2390 1700 1
2390 9991 1
8565 2943 1
8565 1412 1
8 2350 1
2384 2560 1
2384 4180 1
2384 2970 1
2384 606 1
9717 8769 1
9717 5288 1
4382 2970 1
4382 3993 1
4382 3064 1
4382 2243 1
3386 3100 1
3386 3344 1
5574 4464 1
5574 5969 1
5574 1840 1
4347 4734 1
3750 4119 1
3750 5972 1
3750 1029 1
1892 6019 1
1892 4104 1
7663 3383 1
9019 9985 1
9019 1262 1
9019 3431 1
9019 327 1
11064 10804 1
11064 10970 1
11064 4596 1
11064 10813 1
11064 1762 1
1170 371 1
1170 1646 1
1170 6544 1
1170 6583 1
1170 258 1
2762 2684 1
2762 7390 1
2762 3127 1
4661 8345 1
4661 3234 1
4661 4382 1
4661 3386 1
4661 2447 1
0 3151 1
7970 9337 1
7970 8013 1
7970 3529 1
7970 91 1
199 4164 1
199 9080 1
199 6580 1
51 10440 1
51 2623 1
51 5002 1
10802 6286 1
10802 1389 1
10802 5441 1
6303 1496 1
6303 5074 1
6303 8769 1
6303 871 1
3440 10239 1
3440 1131 1
4822 435 1
5231 1866 1
5231 2517 1
5231 7844 1
5231 8014 1
5231 1369 1
4119 7757 1
4119 3678 1
286 10212 1
286 6771 1
286 5248 1
9693 11113 1
9693 3978 1
7947 923 1
7947 1496 1
7947 6107 1
7947 8434 1
7947 194 1
8345 3914 1
8345 9473 1
9887 6035 1
9887 5124 1
9887 1152 1
662 4827 1
662 511 1
7359 2734 1
7359 8020 1
3678 2608 1
3678 3383 1
3678 7159 1
6220 2686 1
6220 5868 1
6220 10890 1
494 4519 1
494 453 1
6234 6303 1
6234 871 1
7461 7368 1
7461 6055 1
2015 8765 1
6791 2348 1
6791 6410 1
6791 4985 1
9769 10407 1
9769 246 1
10587 7229 1
10587 10374 1
10587 9355 1
6055 7368 1
6055 2905 1
6055 7461 1
9062 5527 1
9062 1840 1
9062 10440 1
10455 2192 1
10455 9131 1
10455 6229 1
8810 8390 1
7616 7689 1
7616 5974 1
7616 5654 1
7616 376 1
9115 10856 1
9115 3486 1
9115 10531 1
3344 6019 1
157 4118 1
157 2785 1
8316 9278 1
8316 1629 1
11061 3722 1
11061 424 1
9994 9105 1
9994 5687 1
7920 3317 1
7920 2281 1
9860 8038 1
9860 4119 1
9278 3064 1
309 767 1
309 3953 1
309 1700 1
10248 1356 1
8461 9743 1
8461 4075 1
8461 0 1
10884 6771 1
10884 1287 1
10088 8514 1
8750 2350 1
8750 8666 1
6330 1285 1
6330 72 1
10011 9222 1
4094 431 1
5074 1496 1
5074 8769 1
5074 6303 1
5074 871 1
9573 7415 1
9573 1762 1
1762 8626 1
1762 11064 1
1994 4495 1
1994 5104 1
6120 7242 1
5722 9616 1
10582 9959 1
10582 10625 1
8276 8278 1
9072 3788 1
9072 4104 1
9932 6580 1
9932 5311 1
9222 10011 1
1262 6580 1
1262 9019 1
395 9632 1
6100 2378 1
6100 9741 1
6100 10913 1
6100 228 1
7294 3317 1
7294 9100 1
7294 6935 1
907 6577 1
907 6580 1
907 9019 1
907 9985 1
907 327 1
228 9741 1
228 2378 1
228 10913 1
9534 1954 1
9534 199 1
2172 9959 1
8397 871 1
8397 8127 1
8397 8514 1
2281 2192 1
8127 8397 1
8127 871 1
8127 8694 1
8233 3788 1
8233 2192 1
10773 6410 1
3300 2100 1
7390 6350 1
589 11156 1
8925 8276 1
911 9616 1
911 713 1
911 8772 1
10318 2943 1
307 7242 1
7161 4119 1
3889 2046 1
3889 9959 1
1356 3953 1
1356 2046 1
1356 9994 1
86 606 1
86 1523 1
9876 1703 1
9876 5545 1
6935 3678 1
6935 8871 1
5299 199 1
2845 5015 1
2845 923 1
435 4822 1
435 3247 1
8727 11046 1
8727 6544 1
11181 9766 1
11181 9959 1
2785 10531 1
2785 4118 1
2785 157 1
5713 5002 1
5713 767 1
1810 6513 1
1810 7361 1
1810 8100 1
1810 376 1
10527 6545 1
10527 1804 1
10527 6095 1
1 6908 1
2549 7602 1
2549 7973 1
2549 9515 1
2549 1792 1
3367 923 1
10196 1051 1
10196 9212 1
10196 7226 1
4427 4387 1
4427 9675 1
8654 3814 1
8654 11043 1
8654 3722 1
893 4862 1
893 8518 1
893 403 1
9486 0 1
2942 8658 1
2942 780 1
79 2350 1
79 1257 1
1861 8772 1
1861 10531 1
1861 1287 1
8229 4661 1
10239 6913 1
7453 3275 1
10558 4334 1
7695 3234 1
7695 4382 1
7695 3386 1
7695 2447 1
2378 10913 1
2378 6100 1
2378 9741 1
2378 228 1
1792 2549 1
1792 9515 1
1383 8787 1
1383 2698 1
2410 585 1
5543 11113 1
635 1029 1
635 9458 1
8314 923 1
5528 6384 1
9861 11156 1
4135 2608 1
424 3814 1
424 11061 1
7112 11156 1
2933 5015 1
2933 6107 1
2933 9743 1
1739 5439 1
1739 2192 1
1739 4661 1
1713 9724 1
1713 7743 1
9075 2796 1
9075 10522 1
9075 6384 1
9075 1531 1
8477 8514 1
8477 2015 1
8477 148 1
4387 9675 1
10522 2796 1
10522 9075 1
10522 6384 1
10522 1531 1
3918 2192 1
3918 5654 1
3918 376 1
6107 2933 1
6107 581 1
403 893 1
5859 1116 1
5859 8477 1
5859 494 1
9897 10913 1
9897 8787 1
6959 8108 1
415 11043 1
6583 1646 1
6583 2736 1
6583 10757 1
6583 371 1
6908 1 1
731 2100 1
731 7307 1
731 346 1
9320 9072 1
9320 10792 1
9320 10531 1
4412 5654 1
4412 2192 1
4412 7689 1
4412 376 1
1399 10466 1
1399 5545 1
1399 1196 1
6426 3393 1
6426 7181 1
9724 1713 1
9724 7743 1
9724 11162 1
317 5312 1
317 856 1
317 7411 1
9105 9994 1
9105 10248 1
9105 2046 1
9105 9958 1
2970 8345 1
2970 6019 1
2970 1535 1
