1336 2880 1
1336 3957 1
1336 818 1
1336 4382 1
1336 10022 1
2880 4238 1
2880 7379 1
2880 6894 1
2880 3017 1
2880 9523 1
10022 5441 1
10022 6391 1
10022 10529 1
10022 4941 1
10022 7505 1
3957 7379 1
3957 6194 1
3957 818 1
3957 4766 1
3957 4480 1
4382 9788 1
4382 10411 1
4382 5053 1
4382 8759 1
4382 5395 1
818 10041 1
818 1892 1
818 756 1
818 10004 1
818 4000 1
756 3397 1
756 2936 1
756 9218 1
756 6194 1
756 9141 1
6391 3317 1
6391 7031 1
6391 9490 1
6391 8903 1
6391 4480 1
4480 4104 1
4480 5210 1
4480 5161 1
4480 3788 1
4480 6391 1
10529 6391 1
10529 7379 1
10529 818 1
10529 5792 1
10529 8759 1
8759 6286 1
8759 7359 1
8759 756 1
8759 5597 1
8759 8736 1
7379 6391 1
7379 9218 1
7379 818 1
7379 5792 1
7379 8374 1
4941 4357 1
4941 9473 1
4941 7663 1
4941 4019 1
4941 6722 1
10004 6391 1
10004 7379 1
10004 818 1
10004 5792 1
10004 8759 1
5441 10234 1
5441 3788 1
5441 1196 1
5441 7970 1
5441 6257 1
10041 6059 1
10041 7023 1
10041 756 1
10041 5439 1
10041 8506 1
4000 9577 1
4000 5150 1
4000 9165 1
4000 8802 1
4000 5374 1
9523 1197 1
9523 6101 1
9523 2552 1
9523 629 1
9523 3858 1
6894 5709 1
6894 6755 1
6894 727 1
6894 5241 1
6894 8316 1
7505 5574 1
7505 6712 1
7505 687 1
7505 4942 1
7505 10804 1
5395 4892 1
5395 10792 1
5395 8603 1
5395 4483 1
5395 10886 1
6194 6059 1
6194 8374 1
6194 756 1
6194 5439 1
6194 9679 1
3017 1229 1
3017 7758 1
3017 2192 1
3017 941 1
3017 9218 1
4238 4264 1
4238 4861 1
4238 756 1
4238 9577 1
4238 4954 1
9788 1443 1
9788 5503 1
9788 2644 1
9788 779 1
9788 3788 1
1892 6383 1
1892 11039 1
1892 5969 1
1892 7379 1
1892 2402 1
4766 9473 1
4766 6549 1
4766 10609 1
4766 4382 1
4766 8345 1
5053 10343 1
5053 5355 1
5053 818 1
5053 8759 1
5053 10588 1
10411 4352 1
10411 2658 1
10411 7078 1
10411 2851 1
10411 10768 1
2552 1197 1
2552 5971 1
2552 2281 1
2552 629 1
2552 9605 1
4104 3378 1
4104 6033 1
4104 9733 1
4104 4918 1
4104 10318 1
5374 8274 1
5374 9939 1
5374 818 1
5374 7239 1
5374 8506 1
7023 6059 1
7023 6935 1
7023 678 1
7023 5439 1
7023 10886 1
2658 3383 1
2658 10004 1
2658 3042 1
2658 3772 1
2658 3410 1
9577 4684 1
9577 5611 1
9577 8961 1
9577 4298 1
9577 6715 1
8316 3678 1
8316 4135 1
8316 9278 1
8316 10135 1
8316 4865 1
5503 3788 1
5503 4331 1
5503 5783 1
5503 3409 1
5503 4945 1
5439 10318 1
5439 7359 1
5439 818 1
5439 8229 1
5439 8506 1
4954 8802 1
4954 7371 1
4954 678 1
4954 8229 1
4954 10041 1
1196 2055 1
1196 1103 1
1196 7841 1
1196 5441 1
1196 1403 1
8374 6139 1
8374 7159 1
8374 818 1
8374 5574 1
8374 10792 1
6722 5318 1
6722 6101 1
6722 10609 1
6722 4747 1
6722 10287 1
4019 1504 1
4019 10809 1
4019 2691 1
4019 1173 1
4019 3344 1
4892 6770 1
4892 6383 1
4892 756 1
4892 5969 1
4892 7023 1
7663 6383 1
7663 7371 1
7663 818 1
7663 5611 1
7663 10022 1
9473 6391 1
9473 7379 1
9473 818 1
9473 5792 1
9473 8759 1
4357 7768 1
4357 7361 1
4357 675 1
4357 8755 1
4357 10041 1
8736 4861 1
8736 5827 1
8736 10874 1
8736 4464 1
8736 6712 1
6257 5968 1
6257 3544 1
6257 9044 1
6257 4870 1
6257 6841 1
10234 2851 1
10234 10882 1
10234 5299 1
10234 2471 1
10234 7110 1
9218 4563 1
9218 5442 1
9218 9278 1
9218 4238 1
9218 6712 1
5241 4264 1
5241 4774 1
5241 6061 1
5241 3926 1
5241 10723 1
779 8345 1
779 9788 1
779 7147 1
779 2932 1
779 7629 1
8345 3788 1
8345 4382 1
8345 9473 1
8345 3523 1
8345 5053 1
8903 2284 1
8903 7228 1
8903 3229 1
8903 1837 1
8903 4871 1
9679 6796 1
9679 7209 1
9679 7132 1
9679 8895 1
9679 10801 1
6059 10287 1
6059 6595 1
6059 818 1
6059 5792 1
6059 9545 1
5574 4357 1
5574 5053 1
5574 9142 1
5574 4000 1
5574 8282 1
9490 2284 1
9490 7228 1
9490 3229 1
9490 1837 1
9490 4871 1
8802 5241 1
8802 6097 1
8802 10948 1
8802 4661 1
8802 6918 1
3397 9296 1
3397 4297 1
3397 3862 1
3397 5968 1
3397 7494 1
7031 6391 1
7031 7239 1
7031 818 1
7031 5792 1
7031 9939 1
9165 6099 1
9165 7031 1
9165 756 1
9165 5513 1
9165 8506 1
629 756 1
629 4382 1
629 843 1
629 2272 1
629 5969 1
3788 11103 1
3788 9577 1
3788 7663 1
3788 9278 1
3788 5318 1
5709 1153 1
5709 10691 1
5709 3263 1
5709 767 1
5709 4190 1
10768 4672 1
10768 2658 1
10768 10265 1
10768 3788 1
10768 3877 1
2402 2854 1
2402 8506 1
2402 818 1
2402 4357 1
2402 4000 1
2851 1204 1
2851 7758 1
2851 2284 1
2851 414 1
2851 9346 1
7078 10471 1
7078 3476 1
7078 3270 1
7078 4937 1
7078 6080 1
10588 4892 1
10588 5792 1
10588 9278 1
10588 4480 1
10588 6834 1
10343 5395 1
10343 6549 1
10343 10974 1
10343 4766 1
10343 7505 1
7758 2162 1
7758 10231 1
7758 3017 1
7758 1204 1
7758 5819 1
10609 899 1
10609 4829 1
10609 2071 1
10609 477 1
10609 3362 1
4264 8565 1
4264 6935 1
4264 818 1
4264 4747 1
4264 11132 1
6755 9645 1
6755 6421 1
6755 4043 1
6755 10343 1
6755 8008 1
6549 5161 1
6549 6097 1
6549 10551 1
6549 4563 1
6549 9278 1
5969 4954 1
5969 9733 1
5969 10609 1
5969 4536 1
5969 8719 1
1443 1059 1
1443 7530 1
1443 3344 1
1443 583 1
1443 6197 1
4861 10886 1
4861 5881 1
4861 818 1
4861 8802 1
4861 7031 1
2192 2272 1
2192 5395 1
2192 8153 1
2192 2243 1
2192 5969 1
1229 767 1
1229 5966 1
1229 4871 1
1229 414 1
1229 3317 1
4942 4128 1
4942 1341 1
4942 10147 1
4942 2877 1
4942 3602 1
10886 4474 1
10886 5163 1
10886 10343 1
10886 4115 1
10886 6097 1
687 1688 1
687 6224 1
687 11052 1
687 4003 1
687 853 1
4483 4766 1
4483 6918 1
4483 818 1
4483 10343 1
4483 11132 1
10792 4477 1
10792 5241 1
10792 10529 1
10792 4061 1
10792 6139 1
2644 9787 1
2644 2159 1
2644 9788 1
2644 4394 1
2644 10616 1
10804 6226 1
10804 7239 1
10804 818 1
10804 5611 1
10804 8716 1
727 4956 1
727 7123 1
727 6894 1
727 10294 1
727 8153 1
2936 4357 1
2936 6981 1
2936 678 1
2936 10777 1
2936 4480 1
1197 6918 1
1197 10874 1
1197 3100 1
1197 629 1
1197 3383 1
3858 899 1
3858 10292 1
3858 2238 1
3858 629 1
3858 3383 1
4352 10022 1
4352 2658 1
4352 4382 1
4352 3788 1
4352 3877 1
7359 3517 1
7359 4061 1
7359 7379 1
7359 7992 1
7359 4664 1
7970 4614 1
7970 3529 1
7970 8013 1
7970 4116 1
7970 4230 1
5150 3146 1
5150 1099 1
5150 7173 1
5150 1553 1
5150 8138 1
3317 8233 1
3317 8316 1
3317 9934 1
3317 4774 1
3317 4351 1
6712 6391 1
6712 10318 1
6712 818 1
6712 5792 1
6712 6923 1
6101 1157 1
6101 5969 1
6101 2508 1
6101 482 1
6101 3574 1
5597 9141 1
5597 8871 1
5597 818 1
5597 8961 1
5597 6286 1
941 6194 1
941 5974 1
941 678 1
941 9996 1
941 8998 1
8603 6097 1
8603 7031 1
8603 678 1
8603 5503 1
8603 8523 1
8506 4661 1
8506 5439 1
8506 10318 1
8506 4357 1
8506 6549 1
5161 10343 1
5161 5355 1
5161 818 1
5161 10804 1
5161 7530 1
5355 7768 1
5355 10777 1
5355 818 1
5355 10287 1
5355 7530 1
5792 8755 1
5792 8343 1
5792 818 1
5792 5611 1
5792 10551 1
5210 3978 1
5210 2339 1
5210 7740 1
5210 2530 1
5210 2876 1
9141 4877 1
9141 5881 1
9141 9545 1
9141 4477 1
9141 7031 1
11039 1403 1
11039 3794 1
11039 1944 1
11039 10263 1
11039 9387 1
6383 5053 1
6383 6019 1
6383 6549 1
6383 4661 1
6383 6737 1
6286 4649 1
6286 5434 1
6286 6563 1
6286 4298 1
6286 8603 1
8153 4661 1
8153 5439 1
8153 10628 1
8153 4297 1
8153 6529 1
8719 6019 1
8719 6935 1
8719 818 1
8719 5374 1
8719 8316 1
899 4104 1
899 10874 1
899 9605 1
899 629 1
899 9015 1
8008 5143 1
8008 6755 1
8008 5773 1
8008 10140 1
8008 8398 1
2691 5469 1
2691 6063 1
2691 1173 1
2691 6970 1
2691 8484 1
3100 4744 1
3100 6329 1
3100 6526 1
3100 8719 1
3100 4861 1
5819 1688 1
5819 5458 1
5819 2545 1
5819 993 1
5819 3229 1
10318 5050 1
10318 6036 1
10318 9400 1
10318 4483 1
10318 6923 1
10231 2339 1
10231 1389 1
10231 6286 1
10231 2077 1
10231 9131 1
2162 5604 1
2162 4396 1
2162 1389 1
2162 3232 1
2162 7606 1
5434 3844 1
5434 2545 1
5434 8580 1
5434 2664 1
5434 6565 1
7629 7147 1
7629 7922 1
7629 10496 1
7629 9788 1
7629 8345 1
10974 2466 1
10974 10723 1
10974 4082 1
10974 1752 1
10974 6346 1
5881 5442 1
5881 9141 1
5881 818 1
5881 4892 1
5881 9400 1
6080 6517 1
6080 7592 1
6080 7078 1
6080 5795 1
6080 3476 1
9645 4195 1
9645 6589 1
9645 4704 1
9645 8351 1
9645 11079 1
3476 7078 1
3476 350 1
3476 6080 1
10265 4672 1
10265 2658 1
10265 10768 1
10265 3788 1
10265 3877 1
6923 4464 1
6923 5053 1
6923 8054 1
6923 4104 1
6923 6059 1
4135 7867 1
4135 5593 1
4135 1026 1
4135 8330 1
4135 6529 1
6139 8719 1
6139 6770 1
6139 818 1
6139 5792 1
6139 9011 1
5299 11095 1
5299 2846 1
5299 2212 1
5299 7392 1
5299 9416 1
6935 3572 1
6935 4264 1
6935 10672 1
6935 8153 1
6935 4892 1
10616 6836 1
10616 2644 1
10616 9788 1
10616 4239 1
10616 5906 1
5442 4104 1
5442 4766 1
5442 11054 1
5442 3788 1
5442 7239 1
9939 5792 1
9939 6737 1
9939 629 1
9939 5167 1
9939 7945 1
5163 1153 1
5163 4115 1
5163 1965 1
5163 5616 1
5163 10487 1
1403 3931 1
1403 1543 1
1403 6704 1
1403 10512 1
1403 2578 1
1204 4480 1
1204 6286 1
1204 2192 1
1204 798 1
1204 3364 1
3529 3827 1
3529 11115 1
3529 6008 1
3529 7779 1
3529 7970 1
8998 4661 1
8998 5442 1
8998 8759 1
8998 4238 1
8998 6498 1
4043 6755 1
4043 446 1
6033 2359 1
6033 6459 1
6033 3637 1
6033 1412 1
6033 4843 1
10809 1254 1
10809 4960 1
10809 2223 1
10809 1097 1
10809 3011 1
6770 4900 1
6770 5611 1
6770 10974 1
6770 4536 1
6770 6722 1
9044 3344 1
9044 807 1
9044 6228 1
9044 1746 1
9044 9732 1
9934 2339 1
9934 1389 1
9934 5046 1
9934 2077 1
9934 8215 1
10882 7494 1
10882 8316 1
10882 1059 1
10882 6963 1
10882 9454 1
5974 3761 1
5974 4135 1
5974 10792 1
5974 11086 1
5974 4873 1
4747 9218 1
4747 6223 1
4747 4941 1
4747 4472 1
4747 4801 1
767 10326 1
767 4684 1
767 1426 1
767 1153 1
767 8401 1
1837 4871 1
1837 7876 1
1837 6036 1
1837 6786 1
1837 2344 1
9996 5212 1
9996 2448 1
9996 8901 1
9996 4232 1
9996 4509 1
2471 11022 1
2471 8555 1
2471 6865 1
2471 5198 1
2471 4463 1
2272 11054 1
2272 8506 1
2272 818 1
2272 6923 1
2272 4000 1
3344 6228 1
3344 4297 1
3344 7992 1
3344 5637 1
3344 7484 1
3544 6841 1
3544 6257 1
3544 5260 1
3146 9856 1
3146 5375 1
3146 3585 1
3146 1553 1
3146 7877 1
4937 1331 1
4937 9761 1
4937 2493 1
4937 707 1
4937 3049 1
675 8660 1
675 4042 1
675 9131 1
675 11087 1
675 2192 1
1504 1406 1
1504 9870 1
1504 2831 1
1504 1152 1
1504 9071 1
6563 4998 1
6563 6033 1
6563 8603 1
6563 4536 1
6563 9278 1
7361 3617 1
7361 2192 1
7361 6229 1
7361 2545 1
7361 2709 1
10147 3926 1
10147 1252 1
10147 6099 1
10147 1688 1
10147 10954 1
3978 5210 1
3978 5206 1
3978 3469 1
3978 10418 1
3978 7637 1
6841 4318 1
6841 2547 1
6841 8151 1
6841 3245 1
6841 3414 1
6715 2284 1
6715 9008 1
6715 3197 1
6715 1443 1
6715 4104 1
7159 4480 1
7159 5355 1
7159 7945 1
7159 4199 1
7159 6286 1
3378 6867 1
3378 864 1
3378 4104 1
4128 5443 1
4128 3528 1
4128 1229 1
4128 6642 1
4128 8779 1
10263 1934 1
10263 5968 1
10263 2988 1
10263 1483 1
10263 3730 1
2159 2644 1
2159 9787 1
1341 976 1
1341 2406 1
1341 4871 1
1341 532 1
1341 10031 1
7494 7904 1
7494 9108 1
7494 1629 1
7494 8330 1
7494 7788 1
8755 6019 1
8755 6910 1
8755 818 1
8755 5355 1
8755 8282 1
1688 8451 1
1688 4942 1
1688 7193 1
1688 993 1
1688 4871 1
4474 9577 1
4474 10777 1
4474 606 1
4474 9141 1
4474 5442 1
4003 2127 1
4003 1082 1
4003 6926 1
4003 1278 1
4003 4543 1
4477 6770 1
4477 9939 1
4477 818 1
4477 9141 1
4477 8523 1
7110 2762 1
7110 10234 1
7110 5906 1
7110 1703 1
7110 10882 1
2932 6137 1
2932 3288 1
2932 1541 1
2932 3747 1
2932 5831 1
10294 3128 1
10294 8841 1
10294 7978 1
10294 1202 1
10294 9319 1
4394 9788 1
4394 4154 1
4394 3127 1
4394 6642 1
4394 7571 1
6981 4617 1
6981 2401 1
6981 8666 1
6981 2936 1
6981 2993 1
414 2418 1
414 6043 1
414 4003 1
414 3409 1
414 7129 1
1173 3597 1
1173 8827 1
1173 10528 1
1173 9731 1
1173 10809 1
8138 3146 1
8138 9840 1
8138 5306 1
8138 1553 1
8138 8088 1
3362 1197 1
3362 8282 1
3362 2552 1
3362 629 1
3362 3858 1
4956 3270 1
4956 1504 1
4956 9228 1
4956 2555 1
4956 7123 1
5966 2445 1
5966 965 1
5966 3999 1
5966 1229 1
5966 8731 1
10874 1197 1
10874 6101 1
10874 2552 1
10874 629 1
10874 3858 1
10292 1157 1
10292 4829 1
10292 1971 1
10292 482 1
10292 3100 1
5827 6385 1
5827 3659 1
5827 6792 1
5827 8736 1
5827 3971 1
6737 3227 1
6737 10004 1
6737 8316 1
6737 10873 1
6737 4238 1
2238 9939 1
2238 3326 1
2238 11006 1
2238 9400 1
2238 10551 1
6019 10287 1
6019 6595 1
6019 818 1
6019 5792 1
6019 9545 1
7992 720 1
7992 4629 1
7992 1806 1
7992 373 1
7992 8666 1
4614 10166 1
4614 5730 1
4614 7970 1
5968 7945 1
5968 6706 1
5968 1445 1
5968 7370 1
5968 6843 1
8013 2658 1
8013 6935 1
8013 3813 1
8013 1407 1
8013 5441 1
7239 6391 1
7239 7945 1
7239 818 1
7239 5792 1
7239 7867 1
6421 9363 1
6421 5121 1
6421 4608 1
6421 5552 1
6421 6032 1
4230 1406 1
4230 6936 1
4230 2223 1
4230 1152 1
4230 3092 1
1099 10894 1
1099 6895 1
1099 4187 1
1099 9643 1
1099 2496 1
3383 6286 1
3383 3788 1
3383 10022 1
3383 6239 1
3383 4382 1
8233 5318 1
8233 6101 1
8233 10041 1
8233 4747 1
8233 7023 1
8716 5241 1
8716 6099 1
8716 8987 1
8716 4661 1
8716 6935 1
4351 2284 1
4351 5819 1
4351 3229 1
4351 1837 1
4351 8401 1
2508 1197 1
2508 4862 1
2508 4104 1
2508 629 1
2508 10792 1
482 9998 1
482 8233 1
482 10792 1
482 4104 1
482 6723 1
4661 6019 1
4661 5374 1
4661 818 1
4661 7768 1
4661 7031 1
3574 8187 1
3574 4264 1
3574 8603 1
3574 8802 1
3574 5374 1
6834 1785 1
6834 6288 1
6834 2791 1
6834 1208 1
6834 3510 1
8871 4480 1
8871 5355 1
8871 9165 1
8871 4135 1
8871 6286 1
8274 4480 1
8274 5364 1
8274 11132 1
8274 4135 1
8274 6139 1
9787 4347 1
9787 2159 1
9787 5715 1
9787 2380 1
9787 7748 1
4061 8565 1
4061 6935 1
4061 818 1
4061 6019 1
4061 6525 1
678 5442 1
678 7031 1
678 9733 1
678 2854 1
678 10022 1
3862 1806 1
3862 5974 1
3862 2970 1
3862 1210 1
3862 4629 1
4116 7970 1
4116 8160 1
2071 1197 1
2071 10609 1
2071 8716 1
2071 629 1
2071 7211 1
8523 4954 1
8523 6052 1
8523 9400 1
8523 4528 1
8523 6935 1
583 9011 1
583 3813 1
583 4104 1
583 10004 1
583 3993 1
4563 7695 1
4563 7768 1
4563 9165 1
4563 4464 1
4563 8565 1
10135 3397 1
10135 1412 1
10135 5016 1
10135 3022 1
10135 8724 1
8343 6061 1
8343 7031 1
8343 818 1
8343 5439 1
8343 8736 1
853 4871 1
853 4410 1
853 2848 1
853 687 1
853 4104 1
7740 5731 1
7740 4198 1
7740 8988 1
7740 4480 1
7740 4657 1
4877 10343 1
4877 10983 1
4877 818 1
4877 6712 1
4877 5974 1
2530 1559 1
2530 5471 1
2530 9996 1
2530 1208 1
2530 2601 1
9296 1785 1
9296 6459 1
9296 2880 1
9296 1210 1
9296 3862 1
2876 1859 1
2876 6528 1
2876 3977 1
2876 1086 1
2876 11039 1
3794 2339 1
3794 8949 1
3794 3625 1
3794 1643 1
3794 6043 1
1944 6787 1
1944 9397 1
1944 9422 1
1944 1717 1
1944 2097 1
9387 1802 1
9387 6043 1
9387 2782 1
9387 1153 1
9387 3604 1
1157 6918 1
1157 5503 1
1157 1564 1
1157 629 1
1157 3383 1
4649 3908 1
4649 2545 1
4649 10909 1
4649 2664 1
4649 6840 1
2877 6099 1
2877 10031 1
2877 1132 1
2877 9929 1
2877 2925 1
10948 2362 1
10948 8987 1
10948 3914 1
10948 1229 1
10948 6088 1
3926 1229 1
3926 5191 1
3926 2339 1
3926 830 1
3926 3570 1
3517 4464 1
3517 7359 1
3517 9400 1
3517 8274 1
3517 8961 1
5971 7147 1
5971 4060 1
5971 1564 1
5971 6329 1
5971 6572 1
10551 4709 1
10551 5708 1
10551 8961 1
10551 4357 1
10551 6722 1
1553 3721 1
1553 5375 1
1553 7966 1
1553 9856 1
1553 7877 1
9733 5241 1
9733 6097 1
9733 10287 1
9733 4563 1
9733 7064 1
7841 6472 1
7841 3931 1
7841 10234 1
7841 4286 1
7841 5120 1
8229 4573 1
8229 5318 1
8229 8274 1
8229 4264 1
8229 6286 1
1103 6470 1
1103 11177 1
1103 9415 1
1103 1692 1
1103 2122 1
3409 8274 1
3409 7321 1
3409 3472 1
3409 6712 1
3409 8401 1
2339 8282 1
2339 9164 1
2339 1443 1
2339 2535 1
2339 4952 1
5611 8755 1
5611 8343 1
5611 756 1
5611 5597 1
5611 9011 1
5318 9218 1
5318 8274 1
5318 11170 1
5318 4747 1
5318 6329 1
10691 1716 1
10691 10948 1
10691 3914 1
10691 965 1
10691 6062 1
5783 1197 1
5783 9998 1
5783 2552 1
5783 629 1
5783 3858 1
4918 3397 1
4918 1412 1
4918 5163 1
4918 3022 1
4918 8998 1
2055 4494 1
2055 5696 1
2055 5058 1
2055 7373 1
2055 3653 1
10777 6099 1
10777 7064 1
10777 756 1
10777 5442 1
10777 8523 1
7173 3033 1
7173 8302 1
7173 5150 1
7173 1553 1
7173 8301 1
2281 9681 1
2281 10004 1
2281 9165 1
2281 3778 1
2281 5964 1
3523 4119 1
3523 4297 1
3523 7618 1
3523 10343 1
3523 8987 1
3877 9542 1
3877 2658 1
3877 10022 1
3877 3788 1
3877 4352 1
5513 10881 1
5513 2557 1
5513 6947 1
5513 3263 1
5513 4157 1
3270 6106 1
3270 8006 1
3270 4919 1
3270 4937 1
3270 4818 1
9605 3862 1
9605 4379 1
9605 8506 1
9605 3523 1
9605 5064 1
2243 2788 1
2243 4877 1
2243 4536 1
2243 8054 1
2243 9545 1
4829 1197 1
4829 9523 1
4829 2552 1
4829 629 1
4829 3858 1
3602 4132 1
3602 9642 1
3602 6102 1
3602 4942 1
3602 10607 1
6226 10804 1
3772 4298 1
3772 4382 1
3772 818 1
3772 8345 1
3772 3957 1
4684 2445 1
4684 965 1
4684 4098 1
4684 1229 1
4684 7359 1
4298 9218 1
4298 8345 1
4298 10060 1
4298 4000 1
4298 9545 1
9278 6194 1
9278 7239 1
9278 756 1
9278 5574 1
9278 8603 1
4464 7945 1
4464 6918 1
4464 818 1
4464 9577 1
4464 4474 1
6918 5053 1
6918 6043 1
6918 7484 1
6918 4606 1
6918 6894 1
3678 10318 1
3678 8802 1
3678 9110 1
3678 9260 1
3678 5355 1
7768 4297 1
7768 4941 1
7768 11129 1
7768 3993 1
7768 6059 1
11052 4003 1
11052 853 1
11052 6328 1
11052 1341 1
11052 1688 1
7371 6391 1
7371 9733 1
7371 818 1
7371 5792 1
7371 8374 1
8565 3678 1
8565 4238 1
8565 8335 1
8565 9146 1
8565 4865 1
4664 4947 1
4664 6095 1
4664 1681 1
4664 6935 1
4664 8451 1
7147 10233 1
7147 3615 1
7147 1944 1
7147 8345 1
7147 10606 1
2284 5395 1
2284 8523 1
2284 2946 1
2284 7400 1
2284 9289 1
4672 10411 1
4672 2658 1
4672 4828 1
4672 3788 1
4672 3877 1
4871 993 1
4871 3692 1
4871 2041 1
4871 6353 1
4871 7876 1
8961 6139 1
8961 7159 1
8961 756 1
8961 5503 1
8961 8603 1
4774 10886 1
4774 6391 1
4774 818 1
4774 10318 1
4774 7031 1
7228 2081 1
7228 7017 1
7228 2877 1
7228 1688 1
7228 4664 1
4331 1659 1
4331 9889 1
4331 2987 1
4331 1213 1
4331 7638 1
1059 8079 1
1059 10557 1
1059 4135 1
1059 9732 1
1059 5708 1
4865 1717 1
4865 8719 1
4865 2466 1
4865 944 1
4865 3401 1
3229 2284 1
3229 5443 1
3229 6786 1
3229 1837 1
3229 6036 1
7209 9679 1
7209 1567 1
6796 2598 1
6796 7492 1
6796 3746 1
6796 8199 1
6796 9679 1
3042 6923 1
3042 3914 1
3042 818 1
3042 3813 1
3042 6549 1
7132 9679 1
7132 6194 1
7530 4379 1
7530 5053 1
7530 9072 1
7530 4115 1
7530 6060 1
8895 7488 1
8895 9277 1
8895 10801 1
8895 4078 1
8895 9679 1
10801 8508 1
10801 4473 1
10801 4078 1
10801 6194 1
10801 6644 1
6595 3914 1
6595 4477 1
6595 6894 1
6595 3574 1
6595 5295 1
6197 7411 1
6197 7057 1
6197 1165 1
6197 7843 1
6197 6803 1
10287 5574 1
10287 6563 1
10287 10726 1
10287 5129 1
10287 7695 1
3410 3788 1
3410 2658 1
3410 4382 1
3410 10411 1
3410 3877 1
9545 6383 1
9545 7371 1
9545 818 1
9545 5611 1
9545 8736 1
9346 6257 1
9346 3152 1
9346 9092 1
9346 4655 1
9346 5082 1
9142 6391 1
9142 7379 1
9142 818 1
9142 5792 1
9142 8759 1
6224 3389 1
6224 1250 1
6224 5319 1
6224 1780 1
6224 7902 1
11132 4747 1
11132 5503 1
11132 8802 1
11132 4357 1
11132 6529 1
10723 4104 1
10723 4663 1
10723 9577 1
10723 3862 1
10723 5574 1
8282 4298 1
8282 4941 1
8282 9015 1
8282 3993 1
8282 6061 1
10471 4078 1
10471 1274 1
10471 9932 1
10471 1774 1
10471 1935 1
4870 1749 1
4870 10743 1
4870 4834 1
4870 1443 1
4870 10418 1
6097 5460 1
6097 7239 1
6097 8187 1
6097 4892 1
6097 8871 1
4297 6737 1
4297 6383 1
4297 678 1
4297 7768 1
4297 4563 1
6099 4464 1
6099 5355 1
6099 8484 1
6099 4003 1
6099 10278 1
4115 5898 1
4115 10022 1
4115 6383 1
4115 8736 1
4115 6894 1
843 8077 1
843 8239 1
843 3022 1
843 4300 1
843 629 1
11103 4664 1
11103 2880 1
11103 9406 1
11103 3317 1
11103 3788 1
6061 10792 1
6061 8716 1
6061 818 1
6061 5792 1
6061 10041 1
1153 944 1
1153 5966 1
1153 5388 1
1153 10135 1
1153 2535 1
4945 4556 1
4945 5503 1
4945 8753 1
4945 4311 1
4945 1256 1
4536 4747 1
4536 7920 1
4536 818 1
4536 8282 1
4536 4954 1
7123 9405 1
7123 7994 1
7123 1482 1
7123 9319 1
7123 8753 1
2854 3301 1
2854 5442 1
2854 2970 1
2854 10022 1
2854 6563 1
3263 2880 1
3263 1560 1
3263 5956 1
3263 2238 1
3263 2436 1
477 4474 1
477 10609 1
477 4157 1
477 10158 1
477 5398 1
4190 2445 1
4190 965 1
4190 4098 1
4190 1229 1
4190 7321 1
7748 8151 1
7748 7221 1
7748 6966 1
7748 9442 1
7748 9155 1
6102 4942 1
6102 6803 1
6102 5664 1
6102 4132 1
6102 10607 1
7920 6059 1
7920 7023 1
7920 678 1
7920 5395 1
7920 8802 1
4347 9787 1
4347 1189 1
4347 1151 1
4347 1513 1
4347 1671 1
6288 1806 1
6288 10020 1
6288 2970 1
6288 1210 1
6288 3993 1
8187 4480 1
8187 5364 1
8187 11144 1
8187 4135 1
8187 6139 1
3653 2055 1
3653 9974 1
3653 10376 1
3653 1700 1
3653 6694 1
9998 1197 1
9998 6101 1
9998 2552 1
9998 629 1
9998 3858 1
6706 5882 1
6706 4332 1
6706 6843 1
6706 4476 1
6706 4691 1
3414 9050 1
3414 4548 1
3414 4971 1
3414 8014 1
3414 4208 1
5129 7318 1
5129 10287 1
5129 8504 1
5129 8401 1
5129 3241 1
11079 9645 1
11079 4195 1
2496 7173 1
2496 5375 1
2496 7966 1
2496 1553 1
2496 7877 1
10726 6391 1
10726 7379 1
10726 818 1
10726 5792 1
10726 8759 1
9643 3146 1
9643 1099 1
9643 5306 1
9643 1553 1
9643 8088 1
4187 3146 1
4187 1099 1
4187 8243 1
4187 1553 1
4187 8138 1
3364 4828 1
3364 3218 1
3364 1233 1
3364 5534 1
3364 7845 1
8302 3146 1
8302 9615 1
8302 5306 1
8302 1553 1
8302 8088 1
6895 10256 1
6895 7173 1
6895 7729 1
6895 2767 1
6895 7907 1
10894 3146 1
10894 10944 1
10894 5306 1
10894 1553 1
10894 8088 1
2664 6286 1
2664 2545 1
2664 9640 1
2664 4610 1
2664 3908 1
5956 3263 1
5956 1560 1
3092 1173 1
3092 7719 1
3092 1934 1
3092 1019 1
3092 2762 1
5121 6643 1
5121 8632 1
5121 6421 1
5121 6511 1
5121 10700 1
5730 6379 1
5730 4614 1
5730 4230 1
5730 5451 1
5730 5646 1
8199 4228 1
8199 2456 1
8199 6796 1
8199 3776 1
8199 3786 1
720 7174 1
720 5974 1
720 10260 1
720 718 1
720 6704 1
1543 4814 1
1543 3394 1
1543 2656 1
1543 7176 1
1543 6412 1
1774 8275 1
1774 5064 1
1774 6125 1
1774 4808 1
1774 5133 1
3227 3317 1
3227 10551 1
3227 818 1
3227 5318 1
3227 6525 1
4873 3397 1
4873 2535 1
4873 5708 1
4873 2819 1
4873 7845 1
8988 3670 1
8988 1303 1
8988 7740 1
8988 1773 1
8988 2653 1
5696 2703 1
5696 1426 1
5696 4866 1
5696 1826 1
5696 7843 1
3659 976 1
3659 6792 1
3659 1877 1
3659 532 1
3659 2595 1
6095 10527 1
6095 4664 1
6095 6316 1
6095 6702 1
3999 2362 1
3999 941 1
3999 4098 1
3999 1153 1
3999 4190 1
707 3099 1
707 3215 1
707 4919 1
707 7427 1
707 6489 1
8088 3146 1
8088 1099 1
8088 5306 1
8088 1553 1
8088 9856 1
10557 8698 1
10557 5323 1
10557 3018 1
10557 6665 1
10557 6836 1
2212 5299 1
1389 6286 1
1389 1204 1
1389 10792 1
1389 1540 1
1389 2339 1
9840 3146 1
9840 10385 1
9840 5306 1
9840 1553 1
9840 8088 1
10528 9823 1
10528 3288 1
10528 1504 1
10528 8756 1
10528 8345 1
3510 10909 1
3510 8730 1
3510 1840 1
3510 7977 1
3510 5056 1
8827 1504 1
8827 5496 1
8827 2684 1
8827 1173 1
8827 3130 1
7129 1278 1
7129 3457 1
7129 2127 1
7129 4079 1
7129 6926 1
4232 8901 1
4232 5132 1
4232 9996 1
4232 5634 1
4232 5697 1
6472 3155 1
6472 7841 1
6472 4078 1
6472 2846 1
6472 8030 1
6043 1802 1
6043 6549 1
6043 3073 1
6043 944 1
6043 4563 1
10158 7789 1
10158 9223 1
10158 1172 1
10158 7017 1
10158 6892 1
8666 2177 1
8666 720 1
8666 3890 1
8666 1443 1
8666 6228 1
7843 1210 1
7843 4137 1
7843 1806 1
7843 11087 1
7843 7977 1
2401 1449 1
2401 3644 1
2401 2307 1
2401 1208 1
2401 6706 1
4617 6981 1
4617 1357 1
4617 5389 1
4617 11068 1
4617 2401 1
7571 4394 1
7571 4817 1
7571 4638 1
7571 8256 1
7571 10967 1
4154 4394 1
4154 1541 1
4154 6642 1
9092 2846 1
9092 10840 1
9092 5539 1
9092 1418 1
9092 6963 1
7994 1504 1
7994 5637 1
7994 2691 1
7994 1173 1
7994 3344 1
1859 2876 1
1859 10662 1
1859 6691 1
1859 10940 1
1859 6902 1
4311 8753 1
4311 8759 1
4311 4945 1
4311 1256 1
4311 606 1
8753 2226 1
8753 7274 1
8753 3047 1
8753 1256 1
8753 4842 1
4663 1806 1
4663 9033 1
4663 2970 1
4663 1210 1
4663 3993 1
4556 5503 1
4556 4945 1
9406 3232 1
9406 2162 1
9406 5968 1
9406 2727 1
9406 10487 1
8077 4300 1
8077 537 1
8077 8239 1
8077 843 1
8077 629 1
6032 6206 1
6032 3987 1
6032 6421 1
5898 2339 1
5898 9689 1
5898 3625 1
5898 1643 1
5898 4801 1
10278 4253 1
10278 1688 1
10278 7308 1
10278 2877 1
10278 3926 1
5460 2343 1
5460 9141 1
5460 3164 1
5460 1373 1
5460 4135 1
1749 3344 1
1749 1746 1
1749 7843 1
1749 10882 1
1749 3062 1
9929 1716 1
9929 8071 1
9929 2877 1
9929 976 1
9929 3926 1
1935 10654 1
1935 3270 1
1935 7078 1
1935 8905 1
1935 6616 1
9932 8473 1
9932 9688 1
9932 9510 1
9932 7451 1
9932 10471 1
1752 4886 1
1752 6949 1
1752 7172 1
1752 5860 1
1752 9391 1
7902 5319 1
7902 2476 1
7902 1780 1
7902 3705 1
7902 4146 1
1780 7885 1
1780 6629 1
1780 7902 1
1780 6224 1
1780 2476 1
2598 6796 1
2598 201 1
2598 547 1
1250 7686 1
1250 6224 1
1250 10516 1
1250 1169 1
1250 3372 1
3389 5868 1
3389 2476 1
3389 1780 1
3389 6629 1
3389 5319 1
4655 9253 1
4655 9346 1
4655 10759 1
4655 5154 1
4655 4208 1
5064 1629 1
5064 7181 1
5064 2535 1
5064 1208 1
5064 3397 1
3152 6527 1
3152 9346 1
6803 1248 1
6803 4757 1
6803 2058 1
6803 1017 1
6803 2831 1
5167 9796 1
5167 636 1
5167 352 1
5167 1786 1
5167 3415 1
7057 1504 1
7057 5637 1
7057 2691 1
7057 1173 1
7057 3344 1
1331 1275 1
1331 4073 1
1331 2851 1
1331 584 1
1331 7746 1
9277 5451 1
9277 2702 1
9277 8542 1
9277 3747 1
9277 4677 1
7488 8895 1
7488 3223 1
5443 7359 1
5443 3237 1
5443 1418 1
5443 8341 1
5443 6935 1
6060 2207 1
6060 759 1
6060 3937 1
6060 1288 1
6060 8601 1
1152 9731 1
1152 7240 1
1152 3288 1
1152 11007 1
1152 5868 1
9072 8037 1
9072 9872 1
9072 1341 1
9072 7034 1
9072 6835 1
4573 6737 1
4573 8229 1
4573 4868 1
4573 6762 1
4573 4972 1
3746 7802 1
3746 6796 1
3746 4407 1
3746 8199 1
3746 4237 1
7492 6796 1
2993 2677 1
2993 914 1
2993 7709 1
2993 1150 1
2993 1365 1
4629 758 1
4629 4018 1
4629 2162 1
4629 8153 1
4629 10179 1
8079 9577 1
8079 10235 1
8079 1381 1
8079 9011 1
8079 9358 1
1213 11011 1
1213 1686 1
1213 10631 1
1213 1303 1
1213 3598 1
1659 10000 1
1659 9097 1
1659 6954 1
1659 1473 1
1659 8011 1
9889 1686 1
9889 3111 1
9889 2432 1
9889 4331 1
9889 5452 1
9071 1173 1
9071 4648 1
9071 1934 1
9071 1019 1
9071 2762 1
2081 2821 1
2081 5453 1
2081 6935 1
2081 1837 1
2081 11163 1
6353 2284 1
6353 8095 1
6353 3229 1
6353 1837 1
6353 4871 1
8398 1785 1
8398 1202 1
8398 5167 1
8398 1426 1
8398 7978 1
2041 10886 1
2041 9490 1
2041 7064 1
2041 1837 1
2041 11163 1
3692 1229 1
3692 6328 1
3692 2595 1
3692 873 1
3692 9218 1
7373 3649 1
7373 10604 1
7373 5058 1
7373 2055 1
7373 8960 1
11054 5335 1
11054 6248 1
11054 10364 1
11054 4774 1
11054 7371 1
7400 2339 1
7400 8187 1
7400 4135 1
7400 1443 1
7400 7313 1
10672 7066 1
10672 8034 1
10672 7359 1
10672 9011 1
10672 8973 1
2946 6935 1
2946 5974 1
2946 818 1
2946 6099 1
2946 2975 1
1681 1801 1
1681 8515 1
1681 606 1
1681 6383 1
1681 3678 1
6589 10333 1
6589 5159 1
6589 4837 1
6589 5551 1
6589 11010 1
4528 9253 1
4528 8523 1
4528 9733 1
3301 6918 1
3301 3914 1
3301 818 1
3301 3383 1
3301 8998 1
8239 744 1
8239 3528 1
8239 1153 1
8239 9922 1
8239 8401 1
4947 1793 1
4947 8756 1
4947 3053 1
4947 1152 1
4947 4842 1
2493 1248 1
2493 10087 1
2493 2285 1
2493 707 1
2493 2860 1
5082 9872 1
5082 9092 1
5082 6257 1
5082 10759 1
5082 9346 1
7945 5161 1
7945 6052 1
7945 9545 1
7945 4629 1
7945 7064 1
2987 3542 1
2987 1123 1
2987 8357 1
2987 2346 1
2987 7136 1
6328 1132 1
6328 5241 1
6328 2466 1
6328 853 1
6328 3237 1
4606 899 1
4606 4060 1
4606 1958 1
4606 4830 1
4606 6391 1
4132 10607 1
4132 5664 1
4132 3602 1
4132 7240 1
4132 10460 1
7638 4921 1
7638 1341 1
7638 1265 1
7638 2091 1
7638 4331 1
5593 1806 1
5593 5686 1
5593 2970 1
5593 1210 1
5593 3993 1
4818 1173 1
4818 4757 1
4818 2078 1
4818 667 1
4818 3011 1
8006 7084 1
8006 3270 1
8006 9448 1
8006 7078 1
8006 3669 1
5143 8398 1
5143 1426 1
5143 8008 1
5552 10109 1
5552 5121 1
5552 2596 1
5552 10050 1
5552 8225 1
7618 1197 1
7618 6101 1
7618 2552 1
7618 629 1
7618 3858 1
1483 3218 1
1483 3788 1
1483 5910 1
1483 7682 1
1483 6563 1
9681 1197 1
9681 6101 1
9681 2552 1
9681 629 1
9681 3858 1
3033 10944 1
3033 5375 1
3033 8088 1
3033 1553 1
3033 7877 1
1806 6391 1
1806 9033 1
1806 2819 1
1806 10723 1
1806 6863 1
6062 2445 1
6062 965 1
6062 4098 1
6062 1229 1
6062 8987 1
11170 1197 1
11170 5971 1
11170 2508 1
11170 629 1
11170 3574 1
4952 8015 1
4952 2762 1
4952 2411 1
4952 3381 1
4952 4253 1
11087 1328 1
11087 4357 1
11087 2289 1
11087 623 1
11087 11093 1
4543 7504 1
4543 2613 1
4543 1945 1
4543 3623 1
4543 3926 1
2535 4379 1
2535 5460 1
2535 1026 1
2535 7400 1
2535 10135 1
9164 2880 1
9164 2339 1
9164 4480 1
9164 2532 1
9164 6286 1
1802 6528 1
1802 1892 1
1802 5277 1
1802 944 1
1802 4135 1
3472 8987 1
3472 4610 1
3472 3409 1
3472 4747 1
3472 9141 1
2122 2722 1
2122 317 1
2122 1103 1
1692 6470 1
1692 1088 1
1692 4390 1
1692 9415 1
1692 1103 1
6470 4459 1
6470 2298 1
6470 10722 1
6470 2768 1
6470 3415 1
2380 4388 1
2380 7242 1
2380 6519 1
2380 9876 1
2380 5781 1
7064 4747 1
7064 5503 1
7064 9473 1
7064 4382 1
7064 6572 1
7966 3146 1
7966 9615 1
7966 5306 1
7966 1553 1
7966 11051 1
5708 2284 1
5708 5974 1
5708 3197 1
5708 1443 1
5708 4104 1
6526 1197 1
6526 6101 1
6526 2552 1
6526 629 1
6526 3858 1
4709 1716 1
4709 7253 1
4709 3409 1
4709 1229 1
4709 7185 1
6572 5241 1
6572 6099 1
6572 10609 1
6572 4661 1
6572 10292 1
10607 5801 1
10607 3602 1
10607 3239 1
10607 4132 1
10607 4770 1
3245 3511 1
3245 6841 1
6517 7592 1
6517 5795 1
6517 6080 1
10743 6310 1
10743 2841 1
10743 2700 1
10743 3162 1
10743 3415 1
4199 7457 1
4199 9594 1
4199 980 1
4199 5324 1
4199 6097 1
4608 6421 1
4608 5926 1
4608 9507 1
4608 9387 1
4608 9072 1
2782 9422 1
2782 2249 1
2782 8748 1
2782 3392 1
2782 6975 1
8508 7807 1
8508 9074 1
8508 10801 1
8508 10221 1
8508 9673 1
3570 1229 1
3570 6328 1
3570 2595 1
3570 853 1
3570 3692 1
5206 1595 1
5206 9304 1
5206 2987 1
5206 1234 1
5206 4591 1
830 3692 1
830 3275 1
830 6938 1
830 2819 1
830 5191 1
5191 1716 1
5191 7816 1
5191 2848 1
5191 976 1
5191 3812 1
8054 8871 1
8054 3914 1
8054 1806 1
8054 10628 1
8054 9577 1
6088 10948 1
6088 1926 1
6088 7359 1
6088 7299 1
6088 8802 1
2362 4098 1
2362 8401 1
2362 2466 1
2362 1229 1
2362 7359 1
2925 1341 1
2925 3926 1
2925 2595 1
2925 976 1
2925 3097 1
1132 971 1
1132 1877 1
1132 3097 1
1132 532 1
1132 3111 1
1541 1504 1
1541 9071 1
1541 3092 1
1541 1173 1
1541 6443 1
6840 3908 1
6840 2545 1
6840 5527 1
6840 2664 1
6840 7968 1
3977 2339 1
3977 6505 1
3977 3625 1
3977 1643 1
3977 10624 1
10909 3908 1
10909 2545 1
10909 5527 1
10909 2664 1
10909 7910 1
7637 2754 1
7637 1147 1
7637 5212 1
7637 1869 1
7637 9442 1
3908 4610 1
3908 2545 1
3908 7968 1
3908 2664 1
3908 5188 1
1564 2262 1
1564 3326 1
1564 2946 1
1564 7359 1
1564 9011 1
6063 1275 1
6063 5326 1
6063 2484 1
6063 707 1
6063 2926 1
3604 2339 1
3604 6505 1
3604 3977 1
3604 1643 1
3604 4008 1
1559 2451 1
1559 7938 1
1559 6186 1
1559 2562 1
1559 6355 1
9454 3374 1
9454 2411 1
9454 5824 1
9454 2505 1
9454 8264 1
5773 10729 1
5773 8471 1
5773 8008 1
5773 2190 1
5773 7503 1
5364 3620 1
5364 1037 1
5364 7370 1
5364 1515 1
5364 8304 1
1274 1942 1
1274 10860 1
1274 6197 1
1274 4236 1
1274 2776 1
2097 4865 1
2097 3218 1
2097 11039 1
2097 1717 1
2097 3010 1
4960 1504 1
4960 6689 1
4960 2691 1
4960 1173 1
4960 3344 1
11095 7242 1
11095 1607 1
11095 3231 1
11095 5299 1
1717 9422 1
1717 9089 1
1717 8345 1
1717 3974 1
1717 7147 1
8301 3146 1
8301 10894 1
8301 5306 1
8301 1553 1
8301 8088 1
9422 2097 1
9422 8316 1
9422 3392 1
9422 1717 1
9422 4998 1
9397 2024 1
9397 6398 1
9397 3401 1
9397 1802 1
9397 4335 1
3625 2339 1
3625 8949 1
3625 4610 1
3625 1643 1
3625 6528 1
4834 5005 1
4834 3897 1
4834 3246 1
4834 10690 1
4834 4870 1
8949 1892 1
8949 7524 1
8949 3482 1
8949 944 1
8949 4610 1
1086 2876 1
1086 1859 1
6528 2339 1
6528 8949 1
6528 3625 1
6528 1643 1
6528 4801 1
2601 10814 1
2601 6594 1
2601 1570 1
2601 5941 1
2601 11041 1
965 6935 1
965 1153 1
965 1716 1
965 1412 1
965 8395 1
5471 2451 1
5471 10585 1
5471 4521 1
5471 1566 1
5471 6552 1
10983 1248 1
10983 4941 1
10983 2078 1
10983 985 1
10983 2950 1
5731 6194 1
5731 4407 1
5731 4069 1
5731 5563 1
5731 7851 1
4410 9072 1
4410 4104 1
4410 3572 1
4410 7845 1
4410 9788 1
5637 1504 1
5637 9731 1
5637 2691 1
5637 1173 1
5637 3344 1
10954 2209 1
10954 10123 1
10954 4003 1
10954 1252 1
10954 5899 1
3022 3523 1
3022 5318 1
3022 6572 1
3022 10547 1
3022 6923 1
8335 6391 1
8335 4008 1
8335 10266 1
8335 4630 1
8335 5127 1
3993 3560 1
3993 8229 1
3993 6769 1
3993 4018 1
3993 8345 1
8901 4232 1
8901 1703 1
8901 6197 1
8901 2601 1
8901 10782 1
6052 8523 1
6052 9640 1
6052 1785 1
6052 8987 1
6052 7400 1
7211 1036 1
7211 5140 1
7211 1959 1
7211 482 1
7211 3060 1
3778 6894 1
3778 9011 1
3778 818 1
3778 9400 1
3778 4480 1
8160 2851 1
8160 10882 1
8160 4387 1
8160 1634 1
8160 5968 1
798 3996 1
798 3987 1
798 8014 1
798 4887 1
798 10009 1
7484 6391 1
7484 7379 1
7484 818 1
7484 5792 1
7484 8871 1
9319 5042 1
9319 2559 1
9319 10809 1
9319 2760 1
9319 3495 1
4396 5056 1
4396 2162 1
4396 6691 1
4396 3086 1
4396 3232 1
6865 2471 1
6786 2284 1
6786 8341 1
6786 3229 1
6786 1837 1
6786 4871 1
9260 8239 1
9260 537 1
9260 3022 1
9260 3678 1
4195 11079 1
4195 1613 1
4195 6390 1
4195 2772 1
4195 3474 1
5831 1275 1
5831 5326 1
5831 2484 1
5831 707 1
5831 2926 1
1716 853 1
1716 5966 1
1716 4098 1
1716 532 1
1716 4128 1
7876 2081 1
7876 6093 1
7876 2821 1
7876 1688 1
7876 3947 1
3761 3326 1
3761 2343 1
3761 9100 1
3761 2535 1
3761 6459 1
1426 3247 1
1426 7330 1
1426 5696 1
1426 8008 1
1426 8028 1
4801 2339 1
4801 6223 1
4801 3625 1
4801 1643 1
4801 6549 1
6223 1153 1
6223 6422 1
6223 2339 1
6223 887 1
6223 3794 1
2846 997 1
2846 9008 1
2846 1767 1
2846 10234 1
2846 5868 1
1210 3862 1
1210 9602 1
1210 5163 1
1210 3115 1
1210 7494 1
11086 2339 1
11086 9733 1
11086 4379 1
11086 1443 1
11086 7370 1
4509 9996 1
4509 7465 1
9008 2846 1
9008 9092 1
9008 3844 1
9008 2505 1
9008 6407 1
3813 5969 1
3813 7294 1
3813 7676 1
3813 8215 1
3813 8736 1
9108 9602 1
9108 3761 1
9108 1629 1
9108 10882 1
9108 8730 1
807 5939 1
807 7765 1
807 9044 1
807 4956 1
807 10634 1
8987 4480 1
8987 5355 1
8987 8603 1
8987 4135 1
8987 6383 1
5715 4705 1
5715 8500 1
5715 5299 1
5715 9787 1
5715 7705 1
5306 3146 1
5306 5375 1
5306 9856 1
5306 1553 1
5306 10932 1
2223 1504 1
2223 6803 1
2223 2831 1
2223 1173 1
2223 4230 1
6106 3270 1
3637 10612 1
3637 5537 1
3637 9600 1
3637 4008 1
3637 8425 1
9363 8166 1
9363 10109 1
9363 10987 1
9363 6421 1
9363 4608 1
2344 2284 1
2344 9490 1
2344 9356 1
2344 1837 1
2344 3229 1
6459 9146 1
6459 9011 1
6459 1210 1
6459 6737 1
6459 9666 1
4379 1443 1
4379 5708 1
4379 3197 1
4379 720 1
4379 7660 1
10140 5033 1
10140 1839 1
10140 8398 1
10140 2351 1
10140 2877 1
5616 1785 1
5616 7945 1
5616 2864 1
5616 1208 1
5616 3510 1
9731 1504 1
9731 5637 1
9731 2691 1
9731 1173 1
9731 3344 1
1934 1488 1
1934 7236 1
1934 3589 1
1934 1088 1
1934 6936 1
7695 6391 1
7695 7379 1
7695 818 1
7695 5792 1
7695 10022 1
1560 8153 1
1560 9927 1
1560 9605 1
1560 7805 1
1560 2064 1
7321 2445 1
7321 965 1
7321 4098 1
7321 1229 1
7321 7074 1
6498 3397 1
6498 1412 1
6498 5016 1
6498 3022 1
6498 9146 1
4862 830 1
4862 7084 1
4862 1862 1
4862 440 1
4862 2880 1
8484 1173 1
8484 4171 1
8484 1987 1
8484 10528 1
8484 8562 1
1097 2831 1
1097 7546 1
1097 6689 1
1097 7432 1
1097 7994 1
5212 2876 1
5212 1147 1
5212 9996 1
5212 1422 1
5212 10651 1
6008 10846 1
6008 4496 1
6008 4279 1
6008 7203 1
6008 9586 1
9146 5442 1
9146 6498 1
9146 11006 1
9146 4918 1
9146 7530 1
3827 6898 1
3827 11097 1
3827 6008 1
3827 11168 1
3827 4189 1
3597 1504 1
3597 11068 1
3597 2691 1
3597 1173 1
3597 3344 1
10512 4208 1
10512 2153 1
10512 6387 1
10512 2601 1
10512 2846 1
5604 4069 1
5604 2162 1
5604 6737 1
5604 2877 1
5604 3062 1
1746 6232 1
1746 720 1
1746 6257 1
1746 1728 1
1746 9431 1
8330 1806 1
8330 6595 1
8330 2970 1
8330 1210 1
8330 3993 1
5058 7373 1
5058 3653 1
5058 2945 1
5058 5696 1
5058 10086 1
6704 7530 1
6704 4286 1
6704 4168 1
6704 5968 1
6704 6060 1
4157 10609 1
4157 1307 1
4157 1180 1
4157 3263 1
4157 5513 1
2359 4630 1
2359 2237 1
2359 2535 1
2359 4109 1
2359 9550 1
4828 853 1
4828 9788 1
4828 2461 1
4828 414 1
4828 3788 1
2788 10529 1
2788 10588 1
2788 818 1
2788 2819 1
2788 4000 1
1965 10233 1
1965 2880 1
1965 1899 1
1965 10339 1
1965 8146 1
11115 6898 1
11115 3529 1
976 10123 1
976 7845 1
976 2466 1
976 9218 1
976 6328 1
10418 1147 1
10418 6076 1
10418 2162 1
10418 667 1
10418 3813 1
3011 1504 1
3011 11068 1
3011 2685 1
3011 1173 1
3011 3344 1
4657 7740 1
4657 4407 1
9856 3146 1
9856 10385 1
9856 5306 1
9856 1553 1
9856 8088 1
3721 3146 1
3721 5375 1
3721 8088 1
3721 1553 1
3721 7877 1
1252 1688 1
1252 1151 1
1252 11052 1
1252 2877 1
1252 6224 1
5906 6197 1
5906 3317 1
5906 1489 1
5906 9146 1
5906 8871 1
1407 8347 1
1407 5774 1
1407 9070 1
1407 6228 1
1407 8919 1
8779 4947 1
8779 2877 1
8779 10954 1
8779 3097 1
8779 3767 1
6836 1873 1
6836 555 1
6836 4457 1
6836 1025 1
6836 6935 1
4472 3090 1
4472 1733 1
4472 4135 1
4472 2535 1
4472 8734 1
5295 1806 1
5295 8506 1
5295 2970 1
5295 1210 1
5295 3993 1
10233 2175 1
10233 9147 1
10233 3840 1
10233 1564 1
10233 5442 1
7779 7970 1
7779 2772 1
7779 2074 1
7779 6898 1
7779 7105 1
6926 3097 1
6926 1278 1
6926 4947 1
6926 2209 1
6926 10031 1
1165 7186 1
1165 8450 1
1165 4251 1
1165 1480 1
1165 6268 1
3572 7768 1
3572 4291 1
3572 7153 1
3572 9356 1
3572 7370 1
7606 2339 1
7606 7660 1
7606 4379 1
7606 1443 1
7606 7370 1
10060 4298 1
10060 455 1
10060 2395 1
2970 4239 1
2970 3301 1
2970 7992 1
2970 11187 1
2970 9545 1
8731 2445 1
8731 965 1
8731 4098 1
8731 1229 1
8731 6935 1
5050 8871 1
5050 10318 1
5050 8199 1
5050 3836 1
5050 3154 1
6910 5597 1
6910 6572 1
6910 756 1
6910 5154 1
6910 8719 1
446 4596 1
446 6755 1
446 10244 1
446 2985 1
446 4043 1
6329 1061 1
6329 4766 1
6329 2238 1
6329 629 1
6329 3314 1
9542 3877 1
8724 3397 1
8724 1412 1
8724 5016 1
8724 3022 1
8724 9600 1
3615 9072 1
3615 3397 1
3615 3197 1
3615 8103 1
3615 5512 1
11022 4189 1
11022 2471 1
11022 2312 1
11022 3394 1
11022 3449 1
6970 1504 1
6970 5637 1
6970 2691 1
6970 1173 1
6970 3344 1
7788 7494 1
7788 2903 1
7788 4097 1
5319 6224 1
5319 2476 1
5319 1780 1
5319 3705 1
5319 4146 1
6137 1504 1
6137 5637 1
6137 2691 1
6137 1173 1
6137 3344 1
944 5388 1
944 3977 1
944 8229 1
944 4610 1
944 3401 1
8351 10414 1
8351 2191 1
8351 6589 1
8351 9645 1
4744 2736 1
4744 6737 1
4744 4119 1
4744 1564 1
4744 5016 1
9400 6099 1
9400 7023 1
9400 818 1
9400 5503 1
9400 8343 1
4098 1153 1
4098 9105 1
4098 2046 1
4098 606 1
4098 3317 1
1629 7920 1
1629 3862 1
1629 3517 1
1629 10777 1
1629 11087 1
2545 7910 1
2545 4919 1
2545 1802 1
2545 8146 1
2545 5574 1
5046 3813 1
5046 9934 1
5046 4044 1
5046 2284 1
5046 1540 1
9015 1197 1
9015 5971 1
9015 2552 1
9015 629 1
9015 3574 1
4900 6770 1
4900 7065 1
2436 2813 1
2436 5341 1
2436 9342 1
2436 3263 1
2436 7767 1
4082 8565 1
4082 2535 1
4082 7867 1
4082 3302 1
4082 4472 1
7922 2024 1
7922 7147 1
7922 2988 1
7922 1715 1
7922 3974 1
2578 4286 1
2578 5968 1
2578 8997 1
2578 4168 1
2578 7530 1
3401 3397 1
3401 1944 1
3401 10064 1
3401 2097 1
3401 6563 1
4463 10589 1
4463 2471 1
4463 3394 1
2418 3017 1
2418 1341 1
2418 11179 1
2418 2406 1
2418 9218 1
373 9533 1
373 716 1
373 8871 1
373 1748 1
373 10487 1
5458 2284 1
5458 10158 1
5458 3229 1
5458 1837 1
5458 4871 1
4300 8077 1
4300 537 1
4300 8239 1
4300 843 1
4300 629 1
7592 6517 1
7592 5795 1
7592 6080 1
9228 6874 1
9228 2760 1
9228 10881 1
9228 4956 1
9228 5042 1
10628 1806 1
10628 6529 1
10628 2970 1
10628 1210 1
10628 3862 1
2448 4654 1
2448 4232 1
2448 8901 1
2448 9194 1
2448 8048 1
7370 7806 1
7370 8506 1
7370 1328 1
7370 7400 1
7370 11132 1
4078 2754 1
4078 6379 1
4078 4874 1
4078 1886 1
4078 9899 1
3232 2097 1
3232 10487 1
3232 5894 1
3232 1276 1
3232 6835 1
9642 8763 1
9642 4770 1
9642 4586 1
9642 5740 1
9642 6803 1
1412 9939 1
1412 3326 1
1412 2466 1
1412 2238 1
1412 8961 1
4704 10384 1
4704 3406 1
4704 8190 1
4704 4159 1
4704 4195 1
8401 7708 1
8401 9649 1
8401 1128 1
8401 7193 1
8401 10663 1
4286 6060 1
4286 5120 1
4286 4168 1
4286 8997 1
4286 5968 1
7193 2284 1
7193 10886 1
7193 3229 1
7193 1837 1
7193 4871 1
2988 9422 1
2988 2249 1
2988 7662 1
2988 2782 1
2988 3392 1
5398 8153 1
5398 4474 1
5398 4157 1
5398 5709 1
5398 6894 1
7867 4766 1
7867 5792 1
7867 10041 1
7867 4472 1
7867 6894 1
3931 4937 1
3931 2578 1
3931 4078 1
3931 3751 1
3931 5120 1
6385 6792 1
6385 3659 1
6385 5827 1
6385 8736 1
6036 918 1
6036 4278 1
6036 1755 1
6036 6353 1
6036 8121 1
10881 10954 1
10881 5513 1
10881 4107 1
10881 7767 1
10881 9228 1
5120 6060 1
5120 4286 1
5120 4168 1
5120 6704 1
5120 8997 1
7978 8610 1
7978 4398 1
7978 3128 1
7978 5846 1
7978 7891 1
1445 5965 1
1445 5968 1
1445 5260 1
3914 9218 1
3914 7313 1
3914 3957 1
3914 3659 1
3914 10529 1
6947 8719 1
6947 5513 1
6947 9165 1
6947 7814 1
9416 5176 1
9416 3296 1
9416 9080 1
9416 3504 1
9416 4209 1
4473 1298 1
4473 9727 1
4473 4257 1
4473 847 1
4473 6838 1
3844 2545 1
3844 4462 1
3844 3510 1
3844 1840 1
3844 7968 1
2445 4098 1
2445 965 1
2445 3999 1
2445 1229 1
2445 3914 1
993 6923 1
993 6353 1
993 7193 1
993 10886 1
993 10158 1
4919 1726 1
4919 11081 1
4919 2864 1
4919 709 1
4919 3699 1
6565 3908 1
6565 2545 1
6565 5527 1
6565 2664 1
6565 9640 1
9761 1331 1
9761 7231 1
9761 2545 1
9761 709 1
9761 3267 1
4060 10343 1
4060 6910 1
4060 6577 1
4060 6722 1
4060 4349 1
6529 1237 1
6529 4199 1
6529 2243 1
6529 561 1
6529 10487 1
10606 7355 1
10606 3730 1
10606 7922 1
10606 7147 1
10606 6770 1
8451 2284 1
8451 7228 1
8451 3229 1
8451 1837 1
8451 4871 1
10496 7147 1
10496 7814 1
10496 7629 1
10496 8229 1
10496 8345 1
2557 7766 1
2557 5771 1
2557 10881 1
2557 7211 1
2557 8622 1
2466 3974 1
2466 10723 1
2466 1229 1
2466 5974 1
2466 3914 1
1643 4747 1
1643 8949 1
1643 2970 1
1643 4610 1
1643 9018 1
5388 1892 1
5388 8515 1
5388 3073 1
5388 982 1
5388 4563 1
10326 3576 1
10326 1228 1
10326 5405 1
10326 1664 1
10326 9493 1
2555 7105 1
2555 2461 1
2555 5100 1
2555 9025 1
2555 2633 1
4198 7523 1
4198 2736 1
4198 7740 1
4198 3466 1
4198 3606 1
6228 1836 1
6228 9070 1
6228 5225 1
6228 1443 1
6228 8666 1
5016 7857 1
5016 3517 1
5016 1483 1
5016 10135 1
5016 5255 1
2547 6841 1
2547 1540 1
2547 2162 1
9131 1540 1
9131 4480 1
9131 2192 1
9131 972 1
9131 2880 1
7904 6076 1
7904 2842 1
7904 9781 1
7904 3994 1
7904 5010 1
1256 4945 1
1256 606 1
1256 8753 1
1256 4311 1
7017 1153 1
7017 4684 1
7017 2114 1
7017 767 1
7017 2854 1
1208 10765 1
1208 6459 1
1208 10020 1
1208 3115 1
1208 8506 1
6525 5503 1
6525 9733 1
6525 678 1
6525 4892 1
6525 8316 1
5469 1504 1
5469 7190 1
5469 2691 1
5469 1173 1
5469 3344 1
6346 3397 1
6346 1715 1
6346 11023 1
6346 2466 1
6346 6653 1
5198 3394 1
5198 4393 1
5198 3488 1
5198 7929 1
5198 6924 1
9732 2322 1
9732 8708 1
9732 3914 1
9732 1059 1
9732 6691 1
3971 4543 1
3971 5827 1
3971 3659 1
3971 6696 1
3971 10047 1
2791 1328 1
2791 11087 1
2791 2535 1
2791 718 1
2791 3611 1
5260 3037 1
5260 1934 1
5260 4289 1
5260 2275 1
5260 5824 1
8580 3908 1
8580 2545 1
8580 5527 1
8580 2664 1
8580 7910 1
350 7078 1
350 6080 1
350 3476 1
10166 4614 1
10166 6379 1
10166 5730 1
10166 11157 1
10166 11053 1
11006 5241 1
11006 6099 1
11006 9873 1
11006 4661 1
11006 6935 1
7392 7908 1
7392 3140 1
7392 2693 1
7392 5299 1
7392 5546 1
8215 2162 1
8215 9100 1
8215 3017 1
8215 1389 1
8215 4135 1
9011 3611 1
9011 4104 1
9011 8054 1
9011 9939 1
9011 4766 1
2077 972 1
2077 9091 1
2077 6935 1
2077 444 1
2077 2880 1
1254 8151 1
1254 3495 1
1254 5958 1
1254 9319 1
1254 7001 1
4239 1715 1
4239 5910 1
4239 2466 1
4239 944 1
4239 3482 1
6936 1173 1
6936 4648 1
6936 1934 1
6936 1019 1
6936 2762 1
9405 1504 1
9405 5637 1
9405 2691 1
9405 1173 1
9405 3344 1
5375 3146 1
5375 1099 1
5375 5306 1
5375 1553 1
5375 7966 1
7877 3146 1
7877 9615 1
7877 5306 1
7877 1553 1
7877 10894 1
6239 1197 1
6239 5971 1
6239 2552 1
6239 629 1
6239 3574 1
11177 2601 1
11177 10008 1
11177 3662 1
11177 1206 1
11177 6118 1
3049 1275 1
3049 8547 1
3049 2372 1
3049 707 1
3049 4871 1
8660 3617 1
8660 2192 1
8660 6229 1
8660 2545 1
8660 2709 1
11129 9781 1
11129 11114 1
11129 1328 1
11129 8738 1
11129 8330 1
4042 3617 1
4042 2192 1
4042 11087 1
4042 2545 1
4042 2709 1
2406 4810 1
2406 1341 1
2406 6642 1
2406 9218 1
2406 6595 1
1406 7432 1
1406 7546 1
1406 2078 1
1406 1173 1
1406 3130 1
1785 2792 1
1785 1806 1
1785 6595 1
1785 3788 1
1785 7494 1
6723 1197 1
6723 6101 1
6723 2552 1
6723 629 1
6723 3858 1
9870 5439 1
9870 6563 1
9870 629 1
9870 4919 1
9870 7867 1
3326 7359 1
3326 4382 1
3326 5439 1
3326 8316 1
3326 9600 1
5795 6517 1
5795 6080 1
5795 7592 1
9415 4390 1
9415 1088 1
9415 6470 1
9415 1692 1
9415 1103 1
2831 1504 1
2831 4941 1
2831 2691 1
2831 1173 1
2831 6936 1
3197 2162 1
3197 8523 1
3197 9733 1
3197 1059 1
3197 3615 1
4843 6033 1
4843 3945 1
4843 3637 1
4843 4039 1
4843 9600 1
6644 10801 1
4998 3397 1
4998 1944 1
4998 4865 1
4998 2097 1
4998 8229 1
1971 11152 1
1971 10292 1
1971 5713 1
1971 10943 1
1971 7848 1
8555 11091 1
8555 2471 1
8555 10234 1
3617 2709 1
3617 1662 1
3617 11037 1
3617 1810 1
3617 7361 1
6229 2796 1
6229 1810 1
6229 5654 1
6229 2192 1
6229 9136 1
2709 7689 1
2709 2192 1
2709 4357 1
2709 2545 1
2709 7616 1
3469 8304 1
3469 6036 1
3469 6770 1
3469 10882 1
3469 4631 1
606 1785 1
606 2854 1
606 6097 1
606 3813 1
606 7091 1
5964 1197 1
5964 8716 1
5964 2552 1
5964 629 1
5964 3858 1
6787 3730 1
6787 2249 1
6787 7147 1
6787 2782 1
6787 2988 1
1026 4630 1
1026 8565 1
1026 6563 1
1026 8335 1
1026 5829 1
4318 6841 1
4318 6257 1
8151 7748 1
8151 6365 1
8151 5451 1
8151 6841 1
8151 6874 1
1567 7209 1
1567 4407 1
1567 10742 1
1567 6954 1
1567 9679 1
10873 1341 1
10873 6099 1
10873 2819 1
10873 976 1
10873 3767 1
6867 4104 1
6867 5492 1
6867 4817 1
6867 9867 1
6867 10117 1
864 6867 1
864 4104 1
864 3378 1
3528 3342 1
3528 1190 1
3528 9275 1
3528 2877 1
3528 7598 1
9289 9066 1
9289 3594 1
9289 3387 1
9289 4226 1
9289 4787 1
6642 10031 1
6642 3317 1
6642 1229 1
6642 8345 1
6642 10091 1
3730 3392 1
3730 2249 1
3730 7845 1
3730 2782 1
3730 6653 1
4119 9605 1
4119 3750 1
4119 1526 1
4119 6572 1
4119 8303 1
7411 1836 1
7411 9572 1
7411 4978 1
7411 1443 1
7411 6374 1
532 6926 1
532 7177 1
532 2595 1
532 3692 1
532 10954 1
10031 11052 1
10031 3503 1
10031 1341 1
10031 9070 1
10031 8756 1
2127 1278 1
2127 3457 1
2127 4003 1
2127 9779 1
2127 7129 1
6843 7494 1
6843 6471 1
6843 5968 1
6843 6579 1
6843 6706 1
1082 5382 1
1082 1767 1
1082 3866 1
1082 997 1
1082 9779 1
3127 4394 1
3127 95 1
3127 2762 1
3747 1248 1
3747 4230 1
3747 2078 1
3747 985 1
3747 2831 1
1278 4003 1
1278 9779 1
1278 3457 1
1278 4079 1
1278 7965 1
2762 1248 1
2762 10809 1
2762 2058 1
2762 1097 1
2762 2831 1
3585 3146 1
3585 5375 1
3585 10256 1
3585 1553 1
3585 8138 1
1703 4427 1
1703 4322 1
1703 1671 1
1703 8901 1
1703 7110 1
9110 1373 1
9110 4975 1
9110 2791 1
9110 718 1
9110 3326 1
6792 3730 1
6792 6385 1
6792 5827 1
6792 7355 1
6792 7922 1
3288 1504 1
3288 11068 1
3288 2691 1
3288 1173 1
3288 7432 1
1482 1406 1
1482 5469 1
1482 3092 1
1482 1097 1
1482 4648 1
3128 10294 1
3128 1202 1
3128 8841 1
3128 7978 1
10487 1088 1
10487 4087 1
10487 1937 1
10487 10546 1
10487 9732 1
8841 7978 1
8841 1202 1
8841 10294 1
8841 3128 1
8841 2585 1
1202 11191 1
1202 3820 1
1202 7978 1
1202 8398 1
1202 1330 1
6963 10882 1
6963 3062 1
6963 2846 1
6963 6036 1
6963 6374 1
2848 1716 1
2848 9929 1
2848 9218 1
2848 976 1
2848 9007 1
4494 10086 1
4494 9555 1
4494 7373 1
4494 9175 1
4494 10412 1
7074 2445 1
7074 965 1
7074 4098 1
7074 1229 1
7074 7321 1
2064 3383 1
2064 4107 1
2064 9927 1
9927 3122 1
3589 9071 1
2351 10140 1
1839 10140 1
1839 8530 1
10612 6033 1
10612 3945 1
10612 3637 1
10612 4039 1
10612 4843 1
5389 2401 1
5389 11068 1
5389 4617 1
5389 3644 1
8500 9787 1
8500 1151 1
8500 5715 1
1873 1681 1
1873 982 1
1873 2975 1
1873 3062 1
7676 4941 1
7676 5881 1
7676 10004 1
7676 4483 1
7676 6863 1
3812 1132 1
3812 10031 1
3812 2595 1
3812 3659 1
6407 2461 1
6407 9454 1
6407 5451 1
6407 1634 1
3115 1806 1
3115 8054 1
3115 2970 1
3115 1210 1
3115 7977 1
7765 5939 1
7765 807 1
887 3977 1
887 5388 1
887 6422 1
887 4610 1
887 10624 1
9100 1389 1
9100 6033 1
9100 2343 1
9100 980 1
9100 3397 1
5563 5731 1
2484 10087 1
2484 3267 1
2484 1248 1
3474 1470 1
3474 1876 1
3474 4195 1
1733 4119 1
1613 4195 1
1613 9371 1
1613 8268 1
3086 10487 1
3086 4396 1
3086 5133 1
2559 9319 1
2559 2760 1
2559 9228 1
5042 7392 1
5042 4956 1
5042 9319 1
6527 3152 1
3996 2427 1
3996 3987 1
3996 8542 1
4387 4427 1
4387 5664 1
4387 8160 1
1959 6890 1
1959 8470 1
1959 6099 1
1959 4298 1
1959 4563 1
5127 8335 1
5127 10414 1
5127 4630 1
5127 3959 1
10266 2359 1
10266 8565 1
10266 3397 1
10266 1412 1
10266 4865 1
2262 11054 1
2262 8506 1
2262 818 1
2262 6923 1
2262 4000 1
10123 3957 1
10123 4536 1
10123 3692 1
10123 5442 1
1418 6036 1
1418 10882 1
1418 9092 1
6552 1250 1
6552 2226 1
6552 1082 1
6552 2601 1
3897 4834 1
3897 10873 1
5005 4834 1
6076 5700 1
6076 2842 1
6076 9787 1
2209 10123 1
2209 2827 1
2209 5191 1
2209 8756 1
3231 7242 1
3231 1607 1
3231 4322 1
3231 11095 1
1607 11095 1
1607 7242 1
1607 5299 1
1607 3231 1
2776 8640 1
2776 1755 1
10860 1659 1
10860 10053 1
10860 2776 1
1942 3542 1
201 2598 1
201 547 1
201 6796 1
1515 8187 1
1515 4396 1
1515 7370 1
1515 5968 1
1515 5364 1
1037 5656 1
1037 5364 1
7503 6838 1
7503 3018 1
9089 3397 1
9089 1944 1
9089 4998 1
9089 2097 1
9089 7922 1
2505 7494 1
2505 4480 1
2505 5056 1
2505 5395 1
2505 11006 1
6355 2340 1
6355 6552 1
7910 3908 1
7910 2545 1
7910 5527 1
7910 2664 1
7910 8580 1
3974 3397 1
3974 1944 1
3974 4239 1
3974 2097 1
3974 6563 1
6443 1504 1
6443 5637 1
6443 2691 1
6443 1173 1
6443 3344 1
3215 1726 1
3215 5831 1
3215 2864 1
3215 709 1
7330 5696 1
7330 9277 1
7330 8028 1
971 4810 1
971 10091 1
971 1132 1
3097 1341 1
3097 5191 1
3097 2819 1
3097 976 1
5405 7494 1
5405 10326 1
10221 6118 1
10221 3296 1
10221 2506 1
9074 10221 1
9074 8508 1
9507 4608 1
4462 3908 1
4462 2545 1
4462 2664 1
4462 6840 1
9974 7798 1
9974 10248 1
9974 8960 1
9974 7373 1
9974 10604 1
3010 2097 1
3010 10974 1
3010 1248 1
9594 1082 1
9594 4135 1
9594 2243 1
9594 10954 1
9594 10628 1
2841 4870 1
2841 10743 1
985 5906 1
985 4757 1
985 4230 1
985 2058 1
985 11068 1
5100 7221 1
5100 7110 1
3947 5792 1
3947 4998 1
4770 3776 1
6511 6643 1
6511 10700 1
6511 5121 1
1288 6985 1
1288 6060 1
7253 1229 1
7253 6062 1
7253 2535 1
7253 965 1
7253 3364 1
3866 3372 1
3866 1570 1
5512 7563 1
5512 3197 1
5512 3615 1
5512 5163 1
11068 3597 1
11068 1482 1
11068 9216 1
1634 3788 1
1634 6935 1
1634 10792 1
10339 6737 1
10339 3397 1
10339 3197 1
10339 5163 1
10339 5512 1
8028 5696 1
8028 7330 1
8028 4937 1
3090 4472 1
3090 4119 1
3090 1733 1
9876 1703 1
9876 5781 1
4388 4230 1
4388 10248 1
4388 4387 1
4388 5451 1
7240 4132 1
7236 7626 1
2298 6470 1
2298 8450 1
1570 3866 1
4039 8425 1
4039 3637 1
4039 4008 1
4039 9600 1
1088 9072 1
1088 10782 1
1926 7359 1
1926 6088 1
1926 3317 1
10631 1747 1
2058 1482 1
2058 2831 1
2058 1152 1
2058 9071 1
10414 8351 1
10414 4630 1
1265 735 1
1265 7638 1
8632 6892 1
8632 5121 1
8632 10555 1
8632 5552 1
4787 8468 1
4787 3594 1
4787 9289 1
5824 3381 1
5824 2199 1
5824 6914 1
5824 10009 1
2532 10792 1
2532 1716 1
2532 7285 1
2532 4278 1
3495 5958 1
3495 2828 1
3495 4760 1
3623 2175 1
3623 1252 1
3623 7308 1
3623 1945 1
3623 4543 1
7105 4488 1
7105 2772 1
7105 3529 1
7105 3903 1
2768 5817 1
2768 7588 1
2768 7378 1
1945 7308 1
1945 7504 1
1945 1252 1
1945 4003 1
7504 2877 1
7504 1945 1
7504 3926 1
7504 4003 1
11093 1810 1
11093 7758 1
11093 2796 1
11093 1204 1
11093 4042 1
2289 1806 1
2289 9600 1
2289 7457 1
2289 1210 1
2289 6459 1
9253 5441 1
9253 2851 1
9253 3558 1
3302 6770 1
3302 10343 1
3302 6821 1
3302 5515 1
6594 10581 1
6594 1838 1
6594 6686 1
6594 3605 1
6594 4174 1
5771 7162 1
5771 9368 1
5771 9383 1
5771 6186 1
1328 4629 1
1328 9602 1
1328 7977 1
1328 1210 1
1328 7494 1
3381 1204 1
3381 5263 1
3381 1914 1
3381 5483 1
2411 4952 1
2411 3405 1
2411 9454 1
5546 9416 1
5546 5299 1
5546 7392 1
8015 2339 1
8015 7171 1
8015 4828 1
2792 1806 1
2792 9594 1
2792 4629 1
2792 1210 1
2792 10546 1
7929 4854 1
7929 5198 1
7929 10550 1
7929 10416 1
4390 8578 1
4390 6470 1
4390 7876 1
4390 2585 1
4390 9415 1
7682 1483 1
7682 5460 1
7682 2658 1
7682 3364 1
718 4629 1
718 9108 1
718 4873 1
718 7945 1
718 5974 1
667 5906 1
667 5496 1
667 9071 1
667 9996 1
667 8543 1
2078 1482 1
2078 3597 1
2078 1152 1
2078 8484 1
10624 2339 1
10624 3625 1
10624 1643 1
10624 4801 1
5686 7297 1
5686 1147 1
5686 2078 1
5686 5230 1
3945 5318 1
3945 6923 1
3945 818 1
3945 6286 1
3945 9577 1
7432 1504 1
7432 5469 1
7432 2684 1
7432 1173 1
7432 3288 1
1671 1681 1
1671 5463 1
1671 2461 1
7299 1443 1
7299 5941 1
7299 2412 1
7299 1115 1
7299 3624 1
4830 1965 1
4830 5968 1
4830 3218 1
4830 10091 1
10729 3292 1
10729 10834 1
10729 2028 1
7136 4596 1
7136 4601 1
2346 2987 1
2346 4596 1
2346 7091 1
1123 10829 1
1123 1710 1
1123 2987 1
5188 3908 1
5188 2545 1
5188 5527 1
5188 2664 1
5188 9397 1
3542 1469 1
3542 8584 1
3542 2107 1
3542 1236 1
3542 3261 1
1801 3386 1
1801 7530 1
1801 818 1
1801 6935 1
1801 6572 1
4322 3231 1
4322 3422 1
4322 7589 1
1869 4654 1
1869 7637 1
1869 7182 1
1869 5212 1
6902 4793 1
6902 3416 1
6902 6872 1
6902 3978 1
6975 3730 1
6975 2249 1
6975 8748 1
6975 2782 1
6975 2988 1
2860 2188 1
2860 9441 1
2860 7427 1
2860 707 1
2860 6063 1
8304 2880 1
8304 4105 1
8304 2162 1
8304 7655 1
4189 9876 1
4189 3827 1
4189 7914 1
4189 10761 1
4189 11022 1
2285 3099 1
2285 1248 1
2285 2493 1
9922 4472 1
9922 3022 1
9922 8565 1
9922 4082 1
9922 4119 1
11010 8963 1
11010 4837 1
11010 6589 1
9033 1806 1
9033 6595 1
9033 2970 1
9033 1210 1
9033 3993 1
4837 6589 1
4837 11010 1
5159 6589 1
5159 11164 1
5159 7543 1
5324 2339 1
5324 8949 1
5324 3625 1
5324 1643 1
5324 4801 1
2760 1482 1
2760 11068 1
2760 1152 1
2760 3288 1
1937 2233 1
1937 11132 1
1937 4078 1
1937 7181 1
8515 4767 1
8515 982 1
8515 8401 1
8515 1873 1
8515 2044 1
2754 7637 1
2754 10016 1
2754 7599 1
2754 10635 1
2754 10830 1
7977 856 1
7977 4135 1
7977 1785 1
7977 7992 1
7977 8316 1
2975 3778 1
2975 8187 1
2975 7505 1
2975 6194 1
2975 9545 1
1234 9281 1
1234 10077 1
1234 9492 1
8034 7505 1
8034 8153 1
8034 10672 1
8034 6894 1
7066 1806 1
7066 6529 1
7066 2970 1
7066 1210 1
7066 3862 1
7313 2284 1
7313 8054 1
7313 3197 1
7313 758 1
7174 1749 1
7174 10480 1
7174 3813 1
7174 1443 1
7174 6197 1
4705 4937 1
4705 5715 1
4705 2762 1
8256 7571 1
8256 2994 1
8256 2723 1
8256 4638 1
8256 4817 1
6248 3314 1
6248 6329 1
6248 4255 1
5140 7211 1
5140 7334 1
1025 10886 1
1025 5881 1
1025 8724 1
1025 7682 1
1025 2343 1
4521 1566 1
4521 832 1
4521 2601 1
4496 10846 1
4496 6008 1
4496 6898 1
4407 3746 1
4407 1229 1
4407 9164 1
6505 2339 1
6505 8949 1
6505 3625 1
6505 1643 1
6505 4801 1
744 1365 1
744 7946 1
744 1190 1
744 2954 1
744 11007 1
7708 8756 1
7708 5366 1
7708 4664 1
7708 6196 1
7708 6642 1
3239 4770 1
3239 10607 1
9823 1504 1
9823 5637 1
9823 2691 1
9823 1173 1
9823 3344 1
2226 10516 1
2226 1570 1
2226 3372 1
1233 6935 1
1233 818 1
1233 11006 1
1233 5503 1
2700 2973 1
2700 10743 1
1877 1229 1
1877 2595 1
1877 7229 1
1877 830 1
1877 3882 1
1036 8469 1
1036 6121 1
1036 10840 1
1036 1676 1
5341 9342 1
5341 2436 1
2702 9425 1
2702 2615 1
2702 3324 1
2702 3842 1
10932 3146 1
10932 1099 1
10932 5306 1
10932 1553 1
10932 8088 1
10109 9363 1
10109 5463 1
10109 6421 1
10109 8166 1
2177 3665 1
2177 2057 1
2177 9506 1
7938 2340 1
6616 1935 1
5941 3372 1
5941 1570 1
1826 7798 1
1826 10604 1
1826 9175 1
1826 7948 1
1826 10235 1
4866 9175 1
4866 3653 1
4866 5696 1
4866 10086 1
7729 7173 1
7729 7907 1
7729 10256 1
7729 6895 1
7729 2767 1
2653 3028 1
2653 1303 1
2653 8988 1
2653 4159 1
2249 3730 1
2249 3392 1
2249 7662 1
2249 6787 1
2249 2988 1
8357 4596 1
8357 8878 1
8357 9291 1
8357 4530 1
8357 2987 1
2596 9610 1
2596 2056 1
2596 8416 1
2596 4833 1
1773 4624 1
1773 3028 1
1773 4159 1
1773 8988 1
5323 10557 1
5323 1640 1
10546 1806 1
10546 6595 1
10546 2970 1
10546 1210 1
10546 3993 1
10008 2449 1
10008 10429 1
10008 3765 1
10008 1529 1
10008 6057 1
1540 6286 1
1540 1389 1
1540 4044 1
1540 5441 1
1540 2547 1
8504 5129 1
8504 7588 1
8504 7318 1
8504 10225 1
8504 10287 1
10516 1570 1
10516 6594 1
10516 2573 1
10516 1143 1
10516 3866 1
6689 1504 1
6689 5244 1
6689 1173 1
6689 3092 1
10759 5016 1
10759 3062 1
10759 9346 1
9018 2339 1
9018 9689 1
9018 3625 1
9018 1643 1
9018 4801 1
8425 5537 1
8425 3945 1
8425 3637 1
8425 4039 1
8425 4065 1
5133 1774 1
5133 6691 1
5133 2970 1
5133 1088 1
5133 4069 1
3392 3342 1
3392 1944 1
3392 8666 1
3392 2343 1
3392 9072 1
6874 2078 1
6874 7518 1
6874 2760 1
6874 3045 1
9223 2284 1
9223 7228 1
9223 3229 1
9223 1837 1
9223 4871 1
10527 3649 1
6412 6461 1
6412 4814 1
6412 10788 1
1189 4347 1
1189 2757 1
4228 4793 1
4228 9506 1
4228 10348 1
4228 6321 1
2677 5822 1
2677 9226 1
2677 6054 1
2677 6319 1
2677 2993 1
2656 10581 1
2656 1543 1
2656 5500 1
4691 6471 1
4691 6706 1
9091 10221 1
9091 2077 1
10385 3146 1
10385 10419 1
10385 5306 1
10385 1553 1
10385 8088 1
2722 9175 1
2722 10086 1
7660 2162 1
7660 11086 1
7660 3572 1
7660 1147 1
1899 1965 1
1899 322 1
1172 10158 1
1172 9927 1
4654 1869 1
4654 1775 1
3162 11177 1
4808 6264 1
4808 8030 1
4808 4078 1
4808 1774 1
8960 7373 1
8960 8432 1
8960 7798 1
8960 10604 1
8960 9974 1
3598 1876 1
3598 7650 1
4476 4228 1
4476 1934 1
4476 5405 1
4476 2177 1
3786 8199 1
5527 3908 1
5527 2545 1
5527 8580 1
5527 2664 1
5527 9131 1
2456 8199 1
4591 2185 1
4591 6954 1
2945 7373 1
2945 5058 1
2945 8432 1
2613 4543 1
2613 9768 1
2613 3111 1
2613 6675 1
10020 1785 1
10020 6288 1
10020 2880 1
10020 1208 1
10020 3862 1
9600 8239 1
9600 9594 1
9600 1328 1
547 1229 1
1365 8239 1
1365 982 1
8395 1412 1
8395 6803 1
8395 2466 1
8395 965 1
8395 3993 1
5926 10609 1
5926 5241 1
5926 4608 1
5926 10278 1
5926 7177 1
3457 1767 1
3457 10814 1
3457 2846 1
3457 1250 1
3457 6926 1
5646 5730 1
5646 10415 1
5646 8160 1
5451 1406 1
5451 2078 1
5451 1097 1
5451 6137 1
5860 10974 1
5860 1752 1
9342 7073 1
9342 4082 1
9342 5241 1
10814 3372 1
10814 1570 1
10086 3653 1
10086 2055 1
10086 2703 1
10086 10372 1
6379 11132 1
6379 11177 1
6379 5730 1
6379 6206 1
4638 5939 1
4638 7106 1
4638 8256 1
6643 10700 1
6643 6511 1
1715 4239 1
1715 7147 1
1715 6563 1
1715 9089 1
1715 5894 1
6653 2249 1
6653 7922 1
6653 3342 1
6653 1715 1
6653 6787 1
9872 1817 1
9872 1088 1
9872 5212 1
10700 5121 1
10700 6054 1
10700 6511 1
10700 6643 1
4332 6706 1
4332 4239 1
4332 3611 1
9555 3649 1
11191 7978 1
11191 8763 1
1700 10678 1
4972 6737 1
4972 4868 1
4972 4573 1
4972 5894 1
4972 6762 1
8264 9454 1
8146 1275 1
8146 5326 1
8146 2484 1
8146 707 1
8146 2926 1
9602 1806 1
9602 6595 1
9602 2970 1
9602 1210 1
9602 3993 1
6310 10743 1
3018 10816 1
7318 10287 1
7318 3241 1
7318 2975 1
7318 5129 1
2190 8471 1
2190 7876 1
2190 10729 1
2190 3947 1
2190 5773 1
3836 5447 1
3836 2390 1
3836 4476 1
7816 1716 1
7816 9218 1
7816 2877 1
7816 976 1
7816 3926 1
8071 1341 1
8071 2819 1
8071 976 1
7766 2557 1
10235 798 1
10235 4887 1
10235 2004 1
10235 636 1
10235 2703 1
4398 7978 1
4398 1202 1
6125 4766 1
6125 5133 1
6125 5241 1
8756 1082 1
8756 4947 1
8756 853 1
3937 1288 1
3937 2207 1
455 10266 1
455 5395 1
455 537 1
3314 6329 1
3314 8011 1
4137 7843 1
4137 109 1
4137 10235 1
4137 1709 1
7689 3617 1
7689 2192 1
7689 5974 1
7689 2545 1
7689 11093 1
3155 6472 1
6665 3087 1
10260 3344 1
10260 1443 1
10260 6118 1
10260 1749 1
3296 4480 1
3296 2339 1
3296 2851 1
9442 2691 1
9442 7748 1
9666 2842 1
9666 6391 1
9666 4104 1
5551 6589 1
6374 1836 1
6374 5441 1
6374 2846 1
6374 3611 1
2595 1132 1
2595 2175 1
2595 532 1
10944 3146 1
10944 11051 1
10944 5306 1
10944 1553 1
10944 8088 1
1151 5715 1
1151 9787 1
1151 2044 1
3620 8719 1
3620 5364 1
2767 7907 1
2767 6895 1
2767 7173 1
2767 7729 1
2767 10256 1
7705 5715 1
7705 1365 1
7705 2376 1
7705 2530 1
10364 4513 1
11187 1643 1
11187 2970 1
11187 944 1
11187 4239 1
10967 9787 1
10967 4394 1
10967 5299 1
10967 7571 1
3560 1197 1
3560 8274 1
3560 2552 1
3560 629 1
3511 3245 1
8734 3678 1
8734 4119 1
8734 4135 1
5846 8398 1
5846 7978 1
5846 8610 1
623 3862 1
623 9600 1
623 5163 1
623 3115 1
623 7494 1
8030 4078 1
8030 6472 1
8030 4808 1
8030 8151 1
4548 3414 1
8014 5943 1
8014 1675 1
8014 832 1
6694 11045 1
6694 3653 1
6694 2703 1
1786 6874 1
1786 11168 1
1786 7392 1
1786 5167 1
6702 6316 1
6702 4664 1
6702 6095 1
5056 3344 1
5056 1688 1
5056 8316 1
5056 7301 1
2191 8351 1
2191 10414 1
2562 7938 1
2562 2340 1
4208 10983 1
4208 2846 1
4208 3394 1
2024 1944 1
2024 5974 1
2024 9089 1
3670 4159 1
3670 8988 1
9431 3572 1
9431 1443 1
9431 6228 1
9431 1749 1
9431 10882 1
9640 3844 1
7465 2362 1
7465 4509 1
7465 1422 1
7465 9996 1
4971 3414 1
5634 5697 1
5634 3722 1
5634 4145 1
8103 6737 1
8103 3397 1
8103 3197 1
8103 5163 1
8103 5512 1
6398 3218 1
6398 7922 1
6398 2024 1
7221 7748 1
7221 4956 1
7221 5100 1
4887 1700 1
1595 5206 1
1595 2295 1
3241 10225 1
3241 4104 1
3241 2284 1
3241 10287 1
7176 3394 1
7176 3416 1
6579 7841 1
6579 7494 1
8225 2596 1
3669 8006 1
3669 9448 1
3669 7078 1
3669 8395 1
3669 7084 1
4073 1275 1
4073 2484 1
4073 707 1
4073 2926 1
9688 9932 1
9688 8473 1
2819 9600 1
2819 7505 1
2819 2975 1
2819 4298 1
2819 4536 1
7308 4128 1
7308 1688 1
7308 2877 1
7308 3623 1
7845 9100 1
7845 3342 1
3482 2339 1
3482 7524 1
3482 4747 1
3482 1643 1
3482 9689 1
1836 8013 1
1836 10882 1
1836 9275 1
9448 7084 1
9448 8006 1
9448 3669 1
2864 4919 1
2864 707 1
2864 3267 1
8095 2284 1
8095 7228 1
8095 3229 1
8095 1837 1
8095 4871 1
10376 3649 1
10376 9555 1
7084 1197 1
7084 2508 1
7084 629 1
7084 3523 1
7907 3029 1
7907 7173 1
7907 6895 1
7907 10256 1
7907 10024 1
8730 1806 1
8730 6595 1
8730 2970 1
8730 1210 1
8730 3993 1
4630 6033 1
4630 3959 1
4630 4135 1
4630 9600 1
5453 2284 1
5453 3229 1
5453 1837 1
5453 4871 1
1017 6803 1
1017 5740 1
1017 5664 1
1840 3844 1
1840 9131 1
5132 8901 1
5132 5634 1
5132 5697 1
5132 9996 1
7524 2339 1
7524 8282 1
7524 3625 1
7524 1643 1
7524 4801 1
8347 3193 1
8347 8160 1
8347 5225 1
10987 9363 1
10987 10109 1
10987 8166 1
10987 6421 1
2343 1373 1
2343 2395 1
2343 7682 1
2343 3364 1
6769 4810 1
6769 1965 1
6769 2954 1
6769 3572 1
1767 7686 1
1767 3866 1
1767 1570 1
5882 5434 1
5882 4480 1
5882 6471 1
5534 2395 1
5534 7457 1
5534 3326 1
5534 1483 1
5534 4199 1
9649 2925 1
9649 4947 1
7908 7392 1
7908 10000 1
5225 1836 1
5225 8160 1
5225 4978 1
5225 10882 1
3890 4376 1
9673 8508 1
5326 1726 1
5326 7231 1
5326 2864 1
5326 709 1
7185 3776 1
7185 4709 1
7185 4098 1
5539 5230 1
5539 1418 1
5539 1640 1
5539 3062 1
11051 2496 1
11051 7966 1
11051 3146 1
11051 10256 1
352 5167 1
352 1786 1
352 1482 1
352 2298 1
2821 2854 1
2821 1965 1
2821 4044 1
3644 7867 1
3644 8961 1
3644 756 1
3644 4747 1
3644 7945 1
3130 1504 1
3130 6197 1
3130 2691 1
3130 1173 1
3130 3597 1
6422 2339 1
6422 8949 1
6422 3625 1
6422 1643 1
6422 4801 1
2307 2401 1
5335 4160 1
7709 2993 1
3594 9289 1
3594 4787 1
3594 8468 1
1357 2401 1
1357 6902 1
1357 4625 1
1357 4617 1
11163 2284 1
11163 7228 1
11163 3229 1
11163 1837 1
11163 4871 1
7427 1275 1
7427 5326 1
7427 2484 1
7427 707 1
7427 2926 1
5781 4078 1
6863 1806 1
6863 6595 1
6863 2970 1
6863 1210 1
6863 3993 1
7686 1767 1
7686 6196 1
7686 1250 1
11168 2754 1
4814 7869 1
4814 4387 1
4814 6412 1
4814 6461 1
10117 9867 1
10117 5492 1
10117 6867 1
8471 3239 1
8471 5773 1
8471 9259 1
8471 8008 1
10940 4097 1
10940 6374 1
10940 7494 1
1488 1934 1
1488 6333 1
1488 10670 1
1513 3813 1
1513 4971 1
7274 9901 1
7274 3372 1
7274 1570 1
3047 7686 1
3047 1570 1
3047 5382 1
10000 3314 1
10000 1061 1
4842 1365 1
4842 2601 1
4842 1152 1
4842 3457 1
4868 6737 1
4868 8229 1
4868 4573 1
4868 6762 1
4868 4972 1
2684 1504 1
2684 4960 1
2684 7432 1
2684 1173 1
2684 9071 1
10091 971 1
10091 3840 1
10091 1564 1
10091 532 1
2727 2970 1
2727 10487 1
2727 3788 1
2727 5133 1
537 2281 1
537 6918 1
537 6059 1
537 4298 1
537 7484 1
1275 7814 1
1275 709 1
1275 1331 1
6206 6501 1
6206 3987 1
2091 3659 1
2091 5848 1
11144 8274 1
11144 8187 1
7662 3730 1
7662 2249 1
7662 2782 1
7662 2988 1
636 9044 1
636 1482 1
636 5167 1
9689 4199 1
9689 5898 1
9689 4298 1
9689 9018 1
9689 10263 1
10589 3394 1
10589 4463 1
10589 8349 1
10589 11091 1
5899 1190 1
5899 10031 1
5899 3097 1
5899 982 1
5899 4842 1
4253 1688 1
4253 10147 1
3415 3307 1
3415 856 1
3415 11037 1
3415 1196 1
4810 976 1
4810 2418 1
4810 532 1
4810 3570 1
3987 6206 1
3987 6421 1
3987 7064 1
3164 2505 1
3164 6097 1
3164 10882 1
3164 1806 1
1373 3022 1
1373 9600 1
1373 2343 1
1373 4747 1
3247 767 1
3247 9105 1
10654 9441 1
10654 3572 1
10654 1935 1
10654 8753 1
10654 8341 1
7172 1752 1
7172 240 1
8905 1935 1
8473 9932 1
8473 9688 1
2926 1726 1
2926 2864 1
2926 709 1
2926 9761 1
9510 9932 1
9510 7451 1
2685 3011 1
1862 4862 1
1862 1197 1
1862 3858 1
5154 3344 1
5154 4828 1
5154 2658 1
6696 5241 1
6696 3971 1
6696 4543 1
10662 8632 1
2432 9889 1
2432 5609 1
6949 1752 1
3372 3457 1
3372 1570 1
1726 8146 1
1726 3267 1
1726 709 1
1726 10158 1
11037 7224 1
11037 3617 1
11037 3415 1
9391 1752 1
4168 4286 1
4168 6704 1
4168 5120 1
4168 5968 1
4168 7841 1
2476 7885 1
2476 1780 1
2476 5319 1
2476 6224 1
5958 3495 1
5958 1254 1
3705 5868 1
3705 2476 1
3705 1780 1
3705 6629 1
4146 5319 1
4146 1755 1
4146 2476 1
4146 3389 1
8748 2988 1
8748 1944 1
8748 2249 1
8748 7845 1
8275 1774 1
6629 5319 1
6629 2476 1
6629 1780 1
6629 3705 1
6629 4146 1
4610 4462 1
4610 2275 1
4610 3073 1
9358 2081 1
9358 6923 1
9358 2877 1
1128 1365 1
1128 8401 1
9304 5206 1
9304 1274 1
6835 2097 1
6835 10263 1
6835 3010 1
6835 3218 1
1169 10890 1
1169 3047 1
1169 7686 1
1169 6196 1
6691 1688 1
6691 4097 1
6691 1859 1
6691 10882 1
5868 1169 1
5868 4842 1
5868 2226 1
5868 1082 1
5868 2954 1
8622 2557 1
8622 7211 1
11091 10759 1
11091 4847 1
11091 4208 1
11091 8555 1
3275 4291 1
3275 1341 1
4921 7638 1
4921 3994 1
4921 5467 1
7181 5064 1
7181 11132 1
4079 1278 1
4079 3457 1
4079 2127 1
4079 6926 1
4079 7129 1
10663 8401 1
10663 10418 1
10663 9358 1
7814 1331 1
7814 6892 1
7814 2691 1
7814 709 1
3699 1275 1
3699 4937 1
3699 2484 1
3699 707 1
3699 2926 1
6186 2562 1
6186 7938 1
1248 5894 1
1248 3010 1
1248 2484 1
7294 8215 1
7294 2877 1
7294 1389 1
7294 4069 1
6471 6843 1
6471 5882 1
4757 1406 1
4757 5906 1
4757 1097 1
4757 2950 1
3111 1965 1
1566 10882 1
1566 8919 1
8973 1443 1
8973 2864 1
8973 4291 1
9796 2545 1
9796 707 1
9796 3215 1
1755 9025 1
1755 11132 1
1755 6407 1
1755 4808 1
10460 4132 1
3053 8239 1
3053 1190 1
3053 10157 1
584 9761 1
584 7231 1
584 2821 1
5277 3908 1
5277 2545 1
5277 6286 1
5277 2664 1
5277 9397 1
7746 1248 1
7746 707 1
9615 3146 1
9615 1099 1
9615 5306 1
9615 1553 1
9615 8088 1
3223 7488 1
3223 9277 1
3223 10801 1
3223 9679 1
3237 1229 1
3237 8756 1
3237 2819 1
3237 853 1
3237 6938 1
4226 9289 1
4226 2284 1
8341 2284 1
8341 3229 1
8341 1837 1
8341 4664 1
8601 1288 1
8601 6985 1
8601 2207 1
6892 707 1
6892 2926 1
11007 2877 1
11007 9872 1
11007 1190 1
11007 5899 1
7968 3908 1
7968 2545 1
7968 5527 1
7968 2664 1
7968 7910 1
2207 1288 1
2207 6060 1
561 3611 1
561 9605 1
561 10546 1
561 4629 1
561 9296 1
9050 7804 1
9050 4886 1
9050 4104 1
9050 6362 1
9873 1197 1
9873 5964 1
9873 629 1
9873 3560 1
3099 1275 1
3099 6489 1
3099 2484 1
3099 707 1
3099 2926 1
8037 2097 1
8037 6835 1
8037 3010 1
8037 3218 1
5939 4638 1
6762 9072 1
6762 4868 1
6762 4573 1
6762 5894 1
6762 6737 1
10244 446 1
914 7297 1
914 2993 1
914 9605 1
3037 7802 1
3037 11011 1
3037 8508 1
3037 5260 1
10634 11177 1
10634 9732 1
6519 3415 1
758 7313 1
758 8054 1
758 9011 1
758 9733 1
758 11086 1
7805 4477 1
7805 9922 1
7805 7563 1
11097 3827 1
11097 9050 1
10179 2791 1
10179 1208 1
10179 3510 1
9356 2284 1
9356 7228 1
9356 3229 1
9356 1837 1
9356 4871 1
2772 2091 1
2772 7105 1
2772 9645 1
1381 8401 1
1381 5453 1
1381 1688 1
1381 2821 1
1381 1837 1
7965 3457 1
7965 2127 1
7965 4003 1
7965 4079 1
5496 1504 1
5496 5906 1
5496 2691 1
5496 1173 1
5496 3344 1
5801 4770 1
5801 3239 1
4978 1634 1
4978 5774 1
1686 1469 1
5452 9889 1
1987 1504 1
1987 5496 1
1987 5906 1
1987 1173 1
1987 7719 1
6093 2284 1
6093 8095 1
6093 3229 1
6093 1837 1
6093 4871 1
7546 1504 1
7546 5637 1
7546 2691 1
7546 1173 1
7546 3344 1
5537 6033 1
5537 3945 1
5537 3637 1
5537 4039 1
5537 4843 1
1422 7848 1
1422 1147 1
1422 5568 1
1793 8401 1
10846 6008 1
10846 4496 1
9105 5406 1
9105 2046 1
9105 3247 1
7203 6898 1
7203 6008 1
1449 4457 1
6387 3394 1
6387 7176 1
6387 10512 1
3374 9594 1
3374 9454 1
1728 1746 1
3649 4563 1
3649 1726 1
6118 1671 1
6118 11040 1
6118 2601 1
1180 1786 1
1180 9648 1
3060 1157 1
3060 5969 1
3060 2281 1
3060 482 1
3060 3858 1
2237 4107 1
4109 2237 1
4109 2359 1
9550 3320 1
9550 1288 1
9550 2207 1
9070 2877 1
9070 8756 1
9070 4947 1
9070 1836 1
9070 6328 1
8919 3870 1
8919 1566 1
8919 1836 1
6316 6702 1
6316 4664 1
6316 6095 1
555 5906 1
555 10886 1
555 1412 1
555 4239 1
11041 2601 1
4457 2530 1
4457 982 1
4457 1449 1
2175 5503 1
2175 2925 1
3840 3111 1
3840 1564 1
3840 5971 1
3840 2175 1
3840 5670 1
2074 7779 1
7186 1659 1
7186 1876 1
4335 3908 1
4335 2545 1
4335 2664 1
4335 5434 1
4251 1165 1
1480 5634 1
1480 1165 1
4291 3572 1
4291 5968 1
7153 2339 1
7153 9577 1
7153 4379 1
7153 1443 1
7153 9733 1
3218 1483 1
3218 3401 1
3218 3022 1
3218 980 1
3218 11039 1
2395 1208 1
2395 2880 1
2395 2175 1
2395 10628 1
2395 4135 1
3154 9733 1
3154 8523 1
7065 4900 1
2950 1504 1
2950 5451 1
2950 2691 1
2950 1173 1
2950 3092 1
4596 3598 1
4596 1659 1
4596 8878 1
10943 10292 1
10943 1274 1
10943 1971 1
1489 4709 1
1489 7977 1
2312 2646 1
980 4115 1
980 1412 1
980 8229 1
980 1153 1
980 3659 1
3449 11022 1
2903 7788 1
10690 5441 1
10690 4834 1
9867 10117 1
9867 5492 1
9867 6867 1
2451 2340 1
4097 7494 1
4097 7788 1
2736 1965 1
2736 6489 1
2736 3100 1
7807 2851 1
7807 1934 1
7807 2085 1
2046 9537 1
2046 9105 1
2046 1700 1
4044 1248 1
4044 2284 1
4044 584 1
4044 2864 1
4459 6470 1
4459 4195 1
2813 9342 1
2813 7073 1
7767 10881 1
7767 9872 1
7767 5441 1
7767 2436 1
7457 1328 1
7457 8330 1
873 3010 1
3342 2249 1
3342 10157 1
3342 1365 1
3342 8748 1
8997 7530 1
8997 4168 1
8997 3931 1
8997 5120 1
8997 5968 1
10064 3397 1
10064 1944 1
10064 4998 1
10064 2097 1
10064 7922 1
1303 4624 1
11179 3017 1
11179 1341 1
11179 6642 1
11179 2406 1
11179 2418 1
9533 373 1
3394 2846 1
3394 1755 1
3394 10234 1
3394 2153 1
3394 10235 1
9155 7748 1
1748 5829 1
10840 3193 1
10840 1190 1
10840 5634 1
10840 8901 1
9194 9426 1
9194 3429 1
8048 7637 1
8048 2448 1
8048 5658 1
8048 4138 1
7806 1785 1
7806 6288 1
7806 2792 1
7806 1208 1
7806 3611 1
8166 9363 1
8166 6421 1
8166 10987 1
5697 4232 1
5697 5634 1
5697 5132 1
5697 8901 1
5697 9996 1
759 1288 1
759 6985 1
4874 8681 1
4874 4078 1
4874 3682 1
4874 10976 1
4874 7267 1
1886 4794 1
1886 3165 1
1886 9965 1
1886 4078 1
10722 7218 1
10722 6470 1
9899 1275 1
9899 2493 1
9899 707 1
9899 3181 1
10009 5167 1
10009 9872 1
10009 3488 1
10009 3692 1
5894 2097 1
5894 6346 1
5894 3401 1
5894 1715 1
5894 4868 1
9586 7486 1
9586 6008 1
9586 9138 1
9586 6898 1
9586 6435 1
4648 1504 1
4648 5469 1
4648 2691 1
4648 1173 1
4648 3344 1
8763 4586 1
8763 3239 1
8763 6976 1
6232 1746 1
6232 9824 1
6232 4961 1
6232 4665 1
4586 8763 1
4586 10555 1
4586 10032 1
5740 2240 1
5740 1017 1
5740 8225 1
3406 5126 1
3406 3342 1
3406 4381 1
3406 7872 1
8190 10384 1
8190 4704 1
9097 1659 1
9097 9492 1
9097 1234 1
9097 638 1
7451 9510 1
7451 9932 1
4159 3670 1
4159 1303 1
4159 6489 1
4159 2653 1
3751 8419 1
3751 3931 1
3751 9482 1
3751 1351 1
3751 144 1
5492 9867 1
5492 10117 1
5492 8654 1
4278 2081 1
4278 2842 1
4278 1381 1
4278 8451 1
8121 1725 1
8121 3542 1
8121 6036 1
2461 7977 1
2461 3062 1
2461 5154 1
2461 1681 1
2461 8126 1
4107 7208 1
4107 2237 1
4107 2064 1
4107 2997 1
4107 3133 1
10256 3033 1
10256 10894 1
10256 5150 1
10256 1553 1
10256 7729 1
8610 5846 1
8610 7978 1
8610 7800 1
8610 10980 1
5033 8398 1
5033 962 1
5033 10140 1
95 122 1
95 8015 1
95 6931 1
95 8756 1
918 4562 1
918 8684 1
918 6253 1
3387 9289 1
3387 9237 1
3387 9066 1
3387 2284 1
3776 3203 1
3776 3239 1
1307 4157 1
1307 6604 1
7891 7978 1
7891 1314 1
5965 5968 1
5965 6832 1
5965 6114 1
5965 5260 1
5965 6732 1
7001 9319 1
7001 1114 1
7001 1254 1
1061 7971 1
1061 4452 1
1061 3447 1
1061 3314 1
5176 9416 1
5176 5967 1
5176 6222 1
5176 9080 1
5176 7574 1
9080 7574 1
9080 5133 1
9080 4209 1
9080 5950 1
9080 5967 1
3504 9416 1
9147 1806 1
9147 5559 1
9147 3022 1
9147 3840 1
4209 6222 1
4209 6670 1
4209 5967 1
3767 8531 1
3767 10954 1
3767 1603 1
1298 4545 1
1298 832 1
1298 10141 1
1298 4473 1
9727 1298 1
9727 771 1
9727 4473 1
9727 847 1
9727 8014 1
4257 1298 1
4257 771 1
4257 8466 1
4257 847 1
847 8466 1
847 771 1
847 3887 1
847 2817 1
847 10198 1
6838 2303 1
6838 8380 1
6838 4473 1
6838 1603 1
6838 6231 1
6966 7748 1
6966 4488 1
7789 2284 1
7789 7228 1
7789 3229 1
7789 1837 1
7789 4871 1
11081 1275 1
11081 5326 1
11081 2484 1
11081 707 1
11081 2926 1
10585 3870 1
10585 8336 1
10585 5090 1
10585 5471 1
709 2691 1
709 9441 1
709 6063 1
709 1331 1
7231 1275 1
7231 5326 1
7231 2484 1
7231 707 1
7231 2926 1
3267 1275 1
3267 2484 1
3267 707 1
3267 2926 1
1526 3860 1
1526 8262 1
1526 4101 1
1526 4119 1
6577 899 1
6577 4472 1
6577 1965 1
6577 482 1
6577 3022 1
2703 6694 1
2703 2004 1
2703 8432 1
2703 5696 1
4349 1197 1
4349 6723 1
4349 2552 1
4349 629 1
4349 3858 1
9572 3193 1
9572 8160 1
9572 5225 1
1237 4097 1
1237 11129 1
1237 7494 1
1237 6529 1
4886 7177 1
4886 8484 1
4886 9604 1
4886 9070 1
7355 6792 1
7355 8199 1
7355 7440 1
7355 10606 1
7355 7922 1
982 7505 1
982 2461 1
982 4000 1
982 8506 1
982 1634 1
3576 6135 1
3576 2186 1
3576 10326 1
1228 10326 1
1228 5675 1
1228 9712 1
1228 4760 1
1664 10529 1
1664 4238 1
1664 756 1
1664 2819 1
440 3858 1
440 7702 1
440 6876 1
440 6572 1
440 9015 1
9493 8871 1
9493 8009 1
4087 5133 1
4087 2727 1
4087 7530 1
4087 2970 1
4087 3317 1
9025 3739 1
9025 1661 1
9025 6196 1
9025 1775 1
9025 8160 1
6898 5726 1
6898 3549 1
6898 7203 1
6898 4099 1
6898 4189 1
3606 3606 1
3606 7930 1
3606 3606 1
3606 3678 1
3606 8239 1
7034 4781 1
7034 9072 1
7034 5438 1
7034 3246 1
7034 2846 1
7857 1564 1
7857 2175 1
7857 6383 1
5910 3397 1
5910 1944 1
5910 4998 1
5910 2097 1
5910 7867 1
972 6737 1
972 1540 1
972 3364 1
972 3017 1
972 3317 1
2842 9441 1
2842 2284 1
2842 806 1
2842 6935 1
10604 5696 1
10604 2055 1
10604 3653 1
6489 1965 1
6489 1190 1
9781 11129 1
9781 2842 1
9781 10411 1
9781 7904 1
4817 7419 1
4817 8256 1
4817 6559 1
4817 7483 1
3994 5467 1
3994 9680 1
3994 6768 1
3994 11125 1
8698 10557 1
8698 6478 1
8698 5073 1
8698 3373 1
2114 8451 1
2114 7876 1
2114 3373 1
2114 1837 1
2114 8095 1
10765 5824 1
10765 8128 1
10765 8014 1
10765 11068 1
7190 1504 1
7190 5637 1
7190 2691 1
7190 1173 1
7190 3344 1
1147 2530 1
1147 1422 1
1147 9400 1
1147 7637 1
1147 5212 1
11023 7214 1
11023 10778 1
11023 10016 1
4393 5198 1
4393 794 1
4393 2479 1
4393 5435 1
1019 3589 1
1019 9071 1
3488 6476 1
3488 8134 1
3488 2705 1
3488 2771 1
6924 3313 1
6924 3423 1
6924 3338 1
6924 6898 1
6924 7842 1
2322 10882 1
2322 10318 1
2322 4379 1
2322 1375 1
2322 8565 1
7885 1767 1
7885 5868 1
7885 2686 1
7885 1169 1
7885 3866 1
8708 4658 1
8708 6374 1
8708 6196 1
8708 11177 1
8708 10262 1
10047 5007 1
10047 2055 1
10047 1716 1
10047 3714 1
10047 3914 1
3611 6563 1
3611 8153 1
3611 1412 1
3611 9600 1
10050 8225 1
10050 2056 1
10050 4833 1
10050 5298 1
997 1169 1
997 3047 1
997 1570 1
997 2846 1
3466 4198 1
3466 9367 1
3466 10658 1
3466 6124 1
4289 9454 1
4289 4081 1
4289 5260 1
6390 8148 1
6390 10147 1
6390 6470 1
6390 4825 1
6390 4195 1
2275 1892 1
2275 3604 1
2275 944 1
2275 7524 1
3750 4119 1
3750 5972 1
3750 4472 1
3750 1733 1
11157 10761 1
11157 4189 1
11157 10166 1
6938 1229 1
6938 2532 1
6938 830 1
6938 3659 1
11053 10166 1
11053 5730 1
11053 6379 1
11053 9106 1
10547 2395 1
10547 9110 1
10547 3326 1
10547 1412 1
10547 4472 1
3140 7595 1
3140 7392 1
2693 4235 1
2693 3201 1
2693 5723 1
2693 5821 1
6954 6734 1
6954 2080 1
6954 4521 1
3662 1206 1
3662 11177 1
1206 3662 1
1206 3400 1
1206 11177 1
1206 7269 1
317 10782 1
317 3572 1
317 2846 1
317 10260 1
5255 1373 1
5255 2236 1
5255 7955 1
8547 1275 1
8547 5326 1
8547 2484 1
8547 707 1
8547 2926 1
11114 5010 1
11114 2851 1
11114 3062 1
11114 9346 1
10384 9921 1
10384 5423 1
10384 5109 1
10384 8042 1
10384 8190 1
8738 4149 1
8738 2363 1
8738 3062 1
8738 3344 1
1276 3232 1
11152 1971 1
11152 1422 1
10651 5212 1
10651 9494 1
10651 7316 1
10651 3077 1
10651 11013 1
5713 1971 1
5713 4677 1
5713 5002 1
5713 5021 1
7848 1971 1
7848 5237 1
7848 7414 1
1662 1810 1
1662 5974 1
1662 6513 1
1662 3918 1
1662 11087 1
4279 6008 1
4279 358 1
2633 7603 1
2633 2555 1
1810 3384 1
1810 7361 1
1810 6513 1
1810 4042 1
1810 3918 1
1150 5269 1
1150 537 1
1150 8239 1
1150 2993 1
2796 2709 1
2796 1531 1
2796 6513 1
2796 1810 1
2796 3918 1
4008 1674 1
4008 5460 1
4008 2535 1
4008 1026 1
4008 3611 1
5654 3617 1
5654 2192 1
5654 7689 1
5654 2545 1
5654 2709 1
10782 3633 1
10782 1399 1
10782 6196 1
10782 2846 1
10782 10512 1
9136 3617 1
9136 2192 1
9136 6229 1
9136 2545 1
9136 2709 1
7616 3384 1
7616 2162 1
7616 5974 1
7616 8848 1
2985 8167 1
2985 8004 1
2985 8043 1
2985 8878 1
2985 10813 1
4631 1837 1
4631 6737 1
4631 2842 1
4631 1381 1
4631 4104 1
3073 2339 1
3073 6505 1
3073 5388 1
3073 1643 1
3073 4008 1
8011 3314 1
8011 10000 1
8011 4255 1
6365 5451 1
6365 8151 1
6365 5996 1
6365 5124 1
6365 7380 1
10742 8199 1
10742 1567 1
10742 4752 1
10742 4407 1
1190 4624 1
1190 4198 1
1190 2047 1
1190 7946 1
1190 3381 1
9275 1082 1
9275 5191 1
9275 853 1
9275 3342 1
7598 3053 1
7598 1152 1
7598 5899 1
7598 1365 1
7598 9275 1
8243 3146 1
8243 9615 1
8243 5306 1
8243 1553 1
8243 8088 1
5774 8013 1
5774 3193 1
5774 9572 1
5774 5225 1
9066 9237 1
9066 2284 1
9066 3387 1
9066 9289 1
8303 1197 1
8303 6101 1
8303 2552 1
8303 629 1
8303 3858 1
3062 9400 1
3062 9473 1
3062 11129 1
3062 7294 1
3062 6525 1
7177 3097 1
7177 10278 1
7177 5130 1
7177 2209 1
10087 9441 1
10087 2921 1
10087 1248 1
3503 3528 1
3503 9185 1
3503 4766 1
3503 10031 1
5664 2746 1
5664 1017 1
5664 5410 1
5664 1543 1
5664 10607 1
4018 1806 1
4018 5048 1
4018 2970 1
4018 1210 1
4018 3993 1
2372 9293 1
2372 9761 1
2372 8755 1
9779 1278 1
9779 3457 1
9779 2127 1
9779 4079 1
9779 6926 1
7851 5731 1
7851 6869 1
444 1283 1
444 2077 1
444 7174 1
444 4852 1
5382 3372 1
5382 1570 1
5382 7686 1
7719 1504 1
7719 5524 1
7719 2691 1
7719 1173 1
7719 3344 1
1958 1197 1
1958 3858 1
1958 629 1
1958 9523 1
11011 9539 1
11011 3037 1
11011 7250 1
11011 7523 1
8542 3996 1
8542 2427 1
8542 7981 1
8542 2558 1
8542 3416 1
4427 9876 1
4427 8260 1
4427 5763 1
4427 8939 1
4427 5900 1
4975 9110 1
4975 8269 1
4975 5016 1
4975 7845 1
4975 3364 1
7523 4198 1
7523 11011 1
7523 5431 1
7523 9590 1
2585 4225 1
2585 10132 1
2585 4390 1
2585 8841 1
3820 1202 1
2153 6387 1
2153 8815 1
2153 3394 1
2153 10512 1
6268 7119 1
6268 1165 1
7091 5053 1
7091 6061 1
7091 9545 1
7091 4563 1
7091 6910 1
1330 10331 1
1330 2696 1
1330 3440 1
1330 7978 1
4069 1944 1
4069 9397 1
4069 3218 1
4069 1688 1
4069 10882 1
3246 9225 1
3246 2718 1
3246 7034 1
3246 3162 1
9007 2175 1
9007 8592 1
9007 3569 1
9007 1589 1
9007 4830 1
4237 7802 1
4237 3746 1
9175 4494 1
9175 2722 1
9175 7373 1
9175 3633 1
9175 3653 1
10412 2055 1
10412 9564 1
10412 3649 1
10412 3653 1
