5976 8935 1
5976 3068 1
8935 2344 1
8935 7359 1
8935 9852 1
8935 7963 1
8935 2842 1
3068 8935 1
3068 5976 1
2344 2821 1
2344 7017 1
2344 4664 1
2344 3572 1
2344 9356 1
2842 1772 1
2842 6076 1
2842 6353 1
2842 10411 1
2842 2284 1
9852 5819 1
9852 8319 1
9852 7597 1
9852 9441 1
9852 2854 1
7963 2532 1
7963 8095 1
7963 6737 1
7963 10654 1
7963 3229 1
7359 295 1
7359 3042 1
7359 8973 1
7359 4135 1
7359 10041 1
3042 542 1
3042 3778 1
3042 8345 1
3042 7505 1
3042 818 1
2854 397 1
2854 8341 1
2854 8274 1
2854 9545 1
2854 8187 1
10411 4672 1
10411 11129 1
10411 2379 1
10411 2851 1
10411 7078 1
2821 1069 1
2821 7789 1
2821 7963 1
2821 8319 1
2821 1965 1
9356 2532 1
9356 8903 1
9356 6737 1
9356 9358 1
9356 3229 1
4135 623 1
4135 4199 1
4135 8239 1
4135 10546 1
4135 1026 1
10654 1381 1
10654 8079 1
10654 7228 1
10654 6584 1
10654 1935 1
6353 2532 1
6353 6737 1
6353 6923 1
6353 9438 1
6353 3229 1
10041 537 1
10041 4892 1
10041 4474 1
10041 7159 1
10041 756 1
7597 4382 1
7597 7758 1
7597 9852 1
7597 2854 1
7597 5503 1
2284 319 1
2284 7201 1
2284 8343 1
2284 6491 1
2284 5053 1
8973 2119 1
8973 9923 1
8973 7359 1
8973 10678 1
8973 2864 1
7017 1412 1
7017 6062 1
7017 7064 1
7017 7359 1
7017 2114 1
5819 2081 1
5819 6708 1
5819 8935 1
5819 8341 1
5819 2545 1
3572 414 1
3572 6821 1
3572 7174 1
3572 7279 1
3572 718 1
8319 4664 1
8319 9941 1
8319 1953 1
8319 2821 1
8319 6642 1
2532 1132 1
2532 10410 1
2532 6036 1
2532 9490 1
2532 1716 1
9441 811 1
9441 7279 1
9441 6708 1
9441 10989 1
9441 1381 1
4664 1069 1
4664 10487 1
4664 9406 1
4664 8174 1
4664 1681 1
8095 2532 1
8095 9502 1
8095 6737 1
8095 8516 1
8095 3229 1
6737 281 1
6737 2854 1
6737 9939 1
6737 10031 1
6737 11054 1
1772 3931 1
1772 10248 1
1772 10693 1
1772 8842 1
1772 6075 1
3229 2532 1
3229 6737 1
3229 8935 1
3229 3572 1
3229 6786 1
295 3999 1
295 7017 1
295 10723 1
295 9577 1
295 2614 1
6076 4141 1
6076 6529 1
6076 1151 1
6076 2842 1
6076 5700 1
10248 3247 1
10248 9994 1
10248 9245 1
10248 10397 1
10248 4098 1
7064 437 1
7064 4115 1
7064 3678 1
7064 5768 1
7064 606 1
10031 976 1
10031 8345 1
10031 7147 1
10031 6035 1
10031 1341 1
9939 483 1
9939 4793 1
9939 4298 1
9939 6918 1
9939 629 1
281 8961 1
281 1233 1
281 3772 1
281 4238 1
281 4115 1
1681 437 1
1681 10777 1
1681 2238 1
1681 8523 1
1681 606 1
811 2188 1
811 3049 1
811 4937 1
811 5119 1
811 8644 1
9490 2532 1
9490 8903 1
9490 6737 1
9490 9358 1
9490 3229 1
1132 3840 1
1132 4730 1
1132 9427 1
1132 8215 1
1132 3097 1
1953 9941 1
1953 4828 1
1953 6927 1
1953 6642 1
1953 8705 1
9941 6642 1
9941 8319 1
9941 6927 1
9941 4828 1
9941 1953 1
7279 2532 1
7279 10654 1
7279 6737 1
7279 9490 1
7279 3229 1
10410 2532 1
10410 8903 1
10410 6737 1
10410 9358 1
10410 3229 1
6821 1541 1
6821 6327 1
6821 10974 1
6821 10397 1
6821 2260 1
8174 2695 1
8174 9872 1
8174 394 1
8174 994 1
8174 5706 1
414 5639 1
414 9018 1
414 6927 1
414 2466 1
414 4003 1
10487 1328 1
10487 9594 1
10487 8565 1
10487 7494 1
10487 1937 1
537 455 1
537 9400 1
537 5792 1
537 4877 1
537 9733 1
8842 10678 1
8842 5968 1
8842 4937 1
8842 6980 1
8842 1772 1
6708 2532 1
6708 8903 1
6708 8451 1
6708 8079 1
6708 3229 1
6062 3317 1
6062 7074 1
6062 7253 1
6062 7017 1
6062 4098 1
1412 421 1
1412 4264 1
1412 2192 1
1412 4357 1
1412 542 1
6036 1354 1
6036 10410 1
6036 7047 1
6036 8516 1
6036 1755 1
3999 2614 1
3999 5472 1
3999 7253 1
3999 4709 1
3999 4098 1
10678 3931 1
10678 9245 1
10678 10849 1
10678 2307 1
10678 6075 1
2119 9814 1
2119 7490 1
2119 1341 1
2119 9544 1
2119 2729 1
6491 730 1
6491 10292 1
6491 6391 1
6491 9015 1
6491 1389 1
8343 542 1
8343 4914 1
8343 4474 1
8343 7239 1
8343 818 1
8903 2532 1
8903 10886 1
8903 6737 1
8903 11163 1
8903 3229 1
542 6061 1
542 3344 1
542 6099 1
542 5503 1
542 7945 1
1069 11002 1
1069 4650 1
1069 2821 1
1069 2545 1
1069 6134 1
1965 1132 1
1965 5831 1
1965 6577 1
1965 8853 1
1965 1899 1
2379 10768 1
2379 2658 1
2379 4672 1
2379 3877 1
2379 4382 1
3931 11039 1
3931 2578 1
3931 1772 1
3931 3751 1
3931 4078 1
2864 1726 1
2864 9528 1
2864 3699 1
2864 5336 1
2864 2301 1
7228 2344 1
7228 9502 1
7228 9223 1
7228 8935 1
7228 2877 1
4672 8807 1
4672 2658 1
4672 2379 1
4672 3788 1
4672 4828 1
8341 2532 1
8341 8285 1
8341 9223 1
8341 8451 1
8341 3229 1
2851 1389 1
2851 8558 1
2851 7655 1
2851 6943 1
2851 2284 1
5700 5700 1
5700 2453 1
5700 2434 1
5700 2851 1
5700 7453 1
2081 4104 1
2081 3175 1
2081 7228 1
2081 3572 1
2081 6935 1
1151 4571 1
1151 7242 1
1151 7110 1
1151 6795 1
1151 9787 1
6529 1640 1
6529 7904 1
6529 9108 1
6529 11132 1
6529 2243 1
1716 1132 1
1716 10091 1
1716 7321 1
1716 9712 1
1716 4098 1
4141 10208 1
4141 6700 1
4141 7265 1
4141 6076 1
4141 218 1
11129 972 1
11129 8054 1
11129 7294 1
11129 6341 1
11129 1328 1
5503 357 1
5503 3234 1
5503 6061 1
5503 4432 1
5503 5906 1
9577 414 1
9577 4060 1
9577 3572 1
9577 5792 1
9577 583 1
10723 319 1
10723 3523 1
10723 3301 1
10723 4747 1
10723 10628 1
6075 6980 1
6075 5968 1
6075 4937 1
6075 8842 1
6075 1772 1
623 3611 1
623 2970 1
623 7878 1
623 10487 1
623 5163 1
4382 483 1
4382 8282 1
4382 4238 1
4382 7370 1
4382 617 1
7159 483 1
7159 3945 1
7159 3574 1
7159 5434 1
7159 629 1
9358 2344 1
9358 7876 1
9358 9502 1
9358 9468 1
9358 2877 1
6642 853 1
6642 7288 1
6642 8767 1
6642 6595 1
6642 1229 1
7758 2339 1
7758 10882 1
7758 6935 1
7758 11093 1
7758 3017 1
1935 6845 1
1935 3270 1
1935 7078 1
1935 8905 1
1935 873 1
2614 2445 1
2614 7253 1
2614 5966 1
2614 3315 1
2614 6927 1
3778 542 1
3778 6286 1
3778 6737 1
3778 9545 1
3778 818 1
11054 497 1
11054 4477 1
11054 4061 1
11054 6383 1
11054 629 1
9502 2532 1
9502 8903 1
9502 6737 1
9502 9358 1
9502 3229 1
7174 2162 1
7174 8640 1
7174 10418 1
7174 8490 1
7174 3813 1
6786 2532 1
6786 8903 1
6786 6737 1
6786 8079 1
6786 3229 1
10546 2395 1
10546 7977 1
10546 9605 1
10546 8316 1
10546 2970 1
8079 806 1
8079 8054 1
8079 7321 1
8079 6737 1
8079 1381 1
4199 623 1
4199 6834 1
4199 8330 1
4199 9605 1
4199 980 1
319 6572 1
319 8736 1
319 1197 1
319 10004 1
319 4115 1
10989 2484 1
10989 7755 1
10989 7427 1
10989 10129 1
10989 2921 1
1026 10266 1
1026 3684 1
1026 7007 1
1026 2535 1
1026 6563 1
8239 982 1
8239 8684 1
8239 8734 1
8239 7052 1
8239 1153 1
7505 537 1
7505 4536 1
7505 4115 1
7505 6894 1
7505 687 1
6923 360 1
6923 3778 1
6923 3344 1
6923 5355 1
6923 583 1
6584 3669 1
6584 8395 1
6584 6362 1
6584 6795 1
6584 1151 1
2114 4871 1
2114 7017 1
2114 5819 1
2114 7279 1
2114 3373 1
756 542 1
756 3344 1
756 7920 1
756 5503 1
756 9218 1
8516 2532 1
8516 9356 1
8516 6737 1
8516 10158 1
8516 3229 1
718 7457 1
718 9008 1
718 2284 1
718 7370 1
718 4873 1
9545 542 1
9545 5241 1
9545 4483 1
9545 7530 1
9545 818 1
8187 440 1
8187 3945 1
8187 3409 1
8187 5442 1
8187 583 1
4474 483 1
4474 10792 1
4474 4238 1
4474 7920 1
4474 606 1
4892 537 1
4892 8736 1
4892 4483 1
4892 6391 1
4892 756 1
818 537 1
818 3326 1
818 3383 1
818 4464 1
818 756 1
8274 440 1
8274 3945 1
8274 3409 1
8274 5442 1
8274 583 1
9438 2532 1
9438 8903 1
9438 6737 1
9438 9358 1
9438 3229 1
7789 2532 1
7789 10158 1
7789 6737 1
7789 9441 1
7789 3229 1
9923 4291 1
9923 1727 1
9923 1341 1
9923 2399 1
9923 9140 1
9406 4087 1
9406 10723 1
9406 1921 1
9406 2727 1
9406 5968 1
7078 9792 1
7078 3476 1
7078 3270 1
7078 4937 1
7078 9939 1
2545 1069 1
2545 3774 1
2545 9640 1
2545 5119 1
2545 1802 1
1381 9358 1
1381 2284 1
1381 3317 1
1381 4725 1
1381 1688 1
7201 11018 1
7201 2307 1
7201 2284 1
7201 3241 1
7201 10086 1
10693 9846 1
10693 3734 1
10693 3070 1
10693 7831 1
10693 9799 1
5053 542 1
5053 7945 1
5053 4536 1
5053 6139 1
5053 818 1
397 5169 1
397 4937 1
397 9441 1
397 3267 1
397 9796 1
8345 483 1
8345 3342 1
8345 9089 1
8345 4474 1
8345 9600 1
583 537 1
583 3326 1
583 3301 1
583 7530 1
583 4104 1
7945 497 1
7945 4357 1
7945 3914 1
7945 6099 1
7945 671 1
4264 542 1
4264 7768 1
4264 8233 1
4264 10529 1
4264 818 1
4060 483 1
4060 8233 1
4060 3957 1
4060 7371 1
4060 629 1
1197 6411 1
1197 9373 1
1197 5318 1
1197 3574 1
1197 3100 1
3234 542 1
3234 9400 1
3234 5241 1
3234 4563 1
3234 818 1
6341 5774 1
6341 8919 1
6341 11125 1
6341 3193 1
6341 6814 1
7977 1210 1
7977 8054 1
7977 10020 1
7977 6935 1
7977 1785 1
972 8215 1
972 6391 1
972 5441 1
972 3017 1
972 3364 1
3017 1389 1
3017 9072 1
3017 3813 1
3017 9131 1
3017 2192 1
2395 1412 1
2395 3039 1
2395 10172 1
2395 7066 1
2395 2175 1
6894 537 1
6894 4747 1
6894 4238 1
6894 8961 1
6894 727 1
10091 1132 1
10091 10149 1
10091 8345 1
10091 6737 1
10091 1564 1
2729 9814 1
2729 1341 1
2729 1066 1
2729 2119 1
2729 8117 1
4432 1877 1
4432 9929 1
4432 5503 1
4432 5241 1
4432 2595 1
10158 709 1
10158 6518 1
10158 5709 1
10158 9438 1
10158 1172 1
2243 483 1
2243 5295 1
2243 6019 1
2243 5048 1
2243 606 1
9605 357 1
9605 3344 1
9605 10726 1
9605 4477 1
9605 9218 1
11132 483 1
11132 4061 1
11132 3644 1
11132 5611 1
11132 606 1
1640 5539 1
1640 11007 1
1640 4097 1
1640 9092 1
1640 8424 1
6139 542 1
6139 5318 1
6139 4536 1
6139 10886 1
6139 818 1
9787 4664 1
9787 7859 1
9787 10967 1
9787 2380 1
9787 5715 1
4061 542 1
4061 10343 1
4061 8755 1
4061 10529 1
4061 818 1
7110 4321 1
7110 9693 1
7110 8901 1
7110 8160 1
7110 5906 1
4571 3091 1
4571 10416 1
4571 9787 1
4571 5435 1
4571 1151 1
3344 357 1
3344 3317 1
3344 7023 1
3344 7379 1
3344 6019 1
7253 1412 1
7253 10551 1
7253 7359 1
7253 10691 1
7253 2535 1
4104 360 1
4104 2979 1
4104 9165 1
4104 9373 1
4104 7064 1
2877 830 1
2877 4278 1
2877 7193 1
2877 6197 1
2877 1132 1
7453 9294 1
7453 5420 1
7453 4938 1
7453 6127 1
7453 3275 1
3772 542 1
3772 5374 1
3772 9278 1
3772 4061 1
3772 818 1
1727 2318 1
1727 3275 1
1727 9925 1
1727 8428 1
1727 7577 1
9089 3788 1
9089 8229 1
9089 1717 1
9089 2097 1
9089 4998 1
2434 4980 1
2434 7494 1
2434 5700 1
2434 8108 1
2434 6819 1
5706 4283 1
5706 5618 1
5706 4407 1
5706 8988 1
5706 3136 1
9796 1726 1
9796 7751 1
9796 11081 1
9796 7956 1
9796 2545 1
6927 2445 1
6927 10022 1
6927 8133 1
6927 7074 1
6927 3788 1
6943 3674 1
6943 4814 1
6943 4180 1
6943 7869 1
6943 1365 1
8558 10837 1
8558 409 1
8558 2851 1
8558 4497 1
4877 542 1
4877 8736 1
4877 4536 1
4877 7920 1
4877 818 1
3241 2960 1
3241 5540 1
3241 8401 1
3241 5882 1
3241 4104 1
8285 2284 1
8285 7789 1
8285 9356 1
8285 8935 1
8285 2854 1
5831 1904 1
5831 6489 1
5831 9761 1
5831 10087 1
5831 2484 1
7876 2195 1
7876 7064 1
7876 8285 1
7876 8903 1
7876 2821 1
3788 437 1
3788 4104 1
3788 3410 1
3788 10353 1
3788 606 1
2970 357 1
2970 7754 1
2970 9164 1
2970 9939 1
2970 6019 1
7878 2395 1
7878 8730 1
7878 9602 1
7878 9011 1
7878 2970 1
8807 7054 1
8807 2658 1
8807 2379 1
8807 3788 1
8807 10265 1
218 7265 1
218 11129 1
218 2842 1
218 4141 1
9223 2532 1
9223 8903 1
9223 6737 1
9223 9358 1
9223 3229 1
8684 2975 1
8684 10309 1
8684 312 1
8684 918 1
8684 6036 1
7457 718 1
7457 8316 1
7457 6863 1
7457 6058 1
7457 1328 1
3699 1904 1
3699 7814 1
3699 8911 1
3699 10129 1
3699 2484 1
9528 8028 1
9528 4782 1
9528 4761 1
9528 5696 1
9528 1241 1
7074 3317 1
7074 7768 1
7074 8401 1
7074 10723 1
7074 4098 1
4078 3165 1
4078 4570 1
4078 4818 1
4078 6264 1
4078 4874 1
806 6935 1
806 8401 1
806 3317 1
806 7789 1
806 7193 1
3669 8006 1
3669 9448 1
3669 7078 1
3669 8395 1
3669 6584 1
6935 264 1
6935 3042 1
6935 7091 1
6935 4308 1
6935 8187 1
3751 8419 1
3751 3931 1
3751 9482 1
3751 1351 1
3751 144 1
3342 2877 1
3342 3406 1
3342 3392 1
3342 5868 1
3342 10157 1
8054 1208 1
8054 9296 1
8054 8153 1
8054 7548 1
8054 1806 1
11039 1643 1
11039 9018 1
11039 7867 1
11039 6549 1
11039 1944 1
8853 3888 1
8853 6769 1
8853 4810 1
8853 1965 1
8853 1132 1
3945 542 1
3945 7768 1
3945 7239 1
3945 6935 1
3945 818 1
6577 1157 1
6577 9427 1
6577 9873 1
6577 11060 1
6577 1965 1
6134 10452 1
6134 3570 1
6134 2821 1
6134 4278 1
6134 7758 1
2453 4920 1
2453 9349 1
2453 5700 1
2453 8615 1
2453 1677 1
7321 3317 1
7321 8079 1
7321 8395 1
7321 8401 1
7321 4098 1
11002 8319 1
11002 3570 1
11002 2821 1
11002 4278 1
11002 7758 1
4650 6134 1
4650 3570 1
4650 2821 1
4650 4278 1
4650 4664 1
6286 437 1
6286 3957 1
6286 3517 1
6286 5501 1
6286 606 1
7294 2162 1
7294 7768 1
7294 6491 1
7294 11093 1
7294 2877 1
3049 1726 1
3049 8872 1
3049 7395 1
3049 6063 1
3049 2372 1
6099 414 1
6099 3772 1
6099 3326 1
6099 5442 1
6099 542 1
11163 2532 1
11163 8903 1
11163 6737 1
11163 9358 1
11163 3229 1
10886 421 1
10886 3813 1
10886 3383 1
10886 5374 1
10886 555 1
10768 7054 1
10768 2658 1
10768 2379 1
10768 3788 1
10768 10265 1
4914 5206 1
4914 2601 1
4914 2461 1
4914 2975 1
4914 7599 1
1233 542 1
1233 2284 1
1233 1739 1
1233 10723 1
1233 818 1
9015 1958 1
9015 6890 1
9015 8882 1
9015 9873 1
9015 2552 1
7904 7494 1
7904 2842 1
7904 2762 1
7904 3994 1
7904 9781 1
9733 497 1
9733 4357 1
9733 3945 1
9733 6286 1
9733 606 1
5355 542 1
5355 5318 1
5355 4536 1
5355 6139 1
5355 818 1
4828 1236 1
4828 9072 1
4828 9941 1
4828 7294 1
4828 2461 1
3315 10691 1
3315 2614 1
3315 4709 1
3315 4098 1
3315 9752 1
7494 695 1
7494 8738 1
7494 6849 1
7494 10172 1
7494 1629 1
3813 319 1
3813 7174 1
3813 3397 1
3813 4747 1
3813 497 1
6980 6075 1
6980 2307 1
6980 2042 1
6980 3050 1
6980 10248 1
1354 3381 1
1354 5260 1
1354 3915 1
1354 9487 1
1354 4287 1
9712 9942 1
9712 2647 1
9712 1770 1
9712 5675 1
9712 11123 1
7655 6286 1
7655 2880 1
7655 2851 1
7655 3017 1
7655 10792 1
8451 2532 1
8451 9358 1
8451 6737 1
8451 8935 1
8451 3229 1
3317 264 1
3317 3022 1
3317 10123 1
3317 8341 1
3317 7505 1
6700 10961 1
6700 4383 1
6700 4141 1
6700 5520 1
6700 9871 1
730 6411 1
730 6722 1
730 9095 1
730 9427 1
730 2071 1
10792 414 1
10792 3788 1
10792 3362 1
10792 5395 1
10792 537 1
976 5443 1
976 2083 1
976 1229 1
976 2925 1
976 2466 1
2192 437 1
2192 2734 1
2192 6019 1
2192 8987 1
2192 606 1
8736 482 1
8736 4104 1
8736 3778 1
8736 5971 1
8736 606 1
10129 1904 1
10129 7746 1
10129 9899 1
10129 7814 1
10129 2484 1
1755 8086 1
1755 9025 1
1755 1661 1
1755 6407 1
1755 11132 1
6383 542 1
6383 4382 1
6383 3945 1
6383 6099 1
6383 678 1
4747 497 1
4747 4135 1
4747 3788 1
4747 7524 1
4747 678 1
10882 718 1
10882 6529 1
10882 6183 1
10882 8546 1
10882 1059 1
10086 4494 1
10086 10248 1
10086 2004 1
10086 2703 1
10086 6908 1
3574 483 1
3574 8759 1
3574 4115 1
3574 6329 1
3574 629 1
6595 319 1
6595 3383 1
6595 3062 1
6595 4536 1
6595 8054 1
8640 10292 1
8640 5757 1
8640 3286 1
8640 7174 1
8640 2487 1
3267 1904 1
3267 3720 1
3267 8146 1
3267 10397 1
3267 2484 1
1229 965 1
1229 4069 1
1229 10691 1
1229 3993 1
1229 4871 1
11093 2192 1
11093 11087 1
11093 6491 1
11093 8660 1
11093 2796 1
4725 2532 1
4725 5458 1
4725 7193 1
4725 6737 1
4725 3229 1
8705 2573 1
8705 8959 1
8705 6576 1
8705 10516 1
8705 3346 1
1541 7432 1
1541 5524 1
1541 3288 1
1541 6821 1
1541 3092 1
4477 542 1
4477 10792 1
4477 4357 1
4477 6383 1
4477 818 1
497 512 1
497 9473 1
497 3301 1
497 7530 1
497 8716 1
5472 2532 1
5472 6391 1
5472 8998 1
5472 8020 1
5472 3572 1
5968 895 1
5968 10397 1
5968 7733 1
5968 10678 1
5968 1445 1
8490 7174 1
8490 1455 1
8490 10871 1
8490 4852 1
8490 1798 1
4709 2445 1
4709 10948 1
4709 7359 1
4709 5472 1
4709 3409 1
6834 2243 1
6834 7992 1
6834 8330 1
6834 10723 1
6834 2791 1
9468 1767 1
9468 9872 1
9468 9347 1
9468 8401 1
9468 2573 1
1688 4104 1
1688 4351 1
1688 10147 1
1688 10410 1
1688 7193 1
3877 4672 1
3877 2658 1
3877 2379 1
3877 3788 1
3877 10022 1
5966 2854 1
5966 7074 1
5966 7253 1
5966 8401 1
5966 3999 1
394 8174 1
2484 7427 1
2484 5847 1
2484 10062 1
2484 3181 1
2484 3267 1
9846 7501 1
9846 3070 1
9846 2698 1
9846 5332 1
9846 10693 1
6362 5774 1
6362 8395 1
6362 7411 1
6362 3669 1
6362 7177 1
7755 1904 1
7755 7746 1
7755 8364 1
7755 8002 1
7755 2484 1
4483 542 1
4483 9278 1
4483 9733 1
4483 10004 1
4483 818 1
1937 2233 1
1937 11132 1
1937 6426 1
1937 4078 1
1937 10487 1
6845 8828 1
6845 187 1
6845 1935 1
10628 2395 1
10628 7878 1
10628 9602 1
10628 8153 1
10628 2970 1
7427 1904 1
7427 8002 1
7427 10158 1
7427 7755 1
7427 2484 1
629 482 1
629 4297 1
629 2737 1
629 2854 1
629 606 1
9218 414 1
9218 3926 1
9218 3570 1
9218 5597 1
9218 542 1
10266 2880 1
10266 10547 1
10266 6498 1
10266 9108 1
10266 3397 1
10004 542 1
10004 5318 1
10004 4536 1
10004 7663 1
10004 818 1
2535 623 1
2535 6863 1
2535 7845 1
2535 9577 1
2535 1026 1
1341 1132 1
1341 5504 1
1341 5868 1
1341 4128 1
1341 4871 1
982 357 1
982 9497 1
982 3317 1
982 7597 1
982 6139 1
8734 6577 1
8734 3678 1
8734 3022 1
8734 4119 1
8734 10984 1
7052 6577 1
7052 3678 1
7052 3022 1
7052 4119 1
7052 8565 1
4536 542 1
4536 6712 1
4536 9218 1
4536 5374 1
4536 818 1
6327 1281 1
6327 10278 1
6327 9929 1
6327 6821 1
6327 2175 1
357 6572 1
357 1331 1
357 6329 1
357 808 1
357 2071 1
687 4128 1
687 6224 1
687 4942 1
687 4003 1
687 11052 1
2445 6935 1
2445 3409 1
2445 5472 1
2445 3317 1
2445 3999 1
455 3611 1
455 2231 1
455 4298 1
455 5395 1
455 7467 1
5241 483 1
5241 3678 1
5241 3317 1
5241 4861 1
5241 606 1
9594 1328 1
9594 10588 1
9594 8779 1
9594 7843 1
9594 2243 1
440 3100 1
440 1958 1
440 1535 1
440 4606 1
440 6876 1
9400 542 1
9400 4954 1
9400 4474 1
9400 7159 1
9400 818 1
3774 5527 1
3774 5501 1
3774 4462 1
3774 2664 1
3774 6052 1
9008 3326 1
9008 8565 1
9008 8316 1
9008 10202 1
9008 3844 1
7530 357 1
7530 3914 1
7530 3386 1
7530 5161 1
7530 542 1
8330 2395 1
8330 7977 1
8330 9594 1
8330 8316 1
8330 2970 1
3383 483 1
3383 8802 1
3383 10287 1
3383 4829 1
3383 629 1
4291 8117 1
4291 2729 1
4291 2119 1
4291 3572 1
4291 10397 1
3097 2083 1
3097 7845 1
3097 10031 1
3097 10539 1
3097 2819 1
3611 1025 1
3611 5974 1
3611 7457 1
3611 5616 1
3611 1412 1
10974 3232 1
10974 9072 1
10974 8037 1
10974 9604 1
10974 4082 1
5163 1328 1
5163 7359 1
5163 9108 1
5163 10020 1
5163 1965 1
9140 8403 1
9140 960 1
9140 9923 1
9140 3494 1
9140 2671 1
8905 8828 1
8905 187 1
8905 1935 1
1921 6935 1
1921 7733 1
1921 4087 1
1921 3531 1
1921 7530 1
2921 1904 1
2921 10397 1
2921 6111 1
2921 10158 1
2921 2484 1
4115 497 1
4115 4061 1
4115 3678 1
4115 5324 1
4115 678 1
5906 1152 1
5906 7370 1
5906 6244 1
5906 6689 1
5906 1489 1
2727 10723 1
2727 10504 1
2727 2880 1
2727 3788 1
2727 10487 1
6795 2806 1
6795 7086 1
6795 10737 1
6795 8401 1
6795 4095 1
3523 483 1
3523 10318 1
3523 10287 1
3523 9939 1
3523 629 1
8282 440 1
8282 3778 1
8282 3383 1
8282 5241 1
8282 583 1
9640 4462 1
9640 10317 1
9640 9397 1
9640 2563 1
9640 5501 1
1802 3844 1
1802 7275 1
1802 2535 1
1802 8907 1
1802 5277 1
2399 9814 1
2399 3275 1
2399 9923 1
2399 3683 1
2399 1727 1
9814 4291 1
9814 1727 1
9814 1341 1
9814 2399 1
9814 8530 1
3270 3747 1
3270 8006 1
3270 2902 1
3270 4937 1
3270 4919 1
483 8961 1
483 3344 1
483 756 1
483 5503 1
483 4477 1
3070 9846 1
3070 10693 1
3684 9240 1
3684 3076 1
3684 2807 1
3684 10563 1
3684 9827 1
3734 7412 1
3734 9846 1
3734 10693 1
3734 8958 1
3734 2467 1
7047 2532 1
7047 7228 1
7047 6737 1
7047 9490 1
7047 3229 1
7920 537 1
7920 4892 1
7920 4464 1
7920 7159 1
7920 678 1
8316 455 1
8316 3309 1
8316 10529 1
8316 4264 1
8316 9141 1
7831 1986 1
7831 8117 1
7831 4840 1
7831 10813 1
7831 2426 1
5434 4462 1
5434 7910 1
5434 8029 1
5434 7159 1
5434 8580 1
2162 972 1
2162 9131 1
2162 2284 1
2162 8565 1
2162 1389 1
7007 5317 1
7007 3076 1
7007 2807 1
7007 3684 1
7007 9474 1
3326 437 1
3326 9278 1
3326 3301 1
3326 6194 1
3326 5056 1
5169 2484 1
5169 11081 1
5169 7231 1
5169 9441 1
5169 2921 1
9792 7078 1
8565 360 1
8565 3262 1
8565 9939 1
8565 4356 1
8565 9147 1
3476 7078 1
3476 350 1
3476 6080 1
2658 483 1
2658 8871 1
2658 5241 1
2658 4892 1
2658 617 1
5639 8684 1
5639 5388 1
5639 4767 1
5639 10309 1
5639 414 1
4003 3457 1
4003 10954 1
4003 4253 1
4003 1278 1
4003 6926 1
2301 1904 1
2301 10158 1
2301 3049 1
2301 11081 1
2301 2821 1
6391 281 1
6391 2880 1
6391 10792 1
6391 9072 1
6391 9100 1
6563 542 1
6563 4264 1
6563 3957 1
6563 6099 1
6563 756 1
5336 1904 1
5336 8277 1
5336 6063 1
5336 8547 1
5336 2484 1
5792 542 1
5792 5241 1
5792 4483 1
5792 7371 1
5792 818 1
6572 483 1
6572 4357 1
6572 3951 1
6572 6239 1
6572 629 1
437 4104 1
437 10004 1
437 3317 1
437 4480 1
437 537 1
4871 1341 1
4871 7047 1
4871 7789 1
4871 7017 1
4871 2041 1
8961 542 1
8961 4954 1
8961 4474 1
8961 7379 1
8961 756 1
3373 2344 1
3373 7064 1
3373 9438 1
3373 10410 1
3373 2854 1
1328 8730 1
1328 6052 1
1328 10723 1
1328 4531 1
1328 7977 1
1726 2691 1
1726 1904 1
1726 8002 1
1726 2921 1
1726 3267 1
6035 3342 1
6035 7215 1
6035 10840 1
6035 2877 1
6035 4724 1
7147 1557 1
7147 7155 1
7147 10525 1
7147 6398 1
7147 1944 1
421 8998 1
421 537 1
421 2759 1
421 3309 1
421 1412 1
2466 853 1
2466 5442 1
2466 6935 1
2466 3570 1
2466 1229 1
7242 5824 1
7242 2410 1
7242 2380 1
7242 4205 1
7242 7390 1
994 5659 1
994 8755 1
994 2695 1
994 7890 1
994 3684 1
1389 6935 1
1389 11093 1
1389 7294 1
1389 1540 1
1389 10792 1
980 5016 1
980 5709 1
980 9108 1
980 1153 1
980 8229 1
8767 976 1
8767 10539 1
8767 8071 1
8767 6737 1
8767 1435 1
9994 3947 1
9994 1360 1
9994 1356 1
9994 1993 1
9994 5687 1
4730 2175 1
4730 10539 1
4730 6255 1
4730 4810 1
4730 2877 1
9108 1153 1
9108 8546 1
9108 7806 1
9108 6595 1
9108 1629 1
4464 542 1
4464 8802 1
4464 4477 1
4464 10004 1
4464 818 1
6918 482 1
6918 4349 1
6918 3945 1
6918 6099 1
6918 606 1
4873 3761 1
4873 6374 1
4873 2505 1
4873 2819 1
4873 5708 1
617 1055 1
617 3788 1
617 2379 1
617 10768 1
617 10411 1
4298 437 1
4298 3772 1
4298 3364 1
4298 7359 1
4298 542 1
9245 10678 1
9245 4937 1
9245 3969 1
9245 6075 1
9245 10248 1
1153 1025 1
1153 7131 1
1153 4801 1
1153 2970 1
1153 5388 1
6061 542 1
6061 5318 1
6061 4536 1
6061 8345 1
6061 818 1
7288 5366 1
7288 7825 1
7288 1533 1
7288 2294 1
7288 5969 1
5119 2198 1
5119 10062 1
5119 9761 1
5119 9796 1
5119 2864 1
3840 8385 1
3840 4776 1
3840 5246 1
3840 2175 1
3840 5971 1
4238 537 1
4238 10318 1
4238 8743 1
4238 6918 1
4238 756 1
10208 6076 1
10208 3854 1
10208 4141 1
9799 7048 1
9799 3045 1
9799 2881 1
9799 4091 1
9799 10931 1
2339 944 1
2339 3409 1
2339 2851 1
2339 10202 1
2339 1443 1
4793 9855 1
4793 4228 1
4793 3747 1
4793 8495 1
4793 8670 1
3301 542 1
3301 7867 1
3301 8716 1
3301 7505 1
3301 818 1
4937 1772 1
4937 8277 1
4937 8002 1
4937 8872 1
4937 2493 1
360 1059 1
360 8523 1
360 2284 1
360 718 1
360 6459 1
7370 834 1
7370 6935 1
7370 6349 1
7370 8013 1
7370 1328 1
4098 1356 1
4098 10691 1
4098 7768 1
4098 10723 1
4098 2046 1
2307 8973 1
2307 10856 1
2307 1490 1
2307 2291 1
2307 7194 1
606 437 1
606 9165 1
606 7867 1
606 4061 1
606 2560 1
4357 497 1
4357 8719 1
4357 4061 1
4357 9939 1
4357 675 1
3678 455 1
3678 10266 1
3678 3574 1
3678 10104 1
3678 583 1
4087 6935 1
4087 2727 1
4087 1921 1
4087 2970 1
4087 7530 1
3247 2072 1
3247 767 1
3247 627 1
3247 1356 1
3247 9105 1
11018 9333 1
11018 5031 1
11018 4971 1
11018 5647 1
11018 9272 1
5442 414 1
5442 3517 1
5442 3218 1
5442 4830 1
5442 7084 1
2578 3931 1
2578 5968 1
2578 8997 1
2578 4168 1
2578 1403 1
3175 2532 1
3175 7017 1
3175 8516 1
3175 3572 1
3175 8451 1
7265 5520 1
7265 2605 1
7265 2342 1
7265 3867 1
7265 11129 1
5768 10083 1
5768 1130 1
5768 4978 1
5768 7064 1
10397 667 1
10397 4757 1
10397 4130 1
10397 7153 1
10397 983 1
10418 1688 1
10418 7705 1
10418 9788 1
10418 8160 1
10418 2162 1
9600 1029 1
9600 6648 1
9600 5974 1
9600 10886 1
9600 1328 1
2238 440 1
2238 4766 1
2238 3263 1
2238 6918 1
2238 583 1
8523 483 1
8523 4298 1
8523 3813 1
8523 6099 1
8523 583 1
2188 1904 1
2188 10158 1
2188 2795 1
2188 2493 1
2188 3099 1
10777 537 1
10777 4941 1
10777 4464 1
10777 7239 1
10777 756 1
9872 2727 1
9872 9011 1
9872 10634 1
9872 9092 1
9872 3236 1
8644 1904 1
8644 7746 1
8644 10989 1
8644 7814 1
8644 2484 1
873 8282 1
873 3010 1
873 855 1
873 9589 1
873 4776 1
2695 1406 1
2695 8543 1
2695 3572 1
2695 3011 1
2695 2058 1
1899 1965 1
1899 322 1
1899 11147 1
9018 2876 1
9018 7524 1
9018 6997 1
9018 11187 1
9018 3625 1
9427 483 1
9427 4060 1
9427 3644 1
9427 5597 1
9427 621 1
853 7229 1
853 2175 1
853 3572 1
853 976 1
853 2848 1
8215 2339 1
8215 11129 1
8215 6642 1
8215 10792 1
8215 3017 1
7239 542 1
7239 5318 1
7239 4536 1
7239 10287 1
7239 818 1
2260 1987 1
2260 5524 1
2260 11173 1
2260 6821 1
2260 3597 1
8395 1716 1
8395 8079 1
8395 9662 1
8395 10673 1
8395 2466 1
10849 1904 1
10849 8002 1
10849 10158 1
10849 8644 1
10849 2401 1
7490 9520 1
7490 73 1
7490 9544 1
7490 5303 1
7490 2119 1
9544 2426 1
9544 10985 1
9544 9520 1
9544 1368 1
9544 3494 1
3409 414 1
3409 4135 1
3409 9577 1
3409 4379 1
3409 583 1
10292 1422 1
10292 6391 1
10292 10869 1
10292 8575 1
10292 1971 1
2573 3457 1
2573 8959 1
2573 7171 1
2573 3986 1
2573 3346 1
2796 4373 1
2796 5970 1
2796 9075 1
2796 1810 1
2796 6513 1
11087 1785 1
11087 10628 1
11087 9136 1
11087 8054 1
11087 2289 1
3720 2198 1
3720 6892 1
3720 7427 1
3720 5119 1
3720 2864 1
5366 9788 1
5366 5899 1
5366 4664 1
5366 6349 1
5366 9787 1
4531 2395 1
4531 9602 1
4531 10179 1
4531 6288 1
4531 2970 1
3062 357 1
3062 7695 1
3062 10757 1
3062 3344 1
3062 4941 1
7177 3993 1
7177 9275 1
7177 10031 1
7177 9594 1
7177 5130 1
6329 1535 1
6329 8187 1
6329 6572 1
6329 8802 1
6329 2238 1
6908 10372 1
6908 8324 1
6908 4952 1
6908 10219 1
6908 2085 1
2703 7314 1
2703 10235 1
2703 1913 1
2703 5696 1
2703 8432 1
4349 1958 1
4349 10869 1
4349 8882 1
4349 6890 1
4349 2552 1
2004 9175 1
2004 10086 1
2004 3653 1
2004 8432 1
2004 4371 1
4494 10527 1
4494 9555 1
4494 7373 1
4494 9175 1
4494 2055 1
5317 10563 1
5317 3076 1
5317 2807 1
5317 3684 1
5317 9240 1
2848 2083 1
2848 2925 1
2848 6328 1
2848 4730 1
2848 9218 1
8998 421 1
8998 3999 1
8998 3517 1
8998 5589 1
8998 542 1
678 542 1
678 4877 1
678 7920 1
678 6525 1
678 9733 1
5616 2289 1
5616 6459 1
5616 6052 1
5616 10172 1
5616 2864 1
6407 2846 1
6407 8535 1
6407 9025 1
6407 8160 1
6407 5451 1
4761 4782 1
4761 2662 1
4761 3747 1
4761 9528 1
4938 5325 1
4938 7453 1
4938 7858 1
4938 8271 1
4938 3752 1
1661 1755 1
1661 4870 1
1661 8901 1
1661 5574 1
1661 6197 1
4130 5750 1
4130 7843 1
4130 9575 1
4130 10397 1
4130 10260 1
9025 5100 1
9025 9788 1
9025 10850 1
9025 10234 1
9025 6196 1
7379 542 1
7379 5318 1
7379 4536 1
7379 8736 1
7379 818 1
9899 1726 1
9899 7843 1
9899 10326 1
9899 8432 1
9899 2493 1
7746 1726 1
7746 7212 1
7746 10849 1
7746 8911 1
7746 2301 1
5277 4610 1
5277 5501 1
5277 9062 1
5277 2664 1
5277 6286 1
482 2071 1
482 1958 1
482 9681 1
482 2552 1
482 10792 1
7066 2395 1
7066 8506 1
7066 8330 1
7066 10487 1
7066 2970 1
5420 7027 1
5420 5206 1
5420 4938 1
5420 5358 1
5420 7858 1
6722 483 1
6722 4382 1
6722 3957 1
6722 6286 1
6722 629 1
10837 6678 1
10837 2851 1
10837 1797 1
10837 3630 1
10837 8729 1
4253 3926 1
4253 10278 1
4253 1252 1
4253 1688 1
4253 8777 1
9871 7265 1
9871 2286 1
9871 2197 1
9871 2605 1
9871 10961 1
9164 3241 1
9164 10417 1
9164 9011 1
9164 10792 1
9164 4480 1
10123 437 1
10123 3517 1
10123 3100 1
10123 4661 1
10123 10318 1
3022 483 1
3022 8274 1
3022 8755 1
3022 9939 1
3022 606 1
1739 542 1
1739 3326 1
1739 3383 1
1739 3957 1
1739 818 1
5031 11018 1
5031 6426 1
5443 1128 1
5443 6786 1
5443 8079 1
5443 10613 1
5443 1418 1
9942 7920 1
9942 10558 1
9942 9712 1
9942 5675 1
9942 4334 1
11123 7368 1
11123 8658 1
11123 7453 1
11123 10230 1
11123 4334 1
9487 5260 1
9487 6425 1
9487 5968 1
9487 7842 1
9487 2411 1
3915 7732 1
3915 9740 1
3915 5824 1
3915 5260 1
3915 1354 1
3092 1482 1
3092 6645 1
3092 6349 1
3092 6304 1
3092 1934 1
5260 3374 1
5260 7875 1
5260 9454 1
5260 2275 1
5260 4289 1
2791 1806 1
2791 11129 1
2791 10723 1
2791 4018 1
2791 2535 1
322 6612 1
322 8456 1
322 3623 1
322 1965 1
322 1090 1
3050 6980 1
3050 991 1
3050 2307 1
6849 6471 1
6849 4332 1
6849 3934 1
6849 4691 1
6849 10905 1
2734 497 1
2734 8343 1
2734 5374 1
2734 10004 1
2734 678 1
8495 2793 1
8495 5016 1
8495 4793 1
8495 2136 1
8495 1411 1
9752 2137 1
9752 11026 1
9752 6713 1
9752 10173 1
9752 2676 1
4814 7096 1
4814 4387 1
4814 4180 1
4814 6412 1
4814 1310 1
8755 542 1
8755 4861 1
8755 4357 1
8755 7023 1
8755 818 1
9781 11129 1
9781 2842 1
9781 10411 1
9781 8604 1
9781 7904 1
6489 2285 1
6489 8737 1
6489 10989 1
6489 7647 1
6489 2795 1
8958 4639 1
8958 10693 1
8958 7511 1
8958 3734 1
8958 3732 1
555 6935 1
555 10886 1
555 1412 1
555 8041 1
555 3317 1
10961 8604 1
10961 6311 1
10961 4827 1
10961 6700 1
10961 8476 1
2372 2901 1
2372 2620 1
2372 1464 1
2372 8755 1
2372 6177 1
8133 3317 1
8133 8395 1
8133 10551 1
8133 10723 1
8133 4098 1
2487 2823 1
2487 8640 1
2487 6193 1
7395 4679 1
7395 1162 1
7395 9761 1
7395 3049 1
7395 2372 1
5332 9846 1
5332 1444 1
5332 5276 1
5501 4610 1
5501 7159 1
5501 7910 1
5501 2664 1
5501 6917 1
5971 987 1
5971 8303 1
5971 8802 1
5971 7211 1
5971 1564 1
3517 537 1
3517 8762 1
3517 4954 1
3517 8565 1
3517 678 1
9278 542 1
9278 5053 1
9278 4477 1
9278 7379 1
9278 756 1
3381 5824 1
3381 3915 1
3381 1190 1
3381 1914 1
3381 5263 1
2071 1958 1
2071 3993 1
2071 5318 1
2071 6391 1
2071 8716 1
8615 9351 1
8615 2453 1
1208 3862 1
1208 9600 1
1208 2289 1
1208 5056 1
1208 10020 1
9349 6076 1
9349 7904 1
9349 6529 1
9349 11129 1
9349 2846 1
10172 2395 1
10172 7878 1
10172 9602 1
10172 8153 1
10172 2970 1
10452 8319 1
10452 3570 1
10452 2821 1
10452 4278 1
10452 7758 1
3045 4956 1
3045 5543 1
3045 6874 1
3045 5998 1
3045 2129 1
1157 6411 1
1157 4766 1
1157 2508 1
1157 2552 1
1157 1564 1
6080 6517 1
6080 7592 1
6080 7078 1
6080 5795 1
6080 3476 1
4810 1341 1
4810 5191 1
4810 4730 1
4810 10873 1
4810 2418 1
695 9753 1
695 7223 1
695 8327 1
695 7494 1
695 4549 1
6769 8853 1
6769 2008 1
6769 1965 1
6769 2954 1
6769 5642 1
3888 8853 1
3888 1965 1
3888 6769 1
2762 1482 1
2762 8543 1
2762 10983 1
2762 4027 1
2762 2058 1
2318 8837 1
2318 1387 1
2318 1727 1
1944 2988 1
1944 6653 1
1944 3534 1
1944 7147 1
1944 9422 1
7705 10367 1
7705 1365 1
7705 994 1
7705 2376 1
7705 9025 1
6549 497 1
6549 4297 1
6549 3945 1
6549 6223 1
6549 678 1
7867 537 1
7867 4135 1
7867 3914 1
7867 5910 1
7867 678 1
8759 537 1
8759 5161 1
8759 4480 1
8759 7505 1
8759 756 1
2175 987 1
2175 2395 1
2175 10539 1
2175 3840 1
2175 1535 1
1806 1328 1
1806 9928 1
1806 4018 1
1806 8345 1
1806 2819 1
983 1433 1
983 8669 1
983 5503 1
983 1014 1
983 1341 1
8153 478 1
8153 4018 1
8153 3574 1
8153 5574 1
8153 583 1
4861 542 1
4861 5161 1
4861 4536 1
4861 6923 1
4861 818 1
5206 2295 1
5206 8770 1
5206 10683 1
5206 7634 1
5206 2987 1
4383 8272 1
4383 113 1
4383 7265 1
4383 6700 1
4383 5520 1
10967 9787 1
10967 4394 1
10967 5299 1
10967 7571 1
2737 1958 1
2737 10434 1
2737 5569 1
2737 3574 1
2737 2552 1
3570 1877 1
3570 6737 1
3570 11002 1
3570 8071 1
3570 2595 1
9296 2289 1
9296 7843 1
9296 11087 1
9296 10487 1
9296 2880 1
1066 1818 1
1066 2657 1
1066 3822 1
1066 1986 1
1066 1075 1
8117 2015 1
8117 7824 1
8117 6293 1
8117 8246 1
8117 2548 1
1533 7288 1
1533 9482 1
1533 5569 1
1533 9164 1
1533 3296 1
10157 3503 1
10157 10954 1
10157 9887 1
10157 10850 1
10157 4724 1
5868 1341 1
5868 7171 1
5868 7902 1
5868 6795 1
5868 2226 1
3392 9286 1
3392 7922 1
3392 1934 1
3392 2343 1
3392 8666 1
1770 4792 1
1770 4334 1
1770 5675 1
1770 8407 1
1770 9712 1
3406 6028 1
3406 4726 1
3406 3046 1
3406 4896 1
3406 4381 1
10813 3491 1
10813 11064 1
10813 10813 1
10813 1920 1
10813 5084 1
144 3931 1
144 8951 1
144 3751 1
144 1351 1
144 3398 1
10020 2289 1
10020 7806 1
10020 9296 1
10020 10172 1
10020 2880 1
9482 6843 1
9482 3296 1
9482 2691 1
9482 4040 1
9482 8199 1
4308 2532 1
4308 8285 1
4308 8095 1
4308 7789 1
4308 3229 1
10529 542 1
10529 5318 1
10529 4536 1
10529 7663 1
10529 818 1
264 4104 1
264 1373 1
264 1341 1
264 5374 1
264 2083 1
4379 2322 1
4379 8565 1
4379 8054 1
4379 7548 1
4379 3197 1
3397 384 1
3397 3327 1
3397 3993 1
3397 7379 1
3397 6115 1
6689 1882 1
6689 6443 1
6689 6803 1
6689 10913 1
6689 2260 1
4180 2972 1
4180 9426 1
4180 4328 1
4180 6606 1
4180 10759 1
6255 1877 1
6255 9050 1
6255 10149 1
6255 10873 1
6255 2466 1
1677 6266 1
1677 2886 1
1677 3642 1
1677 3178 1
1677 3830 1
9448 7084 1
9448 10730 1
9448 8006 1
9448 4800 1
9448 3669 1
2041 8401 1
2041 3175 1
2041 5819 1
2041 7876 1
2041 7064 1
8006 7084 1
8006 3270 1
8006 9448 1
8006 7078 1
8006 3669 1
1422 9878 1
1422 9041 1
1422 3041 1
1422 7465 1
1422 7848 1
6264 4808 1
6264 1755 1
6264 1774 1
6264 4078 1
5441 775 1
5441 7095 1
5441 9605 1
5441 9044 1
5441 1196 1
7910 4610 1
7910 9062 1
7910 10317 1
7910 2664 1
7910 5527 1
8660 4042 1
8660 8848 1
8660 1810 1
8660 2545 1
8660 6229 1
4570 4078 1
4570 10471 1
4570 8855 1
4570 2564 1
4570 1774 1
3747 1482 1
3747 6197 1
3747 6137 1
3747 10158 1
3747 2078 1
1278 2127 1
1278 9779 1
1278 3457 1
1278 4079 1
1278 486 1
3275 2729 1
3275 9983 1
3275 11094 1
3275 1341 1
3275 4291 1
1629 483 1
1629 8054 1
1629 4264 1
1629 4382 1
1629 606 1
7390 5634 1
7390 9787 1
7390 2762 1
7390 3373 1
7390 6362 1
10309 8684 1
10309 5388 1
10309 4767 1
10309 7297 1
10309 414 1
2902 6477 1
2902 1689 1
2902 954 1
2902 2151 1
2902 4956 1
6194 542 1
6194 4941 1
6194 4464 1
6194 8274 1
6194 756 1
2493 1726 1
2493 3478 1
2493 5847 1
2493 8872 1
2493 2285 1
5696 3424 1
5696 8439 1
5696 10604 1
5696 1826 1
5696 4866 1
8988 4407 1
8988 1303 1
8988 1190 1
8988 1773 1
8988 7740 1
10634 10550 1
10634 8461 1
10634 4344 1
10634 9732 1
10634 934 1
8028 5696 1
8028 7383 1
8028 7330 1
8028 4937 1
8028 4782 1
621 10528 1
621 9427 1
621 5442 1
621 10233 1
621 1965 1
3994 11129 1
3994 11109 1
3994 9680 1
3994 6768 1
3994 2984 1
1958 6918 1
1958 8303 1
1958 5318 1
1958 3574 1
1958 3858 1
312 2044 1
312 8684 1
312 8401 1
312 8174 1
312 1681 1
8911 1904 1
8911 9761 1
8911 5326 1
8911 11081 1
8911 2691 1
7814 2188 1
7814 8644 1
7814 5119 1
7814 9165 1
7814 2691 1
2876 2339 1
2876 8949 1
2876 6815 1
2876 9817 1
2876 3977 1
6058 2395 1
6058 8565 1
6058 7843 1
6058 8316 1
6058 2970 1
4818 1482 1
4818 6443 1
4818 5244 1
4818 6970 1
4818 2078 1
6863 2395 1
6863 9033 1
6863 11132 1
6863 8565 1
6863 2970 1
5847 2484 1
5847 7231 1
5847 6063 1
5847 9441 1
5847 2921 1
918 9855 1
918 9797 1
918 1411 1
918 8684 1
918 2558 1
2975 414 1
2975 6595 1
2975 3344 1
2975 6923 1
2975 583 1
8546 3761 1
8546 8269 1
8546 2505 1
8546 2819 1
8546 5016 1
5395 455 1
5395 4297 1
5395 3945 1
5395 8755 1
5395 542 1
5824 4971 1
5824 8666 1
5824 11068 1
5824 2410 1
5824 6914 1
1971 11152 1
1971 10292 1
1971 5713 1
1971 10943 1
1971 1274 1
9333 11132 1
9333 5936 1
9333 3170 1
9333 6571 1
9333 10380 1
8575 10292 1
8575 7609 1
8575 7387 1
8575 8640 1
8575 1962 1
1368 4853 1
1368 6536 1
1368 1096 1
1368 8197 1
1368 1818 1
2595 1341 1
2595 6328 1
2595 4730 1
2595 4988 1
2595 2175 1
5458 2532 1
5458 8079 1
5458 6036 1
5458 7017 1
5458 3229 1
73 2119 1
73 2426 1
73 9544 1
73 5303 1
73 7490 1
2401 1675 1
2401 7078 1
2401 10765 1
2401 3509 1
2401 2307 1
10673 3317 1
10673 10551 1
10673 8987 1
10673 10948 1
10673 4098 1
9855 3460 1
9855 319 1
9855 4793 1
9855 2013 1
9855 918 1
11173 1987 1
11173 7057 1
11173 9731 1
11173 7432 1
11173 2691 1
8719 542 1
8719 4892 1
8719 4464 1
8719 7064 1
8719 818 1
1987 9731 1
1987 9374 1
1987 11173 1
1987 2223 1
1987 5906 1
10985 2639 1
10985 8197 1
10985 1096 1
10985 1727 1
10985 4397 1
3625 2876 1
3625 6997 1
3625 5324 1
3625 6223 1
3625 4610 1
2807 5659 1
2807 3076 1
2807 10563 1
2807 9474 1
2807 3684 1
11187 2275 1
11187 11039 1
11187 5898 1
11187 8572 1
11187 2970 1
8543 1987 1
8543 7057 1
8543 9071 1
8543 7432 1
8543 2691 1
9589 3230 1
9589 4776 1
9589 4606 1
9589 8657 1
9589 873 1
855 873 1
3309 1412 1
3309 5395 1
3309 9146 1
3309 6391 1
3309 2343 1
3263 10828 1
3263 1560 1
3263 1180 1
3263 2238 1
3263 5956 1
4766 482 1
4766 4119 1
4766 3788 1
4766 5714 1
4766 606 1
10083 10873 1
10083 5926 1
10083 5768 1
10083 7064 1
10083 1460 1
6648 2395 1
6648 9296 1
6648 7843 1
6648 11129 1
6648 2970 1
6239 1958 1
6239 7211 1
6239 10123 1
6239 7618 1
6239 2552 1
9788 1749 1
9788 10418 1
9788 9468 1
9788 8345 1
9788 2644 1
2426 1986 1
2426 2639 1
2426 8117 1
2426 5080 1
2426 6536 1
7153 3197 1
7153 11086 1
7153 8054 1
7153 10235 1
7153 4379 1
4978 1836 1
4978 5714 1
4978 5768 1
4978 6228 1
4978 3318 1
7023 537 1
7023 4892 1
7023 4382 1
7023 8961 1
7023 678 1
7432 1987 1
7432 6443 1
7432 11173 1
7432 7804 1
7432 2684 1
1130 542 1
1130 3326 1
1130 2788 1
1130 1892 1
1130 818 1
2605 11158 1
2605 9217 1
2605 6336 1
2605 7494 1
2605 6311 1
4830 2466 1
4830 6770 1
4830 9007 1
4830 6653 1
4830 3218 1
10147 4195 1
10147 10278 1
10147 1190 1
10147 1688 1
10147 6099 1
9272 6153 1
9272 3638 1
9272 2514 1
9272 4811 1
9272 6125 1
4971 8014 1
4971 2410 1
4971 1983 1
4971 3414 1
4971 9740 1
627 8443 1
627 1356 1
627 9994 1
627 1360 1
627 10235 1
10104 3309 1
10104 10547 1
10104 1233 1
10104 2535 1
10104 5016 1
7194 10380 1
7194 2307 1
7194 10725 1
7194 7665 1
7194 4987 1
1877 1762 1
1877 2925 1
1877 2877 1
1877 2418 1
1877 7229 1
6411 1958 1
6411 7211 1
6411 10434 1
6411 9681 1
6411 2552 1
7229 1716 1
7229 6255 1
7229 8756 1
7229 10123 1
7229 2406 1
2291 6047 1
2291 2410 1
2291 7912 1
2291 7634 1
2291 2846 1
10062 1904 1
10062 7746 1
10062 9899 1
10062 7814 1
10062 2484 1
10856 6691 1
10856 7494 1
10856 7201 1
10856 9753 1
10856 2307 1
5539 10882 1
5539 1418 1
5539 982 1
5539 1640 1
5539 6183 1
2046 4677 1
2046 3247 1
2046 1269 1
2046 1700 1
2046 9105 1
4091 10931 1
4091 7412 1
4091 9799 1
4091 5998 1
4091 2101 1
5318 483 1
5318 4382 1
5318 3957 1
5318 8719 1
5318 629 1
6349 3193 1
6349 8531 1
6349 7626 1
6349 6362 1
6349 5225 1
4228 4476 1
4228 9051 1
4228 9506 1
4228 10348 1
4228 9969 1
7091 483 1
7091 4298 1
7091 3914 1
7091 6101 1
7091 629 1
1443 9732 1
1443 10374 1
1443 9169 1
1443 7660 1
1443 3344 1
2467 3734 1
2467 4076 1
2467 4361 1
2467 8014 1
2467 1453 1
9011 357 1
9011 3125 1
9011 9473 1
9011 4199 1
9011 10976 1
2058 1664 1
2058 7546 1
2058 6376 1
2058 3747 1
2058 2831 1
2881 9367 1
2881 2770 1
2881 2683 1
2881 5356 1
2881 5973 1
7048 6432 1
7048 4404 1
7048 9799 1
7048 6036 1
7048 4956 1
3854 5207 1
3854 8789 1
3854 3103 1
3854 11072 1
3854 6076 1
5969 483 1
5969 4298 1
5969 3914 1
5969 6061 1
5969 629 1
2294 3062 1
2294 7288 1
2294 4356 1
2294 5444 1
2294 1208 1
4801 2876 1
4801 5388 1
4801 5898 1
4801 6997 1
4801 3625 1
7131 4104 1
7131 7457 1
7131 1153 1
7131 3022 1
7131 5016 1
3165 9129 1
3165 8331 1
3165 5577 1
3165 10973 1
3165 3824 1
2342 7265 1
2342 3867 1
2342 10961 1
2342 5230 1
2342 8272 1
10931 11165 1
10931 5072 1
10931 4343 1
10931 7412 1
10931 11168 1
1055 7054 1
1055 10411 1
1055 2658 1
1055 10022 1
1055 8807 1
2691 709 1
2691 9761 1
2691 9446 1
2691 4027 1
2691 1173 1
7599 2754 1
7599 4914 1
7599 4180 1
7599 6267 1
7599 2291 1
5708 2505 1
5708 7313 1
5708 7400 1
5708 6052 1
5708 3197 1
2505 478 1
2505 3317 1
2505 8565 1
2505 5534 1
2505 542 1
3761 3572 1
3761 6642 1
3761 6374 1
3761 8316 1
3761 9100 1
834 2658 1
834 3062 1
834 9605 1
834 3788 1
834 4382 1
7806 2289 1
7806 8712 1
7806 9600 1
7806 10723 1
7806 2792 1
1356 8230 1
1356 9994 1
1356 1993 1
1356 3150 1
1356 2046 1
1435 10394 1
1435 7020 1
1435 10033 1
1435 8305 1
1435 4128 1
8071 1877 1
8071 9218 1
8071 4871 1
8071 10149 1
8071 2819 1
10525 3840 1
10525 7147 1
10525 10091 1
10525 1965 1
10525 4830 1
1540 2339 1
1540 3317 1
1540 1204 1
1540 5441 1
1540 4044 1
5659 5317 1
5659 3076 1
5659 2807 1
5659 3684 1
5659 7890 1
4205 5299 1
4205 7242 1
2410 3498 1
2410 5056 1
2410 5824 1
2410 9793 1
2410 5564 1
2759 10886 1
2759 3022 1
2759 8998 1
2759 3309 1
2759 537 1
6398 3534 1
6398 8229 1
6398 7867 1
6398 7394 1
6398 4699 1
7155 6787 1
7155 2249 1
7155 1944 1
7155 2782 1
7155 10263 1
6459 980 1
6459 8730 1
6459 5971 1
6459 9033 1
6459 1210 1
5303 7329 1
5303 3494 1
5303 2119 1
5303 7490 1
5303 582 1
4480 437 1
4480 3397 1
4480 3100 1
4480 8303 1
4480 8215 1
8547 1904 1
8547 7746 1
8547 10397 1
8547 7814 1
8547 2484 1
1403 7841 1
1403 1543 1
1403 3394 1
1403 10512 1
1403 6704 1
3039 2395 1
3039 9108 1
3039 5064 1
3039 7843 1
3039 2970 1
6926 3857 1
6926 9779 1
6926 10613 1
6926 2209 1
6926 4947 1
10954 2877 1
10954 9070 1
10954 8756 1
10954 10278 1
10954 4003 1
5388 2339 1
5388 10624 1
5388 6043 1
5388 6997 1
5388 3073 1
8871 373 1
8871 3945 1
8871 3397 1
8871 5441 1
8871 529 1
4840 2671 1
4840 4978 1
4840 582 1
4840 890 1
4840 4637 1
1986 4397 1
1986 2867 1
1986 10869 1
1986 1727 1
1986 2073 1
8530 4123 1
8530 8575 1
8530 1684 1
8530 1956 1
8530 6325 1
10984 6577 1
10984 3678 1
10984 3022 1
10984 4119 1
10984 9922 1
9141 542 1
9141 4115 1
9141 3772 1
9141 6033 1
9141 818 1
7412 9799 1
7412 4233 1
7412 4091 1
7412 10656 1
7412 3180 1
9827 5317 1
9827 3076 1
9827 2807 1
9827 3684 1
9827 7526 1
4919 2198 1
4919 10849 1
4919 5336 1
4919 6892 1
4919 2864 1
10563 5317 1
10563 3076 1
10563 2807 1
10563 3684 1
10563 7526 1
3076 6172 1
3076 10563 1
3076 2807 1
3076 9474 1
3076 7526 1
8802 483 1
8802 4357 1
8802 3951 1
8802 6194 1
8802 629 1
3262 4135 1
3262 8565 1
3262 1233 1
3262 2535 1
3262 9110 1
808 11167 1
808 4335 1
808 2664 1
808 2545 1
808 4649 1
3683 3275 1
3683 9923 1
3683 6434 1
3683 2399 1
3683 1727 1
3969 10242 1
3969 8904 1
3969 1379 1
3969 2177 1
3969 8419 1
8907 4563 1
8907 10976 1
8907 9011 1
8907 2664 1
8907 5501 1
727 6874 1
727 7123 1
727 6894 1
727 10294 1
727 10143 1
7275 4610 1
7275 9062 1
7275 8029 1
7275 2664 1
7275 5527 1
10317 4610 1
10317 10976 1
10317 9640 1
10317 2664 1
10317 5527 1
10726 542 1
10726 5318 1
10726 4536 1
10726 7663 1
10726 818 1
1406 2831 1
1406 10143 1
1406 1482 1
1406 4019 1
1406 2078 1
8670 7176 1
8670 3663 1
8670 2793 1
8670 4228 1
8670 6960 1
1717 6392 1
1717 8754 1
1717 4998 1
1717 3974 1
1717 8345 1
10318 483 1
10318 4297 1
10318 3813 1
10318 6097 1
10318 583 1
4095 9413 1
4095 5519 1
4095 6795 1
4095 7232 1
4095 3062 1
10737 6795 1
512 3166 1
512 8074 1
512 6789 1
512 4621 1
512 1574 1
7086 6795 1
1360 9105 1
1360 3800 1
1360 1356 1
1360 10248 1
1360 2015 1
2806 9011 1
2806 6795 1
2806 3353 1
2806 2880 1
2806 5056 1
10504 4087 1
10504 10487 1
10504 1921 1
10504 2727 1
10504 5968 1
1489 4709 1
1489 7977 1
1489 2614 1
1489 1519 1
1489 5877 1
3100 483 1
3100 6549 1
3100 10287 1
3100 8385 1
3100 621 1
7215 3342 1
7215 8401 1
7215 8756 1
7215 10850 1
7215 4724 1
8901 5132 1
8901 9996 1
8901 1671 1
8901 2601 1
8901 6197 1
10547 2897 1
10547 8239 1
10547 7052 1
10547 10104 1
10547 3326 1
671 7945 1
671 5817 1
671 5970 1
1152 2058 1
1152 9446 1
1152 5664 1
1152 10607 1
1152 3288 1
3531 6999 1
3531 8058 1
3531 9080 1
3531 5950 1
3531 9072 1
8277 1904 1
8277 7746 1
8277 8872 1
8277 7814 1
8277 2484 1
9100 2077 1
9100 7758 1
9100 11093 1
9100 8239 1
9100 2343 1
960 9140 1
960 2426 1
960 3494 1
960 8687 1
960 8242 1
8403 3494 1
8403 2119 1
8403 9140 1
8403 2915 1
8403 2426 1
5540 2339 1
5540 10600 1
5540 8608 1
5540 6391 1
5540 2970 1
4082 7052 1
4082 7805 1
4082 1965 1
4082 3302 1
4082 7867 1
6127 3275 1
6127 5700 1
6127 3921 1
6127 7453 1
6127 1075 1
9604 10974 1
9604 4886 1
10871 4852 1
10871 7174 1
10871 6302 1
10871 8490 1
10871 1798 1
4287 9400 1
4287 3300 1
4287 3062 1
4287 7259 1
4287 1354 1
3232 2658 1
3232 9055 1
3232 5968 1
3232 6653 1
3232 5894 1
5974 376 1
5974 3317 1
5974 8054 1
5974 4239 1
5974 8153 1
8428 2300 1
8428 3960 1
8428 3154 1
8428 8523 1
8428 1727 1
3494 2073 1
3494 8765 1
3494 5303 1
3494 4853 1
3494 2671 1
2671 9814 1
2671 3275 1
2671 4840 1
2671 10157 1
2671 1066 1
1025 4135 1
1025 3058 1
1025 3262 1
1025 6391 1
1025 8724 1
4297 497 1
4297 5287 1
4297 8719 1
4297 6391 1
4297 678 1
5524 1987 1
5524 9823 1
5524 7352 1
5524 10073 1
5524 2691 1
8580 4610 1
8580 9062 1
8580 8907 1
8580 2664 1
8580 5527 1
2819 360 1
2819 4264 1
2819 7695 1
2819 10588 1
2819 3062 1
350 7078 1
350 6080 1
350 3476 1
6111 2198 1
6111 9899 1
6111 5831 1
6111 9796 1
6111 2864 1
10539 2175 1
10539 6595 1
10539 6255 1
10539 9218 1
10539 2877 1
10948 2614 1
10948 8316 1
10948 8020 1
10948 10673 1
10948 3914 1
8385 3275 1
8385 11094 1
8385 9007 1
8385 9704 1
8385 4744 1
4829 1958 1
4829 8802 1
4829 6577 1
4829 6890 1
4829 2552 1
709 3215 1
709 3049 1
709 7754 1
709 5119 1
709 6063 1
5647 2162 1
5647 9272 1
5647 4987 1
5647 11018 1
5647 1088 1
3193 6228 1
3193 4978 1
3193 1634 1
3193 6341 1
3193 8347 1
8919 5225 1
8919 9630 1
8919 10758 1
8919 9572 1
8919 5954 1
2380 4387 1
2380 7242 1
2380 2288 1
2380 9876 1
2380 6519 1
1557 10263 1
1557 6653 1
1557 6787 1
1557 2988 1
1557 9387 1
3010 2401 1
3010 4830 1
3010 6737 1
3010 9204 1
3010 4108 1
2601 1348 1
2601 10516 1
2601 7123 1
2601 10707 1
2601 1570 1
965 3999 1
965 7017 1
965 10723 1
965 3317 1
965 1716 1
5161 542 1
5161 8961 1
5161 4536 1
5161 6139 1
5161 818 1
2198 1904 1
2198 6063 1
2198 2795 1
2198 2493 1
2198 2285 1
3844 2791 1
3844 10397 1
3844 6565 1
3844 7845 1
3844 3510 1
6052 1208 1
6052 6863 1
6052 7313 1
6052 10172 1
6052 1785 1
2664 10909 1
2664 5501 1
2664 4462 1
2664 4610 1
2664 9640 1
5527 4610 1
5527 7159 1
5527 7910 1
5527 2664 1
5527 8580 1
3867 7265 1
3867 2342 1
3867 8272 1
4954 537 1
4954 4861 1
4954 4298 1
4954 5318 1
4954 678 1
11052 4386 1
11052 10954 1
11052 687 1
11052 1341 1
11052 6328 1
7371 542 1
7371 5318 1
7371 4536 1
7371 8229 1
7371 818 1
6224 3926 1
6224 6629 1
6224 1154 1
6224 1780 1
6224 5319 1
10278 5504 1
10278 1688 1
10278 1341 1
10278 2877 1
10278 7308 1
1281 3971 1
1281 8626 1
1281 5503 1
1281 3574 1
1281 10908 1
5324 2876 1
5324 5388 1
5324 9018 1
5324 9817 1
5324 3625 1
9497 5443 1
9497 7228 1
9497 6795 1
9497 9235 1
9497 1836 1
3362 1958 1
3362 7702 1
3362 6329 1
3362 3574 1
3362 2552 1
7845 976 1
7845 10202 1
7845 6715 1
7845 5472 1
7845 1557 1
3346 2601 1
3346 8959 1
3346 5941 1
3346 4842 1
3346 7299 1
9072 853 1
9072 6737 1
9072 5512 1
9072 9422 1
9072 1341 1
7663 542 1
7663 5241 1
7663 4483 1
7663 7530 1
7663 818 1
5618 5706 1
5618 3501 1
6814 6374 1
6814 3193 1
6814 1836 1
6814 5225 1
6814 8160 1
3951 1958 1
3951 10874 1
3951 8882 1
3951 4829 1
3951 2552 1
5597 542 1
5597 5318 1
5597 4536 1
5597 7359 1
5597 818 1
3926 1688 1
3926 5503 1
3926 10964 1
3926 10123 1
3926 2339 1
8828 11023 1
8828 187 1
8828 8905 1
8828 6845 1
8828 1935 1
8020 3317 1
8020 8079 1
8020 10691 1
8020 8401 1
8020 4098 1
6374 2505 1
6374 9468 1
6374 8546 1
6374 9025 1
6374 2846 1
8419 3939 1
8419 10758 1
8419 2166 1
8419 2431 1
8419 4732 1
2233 10487 1
2233 1937 1
4278 2344 1
4278 9358 1
4278 9438 1
4278 7064 1
4278 2842 1
6712 542 1
6712 5318 1
6712 4536 1
6712 8282 1
6712 818 1
8002 1904 1
8002 8872 1
8002 11081 1
8002 8146 1
8002 2401 1
8364 2188 1
8364 11104 1
8364 5831 1
8364 8277 1
8364 2795 1
4942 5504 1
4942 1341 1
4942 1252 1
4942 2877 1
4942 10147 1
4119 730 1
4119 6577 1
4119 7188 1
4119 5971 1
4119 1526 1
7411 3193 1
7411 7992 1
7411 10912 1
7411 9044 1
7411 4978 1
8229 497 1
8229 3993 1
8229 3613 1
8229 5439 1
8229 629 1
2698 11001 1
2698 10693 1
2698 6882 1
2698 9897 1
2698 10936 1
8424 5518 1
8424 2360 1
8424 1640 1
8424 2516 1
8424 8812 1
1785 483 1
1785 7370 1
1785 3234 1
1785 5048 1
1785 606 1
1331 6935 1
1331 10129 1
1331 2806 1
1331 9441 1
1331 2851 1
8738 6529 1
8738 2363 1
8738 2162 1
8738 3062 1
8738 10912 1
9925 2492 1
9925 10869 1
9925 9148 1
9925 1368 1
9925 3494 1
9147 2343 1
9147 7710 1
9147 9427 1
9147 8345 1
9147 3022 1
2563 3844 1
2563 7910 1
2563 10976 1
2563 7275 1
2563 2851 1
3386 537 1
3386 4766 1
3386 7695 1
3386 3914 1
3386 756 1
7501 9846 1
7501 349 1
7501 8340 1
10588 483 1
10588 4199 1
10588 3788 1
10588 6019 1
10588 606 1
3181 1904 1
3181 10129 1
3181 5847 1
3181 9899 1
3181 2484 1
1535 483 1
1535 8506 1
1535 4357 1
1535 4565 1
1535 621 1
5246 3517 1
5246 8385 1
5246 5559 1
5246 6383 1
5246 4482 1
11007 3342 1
11007 8777 1
11007 7946 1
11007 10544 1
11007 4724 1
3236 7381 1
3236 5223 1
3236 9670 1
3236 5729 1
3236 9872 1
8997 11039 1
8997 4168 1
8997 3931 1
8997 5120 1
8997 9442 1
767 7359 1
767 5472 1
767 5709 1
767 7017 1
767 1426 1
4852 10871 1
4852 1798 1
4852 1525 1
4852 2672 1
4852 10480 1
6498 4104 1
6498 7457 1
6498 1153 1
6498 3022 1
6498 5016 1
5675 8407 1
5675 1716 1
5675 1572 1
5675 1814 1
5675 7920 1
9347 2601 1
9347 10152 1
9347 6552 1
9347 8753 1
9347 3372 1
2231 7467 1
2231 455 1
2231 4298 1
2231 2395 1
2231 1522 1
7992 1328 1
7992 10172 1
7992 9044 1
7992 9602 1
7992 1806 1
8401 920 1
8401 6927 1
8401 6036 1
8401 10948 1
8401 1128 1
1798 4852 1
1798 10871 1
1798 7174 1
1798 8634 1
1798 6896 1
7524 2876 1
7524 10624 1
7524 6997 1
7524 11187 1
7524 3625 1
2795 1904 1
2795 10397 1
2795 6111 1
2795 10158 1
2795 2484 1
10202 2505 1
10202 8079 1
10202 9732 1
10202 8316 1
10202 3197 1
7733 2970 1
7733 9011 1
7733 10263 1
7733 9072 1
7733 3788 1
9473 542 1
9473 5318 1
9473 4536 1
9473 7663 1
9473 818 1
8959 1270 1
8959 5941 1
8959 9700 1
8959 9878 1
8959 1767 1
1210 3611 1
1210 6052 1
1210 10723 1
1210 4531 1
1210 5163 1
5709 1412 1
5709 6888 1
5709 8133 1
5709 10609 1
5709 3263 1
3410 10768 1
3410 2658 1
3410 2379 1
3410 10411 1
3410 4382 1
5056 1210 1
5056 9600 1
5056 11132 1
5056 7977 1
5056 1688 1
1365 7946 1
1365 8883 1
1365 3053 1
1365 5824 1
1365 8239 1
3011 1987 1
3011 5244 1
3011 7123 1
3011 6803 1
3011 2685 1
9761 1904 1
9761 8755 1
9761 5103 1
9761 9441 1
9761 2545 1
1172 3588 1
1172 3263 1
1172 1068 1
1172 7639 1
1172 2157 1
8730 2395 1
8730 7977 1
8730 9594 1
8730 8316 1
8730 2970 1
7084 1958 1
7084 6491 1
7084 9681 1
7084 8303 1
7084 2508 1
944 5910 1
944 5798 1
944 3534 1
944 3064 1
944 8229 1
1767 10890 1
1767 8959 1
1767 10311 1
1767 3986 1
1767 3866 1
5882 8383 1
5882 5434 1
5882 4480 1
5882 6849 1
5882 10905 1
8743 10007 1
8743 4238 1
8743 4898 1
7869 4814 1
7869 6943 1
7869 6412 1
7869 4180 1
7869 1310 1
2552 1564 1
2552 8233 1
2552 10234 1
2552 4060 1
2552 2281 1
8086 8171 1
8086 1755 1
8086 9025 1
7754 1904 1
7754 7231 1
7754 9899 1
7754 9761 1
7754 2484 1
1993 9975 1
1993 4098 1
1993 1700 1
1993 3953 1
1993 7314 1
4462 8580 1
4462 5501 1
4462 9062 1
4462 2664 1
4462 8862 1
3644 542 1
3644 8282 1
3644 4661 1
3644 5389 1
3644 756 1
10022 437 1
10022 4563 1
10022 4115 1
10022 6572 1
10022 606 1
7548 3197 1
7548 8054 1
7548 7606 1
7548 9577 1
7548 4379 1
10840 3555 1
10840 9043 1
10840 1036 1
10840 1455 1
10840 5634 1
9397 2545 1
9397 7968 1
9397 10317 1
9397 8345 1
9397 3401 1
7751 2198 1
7751 10849 1
7751 5831 1
7751 9796 1
7751 2864 1
8160 3193 1
8160 11114 1
8160 6576 1
8160 9468 1
8160 4387 1
4998 3788 1
4998 6398 1
4998 7922 1
4998 2097 1
4998 4865 1
7467 2395 1
7467 455 1
7467 4298 1
7467 2231 1
7467 1522 1
4283 5706 1
2647 5675 1
2647 1228 1
2647 1299 1
2647 9712 1
6819 2434 1
1564 483 1
1564 2736 1
1564 1681 1
1564 4357 1
1564 621 1
6063 1904 1
6063 7754 1
6063 11081 1
6063 6489 1
6063 2484 1
3993 319 1
3993 3097 1
3993 11087 1
3993 10287 1
3993 7091 1
8108 5100 1
8108 2434 1
8108 2145 1
8108 3081 1
8108 6959 1
10353 4828 1
10353 1906 1
10353 1055 1
10353 2658 1
10353 8807 1
9105 10248 1
9105 2046 1
9105 1993 1
9105 3247 1
9105 9958 1
2960 5016 1
2960 10287 1
2960 8269 1
2960 5204 1
2960 3364 1
4606 1157 1
4606 9147 1
4606 5016 1
4606 8802 1
4606 1958 1
2097 5442 1
2097 10974 1
2097 4069 1
2097 3064 1
2097 11039 1
10869 1096 1
10869 9544 1
10869 8303 1
10869 6918 1
10869 1564 1
7577 9491 1
7577 349 1
7577 1727 1
7577 3024 1
9095 730 1
4980 9743 1
4980 3596 1
4980 3008 1
4980 3814 1
4980 8654 1
8716 483 1
8716 4357 1
8716 3951 1
8716 6239 1
8716 629 1
5520 7265 1
5520 113 1
5520 6700 1
5520 8272 1
5520 4383 1
4497 10837 1
4497 8558 1
4497 8201 1
4497 8729 1
4497 2851 1
3674 10759 1
3674 6943 1
3674 8893 1
3674 4180 1
3674 2851 1
11081 1904 1
11081 7746 1
11081 9899 1
11081 7814 1
11081 2484 1
2083 2819 1
2083 3659 1
2083 4810 1
2083 10091 1
2083 3097 1
2925 1877 1
2925 5503 1
2925 10539 1
2925 6099 1
2925 2595 1
6876 1958 1
6876 8716 1
6876 10869 1
6876 7618 1
6876 2552 1
4407 10742 1
4407 4657 1
4407 1190 1
4407 1787 1
4407 9164 1
9662 2198 1
9662 9127 1
9662 5847 1
9662 10129 1
9662 2795 1
4724 10591 1
4724 6197 1
4724 1190 1
4724 2954 1
4724 4947 1
7193 2532 1
7193 7228 1
7193 6737 1
7193 9490 1
7193 3229 1
830 8973 1
830 2532 1
830 2175 1
830 10091 1
830 6938 1
4097 8915 1
4097 1754 1
4097 1640 1
4097 2450 1
4097 7788 1
4920 10304 1
4920 2453 1
409 8558 1
409 4497 1
409 2851 1
409 10837 1
9165 537 1
9165 5053 1
9165 4477 1
9165 7239 1
9165 756 1
3597 1987 1
3597 8827 1
3597 6109 1
3597 7057 1
3597 2691 1
10551 414 1
10551 4061 1
10551 3574 1
10551 5881 1
10551 583 1
675 2255 1
675 2709 1
675 5974 1
675 11087 1
675 9131 1
3947 6508 1
3947 6659 1
3947 5792 1
3947 4998 1
3947 8475 1
10149 1341 1
10149 7816 1
10149 4432 1
10149 8756 1
10149 2406 1
7843 1443 1
7843 9899 1
7843 9594 1
7843 10260 1
7843 1806 1
6197 720 1
6197 6257 1
6197 6670 1
6197 10157 1
6197 1165 1
5374 542 1
5374 5318 1
5374 4536 1
5374 7920 1
5374 818 1
1643 4115 1
1643 6223 1
1643 7159 1
1643 7524 1
1643 2970 1
9873 1958 1
9873 6723 1
9873 10869 1
9873 11006 1
9873 2498 1
3957 542 1
3957 5241 1
3957 9278 1
3957 10041 1
3957 818 1
6426 9333 1
6426 3393 1
6426 3162 1
6426 5064 1
6426 7181 1
10516 1816 1
10516 8015 1
10516 10581 1
10516 8753 1
10516 2573 1
9693 7390 1
9693 3978 1
9693 3300 1
9693 5082 1
9693 9346 1
9520 9544 1
9520 73 1
9520 7490 1
10343 497 1
10343 4464 1
10343 3993 1
10343 6712 1
10343 678 1
5435 7924 1
5435 3404 1
5435 3214 1
5435 4393 1
5435 5781 1
6518 10158 1
6518 6971 1
6518 5723 1
6518 9868 1
6518 2145 1
8987 414 1
8987 3945 1
8987 3472 1
8987 5442 1
8987 583 1
4069 2162 1
4069 11109 1
4069 5798 1
4069 7867 1
4069 3218 1
5715 4705 1
5715 8500 1
5715 5299 1
5715 9787 1
5715 1151 1
7825 7288 1
7825 1252 1
1241 8632 1
1241 6825 1
1241 10555 1
1241 5455 1
1241 9528 1
3286 6278 1
3286 2776 1
3286 2693 1
3286 4236 1
3286 8380 1
2042 2982 1
2042 3225 1
2042 3388 1
2042 5647 1
2042 1087 1
5504 10147 1
5504 1688 1
5504 1341 1
5504 3926 1
5504 8767 1
7231 1904 1
7231 8002 1
7231 10158 1
7231 7755 1
7231 2484 1
1490 10678 1
1490 6376 1
1490 1991 1
1490 4108 1
1490 9204 1
667 6936 1
667 5524 1
667 1987 1
667 3809 1
667 9071 1
3136 4253 1
3136 5893 1
3136 8898 1
3136 5706 1
3136 5308 1
4782 9280 1
4782 9528 1
4782 1426 1
4782 3122 1
4782 8973 1
4757 1541 1
4757 6197 1
4757 9446 1
4757 7352 1
4757 2260 1
8872 2198 1
8872 8911 1
8872 5831 1
8872 9796 1
8872 2864 1
3457 2371 1
3457 5182 1
3457 3624 1
3457 5230 1
3457 2846 1
7768 357 1
7768 3574 1
7768 3301 1
7768 5161 1
7768 537 1
11060 1564 1
11060 6722 1
11060 10874 1
11060 9964 1
11060 2508 1
10287 497 1
10287 4747 1
10287 4238 1
10287 6722 1
10287 678 1
2880 281 1
2880 9278 1
2880 5441 1
2880 6383 1
2880 7159 1
2979 542 1
2979 3227 1
2979 6770 1
2979 4382 1
2979 818 1
8013 3062 1
8013 10022 1
8013 8919 1
8013 9788 1
8013 3813 1
187 8828 1
187 2993 1
187 1935 1
187 8905 1
187 581 1
9240 5317 1
9240 3076 1
9240 2807 1
9240 3684 1
9240 7526 1
5048 2395 1
5048 6529 1
5048 10179 1
5048 8330 1
5048 2970 1
9929 2175 1
9929 6595 1
9929 6255 1
9929 9218 1
9929 2877 1
4168 6060 1
4168 6704 1
4168 5120 1
4168 5968 1
4168 1403 1
2072 6180 1
2072 10794 1
2072 4408 1
2072 10034 1
2072 10592 1
11125 11109 1
11125 5010 1
11125 4931 1
11125 7904 1
11125 1590 1
3364 972 1
3364 8345 1
3364 10882 1
3364 3678 1
3364 1233 1
895 7530 1
895 5968 1
895 2702 1
895 7634 1
895 7732 1
6890 1958 1
6890 8716 1
6890 10874 1
6890 7618 1
6890 2552 1
10416 7929 1
10416 4854 1
10416 4571 1
10416 7121 1
10416 11199 1
1351 11187 1
1351 3398 1
1351 7171 1
1351 8777 1
1351 2077 1
6244 2846 1
6244 10485 1
6244 5968 1
6244 6286 1
6244 3316 1
7890 5317 1
7890 3076 1
7890 2807 1
7890 3684 1
7890 7526 1
4776 1248 1
4776 5831 1
4776 5016 1
4776 5971 1
4776 1589 1
8233 483 1
8233 4382 1
8233 3957 1
8233 6286 1
8233 629 1
4941 483 1
4941 3772 1
4941 3344 1
4941 11132 1
4941 629 1
4321 2089 1
4321 6803 1
4321 5906 1
4321 8395 1
4321 1602 1
1029 4119 1
1029 3326 1
1029 3022 1
1029 2535 1
1029 9925 1
9373 1958 1
9373 6918 1
9373 9015 1
9373 9873 1
9373 2552 1
4874 7601 1
4874 4078 1
4874 3682 1
4874 10976 1
4874 5730 1
8146 1904 1
8146 7746 1
8146 8872 1
8146 7814 1
8146 2484 1
1455 4852 1
1455 1798 1
1455 7174 1
1455 4934 1
1455 8634 1
1445 5965 1
1445 5968 1
1445 5260 1
8029 4610 1
8029 9062 1
8029 8907 1
8029 2664 1
8029 5527 1
3091 6017 1
3091 4571 1
3091 6626 1
3091 11025 1
3091 271 1
3914 319 1
3914 3386 1
3914 3042 1
3914 7336 1
3914 6097 1
1059 2322 1
1059 1640 1
1059 8187 1
1059 8565 1
1059 4135 1
4351 2532 1
4351 8079 1
4351 9502 1
4351 7017 1
4351 3229 1
5687 6508 1
5687 3369 1
5687 2404 1
5687 3947 1
5687 9994 1
3218 1944 1
3218 5499 1
3218 6398 1
3218 7911 1
3218 3022 1
3288 1987 1
3288 8827 1
3288 6109 1
3288 7057 1
3288 2691 1
5757 7174 1
5757 1455 1
5757 4852 1
5757 8640 1
9131 1810 1
9131 5974 1
9131 9640 1
9131 8580 1
9131 2192 1
5016 1153 1
5016 5163 1
5016 5968 1
5016 7457 1
5016 1483 1
5611 542 1
5611 5241 1
5611 4483 1
5611 6910 1
5611 756 1
4128 853 1
4128 6328 1
4128 8071 1
4128 7215 1
4128 1229 1
5774 8919 1
5774 3193 1
5774 1836 1
5774 5225 1
5774 9572 1
6183 9872 1
6183 5073 1
6183 1640 1
6183 5230 1
6183 7720 1
8037 5499 1
8037 2097 1
8037 1715 1
8037 3010 1
8037 6835 1
3099 1904 1
3099 10129 1
3099 8146 1
3099 9899 1
3099 2484 1
11147 1965 1
11147 322 1
11147 1899 1
4563 483 1
4563 4115 1
4563 3778 1
4563 11006 1
4563 629 1
1236 6205 1
1236 1812 1
1236 9842 1
1236 3542 1
1236 1350 1
6997 2275 1
6997 8388 1
6997 5324 1
6997 8949 1
6997 2970 1
10087 2484 1
10087 7755 1
10087 7427 1
10087 10397 1
10087 2921 1
9092 4356 1
9092 9346 1
9092 8871 1
9092 9693 1
9092 5539 1
1904 7427 1
1904 6063 1
1904 2795 1
1904 2493 1
1904 2854 1
6019 542 1
6019 5318 1
6019 4536 1
6019 7371 1
6019 818 1
4767 10309 1
4767 8515 1
4767 7297 1
4767 8684 1
4767 414 1
8882 1958 1
8882 6918 1
8882 9605 1
8882 9373 1
8882 2552 1
2560 7354 1
2560 5443 1
2560 2384 1
2560 3110 1
2560 2970 1
7859 9468 1
7859 5366 1
7859 4664 1
7859 6196 1
7859 8401 1
2461 3344 1
2461 3813 1
2461 10234 1
2461 6910 1
2461 5154 1
10691 2466 1
10691 8731 1
10691 8133 1
10691 8998 1
10691 3914 1
6576 2388 1
6576 9346 1
6576 9468 1
6576 7110 1
6576 2846 1
5295 2395 1
5295 7806 1
5295 7359 1
5295 10628 1
5295 2970 1
9474 5317 1
9474 3076 1
9474 2807 1
9474 3684 1
9474 7526 1
4356 2791 1
4356 6715 1
4356 7845 1
4356 8565 1
4356 3326 1
9294 7161 1
9294 3603 1
9294 3275 1
9294 4605 1
9294 7147 1
7956 8746 1
7956 8581 1
7956 9796 1
7956 6823 1
7956 6621 1
8779 6099 1
8779 2877 1
8779 2827 1
8779 3097 1
8779 10954 1
2195 4480 1
2195 7876 1
2195 7857 1
2195 3947 1
2195 2190 1
9602 2395 1
9602 7977 1
9602 10546 1
9602 8316 1
9602 2970 1
7054 10411 1
7054 2658 1
7054 2379 1
7054 3788 1
7054 8219 1
10265 7054 1
10265 2658 1
10265 2379 1
10265 3788 1
10265 10768 1
4343 11165 1
4343 10931 1
1590 2197 1
1590 11129 1
1590 11125 1
8331 3824 1
6097 4483 1
6097 4115 1
6097 678 1
8789 3854 1
8789 11072 1
5207 3854 1
5207 3180 1
4404 6036 1
5973 5356 1
5973 1818 1
5356 5973 1
5356 2881 1
9367 2881 1
10976 3394 1
10976 10909 1
10976 7159 1
10976 9131 1
10976 4335 1
9235 7228 1
9235 4664 1
9235 5366 1
9235 9497 1
9422 2466 1
9422 3392 1
3125 9011 1
3125 2876 1
4866 9175 1
4866 3653 1
4866 5696 1
4866 10086 1
10374 3300 1
10374 10260 1
10374 9169 1
10374 10912 1
6892 1331 1
6892 8146 1
6892 2198 1
10348 4228 1
9051 8670 1
9051 4228 1
9051 4793 1
5569 1533 1
5569 9681 1
5569 2071 1
5225 6228 1
5225 1836 1
5225 1634 1
5225 4978 1
5225 8160 1
2770 2881 1
2770 8242 1
2770 2426 1
4934 1455 1
4934 4852 1
4934 10840 1
2226 9468 1
2226 4842 1
2226 10516 1
4988 3572 1
4988 1248 1
4988 2595 1
4677 1993 1
4677 10326 1
8219 5441 1
8219 2379 1
8219 3410 1
8219 10411 1
7857 3517 1
7857 9427 1
7857 8762 1
7857 2175 1
7857 4776 1
4565 10248 1
4565 1700 1
4565 1535 1
2827 9594 1
2827 5899 1
2827 10123 1
2827 10954 1
2827 8756 1
10234 3394 1
10234 9346 1
10234 9025 1
10234 11114 1
10234 5299 1
6621 6823 1
6621 8746 1
8581 7956 1
8581 8746 1
8581 6823 1
8581 6621 1
3603 9294 1
7161 4119 1
7161 3830 1
2223 1987 1
2223 10397 1
2223 11173 1
2223 6970 1
2223 2831 1
5154 5441 1
5154 9011 1
5154 7977 1
5154 4828 1
2685 3011 1
3110 6525 1
3110 5443 1
3110 4664 1
3110 7354 1
3110 1365 1
1464 2372 1
2384 4180 1
2384 2970 1
2384 8719 1
2384 2560 1
4853 2639 1
4853 1096 1
4853 1727 1
4853 4397 1
7354 5443 1
7354 3110 1
9823 1987 1
9823 7057 1
9823 9731 1
9823 7432 1
9823 2691 1
8515 982 1
8515 414 1
8515 8401 1
5223 9872 1
5223 3236 1
2754 7599 1
1350 1812 1
1350 9842 1
6288 2395 1
6288 8054 1
6288 10172 1
6288 7806 1
6288 2970 1
9842 1812 1
9842 6205 1
1812 1236 1
5073 6183 1
5073 3373 1
6910 537 1
6910 4298 1
6910 6737 1
6910 756 1
11025 3091 1
11025 271 1
1483 1806 1
1483 3678 1
1483 6398 1
1483 7867 1
1483 5910 1
7911 2097 1
7911 6392 1
7911 8754 1
7911 3401 1
5499 5894 1
5499 2097 1
5499 1715 1
5499 3010 1
5499 8037 1
7968 4610 1
7968 9062 1
7968 10317 1
7968 2664 1
7968 5527 1
3369 5687 1
7336 3914 1
7336 1716 1
6513 4042 1
6513 8848 1
6513 1810 1
6513 2545 1
6513 6229 1
271 3091 1
4386 11052 1
5965 5968 1
5965 5260 1
5730 5451 1
8199 2177 1
3316 7929 1
3316 6244 1
11199 7924 1
11199 9743 1
4931 10850 1
4931 11125 1
10592 10034 1
6477 1689 1
6477 954 1
6477 2151 1
6180 10034 1
6180 10794 1
6180 4408 1
6626 7992 1
6626 3091 1
8272 10961 1
8272 3867 1
8272 2605 1
8272 4383 1
8272 9871 1
3227 542 1
3227 6194 1
3227 9577 1
3227 5442 1
3227 818 1
9964 11060 1
2371 7171 1
2371 7299 1
3809 1882 1
3809 11173 1
5455 1241 1
6278 3286 1
1087 3225 1
3388 2982 1
3388 2042 1
3225 2982 1
3225 2042 1
3225 1087 1
6517 7592 1
6517 5795 1
6517 6080 1
2982 9491 1
2982 2042 1
5451 6376 1
5451 9374 1
5451 2078 1
4236 3286 1
4236 2136 1
2693 6036 1
2693 3286 1
2693 5723 1
10555 8632 1
3971 3659 1
3971 5241 1
9732 7660 1
9732 10551 1
9732 3914 1
8632 5455 1
8632 10555 1
8500 9787 1
8500 1151 1
8500 5715 1
3472 4135 1
3472 4610 1
3472 3409 1
3472 4747 1
3472 2535 1
5941 2601 1
5941 8959 1
5941 6552 1
5941 8015 1
5941 3372 1
9868 2015 1
5723 6518 1
5723 1986 1
5723 2693 1
5723 4978 1
2431 7924 1
3214 5435 1
3404 5435 1
6823 8581 1
6823 6621 1
6823 8746 1
6823 7956 1
5082 8160 1
5082 9092 1
5082 10882 1
5082 10759 1
5082 6257 1
3978 5206 1
3978 10418 1
3978 9693 1
1816 2601 1
2639 8197 1
2639 6536 1
2639 1096 1
2639 1727 1
3393 2601 1
1165 2776 1
1165 982 1
8572 2734 1
8572 9333 1
8572 6043 1
8572 8282 1
6257 10882 1
6257 10234 1
6257 3062 1
6257 4870 1
6257 9044 1
10372 6908 1
10372 10086 1
720 7945 1
720 8997 1
720 7606 1
720 10260 1
1543 5664 1
1543 3394 1
1543 7176 1
1543 2552 1
8475 5687 1
8475 8199 1
1068 10828 1
1068 4474 1
6659 9994 1
6659 3947 1
6659 4998 1
8305 4947 1
8305 1435 1
2709 11093 1
2709 1810 1
2709 2545 1
2709 4357 1
2255 7095 1
2255 9131 1
2255 2709 1
2255 8660 1
6109 1987 1
6109 11173 1
6109 2691 1
8827 1987 1
8827 6936 1
8827 11068 1
8827 9446 1
8827 2684 1
7181 5064 1
7181 6426 1
7181 11018 1
7181 1937 1
10304 2453 1
10304 9349 1
10304 6076 1
10304 4920 1
2897 5016 1
2897 1233 1
2897 2535 1
2897 3364 1
1754 4782 1
6653 2466 1
6653 9422 1
6653 7733 1
6653 3342 1
1715 10263 1
1715 10974 1
1715 5974 1
1715 3064 1
1715 6563 1
6938 1877 1
6938 7816 1
6938 4871 1
6938 9929 1
6938 2532 1
6115 5709 1
6115 2466 1
6115 1965 1
6115 2595 1
2823 8640 1
2823 2487 1
2823 6193 1
10591 4842 1
10591 10850 1
10591 1190 1
10591 2954 1
10591 7215 1
7299 1570 1
7299 8705 1
7299 10152 1
7299 9468 1
9127 2466 1
9127 5709 1
9127 9165 1
1787 10417 1
1787 8071 1
8893 4180 1
8893 10759 1
8893 6943 1
8893 3674 1
8893 2851 1
8201 10837 1
8201 8729 1
8201 4497 1
8654 4980 1
8654 3814 1
3008 4980 1
3008 6244 1
3008 5968 1
7123 6552 1
7123 1482 1
9743 11199 1
9743 3814 1
9743 7924 1
3024 9491 1
3024 7577 1
3024 1727 1
9491 4840 1
9491 1716 1
9491 6383 1
5204 5534 1
5204 5016 1
5204 7845 1
5204 6491 1
9958 9105 1
3374 9454 1
6959 8108 1
3081 8108 1
3081 2145 1
1228 5675 1
1228 9712 1
4657 7740 1
4657 4407 1
11114 5441 1
11114 9468 1
11114 11125 1
11114 3062 1
11114 6576 1
6999 9072 1
6999 5950 1
6999 8058 1
6999 1921 1
3401 3974 1
3401 8229 1
3401 1717 1
3401 2097 1
1036 10840 1
10912 2461 1
10912 7992 1
10912 7411 1
10912 10260 1
10912 3572 1
4328 6491 1
4328 4180 1
8443 6432 1
7606 3197 1
7606 8523 1
7606 9011 1
7606 8187 1
7606 4379 1
5389 2401 1
5389 11068 1
5389 3644 1
7858 4938 1
7858 5325 1
7858 5420 1
1274 7848 1
1274 3041 1
1274 1755 1
1274 6197 1
7121 6244 1
7121 5968 1
7121 10485 1
8862 4610 1
8862 9062 1
8862 8907 1
8862 2664 1
8862 5527 1
3953 3800 1
3953 1356 1
3953 1269 1
3953 9994 1
8171 9025 1
8171 4180 1
8171 8086 1
9817 2876 1
9817 7524 1
9817 6997 1
9817 11187 1
9817 3625 1
2281 483 1
2281 2734 1
2281 10723 1
2281 8987 1
2281 629 1
8380 8443 1
4898 8743 1
4898 10007 1
4898 4238 1
10311 1816 1
10311 8705 1
10311 2573 1
6196 2371 1
6196 7215 1
6196 10234 1
6196 7859 1
6196 2846 1
3064 542 1
3064 6595 1
3064 8282 1
3064 8961 1
3064 756 1
10471 1274 1
10471 1774 1
1418 5539 1
1418 10882 1
1418 2560 1
1418 9092 1
5798 3788 1
5798 1717 1
5798 2097 1
5798 4998 1
9280 4782 1
9280 1426 1
9280 5970 1
9280 2864 1
2157 7639 1
2157 1172 1
3588 1172 1
3053 6035 1
3053 10157 1
6888 5709 1
6888 3386 1
3596 4980 1
3596 2434 1
8731 3317 1
8731 10673 1
8731 8401 1
8731 10691 1
8731 4098 1
5439 542 1
5439 5318 1
5439 4536 1
5439 6894 1
5439 818 1
9975 5696 1
9975 1993 1
1270 8380 1
8634 1455 1
8634 7174 1
8634 6896 1
8634 1798 1
920 6196 1
920 8401 1
920 4664 1
8327 7223 1
8327 9753 1
8327 7494 1
8327 4549 1
8327 695 1
1522 7467 1
1522 455 1
1522 2231 1
1522 4298 1
1522 2395 1
3372 2601 1
3372 8959 1
3372 7171 1
3372 5868 1
3372 3457 1
8753 10890 1
8753 5941 1
8753 10152 1
6670 6197 1
10152 2601 1
10152 9347 1
10152 3372 1
8506 478 1
8506 4060 1
8506 3611 1
8506 583 1
3555 10840 1
991 2307 1
3460 9855 1
3460 4793 1
10480 7174 1
10480 1455 1
10480 4852 1
3073 2876 1
3073 6997 1
3073 5324 1
3073 9817 1
3073 5388 1
2672 4852 1
6787 2249 1
6787 1944 1
6787 2782 1
6787 7147 1
1426 7330 1
1426 5696 1
2249 3342 1
2249 3392 1
2249 1944 1
2249 6787 1
9442 3010 1
9442 10158 1
5120 7530 1
5120 4168 1
5120 6704 1
5120 1403 1
5729 4195 1
5729 7381 1
4637 10813 1
4637 4840 1
4637 9148 1
9575 4130 1
9575 5750 1
7929 4854 1
7929 7924 1
7929 10550 1
7929 3316 1
9670 3236 1
9670 9872 1
4732 8419 1
7381 3236 1
10544 11007 1
9148 1727 1
9148 4853 1
2564 4570 1
2564 4078 1
2564 10471 1
2564 8855 1
2564 1774 1
8388 6997 1
8388 1535 1
8388 5687 1
8812 8424 1
8812 10367 1
8812 2360 1
2360 8424 1
2360 8812 1
9897 1675 1
6882 2698 1
9351 8615 1
9351 2453 1
9351 6076 1
11001 2698 1
2166 8419 1
3682 4874 1
3682 2466 1
11023 8828 1
10964 1716 1
10964 7845 1
10964 4810 1
10964 9072 1
10964 2466 1
10874 1958 1
10874 6918 1
10874 9015 1
10874 10792 1
10874 2552 1
5936 9333 1
5936 6571 1
5936 8572 1
2644 9787 1
2644 9788 1
2644 4394 1
5512 6737 1
5512 3197 1
5512 2595 1
7702 1958 1
7702 9681 1
7702 8071 1
7702 2552 1
10908 1281 1
5970 11086 1
5970 7153 1
5970 10202 1
5970 2535 1
8439 5696 1
8439 10235 1
8439 3960 1
5319 5868 1
5319 1780 1
5319 6629 1
1204 2880 1
1204 3317 1
1204 2192 1
10485 7121 1
10485 6244 1
1780 6629 1
1780 6224 1
1780 7902 1
1154 5319 1
1154 6629 1
6629 6224 1
6629 1780 1
6629 5868 1
2514 9272 1
3510 9397 1
3510 8862 1
3510 6529 1
6565 4610 1
6565 7159 1
6565 7910 1
6565 2664 1
6565 5527 1
2450 4097 1
1570 2573 1
1570 8959 1
1570 2371 1
1570 5868 1
1570 3866 1
6508 5687 1
6508 8802 1
6508 2046 1
3300 6576 1
9204 10158 1
9204 2691 1
9204 2401 1
9204 4108 1
9204 9442 1
9387 1944 1
9387 7159 1
9387 9422 1
9387 7922 1
9387 2782 1
9876 9787 1
9876 1252 1
9876 5781 1
9572 6374 1
9572 3193 1
9572 1836 1
9572 5225 1
9572 8160 1
2988 10263 1
2988 2249 1
2988 1944 1
2988 2782 1
10758 8919 1
10758 8419 1
1634 5774 1
1634 4321 1
1634 6910 1
1634 5225 1
1634 6935 1
4744 3100 1
4744 8316 1
4744 4830 1
4744 8345 1
4744 4119 1
3921 5700 1
3921 9294 1
3921 7453 1
3921 3275 1
3921 1075 1
2275 4298 1
2275 3625 1
9704 8385 1
8058 5950 1
8058 9080 1
8058 6999 1
8058 3531 1
6412 4814 1
6412 7869 1
3624 2601 1
3624 8959 1
3624 3372 1
10073 1541 1
10073 6137 1
10073 10158 1
10073 9446 1
10073 2223 1
5287 4297 1
3501 5706 1
3501 5618 1
8724 4104 1
8724 10886 1
8724 1153 1
8724 3022 1
8724 5016 1
3542 7647 1
8765 2639 1
8765 8197 1
8765 1096 1
8765 1727 1
8765 4397 1
3154 10374 1
3154 9733 1
3154 8523 1
3154 10235 1
4800 9448 1
4800 10730 1
3977 2876 1
3977 6997 1
3977 4298 1
3977 3625 1
2300 8428 1
2300 281 1
2300 8523 1
10380 9333 1
10380 7194 1
10380 7665 1
1675 10913 1
1675 2401 1
4239 1892 1
4239 6997 1
4239 9387 1
4239 8572 1
4239 2466 1
5894 3010 1
5894 7147 1
5894 11039 1
5894 6653 1
5894 3401 1
5518 8424 1
1526 4119 1
6302 10871 1
6302 2339 1
10417 9873 1
10417 6194 1
10417 7530 1
4886 10031 1
4886 9604 1
4886 9070 1
4886 9050 1
3302 10343 1
3302 6821 1
7805 4477 1
7805 9922 1
7805 1560 1
2867 2639 1
2867 1096 1
2867 1727 1
2044 414 1
2044 2238 1
2044 3234 1
2044 11054 1
2044 583 1
8608 5540 1
10600 9011 1
10600 2532 1
10600 2970 1
10600 5819 1
2915 8403 1
8687 960 1
8687 3494 1
2388 7299 1
2388 10152 1
2388 2846 1
2388 9468 1
9996 1422 1
9996 8901 1
11104 8364 1
5881 542 1
5881 4480 1
5881 4060 1
5881 8269 1
5881 818 1
6704 7841 1
6704 4168 1
6704 5968 1
6704 1403 1
5132 6874 1
5132 5634 1
5132 9996 1
7601 7494 1
7601 4874 1
3162 1934 1
4808 6264 1
4808 4078 1
4808 1774 1
1519 4709 1
1519 7977 1
1519 2614 1
1519 7359 1
1519 5906 1
6552 9468 1
6552 6576 1
6552 10311 1
6552 2226 1
10034 1087 1
10034 767 1
10034 2072 1
4811 9272 1
4811 1774 1
3800 1700 1
3800 1360 1
3800 2046 1
6789 4621 1
6789 1453 1
6789 497 1
3166 10707 1
2343 1557 1
2343 3262 1
2343 7147 1
7232 4095 1
7232 3062 1
10742 8199 1
10742 4407 1
5519 9413 1
9413 5519 1
9413 4095 1
3974 3788 1
3974 8229 1
3974 1717 1
3974 2097 1
3974 4239 1
10558 9942 1
10558 4334 1
10558 9712 1
6443 1987 1
6443 9071 1
6443 9374 1
6443 9823 1
6443 2691 1
8754 3010 1
8754 6770 1
8754 10263 1
8754 3534 1
4639 4404 1
4639 3732 1
6392 3788 1
6392 8229 1
6392 1717 1
6392 2097 1
6392 4998 1
7710 9427 1
7710 8762 1
7710 1965 1
7710 4744 1
3663 918 1
3663 2558 1
3663 4180 1
7176 2702 1
7176 3394 1
10143 1541 1
10143 6376 1
10143 11173 1
10143 9446 1
10143 2260 1
6028 3406 1
6028 1557 1
1589 4606 1
1589 4776 1
1589 3623 1
1589 9007 1
1589 10233 1
10294 727 1
1671 1681 1
1671 10512 1
1671 4914 1
8904 10326 1
10550 3316 1
10550 10634 1
10242 3969 1
6434 3683 1
4649 4610 1
4649 5501 1
4649 9062 1
4649 2664 1
4649 10909 1
9110 2175 1
9110 6374 1
9110 8565 1
9110 9141 1
9110 2791 1
6172 5317 1
6172 3076 1
6172 2807 1
6172 3684 1
8915 6980 1
8915 2307 1
8915 7530 1
8915 5968 1
8915 4097 1
10656 7412 1
2492 1096 1
2492 1727 1
2492 6293 1
4233 10913 1
6033 3218 1
6033 6563 1
4387 8670 1
4387 5664 1
4387 10725 1
6325 8530 1
1387 2318 1
1387 8837 1
4679 10828 1
1684 8530 1
2073 9925 1
2073 4853 1
2073 1096 1
2073 1727 1
2073 6293 1
8657 3230 1
8657 4776 1
8657 4606 1
8657 9589 1
8657 873 1
890 1455 1
890 890 1
890 4840 1
890 3275 1
529 6407 1
529 8523 1
529 10983 1
373 8871 1
373 6691 1
1196 8973 1
1196 1088 1
1196 5441 1
1196 7841 1
4108 10849 1
4108 2691 1
4108 2401 1
4108 6376 1
4108 10678 1
11072 3854 1
11072 8789 1
6043 2339 1
6043 7524 1
6043 6223 1
6043 3073 1
4397 2639 1
4397 1096 1
4397 1727 1
4397 8197 1
3122 4828 1
3122 4782 1
3122 8973 1
8883 3342 1
8883 9275 1
8883 1681 1
8883 4842 1
10624 2876 1
10624 8282 1
10624 6997 1
10624 8949 1
10624 3625 1
4947 9887 1
4947 7020 1
4947 3053 1
9062 4335 1
9062 9131 1
9062 9397 1
9080 6999 1
9080 5950 1
5064 1806 1
5064 7992 1
5064 6563 1
5064 9108 1
5064 2535 1
10512 2601 1
5574 483 1
5574 3788 1
5574 3397 1
5574 5277 1
5574 629 1
3394 1543 1
3394 10234 1
7841 7494 1
7841 3931 1
7841 2846 1
7841 10234 1
4549 8327 1
4549 7223 1
4549 7494 1
4549 9753 1
4549 695 1
9070 3193 1
9070 9468 1
9070 7411 1
9070 9050 1
9070 4947 1
10263 2097 1
10263 7155 1
10263 9018 1
10263 7845 1
10263 2988 1
11086 3197 1
11086 8871 1
11086 8274 1
11086 10397 1
11086 4379 1
5325 4938 1
5325 7858 1
5325 5420 1
2782 10263 1
2782 2249 1
2782 1944 1
2782 3392 1
7720 5230 1
7720 9662 1
7720 1252 1
7720 6328 1
4699 6398 1
4699 7394 1
9922 5395 1
9922 3022 1
9922 2535 1
9922 4082 1
9922 8565 1
7394 4699 1
7394 6398 1
5564 2410 1
5564 10234 1
5564 3394 1
4408 2072 1
4123 7768 1
9346 6576 1
9346 3062 1
9346 9092 1
4044 1540 1
4044 10849 1
4044 11081 1
4044 5103 1
4044 2284 1
7526 5317 1
7526 3076 1
7526 2807 1
7526 3684 1
7526 10563 1
3150 3247 1
3150 2046 1
3150 1993 1
3150 3953 1
3150 1356 1
8015 10311 1
2792 2395 1
2792 3993 1
2792 7370 1
2792 6052 1
8383 11026 1
8383 4332 1
349 1818 1
349 7387 1
7313 9577 1
7313 10882 1
7313 9454 1
7313 3197 1
6267 2136 1
6267 7634 1
4621 1453 1
4621 497 1
9446 1882 1
9446 6936 1
9446 2684 1
10434 1958 1
10434 6572 1
10434 10792 1
10434 9605 1
10434 2508 1
987 8345 1
987 2736 1
987 1535 1
987 10528 1
1810 2709 1
1810 4042 1
1810 6513 1
9217 2605 1
113 6700 1
113 5520 1
113 4383 1
113 7265 1
113 8272 1
2987 9868 1
1689 954 1
10394 10033 1
10394 4947 1
10394 8305 1
10394 1435 1
2295 5206 1
1014 8669 1
1014 1433 1
1014 2145 1
1014 983 1
10890 2601 1
10890 9347 1
10890 3372 1
8669 1433 1
8669 5503 1
8669 10397 1
8669 1014 1
7308 4942 1
7308 1688 1
7308 1341 1
7308 2877 1
7308 7511 1
2085 2339 1
2085 1204 1
2085 4480 1
3642 1677 1
1173 5906 1
1173 10143 1
1173 1248 1
1173 4019 1
1173 10528 1
9878 10418 1
9055 3232 1
7314 8432 1
7314 2703 1
2376 10367 1
2376 7705 1
8626 1762 1
8626 1281 1
10367 7705 1
10367 2077 1
2137 9752 1
8014 1208 1
8014 11018 1
8014 1675 1
7592 6517 1
7592 5795 1
7592 6080 1
10873 2083 1
10873 8756 1
10873 10539 1
10873 9072 1
10873 2819 1
7352 1541 1
7352 6376 1
7352 11173 1
2129 9799 1
2129 3045 1
2129 5998 1
6874 2078 1
1664 537 1
1664 6383 1
1664 4298 1
1664 10588 1
1664 756 1
6768 3994 1
6768 2984 1
3862 2395 1
3862 9605 1
3862 10179 1
3862 9108 1
3862 2970 1
1914 1204 1
1914 3381 1
2736 3840 1
2736 5246 1
9700 7911 1
9700 1270 1
3939 8419 1
1190 1303 1
2013 10840 1
3659 1229 1
3659 4432 1
3659 10974 1
3659 8736 1
3659 1877 1
5543 4937 1
5543 3814 1
5543 5260 1
8246 2639 1
8246 8197 1
8246 1096 1
8246 1727 1
8246 4397 1
4019 1987 1
4019 6803 1
4019 4818 1
4019 5244 1
4019 2691 1
10983 1482 1
10983 11068 1
10983 2078 1
9680 10678 1
9680 3994 1
7211 1190 1
7211 8802 1
2418 2819 1
2418 1341 1
2418 1229 1
2418 2406 1
6723 1958 1
6723 8716 1
6723 10874 1
6723 9681 1
6723 2552 1
582 1818 1
582 10985 1
582 2015 1
582 1066 1
7546 1987 1
7546 7057 1
7546 7432 1
7546 2691 1
7740 4069 1
7740 4480 1
7740 8988 1
8658 7368 1
8658 11123 1
8658 7453 1
6917 4610 1
6917 7159 1
6917 7910 1
6917 2664 1
6917 5527 1
2972 4328 1
2972 6491 1
2972 4180 1
1433 8669 1
1433 6060 1
1433 7824 1
1433 983 1
6336 10961 1
6336 6311 1
6336 6849 1
6336 2434 1
10179 2243 1
10179 9296 1
10179 11132 1
10179 2791 1
3215 2198 1
3215 5103 1
3215 7746 1
3215 5119 1
3215 2864 1
5589 9011 1
5589 3630 1
5589 5056 1
5589 9400 1
9071 1482 1
9071 11173 1
9071 8827 1
9071 1934 1
7330 4782 1
7330 7383 1
7330 5696 1
7330 1426 1
3630 10837 1
3630 5589 1
5276 5332 1
1162 2620 1
1162 3049 1
1162 7768 1
1162 7395 1
6193 8640 1
6193 2487 1
6193 2823 1
2901 6177 1
2078 1882 1
2078 4757 1
2078 6874 1
2078 3597 1
1525 4852 1
1525 7174 1
8476 7494 1
8476 2286 1
8476 10961 1
8476 6311 1
8476 2605 1
1892 497 1
1892 7359 1
1892 4766 1
1892 6194 1
1892 678 1
2620 2372 1
2620 1162 1
4361 8014 1
4361 2467 1
9169 3572 1
9169 10418 1
9169 10260 1
4827 9482 1
4827 2605 1
1088 1934 1
1088 5968 1
1088 10487 1
9793 10235 1
6311 8476 1
6311 6336 1
1373 7253 1
1373 5881 1
1373 1233 1
1373 4747 1
1373 2343 1
10909 4610 1
10909 10976 1
10909 9640 1
10909 2664 1
10909 5527 1
2209 10613 1
2209 1727 1
2209 5191 1
5299 10967 1
5299 2846 1
3653 3424 1
3653 7373 1
3653 10086 1
4476 2177 1
2404 5687 1
2404 4040 1
11109 4097 1
11109 10882 1
11109 1688 1
11109 2363 1
11109 6691 1
1991 9204 1
1991 2691 1
1991 8002 1
1991 6376 1
1991 2307 1
2285 6489 1
2285 8277 1
2285 3699 1
2285 3099 1
7223 7494 1
5577 3165 1
2190 2195 1
2190 7876 1
2190 3947 1
2015 1368 1
2015 8197 1
8604 8285 1
8604 11125 1
8604 2286 1
3534 3401 1
3534 3788 1
3534 6392 1
3534 5910 1
8837 3275 1
8837 2318 1
8837 1387 1
7096 4814 1
7096 2552 1
9731 1987 1
9731 7057 1
9731 10528 1
9731 7432 1
9731 2691 1
8666 3062 1
8666 9169 1
8666 10912 1
8666 10850 1
1797 6678 1
1797 10837 1
7020 8395 1
7020 2877 1
7020 4128 1
4482 4480 1
4482 10091 1
4482 4606 1
4482 2175 1
4482 5971 1
6223 6997 1
6223 4801 1
6223 11187 1
6223 2339 1
2788 542 1
2788 5355 1
2788 7867 1
2788 7530 1
2788 818 1
6612 1090 1
6612 322 1
4371 2055 1
4371 9555 1
10765 5824 1
10765 8014 1
10765 11068 1
10765 1208 1
4018 2395 1
4018 10628 1
4018 10179 1
4018 6595 1
4018 2970 1
9779 3457 1
9779 2127 1
9779 4079 1
9779 486 1
8770 5206 1
9454 8523 1
9454 1354 1
9454 2505 1
9454 5824 1
4393 5435 1
7875 8949 1
7875 2275 1
7875 5260 1
6229 2192 1
9426 4180 1
11167 4610 1
11167 10976 1
11167 9640 1
11167 2664 1
11167 5527 1
6713 2137 1
10828 7639 1
10828 1180 1
10828 3993 1
6304 5366 1
1482 7432 1
1482 2695 1
1482 3011 1
1482 10983 1
1482 3092 1
486 2127 1
486 3457 1
486 4079 1
486 9779 1
3498 8160 1
3960 7201 1
3960 1204 1
478 4135 1
478 5295 1
478 10723 1
478 5048 1
478 10546 1
5795 6517 1
5795 6080 1
5795 7592 1
11026 8383 1
6936 1482 1
6936 10983 1
6936 7432 1
6936 1934 1
9136 4042 1
9136 11093 1
9136 1810 1
9136 2545 1
9136 6229 1
1248 1152 1
1248 1965 1
1248 3478 1
1248 5451 1
1248 5894 1
6471 5882 1
6471 6849 1
6471 8383 1
8746 7956 1
8746 8581 1
8746 6823 1
8746 6621 1
6153 3638 1
6153 4811 1
6525 537 1
6525 4661 1
6525 4115 1
6525 8736 1
6525 678 1
10007 6892 1
10007 3653 1
10007 4898 1
11064 3659 1
11064 10813 1
8041 6525 1
8041 1252 1
8041 1151 1
8041 2044 1
8041 10886 1
3103 3180 1
3103 6076 1
2136 4236 1
11094 8385 1
9175 2703 1
9175 7373 1
3414 4971 1
3414 8014 1
3414 5564 1
6896 7174 1
6896 1798 1
1299 2647 1
8777 11007 1
8777 1351 1
8777 4253 1
8777 7171 1
9753 695 1
9753 2605 1
4952 9454 1
4952 2762 1
4952 2411 1
4952 3381 1
4952 5260 1
6715 2505 1
6715 8316 1
6715 10235 1
6715 9108 1
6715 3197 1
8456 6737 1
8456 322 1
8456 3623 1
8456 3993 1
10528 1152 1
10528 7857 1
10528 6821 1
10528 5926 1
10235 10086 1
10235 8565 1
10235 2004 1
2055 4371 1
2055 2004 1
2055 7373 1
10219 6908 1
2846 1767 1
6328 6938 1
6328 10149 1
6328 8756 1
6328 2466 1
4842 1767 1
4842 4947 1
4842 9887 1
4842 2601 1
8324 5968 1
6678 7530 1
6678 10837 1
6678 1797 1
2101 4091 1
5926 5241 1
5926 10278 1
5926 6489 1
10326 4476 1
10326 895 1
10326 1664 1
5103 1904 1
5103 10849 1
5103 5326 1
5103 7814 1
5103 2484 1
7609 10292 1
7609 8575 1
7609 8640 1
7609 3286 1
8762 4480 1
8762 7710 1
8762 9427 1
8762 2175 1
8762 5016 1
6293 2639 1
6293 1096 1
6293 1727 1
6293 4397 1
5899 2209 1
5899 10591 1
5899 9235 1
5899 7215 1
5899 3097 1
5910 3788 1
5910 8229 1
5910 1717 1
5910 2097 1
5910 4998 1
1411 2846 1
1411 8670 1
3934 5882 1
3934 6849 1
2288 2380 1
2288 4387 1
4705 4937 1
4705 5715 1
4705 2762 1
9928 2842 1
9928 6391 1
9075 2796 1
6606 4180 1
4865 5016 1
4865 6392 1
4865 2466 1
8347 6374 1
8347 3193 1
8347 1836 1
8347 5225 1
8347 8160 1
4870 3062 1
4870 11132 1
4870 6525 1
5191 2175 1
5191 10539 1
5191 10123 1
5191 8767 1
5191 2848 1
7660 2339 1
7660 8523 1
7660 7370 1
7660 8079 1
7660 3572 1
1090 6612 1
1090 322 1
2831 1987 1
2831 6109 1
2831 10397 1
2831 2691 1
2008 10976 1
2008 2880 1
2008 1965 1
2008 6769 1
4373 2796 1
7665 7194 1
7665 10380 1
10609 1172 1
10609 5969 1
10609 10292 1
10609 2071 1
4335 6917 1
4335 5501 1
4335 7275 1
4335 2664 1
4335 11167 1
7171 2388 1
7171 10974 1
7171 6196 1
7171 9939 1
3170 2289 1
3170 9605 1
3170 9333 1
3170 6648 1
3170 2880 1
5263 1914 1
5263 1204 1
7732 5792 1
7732 3915 1
7732 7876 1
10033 7020 1
10033 2877 1
10033 4128 1
6266 1677 1
2151 2902 1
2151 1689 1
2151 954 1
7912 2291 1
1906 834 1
1906 10353 1
1906 6795 1
5010 8401 1
5010 11125 1
5010 1677 1
10233 3100 1
10233 8345 1
10233 3840 1
1180 10828 1
1180 4782 1
4042 6229 1
4042 1810 1
4042 2545 1
4042 11087 1
11006 483 1
11006 4357 1
11006 3951 1
11006 6239 1
11006 629 1
2776 8640 1
2776 1755 1
2776 10292 1
9740 5824 1
9740 1365 1
9740 2401 1
3986 1717 1
3986 10311 1
3986 6398 1
3986 7867 1
3986 2371 1
5130 10528 1
5130 8071 1
5130 3317 1
2289 8712 1
2289 2970 1
2289 5295 1
2289 7457 1
7816 2175 1
7816 10091 1
7816 5503 1
7816 10031 1
7816 2877 1
4334 7920 1
4334 1814 1
4334 9712 1
6803 7057 1
6803 2058 1
3424 10086 1
3424 9175 1
3424 3653 1
7634 2291 1
7634 2754 1
7634 7370 1
5893 5420 1
5893 3136 1
2411 3381 1
2411 3915 1
2411 10374 1
10581 1816 1
5358 5420 1
5358 3136 1
9275 1252 1
9275 6642 1
9275 10654 1
9275 10850 1
2508 1958 1
2508 9873 1
2508 7618 1
2508 6391 1
2508 4104 1
3046 3406 1
8269 1806 1
8269 6391 1
8269 8565 1
8729 4497 1
8729 8201 1
10850 4128 1
10850 8239 1
10850 11007 1
10850 4931 1
2145 2015 1
2145 4720 1
2145 6518 1
2145 4601 1
2145 3081 1
7368 7453 1
7368 6055 1
7368 11123 1
7368 8658 1
4076 5138 1
4076 2149 1
4076 2467 1
5817 5970 1
5817 671 1
5817 2768 1
5817 7945 1
3041 8886 1
3041 3621 1
3041 3992 1
3041 1274 1
5664 3736 1
5664 5873 1
5664 1543 1
9146 497 1
9146 4483 1
9146 4104 1
9146 6572 1
9146 629 1
9969 5665 1
9969 4228 1
9969 3290 1
9969 2477 1
2662 3747 1
2662 4761 1
2662 4937 1
2662 10158 1
8461 5470 1
8461 9026 1
6815 9740 1
6815 2876 1
6815 10167 1
2954 10253 1
2954 7598 1
2954 1152 1
2954 1365 1
2954 10031 1
8271 9417 1
8271 4938 1
8271 5420 1
1453 512 1
1453 1365 1
3752 10901 1
3752 4479 1
3752 4938 1
3752 2070 1
11068 1173 1
11068 7432 1
11068 6376 1
11068 1482 1
2363 8738 1
2363 10912 1
2363 2162 1
2363 7494 1
2363 4149 1
3866 2601 1
3866 8959 1
3866 4842 1
3866 3372 1
384 3611 1
384 9147 1
384 3164 1
384 11176 1
7212 2484 1
7212 10989 1
7212 10129 1
7212 9441 1
7212 2921 1
9681 1958 1
9681 6918 1
9681 9015 1
9681 10123 1
9681 2552 1
10613 6099 1
10613 2877 1
10613 2827 1
10613 3097 1
10613 8779 1
1560 9605 1
1560 7805 1
1560 7455 1
1128 1418 1
1128 4743 1
1128 3110 1
1128 7354 1
1128 4664 1
4610 1664 1
4610 9011 1
4610 10699 1
4610 6043 1
4610 2275 1
7902 6224 1
7902 1780 1
7902 5868 1
5956 3263 1
5956 1560 1
10943 10292 1
10943 1274 1
10943 1971 1
5182 2601 1
5182 8959 1
5182 6576 1
5182 3372 1
1700 4565 1
1700 4937 1
1700 4098 1
1700 4679 1
1700 9245 1
7027 5420 1
8898 4159 1
8898 8988 1
8898 6489 1
8898 3670 1
8898 3136 1
1934 1834 1
1934 6653 1
1934 7845 1
1934 3589 1
5954 7640 1
7695 542 1
7695 5318 1
7695 4536 1
7695 7663 1
7695 818 1
2993 9805 1
2993 1150 1
2993 7709 1
1252 4128 1
1252 7505 1
1252 2877 1
1252 11052 1
2197 7904 1
2197 2135 1
6425 9487 1
6425 7842 1
6432 8380 1
6432 2601 1
6432 3539 1
6432 7048 1
4691 8383 1
4691 6849 1
4691 6471 1
5100 5314 1
4896 10590 1
4896 3406 1
4896 7260 1
1444 5276 1
1444 3227 1
9041 8901 1
9041 9374 1
9041 4724 1
5559 4480 1
5559 10525 1
5559 8762 1
5559 2175 1
5559 5016 1
2077 7339 1
2077 3813 1
2077 6391 1
2077 6935 1
4661 542 1
4661 4536 1
4661 6923 1
4661 818 1
8303 1958 1
8303 6918 1
8303 10792 1
8303 2552 1
5534 2791 1
5534 8410 1
5534 6642 1
5534 3326 1
10757 10605 1
10757 6894 1
10757 3391 1
7465 2362 1
7465 1422 1
7465 839 1
3509 3675 1
3509 2401 1
5326 2198 1
5326 9899 1
5326 9441 1
5326 9796 1
5326 2864 1
1818 8197 1
1818 4840 1
1818 5807 1
1818 8942 1
1818 5878 1
2657 4605 1
2657 7824 1
2657 1526 1
2657 7702 1
3822 3275 1
3822 4840 1
3822 1066 1
3822 730 1
7842 6924 1
7842 9487 1
7842 10767 1
7842 6425 1
7842 5727 1
6101 1564 1
6101 10792 1
6101 8233 1
6101 2508 1
1075 9294 1
1075 1066 1
1075 6127 1
1075 3921 1
1075 4088 1
7824 4304 1
7824 1196 1
7824 1066 1
7824 1433 1
7824 8973 1
2886 3830 1
2886 1575 1
4289 9454 1
4289 5260 1
2548 3289 1
2548 10305 1
2548 2145 1
2548 4720 1
2548 3292 1
934 9743 1
934 10634 1
10260 4130 1
10260 9272 1
10260 1749 1
3296 9164 1
3296 2339 1
3296 1934 1
3296 9124 1
1762 2466 1
1762 11064 1
1762 9573 1
1762 8626 1
5244 1987 1
5244 10809 1
5244 6803 1
5244 2691 1
3503 9185 1
3503 4766 1
3503 4128 1
5877 1489 1
5877 2614 1
7618 1958 1
7618 6918 1
7618 8282 1
7618 8882 1
7618 2552 1
1572 5675 1
9887 7598 1
9887 10850 1
9887 1365 1
4854 7924 1
4854 3316 1
4854 3145 1
4854 7929 1
7922 2097 1
7922 8754 1
7922 2988 1
2984 3994 1
2984 3108 1
2984 5467 1
2984 7454 1
2984 8148 1
1310 3414 1
1310 6412 1
1310 7869 1
1310 353 1
4792 7920 1
4792 8407 1
4792 2082 1
4792 1770 1
8407 5322 1
8407 1771 1
8407 1770 1
1920 10813 1
1920 11084 1
1920 5986 1
1920 6912 1
5750 5437 1
10973 8450 1
10973 2771 1
10973 2134 1
10973 3488 1
10973 8331 1
1602 7110 1
1602 5906 1
1602 2089 1
1602 1634 1
1602 4321 1
6825 2227 1
6825 2008 1
5084 10757 1
5084 9739 1
5084 10952 1
3058 9141 1
3058 8565 1
3058 1233 1
3058 2535 1
3058 5016 1
11158 10620 1
11158 2605 1
3398 9282 1
3398 144 1
3398 5735 1
3398 1351 1
6843 7404 1
6843 6471 1
6843 5968 1
6843 9482 1
4040 2851 1
4040 2404 1
4040 4480 1
4040 5687 1
5781 9876 1
5781 2463 1
5781 2380 1
2406 10964 1
2406 1341 1
2406 1229 1
2406 9218 1
2406 6642 1
9286 9072 1
9286 3392 1
9286 6737 1
9286 4454 1
581 8946 1
581 10913 1
581 404 1
581 4965 1
2322 7945 1
2322 8187 1
2322 7768 1
2322 7660 1
2322 4379 1
3197 2339 1
3197 7147 1
3197 7945 1
3197 5617 1
3197 9733 1
10604 7373 1
10604 2055 1
10604 2004 1
10604 3653 1
3327 2395 1
3327 9602 1
3327 3510 1
3327 10487 1
3327 2970 1
3623 3517 1
3623 6224 1
3623 6383 1
3623 7308 1
1882 7432 1
1882 9374 1
1882 11173 1
1882 4019 1
1882 3092 1
10913 1731 1
10913 7389 1
10913 9937 1
2683 2881 1
10759 5540 1
10759 9468 1
10759 2851 1
10759 4180 1
10759 6576 1
9050 8767 1
9050 4886 1
9050 4104 1
9050 6255 1
1096 2639 1
1096 2426 1
1096 5387 1
1096 9148 1
3178 2886 1
3178 1677 1
10794 10034 1
10794 2072 1
10794 4408 1
10794 6180 1
2089 4321 1
2089 6803 1
2089 5906 1
2089 8395 1
2089 1602 1
3830 10994 1
3830 7161 1
3830 2886 1
10730 9920 1
10730 4309 1
10730 9448 1
10730 4800 1
4394 9787 1
4394 4154 1
4394 3127 1
4394 6642 1
4394 1541 1
11168 2964 1
11168 2754 1
11168 3875 1
11168 9123 1
1303 8988 1
1303 10021 1
1303 4624 1
1303 3920 1
1303 4159 1
7848 10366 1
7848 5237 1
7848 1274 1
3353 5056 1
3353 6795 1
3353 9011 1
3353 2880 1
3353 2806 1
6835 5499 1
6835 2097 1
6835 1715 1
6835 3010 1
6835 10263 1
2516 9146 1
2516 8998 1
2516 6525 1
5998 9799 1
5998 2129 1
5998 3045 1
5998 4091 1
775 6327 1
775 5225 1
775 9070 1
775 1151 1
775 10691 1
10936 9486 1
10936 10913 1
10936 2698 1
5713 1971 1
5713 4677 1
5713 5002 1
5713 1274 1
6536 2492 1
6536 8197 1
6536 10869 1
6536 1368 1
7095 5441 1
7095 1681 1
7095 1671 1
7095 2255 1
7095 8013 1
3613 8229 1
3613 7297 1
9374 1987 1
9374 6803 1
9374 9041 1
9374 9446 1
9374 2691 1
9044 4870 1
9044 10374 1
9044 9872 1
9044 1746 1
9044 6228 1
8848 4042 1
8848 11093 1
8848 1810 1
8848 2545 1
8848 6229 1
9129 4078 1
9129 3165 1
8855 2564 1
8855 4570 1
8855 4078 1
8855 9315 1
8855 573 1
6137 1987 1
6137 11173 1
6137 2691 1
2127 4079 1
2127 3457 1
2127 4003 1
2127 9779 1
2127 486 1
4079 3457 1
4079 2127 1
4079 6926 1
4079 486 1
8242 10812 1
8242 2881 1
8242 2770 1
8242 8317 1
9983 1843 1
9983 1700 1
9983 2729 1
9983 9814 1
8432 10235 1
8432 2004 1
8432 2945 1
8432 7299 1
6691 3086 1
6691 11109 1
6691 7494 1
6691 10487 1
6691 4097 1
10173 1016 1
10173 2069 1
10173 8430 1
7297 8515 1
7297 982 1
7297 3062 1
7297 8684 1
954 10707 1
6177 2901 1
6960 7307 1
6960 8670 1
6960 6818 1
6960 4387 1
3478 1904 1
3478 3720 1
3478 4073 1
3478 8872 1
3478 2484 1
6770 414 1
6770 4264 1
6770 3772 1
6770 5881 1
6770 583 1
1826 7798 1
1826 10604 1
1826 9175 1
1826 10086 1
5308 3136 1
5308 5770 1
5308 1190 1
6971 9796 1
6971 5328 1
6971 6257 1
8712 2395 1
8712 7977 1
8712 9594 1
8712 8316 1
8712 2970 1
5230 1082 1
5230 10152 1
5230 10882 1
8737 6489 1
8737 4645 1
1773 4624 1
1773 10021 1
1773 3028 1
1773 4159 1
1773 1303 1
4344 10634 1
5642 2954 1
5642 6769 1
5642 8229 1
7383 5696 1
7383 9528 1
7383 7330 1
7383 8973 1
7383 3421 1
376 4357 1
376 2709 1
376 4042 1
376 2192 1
376 2796 1
3858 1535 1
3858 10609 1
3858 4349 1
3858 6101 1
3858 2238 1
8949 2734 1
8949 9387 1
6970 1987 1
6970 7432 1
6970 10397 1
6970 7719 1
6970 2691 1
9033 2395 1
9033 7977 1
9033 9594 1
9033 8316 1
9033 2970 1
7387 3975 1
7387 8575 1
9797 6253 1
9797 2136 1
9797 9424 1
6914 5824 1
6376 1541 1
6376 9204 1
6376 7546 1
6376 2223 1
11152 1971 1
11152 1422 1
9506 4476 1
9506 8199 1
9506 4228 1
9506 2177 1
6571 8342 1
6571 3814 1
6571 5936 1
6571 10170 1
1348 9246 1
1348 3242 1
5444 7288 1
5444 4356 1
5444 3062 1
5444 9992 1
5444 1208 1
1962 8575 1
1962 3286 1
8197 2639 1
8197 9925 1
8197 1096 1
8197 1727 1
8197 4397 1
7057 1987 1
7057 9731 1
7057 9374 1
7057 9071 1
7057 2691 1
8951 1351 1
8951 4452 1
8951 10667 1
9007 2948 1
9007 7147 1
9007 6415 1
9007 10091 1
5950 6999 1
5950 8058 1
5950 9080 1
5950 3531 1
4332 5882 1
4332 4239 1
4332 3611 1
4332 4985 1
9555 594 1
9555 6483 1
1774 4570 1
1774 5064 1
1774 2564 1
1774 4808 1
1774 6125 1
7639 2157 1
7639 3302 1
7639 10828 1
5898 2876 1
5898 11187 1
5898 9817 1
5898 8949 1
5898 3625 1
3230 8657 1
3230 6737 1
3230 9589 1
3230 4606 1
3230 873 1
5714 3834 1
5714 4978 1
5714 4766 1
5714 1442 1
4027 1987 1
4027 4818 1
4027 8827 1
4027 2691 1
2286 6700 1
2286 8476 1
2286 9871 1
2286 8604 1
1460 7064 1
1460 6923 1
1460 8507 1
1460 2498 1
1749 7992 1
1749 1443 1
1749 10882 1
1749 7843 1
5080 2492 1
5080 5573 1
5080 10985 1
5080 1727 1
1836 4948 1
1836 7228 1
1836 1634 1
1836 6341 1
1836 9497 1
6228 3193 1
6228 8919 1
6228 9169 1
6228 6362 1
6228 5225 1
3318 5714 1
3318 7782 1
3318 1986 1
3318 6510 1
3318 4766 1
10725 9732 1
10725 4987 1
10725 4387 1
10725 7194 1
7804 8767 1
7804 6362 1
7804 6255 1
7804 7432 1
7804 9050 1
2684 1987 1
2684 7057 1
2684 6109 1
2684 10143 1
2684 7432 1
3638 6153 1
3638 9272 1
3638 4811 1
6125 4766 1
6125 4366 1
1983 4971 1
1983 8528 1
4987 5647 1
4987 2162 1
4987 7218 1
8756 1341 1
8756 6328 1
8756 9468 1
8756 10886 1
7788 7494 1
7788 4097 1
6047 4180 1
6047 1658 1
6047 2291 1
10683 8337 1
10683 5206 1
10683 5350 1
7400 2943 1
7400 8987 1
7400 7530 1
7400 4135 1
2177 11033 1
2177 3836 1
2177 1934 1
2177 6849 1
2177 9506 1
7946 4842 1
7946 8883 1
7946 1190 1
7946 2954 1
7946 7215 1
6205 1350 1
6205 1812 1
