0.0000 0.0336 0.2412 0.0762 0.0920 0.3131 0.2237 0.0201 0.0001 0.0000 0.0000 0.0000 0.0000 0.0000 0.0000 0.0000 0.0000 0.0000 0.0000 0.0000 0.0000 0.0000 0.0000 0.0000 0.0000 0.0000 LandmarkDApsp_500
0.0000 0.0302 0.2257 0.0884 0.0898 0.2964 0.2393 0.0300 0.0002 0.0000 0.0000 0.0000 0.0000 0.0000 0.0000 0.0000 0.0000 0.0000 0.0000 0.0000 0.0000 0.0000 0.0000 0.0000 0.0000 0.0000 LandmarkDApsp_1000
0.0000 0.0282 0.2244 0.0905 0.1454 0.3184 0.1798 0.0132 0.0001 0.0000 0.0000 0.0000 0.0000 0.0000 0.0000 0.0000 0.0000 0.0000 0.0000 0.0000 0.0000 0.0000 0.0000 0.0000 0.0000 0.0000 LandmarkDApsp_2000
0.0000 0.0005 0.0113 0.0314 0.1468 0.3404 0.2895 0.1396 0.0346 0.0055 0.0004 0.0000 0.0000 0.0000 0.0000 0.0000 0.0000 0.0000 0.0000 0.0000 0.0000 0.0000 0.0000 0.0000 0.0000 0.0000 LandmarkUApsp_500
0.0000 0.0004 0.0107 0.0254 0.0958 0.2561 0.3453 0.1935 0.0571 0.0145 0.0012 0.0000 0.0000 0.0000 0.0000 0.0000 0.0000 0.0000 0.0000 0.0000 0.0000 0.0000 0.0000 0.0000 0.0000 0.0000 LandmarkUApsp_1000
0.0000 0.0004 0.0087 0.0189 0.0586 0.1887 0.3743 0.2648 0.0699 0.0140 0.0018 0.0001 0.0000 0.0000 0.0000 0.0000 0.0000 0.0000 0.0000 0.0000 0.0000 0.0000 0.0000 0.0000 0.0000 0.0000 LandmarkUApsp_2000
0.0000 0.0041 0.0049 0.0054 0.0060 0.0065 0.0070 0.0075 0.0080 0.0084 0.0089 0.0094 0.0099 0.0103 0.0108 0.0113 0.0119 0.0124 0.0130 0.0134 0.0139 0.0143 0.0148 0.0154 0.0155 0.0156 RandomWalk_500
0.0000 0.0022 0.0031 0.0041 0.0057 0.0076 0.0103 0.0136 0.0177 0.0220 0.0262 0.0297 0.0321 0.0334 0.0336 0.0329 0.0318 0.0302 0.0286 0.0271 0.0258 0.0249 0.0240 0.0232 0.0222 0.0211 RandomWalk_1000
0.0000 0.0011 0.0018 0.0028 0.0048 0.0082 0.0137 0.0212 0.0298 0.0378 0.0436 0.0465 0.0467 0.0447 0.0413 0.0369 0.0319 0.0271 0.0228 0.0191 0.0161 0.0137 0.0118 0.0103 0.0091 0.0082 RandomWalk_2000
0.0000 0.0051 0.0170 0.0285 0.0626 0.1067 0.1731 0.2338 0.3208 0.0274 0.0251 0.0000 0.0000 0.0000 0.0000 0.0000 0.0000 0.0000 0.0000 0.0000 0.0000 0.0000 0.0000 0.0000 0.0000 0.0000 Snowball_500
0.0000 0.0025 0.0082 0.0221 0.0547 0.1035 0.1520 0.1852 0.1988 0.1780 0.0951 0.0000 0.0000 0.0000 0.0000 0.0000 0.0000 0.0000 0.0000 0.0000 0.0000 0.0000 0.0000 0.0000 0.0000 0.0000 Snowball_1000
0.0000 0.0011 0.0035 0.0083 0.0219 0.0464 0.0966 0.1494 0.2297 0.2101 0.2270 0.0053 0.0006 0.0000 0.0000 0.0000 0.0000 0.0000 0.0000 0.0000 0.0000 0.0000 0.0000 0.0000 0.0000 0.0000 Snowball_2000
0.0000 0.0336 0.2750 0.0697 0.4187 0.1919 0.0111 0.0000 0.0000 0.0000 0.0000 0.0000 0.0000 0.0000 0.0000 0.0000 0.0000 0.0000 0.0000 0.0000 0.0000 0.0000 0.0000 0.0000 0.0000 0.0000 LCC_Landmark_Degree_500_subset.txt
0.0000 0.0302 0.2749 0.0687 0.4358 0.1814 0.0090 0.0000 0.0000 0.0000 0.0000 0.0000 0.0000 0.0000 0.0000 0.0000 0.0000 0.0000 0.0000 0.0000 0.0000 0.0000 0.0000 0.0000 0.0000 0.0000 LCC_Landmark_Degree_1000_subset.txt
0.0000 0.0282 0.2702 0.0714 0.4294 0.1899 0.0108 0.0000 0.0000 0.0000 0.0000 0.0000 0.0000 0.0000 0.0000 0.0000 0.0000 0.0000 0.0000 0.0000 0.0000 0.0000 0.0000 0.0000 0.0000 0.0000 LCC_Landmark_Degree_2000_subset.txt
0.0000 0.0005 0.0155 0.0836 0.4665 0.4055 0.0277 0.0008 0.0000 0.0000 0.0000 0.0000 0.0000 0.0000 0.0000 0.0000 0.0000 0.0000 0.0000 0.0000 0.0000 0.0000 0.0000 0.0000 0.0000 0.0000 LCC_Landmark_Uniform_500_subset.txt
0.0000 0.0004 0.0159 0.0843 0.4569 0.4130 0.0284 0.0011 0.0000 0.0000 0.0000 0.0000 0.0000 0.0000 0.0000 0.0000 0.0000 0.0000 0.0000 0.0000 0.0000 0.0000 0.0000 0.0000 0.0000 0.0000 LCC_Landmark_Uniform_1000_subset.txt
0.0000 0.0004 0.0155 0.0877 0.4686 0.3984 0.0282 0.0012 0.0000 0.0000 0.0000 0.0000 0.0000 0.0000 0.0000 0.0000 0.0000 0.0000 0.0000 0.0000 0.0000 0.0000 0.0000 0.0000 0.0000 0.0000 LCC_Landmark_Uniform_2000_subset.txt
0.0000 0.0227 0.2752 0.1540 0.3858 0.1609 0.0014 0.0000 0.0000 0.0000 0.0000 0.0000 0.0000 0.0000 0.0000 0.0000 0.0000 0.0000 0.0000 0.0000 0.0000 0.0000 0.0000 0.0000 0.0000 0.0000 LCC_Randomwalk_500_subset.txt
0.0000 0.0463 0.4056 0.1228 0.2851 0.1381 0.0022 0.0000 0.0000 0.0000 0.0000 0.0000 0.0000 0.0000 0.0000 0.0000 0.0000 0.0000 0.0000 0.0000 0.0000 0.0000 0.0000 0.0000 0.0000 0.0000 LCC_Randomwalk_1000_subset.txt
0.0000 0.0372 0.4475 0.1003 0.2505 0.1564 0.0082 0.0000 0.0000 0.0000 0.0000 0.0000 0.0000 0.0000 0.0000 0.0000 0.0000 0.0000 0.0000 0.0000 0.0000 0.0000 0.0000 0.0000 0.0000 0.0000 LCC_Randomwalk_2000_subset.txt
0.0000 0.0066 0.0393 0.2078 0.5382 0.2065 0.0016 0.0000 0.0000 0.0000 0.0000 0.0000 0.0000 0.0000 0.0000 0.0000 0.0000 0.0000 0.0000 0.0000 0.0000 0.0000 0.0000 0.0000 0.0000 0.0000 LCC_Snowball_500_subset.txt
0.0000 0.0249 0.1897 0.1811 0.4352 0.1675 0.0017 0.0000 0.0000 0.0000 0.0000 0.0000 0.0000 0.0000 0.0000 0.0000 0.0000 0.0000 0.0000 0.0000 0.0000 0.0000 0.0000 0.0000 0.0000 0.0000 LCC_Snowball_1000_subset.txt
0.0000 0.0019 0.0232 0.1966 0.5534 0.2228 0.0022 0.0000 0.0000 0.0000 0.0000 0.0000 0.0000 0.0000 0.0000 0.0000 0.0000 0.0000 0.0000 0.0000 0.0000 0.0000 0.0000 0.0000 0.0000 0.0000 LCC_Snowball_2000_subset.txt
