0.0000 0.0810 0.2335 0.2569 0.2212 0.1264 0.0546 0.0187 0.0058 0.0016 0.0004 0.0001 0.0000 0.0000 0.0000 0.0000 0.0000 0.0000 0.0000 0.0000 0.0000 0.0000 0.0000 0.0000 0.0000 0.0000 LandmarkDApsp_500
0.0000 0.0573 0.2277 0.2709 0.2317 0.1227 0.0572 0.0224 0.0075 0.0021 0.0005 0.0001 0.0000 0.0000 0.0000 0.0000 0.0000 0.0000 0.0000 0.0000 0.0000 0.0000 0.0000 0.0000 0.0000 0.0000 LandmarkDApsp_1000
0.0000 0.0280 0.1782 0.2919 0.2630 0.1424 0.0608 0.0243 0.0082 0.0025 0.0006 0.0001 0.0000 0.0000 0.0000 0.0000 0.0000 0.0000 0.0000 0.0000 0.0000 0.0000 0.0000 0.0000 0.0000 0.0000 LandmarkDApsp_2000
0.0000 0.0023 0.0194 0.0677 0.1152 0.2001 0.2202 0.1679 0.1042 0.0575 0.0271 0.0117 0.0046 0.0015 0.0005 0.0002 0.0000 0.0000 0.0000 0.0000 0.0000 0.0000 0.0000 0.0000 0.0000 0.0000 LandmarkUApsp_500
0.0000 0.0018 0.0142 0.0500 0.1053 0.1839 0.2111 0.1785 0.1225 0.0701 0.0349 0.0161 0.0069 0.0028 0.0011 0.0004 0.0002 0.0001 0.0000 0.0000 0.0000 0.0000 0.0000 0.0000 0.0000 0.0000 LandmarkUApsp_1000
0.0000 0.0019 0.0125 0.0451 0.1058 0.1793 0.2117 0.1843 0.1261 0.0713 0.0355 0.0158 0.0066 0.0025 0.0009 0.0004 0.0001 0.0000 0.0000 0.0000 0.0000 0.0000 0.0000 0.0000 0.0000 0.0000 LandmarkUApsp_2000
0.0000 0.0050 0.0096 0.0165 0.0271 0.0413 0.0575 0.0709 0.0769 0.0750 0.0685 0.0611 0.0544 0.0483 0.0433 0.0386 0.0346 0.0310 0.0283 0.0264 0.0246 0.0224 0.0198 0.0169 0.0140 0.0114 RandomWalk_500
0.0000 0.0031 0.0089 0.0242 0.0534 0.0835 0.0998 0.1018 0.0938 0.0841 0.0749 0.0655 0.0572 0.0498 0.0421 0.0340 0.0262 0.0200 0.0153 0.0121 0.0100 0.0081 0.0064 0.0051 0.0043 0.0036 RandomWalk_1000
0.0000 0.0020 0.0107 0.0397 0.0810 0.1104 0.1216 0.1222 0.1151 0.1004 0.0818 0.0634 0.0476 0.0345 0.0239 0.0160 0.0104 0.0066 0.0041 0.0025 0.0016 0.0011 0.0009 0.0008 0.0006 0.0004 RandomWalk_2000
0.0000 0.0075 0.0265 0.0703 0.1391 0.1930 0.2080 0.1682 0.1059 0.0474 0.0193 0.0085 0.0039 0.0015 0.0007 0.0002 0.0000 0.0000 0.0000 0.0000 0.0000 0.0000 0.0000 0.0000 0.0000 0.0000 Snowball_500
0.0000 0.0039 0.0143 0.0408 0.0982 0.1766 0.2290 0.2118 0.1397 0.0631 0.0184 0.0037 0.0004 0.0000 0.0000 0.0000 0.0000 0.0000 0.0000 0.0000 0.0000 0.0000 0.0000 0.0000 0.0000 0.0000 Snowball_1000
0.0000 0.0029 0.0170 0.0690 0.1703 0.2452 0.2329 0.1562 0.0739 0.0254 0.0063 0.0009 0.0001 0.0000 0.0000 0.0000 0.0000 0.0000 0.0000 0.0000 0.0000 0.0000 0.0000 0.0000 0.0000 0.0000 Snowball_2000
0.0000 0.0810 0.2809 0.3257 0.2129 0.0772 0.0184 0.0034 0.0005 0.0000 0.0000 0.0000 0.0000 0.0000 0.0000 0.0000 0.0000 0.0000 0.0000 0.0000 0.0000 0.0000 0.0000 0.0000 0.0000 0.0000 LCC_Landmark_Degree_500_subset.txt
0.0000 0.0573 0.2526 0.3394 0.2357 0.0879 0.0222 0.0042 0.0007 0.0001 0.0000 0.0000 0.0000 0.0000 0.0000 0.0000 0.0000 0.0000 0.0000 0.0000 0.0000 0.0000 0.0000 0.0000 0.0000 0.0000 LCC_Landmark_Degree_1000_subset.txt
0.0000 0.0280 0.1867 0.3416 0.2858 0.1180 0.0322 0.0066 0.0011 0.0001 0.0000 0.0000 0.0000 0.0000 0.0000 0.0000 0.0000 0.0000 0.0000 0.0000 0.0000 0.0000 0.0000 0.0000 0.0000 0.0000 LCC_Landmark_Degree_2000_subset.txt
0.0000 0.0023 0.0275 0.1372 0.3086 0.3081 0.1546 0.0487 0.0109 0.0018 0.0002 0.0000 0.0000 0.0000 0.0000 0.0000 0.0000 0.0000 0.0000 0.0000 0.0000 0.0000 0.0000 0.0000 0.0000 0.0000 LCC_Landmark_Uniform_500_subset.txt
0.0000 0.0018 0.0239 0.1274 0.2979 0.3122 0.1670 0.0544 0.0127 0.0022 0.0003 0.0000 0.0000 0.0000 0.0000 0.0000 0.0000 0.0000 0.0000 0.0000 0.0000 0.0000 0.0000 0.0000 0.0000 0.0000 LCC_Landmark_Uniform_1000_subset.txt
0.0000 0.0019 0.0240 0.1275 0.2988 0.3147 0.1657 0.0527 0.0122 0.0022 0.0004 0.0000 0.0000 0.0000 0.0000 0.0000 0.0000 0.0000 0.0000 0.0000 0.0000 0.0000 0.0000 0.0000 0.0000 0.0000 LCC_Landmark_Uniform_2000_subset.txt
0.0000 0.1014 0.3456 0.3274 0.1786 0.0416 0.0053 0.0002 0.0000 0.0000 0.0000 0.0000 0.0000 0.0000 0.0000 0.0000 0.0000 0.0000 0.0000 0.0000 0.0000 0.0000 0.0000 0.0000 0.0000 0.0000 LCC_Randomwalk_500_subset.txt
0.0000 0.0682 0.2995 0.3443 0.2221 0.0557 0.0094 0.0009 0.0000 0.0000 0.0000 0.0000 0.0000 0.0000 0.0000 0.0000 0.0000 0.0000 0.0000 0.0000 0.0000 0.0000 0.0000 0.0000 0.0000 0.0000 LCC_Randomwalk_1000_subset.txt
0.0000 0.0308 0.2142 0.3716 0.2782 0.0864 0.0159 0.0025 0.0003 0.0000 0.0000 0.0000 0.0000 0.0000 0.0000 0.0000 0.0000 0.0000 0.0000 0.0000 0.0000 0.0000 0.0000 0.0000 0.0000 0.0000 LCC_Randomwalk_2000_subset.txt
0.0000 0.0626 0.2941 0.3101 0.2239 0.0849 0.0195 0.0043 0.0005 0.0000 0.0000 0.0000 0.0000 0.0000 0.0000 0.0000 0.0000 0.0000 0.0000 0.0000 0.0000 0.0000 0.0000 0.0000 0.0000 0.0000 LCC_Snowball_500_subset.txt
0.0000 0.0200 0.1389 0.3575 0.3360 0.1244 0.0209 0.0020 0.0002 0.0000 0.0000 0.0000 0.0000 0.0000 0.0000 0.0000 0.0000 0.0000 0.0000 0.0000 0.0000 0.0000 0.0000 0.0000 0.0000 0.0000 LCC_Snowball_1000_subset.txt
0.0000 0.0227 0.1884 0.3761 0.2942 0.0989 0.0178 0.0018 0.0001 0.0000 0.0000 0.0000 0.0000 0.0000 0.0000 0.0000 0.0000 0.0000 0.0000 0.0000 0.0000 0.0000 0.0000 0.0000 0.0000 0.0000 LCC_Snowball_2000_subset.txt
