7505 4357 1
4357 10529 1
10529 3523 1
3523 9870 1
9870 7371 1
7371 6383 1
6383 3574 1
3574 9400 1
9400 5439 1
5439 2447 1
2447 629 1
629 6549 1
6549 8523 1
8523 483 1
483 4060 1
4060 11054 1
11054 10123 1
10123 10886 1
10886 5161 1
5161 4877 1
4877 8716 1
8716 7505 1
7505 68 1
68 629 1
629 678 1
678 2447 1
2447 3062 1
3062 1785 1
1785 9605 1
9605 4941 1
4941 10041 1
10041 5611 1
5611 3772 1
3772 2262 1
2262 3344 1
3344 3301 1
3301 2192 1
2192 9100 1
9100 8724 1
8724 6459 1
6459 10091 1
10091 8767 1
8767 4003 1
4003 486 1
486 7965 1
7965 6926 1
6926 8786 1
6926 10123 1
10123 10964 1
10964 2406 1
2406 2819 1
2819 9278 1
9278 9400 1
9400 7359 1
7359 4357 1
4357 4477 1
4477 5241 1
5241 10792 1
10792 972 1
972 9100 1
9100 3022 1
3022 10266 1
10266 2359 1
2359 5424 1
2359 4630 1
4630 10414 1
10414 9879 1
10414 11024 1
10414 2191 1
2191 1613 1
1613 7503 1
7503 9553 1
9553 10816 1
10816 11107 1
11107 822 1
11107 3144 1
3144 4994 1
3144 2499 1
2499 10034 1
10034 2072 1
2072 8482 1
8482 3247 1
3247 587 1
587 461 1
461 2499 1
2499 1226 1
1226 10034 1
10034 6180 1
6180 4408 1
4408 178 1
178 7109 1
7109 2329 1
2329 8004 1
8004 6554 1
6554 9460 1
6554 2329 1
2329 2430 1
2430 9160 1
9160 1087 1
1087 3388 1
3388 2777 1
2777 2982 1
2982 4440 1
4440 11008 1
11008 8054 1
8054 3611 1
3611 8335 1
8335 9141 1
9141 6712 1
6712 10318 1
10318 1785 1
1785 2571 1
2571 678 1
678 437 1
437 7867 1
7867 2447 1
2447 10041 1
10041 7530 1
7530 4766 1
4766 3993 1
3993 2395 1
2395 7066 1
7066 3862 1
3862 8730 1
8730 5163 1
5163 4104 1
4104 3858 1
3858 440 1
3858 6391 1
6391 10123 1
10123 3574 1
3574 10609 1
10609 2737 1
2737 9523 1
9523 11170 1
11170 11060 1
11060 8187 1
8187 3858 1
3858 6239 1
6239 10434 1
10434 629 1
629 3064 1
3064 3317 1
3317 10588 1
10588 8730 1
8730 10172 1
10172 6648 1
6648 4629 1
4629 8153 1
8153 8330 1
8330 5064 1
5064 1937 1
5064 4899 1
4899 7370 1
7370 9602 1
9602 9296 1
9296 1210 1
1210 1806 1
1806 8565 1
8565 3062 1
3062 2238 1
2238 2071 1
2071 6723 1
6723 4119 1
4119 6239 1
6239 4829 1
4829 6918 1
6918 4000 1
4000 2946 1
2946 4954 1
4954 437 1
678 4563 1
4563 6549 1
6549 818 1
818 7505 1
7505 5881 1
5881 4264 1
4264 319 1
319 10292 1
10292 8187 1
8187 4477 1
4477 2262 1
2262 9011 1
9011 49 1
9011 7548 1
7548 8054 1
8054 7494 1
7494 2130 1
2130 6272 1
6272 4911 1
4911 11039 1
11039 2578 1
2578 1403 1
1403 4286 1
4286 2578 1
2578 4168 1
4168 11039 1
11039 6398 1
6398 7043 1
7043 6323 1
6323 6398 1
11039 4801 1
4801 5574 1
5574 11039 1
11039 1802 1
1802 4239 1
4239 5574 1
5574 10726 1
10726 7031 1
7031 2112 1
2112 10726 1
10726 4941 1
4941 7091 1
7091 10792 1
972 3364 1
3364 5657 1
3364 384 1
384 5460 1
5460 6097 1
6097 678 1
678 3022 1
3022 7064 1
7064 2877 1
2877 4278 1
4278 10158 1
10158 6737 1
6737 1688 1
1688 7279 1
7279 2877 1
2877 3570 1
3570 5443 1
5443 993 1
993 5458 1
5458 6391 1
6391 7655 1
7655 6286 1
6286 5442 1
5442 4060 1
4060 2505 1
2505 10172 1
10172 8565 1
8565 2788 1
2788 4861 1
4861 264 1
264 8736 1
8736 4115 1
4115 1785 1
1785 10551 1
10551 6737 1
6737 357 1
357 3017 1
3017 8215 1
8215 2162 1
2162 11109 1
11109 32 1
32 4664 1
4664 4104 1
4104 4661 1
4661 4563 1
4563 4610 1
4610 7968 1
7968 8509 1
8509 5434 1
5434 4480 1
4480 497 1
497 9142 1
9142 5355 1
5355 4480 1
4480 2508 1
2508 8274 1
8274 4861 1
4861 9473 1
9473 8282 1
8282 9681 1
9681 4862 1
4862 3362 1
3362 2552 1
2552 50 1
50 9146 1
9146 7484 1
7484 5503 1
5503 1716 1
1716 4128 1
4128 11179 1
11179 10149 1
10149 2877 1
2877 4664 1
4664 8079 1
8079 4684 1
4684 8731 1
8731 295 1
295 3993 1
3993 4264 1
4264 7031 1
7031 1564 1
1564 7159 1
7159 8523 1
8523 9165 1
9165 5574 1
5574 8523 1
8523 3022 1
3022 3326 1
3326 3064 1
3064 2946 1
2946 281 1
281 3326 1
3326 9110 1
9110 1233 1
1233 437 1
437 7945 1
7945 3234 1
3234 1564 1
1564 9373 1
9373 8470 1
8470 2880 1
2880 2936 1
2936 5395 1
5395 537 1
537 5881 1
5881 6595 1
6595 6863 1
6863 8330 1
8330 6058 1
6058 10628 1
10628 5295 1
5295 8054 1
8054 2943 1
2943 5751 1
5751 10397 1
10397 7530 1
7530 8054 1
8054 1443 1
1443 10551 1
10551 2979 1
2979 3062 1
3062 335 1
335 720 1
720 8681 1
8681 11177 1
11177 7134 1
7134 11132 1
11132 2243 1
2243 6529 1
6529 7806 1
7806 8330 1
8330 8506 1
8506 233 1
233 9761 1
9761 11081 1
11081 8277 1
8277 4073 1
4073 4776 1
4776 1589 1
4776 2921 1
2921 233 1
233 10172 1
10172 3993 1
3993 1153 1
1153 4709 1
4709 2466 1
2466 10964 1
10964 9072 1
9072 1944 1
1944 8316 1
8316 10792 1
10792 3241 1
3241 8767 1
8767 6255 1
6255 8756 1
8756 296 1
296 1132 1
1132 6328 1
6328 8071 1
8071 3659 1
3659 10343 1
10343 3957 1
3957 10318 1
10318 6139 1
6139 4483 1
4483 4104 1
4104 3778 1
3778 11054 1
11054 3227 1
3227 483 1
483 4877 1
4877 6019 1
6019 3813 1
3813 360 1
360 7945 1
7945 8716 1
8716 8882 1
8882 6491 1
6491 1806 1
1806 8730 1
8730 7878 1
7878 9033 1
9033 10546 1
10546 10172 1
10172 5056 1
5056 720 1
720 2578 1
11039 6975 1
6975 1557 1
1557 2249 1
2249 9072 1
9072 3342 1
3342 1944 1
1944 1557 1
1557 8927 1
8927 3392 1
3392 6737 1
6737 3574 1
3574 3678 1
3678 1892 1
1892 3326 1
3326 2819 1
2819 4766 1
4766 3834 1
3834 5714 1
5714 975 1
5714 1442 1
1442 4978 1
4978 2162 1
2162 1443 1
1443 6052 1
6052 8029 1
8029 2545 1
2545 3844 1
3844 1840 1
1840 9640 1
9640 1829 1
1829 6840 1
6840 10976 1
10976 5527 1
5527 6408 1
6408 6917 1
6917 2664 1
2664 7275 1
7275 1829 1
1829 6408 1
6408 7910 1
7910 9640 1
9640 5527 1
5527 2664 1
2664 1829 1
1829 2545 1
2545 8872 1
8872 3720 1
3720 2301 1
2301 2188 1
2188 1726 1
1726 10849 1
10849 9899 1
9899 6111 1
6111 7427 1
7427 7746 1
7746 8547 1
8547 7814 1
7814 10496 1
10496 779 1
779 7147 1
7147 3974 1
3974 10064 1
10064 8754 1
8754 8992 1
8992 9089 1
9089 10064 1
10064 1483 1
1483 3974 1
3974 3401 1
3401 3064 1
3064 7663 1
7663 5792 1
5792 2734 1
2734 2798 1
2798 1643 1
1643 719 1
719 331 1
331 4199 1
4199 7517 1
7517 5130 1
5130 5246 1
5246 4480 1
4480 10233 1
10233 9621 1
9621 5360 1
5360 3494 1
5360 6518 1
6518 10158 1
10158 6391 1
6391 6642 1
6642 7288 1
7288 10444 1
7288 5230 1
5230 5562 1
5562 982 1
982 10309 1
10309 7297 1
7297 296 1
296 2083 1
2083 5503 1
5503 10964 1
10964 9929 1
9929 7816 1
7816 1716 1
1716 8756 1
8756 6099 1
6099 7371 1
7371 8523 1
8523 10041 1
10041 8987 1
8987 2505 1
2505 8254 1
2505 9141 1
9141 11132 1
11132 2658 1
2658 6194 1
6194 3993 1
3993 9142 1
9142 10726 1
10726 3778 1
3778 4238 1
4238 2936 1
2936 8274 1
8274 1233 1
1233 10804 1
10804 3813 1
3813 3788 1
3788 7676 1
7676 4298 1
4298 3409 1
3409 5053 1
5053 9577 1
9577 2112 1
2112 2734 1
2734 4861 1
4861 3778 1
3778 2281 1
2281 4480 1
4480 7582 1
7582 4060 1
4060 6923 1
6923 9011 1
9011 9788 1
9788 6642 1
6642 10202 1
10202 3761 1
10202 2339 1
2339 3373 1
3373 10410 1
10410 5819 1
5819 6391 1
6391 7379 1
7379 3945 1
3945 6459 1
6459 7370 1
7370 11132 1
11132 10529 1
10529 5442 1
5442 1681 1
1681 3788 1
3788 2466 1
2466 3692 1
3692 976 1
976 6595 1
6595 5163 1
5163 2880 1
2880 2792 1
2792 233 1
233 2904 1
2904 2926 1
2926 6063 1
6063 3049 1
3049 1895 1
3049 452 1
452 2860 1
2860 584 1
584 5103 1
5103 9761 1
9761 1331 1
1331 6192 1
6192 10062 1
10062 2545 1
2545 8660 1
8660 5974 1
5974 10202 1
10202 4629 1
4629 7153 1
7153 7370 1
7370 8523 1
8523 818 1
818 11132 1
11132 9733 1
9733 8316 1
8316 4039 1
4039 2505 1
2505 3042 1
3042 5611 1
5611 9605 1
9605 5056 1
5056 6286 1
6286 9142 1
9142 3386 1
3386 6549 1
6549 8961 1
8961 818 1
818 606 1
606 1892 1
1892 3227 1
3227 3644 1
3644 6549 1
6549 7031 1
7031 6099 1
6099 4954 1
4954 6097 1
6097 4941 1
4941 756 1
756 2402 1
2402 7064 1
7064 5443 1
5443 10091 1
10091 2406 1
2406 10149 1
10149 830 1
830 6255 1
6255 5503 1
5503 5964 1
5964 6723 1
6723 7091 1
7091 3064 1
3064 4483 1
4483 10123 1
10123 10726 1
10726 6097 1
6097 3227 1
3227 5395 1
5395 455 1
455 10266 1
10266 6238 1
6238 2395 1
2395 478 1
478 4018 1
4018 5056 1
5056 5364 1
5364 1741 1
1741 4040 1
4040 152 1
152 1137 1
1137 825 1
825 2736 1
2736 4606 1
4606 873 1
873 184 1
184 5206 1
5206 3978 1
3978 6902 1
6902 5889 1
6902 8901 1
8901 556 1
8901 6921 1
6921 3411 1
3411 9708 1
9708 833 1
9708 1985 1
833 7130 1
7130 9708 1
3411 8450 1
8450 2298 1
2298 7213 1
7213 6161 1
6161 9126 1
9126 7213 1
7213 442 1
442 2412 1
2412 4028 1
4028 6196 1
6196 8013 1
8013 2851 1
2851 75 1
75 6847 1
75 1204 1
1204 10802 1
10802 7294 1
7294 3344 1
3344 6572 1
6572 6459 1
6459 8712 1
8712 5295 1
5295 3611 1
3611 74 1
74 10588 1
10588 561 1
561 6058 1
6058 10020 1
10020 8730 1
8730 6834 1
6834 1785 1
1785 3042 1
3042 8961 1
8961 483 1
483 4563 1
4563 6043 1
6043 1643 1
1643 2970 1
2970 7524 1
7524 5574 1
5574 6910 1
6910 4954 1
4954 7945 1
7945 1892 1
1892 3945 1
3945 4061 1
4061 8759 1
8759 2447 1
2447 2734 1
2734 357 1
357 11054 1
11054 6504 1
6504 10000 1
10000 8011 1
8011 2606 1
8011 4345 1
4345 761 1
761 6504 1
6504 3898 1
3898 7971 1
7971 10364 1
10364 7991 1
7991 4682 1
4682 6504 1
6504 8951 1
8951 10364 1
10364 4513 1
4513 562 1
562 5190 1
5190 4345 1
4345 870 1
870 9802 1
9802 7944 1
7944 11054 1
11054 542 1
542 9165 1
9165 6712 1
6712 3234 1
3234 7159 1
7159 3774 1
3774 4610 1
4610 3625 1
4610 3908 1
3908 3774 1
3774 7275 1
7275 3510 1
3510 6058 1
6058 5295 1
5295 1806 1
1806 11129 1
11129 9108 1
9108 2395 1
2395 2970 1
2970 11129 1
11129 6288 1
6288 7494 1
7494 10628 1
10628 623 1
623 11132 1
11132 9146 1
9146 6139 1
6139 8282 1
8282 2890 1
2890 1802 1
1802 4298 1
4298 7505 1
7505 5442 1
5442 1132 1
1132 1564 1
1564 1785 1
1785 1892 1
1892 11054 1
11054 7945 1
7945 7064 1
7064 6078 1
6078 1425 1
1425 3768 1
1425 5874 1
1425 3203 1
3203 6026 1
6026 1152 1
1152 9823 1
9823 9374 1
9374 1482 1
1482 5955 1
5955 6718 1
6718 1932 1
6718 2444 1
2444 6206 1
6206 3987 1
3987 3996 1
3996 4066 1
3996 4415 1
4415 340 1
340 1573 1
1573 7186 1
7186 7145 1
7145 7821 1
7821 10883 1
10883 8234 1
8234 340 1
340 1422 1
1422 7465 1
1422 5568 1
5568 1274 1
1274 6350 1
6350 11145 1
11145 10787 1
11145 5882 1
5882 6706 1
6706 3934 1
3934 6808 1
6808 4173 1
4173 7835 1
4173 2364 1
6808 7835 1
7835 5875 1
7835 10826 1
10826 519 1
519 4418 1
4418 3284 1
3284 2756 1
2756 1734 1
1734 10302 1
1734 7498 1
7498 4400 1
4400 2506 1
2506 6833 1
6833 5210 1
5210 7823 1
7823 6176 1
6176 7046 1
7046 1095 1
1095 86 1
86 1523 1
1523 1180 1
1180 8974 1
1180 3421 1
3421 10824 1
10824 3580 1
10824 4074 1
3580 2525 1
2525 3174 1
3174 5719 1
5719 5971 1
5971 8385 1
8385 5978 1
5978 10886 1
10886 2532 1
2532 10091 1
10091 10873 1
10873 9218 1
9218 9141 1
9141 7484 1
7484 1785 1
1785 1328 1
1328 7359 1
7359 7663 1
7663 4892 1
4892 8987 1
8987 4684 1
4684 3317 1
3317 9473 1
9473 8998 1
8998 5906 1
5906 2089 1
2089 7110 1
7110 10782 1
10782 10198 1
10198 8243 1
8243 8088 1
8088 2496 1
2496 9615 1
9615 5602 1
5602 7290 1
7290 5375 1
5375 4063 1
4063 739 1
739 7416 1
7416 3146 1
3146 10419 1
10419 10894 1
10894 4063 1
4063 8243 1
8243 10944 1
10944 8138 1
8138 5306 1
5306 7290 1
7290 7416 1
3146 5375 1
5375 739 1
5375 8138 1
8138 8243 1
8243 5375 1
4063 10932 1
10932 3033 1
3033 263 1
263 6763 1
6763 9167 1
9167 10419 1
3146 9840 1
9840 333 1
333 8243 1
8243 3721 1
3721 8301 1
8301 9167 1
9167 9955 1
9955 3146 1
7416 10198 1
10198 8302 1
8302 7966 1
7966 6763 1
6763 534 1
534 739 1
534 5838 1
5838 10419 1
10419 6668 1
6668 4187 1
4187 7173 1
7173 4063 1
5375 9615 1
9615 4000 1
4000 5602 1
5602 8711 1
8711 1355 1
1355 4063 1
4063 8088 1
8088 9615 1
9615 8302 1
8302 5602 1
5602 2496 1
2496 7966 1
7966 4000 1
4000 756 1
756 4536 1
4536 9142 1
9142 357 1
357 3317 1
3317 10318 1
10318 9545 1
9545 8374 1
8374 9141 1
9141 5974 1
5974 8802 1
8802 9278 1
9278 678 1
678 5053 1
5053 8716 1
8716 10792 1
10792 8374 1
8374 5597 1
5597 5574 1
5574 4264 1
4264 2238 1
2238 6918 1
6918 10588 1
10588 4199 1
4199 10886 1
10886 1681 1
1681 3678 1
3678 4954 1
4954 818 1
7505 3386 1
3386 6722 1
6722 4877 1
4877 3993 1
3993 5611 1
5611 2946 1
2946 7023 1
7023 8282 1
8282 11132 1
11132 8987 1
8987 9761 1
9761 7814 1
7814 9899 1
9899 8146 1
8146 6489 1
6489 7192 1
7192 10882 1
10882 8912 1
8912 718 1
718 9264 1
9264 6642 1
6642 10149 1
10149 3097 1
3097 3812 1
3812 10149 1
10149 7098 1
7098 10091 1
10091 3882 1
3882 8548 1
8548 2005 1
2005 3882 1
3882 4810 1
4810 8756 1
8756 5191 1
5191 10873 1
10873 10083 1
10083 4978 1
4978 6349 1
6349 7626 1
7626 3767 1
3767 5899 1
5899 8883 1
8883 9275 1
9275 2925 1
2925 3572 1
3572 8341 1
8341 7963 1
7963 3572 1
3572 2932 1
2932 9446 1
9446 8543 1
8543 6936 1
6936 5496 1
5496 5451 1
5451 10976 1
5527 4649 1
4649 5277 1
5277 9062 1
9062 8029 1
8029 7910 1
7910 6286 1
6286 2880 1
2880 4018 1
4018 3327 1
3327 1328 1
1328 9011 1
9011 2535 1
2535 10547 1
10547 5395 1
5395 7867 1
7867 3957 1
3957 258 1
258 9577 1
9577 357 1
357 264 1
264 6525 1
6525 2571 1
2571 7945 1
7945 5056 1
5056 3747 1
3747 10073 1
10073 2691 1
2691 4937 1
4937 4073 1
4073 9441 1
9441 7047 1
7047 9438 1
9438 6991 1
6991 8903 1
8903 7876 1
7876 1381 1
1381 2854 1
2854 8274 1
8274 3060 1
3060 6391 1
6391 4862 1
4862 6572 1
6572 6549 1
6549 8572 1
8572 9591 1
9591 4610 1
4610 1840 1
3844 4610 1
4610 8215 1
8215 3813 1
3813 7992 1
7992 1328 1
1328 6595 1
6595 4536 1
4536 4104 1
4104 2851 1
2851 9100 1
9100 4480 1
4480 5395 1
5395 9146 1
9146 5161 1
5161 6894 1
6894 3957 1
3957 3523 1
3523 4357 1
4357 7768 1
7768 4661 1
4661 3234 1
3234 1412 1
1412 6549 1
6549 6422 1
6422 887 1
887 5324 1
5324 2734 1
2734 7663 1
7663 10804 1
10804 2447 1
2447 7484 1
7484 3644 1
3644 5374 1
5374 2819 1
2819 6737 1
6737 3615 1
3615 8748 1
8748 6787 1
6787 9422 1
9422 3986 1
3986 3401 1
3401 7922 1
7922 1715 1
1715 9422 1
9422 1944 1
1944 3401 1
3401 6398 1
6398 4699 1
4699 5625 1
5625 5835 1
5835 10021 1
10021 6959 1
6959 1923 1
1923 7777 1
7777 10099 1
10099 1928 1
1928 7777 1
7777 1950 1
1950 5691 1
5691 5228 1
5691 9244 1
9244 5770 1
5770 9291 1
9291 2091 1
2091 1677 1
1677 1575 1
1575 2886 1
2886 3178 1
3178 1677 1
1677 1240 1
1677 217 1
217 3136 1
3136 10401 1
10401 7192 1
7192 7740 1
7740 7139 1
7139 8118 1
8118 2878 1
2878 1040 1
2878 7497 1
7497 11065 1
7497 1388 1
1388 2878 1
8118 7650 1
7650 10388 1
10388 9099 1
9099 536 1
536 355 1
355 545 1
545 10824 1
10824 2525 1
2525 8715 1
8715 3174 1
5719 2238 1
2238 9870 1
9870 10318 1
10318 2979 1
2979 8153 1
8153 6595 1
6595 3017 1
3017 2532 1
2532 1331 1
1331 8644 1
8644 7231 1
7231 6063 1
6063 3478 1
3478 3049 1
3049 2921 1
2921 2493 1
2493 2860 1
2860 5336 1
5336 3215 1
3215 7814 1
7814 2493 1
2493 7755 1
7755 2921 1
2921 9662 1
9662 176 1
176 10278 1
10278 7308 1
7308 8767 1
8767 5540 1
5540 4480 1
4480 5974 1
5974 11086 1
11086 9733 1
9733 7313 1
7313 1443 1
1443 7660 1
7660 5751 1
5751 8274 1
8274 2505 1
2505 4483 1
4483 8565 1
8565 8724 1
9100 1153 1
1153 159 1
159 8998 1
8998 7484 1
7484 1412 1
1412 1564 1
1564 6723 1
6723 6239 1
6239 6526 1
6526 3362 1
3362 3858 1
3858 1959 1
1959 3951 1
3951 3560 1
3560 2880 1
2880 629 1
68 3772 1
3772 10004 1
10004 5574 1
5574 6505 1
6505 414 1
414 8395 1
8395 5313 1
5313 4325 1
4325 2859 1
2859 8952 1
8952 2925 1
2925 2209 1
2209 10123 1
10123 4954 1
4954 8233 1
8233 4298 1
7505 4480 1
4480 10318 1
10318 5161 1
5161 11054 1
11054 10000 1
10000 5097 1
5097 10163 1
10163 4943 1
4943 1011 1
1011 5612 1
5612 4513 1
4513 6367 1
6367 5190 1
5190 870 1
870 7270 1
7270 4452 1
4452 174 1
174 5039 1
5039 7528 1
7528 10126 1
10126 6110 1
6110 7971 1
7971 4849 1
4849 8120 1
8120 7270 1
7270 4682 1
4682 2382 1
2382 4943 1
4943 10364 1
10364 10163 1
10163 4345 1
4345 7944 1
7944 3447 1
3447 8916 1
8916 4345 1
4345 641 1
641 1011 1
1011 562 1
562 880 1
880 5097 1
5097 1659 1
1659 3314 1
3314 10371 1
10371 4255 1
4255 8891 1
8891 2382 1
2382 4345 1
761 10211 1
10211 641 1
641 8916 1
8916 4160 1
4160 8064 1
8064 8891 1
8891 7991 1
7991 8064 1
8064 3314 1
3314 761 1
761 10126 1
10126 3942 1
3942 4849 1
4849 1061 1
1061 6329 1
6329 6526 1
3362 6890 1
6890 9523 1
9523 10123 1
10123 3060 1
3060 10792 1
10792 6097 1
6097 756 1
756 4264 1
4264 9146 1
9146 980 1
980 7131 1
7131 3611 1
3611 4531 1
4531 8730 1
8730 3993 1
3993 2854 1
2854 483 1
483 10041 1
10041 5439 1
2447 818 1
818 4357 1
4357 4536 1
4536 7091 1
7091 899 1
899 5783 1
5783 6101 1
6101 42 1
42 9873 1
9873 1564 1
1564 4892 1
4892 4941 1
4941 6109 1
6109 161 1
161 7057 1
7057 4230 1
4230 11130 1
11130 6291 1
6291 4228 1
4228 4793 1
4793 9051 1
4793 3460 1
3460 2924 1
4793 2401 1
2401 7078 1
7078 1935 1
1935 3232 1
3232 6835 1
6835 5442 1
5442 180 1
180 319 1
319 7505 1
7505 7676 1
7676 623 1
623 4018 1
4018 9602 1
9602 6052 1
6052 808 1
808 7159 1
7159 3383 1
3383 4349 1
4349 6239 1
6239 482 1
482 4766 1
4766 537 1
537 1029 1
1029 2893 1
2893 4119 1
4119 319 1
319 5053 1
5053 6563 1
6563 68 1
68 10179 1
10179 10644 1
10644 4013 1
4013 9061 1
9061 3207 1
3207 10644 1
10644 7359 1
7359 4015 1
4015 1639 1
1639 2842 1
2842 8767 1
8767 10031 1
10031 10954 1
10954 11007 1
11007 4196 1
4196 370 1
370 7598 1
7598 9887 1
9887 7946 1
7946 613 1
613 4947 1
4947 4128 1
4128 5868 1
5868 5724 1
5724 4033 1
4033 5468 1
4033 7686 1
7686 10516 1
10516 1838 1
1838 7448 1
7448 3605 1
3605 7431 1
7431 10390 1
10390 9951 1
9951 8422 1
8422 236 1
236 1729 1
1729 8395 1
8395 2445 1
2445 4684 1
4684 7253 1
7253 3999 1
3999 8133 1
8133 5709 1
5709 10673 1
10673 8998 1
8998 8274 1
8274 497 1
497 5070 1
5070 512 1
512 544 1
544 8257 1
8257 2405 1
2405 1452 1
1452 6757 1
6757 3587 1
3587 2373 1
2373 6364 1
6364 6767 1
6767 5242 1
5242 2540 1
2540 8373 1
8373 854 1
854 2540 1
2540 2373 1
2373 8157 1
8157 544 1
544 7183 1
7183 3587 1
3587 6767 1
6767 3724 1
3724 6430 1
6430 8157 1
8157 2540 1
8373 5242 1
5242 854 1
854 8257 1
8257 271 1
271 820 1
271 2947 1
2947 3587 1
3587 1041 1
1041 9135 1
9135 5038 1
9135 3587 1
3587 8462 1
8462 4850 1
4850 271 1
271 7985 1
7985 4098 1
4098 10673 1
10673 414 1
414 6223 1
6223 424 1
424 10534 1
10534 6254 1
6254 10501 1
6254 8469 1
8469 1165 1
1165 2665 1
1165 4635 1
4635 10977 1
10977 5592 1
5592 5013 1
5013 1603 1
1603 6645 1
6645 3092 1
3092 1097 1
1097 472 1
1097 3130 1
1097 6821 1
6821 3288 1
3288 1173 1
1173 9731 1
9731 2058 1
2058 5496 1
5496 2695 1
2695 6936 1
6936 4027 1
4027 10143 1
10143 2695 1
2695 1173 1
1173 1152 1
1152 2367 1
2367 4132 1
4132 6102 1
6102 10607 1
10607 6803 1
6803 2831 1
2831 6970 1
6970 6197 1
6197 3344 1
3344 8802 1
8802 4774 1
4774 281 1
281 2979 1
2979 8716 1
8716 9523 1
9523 11006 1
11006 9146 1
9146 9545 1
9545 818 1
818 10588 1
10588 2272 1
2272 2402 1
2402 6549 1
8523 4483 1
4483 3227 1
3227 7023 1
7023 4104 1
4104 2568 1
2568 6876 1
6876 730 1
730 8152 1
8152 2594 1
2594 3809 1
3809 2260 1
2260 7190 1
7190 6803 1
6803 5906 1
5906 8401 1
8401 8753 1
8753 2846 1
2846 5562 1
5562 5611 1
5611 6383 1
6383 2044 1
2044 5792 1
5792 3778 1
3778 319 1
319 7484 1
7484 9142 1
9142 4877 1
4877 2284 1
2284 10022 1
10022 10392 1
10022 3678 1
3678 2897 1
2897 9141 1
9141 5537 1
5537 3483 1
3483 8316 1
8316 9925 1
9925 582 1
582 7834 1
7834 806 1
806 6923 1
6923 10397 1
10397 5831 1
5831 2188 1
2188 398 1
398 584 1
584 4937 1
4937 4917 1
4917 3478 1
3478 9761 1
11081 10087 1
10087 2198 1
2198 5336 1
5336 8277 1
8277 2484 1
2484 5103 1
5103 4919 1
5103 8872 1
8872 9899 1
9899 8547 1
8547 4937 1
4937 8277 1
8277 707 1
707 5103 1
5103 8911 1
8911 1083 1
1083 5505 1
5505 6284 1
5505 8593 1
8593 731 1
731 1422 1
1422 4012 1
4012 1274 1
1274 7807 1
7807 636 1
636 4870 1
4870 1443 1
1443 4629 1
4629 9577 1
9577 3473 1
3473 2614 1
2614 8020 1
8020 414 1
414 10792 1
10792 6894 1
6894 2505 1
2505 7663 1
7663 4264 1
4264 8343 1
8343 629 1
629 5318 1
5318 2946 1
2946 6894 1
6894 10123 1
10123 982 1
982 2281 1
2281 10609 1
10609 4157 1
4157 1068 1
1068 8153 1
8153 3945 1
3945 4536 1
4536 8719 1
8719 10804 1
10804 9141 1
9141 5340 1
5340 1730 1
1730 4843 1
4843 3637 1
3637 5537 1
5537 1286 1
1286 1730 1
1730 8316 1
8316 11129 1
8316 1785 1
1785 8755 1
8755 85 1
85 8998 1
8998 7457 1
7457 6795 1
6795 5443 1
5443 4128 1
4128 9929 1
9929 976 1
976 6327 1
6327 2595 1
2595 9218 1
9218 10149 1
10149 240 1
240 4730 1
4730 2466 1
2466 4128 1
4128 7959 1
4128 18 1
18 6099 1
6099 68 1
68 3813 1
3813 7370 1
7370 5154 1
7370 7597 1
7597 7682 1
7682 6770 1
6770 982 1
982 11109 1
11109 4069 1
4069 1715 1
4069 1229 1
1229 9577 1
9577 4709 1
4709 8395 1
414 2890 1
2890 6528 1
6528 1892 1
1892 3042 1
3042 1130 1
1130 8174 1
8174 312 1
312 1873 1
1873 8099 1
8099 42 1
42 4238 1
4238 3574 1
3574 1233 1
1233 7484 1
7484 5574 1
5574 4008 1
4008 944 1
944 11039 1
11039 2876 1
2876 944 1
944 8572 1
8572 2734 1
2734 5974 1
5974 5053 1
5053 5439 1
5439 6722 1
6722 11054 1
11054 3957 1
3957 6935 1
6935 10723 1
10723 2121 1
2121 10529 1
10529 1681 1
1681 4861 1
4861 1336 1
1336 8603 1
8603 10777 1
10777 1739 1
1739 4297 1
4297 3753 1
3753 8437 1
8437 8477 1
8477 9368 1
9368 5771 1
5771 3477 1
3477 9383 1
9383 2947 1
2947 544 1
544 4850 1
4850 1452 1
1452 9752 1
9752 910 1
910 7156 1
7156 3716 1
3716 4231 1
4231 681 1
681 8458 1
8458 1706 1
1706 9607 1
9607 6280 1
6280 5448 1
5448 2137 1
2137 4906 1
2137 1456 1
1456 659 1
659 5187 1
5187 8383 1
8383 10652 1
10652 9196 1
9196 8383 1
8383 1633 1
1633 5187 1
5187 5448 1
5448 8843 1
8843 9752 1
9752 1952 1
1952 659 1
659 7648 1
7648 8458 1
7648 828 1
828 7436 1
7436 8430 1
8430 1016 1
1016 3535 1
3535 5448 1
5448 10842 1
10842 601 1
601 5187 1
5187 10842 1
5448 7648 1
5448 7154 1
7154 1016 1
1016 6163 1
6163 3224 1
3224 6599 1
6599 6280 1
6280 6175 1
6175 2840 1
2840 2909 1
2909 7648 1
7648 601 1
601 1706 1
1706 6280 1
6280 5951 1
5951 1706 1
5951 9332 1
9332 2909 1
2909 7154 1
7154 7156 1
7156 9470 1
9470 2648 1
2648 6406 1
6406 4520 1
4520 1534 1
1534 1761 1
1761 8801 1
8801 5484 1
5484 875 1
875 4520 1
4520 5484 1
5484 6406 1
2648 2910 1
2910 7076 1
7076 6535 1
6535 9566 1
9566 10659 1
10659 1683 1
9566 10812 1
10812 8990 1
8990 10913 1
10913 3247 1
3247 3800 1
3800 2046 1
2046 5160 1
2046 4677 1
4677 5713 1
5713 2027 1
2027 767 1
767 2046 1
2046 3150 1
3150 3247 1
3247 3144 1
3144 8851 1
8851 9603 1
9603 8672 1
9603 6666 1
6666 8851 1
9603 2491 1
2491 183 1
183 6652 1
6652 10592 1
10592 2072 1
2072 4408 1
4408 2022 1
2022 5465 1
5465 2956 1
2956 3727 1
3727 8788 1
8788 2022 1
2022 3590 1
3590 10812 1
10812 4927 1
4927 7076 1
2910 10182 1
10182 9879 1
10414 3693 1
10414 8351 1
8351 6589 1
6589 5159 1
5159 7543 1
7543 8988 1
8988 7740 1
7192 10942 1
10942 10707 1
10707 5946 1
5946 5282 1
5282 6364 1
6364 6401 1
6401 5242 1
5242 3724 1
3724 8257 1
8257 2373 1
2373 9383 1
9383 2650 1
2650 4178 1
4178 3724 1
3724 1301 1
1301 2373 1
2373 8462 1
8462 8157 1
8157 854 1
854 8703 1
8703 544 1
544 6430 1
6430 8462 1
8462 2405 1
2405 858 1
858 6334 1
6334 9335 1
9335 7519 1
7519 7436 1
7436 6334 1
858 10173 1
10173 10598 1
10598 2405 1
2405 828 1
828 788 1
788 8458 1
8458 659 1
659 3894 1
3894 2648 1
2648 681 1
681 2840 1
2840 2676 1
2676 6163 1
6163 1633 1
1633 828 1
828 858 1
858 5242 1
5242 5093 1
5093 6757 1
6757 3875 1
3875 4596 1
4596 9148 1
9148 1302 1
1302 4193 1
4193 8014 1
8014 3979 1
3979 9148 1
9148 2426 1
2426 8197 1
8197 4397 1
4397 1368 1
1368 1727 1
1727 5360 1
5360 8398 1
8398 5143 1
5143 1426 1
1426 4782 1
4782 4761 1
4782 1754 1
1754 8542 1
8542 8406 1
8406 1845 1
1845 10242 1
10242 8406 1
8406 9943 1
9943 7403 1
7403 54 1
7403 4476 1
4476 5405 1
5405 10326 1
10326 6135 1
6135 3576 1
3576 2186 1
2186 6135 1
6135 2356 1
2356 10058 1
10058 8761 1
8761 10321 1
10321 6745 1
6745 1068 1
1068 10321 1
10321 6874 1
6874 2140 1
2140 9868 1
9868 10954 1
10031 1793 1
1793 8286 1
8286 10238 1
10238 9649 1
9649 4664 1
4664 2560 1
2560 8401 1
8401 5472 1
5472 6642 1
6642 3611 1
3611 4332 1
4332 7178 1
7178 6791 1
6791 4605 1
4605 6687 1
6687 8406 1
8406 6338 1
6338 10810 1
10810 10837 1
10837 409 1
10837 496 1
10837 4476 1
4476 8897 1
8897 4228 1
4228 4476 1
4476 137 1
137 6135 1
2186 7839 1
7839 9701 1
9701 3904 1
3904 1814 1
1814 5675 1
5675 11123 1
11123 7453 1
7453 3921 1
3921 5700 1
5700 7904 1
7904 5010 1
5010 615 1
615 7485 1
7485 982 1
982 6836 1
6836 7807 1
7807 6533 1
6533 662 1
662 9838 1
9838 1586 1
1586 2617 1
2617 662 1
662 511 1
511 1514 1
1514 9217 1
9217 3755 1
3755 2947 1
2947 2219 1
2219 9383 1
9383 2975 1
2975 5969 1
5969 2958 1
2958 8755 1
8755 3993 1
9142 3957 1
3957 3022 1
3022 10547 1
10547 1373 1
1373 4610 1
4610 8509 1
8509 1840 1
1840 8907 1
8907 4649 1
4649 3844 1
3844 3611 1
3611 9264 1
9264 2819 1
2819 5395 1
5395 7676 1
7676 6563 1
6563 9733 1
9733 10723 1
10723 4954 1
4954 3397 1
3397 7457 1
7457 3510 1
3510 5163 1
5163 3218 1
3218 9828 1
3218 9397 1
9397 7910 1
7910 1211 1
1211 4462 1
4462 7910 1
7910 5527 1
5527 8907 1
8907 5858 1
5858 6052 1
6052 11086 1
11086 720 1
720 1059 1
1059 4379 1
4379 5970 1
5970 4629 1
4629 6715 1
6715 2175 1
2175 2819 1
2819 10123 1
10123 483 1
483 3386 1
3386 2044 1
2044 5355 1
5355 1892 1
1892 9870 1
9870 2447 1
2447 3517 1
3517 3957 1
10343 3772 1
3772 6894 1
6894 2979 1
2979 8506 1
8506 1328 1
1328 5163 1
5163 4018 1
5163 6737 1
6737 2041 1
2041 7017 1
7017 8987 1
8987 6918 1
6918 6099 1
6099 3409 1
3409 4774 1
4774 5792 1
5792 9870 1
9870 1664 1
1664 7064 1
7064 3397 1
3397 6910 1
6910 5503 1
5503 4445 1
4445 3860 1
3860 635 1
635 4119 1
4119 1922 1
1922 9651 1
9651 8229 1
8229 1564 1
1564 8385 1
8385 9147 1
9147 264 1
264 8767 1
8767 6938 1
6938 8548 1
2005 240 1
240 4871 1
4871 8516 1
8516 6935 1
6935 9164 1
9164 2877 1
2877 2859 1
2859 5313 1
5313 10238 1
10238 4325 1
4325 10394 1
10394 4947 1
4947 10033 1
10033 8395 1
8395 1716 1
1716 9577 1
9577 6712 1
6712 3813 1
3813 7505 1
7505 4661 1
4661 6712 1
6712 537 1
537 3813 1
3813 9939 1
9939 3042 1
3042 3644 1
3644 68 1
68 7239 1
7239 10723 1
10723 6139 1
6139 5503 1
5503 50 1
50 2402 1
2402 1233 1
1233 4766 1
4766 3503 1
3503 10031 1
10031 414 1
414 7074 1
7074 8395 1
8395 7020 1
7020 8401 1
8401 8281 1
8281 8395 1
414 4684 1
4684 9577 1
9577 941 1
941 6712 1
6712 2571 1
2571 542 1
542 5053 1
5053 8282 1
8282 2788 1
2788 281 1
281 4766 1
4766 440 1
440 7618 1
7618 2281 1
2281 5053 1
5053 11132 1
11132 7239 1
7239 8802 1
8802 11108 1
11108 6508 1
6508 2046 1
2046 10913 1
10913 10398 1
10398 643 1
643 9376 1
9376 8571 1
8571 1350 1
1350 9407 1
9407 7647 1
7647 9447 1
9447 3651 1
3651 5982 1
5982 8864 1
8864 1350 1
1350 840 1
840 5393 1
5393 10395 1
10395 11011 1
11011 9539 1
9539 5211 1
5211 5431 1
5431 9539 1
11011 1213 1
1213 5106 1
5106 6470 1
6470 6390 1
6390 10147 1
10147 2877 1
2877 4597 1
2877 4810 1
4810 2466 1
2466 7253 1
7253 3058 1
3058 3262 1
3262 9141 1
9141 2936 1
2936 8565 1
8565 384 1
384 7678 1
7678 4104 1
4104 1229 1
1229 2925 1
2925 7229 1
7229 240 1
240 10091 1
10091 209 1
209 8043 1
8043 5723 1
5723 9036 1
9036 2145 1
2145 704 1
704 6051 1
704 604 1
704 10305 1
10305 8921 1
8921 2015 1
2015 1009 1
1009 10233 1
10233 10071 1
10233 7857 1
7857 4744 1
4744 4776 1
4776 6892 1
6892 3239 1
3239 9658 1
9658 7611 1
7611 9831 1
9831 4473 1
4473 10801 1
10801 8799 1
8799 54 1
54 2691 1
2691 10062 1
10062 2285 1
2285 7231 1
7231 1726 1
1726 6063 1
6063 5119 1
5119 9796 1
9796 8644 1
8644 8002 1
8002 6192 1
6192 8872 1
8872 397 1
397 2864 1
2864 9442 1
2864 6063 1
6063 2188 1
2188 7755 1
7755 707 1
707 2198 1
2198 3267 1
3267 2484 1
2484 8364 1
8364 4073 1
4073 2795 1
2795 3215 1
3215 8146 1
8146 10158 1
10158 2795 1
2795 8547 1
8547 3181 1
3181 2198 1
2198 584 1
584 2285 1
2285 3099 1
3099 2198 1
2198 2904 1
2904 4919 1
4919 8277 1
8277 8146 1
8146 8364 1
8364 1904 1
1904 3267 1
3267 2285 1
2285 6489 1
6489 233 1
233 4937 1
4937 8842 1
8842 9245 1
9245 1772 1
1772 3726 1
3726 5379 1
5379 2366 1
2366 5329 1
5329 2681 1
2681 6782 1
6782 2324 1
2324 7927 1
7927 4693 1
4693 3025 1
3025 8361 1
3025 1346 1
1346 6473 1
6473 404 1
404 5415 1
5415 581 1
581 24 1
24 5422 1
5422 404 1
404 2015 1
2015 5080 1
5080 582 1
582 649 1
649 5573 1
5573 7163 1
7163 9104 1
9104 5573 1
5573 9925 1
9925 1326 1
1326 1818 1
1818 5807 1
1818 649 1
5573 3111 1
3111 10985 1
10985 5387 1
5387 3111 1
3111 5016 1
5016 9264 1
9264 1524 1
1524 1545 1
1545 2190 1
1545 5773 1
5773 8471 1
8471 2190 1
2190 2195 1
2195 1535 1
1535 606 1
606 8603 1
8603 4563 1
4563 6194 1
6194 6634 1
6634 4307 1
4307 1787 1
1787 7177 1
7177 10278 1
7177 5130 1
5130 6234 1
6234 10528 1
10528 6099 1
6099 10031 1
10031 2819 1
2819 5053 1
5053 1535 1
1535 2552 1
2552 3100 1
3100 2281 1
2281 3993 1
3993 9870 1
9870 1504 1
1504 2684 1
1504 5668 1
5668 9374 1
9374 6443 1
6443 2932 1
2932 5336 1
5336 2821 1
2821 7876 1
7876 6708 1
6708 8516 1
8516 8095 1
8095 10886 1
10886 9356 1
9356 6737 1
6737 9473 1
9473 629 1
629 9681 1
9681 6577 1
6577 3383 1
3383 4954 1
4954 2788 1
2788 3644 1
3644 5671 1
5671 8635 1
8635 10034 1
10034 3144 1
3144 10030 1
3144 1226 1
3144 5540 1
5540 9431 1
9431 6326 1
6326 9872 1
9872 49 1
49 2880 1
2880 3364 1
3364 10231 1
10231 102 1
102 972 1
972 10802 1
10802 2339 1
2339 7153 1
7153 6715 1
6715 10882 1
10882 7530 1
7530 7768 1
7768 11006 1
11006 1892 1
1892 4382 1
4382 3064 1
3064 1715 1
1715 6835 1
6835 10974 1
10974 9604 1
9604 4886 1
4886 1752 1
1752 6143 1
1752 6949 1
1752 182 1
182 3526 1
1752 9391 1
1752 7172 1
7172 1 1
1 240 1
240 296 1
296 10964 1
10964 6938 1
6938 10873 1
10873 4947 1
4947 2877 1
2877 5587 1
5587 6036 1
6036 3175 1
3175 6935 1
6935 9545 1
9545 10804 1
10804 2112 1
2112 3326 1
3326 5057 1
3326 4356 1
4356 5444 1
5444 982 1
982 6196 1
6196 10782 1
10782 3415 1
3415 1196 1
1196 612 1
612 798 1
798 3987 1
3987 7600 1
7600 319 1
319 10792 1
10792 7530 1
7530 2946 1
2946 8716 1
8716 2020 1
2020 1564 1
1564 4830 1
4830 7710 1
7710 8345 1
8345 3397 1
3397 8755 1
8755 8719 1
8719 5439 1
5439 6383 1
6383 9146 1
9146 8343 1
8343 5374 1
5374 3523 1
3523 483 1
483 3317 1
3317 7370 1
7370 233 1
233 2791 1
2791 10179 1
10179 7878 1
7878 3611 1
3611 8330 1
8330 2289 1
2289 4663 1
4663 2395 1
2395 4531 1
4531 8506 1
1328 6052 1
6052 720 1
720 10418 1
10418 2877 1
2877 2601 1
2601 4768 1
4768 10425 1
10425 2562 1
2562 5779 1
5779 1035 1
1035 2340 1
2340 4557 1
4557 4685 1
4685 7938 1
7938 5195 1
5195 1559 1
1559 5779 1
5779 5946 1
5946 3166 1
3166 643 1
643 9276 1
9276 8315 1
8315 8864 1
8315 2279 1
2279 643 1
643 1580 1
1580 9877 1
9877 276 1
276 2471 1
2471 9809 1
9809 8474 1
8474 2471 1
2471 5558 1
5558 3394 1
3394 8360 1
8360 353 1
353 1310 1
353 6721 1
6721 5154 1
5154 3344 1
3344 4766 1
4766 6923 1
6923 2505 1
2505 9577 1
9577 3813 1
3813 10287 1
10287 4357 1
4357 10886 1
10886 9100 1
9100 2510 1
2510 3718 1
3718 10350 1
10350 4610 1
4610 2734 1
2734 1892 1
3678 4774 1
4774 9577 1
9577 11132 1
11132 6052 1
6052 561 1
561 10172 1
10172 7370 1
7370 2880 1
2880 9218 1
9218 1233 1
1233 2262 1
2262 9218 1
9218 50 1
50 7505 1
7505 3397 1
3397 50 1
50 2737 1
2737 2071 1
2071 232 1
232 7695 1
7695 264 1
264 2343 1
2343 9422 1
9422 11039 1
11039 7530 1
7530 4437 1
7530 9939 1
9939 5974 1
5974 3062 1
3062 9428 1
9428 5206 1
5206 4388 1
4388 4098 1
4098 7253 1
7253 3262 1
3262 1233 1
1233 4474 1
4474 8565 1
8565 9939 1
9939 818 1
818 2044 1
2044 1785 1
1785 7239 1
7239 8871 1
8871 3042 1
3042 10588 1
10588 2284 1
2284 1204 1
1204 6429 1
6429 3253 1
6429 1914 1
1914 710 1
710 5263 1
5263 8452 1
8452 3253 1
3253 1914 1
1914 301 1
301 1998 1
1998 8991 1
8991 422 1
422 5483 1
5483 8991 1
8991 1324 1
1324 5483 1
5483 4161 1
4161 6429 1
6429 7772 1
7772 8452 1
8452 301 1
301 7396 1
7396 3381 1
3381 5824 1
5824 8135 1
8135 6655 1
6655 3414 1
3414 5824 1
5824 3327 1
3327 4531 1
4531 2243 1
2243 6572 1
6572 10551 1
10551 8215 1
8215 75 1
6847 6039 1
6039 4671 1
4671 7895 1
7895 6039 1
6039 1687 1
1687 2828 1
2828 8954 1
8954 2455 1
2455 2109 1
2109 1687 1
2828 3495 1
2828 4760 1
4760 4249 1
4249 5435 1
5435 3214 1
3214 2369 1
2369 451 1
451 6244 1
6244 5133 1
5133 4396 1
4396 757 1
757 9605 1
9605 4829 1
4829 6572 1
6572 1629 1
1629 5241 1
5241 10031 1
10031 9929 1
9929 1716 1
1716 3570 1
3570 11002 1
11002 8319 1
8319 8523 1
8523 7379 1
7379 3517 1
3517 6525 1
6525 1418 1
1418 9872 1
9872 3062 1
3062 9788 1
9788 9605 1
9605 4629 1
4629 3115 1
3115 7370 1
7370 2339 1
2339 11129 1
11129 9011 1
9011 4474 1
4474 258 1
258 5442 1
5442 2552 1
2552 4766 1
4766 4606 1
4606 4104 1
4104 6329 1
6329 10874 1
10874 4606 1
4606 482 1
482 8882 1
8882 10792 1
10792 8736 1
8736 7091 1
7091 2243 1
2243 3463 1
3463 6595 1
6595 4954 1
4954 8274 1
8274 3100 1
3100 1785 1
1785 7977 1
7977 3510 1
3510 2535 1
2535 3366 1
3366 3472 1
3472 9577 1
9577 224 1
9577 2445 1
2445 10723 1
10723 2262 1
2262 5395 1
5395 505 1
505 3633 1
3633 10086 1
10086 176 1
176 4104 1
4104 8470 1
8470 2737 1
2737 42 1
42 10874 1
10874 6239 1
6239 7084 1
7084 4877 1
4877 497 1
497 258 1
258 4877 1
4877 4892 1
4892 8274 1
8274 5969 1
5969 10123 1
10123 756 1
756 2658 1
2658 8871 1
8871 8343 1
8343 5241 1
5241 1281 1
1281 5293 1
5293 10322 1
10322 8398 1
8398 9796 1
9796 3049 1
3049 3099 1
3099 2860 1
5336 397 1
397 9899 1
9899 6192 1
6192 3215 1
3215 5326 1
5326 2864 1
2864 1331 1
1331 4917 1
4917 4919 1
2904 397 1
397 2285 1
2285 8277 1
8277 2864 1
2864 4776 1
4776 2904 1
2904 707 1
707 9662 1
9662 9358 1
9358 7017 1
7017 6927 1
6927 3409 1
4298 678 1
678 11006 1
11006 606 1
606 5241 1
5241 9473 1
9473 3778 1
3778 10588 1
10588 68 1
68 5318 1
5318 9998 1
9998 10792 1
10792 2272 1
2272 10343 1
10343 68 1
68 5597 1
5597 10123 1
10123 2958 1
2958 8233 1
8233 9011 1
9011 7682 1
7682 4199 1
4199 86 1
86 9322 1
9322 4297 1
4297 4357 1
4357 2734 1
2734 8316 1
8316 6935 1
6935 7876 1
7876 3947 1
3947 2195 1
2195 2194 1
2194 8091 1
8091 5367 1
5367 899 1
899 5969 1
5969 2819 1
2819 9400 1
9400 1535 1
1535 8233 1
8233 8719 1
8719 8099 1
8099 8973 1
8973 3572 1
3572 830 1
10149 8767 1
8767 1640 1
1640 4097 1
4097 78 1
78 4241 1
4241 6363 1
6363 1963 1
1963 2939 1
1963 11022 1
11022 6898 1
6898 1492 1
6898 3827 1
3827 11097 1
11097 9050 1
9050 7804 1
7804 8767 1
8767 176 1
176 9275 1
9275 4842 1
4842 299 1
299 2573 1
2573 3457 1
3457 2388 1
2388 9326 1
9326 6272 1
11039 4338 1
4338 1115 1
1115 10021 1
10021 1775 1
1775 2008 1
2008 3993 1
3993 2827 1
2827 6328 1
6328 2925 1
2925 10613 1
10613 8779 1
8779 9275 1
9275 5504 1
5504 687 1
687 3623 1
3623 4454 1
4454 6737 1
6737 240 1
240 5241 1
5241 10588 1
10588 3862 1
3862 5163 1
5163 6529 1
6529 7843 1
7843 317 1
317 5451 1
5451 4388 1
4098 4709 1
4709 1716 1
1716 240 1
240 8973 1
8973 4304 1
4304 10619 1
10619 3806 1
3806 9136 1
9136 4412 1
4412 7361 1
7361 4357 1
4357 8716 1
8716 6935 1
6935 7682 1
7682 6525 1
6525 9165 1
9165 3022 1
3022 7920 1
7920 8871 1
8871 7064 1
7064 5453 1
5453 9356 1
9356 8285 1
8285 7064 1
7064 9142 1
5355 3788 1
3788 818 1
818 2402 1
2402 3042 1
3042 2734 1
2734 4563 1
3386 9733 1
9733 10202 1
4629 6595 1
6595 7843 1
7843 2289 1
2289 7066 1
7066 7494 1
7494 11132 1
9577 6715 1
6715 4873 1
4873 2535 1
2535 6715 1
6715 224 1
224 3572 1
3572 4664 1
4664 5366 1
5366 7288 1
7288 6036 1
6036 9502 1
9502 5819 1
5819 1069 1
1069 2794 1
2794 5819 1
5819 6134 1
6134 4664 1
4664 8952 1
8952 10209 1
10209 10394 1
10394 4128 1
4128 4730 1
4730 2595 1
2595 8767 1
6938 2083 1
296 5191 1
5191 5443 1
5443 8767 1
8767 9929 1
9929 5191 1
5191 7816 1
7816 4128 1
4128 296 1
296 398 1
398 6770 1
6770 9011 1
9011 6549 1
6549 3344 1
3344 11129 1
11129 5616 1
5616 5064 1
5064 3397 1
3397 7911 1
7911 5798 1
5798 614 1
614 5499 1
5499 3397 1
3397 9110 1
9110 9141 1
9141 2958 1
2958 7663 1
7663 8153 1
8153 3022 1
3022 2343 1
2343 7845 1
7845 18 1
18 8079 1
8079 5819 1
5819 3229 1
3229 2114 1
2114 4871 1
4871 10123 1
10123 5374 1
5374 2044 1
2044 2284 1
2284 2788 1
2788 6722 1
6722 2508 1
2508 357 1
357 7920 1
7920 2975 1
2975 1671 1
1671 8126 1
8126 2601 1
2601 1668 1
1668 2340 1
2340 1559 1
1559 10425 1
10425 2601 1
2601 5230 1
5230 10418 1
10418 6737 1
6737 7920 1
7920 6935 1
6935 5133 1
5133 7597 1
7597 4382 1
4382 4000 1
4000 6099 1
6099 2381 1
2381 9939 1
9939 1786 1
1786 63 1
63 268 1
268 9870 1
9870 678 1
678 2734 1
2734 8603 1
8603 8595 1
8595 10828 1
10828 8761 1
8761 7639 1
10321 3111 1
3111 367 1
367 2492 1
2492 1986 1
1986 6536 1
6536 2639 1
2639 9148 1
9148 8858 1
8858 649 1
649 5387 1
5387 4397 1
4397 6023 1
6023 5360 1
5360 6621 1
6621 7956 1
7956 8581 1
8581 6621 1
6621 8746 1
8746 921 1
921 8581 1
8581 8746 1
921 10139 1
10139 8746 1
8746 6823 1
6621 1600 1
6621 1846 1
1846 2121 1
2121 1629 1
1629 2381 1
2381 232 1
232 7023 1
7023 3517 1
3517 2736 1
3517 2175 1
2175 3570 1
3570 3882 1
3882 7834 1
582 2492 1
2492 1368 1
1368 5573 1
5573 1727 1
1727 3024 1
1727 3683 1
3683 2399 1
3683 6434 1
3683 1066 1
1066 5360 1
5360 10869 1
10869 5573 1
5573 1818 1
1818 10869 1
10869 5442 1
5442 9605 1
9605 10588 1
10588 10487 1
10487 6863 1
6863 5064 1
5064 4018 1
4018 2243 1
2243 5439 1
5439 8961 1
8961 4774 1
4774 2658 1
2658 2979 1
2979 1681 1
1681 6549 1
6549 10886 1
10886 2262 1
2262 8374 1
8374 8187 1
8187 85 1
85 2946 1
2946 4060 1
4060 8470 1
8470 4862 1
4862 2508 1
2508 7582 1
7582 8233 1
8233 9400 1
9400 9733 1
9733 7484 1
7484 1664 1
1664 2734 1
2734 5053 1
5053 9605 1
9605 3301 1
3301 4000 1
4000 2658 1
2658 1564 1
1564 1428 1
1428 10091 1
10091 2819 1
2819 7379 1
7379 818 1
818 6910 1
6910 2936 1
2936 7159 1
7159 8802 1
8802 9146 1
9146 1130 1
1130 8374 1
8374 2381 1
2381 4892 1
2381 7695 1
7695 10792 1
10792 542 1
542 9870 1
9870 2760 1
2760 8543 1
8543 4818 1
4818 4648 1
4648 4027 1
4027 9071 1
9071 8093 1
8093 6645 1
6645 7098 1
7098 6595 1
6595 1233 1
1233 6286 1
6286 7758 1
7758 1204 1
1204 5483 1
4161 2742 1
2742 8452 1
8452 1204 1
1204 10231 1
10231 972 1
102 6737 1
6737 281 1
281 6918 1
6918 7023 1
7023 7945 1
1564 10528 1
10528 8078 1
8078 2695 1
2695 4941 1
4941 667 1
667 6443 1
6443 8543 1
6443 1504 1
1504 3344 1
3344 8871 1
8871 8565 1
8565 10723 1
10723 4892 1
4892 8603 1
8603 8523 1
8523 4264 1
4264 6910 1
6910 4483 1
4483 6383 1
6383 3386 1
3386 7945 1
7945 8912 1
8912 11086 1
11086 7548 1
8054 9600 1
9600 8239 1
8239 5868 1
5868 3705 1
3705 800 1
800 5319 1
5319 4146 1
4146 4727 1
4727 5681 1
5681 2476 1
2476 3389 1
2476 7885 1
7885 6445 1
7885 2371 1
2371 8178 1
8178 7171 1
7171 1082 1
1082 5914 1
5914 442 1
442 9669 1
9669 5993 1
5993 442 1
442 10152 1
10152 1250 1
1250 2601 1
2601 4028 1
4028 3457 1
3457 9347 1
9347 7299 1
7299 997 1
997 5536 1
5536 10537 1
10537 10014 1
10014 10594 1
10014 8699 1
8699 8409 1
8409 313 1
313 6395 1
6395 9820 1
9820 8375 1
9820 7341 1
8375 7141 1
7141 6395 1
6395 8375 1
7341 7141 1
7141 9820 1
313 7341 1
7341 4391 1
4391 9820 1
9820 313 1
9820 8409 1
8409 4391 1
4391 313 1
6395 4391 1
8375 7341 1
7141 10486 1
10486 6395 1
6395 8409 1
8699 10594 1
10594 8409 1
10014 8409 1
10014 4561 1
4561 6619 1
6619 5536 1
5536 2686 1
2686 1416 1
1416 9347 1
9347 1169 1
1169 7274 1
7274 7299 1
7299 9468 1
9468 9901 1
9901 3047 1
3047 10654 1
10654 3372 1
3372 1416 1
1416 10890 1
10890 6196 1
6196 5468 1
5468 442 1
442 2601 1
2601 6220 1
6220 7885 1
7885 800 1
800 9928 1
9928 2819 1
2819 8153 1
8153 85 1
85 4941 1
4941 7352 1
7352 10073 1
10073 1406 1
1406 7432 1
7432 2760 1
2760 2932 1
2932 7231 1
7231 8911 1
8911 4776 1
4776 2821 1
2821 2921 1
2921 8547 1
8547 4776 1
4776 1726 1
1726 709 1
709 2198 1
2198 8644 1
8644 6892 1
6892 2794 1
2794 10452 1
10452 3648 1
3648 4664 1
2560 606 1
606 4747 1
4747 9817 1
9817 3073 1
3073 4239 1
4239 9817 1
4239 9089 1
9089 1715 1
1715 398 1
398 8872 1
397 4937 1
4937 2545 1
2545 5974 1
5974 3644 1
3644 2946 1
2946 8871 1
8871 1564 1
1564 4298 1
4298 50 1
50 4061 1
4061 542 1
542 9141 1
9141 2121 1
2121 9605 1
9605 5593 1
5593 8153 1
8153 10020 1
10020 4553 1
4553 1341 1
1341 10397 1
10397 8987 1
8987 6139 1
6139 6572 1
6572 3100 1
3100 3813 1
3813 941 1
941 2958 1
2958 9011 1
9011 4664 1
4664 1688 1
1688 5884 1
5884 2284 1
2284 2979 1
2979 9142 1
357 6194 1
6194 3386 1
3386 5439 1
5439 9577 1
9577 10318 1
10318 10777 1
10777 2571 1
2571 9545 1
9545 4774 1
4774 5974 1
5974 9131 1
9131 675 1
675 11087 1
11087 3326 1
3326 11054 1
11054 2505 1
2505 4877 1
4877 7676 1
7676 10179 1
10179 4199 1
4199 5130 1
5130 2475 1
5130 8071 1
8071 4810 1
4810 9929 1
4810 6737 1
6737 2979 1
2979 9600 1
9600 1328 1
3327 8054 1
8054 6595 1
5163 4663 1
4663 5593 1
5593 3039 1
3039 5064 1
5064 4663 1
4663 233 1
233 7755 1
7755 5119 1
5119 397 1
397 10129 1
10129 8364 1
8364 1965 1
1965 8239 1
8239 10157 1
10157 627 1
627 3247 1
3247 2072 1
2072 587 1
587 8635 1
8635 10275 1
10275 4309 1
4309 10488 1
10488 10275 1
10275 1124 1
1124 8635 1
8635 461 1
461 7097 1
7097 10229 1
10229 11027 1
11027 5671 1
5671 5698 1
5698 8225 1
8225 453 1
453 891 1
891 7681 1
7681 5740 1
5740 6001 1
6001 9264 1
9264 3164 1
3164 5974 1
5974 6288 1
6288 3862 1
3862 5593 1
5593 3326 1
3326 1130 1
1130 3993 1
3993 899 1
899 2194 1
899 7084 1
7084 4766 1
4766 9998 1
9998 3100 1
3100 10287 1
10287 2447 1
2447 5053 1
5053 6383 1
6383 5016 1
5016 3364 1
3364 3397 1
3397 8239 1
8239 2993 1
2993 8782 1
8782 6981 1
6981 1167 1
6981 2227 1
2227 9442 1
9442 6825 1
6825 9459 1
9459 1775 1
1775 6249 1
6249 2530 1
2530 4296 1
4296 3626 1
3626 9804 1
9804 9658 1
9658 3698 1
3698 8999 1
8999 847 1
847 771 1
771 1372 1
1372 7322 1
7322 8014 1
8014 798 1
798 1204 1
1204 1443 1
1443 360 1
360 3572 1
3572 3692 1
3692 2925 1
2925 3882 1
3882 7816 1
7816 6327 1
6327 853 1
853 6926 1
6926 4947 1
4947 744 1
744 1152 1
1152 8827 1
8827 9071 1
9071 6838 1
6838 6349 1
6349 8194 1
8194 5592 1
5592 6936 1
6936 161 1
161 9446 1
9446 9071 1
9071 985 1
985 3747 1
3747 411 1
411 5668 1
5668 161 1
161 10411 1
10411 617 1
617 3410 1
3410 10022 1
10022 10886 1
10886 6391 1
6391 2595 1
2595 240 1
240 9923 1
9923 9140 1
9140 3494 1
3494 9923 1
9923 5968 1
5968 8187 1
8187 8233 1
8233 2262 1
2262 3386 1
3386 11054 1
11054 7530 1
7530 3914 1
3914 7663 1
7663 1564 1
1564 6563 1
6563 3945 1
3945 11132 1
11132 7806 1
7806 1328 1
1328 3326 1
3326 5503 1
5503 3100 1
3100 7582 1
7582 4104 1
4104 10777 1
10777 1412 1
1412 4357 1
4357 4480 1
4480 4861 1
4861 5318 1
5318 3517 1
3517 258 1
258 7371 1
7371 5241 1
5241 8229 1
8229 6194 1
6194 3383 1
3383 6526 1
6526 5318 1
5318 2447 1
2447 6770 1
6770 6244 1
6244 5286 1
6244 5929 1
5929 7457 1
7457 1785 1
1785 2788 1
2788 7484 1
7484 6923 1
6923 3523 1
3523 8603 1
8603 4483 1
4483 3344 1
3344 264 1
264 8523 1
8523 8274 1
8274 7159 1
7159 4774 1
4774 7676 1
7676 3517 1
3517 3259 1
3517 11073 1
11073 1141 1
11073 6918 1
6918 6383 1
6383 542 1
542 3945 1
3945 4766 1
4766 542 1
542 2734 1
2734 6528 1
6528 3794 1
3794 719 1
719 4199 1
4199 2734 1
2734 3957 1
3957 4104 1
4104 5974 1
5974 10287 1
10287 5540 1
5540 7641 1
7641 2579 1
5540 5494 1
5494 1619 1
1619 2217 1
2217 7901 1
2217 7 1
7 9491 1
9491 582 1
9925 9104 1
9104 1986 1
1986 9544 1
9544 7831 1
7831 3305 1
3305 3748 1
3748 9973 1
9973 9148 1
9148 8014 1
8014 4676 1
4676 492 1
492 1119 1
1119 4545 1
4545 4067 1
4067 771 1
771 9372 1
9372 8014 1
8014 10765 1
10765 8128 1
8128 6596 1
8128 11068 1
11068 10878 1
10878 8309 1
8309 10751 1
10751 10362 1
10751 1274 1
1274 10565 1
10565 3163 1
3163 55 1
10565 3573 1
3573 1849 1
1849 6919 1
6919 7197 1
7197 10662 1
10662 8632 1
8632 8947 1
8947 11092 1
11092 7739 1
7739 5455 1
5455 3493 1
3493 3736 1
3736 5455 1
3493 10109 1
10109 3736 1
3736 5664 1
5664 9816 1
9816 5416 1
5416 9045 1
9045 3736 1
5455 6421 1
6421 4608 1
4608 9507 1
9507 1249 1
1249 1748 1
1748 4499 1
4499 716 1
716 4948 1
4948 8072 1
8072 3138 1
3138 100 1
100 5829 1
5829 9240 1
5829 994 1
994 3684 1
3684 9474 1
9474 7007 1
7007 7890 1
7890 6172 1
6172 5409 1
5409 2807 1
2807 9240 1
9240 3845 1
3845 4485 1
4485 3684 1
3684 3804 1
3804 3988 1
3988 5409 1
5409 9240 1
9240 4485 1
4485 10968 1
10968 3988 1
3988 3684 1
9474 8957 1
8957 4768 1
4768 5829 1
5829 3804 1
3804 4485 1
4485 6172 1
6172 5317 1
5317 5829 1
5829 3438 1
3438 2537 1
2537 10924 1
2537 3138 1
3138 3438 1
3438 4499 1
4499 3343 1
3343 2537 1
2537 5829 1
5829 5659 1
5829 3138 1
3138 1748 1
1748 6788 1
6788 9995 1
9995 1187 1
1187 9114 1
1187 10579 1
1187 2895 1
1187 10028 1
10028 10492 1
10492 8925 1
8925 6420 1
6420 1291 1
1291 8617 1
8617 9713 1
9713 10271 1
10271 8600 1
8600 10898 1
10898 388 1
388 2839 1
2839 6937 1
6937 4779 1
4779 8859 1
8859 1655 1
1655 6674 1
6674 8087 1
8087 1655 1
1655 3399 1
3399 6674 1
6674 2678 1
2678 506 1
506 8859 1
8859 8600 1
8600 8276 1
8276 11020 1
11020 9668 1
9668 4171 1
4171 7542 1
7542 3954 1
7542 1874 1
1874 8740 1
8740 3598 1
3598 9842 1
9842 1812 1
1812 3598 1
9842 7647 1
7647 10710 1
7647 8571 1
8571 9447 1
9447 1686 1
1686 4331 1
4331 8042 1
8042 10384 1
10384 5423 1
10384 8190 1
8190 4704 1
4704 7954 1
7954 3768 1
3768 2587 1
2587 7230 1
7230 708 1
708 6855 1
6855 385 1
385 6817 1
6817 7346 1
7346 11107 1
11107 3018 1
3018 7894 1
7894 3009 1
3009 6660 1
6660 8573 1
8573 1142 1
1142 2172 1
2172 5755 1
5755 4957 1
4957 5320 1
4957 10969 1
10969 8383 1
8383 6175 1
6175 10842 1
10842 9703 1
9703 9752 1
9752 2648 1
2648 6163 1
6163 7519 1
7519 8430 1
8430 3535 1
3535 858 1
858 659 1
3894 8383 1
8383 6713 1
6713 9752 1
9752 9188 1
9188 8843 1
8843 828 1
828 10842 1
10842 9288 1
9288 9607 1
9607 8009 1
8009 9288 1
9288 10969 1
10969 10842 1
10842 681 1
681 5448 1
5448 5951 1
5951 7648 1
7648 2840 1
2840 9288 1
9288 6280 1
9607 601 1
601 1016 1
1016 5242 1
5242 7183 1
7183 5110 1
5110 5093 1
5093 8157 1
8157 10549 1
10549 5093 1
5093 544 1
544 2373 1
2373 8373 1
8373 1452 1
1452 828 1
828 5187 1
5187 1706 1
1706 8383 1
1706 2840 1
2840 6599 1
6599 10518 1
6599 5187 1
5187 4303 1
4303 5407 1
5407 2909 1
2909 9703 1
9703 10969 1
10969 5092 1
5092 11128 1
11128 10162 1
10162 10661 1
10661 9766 1
9766 1781 1
1781 9082 1
9082 622 1
9082 5640 1
5640 4968 1
4968 9700 1
9700 8959 1
8959 7686 1
7686 2846 1
2846 6244 1
6244 6935 1
6935 8285 1
8285 4024 1
8285 5686 1
5686 7288 1
7288 7859 1
7859 9235 1
9235 9497 1
9235 1836 1
1836 1634 1
1634 10479 1
1634 834 1
834 7597 1
7597 3317 1
3317 3999 1
3999 5966 1
5966 6927 1
6927 1153 1
1153 10723 1
10723 281 1
281 2339 1
2339 5744 1
5744 4764 1
4764 7612 1
4764 10843 1
4764 3785 1
5744 547 1
547 201 1
201 6796 1
6796 3746 1
3746 7802 1
7802 9624 1
7802 10868 1
10868 6820 1
10868 6011 1
6011 5997 1
5997 8145 1
5997 3474 1
3474 655 1
3474 517 1
517 1470 1
1470 655 1
517 10250 1
10250 2710 1
2710 10378 1
10378 10250 1
10250 9791 1
9791 10378 1
9791 1510 1
1510 8212 1
8212 7784 1
7784 9784 1
9784 554 1
554 7784 1
554 6312 1
6312 1183 1
1183 4705 1
4705 7390 1
7390 3373 1
2339 9018 1
9018 6422 1
6422 4563 1
4563 9141 1
9141 4661 1
4661 583 1
583 7484 1
7484 8282 1
8282 8343 1
8343 7031 1
7031 9278 1
9278 2854 1
2854 9502 1
9502 5458 1
5458 7193 1
7193 1688 1
1688 32 1
32 10882 1
10882 1634 1
1634 9070 1
9070 7804 1
7804 2187 1
2187 7215 1
7215 920 1
920 9468 1
9468 8753 1
8753 2371 1
2371 9468 1
9468 9872 1
9872 7353 1
9872 783 1
783 5100 1
5100 6166 1
6166 2851 1
2851 6286 1
6286 9011 1
9011 4238 1
4238 6549 1
6549 3604 1
3604 9387 1
9387 9072 1
9072 1132 1
1132 4810 1
4810 7816 1
7816 3237 1
