6531 5132 1
5132 9996 1
9996 7148 1
9996 7465 1
7465 2362 1
2362 5966 1
5966 1153 1
1153 6459 1
6459 7710 1
7710 7147 1
7147 3401 1
3401 4998 1
4998 3218 1
3218 10886 1
10886 4382 1
4382 3517 1
3517 3232 1
3232 2658 1
2658 834 1
834 9011 1
9011 8174 1
8174 42 1
42 357 1
357 2532 1
2532 4351 1
4351 6708 1
6708 18 1
18 830 1
830 6938 1
6938 5443 1
5443 7359 1
7359 8451 1
8451 8935 1
8935 5443 1
5443 4351 1
4351 8516 1
8516 8903 1
8903 7193 1
7193 5453 1
5453 7228 1
7228 7017 1
7017 10158 1
10158 398 1
398 2932 1
2932 5668 1
5668 6936 1
6936 6109 1
6109 2760 1
2760 9870 1
9870 10287 1
10287 2112 1
2112 6894 1
6894 5709 1
5709 295 1
295 7074 1
7074 8998 1
8998 68 1
68 4298 1
4298 3625 1
3625 7524 1
7524 6505 1
6505 8572 1
8572 5388 1
5388 1892 1
1892 3957 1
3957 2243 1
2243 9939 1
9939 85 1
85 2571 1
2571 3993 1
3993 9033 1
9033 4018 1
4018 9296 1
9296 7806 1
7806 4018 1
4018 1806 1
1806 10202 1
10202 5534 1
5534 4135 1
4135 9146 1
9146 3326 1
3326 9939 1
9939 2970 1
2970 2461 1
2461 3788 1
3788 1233 1
3788 10353 1
10353 4828 1
4828 2532 1
2532 1132 1
1132 7857 1
7857 2175 1
2175 3570 1
3570 3237 1
3237 830 1
830 9072 1
9072 8484 1
8484 7432 1
7432 6821 1
6821 1882 1
1882 8543 1
8543 3747 1
3747 10158 1
10158 8903 1
8903 6737 1
6737 2339 1
2339 5751 1
5751 7606 1
7606 10202 1
10202 3611 1
3611 5534 1
5534 2395 1
2395 4468 1
4468 9922 1
9922 537 1
537 2272 1
2272 8716 1
8716 8470 1
8470 4104 1
4104 50 1
50 9165 1
9165 8233 1
8233 9577 1
9577 2445 1
2445 10551 1
10551 2112 1
2112 3914 1
3914 9577 1
9577 8802 1
8802 9473 1
9473 1959 1
1959 1892 1
1892 8345 1
8345 7064 1
7064 2192 1
2192 1959 1
1959 6097 1
6097 10726 1
10726 8987 1
8987 8229 1
8229 10263 1
10263 3730 1
3730 2900 1
2900 7355 1
7355 7440 1
7440 8199 1
8199 1599 1
8199 1934 1
1934 10290 1
1934 5260 1
5260 6405 1
6405 4078 1
4078 8895 1
8895 7488 1
7488 3223 1
3223 642 1
642 5026 1
5026 5380 1
5380 7976 1
7976 7509 1
7509 1571 1
1571 8181 1
1571 8764 1
1571 10728 1
10728 2031 1
10728 6136 1
6136 4051 1
4051 4425 1
4425 9086 1
9086 2086 1
2086 10057 1
10057 2031 1
6136 2031 1
10728 1735 1
1735 4425 1
4425 6136 1
4425 2591 1
6136 2086 1
2086 2591 1
2591 1571 1
7976 8608 1
7976 8764 1
8181 4050 1
4050 4051 1
4425 1571 1
1571 6136 1
2031 4050 1
8181 4425 1
2086 10728 1
10728 4051 1
4050 1571 1
1571 3811 1
10728 4425 1
2086 3811 1
3811 4425 1
2591 10057 1
10057 1571 1
3811 8181 1
1571 2086 1
5380 1934 1
1934 6936 1
6936 2078 1
2078 11173 1
11173 8484 1
8484 8278 1
8278 4372 1
4372 6852 1
6852 2347 1
2347 5813 1
5813 11068 1
11068 2078 1
2078 8484 1
8484 1935 1
1935 10471 1
10471 3270 1
10471 1141 1
1141 9427 1
9427 7159 1
7159 7695 1
7695 2262 1
2262 6099 1
6099 2979 1
2979 4892 1
4892 10041 1
10041 357 1
357 6097 1
6097 50 1
50 8871 1
8871 7606 1
7606 8912 1
8912 6781 1
6781 10086 1
10086 10235 1
10235 281 1
281 6139 1
6139 3227 1
3227 3993 1
3993 6459 1
6459 3218 1
3218 3678 1
3678 2788 1
2788 4464 1
4464 9545 1
9545 678 1
678 5503 1
5503 3858 1
3858 8716 1
8716 5792 1
5792 2044 1
2044 8274 1
8274 6286 1
6286 11167 1
11167 4335 1
4335 3510 1
3510 3844 1
3844 3774 1
3774 7159 1
7159 6563 1
6563 8282 1
8282 7695 1
7695 5442 1
5442 4464 1
4464 10529 1
10529 10723 1
10723 9218 1
9218 2243 1
2243 2535 1
2535 3039 1
3039 8153 1
8153 1130 1
1130 8759 1
8759 4661 1
4661 7920 1
7920 8229 1
8229 3523 1
3523 1801 1
1801 10723 1
10723 10974 1
10974 8467 1
10974 853 1
853 6328 1
6328 3659 1
3659 11195 1
11195 6801 1
6801 5101 1
5101 6006 1
6006 8749 1
8749 6801 1
6801 4512 1
4512 114 1
114 2903 1
2903 3096 1
3096 3393 1
3393 6196 1
6196 9872 1
9872 9253 1
9253 9468 1
9468 9025 1
9025 8171 1
8171 4180 1
4180 10235 1
10235 3154 1
3154 10374 1
10374 3572 1
3572 6063 1
6063 7755 1
7755 9761 1
9761 1331 1
1331 3099 1
3099 2932 1
2932 4230 1
4230 10073 1
10073 411 1
411 6376 1
6376 1248 1
1248 1904 1
1904 9662 1
9662 8045 1
8045 8285 1
8285 2041 1
2041 9356 1
9356 2821 1
2821 2301 1
2301 18 1
18 4725 1
4725 2114 1
2114 10886 1
10886 3517 1
3517 3100 1
3100 7091 1
7091 11060 1
11060 3659 1
3659 853 1
853 4104 1
4104 4725 1
4725 6737 1
6737 3197 1
3197 8871 1
8871 4115 1
4115 7131 1
7131 10886 1
10886 3326 1
3326 1564 1
1564 8755 1
8755 537 1
537 5534 1
5534 4356 1
4356 9733 1
9733 10726 1
10726 583 1
583 3813 1
3813 8343 1
8343 2196 1
2196 5703 1
5703 1657 1
1657 2408 1
1657 1208 1
1208 2294 1
1208 8153 1
8153 2788 1
2788 2192 1
2192 10723 1
10723 414 1
414 3409 1
3409 8961 1
8961 6059 1
6059 10792 1
10792 10123 1
10123 818 1
818 7091 1
7091 9427 1
9427 11170 1
11170 8736 1
8736 11046 1
11046 10970 1
10970 11060 1
11060 258 1
258 3042 1
3042 9939 1
9939 4747 1
4747 2876 1
2876 3977 1
3977 4008 1
4008 2979 1
2979 3309 1
3309 9264 1
9264 4865 1
4865 1806 1
1806 6648 1
6648 561 1
561 9033 1
9033 2792 1
2792 10179 1
10179 1785 1
1785 2877 1
2877 3926 1
3926 6938 1
6938 3572 1
3572 3364 1
3364 6033 1
6033 3022 1
3022 5318 1
5318 3993 1
3993 3523 1
3523 4954 1
4954 2975 1
2975 7318 1
7318 2829 1
2829 10225 1
10225 8671 1
8671 2829 1
10225 3241 1
3241 10792 1
10792 1958 1
1958 5971 1
5971 6352 1
6352 10860 1
10860 3455 1
3455 7848 1
7848 7414 1
7414 5237 1
5237 9825 1
9825 220 1
220 9418 1
9418 8874 1
9418 9022 1
9022 8675 1
8675 4166 1
4166 1473 1
1473 4659 1
4659 1131 1
1131 1330 1
1330 10331 1
10331 11171 1
11171 9493 1
9493 8871 1
8871 6374 1
6374 2438 1
2438 9008 1
9008 3397 1
3397 5355 1
5355 7505 1
7505 5442 1
5442 6329 1
6329 629 1
629 3951 1
3951 2552 1
2552 3060 1
3060 10792 1
10792 9278 1
9278 1564 1
1564 9939 1
9939 1959 1
1959 7371 1
7371 5374 1
5374 3993 1
3993 10292 1
10292 6876 1
6876 6722 1
6722 4298 1
4298 5161 1
5161 10287 1
10287 5819 1
5819 7963 1
7963 2821 1
2821 10410 1
10410 3317 1
3317 295 1
295 4190 1
4190 2466 1
2466 7074 1
7074 1412 1
1412 8374 1
8374 10123 1
10123 4877 1
4877 982 1
982 6563 1
6563 3042 1
3042 8316 1
8316 542 1
542 2979 1
2979 10726 1
10726 6918 1
6918 6383 1
6383 7484 1
7484 2192 1
2192 3617 1
3617 3918 1
3918 4357 1
4357 5792 1
5792 2505 1
2505 9400 1
9400 3100 1
3100 6722 1
6722 5783 1
5783 2737 1
2737 10869 1
10869 5573 1
5573 649 1
5573 5080 1
5080 1096 1
1096 7831 1
7831 4193 1
4193 10560 1
10560 8014 1
8014 8999 1
8999 3551 1
3551 4067 1
4067 3698 1
3698 5943 1
5943 3887 1
3887 8163 1
8163 8466 1
8466 10443 1
10443 8633 1
10443 7790 1
7790 8466 1
8466 832 1
832 1119 1
1119 8014 1
8014 7322 1
7322 5261 1
5261 946 1
946 10443 1
10443 5943 1
5943 1119 1
1119 8537 1
8537 10023 1
10023 8163 1
8163 728 1
728 8466 1
8466 8999 1
8999 3698 1
3698 6783 1
6783 4067 1
4067 10023 1
10023 847 1
847 9727 1
9727 3698 1
3698 9658 1
9658 8014 1
8014 8014 1
8014 5650 1
5650 10023 1
847 9057 1
9057 9122 1
9122 9372 1
9372 847 1
9057 4257 1
4257 6783 1
4067 4676 1
4676 8014 1
8014 7790 1
7790 7322 1
7322 946 1
946 9057 1
9057 1298 1
1298 9372 1
9372 607 1
607 4257 1
4257 1034 1
1034 1673 1
1673 728 1
728 8999 1
8999 752 1
752 8267 1
8267 1372 1
1372 10198 1
10198 492 1
492 9057 1
9057 752 1
752 4067 1
4067 946 1
946 492 1
492 9122 1
9122 10198 1
10198 9856 1
9856 9955 1
9955 333 1
333 8400 1
8400 10198 1
10198 4000 1
4000 10894 1
10894 7416 1
7416 1355 1
1355 7290 1
7290 1553 1
1553 7966 1
7966 1355 1
1355 8302 1
8302 739 1
739 10385 1
10385 1553 1
1553 4000 1
4000 4536 1
4536 7484 1
7484 7064 1
7064 6595 1
6595 3692 1
3692 7816 1
7816 6737 1
6737 6525 1
6525 8153 1
8153 8603 1
8603 2946 1
2946 1681 1
1681 5969 1
5969 8961 1
8961 10022 1
10022 8233 1
8233 5503 1
5503 537 1
537 4477 1
4477 10828 1
10828 3263 1
3263 1068 1
1068 4474 1
4474 4661 1
4661 4480 1
4480 5246 1
5246 5130 1
4480 2262 1
2262 4061 1
4061 10041 1
10041 5374 1
7371 68 1
68 10723 1
10723 9146 1
9146 2281 1
2281 7702 1
7702 6329 1
6329 11060 1
11060 4480 1
4480 4477 1
4477 4536 1
4536 818 1
818 3301 1
3301 9427 1
9427 7857 1
7857 2194 1
2194 1771 1
1771 9241 1
1771 8407 1
8407 2082 1
2082 552 1
552 4792 1
552 2863 1
552 3309 1
3309 7754 1
7754 5831 1
5831 1248 1
1248 3010 1
3010 4972 1
4972 3356 1
3356 8229 1
8229 542 1
542 629 1
629 10588 1
10588 1785 1
1785 180 1
180 5355 1
5355 6099 1
6099 4357 1
4357 7663 1
7663 4483 1
4483 5574 1
5574 7275 1
7275 7968 1
7968 8862 1
8862 11167 1
11167 5188 1
5188 10317 1
10317 9397 1
9397 9131 1
9131 10317 1
10317 5574 1
5574 7359 1
7359 4663 1
4663 11087 1
11087 4135 1
4135 8345 1
8345 11006 1
11006 4297 1
4297 9142 1
9142 8523 1
8523 9141 1
9141 3672 1
3672 1025 1
1025 5881 1
5881 7359 1
7359 10886 1
10886 176 1
176 4871 1
4871 10964 1
10964 1341 1
1341 10149 1
10149 6737 1
6737 296 1
296 8229 1
8229 7379 1
7379 8961 1
8961 2447 1
2447 4563 1
4563 2281 1
2281 6099 1
6099 3100 1
3100 3772 1
3772 281 1
281 9131 1
9131 3774 1
3844 7845 1
7845 4828 1
7845 7155 1
7155 2249 1
2249 661 1
661 3730 1
3730 11039 1
11039 6060 1
6060 10293 1
10293 1878 1
1878 8412 1
1878 6279 1
6279 4471 1
4471 620 1
620 4277 1
4277 8601 1
8601 799 1
799 620 1
620 226 1
226 6985 1
6985 2749 1
2749 7438 1
7438 4277 1
4277 6220 1
6220 2944 1
2944 5914 1
5914 1416 1
1416 3346 1
3346 3986 1
3346 1169 1
1169 10890 1
10890 1250 1
1250 5941 1
5941 9901 1
9901 1767 1
1767 7120 1
7120 10890 1
10890 7299 1
7299 1592 1
1592 3484 1
3484 4563 1
4563 8374 1
8374 1739 1
1739 9733 1
9733 8565 1
8565 4018 1
4018 5064 1
5064 7066 1
5064 1208 1
1208 9602 1
9602 2289 1
2289 10179 1
10179 1210 1
1210 3039 1
3039 7843 1
7843 9025 1
9025 10234 1
10234 9693 1
9693 7110 1
7110 8395 1
8395 1229 1
1229 7740 1
7740 7509 1
8608 7104 1
8608 1533 1
1533 9482 1
9482 7494 1
7494 3062 1
3062 4356 1
4356 6491 1
6491 8274 1
8274 1629 1
1629 7239 1
7239 8736 1
8736 6935 1
6935 972 1
972 102 1
102 11093 1
11093 2709 1
2709 376 1
376 9131 1
9131 7689 1
7689 8100 1
8100 5654 1
5654 11087 1
11087 9600 1
9600 4018 1
4018 8712 1
8712 4135 1
4135 980 1
980 9600 1
9600 3022 1
3022 8233 1
8233 3060 1
2552 5318 1
5318 6563 1
6563 2549 1
2549 6942 1
2549 5839 1
5839 7273 1
7273 6465 1
6465 9561 1
9561 1369 1
9561 9081 1
1369 6027 1
6027 10216 1
10216 6667 1
10216 1667 1
1667 9977 1
9977 7503 1
7503 5729 1
7503 8109 1
8109 5297 1
5297 5248 1
5248 10016 1
10016 7919 1
7919 3975 1
10016 2754 1
10016 3975 1
3975 5994 1
5994 7543 1
7543 5851 1
5851 7387 1
7387 5159 1
5159 7543 1
7543 7192 1
7192 1668 1
1668 1348 1
1668 7640 1
7640 5265 1
5265 8156 1
8156 954 1
954 5282 1
5282 3166 1
3166 1453 1
1453 544 1
544 3166 1
3166 6372 1
6372 6844 1
6372 6457 1
6457 5824 1
5824 9454 1
9454 9733 1
9733 8802 1
8802 3397 1
3397 74 1
74 5163 1
5163 8054 1
8054 8565 1
8565 2897 1
2897 5255 1
5255 5881 1
5881 2946 1
2946 6099 1
6099 4297 1
4297 2658 1
2658 8807 1
8807 10411 1
10411 7054 1
7054 10265 1
10265 3788 1
3788 1483 1
1483 10064 1
10064 8229 1
8229 9269 1
9269 206 1
9269 8803 1
206 8376 1
206 795 1
795 5212 1
5212 6036 1
6036 7193 1
8903 8935 1
8935 9852 1
9852 1331 1
1331 3720 1
3720 8146 1
8146 4937 1
4937 8547 1
8547 1726 1
1726 9796 1
9796 8872 1
8872 7427 1
7427 11081 1
11081 5978 1
5978 3679 1
3679 5010 1
5010 8285 1
8285 4664 1
4664 7064 1
7064 2734 1
2734 4941 1
4941 6525 1
6525 4474 1
4474 8719 1
8719 8345 1
8345 5472 1
5472 2532 1
2532 3175 1
3175 9356 1
3175 6036 1
6036 10418 1
10418 5133 1
5133 4828 1
4828 5472 1
5472 1412 1
1412 6033 1
6033 1730 1
1730 3637 1
3637 5537 1
5537 8316 1
8316 2608 1
2608 8565 1
8565 2535 1
2535 8239 1
8239 8734 1
8734 7052 1
7052 10984 1
10984 4082 1
4082 9922 1
9922 1029 1
1029 4468 1
4468 10807 1
10807 3022 1
3022 4941 1
4941 5974 1
5974 9397 1
9397 6408 1
6408 5574 1
5574 3844 1
3844 4610 1
4610 10624 1
10624 3625 1
3625 2890 1
2890 2798 1
2798 4610 1
4610 5898 1
5898 6997 1
6997 2339 1
2339 972 1
972 1389 1
1389 7758 1
7758 1069 1
1069 4278 1
4278 8451 1
8451 6935 1
6935 2272 1
2272 6019 1
6019 3042 1
3042 2044 1
2044 3234 1
3234 8755 1
8755 2192 1
2192 2979 1
2979 6572 1
6572 6459 1
6459 5241 1
5241 2957 1
2957 2175 1
2175 8316 1
8316 3483 1
3483 9600 1
9600 4332 1
4332 2401 1
2401 6981 1
6981 2530 1
2530 5210 1
5210 6176 1
6176 10206 1
10206 5361 1
5361 9082 1
9082 1270 1
1270 5640 1
5640 377 1
377 9878 1
9878 5815 1
5815 4104 1
4104 4356 1
4356 6715 1
6715 10235 1
10235 7530 1
7530 3788 1
3788 7977 1
7977 5082 1
5082 8013 1
8013 982 1
982 8716 1
8716 5569 1
5569 4480 1
4480 5439 1
5439 2238 1
2238 10886 1
10886 4563 1
4563 5161 1
5161 6923 1
6923 2979 1
2979 10123 1
10123 357 1
357 6525 1
6525 2402 1
2402 6097 1
6097 1739 1
1739 7091 1
7091 9681 1
9681 10609 1
10609 10292 1
10292 1157 1
1157 4349 1
4349 6411 1
6411 1958 1
1958 1959 1
1959 8998 1
8998 10004 1
10004 8187 1
8187 7239 1
7239 3064 1
3064 5374 1
5374 8345 1
8345 6918 1
6918 2958 1
2958 2272 1
2272 11054 1
11054 7768 1
7768 1959 1
1959 899 1
899 4606 1
4606 7857 1
7857 8762 1
8762 621 1
621 987 1
987 10528 1
10528 2695 1
2695 1152 1
1152 8543 1
1152 4724 1
4724 6157 1
6157 9118 1
9118 4842 1
4842 4947 1
4947 3097 1
3097 830 1
830 2595 1
2595 8071 1
8071 7816 1
7816 2925 1
2925 4947 1
4947 1793 1
1793 5313 1
5313 4664 1
4664 4631 1
4631 7789 1
7789 5443 1
5443 2284 1
2284 8341 1
8341 5884 1
5884 9438 1
9438 4631 1
4631 6935 1
6935 9427 1
9427 6918 1
6918 9218 1
9218 2880 1
2880 4474 1
4474 386 1
4474 10375 1
4474 4480 1
4480 4862 1
4862 5442 1
5442 4861 1
4861 3064 1
3064 10041 1
10041 583 1
583 9165 1
9165 8736 1
8736 2284 1
2284 1837 1
1837 6353 1
6353 8341 1
8341 7017 1
7017 6927 1
6927 1953 1
1953 9941 1
1953 8319 1
8319 3709 1
3709 2854 1
2854 6063 1
6063 2932 1
2932 2285 1
2285 2821 1
2821 6991 1
6991 7279 1
7279 6935 1
6935 8079 1
8079 360 1
360 5970 1
5970 4135 1
4135 9008 1
2438 4333 1
4333 8264 1
8264 9454 1
9454 6374 1
6374 1806 1
1806 10020 1
10020 6595 1
6595 4264 1
4264 6019 1
6019 542 1
542 6923 1
6923 5574 1
5574 8316 1
8316 6139 1
6139 3301 1
3301 2262 1
2262 3644 1
3644 8719 1
8719 5053 1
5053 5597 1
5597 2854 1
2854 6894 1
6894 5318 1
5318 6923 1
6923 7031 1
7031 3945 1
3945 6918 1
6918 5550 1
5550 6043 1
6043 7159 1
7159 8755 1
8755 85 1
85 6572 1
6572 4104 1
4104 583 1
583 2284 1
2284 10723 1
10723 11132 1
11132 9278 1
9278 2381 1
2381 2121 1
2121 1412 1
1412 3772 1
3772 4861 1
4861 2281 1
2281 4483 1
4483 3957 1
3957 3326 1
3326 8054 1
8054 1629 1
1629 7920 1
7920 6286 1
6286 1130 1
1130 3517 1
3517 3317 1
3317 9872 1
9872 9693 1
9693 9025 1
9693 5082 1
5082 6576 1
6576 1250 1
10890 1767 1
1767 3866 1
3866 5914 1
5914 8178 1
8178 2371 1
2371 2226 1
2226 7885 1
7885 299 1
299 5941 1
5941 9468 1
9468 4132 1
4132 122 1
122 2367 1
2367 9013 1
2367 10584 1
10584 2569 1
2569 502 1
502 1653 1
1653 5552 1
5552 5455 1
5455 4586 1
4586 7210 1
4586 10555 1
10555 1143 1
1143 9301 1
1143 7277 1
10555 7210 1
7210 2296 1
2296 5756 1
2296 817 1
817 3610 1
3610 989 1
989 2548 1
2548 1818 1
1818 9148 1
9148 1326 1
1326 7163 1
7163 9104 1
9104 3748 1
3748 3123 1
3123 2805 1
2805 9148 1
9148 5573 1
5573 1326 1
1326 10985 1
10985 6293 1
6293 1096 1
1096 2145 1
2145 9952 1
9952 10305 1
10305 10729 1
10729 10306 1
10306 899 1
899 1197 1
1197 1959 1
1959 4861 1
4861 3100 1
3100 4349 1
4349 8470 1
8470 1197 1
1197 6572 1
6572 2788 1
2788 2880 1
2880 8345 1
8345 3234 1
3234 4264 1
4264 3383 1
3383 6876 1
6876 319 1
319 8998 1
8998 9011 1
9011 4629 1
4629 8153 1
8153 9319 1
9319 2559 1
2559 8938 1
8938 6848 1
6848 2219 1
2219 5867 1
2219 9744 1
9744 8703 1
8703 1301 1
1301 2540 1
2540 5866 1
5866 1452 1
1452 2540 1
2540 5001 1
5001 377 1
377 2077 1
2077 9878 1
9878 10695 1
10695 9486 1
10695 3650 1
3650 7302 1
7302 5357 1
5357 4097 1
4097 1237 1
4097 5569 1
5569 5318 1
5318 9545 1
9545 2402 1
2402 6770 1
6770 2788 1
2788 982 1
982 9025 1
9025 3739 1
3739 5100 1
5100 8108 1
8108 5015 1
5015 9513 1
9513 2933 1
2933 5015 1
5015 3151 1
3151 9181 1
9181 4322 1
4322 5015 1
3151 923 1
923 3391 1
3391 7699 1
7699 11063 1
11063 10292 1
3993 233 1
233 561 1
561 1208 1
1208 3062 1
3062 3523 1
3523 9523 1
9523 5964 1
5964 6723 1
6723 6890 1
6890 4862 1
4862 6723 1
6723 899 1
899 6411 1
6411 9873 1
9873 6722 1
6722 1535 1
1535 629 1
629 9523 1
9523 5971 1
5971 5241 1
5241 4104 1
4104 3017 1
3017 3364 1
3364 4298 1
4298 9165 1
9165 2958 1
2958 5503 1
5503 11132 1
11132 3227 1
3227 2381 1
2381 4563 1
4563 10723 1
10723 2571 1
2571 6894 1
6894 8316 1
8316 4018 1
4018 1208 1
1208 8014 1
8014 7097 1
7097 5671 1
5671 7761 1
7761 8647 1
8647 1923 1
1923 6438 1
6438 1941 1
1941 5834 1
5834 7630 1
7630 3185 1
3185 10548 1
10548 7041 1
7041 3185 1
7041 1923 1
1923 7813 1
7041 10304 1
10304 6076 1
6076 339 1
339 5334 1
5334 6076 1
6076 3645 1
3645 7266 1
7266 3565 1
3565 6992 1
3565 9860 1
9860 8808 1
8808 7056 1
7056 10505 1
10505 7161 1
7161 10994 1
10994 6410 1
6410 2657 1
2657 4605 1
4605 11046 1
11046 4368 1
11046 7734 1
7734 2430 1
2430 6953 1
6953 220 1
220 1784 1
1784 8874 1
8874 2976 1
1784 2976 1
2976 220 1
220 8169 1
8169 6953 1
6953 9418 1
9022 220 1
8874 6953 1
2430 2830 1
2830 62 1
62 11046 1
11046 8727 1
11046 6953 1
6953 8675 1
1473 5475 1
5475 4166 1
1473 378 1
1473 6167 1
6167 56 1
6167 3980 1
6167 4659 1
4659 11136 1
11136 10757 1
10757 933 1
933 7186 1
7186 1876 1
1876 1190 1
1190 9021 1
1190 4707 1
4707 10205 1
4707 6197 1
6197 411 1
411 5524 1
5524 3092 1
3092 10983 1
10983 1541 1
1541 1248 1
1248 6197 1
6197 8883 1
8883 3342 1
3342 9887 1
9887 7946 1
7946 4196 1
4196 1190 1
1190 5158 1
5158 3374 1
3374 6036 1
6036 982 1
982 920 1
920 5366 1
5366 7288 1
7288 4356 1
4356 7457 1
7457 4918 1
4918 4104 1
4104 10964 1
10964 6595 1
6595 2020 1
2020 2946 1
2946 3383 1
3383 6194 1
6194 7064 1
7064 606 1
606 9146 1
9146 3386 1
3386 4483 1
4483 3234 1
3234 3409 1
3409 4464 1
4464 357 1
357 6411 1
6411 3951 1
3951 3858 1
3858 2880 1
9218 1629 1
1629 8719 1
8719 10792 1
10792 6923 1
6923 6549 1
6549 2819 1
2819 4297 1
4297 3326 1
3326 6648 1
6648 4663 1
4663 7992 1
7992 9788 1
9788 5815 1
5815 8073 1
8073 1688 1
1688 8451 1
8451 10886 1
10886 555 1
555 4239 1
4239 2798 1
2798 2339 1
2339 5574 1
5574 3993 1
3993 10318 1
10318 9545 1
9545 6935 1
6935 834 1
834 6244 1
6244 6407 1
6407 4492 1
6407 8523 1
8523 4536 1
4536 2112 1
2112 10529 1
10529 4060 1
4060 6019 1
6019 50 1
50 1629 1
1629 8229 1
8229 10757 1
10757 3875 1
3875 10605 1
10605 841 1
10605 3222 1
10605 5595 1
5595 3222 1
10605 7685 1
3222 841 1
3875 9180 1
9180 1781 1
1781 444 1
444 4302 1
4302 4852 1
4852 3285 1
3285 5754 1
3285 3896 1
3896 10600 1
10600 7686 1
7686 1767 1
1767 8015 1
8015 4952 1
4952 4253 1
4253 2651 1
2651 1746 1
1746 1749 1
1749 4978 1
4978 10418 1
10418 667 1
667 411 1
411 2760 1
2760 5451 1
5451 3747 1
3747 10528 1
10528 6376 1
6376 1097 1
1097 7432 1
7432 8767 1
8767 7655 1
7655 3241 1
3241 1331 1
1331 5103 1
5103 811 1
811 9761 1
9761 398 1
398 10397 1
10397 1482 1
1482 10809 1
10809 8484 1
8484 399 1
399 6852 1
6852 929 1
929 407 1
407 690 1
690 8278 1
8278 5171 1
5171 6852 1
6852 4981 1
4981 8276 1
8276 9668 1
9668 2347 1
9668 450 1
450 7486 1
7486 9586 1
9586 6435 1
6435 1060 1
6435 2040 1
2040 2065 1
2040 8800 1
8800 6435 1
9586 6898 1
6898 4099 1
4099 5778 1
5778 8941 1
8941 6898 1
6898 7970 1
6898 7673 1
7673 8483 1
8483 8535 1
8535 4870 1
4870 10743 1
10743 442 1
442 5868 1
5868 2601 1
2601 1250 1
1250 2226 1
2226 5724 1
5724 9939 1
5724 6576 1
6576 3836 1
3836 3909 1
3836 9239 1
9239 1024 1
1024 3836 1
3836 8199 1
8199 3776 1
3776 4770 1
4770 6825 1
6825 7256 1
7256 8947 1
8947 10555 1
10555 2761 1
2761 130 1
130 594 1
594 3649 1
3649 3484 1
4563 583 1
583 11006 1
11006 1233 1
3788 1681 1
1681 2975 1
2975 3772 1
3772 8274 1
3772 2970 1
2970 4382 1
4382 2243 1
2243 2975 1
2975 4060 1
4060 68 1
68 8345 1
8345 4060 1
4060 8882 1
8882 440 1
440 9427 1
9427 4061 1
4061 258 1
258 483 1
483 4892 1
4892 10287 1
10287 756 1
756 2788 1
2788 264 1
264 6459 1
6459 537 1
537 8998 1
8998 2571 1
2571 2272 1
2272 50 1
50 4298 1
4298 9689 1
4298 6918 1
6918 2788 1
2788 8506 1
8506 6563 1
6563 2359 1
2359 6033 1
3364 264 1
264 7457 1
7457 9008 1
9008 6036 1
6036 806 1
806 6737 1
6525 8343 1
8343 8282 1
8282 483 1
483 6383 1
6383 3062 1
3062 6722 1
6722 7988 1
7988 2112 1
2112 542 1
542 7768 1
7768 1336 1
1336 7676 1
7676 6935 1
6935 8095 1
8095 7047 1
7047 8451 1
1688 6737 1
6737 4661 1
4661 6061 1
6061 7920 1
7920 6722 1
6722 10004 1
10004 6097 1
6097 542 1
542 4061 1
4061 2381 1
2381 7676 1
7676 2395 1
2395 3510 1
3510 2545 1
2545 2301 1
2301 4919 1
4919 8644 1
8644 2795 1
2795 3572 1
3572 5293 1
5293 2848 1
2848 10149 1
10149 971 1
10149 2925 1
2925 8401 1
8401 7020 1
7020 2925 1
2925 4810 1
4810 10123 1
10123 9873 1
9873 4119 1
4119 6577 1
6577 3022 1
3022 4744 1
4744 5559 1
5559 1965 1
1965 5241 1
5241 9142 1
9142 3957 1
3957 8871 1
8871 4877 1
4877 5792 1
5792 2958 1
2958 5241 1
5241 2595 1
2595 412 1
412 1764 1
1764 8140 1
8140 10813 1
10813 9148 1
9148 10985 1
10985 6536 1
6536 1096 1
1096 5387 1
5387 8246 1
8246 1727 1
1727 1096 1
1096 8858 1
8858 3111 1
3111 2492 1
2492 5387 1
5387 9148 1
9148 6184 1
6184 2522 1
2522 7831 1
7831 4853 1
4853 2867 1
2867 8858 1
3111 5016 1
5016 4443 1
4443 10009 1
10009 11177 1
11177 10138 1
11177 1103 1
1103 2122 1
2122 317 1
317 5225 1
5225 6374 1
6374 9025 1
7843 68 1
68 6459 1
6459 4135 1
4135 561 1
561 3115 1
3115 8565 1
8565 720 1
720 10397 1
10397 1248 1
1248 2760 1
2760 9731 1
9731 7994 1
7994 10073 1
10073 5524 1
5524 8078 1
8078 2058 1
2058 6137 1
6137 5496 1
5496 10983 1
10983 10397 1
10397 3364 1
3364 4135 1
4135 2943 1
2943 10318 1
10318 5974 1
5974 8153 1
8153 9011 1
9011 678 1
678 6910 1
6910 6737 1
6737 3301 1
3301 606 1
606 1281 1
1281 8955 1
8955 4644 1
4644 1950 1
4644 8605 1
8605 8049 1
8049 8955 1
8955 340 1
340 6971 1
6971 5328 1
5328 7084 1
7084 10983 1
10983 5016 1
5016 1132 1
1132 2466 1
2466 3464 1
2466 9577 1
9577 10588 1
10588 7867 1
7867 4661 1
4661 3678 1
3678 1130 1
1130 2121 1
2121 10318 1
10318 2936 1
2936 7239 1
7239 4477 1
4477 8374 1
1739 5974 1
5974 7484 1
7484 6935 1
6935 2854 1
2854 8233 1
8233 4774 1
4774 5442 1
5442 8871 1
8871 7682 1
7682 9110 1
9110 8546 1
8546 718 1
718 6052 1
6052 8862 1
8862 4335 1
4335 5527 1
5527 8509 1
8509 6286 1
6286 3397 1
3397 7147 1
7147 9788 1
9788 9693 1
9693 4956 1
4956 1254 1
4956 3300 1
3300 7390 1
7390 1151 1
1151 6584 1
1151 4705 1
4705 4937 1
4937 3270 1
3270 873 1
873 9249 1
9249 2736 1
2736 9870 1
9870 7505 1
7505 6525 1
6525 3062 1
3062 2970 1
2970 6834 1
6834 808 1
808 3844 1
4610 9817 1
9817 414 1
414 965 1
965 295 1
295 5472 1
5472 853 1
853 5504 1
5504 1341 1
1341 5581 1
1341 3275 1
3275 6671 1
6671 3822 1
3822 730 1
730 6329 1
6329 4255 1
4255 3447 1
3447 4513 1
4513 562 1
562 880 1
880 7944 1
7944 5097 1
5097 6504 1
6504 4345 1
4345 8891 1
8891 10211 1
10211 6504 1
6504 4943 1
4943 10708 1
10708 4260 1
4260 4943 1
4943 4345 1
4345 1011 1
1011 6504 1
6504 761 1
761 4255 1
4255 2606 1
2606 761 1
761 10371 1
10371 7270 1
7270 3314 1
3314 11054 1
11054 606 1
606 7091 1
7091 7379 1
7379 7945 1
7945 671 1
7945 10723 1
10723 1153 1
1153 3914 1
3914 6549 1
6549 3062 1
3062 756 1
756 281 1
281 1204 1
1204 6217 1
6217 3470 1
3470 10832 1
10832 939 1
939 5263 1
5263 1914 1
1914 4161 1
4161 5483 1
5483 3470 1
3470 7396 1
7396 6805 1
6805 7772 1
7772 5483 1
5483 1204 1
1204 1540 1
1540 6935 1
6935 7876 1
7876 4308 1
4308 2344 1
2344 5458 1
5458 2842 1
2842 9441 1
9441 3709 1
3709 8935 1
8935 9441 1
9441 6003 1
6003 2545 1
2545 5119 1
5119 2301 1
2301 2188 1
2188 6192 1
6192 707 1
707 2188 1
2188 3720 1
3720 2198 1
2198 398 1
398 584 1
584 2545 1
2545 1802 1
1802 9141 1
9141 6549 1
6549 1629 1
1629 2792 1
2792 6863 1
6863 1629 1
1629 2571 1
2571 2505 1
2505 2175 1
2957 4744 1
4744 10547 1
10547 3678 1
3678 4104 1
4104 8998 1
8998 3062 1
3062 5815 1
5815 2877 1
2877 4308 1
4308 7279 1
7279 2041 1
9356 7963 1
7963 9441 1
9441 6134 1
6134 7758 1
7758 15 1
15 2821 1
2821 5103 1
5103 1965 1
1965 4073 1
4073 8002 1
8002 2795 1
2795 10849 1
10849 4073 1
4073 2484 1
2484 7755 1
7755 10397 1
10397 2760 1
2760 2058 1
6137 9446 1
9446 10809 1
10809 9405 1
9405 2260 1
2260 3809 1
3809 730 1
730 4766 1
4766 10804 1
10804 8716 1
8716 8523 1
8523 7400 1
7400 8079 1
8079 10654 1
10654 5536 1
5536 3866 1
3866 7171 1
7171 299 1
299 2226 1
2226 9939 1
1564 3060 1
3060 440 1
440 4060 1
4060 6722 1
6722 9605 1
9605 5971 1
5971 6723 1
6723 5783 1
5783 3060 1
3060 7618 1
7618 7084 1
7084 4877 1
4877 4115 1
4115 4801 1
4801 10059 1
10059 1351 1
1351 8869 1
8869 3809 1
3809 1541 1
1541 2695 1
2695 2260 1
2260 5906 1
5906 6936 1
6936 8531 1
8531 6645 1
6645 3767 1
3767 9875 1
3767 6227 1
6227 10977 1
10977 6838 1
6838 1190 1
1190 10511 1
10511 3474 1
3474 1470 1
1470 1510 1
1510 5997 1
5997 1258 1
1258 8921 1
8921 6239 1
6239 9373 1
9373 6890 1
6890 3362 1
3362 6526 1
6526 6239 1
6239 2552 1
2552 4829 1
4829 2568 1
2568 2880 1
2880 5540 1
5540 7807 1
7807 1533 1
8608 8980 1
8980 7641 1
7641 7660 1
7660 3409 1
3409 3957 1
3957 6097 1
6097 4468 1
4468 9110 1
9110 4583 1
4583 9264 1
9264 6642 1
6642 6196 1
6196 2371 1
2371 6576 1
6576 9347 1
9347 3624 1
3624 5868 1
5868 2846 1
2846 5536 1
5536 2573 1
2573 10329 1
10329 8753 1
8753 2412 1
2412 8015 1
8015 10654 1
10654 176 1
176 2842 1
2842 6374 1
6374 10397 1
10397 6923 1
6923 10287 1
10287 3914 1
3914 5293 1
5293 264 1
264 9110 1
9110 5881 1
5881 3064 1
10041 4480 1
4480 75 1
75 6491 1
6491 8316 1
8316 2466 1
2466 7845 1
7845 10882 1
10882 9306 1
9306 6364 1
6364 7006 1
7006 3724 1
3724 1452 1
1452 10598 1
10598 9752 1
9752 9332 1
9332 6599 1
6599 2909 1
2909 9288 1
9288 601 1
601 9752 1
9752 10652 1
10652 681 1
681 5951 1
5951 9288 1
9288 10842 1
10842 9752 1
9752 4098 1
4098 4967 1
4967 4486 1
4967 4709 1
4709 10673 1
10673 8133 1
8133 7253 1
7253 10948 1
10948 8998 1
8998 3813 1
3813 1892 1
1892 3386 1
3386 941 1
941 7064 1
7064 3945 1
3945 5597 1
5597 4892 1
4892 3344 1
3344 2762 1
2762 4757 1
4757 161 1
161 6443 1
6443 2078 1
2078 6109 1
6109 2831 1
2831 1882 1
1882 6197 1
6197 6109 1
6109 8078 1
8078 5469 1
5469 10809 1
10809 2223 1
10809 3288 1
3288 2223 1
2223 6936 1
6936 5637 1
5637 3288 1
3288 4757 1
4757 7123 1
7123 4033 1
4033 1416 1
1416 9347 1
9347 4842 1
4842 7686 1
7686 442 1
442 7120 1
7120 2944 1
2944 10031 1
10031 10394 1
10394 4947 1
4947 8779 1
8779 3097 1
3097 3659 1
3659 6255 1
6255 8767 1
8767 10940 1
10940 433 1
433 5540 1
5540 6935 1
6935 8627 1
8627 3788 1
3788 4477 1
4477 2854 1
2854 11132 1
11132 2020 1
2020 2447 1
2447 3100 1
3100 2284 1
2284 4629 1
4629 11086 1
11086 9011 1
9011 2970 1
2970 4877 1
4877 5355 1
5355 2979 1
6572 5442 1
5442 2121 1
2121 5503 1
5503 258 1
258 2936 1
2936 6825 1
6825 8947 1
8947 10032 1
10032 7088 1
7088 158 1
158 1297 1
1297 9555 1
9555 8051 1
8051 9162 1
9162 11119 1
11119 8051 1
8051 1448 1
9555 4494 1
4494 10086 1
10086 7373 1
7373 596 1
596 158 1
158 9029 1
9029 7373 1
7373 3653 1
3653 2703 1
2703 10998 1
10998 10328 1
10998 8036 1
8036 10191 1
10191 3653 1
7373 5696 1
5696 10086 1
10086 176 1
176 416 1
416 4035 1
4035 5582 1
5582 10699 1
10699 2121 1
2121 1959 1
1959 7379 1
7379 3772 1
3772 4480 1
4480 2447 1
2447 6923 1
6923 2877 1
2877 10539 1
10539 3237 1
3237 2877 1
2877 4871 1
4871 1688 1
1688 9165 1
9165 6737 1
6737 5241 1
5241 2788 1
2788 9146 1
9146 7379 1
7379 8603 1
8603 9142 1
9142 2121 1
2121 7064 1
7064 8374 1
8374 497 1
497 8755 1
8755 3644 1
3644 9141 1
9141 2020 1
2020 8871 1
8871 9278 1
9278 11006 1
11006 10343 1
10343 8759 1
8759 2505 1
2505 4357 1
4357 9141 1
9141 606 1
606 10691 1
10691 4264 1
4264 4877 1
4877 4104 1
4104 8882 1
8882 7582 1
7582 980 1
980 3659 1
3659 4048 1
3659 1309 1
1309 3880 1
1309 6621 1
6621 1600 1
1600 1309 1
1309 4188 1
1309 5412 1
5412 9851 1
9851 1666 1
1666 5412 1
5412 7049 1
7049 5933 1
5933 2430 1
2430 3080 1
3080 6639 1
3080 1021 1
1021 3497 1
3497 10623 1
3497 11190 1
11190 10623 1
11190 10795 1
10795 8159 1
8159 11190 1
11190 4119 1
4119 4341 1
4119 5969 1
5969 8099 1
8099 8719 1
8719 8229 1
8229 4861 1
4861 1892 1
1892 9146 1
9146 421 1
421 3678 1
3678 1739 1
1739 5318 1
5318 4061 1
4061 3062 1
3062 5442 1
5442 6549 1
6549 85 1
85 264 1
264 6383 1
6383 10723 1
10723 5056 1
5056 5616 1
5616 2792 1
2792 7878 1
7878 3862 1
7878 6052 1
6052 2880 1
2880 623 1
623 3170 1
3170 4199 1
4199 3218 1
3218 4830 1
4830 2097 1
2097 4865 1
4865 5460 1
5460 7591 1
7591 4583 1
4583 5204 1
5204 9264 1
9264 8546 1
8546 10397 1
10397 1196 1
1196 5312 1
5312 6013 1
6013 4670 1
4670 5885 1
5885 3997 1
3997 7144 1
7144 5885 1
5885 2771 1
2771 9333 1
9333 10380 1
9333 11018 1
11018 932 1
932 10856 1
10856 11018 1
11018 1531 1
1531 655 1
655 7323 1
7323 4817 1
655 7571 1
7571 4638 1
4638 5622 1
5622 9804 1
9804 3886 1
9804 2074 1
2074 600 1
600 4638 1
4638 7106 1
7106 6683 1
6683 2200 1
2200 484 1
484 8016 1
8016 10358 1
10358 484 1
484 9416 1
9416 5299 1
5299 5545 1
5545 3393 1
3393 9313 1
9313 4189 1
4189 6262 1
6262 3393 1
3393 10782 1
10782 7110 1
7110 1703 1
1703 8840 1
1703 8901 1
8901 192 1
8901 1661 1
1661 5574 1
5574 129 1
129 4480 1
4480 1540 1
1540 9100 1
9100 4298 1
4298 4104 1
4104 980 1
980 9146 1
9146 9577 1
9577 159 1
159 3409 1
3409 6894 1
6894 6525 1
6525 4104 1
4104 9441 1
9441 707 1
707 2484 1
2484 2860 1
2484 8146 1
8146 10397 1
10397 3344 1
3344 10287 1
10287 7371 1
7371 232 1
232 3326 1
3326 756 1
756 3574 1
3574 3778 1
3778 2975 1
2975 8282 1
8282 2272 1
2272 2284 1
2284 1739 1
1739 7023 1
7023 264 1
264 7505 1
7505 8998 1
8998 6836 1
6836 7682 1
7682 6770 1
6770 2272 1
2272 2819 1
2819 2044 1
2044 1233 1
1233 6286 1
6286 7768 1
7768 2020 1
2020 2854 1
2854 397 1
397 2821 1
2821 7212 1
7212 3267 1
3267 8146 1
2484 10989 1
10989 398 1
398 10087 1
10087 8644 1
8644 233 1
233 6288 1
6288 5048 1
5048 8730 1
8730 5593 1
5593 1208 1
1208 5562 1
5562 1082 1
1082 10938 1
10938 5382 1
5382 7686 1
7686 5941 1
5941 10329 1
10329 2944 1
2944 8015 1
8015 2388 1
2388 4338 1
4338 410 1
410 9676 1
9676 11191 1
11191 410 1
410 4371 1
4371 10604 1
10604 10326 1
10326 7511 1
7511 8371 1
7511 7504 1
7504 1945 1
1945 7496 1
7496 1140 1
1140 9017 1
9017 1945 1
1945 4543 1
4543 687 1
687 10278 1
10278 3926 1
3926 853 1
853 7511 1
7511 687 1
687 7505 1
7505 10726 1
10726 2734 1
2734 7695 1
7695 5974 1
5974 7867 1
7867 2192 1
2192 8961 1
8961 5442 1
5442 6411 1
6411 7582 1
7582 4766 1
4766 4480 1
4480 9870 1
9870 3234 1
3234 9142 1
9142 2112 1
2112 8603 1
8603 3788 1
3788 3534 1
3534 9422 1
9422 7845 1
7845 6595 1
6595 7371 1
7371 537 1
537 4298 1
4298 6595 1
6595 10022 1
10022 5974 1
5974 7400 1
7400 1059 1
1059 281 1
281 5395 1
5395 515 1
515 2819 1
2819 85 1
85 6061 1
6061 11054 1
11054 8871 1
8871 4149 1
4149 5604 1
5604 6737 1
6737 7379 1
7379 6918 1
6918 6572 1
6572 9278 1
9278 10123 1
10123 3317 1
3317 6491 1
6491 1959 1
1959 3062 1
3062 2987 1
2987 7687 1
7687 6501 1
2987 8167 1
8167 2985 1
2985 8004 1
8004 2329 1
2329 6020 1
6020 491 1
491 3287 1
491 9869 1
9869 7286 1
7286 2513 1
2513 5353 1
5353 8914 1
8914 7286 1
5353 7286 1
5353 9152 1
9152 11083 1
11083 3490 1
11083 2629 1
2629 10820 1
2629 2513 1
7286 9152 1
5353 10820 1
9152 2629 1
9152 10827 1
10827 6341 1
10827 11129 1
11129 10231 1
10231 6391 1
6391 7239 1
7239 5792 1
5792 8871 1
8871 8345 1
8345 437 1
437 8153 1
8153 8759 1
8759 232 1
232 3993 1
3993 2568 1
2568 10792 1
10792 8998 1
8998 6918 1
6918 4877 1
4877 10886 1
10886 2020 1
2020 8233 1
8233 1233 1
1233 678 1
678 8274 1
8274 8912 1
6781 3633 1
3633 10782 1
10782 10512 1
10512 8883 1
8883 613 1
8883 1152 1
1152 161 1
161 3344 1
3344 2819 1
2819 3100 1
3100 9165 1
9165 6712 1
6712 1629 1
1629 6770 1
6770 10606 1
6770 7768 1
7768 319 1
8998 10529 1
10529 8871 1
8871 9400 1
9400 8802 1
8802 9931 1
9931 10169 1
10169 9120 1
9120 701 1
701 674 1
674 1021 1
1021 1021 1
1021 11190 1
674 5680 1
5680 8611 1
8611 11187 1
11187 5388 1
1892 2798 1
2798 6223 1
6223 2890 1
2890 4801 1
4801 11187 1
8611 10235 1
10235 1443 1
1443 8187 1
8187 2272 1
2272 2281 1
2281 10004 1
10004 1130 1
1130 9165 1
9165 10551 1
10551 264 1
264 7253 1
7253 4135 1
4135 10135 1
10135 8316 1
8316 3993 1
3993 497 1
497 7530 1
7530 583 1
583 2734 1
2734 4477 1
4477 5974 1
5974 4892 1
4892 6923 1
6923 2272 1
2272 9218 1
9218 5792 1
5792 8343 1
8343 2447 1
2447 4060 1
4060 4104 1
4104 8961 1
8961 6935 1
6935 542 1
542 5318 1
3993 6328 1
6328 3097 1
3097 5293 1
5293 2083 1
2083 1229 1
1229 2466 1
2466 18 1
18 2418 1
2418 9218 1
9218 6737 1
6737 7031 1
7031 1785 1
1785 3644 1
3644 5792 1
5792 10804 1
10804 4060 1
4060 5318 1
5318 7159 1
7159 8029 1
8029 8907 1
7159 4954 1
4954 4060 1
4060 4238 1
4238 9141 1
9141 3227 1
3227 5881 1
5881 1801 1
1801 2658 1
2658 1629 1
1629 6572 1
6572 1412 1
1412 8755 1
8755 3042 1
3042 4536 1
4536 2854 1
2854 10041 1
10041 2121 1
2121 6595 1
6595 7977 1
7977 6863 1
6863 2970 1
2970 834 1
834 5056 1
5056 68 1
68 4353 1
4353 6409 1
6409 4253 1
4253 2971 1
2971 4353 1
4353 2996 1
4253 1252 1
1252 5051 1
5051 8041 1
8041 775 1
775 1407 1
775 5225 1
5225 3193 1
3193 7411 1
7411 10374 1
10374 4870 1
4870 1661 1
1661 9025 1
9025 5230 1
5230 8015 1
5230 2371 1
2371 9347 1
9347 3457 1
3457 10516 1
10516 3047 1
3047 9347 1
9347 9468 1
9468 3624 1
3624 1416 1
1416 442 1
442 3047 1
3047 3372 1
3372 7299 1
7299 4581 1
4581 8432 1
8432 7299 1
7299 9901 1
9901 5230 1
5230 8959 1
8959 2601 1
2601 9999 1
9999 8778 1
8778 3319 1
8778 10707 1
10707 6552 1
6552 2562 1
2562 4112 1
4112 2451 1
2451 5779 1
2451 1668 1
1668 9758 1
9758 8089 1
8089 954 1
954 7938 1
7938 1559 1
1559 5830 1
5830 9041 1
5830 8778 1
8778 2789 1
8778 8778 1
8778 9130 1
3319 1586 1
1586 4510 1
1586 5763 1
5763 10284 1
5763 3538 1
3538 330 1
5763 7667 1
7667 4427 1
4427 554 1
554 3658 1
3658 7784 1
7784 8212 1
8212 1084 1
1084 1510 1
1084 5561 1
7784 8773 1
7784 554 1
554 2298 1
2298 9126 1
9126 6054 1
6054 6319 1
6054 10700 1
10700 5121 1
5121 5552 1
5552 423 1
423 9804 1
9804 8144 1
8144 410 1
410 10376 1
10376 4032 1
10376 7373 1
7373 4304 1
4304 5570 1
4304 3572 1
3572 10886 1
10886 6019 1
6019 4238 1
9141 10723 1
10723 7867 1
7867 1629 1
1629 3523 1
3523 6101 1
6101 3951 1
3951 9373 1
9373 2880 1
2880 414 1
414 3482 1
3482 1892 1
1892 5881 1
5881 8153 1
8153 281 1
281 8523 1
8523 10882 1
10882 10235 1
10235 627 1
627 3953 1
3953 1700 1
1700 8223 1
8223 2539 1
2539 332 1
332 2390 1
2390 10248 1
10248 4004 1
10248 4230 1
4230 11173 1
11173 411 1
411 6803 1
6803 4648 1
4648 7352 1
7352 2760 1
2760 1504 1
1504 4149 1
4149 667 1
667 2950 1
2950 5637 1
5637 3130 1
3130 5668 1
5668 6970 1
6970 1152 1
1152 2950 1
2950 4757 1
4757 7604 1
7604 727 1
727 10143 1
10143 7190 1
7190 4648 1
4648 10528 1
10528 4142 1
4142 7546 1
7546 3747 1
3747 5244 1
5244 4818 1
4818 411 1
411 5117 1
5117 1097 1
1097 3809 1
3809 3130 1
3130 2078 1
2078 6376 1
6376 1152 1
1152 3288 1
3288 4019 1
4019 2691 1
2691 9277 1
9277 9493 1
9493 8247 1
9493 10326 1
10326 5333 1
5333 9277 1
9277 3747 1
3747 7330 1
7330 5696 1
5696 9175 1
9175 10086 1
10086 8432 1
8432 4371 1
4371 2004 1
2004 7088 1
7088 4319 1
4319 1297 1
1297 4371 1
4371 2945 1
4371 6694 1
6694 7088 1
7088 8534 1
8534 7373 1
7373 5673 1
5673 8036 1
8036 8534 1
8534 2703 1
2703 1913 1
1913 4371 1
4371 10998 1
10998 3653 1
3653 7798 1
7798 1297 1
1297 1913 1
1913 10328 1
10328 11045 1
11045 9029 1
9029 7088 1
6694 10191 1
10191 1297 1
1297 102 1
102 1389 1
1389 6737 1
6737 8927 1
8927 2988 1
2988 8345 1
8345 2782 1
2782 1934 1
1934 4635 1
4635 6936 1
6936 2932 1
2932 411 1
411 7123 1
7123 4540 1
4540 7267 1
7267 4874 1
4874 8106 1
8106 5901 1
5901 7207 1
7207 8106 1
8106 8540 1
8540 231 1
231 4651 1
4651 7003 1
7003 231 1
231 6039 1
6039 7895 1
6039 2427 1
2427 8542 1
8542 918 1
918 9797 1
9797 7446 1
7446 11198 1
11198 9424 1
9424 7446 1
7446 6889 1
6889 9797 1
9797 8066 1
8066 6303 1
8066 9890 1
9890 8769 1
8769 8397 1
8397 3753 1
3753 4645 1
4645 2756 1
2756 10024 1
10024 1453 1
1453 7988 1
7988 7699 1
7699 8583 1
8583 2145 1
2145 8942 1
8942 2015 1
2015 3026 1
3026 1986 1
1986 9544 1
9544 2492 1
2492 6293 1
6293 4397 1
4397 8246 1
8246 9925 1
9925 1066 1
1066 8837 1
8837 8106 1
8106 4551 1
4551 637 1
4551 7320 1
7320 6146 1
6146 9124 1
9124 1934 1
1934 9387 1
9387 4239 1
4239 2876 1
2876 2734 1
2734 4382 1
4382 5133 1
5133 6057 1
6057 923 1
923 8260 1
8260 6372 1
6372 5824 1
5824 5260 1
5260 2275 1
2275 6549 1
6549 5388 1
5388 9387 1
9387 2275 1
2275 6505 1
6505 5324 1
5324 6528 1
6528 6505 1
6505 10624 1
10624 5388 1
5388 2970 1
2970 5318 1
5318 2192 1
2192 4747 1
4747 5597 1
5597 2505 1
4357 2854 1
11132 6722 1
6722 10792 1
10792 8233 1
8233 8736 1
8736 6712 1
6712 50 1
50 3945 1
3945 9218 1
9218 10123 1
10123 9870 1
9870 3678 1
3678 7371 1
3678 5395 1
5395 10287 1
10287 3574 1
3574 10551 1
10551 2788 1
2788 2238 1
2238 6139 1
6139 9545 1
9545 4060 1
4060 8987 1
8987 8401 1
8401 8239 1
8239 1412 1
1412 767 1
767 3409 1
3409 6770 1
6770 9431 1
9431 10882 1
10882 3813 1
3813 317 1
317 1749 1
1749 42 1
42 1705 1
42 5971 1
5971 7147 1
7147 4239 1
4239 11039 1
11039 10624 1
5388 4199 1
4199 8239 1
8239 6197 1
6197 7994 1
7994 6376 1
6376 2695 1
2695 10397 1
10397 5524 1
5524 3809 1
3809 9714 1
9714 215 1
9714 2731 1
9714 973 1
973 4964 1
4964 6031 1
6031 4103 1
6031 460 1
6031 7282 1
6031 4804 1
7282 4964 1
973 9154 1
9154 10867 1
9154 7230 1
973 7674 1
973 6031 1
7282 973 1
3809 3747 1
7546 5469 1
5469 2762 1
2762 2058 1
2058 2950 1
2950 4941 1
4941 7530 1
7530 6549 1
6549 10886 1
10886 264 1
264 629 1
629 8345 1
8345 7922 1
7922 2024 1
2024 11039 1
11039 6549 1
6549 4474 1
4474 3263 1
3263 2436 1
2436 7767 1
7767 5441 1
5441 7353 1
5441 10411 1
10411 8604 1
8604 6700 1
6700 4827 1
4827 839 1
839 2100 1
2100 11113 1
11113 3345 1
3345 3647 1
3647 5705 1
3345 7259 1
7259 4615 1
4615 6374 1
6374 8767 1
8767 4947 1
4947 5313 1
5313 5421 1
5421 2908 1
2908 10031 1
10031 4003 1
4003 8767 1
8767 5293 1
3914 5611 1
5611 437 1
437 5161 1
5161 2854 1
2854 7371 1
7371 8755 1
8755 2958 1
2958 6572 1
6572 1233 1
1233 9011 1
9011 10551 1
10551 5953 1
5953 8382 1
8382 3797 1
3797 1759 1
1759 6452 1
6452 4924 1
4924 1759 1
1759 10233 1
10233 10071 1
10071 9621 1
9621 1009 1
1009 2091 1
2091 815 1
2091 10354 1
10354 4596 1
4596 5206 1
5206 992 1
992 8586 1
8586 5206 1
5206 2732 1
2732 2465 1
2465 4887 1
4887 6057 1
6057 4526 1
4526 8457 1
8457 6503 1
8457 5505 1
5505 9491 1
9491 3024 1
3024 1947 1
1947 424 1
424 8744 1
8744 284 1
284 8880 1
8880 9276 1
9276 4331 1
4331 1213 1
1213 8584 1
8584 11183 1
11183 2446 1
2446 2021 1
2021 8930 1
8930 9447 1
9447 8571 1
8571 9419 1
9419 4416 1
4416 6205 1
6205 8571 1
8571 8864 1
8864 1350 1
1350 2021 1
2021 4416 1
4416 1384 1
1384 850 1
850 4331 1
4331 8864 1
8864 3542 1
3542 2541 1
2541 1536 1
2541 7647 1
7647 3740 1
3740 3542 1
3542 1087 1
1087 5982 1
5982 8864 1
8864 850 1
850 8571 1
9419 1384 1
1384 2446 1
2446 1087 1
1087 6002 1
6002 6647 1
6647 404 1
404 6736 1
404 4331 1
4331 1812 1
1812 8536 1
8536 7257 1
7257 4624 1
4624 10273 1
10273 1213 1
1213 1686 1
1686 1812 1
1812 9276 1
9276 6489 1
6489 2821 1
2821 2484 1
7755 398 1
398 5442 1
5442 6491 1
6491 6239 1
6239 8303 1
8303 50 1
50 1681 1
1681 7031 1
7031 6918 1
6918 258 1
258 7379 1
7379 2044 1
2044 7159 1
7159 8506 1
8506 9939 1
9939 10529 1
10529 497 1
3993 767 1
767 10034 1
10034 4098 1
4098 403 1
403 1223 1
1223 10766 1
10766 11110 1
11110 10280 1
10280 1860 1
1860 9719 1
9719 9719 1
9719 8958 1
8958 7511 1
8371 9579 1
9579 5142 1
9579 2298 1
2298 7643 1
2298 7784 1
3658 5807 1
5807 447 1
5807 926 1
926 7503 1
7503 6838 1
6838 6645 1
6645 1603 1
1603 8093 1
8093 4635 1
4635 3589 1
3589 8996 1
8996 6939 1
6939 7626 1
7626 6227 1
6227 7069 1
7069 1834 1
1834 6304 1
6304 6231 1
6231 8194 1
8194 8856 1
8856 6304 1
6304 7069 1
7069 568 1
568 1603 1
1603 7367 1
7367 7098 1
7098 6939 1
6939 6735 1
6735 9071 1
9071 7719 1
7719 10528 1
10528 1152 1
6970 10073 1
10073 2684 1
2684 3288 1
3288 6970 1
6970 2831 1
2831 1097 1
1097 2932 1
2932 3572 1
3572 2339 1
2339 9591 1
9591 6422 1
6422 4801 1
4801 8282 1
8282 4239 1
4239 9591 1
9591 5898 1
5898 3977 1
3977 331 1
331 7159 1
7159 982 1
982 6595 1
6595 2658 1
2658 7064 1
7064 10529 1
10529 180 1
180 2936 1
2936 8316 1
8316 8802 1
8802 4382 1
4382 2192 1
2192 9427 1
9427 8603 1
8603 7945 1
7945 3197 1
3197 2162 1
2162 5751 1
5751 7153 1
7153 6052 1
6052 4135 1
4135 1025 1
1025 6498 1
6498 4199 1
4199 3862 1
3862 10487 1
10487 233 1
233 2188 1
2188 1726 1
1726 3699 1
3699 5831 1
5831 7427 1
7427 707 1
707 584 1
584 7231 1
7231 7751 1
7751 709 1
709 2493 1
2493 233 1
233 4917 1
4917 2301 1
2301 3720 1
3720 1275 1
1275 7755 1
7755 8364 1
8364 7427 1
7427 1248 1
1248 4379 1
4379 8987 1
8987 5241 1
5241 1336 1
1336 756 1
756 3301 1
3301 4297 1
4297 3945 1
3945 8759 1
8759 7920 1
7920 437 1
437 9427 1
9427 6491 1
6491 5783 1
5783 5318 1
5318 1535 1
1535 8565 1
8565 8734 1
8734 10984 1
4082 5395 1
5395 7945 1
7945 7606 1
7606 7370 1
7370 1634 1
1634 7095 1
7095 982 1
982 4115 1
4115 9278 1
9278 2970 1
2970 7843 1
7843 2466 1
2466 414 1
414 7845 1
7845 6787 1
6787 2782 1
2782 7147 1
7147 4104 1
4104 8341 1
8341 8935 1
8935 8319 1
8319 10452 1
10452 2821 1
2821 1381 1
1381 6935 1
6935 32 1
32 3062 1
3062 1130 1
1130 9939 1
9939 6722 1
6722 7359 1
7359 2821 1
2821 707 1
707 3049 1
3049 3478 1
3478 7754 1
7754 2921 1
2921 707 1
707 2926 1
2926 6111 1
6111 7746 1
7746 4917 1
4917 6544 1
6544 11046 1
6544 1646 1
6544 6444 1
6544 8727 1
11046 2830 1
2830 1659 1
1659 10155 1
10155 10830 1
10830 10037 1
10155 1337 1
1337 6749 1
6749 5392 1
6749 8809 1
8809 4756 1
4756 6749 1
6749 5628 1
5628 6683 1
6683 403 1
403 9148 1
9148 2857 1
2857 6679 1
9148 2522 1
2522 403 1
403 7185 1
7185 2641 1
2641 6801 1
6801 9234 1
9234 1239 1
1239 9957 1
9957 8216 1
8216 2515 1
2515 9957 1
9957 9234 1
9234 3617 1
3617 3969 1
3969 8904 1
8904 5996 1
5996 6365 1
6365 5124 1
5124 1082 1
1082 269 1
269 10528 1
10528 2831 1
2831 8381 1
8381 411 1
411 2762 1
2762 4952 1
4952 11007 1
11007 4724 1
4724 10850 1
10850 5899 1
5899 370 1
370 5868 1
5868 3457 1
3457 5724 1
9939 2946 1
2946 68 1
68 9594 1
9594 2791 1
2791 5064 1
5064 6834 1
6834 2535 1
2535 7945 1
7945 2979 1
2979 7663 1
7663 4774 1
4774 6722 1
4060 3386 1
3386 2402 1
2402 3344 1
3344 9405 1
9405 10528 1
10528 6443 1
6443 4142 1
4142 7190 1
7190 3130 1
3130 4149 1
4149 5637 1
5637 10809 1
10809 7057 1
7057 3747 1
3747 3092 1
3092 3809 1
3809 9374 1
9374 4833 1
9374 2695 1
2695 6689 1
6689 10983 1
10983 3011 1
3011 4142 1
4142 1541 1
1541 4941 1
4941 8484 1
8484 4818 1
4818 8827 1
8827 10983 1
10983 2260 1
2260 2950 1
2950 5451 1
5451 6197 1
6197 10143 1
10143 2691 1
2691 8547 1
8547 5336 1
5336 1726 1
1726 5831 1
5831 2285 1
2285 7754 1
7754 10989 1
10989 2188 1
2188 6063 1
6063 8364 1
8364 2198 1
2198 452 1
452 2854 1
2854 5443 1
5443 9223 1
9223 2842 1
2842 3229 1
3229 6353 1
6353 11163 1
11163 8516 1
8516 5453 1
5453 5884 1
5884 2344 1
2344 6391 1
6391 9427 1
9427 4774 1
4774 8374 1
8374 3064 1
3064 4298 1
4298 8716 1
8716 2854 1
2854 8374 1
8374 3945 1
3945 583 1
583 10343 1
10343 483 1
483 9165 1
9165 7239 1
7239 2044 1
2044 2112 1
2112 2381 1
2381 9011 1
9011 8509 1
8509 1211 1
1211 5527 1
8509 5858 1
5858 9131 1
9131 2162 1
2162 8568 1
8568 5300 1
5300 5385 1
5385 4099 1
6898 5778 1
5385 6898 1
6898 1362 1
1362 6008 1
6008 10846 1
10846 4496 1
4496 5778 1
5778 2312 1
2312 3549 1
2312 8402 1
8402 2518 1
2518 1768 1
1768 10772 1
10772 6363 1
6363 2410 1
2410 7312 1
7312 5824 1
5824 8666 1
8666 5441 1
5441 6257 1
6257 3544 1
6257 8989 1
8989 6841 1
6841 3245 1
3245 3511 1
6841 9493 1
9493 1267 1
9493 8542 1
8542 4097 1
8542 3836 1
3836 5447 1
5447 10498 1
10498 3836 1
3836 7403 1
7403 54 1
54 6118 1
6118 9431 1
9431 9788 1
9788 4394 1
4394 10967 1
10967 5299 1
5545 4347 1
4347 1671 1
1671 1702 1
1702 5042 1
5042 7123 1
7123 3344 1
3344 3288 1
3288 6376 1
10528 6737 1
6737 10802 1
10802 4480 1
4480 1130 1
1130 1892 1
1892 7663 1
7663 1233 1
1233 5611 1
5611 8871 1
8871 7313 1
7313 6036 1
6036 6991 1
6991 8401 1
8401 982 1
982 6918 1
6918 7064 1
7064 3572 1
3572 4278 1
4278 1381 1
1381 2344 1
2344 6935 1
6935 1229 1
1229 2418 1
18 7047 1
7047 5453 1
8516 9441 1
9441 7193 1
7193 8341 1
8341 6036 1
6036 1688 1
1688 9438 1
9438 9441 1
9441 7427 1
7427 2285 1
2285 8277 1
8277 4073 1
4073 2926 1
2926 6892 1
6892 811 1
811 8002 1
8002 10849 1
10849 8277 1
8277 3215 1
3215 5336 1
5336 4073 1
4073 398 1
398 10849 1
10849 1331 1
1331 4044 1
4044 5169 1
5169 2188 1
2188 1248 1
1248 10073 1
10073 6137 1
6137 5469 1
5469 5906 1
5906 8041 1
8041 8401 1
8401 9497 1
8401 10654 1
10654 5443 1
5443 6923 1
6923 8285 1
8285 4278 1
4278 9502 1
9502 1381 1
2821 648 1
648 730 1
730 6491 1
6491 281 1
8523 6019 1
6019 2880 1
2880 542 1
542 4483 1
4483 5611 1
5611 8755 1
8755 2020 1
2020 1412 1
1412 2243 1
2243 4199 1
4199 7992 1
7992 5064 1
5064 9468 1
9468 6220 1
6220 3624 1
5868 10591 1
5868 7274 1
7274 1570 1
1570 9901 1
9901 2846 1
2846 3246 1
3246 5438 1
3246 5378 1
5378 10009 1
10009 3246 1
3246 1934 1
1934 6787 1
6787 10263 1
10263 9397 1
9397 5798 1
5798 4239 1
4239 4865 1
4865 9108 1
9108 7591 1
7591 4468 1
4468 2535 1
2535 10266 1
10266 9141 1
9141 4843 1
4843 10649 1
10649 9600 1
9600 2289 1
2289 1806 1
1806 8506 1
8506 232 1
232 9141 1
9141 1785 1
1785 3326 1
3326 8730 1
8730 233 1
233 7746 1
7746 6489 1
6489 8644 1
8644 6892 1
6892 336 1
336 5402 1
5402 2794 1
5402 7373 1
9029 6694 1
6694 10328 1
10328 2703 1
2703 2055 1
2055 703 1
703 10047 1
10047 5007 1
5007 8908 1
5007 6400 1
6400 817 1
817 1518 1
1518 5801 1
5801 3610 1
3610 6026 1
6026 5402 1
5402 6892 1
6892 2864 1
2864 8644 1
8644 8547 1
8547 3215 1
3215 3181 1
3181 5847 1
5847 707 1
707 4776 1
4776 18 1
18 240 1
240 10757 1
10757 6689 1
6689 1406 1
1406 4757 1
4757 10143 1
10143 2078 1
2078 10809 1
10809 8078 1
8078 4941 1
4941 8998 1
8998 5355 1
5355 8374 1
8374 281 1
281 3678 1
3678 8755 1
8755 10343 1
10343 3574 1
3574 7031 1
7031 3326 1
3326 11006 1
11006 2936 1
2936 10022 1
10022 1959 1
1959 8316 1
8316 10104 1
10104 3326 1
3326 6139 1
6139 6923 1
6923 4061 1
4061 8506 1
8506 7878 1
7878 9033 1
9033 7494 1
7494 10172 1
10172 3115 1
3115 6529 1
6529 6737 1
6737 2880 1
2880 3241 1
2880 6894 1
6894 3788 1
3788 4298 1
4298 3100 1
3100 10528 1
10528 4757 1
4757 8078 1
4757 6689 1
6689 5244 1
5244 5524 1
5524 5469 1
5469 11173 1
11173 4019 1
4019 7057 1
7057 5117 1
5117 7719 1
7719 3288 1
3288 1504 1
1504 5124 1
5124 442 1
442 2686 1
2686 5182 1
5182 5468 1
5468 9901 1
1570 3346 1
3346 2944 1
2944 5124 1
5124 7380 1
7380 3344 1
3344 4861 1
4861 7371 1
7371 8802 1
8802 7379 1
7379 10588 1
10588 6712 1
6712 6286 1
6286 2121 1
2121 4747 1
4747 6422 1
6422 3073 1
3073 8282 1
8282 9142 1
9142 8316 1
8316 5910 1
5910 614 1
614 6392 1
6392 1715 1
1715 1717 1
1717 3986 1
3986 9468 1
9468 9092 1
9092 5539 1
5539 7720 1
7720 6821 1
6821 1252 1
1252 3926 1
3926 1688 1
1688 176 1
176 5884 1
5884 8095 1
8095 3572 1
3572 5241 1
5241 8282 1
8282 3301 1
3301 8719 1
8719 3914 1
3914 2447 1
2447 7695 1
7695 3064 1
3064 1336 1
1336 4861 1
4861 3993 1
3993 3409 1
3409 718 1
718 2284 1
2284 7371 1
7371 2238 1
2238 4536 1
4536 3062 1
3062 7945 1
7945 4464 1
4464 7867 1
7867 1717 1
1715 7867 1
7867 7379 1
7379 7023 1
7023 3344 1
3344 3517 1
3517 537 1
537 4480 1
4480 6019 1
6019 7091 1
7091 4060 1
4060 6097 1
6097 4264 1
4264 4060 1
4060 5792 1
5792 3344 1
3344 4954 1
4954 8187 1
8187 6910 1
6910 9605 1
9605 7618 1
7618 7702 1
7702 8274 1
8274 6059 1
6059 542 1
542 5974 1
4941 6443 1
161 6197 1
6197 5469 1
5469 3011 1
3011 8078 1
8078 7994 1
7994 8381 1
8381 4027 1
4027 2932 1
2932 10143 1
2078 5637 1
5637 2223 1
2223 1482 1
1482 1152 1
1152 2058 1
2058 9405 1
9405 6803 1
6803 1602 1
1602 898 1
898 7110 1
7110 9872 1
9872 5212 1
5212 1418 1
1418 6525 1
6525 3344 1
3344 1739 1
1739 50 1
50 3409 1
3409 7663 1
7663 3042 1
3042 2121 1
2121 2975 1
2975 7064 1
3945 6549 1
6549 3482 1
3482 3794 1
3794 4298 1
4298 6238 1
6238 8565 1
8565 9033 1
9033 1785 1
1785 7530 1
7530 3386 1
3386 6059 1
6059 8802 1
8802 2571 1
2571 1959 1
1959 10792 1
10792 7582 1
7582 1197 1
1197 6101 1
6101 3858 1
3858 10123 1
10123 4061 1
4061 3383 1
3383 6101 1
6101 1157 1
1157 7702 1
7702 3951 1
3951 6722 1
6722 7695 1
7695 5355 1
5355 2281 1
2281 3227 1
3227 10004 1
10004 10529 1
10529 2970 1
2970 5611 1
5611 6910 1
6910 5574 1
5574 2284 1
2284 7548 1
7548 7660 1
7660 8523 1
8523 7663 1
7663 8374 1
8374 6099 1
6099 8316 1
8316 7676 1
7676 10551 1
10551 10041 1
10041 4000 1
4000 8345 1
8345 9600 1
9600 8730 1
8730 8054 1
8054 6715 1
6715 758 1
758 8565 1
8565 6498 1
4199 9296 1
9296 1657 1
9296 8054 1
8054 9594 1
9594 7229 1
7229 1082 1
1082 2287 1
2287 10528 1
10528 1504 1
1504 10397 1
10397 3288 1
4757 4620 1
4757 1248 1
5831 2821 1
2821 3267 1
3267 9899 1
9899 2198 1
2198 18 1
18 4810 1
4810 68 1
68 3517 1
3517 3259 1
3517 11054 1
11054 3574 1
3574 7211 1
7211 232 1
232 3523 1
3523 10726 1
10726 1564 1
1564 7239 1
7239 5442 1
5442 987 1
987 6383 1
6383 5574 1
6383 4954 1
4954 5355 1
5355 2819 1
2819 3383 1
3383 264 1
264 11006 1
11006 7768 1
7768 4098 1
4098 461 1
461 6617 1
6617 6178 1
6178 9953 1
9953 4392 1
4392 3235 1
3235 656 1
3235 2912 1
2912 656 1
3235 9699 1
9699 4392 1
9953 2588 1
2588 6617 1
6617 9340 1
9340 626 1
626 11164 1
11164 9518 1
11164 5973 1
5973 2881 1
2881 8317 1
8317 2871 1
2871 2230 1
2871 4807 1
