5741 3420 1
3420 4667 1
4667 2646 1
2646 10556 1
10556 10835 1
10835 10226 1
10226 952 1
952 5963 1
5963 293 1
293 9195 1
9195 4701 1
4701 10806 1
10806 10835 1
10835 3824 1
3824 96 1
96 43 1
43 696 1
696 3765 1
3765 2953 1
2953 3967 1
3967 7280 1
7280 6128 1
6128 4667 1
4667 696 1
3420 2953 1
2953 8664 1
8664 2314 1
2314 3468 1
3468 5963 1
5963 4667 1
4667 8664 1
8664 2882 1
2882 3153 1
3153 3765 1
3765 4083 1
4083 419 1
419 2219 1
2219 8373 1
8373 4609 1
4609 5110 1
5110 4850 1
4850 2947 1
2947 6757 1
6757 6364 1
6364 630 1
630 2151 1
2151 1689 1
1689 4685 1
4685 5946 1
5946 10882 1
10882 529 1
529 2846 1
2846 2944 1
2944 10938 1
10938 1082 1
1082 8756 1
8756 7177 1
7177 10278 1
10278 2877 1
2877 10140 1
10140 9107 1
9107 9172 1
9172 10083 1
10083 10873 1
10873 1877 1
1877 5293 1
5293 10091 1
10091 3572 1
3572 2791 1
2791 233 1
233 2493 1
2493 7427 1
7427 584 1
584 1248 1
1248 6821 1
6821 3302 1
3302 8595 1
8595 10948 1
10948 10691 1
10691 8998 1
8998 7768 1
7768 7548 1
7548 5708 1
5708 8912 1
8912 8274 1
8274 5783 1
5783 10123 1
10123 3644 1
3644 3301 1
3301 5881 1
5881 483 1
483 8802 1
8802 9146 1
9146 7457 1
7457 2343 1
2343 3730 1
3730 7922 1
7922 7662 1
7662 3342 1
3342 7845 1
7845 4410 1
4410 6737 1
6737 10882 1
10882 2175 1
2175 5971 1
5971 899 1
899 629 1
629 8077 1
8077 537 1
537 5597 1
5597 7945 1
7945 8912 1
8912 3118 1
3118 8973 1
8973 7330 1
7330 9277 1
9277 10373 1
10373 8124 1
8124 9277 1
9277 895 1
895 5016 1
5016 3262 1
3262 1025 1
1025 9108 1
9108 1210 1
1210 561 1
561 2505 1
2505 7359 1
7359 7253 1
7253 4190 1
4190 9577 1
9577 4297 1
4297 258 1
258 371 1
258 2281 1
2281 6391 1
6391 9358 1
9358 6923 1
6923 497 1
497 1629 1
1629 3386 1
3386 6061 1
6061 10723 1
10723 3227 1
3227 3386 1
3386 3022 1
3022 6595 1
6595 7023 1
7023 3227 1
3227 1535 1
1535 1681 1
1681 8565 1
8565 3100 1
3100 4661 1
4661 3574 1
3574 2402 1
2402 2571 1
2571 1959 1
1959 3914 1
3914 8759 1
8759 1412 1
1412 8716 1
8716 6595 1
6595 10343 1
10343 2936 1
2936 2447 1
2447 4661 1
4661 6059 1
6059 3574 1
3574 7359 1
7359 818 1
818 2970 1
2970 896 1
896 2890 1
2890 887 1
887 6549 1
6549 3517 1
3517 11073 1
11073 2602 1
11073 3766 1
3766 1141 1
1141 247 1
247 7303 1
7303 1394 1
1394 337 1
337 9251 1
9251 9169 1
9169 6981 1
6981 3922 1
3922 11070 1
11070 9740 1
9740 10743 1
10743 7259 1
10743 2700 1
10743 1432 1
1432 1732 1
1732 1557 1
1557 2249 1
2249 7662 1
7662 6787 1
6787 2343 1
2343 8239 1
8239 9887 1
9887 10157 1
10157 5899 1
10157 377 1
377 1971 1
1971 1422 1
1422 6197 1
6197 1503 1
1503 1274 1
1274 10751 1
10751 5226 1
5226 5212 1
5212 7720 1
7720 6328 1
6328 7177 1
7177 8345 1
8345 3227 1
3227 7867 1
7867 1891 1
1891 3842 1
3842 895 1
895 7732 1
7732 2702 1
2702 7176 1
7176 1411 1
1411 471 1
471 7176 1
7176 6387 1
6387 5905 1
5905 3283 1
3283 1788 1
1788 5671 1
5671 4544 1
5671 1934 1
1934 6936 1
6936 1834 1
1834 7626 1
7626 8194 1
8194 9071 1
9071 5496 1
5496 3747 1
3747 10809 1
10809 7432 1
7432 2831 1
2831 2223 1
2223 3747 1
3747 2662 1
2662 2321 1
2321 4720 1
4720 8117 1
8117 1066 1
1066 2492 1
2492 8197 1
8197 6293 1
6293 9925 1
9925 7831 1
7831 6023 1
6023 1066 1
1066 830 1
830 10091 1
10091 10964 1
10964 6255 1
6255 414 1
414 6391 1
6391 6239 1
6239 5971 1
5971 1197 1
1197 7084 1
7084 2880 1
2880 6722 1
6722 497 1
497 6595 1
6595 4941 1
4941 1233 1
1233 7663 1
7663 4298 1
4298 8282 1
8282 6923 1
6923 7530 1
7530 9605 1
9605 482 1
482 1564 1
1564 3326 1
3326 3115 1
3115 4018 1
4018 10179 1
10179 11129 1
11129 1237 1
1237 4097 1
4097 8871 1
8871 8233 1
8233 3517 1
3517 537 1
537 3218 1
3218 4604 1
4604 9072 1
9072 1716 1
1716 10948 1
10948 159 1
159 9577 1
9577 8802 1
8802 1801 1
1801 3772 1
3772 6722 1
6722 8759 1
8759 2262 1
2262 7023 1
7023 2243 1
2243 3862 1
3862 3326 1
3326 7253 1
7253 9110 1
9110 384 1
384 3022 1
3022 8734 1
8734 8565 1
8565 6529 1
6529 32 1
32 1634 1
1634 10882 1
10882 6459 1
6459 3678 1
3678 8719 1
8719 4464 1
4464 4104 1
4104 6019 1
6019 10886 1
10886 9358 1
9358 1837 1
1837 10654 1
10654 7359 1
7359 10410 1
10410 8451 1
8451 4351 1
4351 4278 1
4278 2877 1
2877 5293 1
5293 6595 1
6595 7159 1
7159 5501 1
5501 8862 1
8862 10976 1
10976 5527 1
5527 6286 1
6286 8233 1
8233 10609 1
10609 1157 1
1157 7582 1
7582 482 1
482 7618 1
7618 6411 1
6411 8736 1
8736 6491 1
6491 5503 1
5503 1818 1
1818 7531 1
7531 8108 1
8108 7761 1
7761 3861 1
3861 3542 1
3542 2015 1
2015 8858 1
2015 2426 1
2426 5360 1
5360 1199 1
1199 6971 1
6971 8829 1
8829 8774 1
8774 6685 1
6685 6096 1
6096 3416 1
3416 8594 1
3416 8710 1
8710 4182 1
4182 4916 1
4916 7783 1
7783 3217 1
7783 9574 1
7783 1310 1
1310 9481 1
9481 6096 1
6096 8434 1
8434 2845 1
2845 7947 1
7947 10334 1
10334 6801 1
6801 9234 1
9234 9085 1
9234 2258 1
9234 5631 1
5631 1712 1
5631 6843 1
6843 9482 1
9482 7312 1
7312 11068 1
11068 4019 1
4019 10983 1
10983 5112 1
5112 9790 1
9790 5348 1
5348 10983 1
10983 8285 1
8285 8451 1
8451 6737 1
6737 542 1
542 10022 1
10022 3993 1
3993 3611 1
3611 2359 1
2359 8565 1
8565 5708 1
5708 6374 1
6374 4615 1
4615 4262 1
4262 543 1
543 7977 1
7977 4199 1
4199 5460 1
5460 1029 1
5460 8269 1
8269 3572 1
3572 6328 1
6328 3914 1
3914 7239 1
7239 2936 1
2936 2975 1
2975 4941 1
4941 941 1
941 3788 1
3788 7768 1
7768 6549 1
6549 2275 1
2275 9018 1
9018 3482 1
3482 4239 1
4239 4801 1
4801 11039 1
11039 5324 1
5324 1153 1
1153 5574 1
5574 6422 1
6422 5324 1
5324 2970 1
2970 2162 1
2162 2851 1
2851 409 1
409 8558 1
409 10837 1
10837 4497 1
4497 8201 1
8201 9943 1
9943 8406 1
9943 7494 1
7494 8316 1
8316 9733 1
9733 2162 1
2162 1749 1
1749 2401 1
2401 5226 1
5226 797 1
797 4457 1
4457 1887 1
1887 412 1
412 1764 1
1764 7703 1
7703 10813 1
10813 10813 1
10813 3123 1
3123 8290 1
8290 2805 1
2805 3123 1
3123 3748 1
3748 9148 1
9148 8014 1
8014 3551 1
3551 7322 1
7322 728 1
728 607 1
607 3698 1
3698 728 1
728 304 1
304 2147 1
2147 8135 1
8135 10765 1
10765 8128 1
8128 11068 1
11068 4171 1
4171 10833 1
10833 690 1
690 9580 1
9580 11020 1
11020 11068 1
11068 10833 1
10833 10127 1
10127 8484 1
8484 1987 1
1987 7352 1
7352 9823 1
9823 2260 1
2260 6443 1
6443 5524 1
5524 6803 1
6803 4648 1
4648 2260 1
2260 1541 1
1541 1482 1
1482 5637 1
5637 2684 1
2684 6689 1
6689 7705 1
7705 2376 1
2376 1659 1
1659 6554 1
6554 2985 1
2985 4596 1
4596 2929 1
2929 5234 1
5234 4815 1
4815 1618 1
1618 3194 1
1618 4826 1
4826 6861 1
6861 7887 1
6861 9098 1
6861 899 1
899 2194 1
2194 9261 1
9261 10897 1
10897 2194 1
2194 10746 1
2194 4451 1
4451 2611 1
2611 4428 1
2611 899 1
899 3362 1
3362 10123 1
10123 629 1
629 232 1
232 1535 1
1535 5611 1
5611 10804 1
10804 3644 1
3644 629 1
629 6737 1
6737 319 1
319 3301 1
3301 1801 1
1801 5611 1
5611 3317 1
3317 2344 1
2344 6923 1
6923 8603 1
8603 216 1
216 7742 1
216 6357 1
6357 8603 1
8603 1785 1
1785 2402 1
2402 5792 1
5792 2975 1
2975 10792 1
10792 7977 1
7977 5441 1
5441 2162 1
2162 9605 1
9605 10869 1
10869 1727 1
1727 5360 1
5360 6971 1
6971 340 1
340 10150 1
10150 10883 1
10883 7821 1
7821 10150 1
10150 5023 1
5023 10787 1
10787 11017 1
11017 10905 1
10905 9193 1
9193 10787 1
10787 9132 1
9132 647 1
647 11017 1
11017 2725 1
2725 4968 1
4968 1375 1
1375 4021 1
4021 5640 1
5640 7911 1
7911 944 1
944 3073 1
3073 9591 1
9591 2970 1
2970 4661 1
4661 2192 1
2192 4297 1
4297 1959 1
1959 1801 1
1801 9218 1
9218 8603 1
8603 7920 1
7920 3100 1
3100 2957 1
2957 9427 1
9427 6935 1
6935 3945 1
3945 2958 1
2958 5597 1
5597 2734 1
2734 5374 1
5374 1336 1
1336 1959 1
1959 8603 1
8603 9733 1
9733 2936 1
2936 7920 1
7920 9142 1
9142 1535 1
1535 9218 1
9218 6938 1
6938 10873 1
10873 5503 1
5503 9681 1
9681 482 1
482 5964 1
5964 10123 1
10123 2044 1
2044 3644 1
3644 3523 1
3523 9681 1
9681 6723 1
6723 6101 1
6101 357 1
357 1739 1
1739 2571 1
2571 8755 1
8755 10886 1
10886 2112 1
2112 2505 1
2505 7768 1
7768 5709 1
5709 414 1
414 4747 1
4747 583 1
583 2571 1
2571 8736 1
8736 6383 1
6383 3574 1
3574 4829 1
4829 7211 1
7211 10434 1
10434 6526 1
6526 8736 1
8736 7211 1
7211 10151 1
7211 7618 1
7618 3060 1
7618 3574 1
3574 437 1
437 6391 1
6391 8187 1
8187 6572 1
6572 2958 1
2958 4477 1
4477 1664 1
4477 1414 1
1414 733 1
733 2493 1
2493 4937 1
4937 3931 1
3931 10248 1
10248 6904 1
10248 5696 1
5696 8439 1
8439 10235 1
10235 7373 1
7373 2004 1
2004 3653 1
3653 10235 1
10235 1443 1
1443 9733 1
9733 4135 1
4135 264 1
264 10964 1
10964 10123 1
10123 10551 1
10551 8871 1
8871 2946 1
2946 4297 1
4297 264 1
264 10619 1
10619 11087 1
11087 7878 1
7878 233 1
233 6529 1
6529 1629 1
1629 4297 1
4297 6549 1
6549 7695 1
7695 5597 1
5597 8998 1
8998 6918 1
6918 10588 1
10588 8229 1
8229 7159 1
7159 678 1
678 1233 1
1233 2284 1
2284 1959 1
1959 4238 1
4238 10726 1
10726 4297 1
4297 10004 1
10004 4747 1
4747 9387 1
9387 6528 1
6528 8282 1
8282 8759 1
8759 6894 1
6894 4000 1
4000 10004 1
10004 3386 1
3386 6549 1
6549 606 1
606 10726 1
10726 5442 1
5442 11054 1
11054 7031 1
7031 7159 1
7159 2121 1
2121 4238 1
4238 258 1
258 2946 1
2946 537 1
537 50 1
50 3778 1
3778 4382 1
4382 1233 1
1233 483 1
483 3957 1
3957 2381 1
2381 4861 1
4861 264 1
264 3574 1
3574 5964 1
5964 9523 1
9523 7091 1
7091 8802 1
8802 3788 1
3788 3326 1
3326 1233 1
1233 6525 1
6525 1681 1
1681 10723 1
10723 6286 1
6286 1535 1
1535 9681 1
9681 4349 1
4349 10123 1
10123 8987 1
8987 4480 1
4480 542 1
542 2880 1
2880 10434 1
10434 3362 1
3362 9873 1
9873 440 1
440 4480 1
4480 180 1
180 8871 1
8871 5503 1
5503 1197 1
1197 4104 1
4104 10158 1
10158 9796 1
9796 5360 1
5360 2639 1
2639 8197 1
8197 5080 1
5080 7831 1
9925 8071 1
8071 7565 1
8071 5241 1
5241 9007 1
9007 7147 1
7147 10496 1
10496 7814 1
7814 5360 1
5360 4601 1
4601 2145 1
2145 3292 1
3292 2666 1
2666 7961 1
7961 3292 1
3292 3600 1
3292 8513 1
8513 10834 1
8513 14 1
14 2548 1
2548 3289 1
3289 5181 1
5181 3292 1
3292 5807 1
5807 2145 1
2145 2548 1
2548 989 1
989 5181 1
5181 2028 1
2028 10729 1
10729 2015 1
2015 10071 1
10071 7188 1
7188 4281 1
4281 240 1
4281 7582 1
7582 11170 1
11170 7084 1
7084 9873 1
9873 3951 1
3951 5969 1
5969 3062 1
3062 6097 1
6097 10123 1
10123 7371 1
7371 10792 1
10792 4060 1
4060 9605 1
9605 8871 1
8871 6595 1
6595 7878 1
7878 2289 1
2289 9033 1
9033 3115 1
3115 5048 1
5048 10020 1
10020 3510 1
3510 9397 1
9397 6565 1
6565 9062 1
9062 4335 1
4335 3510 1
3510 3170 1
3170 10179 1
10179 68 1
68 5616 1
5616 2880 1
2880 258 1
258 8229 1
8229 3218 1
3218 944 1
944 11039 1
11039 414 1
414 9817 1
9817 9387 1
9387 2890 1
2890 4298 1
4298 8987 1
8987 8719 1
8719 6947 1
8719 9131 1
9131 6840 1
6840 10909 1
10909 9062 1
9062 6408 1
6408 10317 1
10317 1840 1
1840 8029 1
8029 5277 1
5277 1211 1
1211 6052 1
6052 8730 1
8730 7992 1
7992 10588 1
10588 4199 1
4199 4801 1
4801 9591 1
9591 5388 1
5388 2798 1
2798 11039 1
11039 1363 1
1363 3397 1
3397 9939 1
9939 2936 1
2936 941 1
941 2243 1
2243 3115 1
3115 8565 1
8565 4008 1
4008 1026 1
1026 7882 1
7882 8335 1
8335 10266 1
10266 1412 1
1412 6563 1
6563 7371 1
7371 264 1
264 5503 1
5503 8565 1
8565 9594 1
9594 3747 1
3747 3011 1
3011 4648 1
4648 3092 1
3092 4818 1
4818 1248 1
1248 7746 1
7746 398 1
398 2545 1
2545 2691 1
2691 3699 1
3699 2285 1
2285 7746 1
7746 233 1
233 3510 1
3510 808 1
808 5188 1
5188 10909 1
10909 2563 1
2563 2851 1
2851 4480 1
4480 9473 1
9473 6061 1
6061 5969 1
5969 1412 1
1412 4238 1
4238 4536 1
4536 10287 1
10287 9141 1
9141 9146 1
9146 8187 1
8187 10434 1
10434 9618 1
9618 5224 1
5224 8256 1
8256 4638 1
4638 9804 1
9804 8061 1
8061 9433 1
9433 11090 1
11090 4153 1
4153 9433 1
9433 3815 1
9433 8232 1
8232 7264 1
7264 7849 1
7849 9433 1
7849 9338 1
9338 5645 1
5645 4153 1
9338 11035 1
11035 7264 1
7264 9043 1
9043 10840 1
10840 3286 1
3286 1159 1
1159 5052 1
5052 5171 1
5052 8222 1
8222 929 1
929 8562 1
8562 10127 1
10127 8278 1
8278 8689 1
8689 5789 1
5789 9668 1
9668 5052 1
5052 690 1
690 9668 1
9668 6393 1
6393 4171 1
4171 4981 1
4981 8276 1
8276 407 1
407 9580 1
9580 5813 1
5813 8689 1
8689 10833 1
10833 2358 1
2358 9668 1
9668 8276 1
8276 2347 1
2347 6393 1
6393 8276 1
8276 5171 1
5171 9048 1
9048 7542 1
7542 1860 1
1860 1453 1
1453 4819 1
4819 512 1
512 11136 1
512 10949 1
10949 7340 1
7340 8204 1
8204 8664 1
8664 9526 1
9526 4667 1
4667 959 1
959 3765 1
3765 1057 1
1057 9670 1
9670 1817 1
1817 3236 1
3236 7381 1
7381 1131 1
1131 10331 1
10331 1330 1
1330 3440 1
3440 10016 1
3440 9492 1
9492 1234 1
1234 445 1
445 5962 1
5962 9281 1
9281 5607 1
5607 3309 1
3309 9147 1
9147 4104 1
4104 9473 1
9473 3409 1
3409 758 1
758 9011 1
9011 8755 1
8755 4000 1
8755 3957 1
3957 3914 1
3914 2848 1
2848 3570 1
3570 3237 1
3237 8767 1
8767 2187 1
2187 9050 1
9050 7177 1
7177 5130 1
5130 8358 1
8358 8071 1
8071 5293 1
5293 10149 1
10149 414 1
414 2362 1
2362 8401 1
8401 2925 1
2925 1229 1
1229 4190 1
4190 7017 1
7017 606 1
606 3042 1
3042 3234 1
3234 5355 1
5355 8755 1
8755 1739 1
1739 1130 1
1130 10123 1
10123 9275 1
9275 2187 1
2187 7708 1
7708 6196 1
6196 5562 1
5562 8753 1
8753 3457 1
3457 5182 1
5182 7120 1
7120 5230 1
5230 3008 1
3008 4987 1
4987 10722 1
10722 7218 1
7218 6470 1
6470 814 1
814 484 1
484 3992 1
3992 643 1
643 2279 1
2279 9846 1
9846 6870 1
2279 8315 1
8315 4416 1
4416 2446 1
2446 774 1
2446 6205 1
6205 9447 1
9447 9276 1
9276 1812 1
1812 5109 1
5109 8231 1
8231 2242 1
2242 5109 1
5109 805 1
5109 5982 1
5982 1686 1
1686 8536 1
8536 1923 1
1923 5919 1
5919 9569 1
9569 3855 1
3855 1923 1
1923 3139 1
3139 5308 1
5308 3408 1
3408 8510 1
3408 1872 1
1872 6583 1
6583 629 1
629 10757 1
10757 2987 1
10757 3205 1
3205 5162 1
3205 5595 1
3205 10605 1
10605 9201 1
9201 3205 1
3205 841 1
841 10605 1
841 3222 1
3222 5595 1
3222 10605 1
10605 10757 1
10757 1357 1
1357 4636 1
1357 4617 1
4617 2401 1
2401 1365 1
1365 1418 1
1365 5268 1
5268 10320 1
10320 1365 1
1365 9887 1
9887 6035 1
6035 532 1
532 7229 1
7229 8779 1
8779 1082 1
1082 9939 1
9939 6019 1
6019 4115 1
4115 2381 1
2381 8736 1
8736 7945 1
7945 2535 1
2535 2175 1
2175 4776 1
4776 8657 1
8657 621 1
621 2175 1
2175 8585 1
2175 5534 1
5534 434 1
434 3761 1
3761 4135 1
4135 8269 1
8269 2819 1
2819 6770 1
6770 3344 1
3344 8374 1
8374 2262 1
2262 982 1
982 8099 1
8099 8174 1
8174 5886 1
5886 7977 1
7977 4135 1
4135 5395 1
5395 3644 1
3644 3234 1
3234 9473 1
9473 5241 1
5241 10004 1
10004 6099 1
6099 9473 1
9473 2970 1
2970 10726 1
10726 8755 1
8755 9165 1
9165 5974 1
5974 7843 1
7843 3611 1
3611 10882 1
10882 913 1
913 1566 1
1566 8336 1
8336 10942 1
10942 7464 1
7464 10585 1
10585 7429 1
7429 8336 1
8336 9630 1
9630 7464 1
7464 3870 1
3870 2601 1
2601 7464 1
7464 349 1
349 7699 1
7699 5925 1
5925 1444 1
5925 2112 1
2112 7371 1
7371 4464 1
4464 8802 1
8802 8882 1
8882 2552 1
2552 6491 1
6491 7091 1
7091 5881 1
5881 5161 1
5161 7023 1
7023 5318 1
5318 2571 1
2571 4661 1
4661 678 1
678 9577 1
9577 264 1
264 8252 1
8252 6843 1
6843 5892 1
5892 7494 1
7494 7806 1
7806 4199 1
4199 3625 1
3625 414 1
414 4079 1
4079 1278 1
1278 486 1
486 9779 1
9779 3457 1
8753 7885 1
7885 7171 1
7171 5382 1
5382 7299 1
7299 299 1
299 5914 1
5914 4033 1
4033 7171 1
7171 9939 1
9939 6737 1
6737 3064 1
3064 10318 1
10318 2658 1
2658 2461 1
2461 9594 1
9594 982 1
982 542 1
542 9400 1
9400 50 1
50 357 1
357 3945 1
3945 6525 1
6525 6549 1
6549 3326 1
3326 8603 1
8603 4563 1
4563 6997 1
6997 4987 1
4987 1948 1
1948 2885 1
2885 2787 1
2787 588 1
588 3348 1
3348 2787 1
2885 11156 1
11156 4667 1
4667 9016 1
4667 7280 1
7280 96 1
96 10226 1
10226 7280 1
7280 10740 1
10740 6128 1
6128 8752 1
6128 2314 1
2314 5661 1
5661 4895 1
4895 5963 1
3468 2953 1
2953 10556 1
10556 7413 1
7413 1057 1
1057 2646 1
696 10226 1
10226 5741 1
5741 4701 1
4701 3967 1
4701 3468 1
3468 3967 1
4701 696 1
696 2314 1
3468 5661 1
5661 3765 1
3765 10556 1
10556 1057 1
1057 6038 1
6038 7441 1
7441 9229 1
7441 8695 1
7441 4798 1
6038 285 1
285 3102 1
3102 6244 1
6244 2410 1
2410 2291 1
2291 2307 1
2307 2401 1
2401 3361 1
3361 11068 1
11068 6197 1
6197 7946 1
7946 8239 1
8239 6033 1
6033 10612 1
10612 4843 1
4843 5340 1
5340 10612 1
10612 1286 1
1286 8316 1
8316 4464 1
4464 5969 1
1412 5503 1
5503 8669 1
8669 7824 1
7824 9983 1
9983 1066 1
1066 9925 1
9925 2867 1
2867 1368 1
1368 3494 1
3494 1066 1
1066 3822 1
3822 3275 1
3275 2627 1
2627 11094 1
2627 1618 1
1618 6861 1
4826 1506 1
1506 6487 1
6487 3194 1
3194 4826 1
3194 1506 1
6487 4826 1
3194 2627 1
11094 8091 1
8091 1748 1
1748 716 1
716 8072 1
8072 3438 1
3438 5829 1
5829 3988 1
3988 3845 1
3845 4485 1
4485 5829 1
5829 3989 1
3989 10968 1
3989 9240 1
9240 3121 1
3121 10968 1
10968 8236 1
8236 10563 1
10563 9827 1
9827 8236 1
8236 994 1
994 2695 1
2695 5244 1
5244 7352 1
7352 411 1
411 2932 1
2932 5906 1
5906 3747 1
3747 10397 1
10397 281 1
281 2243 1
2243 68 1
68 6058 1
6058 10179 1
6058 74 1
74 3611 1
2359 4135 1
4135 2343 1
2343 3761 1
3761 2535 1
2535 5970 1
5970 8274 1
8274 6052 1
6052 6715 1
6715 7945 1
7945 9011 1
9011 2979 1
2979 5611 1
5611 8565 1
8565 9870 1
9870 10777 1
10777 3234 1
3234 8506 1
8506 542 1
542 1629 1
1629 7663 1
7663 1564 1
1564 7695 1
7695 7663 1
7663 319 1
319 9873 1
9873 899 1
899 2281 1
2281 10726 1
10726 9939 1
9939 442 1
442 7213 1
7213 2444 1
2444 6718 1
6718 1932 1
2444 10631 1
10631 1213 1
1213 3899 1
3899 4487 1
4487 214 1
214 5989 1
5989 9173 1
9173 5056 1
5056 3062 1
3062 232 1
232 7091 1
7091 1664 1
1664 10318 1
10318 2121 1
2121 537 1
537 1564 1
1564 7618 1
7211 50 1
50 5161 1
5161 5503 1
5503 2381 1
2381 2979 1
2979 8187 1
8187 5374 1
5374 4000 1
4000 8961 1
8961 10004 1
10004 8282 1
8282 11170 1
11170 6491 1
6491 4583 1
4583 7845 1
7845 18 1
18 4631 1
4631 2854 1
4631 2114 1
2114 6093 1
6093 2284 1
2284 4000 1
4000 2447 1
2447 2880 1
2880 6834 1
6834 5056 1
5056 6795 1
6795 1331 1
1331 709 1
709 584 1
584 2921 1
2921 9662 1
9662 233 1
233 5593 1
5593 7992 1
7992 9033 1
9033 5593 1
5593 7370 1
7370 6910 1
6910 4861 1
4861 85 1
85 3317 1
3317 8565 1
8565 3778 1
3778 7768 1
7768 2372 1
2372 6573 1
