6979 7147 1
7147 3974 1
3974 7922 1
7922 6792 1
7922 1715 1
1715 6398 1
6398 3218 1
3218 1153 1
1153 3999 1
3999 8731 1
8731 6062 1
6062 1412 1
1412 5709 1
5709 1153 1
1153 6549 1
6549 4298 1
4298 9264 1
9264 5460 1
5460 9147 1
9147 5670 1
5670 987 1
987 4480 1
4480 3560 1
3560 629 1
629 2737 1
2737 4829 1
4829 10609 1
10609 5398 1
5398 8153 1
8153 5611 1
5611 2880 1
2880 7843 1
7843 10487 1
10487 478 1
478 8330 1
8330 5295 1
5295 8730 1
8730 3862 1
3862 3993 1
3993 9165 1
9165 7031 1
7031 6391 1
6391 10041 1
10041 9545 1
9545 357 1
357 7031 1
7031 9400 1
9400 1134 1
9400 10777 1
10777 7159 1
7159 6099 1
6099 8998 1
8998 6923 1
6923 8935 1
8935 4725 1
4725 2821 1
2821 4664 1
4664 10452 1
10452 2545 1
2545 709 1
709 7755 1
7755 5336 1
5336 5169 1
5169 10397 1
10397 5103 1
5103 5169 1
5169 7754 1
7754 9662 1
9662 4073 1
4073 5847 1
5847 233 1
233 3170 1
3170 2970 1
2970 8343 1
8343 10022 1
10022 542 1
542 4115 1
4115 8239 1
8239 7215 1
7215 10031 1
10031 2925 1
2925 10964 1
10964 7816 1
7816 1716 1
1716 10873 1
10873 7229 1
7229 1082 1
1082 3866 1
1082 3993 1
3993 6101 1
6101 6876 1
6876 3100 1
3100 818 1
818 8871 1
8871 3813 1
3813 7031 1
7031 3993 1
3993 8871 1
8871 4060 1
4060 2112 1
2112 6952 1
6952 4503 1
4503 2112 1
2112 3062 1
3062 11129 1
11129 3115 1
3115 8730 1
8730 7370 1
7370 1443 1
1443 10260 1
10260 8912 1
8912 7548 1
7548 9733 1
9733 7379 1
7379 2958 1
2958 10529 1
10529 10886 1
10886 8187 1
8187 2339 1
2339 9934 1
9934 5046 1
5046 4044 1
4044 7754 1
7754 3720 1
3720 7814 1
7814 8277 1
8277 6192 1
6192 5326 1
5326 10849 1
10849 5119 1
5119 9761 1
9761 7751 1
9761 2545 1
2545 707 1
707 1904 1
1904 709 1
709 4917 1
4917 7814 1
7814 2904 1
2904 2198 1
2198 2795 1
2795 8644 1
8644 8002 1
8002 3215 1
3215 7427 1
7427 4917 1
4917 8872 1
8872 707 1
707 5103 1
5103 6111 1
6111 2795 1
2795 18 1
18 5443 1
5443 2284 1
2284 319 1
319 7695 1
7695 9141 1
9141 8343 1
8343 2262 1
2262 3957 1
3957 2979 1
2979 85 1
85 3409 1
3409 10343 1
10343 2112 1
2112 2819 1
2819 6563 1
6563 4892 1
4892 8565 1
8565 7494 1
7494 3115 1
3115 3510 1
3510 5858 1
5858 8580 1
8580 6052 1
6052 3170 1
6052 8509 1
8509 6408 1
6408 6286 1
6286 7682 1
7682 4468 1
4468 10807 1
10807 3611 1
3611 6642 1
6642 8756 1
8756 7229 1
7229 5443 1
5443 2877 1
2877 6099 1
6099 10343 1
10343 6563 1
6563 7911 1
7911 4062 1
4062 6214 1
4062 5151 1
5151 9892 1
5151 6214 1
6214 7911 1
7911 9397 1
9397 3788 1
3788 2958 1
2958 4747 1
4747 5442 1
5442 4766 1
4766 9427 1
9427 3344 1
3344 6894 1
6894 258 1
258 5161 1
5161 10343 1
10343 1785 1
1785 10546 1
10546 9602 1
9602 7977 1
7977 5503 1
5503 1716 1
1716 2848 1
2848 532 1
532 7177 1
7177 1787 1
1787 6194 1
6194 8802 1
8802 8153 1
8153 9473 1
9473 2121 1
2121 68 1
68 3912 1
3912 2064 1
2064 2864 1
2064 5147 1
2064 4534 1
4534 7867 1
7867 3301 1
3301 10723 1
10723 5439 1
5439 629 1
629 5241 1
5241 6923 1
6923 3409 1
3409 9165 1
9165 4149 1
4149 6197 1
6197 5637 1
5637 10983 1
10983 2762 1
2762 8041 1
8041 1252 1
1252 9876 1
9876 3859 1
9876 4571 1
4571 9787 1
9787 10967 1
10967 4394 1
4394 9788 1
9788 6770 1
6770 3218 1
3218 5163 1
5163 5048 1
5048 8506 1
8506 7530 1
7530 7370 1
7370 5364 1
5364 5686 1
5686 1414 1
1414 5878 1
5878 5023 1
5023 9227 1
9227 5178 1
5178 10305 1
10305 5181 1
10305 8513 1
8513 7961 1
7961 14 1
14 1549 1
14 7332 1
7332 9658 1
9658 5622 1
5622 7881 1
5622 4638 1
4638 600 1
600 2074 1
2074 4835 1
2074 9804 1
9804 2191 1
2191 8351 1
8351 9645 1
9645 4704 1
4704 2213 1
2213 4395 1
4395 4704 1
4704 5308 1
5308 4198 1
4198 2736 1
2736 4480 1
4480 3772 1
3772 5053 1
5053 5241 1
5241 2946 1
2946 3574 1
3574 8343 1
8343 4464 1
4464 10343 1
10343 678 1
678 4357 1
4357 7023 1
7023 6737 1
6737 7239 1
7239 9142 1
9142 8719 1
8719 10343 1
10343 1341 1
1341 7308 1
7308 176 1
176 4631 1
4631 9223 1
9223 11163 1
11163 10410 1
11163 9441 1
9441 3049 1
3049 4919 1
4919 9441 1
9441 8095 1
8095 10158 1
10158 2662 1
2662 4761 1
4761 9528 1
9528 7383 1
7383 5696 1
5696 2872 1
5696 3832 1
3832 416 1
416 9083 1
9083 6503 1
6503 4679 1
4679 9983 1
9983 1700 1
1700 627 1
627 5696 1
5696 583 1
583 4464 1
4464 2571 1
2571 5503 1
5503 1433 1
1433 677 1
1433 1341 1
1341 8756 1
8756 4128 1
4128 11179 1
11179 1229 1
1229 2848 1
2848 7816 1
7816 1229 1
1229 4069 1
4069 11039 1
11039 4286 1
4286 720 1
720 7400 1
7400 8274 1
8274 6099 1
6099 9577 1
9577 10804 1
10804 1892 1
1892 9218 1
9218 1412 1
1412 180 1
180 3386 1
3386 6563 1
6563 1715 1
1715 3534 1
3534 4865 1
4865 9147 1
9147 384 1
384 2343 1
2343 3364 1
3364 4583 1
4583 5016 1
5016 5163 1
5163 6529 1
6529 1688 1
1688 5133 1
5133 10418 1
10418 9605 1
9605 9033 1
9033 1210 1
1210 8730 1
8730 561 1
561 10628 1
10628 7494 1
7494 10546 1
10546 8330 1
8330 3611 1
5295 10546 1
10546 7457 1
7457 3510 1
3510 5574 1
5574 2571 1
2571 3386 1
3386 7530 1
7530 6330 1
6330 6187 1
6187 3782 1
3782 72 1
72 6330 1
6187 8949 1
8949 5324 1
5324 1892 1
1892 6139 1
6139 1629 1
1629 5053 1
5053 5611 1
5611 4941 1
4941 10726 1
10726 3945 1
3945 9870 1
9870 6572 1
6572 7031 1
7031 10886 1
10886 9100 1
9100 8239 1
8239 8724 1
8724 537 1
537 1892 1
1892 2192 1
2192 3326 1
3326 3022 1
3022 4468 1
4468 4135 1
4135 9146 1
9146 3397 1
3397 6935 1
6935 2851 1
6935 6062 1
6062 8998 1
8998 7867 1
7867 2571 1
2571 3383 1
3383 2238 1
2238 8998 1
8998 555 1
555 1025 1
1025 3611 1
3611 1328 1
1328 5593 1
5593 3463 1
3463 8054 1
8054 8565 1
8565 233 1
233 6489 1
6489 5847 1
5847 2860 1
2860 7755 1
7755 8872 1
8872 7427 1
7427 9662 1
9662 10158 1
10158 5709 1
5709 3914 1
3914 2854 1
2854 10041 1
10041 5241 1
5241 11132 1
11132 7484 1
7484 2658 1
2658 483 1
483 8233 1
8233 3574 1
3574 9681 1
9681 6239 1
6239 7618 1
7618 2880 1
2880 3778 1
3778 7159 1
7159 1785 1
1785 7530 1
7530 2238 1
2238 50 1
50 2958 1
2958 4298 1
4298 5374 1
5374 9011 1
9011 4199 1
4199 896 1
896 8282 1
8282 4297 1
4297 10804 1
10804 1785 1
1785 3064 1
3064 2044 1
2044 5395 1
5395 5439 1
10723 5969 1
5969 7091 1
7091 10292 1
10292 1542 1
1542 9134 1
9134 1036 1
1036 8917 1
8917 1190 1
1190 613 1
613 4947 1
4947 8883 1
8883 10157 1
10157 6634 1
6634 1787 1
1787 8071 1
8071 10528 1
10528 2684 1
2684 5117 1
5117 7432 1
7432 6936 1
6936 7098 1
7098 6071 1
6071 8506 1
8506 7843 1
7843 8666 1
8666 1443 1
1443 8871 1
8871 5881 1
5881 8274 1
8274 7945 1
7945 1681 1
1681 6737 1
6737 2925 1
2925 3692 1
3692 4810 1
4810 1716 1
1716 853 1
853 5503 1
5503 6712 1
6712 678 1
678 9473 1
9473 8374 1
8374 7768 1
7768 85 1
85 7371 1
7371 264 1
264 9100 1
9100 6498 1
6498 6391 1
6391 11054 1
11054 9278 1
9278 3993 1
3993 10292 1
10292 7084 1
7084 1564 1
1564 1336 1
1336 8374 1
8374 6563 1
6563 2044 1
2044 4480 1
4480 8304 1
8304 3922 1
3922 4105 1
4105 4971 1
4971 11068 1
11068 3288 1
3288 161 1
161 7190 1
7190 8381 1
8381 7994 1
7994 4818 1
4818 7546 1
7546 1882 1
1882 7432 1
5117 161 1
161 10411 1
161 2379 1
2379 3788 1
3788 6712 1
6712 3574 1
3574 3042 1
3042 85 1
85 5974 1
5974 3617 1
3617 9234 1
9234 2258 1
3617 6725 1
6725 6951 1
6951 617 1
617 4828 1
4828 95 1
95 11135 1
11135 7240 1
7240 4492 1
7240 4132 1
4132 95 1
4132 10460 1
4132 6803 1
6803 411 1
411 2684 1
2684 7352 1
7352 4142 1
4142 3092 1
3092 2260 1
2260 472 1
472 5906 1
5906 1097 1
1097 6109 1
6109 8827 1
8827 6821 1
6821 1482 1
1482 4818 1
4818 3270 1
4818 7205 1
7205 1774 1
1774 6264 1
6264 1755 1
1755 9468 1
9468 7274 1
7274 2944 1
2944 5182 1
5182 2371 1
2371 7120 1
7120 1767 1
1767 997 1
997 7123 1
7123 7171 1
7171 2388 1
2388 8015 1
8015 10329 1
10329 2573 1
2573 9901 1
9901 10814 1
10814 7120 1
7120 3457 1
3457 3986 1
3986 8754 1
8754 6346 1
6346 5968 1
5968 1281 1
1281 340 1
1281 11044 1
1281 8955 1
1281 8626 1
8626 116 1
8626 9035 1
9035 9067 1
9067 6040 1
6040 7419 1
7419 33 1
33 7779 1
7779 7970 1
7970 8160 1
8160 9788 1
9788 3788 1
3788 1944 1
1944 4865 1
4865 3793 1
3793 7318 1
7318 2829 1
2829 10225 1
10225 4078 1
4078 8496 1
8496 1774 1
1774 9272 1
9272 3638 1
9272 6153 1
6153 3638 1
9272 4078 1
4078 7134 1
7134 8446 1
7134 4755 1
4755 52 1
52 2349 1
2349 7250 1
7250 11011 1
11011 2349 1
2349 3675 1
3675 10069 1
10069 10290 1
10290 5133 1
5133 7682 1
7682 3309 1
3309 4865 1
7318 8504 1
8504 3241 1
3241 6770 1
6770 4892 1
4892 678 1
678 10318 1
10318 8374 1
8374 2975 1
2975 71 1
71 8515 1
8515 42 1
42 4349 1
4349 5442 1
5442 264 1
264 10266 1
10266 4199 1
4199 414 1
414 1252 1
1252 4253 1
4253 2070 1
4253 1271 1
1271 9101 1
9101 4635 1
4635 5226 1
5226 797 1
797 7848 1
797 6267 1
6267 5840 1
5840 8939 1
8939 4427 1
4427 9675 1
4427 5840 1
5840 7784 1
7784 8939 1
7784 9784 1
8939 4475 1
4475 7324 1
8939 554 1
554 6312 1
554 9784 1
9784 10688 1
10688 10555 1
10555 1241 1
1241 10688 1
10688 8632 1
8632 10032 1
10032 336 1
336 9555 1
9555 4316 1
4316 4296 1
4296 11035 1
11035 3654 1
3654 7500 1
7500 353 1
353 8360 1
8360 8213 1
8213 7420 1
8213 4859 1
4859 3394 1
3394 5198 1
5198 1492 1
1492 3848 1
3848 5909 1
5909 1209 1
5909 4902 1
4902 7696 1
7696 5909 1
1492 6924 1
6924 3313 1
1492 314 1
314 4995 1
4995 1492 1
1492 1031 1
1031 2523 1
1031 5726 1
5726 10772 1
10772 6363 1
6363 10769 1
10769 10235 1
10235 5751 1
5751 8523 1
8523 8374 1
8374 3945 1
3945 3788 1
3788 8565 1
8565 1059 1
1059 11086 1
11086 9733 1
9733 10551 1
10551 7153 1
7153 2535 1
2535 3022 1
3022 4941 1
4941 9071 1
9071 4818 1
4818 6443 1
6443 10809 1
10809 2762 1
2762 4952 1
4952 2971 1
2971 6409 1
2971 4353 1
4353 3002 1
3002 2996 1
2996 4353 1
4353 4253 1
4253 5091 1
4253 853 1
853 976 1
976 7229 1
7229 4730 1
4730 1132 1
1132 6391 1
6391 6876 1
6876 7618 1
7618 4480 1
4480 2121 1
2121 3344 1
3344 5451 1
5451 10007 1
10007 4937 1
4937 452 1
452 10849 1
10849 7751 1
7751 5336 1
5336 5831 1
5831 5326 1
5326 10062 1
10062 2188 1
2188 9761 1
9761 5831 1
5831 3699 1
3699 3267 1
3267 9662 1
9662 2301 1
2301 6063 1
6063 2864 1
2864 4044 1
4044 6892 1
6892 8911 1
8911 359 1
359 709 1
709 3181 1
3181 233 1
233 2301 1
2301 3099 1
3099 3267 1
3267 7755 1
7755 4919 1
4919 359 1
359 2904 1
2904 3267 1
3267 5119 1
5119 7755 1
7755 18 1
18 10123 1
10123 2827 1
2827 5899 1
5899 6642 1
6642 6715 1
6715 3164 1
3164 3309 1
3309 1885 1
1885 10547 1
10547 4468 1
4468 3364 1
3364 5708 1
5708 6642 1
6642 8767 1
8767 7816 1
7816 2175 1
2175 4865 1
4865 10263 1
10263 2024 1
10263 3010 1
3010 10849 1
10849 584 1
584 2795 1
2795 8364 1
8364 7746 1
7746 5107 1
5107 6938 1
6938 2466 1
2466 8998 1
8998 3344 1
3344 542 1
542 5974 1
5974 4531 1
4531 8330 1
478 7878 1
7878 6288 1
6288 9602 1
9602 9600 1
9600 1233 1
1233 7920 1
7920 1770 1
1770 4334 1
4334 10558 1
10558 9712 1
9712 9942 1
9942 4334 1
4334 1814 1
1814 2637 1
1814 11166 1
11166 9701 1
9701 10430 1
9701 6630 1
6630 1814 1
1814 7897 1
1814 10716 1
1814 6665 1
6665 2030 1
2030 836 1
2030 6938 1
6938 2877 1
2877 3570 1
3570 3237 1
3237 3692 1
3237 4432 1
4432 6255 1
6255 3659 1
3659 2380 1
2380 4834 1
4834 775 1
775 2044 1
2044 1252 1
1252 4942 1
4942 1152 1
1152 472 1
472 2831 1
2831 1987 1
1987 472 1
472 5637 1
5637 9823 1
9823 10397 1
10397 6642 1
6642 6374 1
6374 9454 1
9454 3381 1
3381 3915 1
3915 5260 1
5260 6131 1
6131 4081 1
4081 5260 1
3915 5824 1
5824 10765 1
10765 8128 1
10765 1208 1
1208 5969 1
5969 4000 1
4000 8736 1
8736 6595 1
6595 2281 1
2281 9373 1
9373 7618 1
7618 1959 1
1959 8470 1
8470 2508 1
2508 10434 1
10434 4480 1
4480 6642 1
6642 2826 1
2826 6691 1
6691 5968 1
5968 256 1
256 6350 1
6350 8767 1
8767 9164 1
9164 6770 1
6770 2505 1
2505 8712 1
8712 7878 1
7878 3326 1
3326 9147 1
5670 1535 1
1535 7676 1
7676 4061 1
4061 6194 1
6194 9427 1
9427 9873 1
9873 3574 1
3574 482 1
482 357 1
357 2447 1
2447 629 1
629 9473 1
9473 3914 1
3914 7239 1
7239 4061 1
4061 7663 1
7663 5574 1
5574 7676 1
7676 3397 1
3397 4135 1
4135 5974 1
5974 7663 1
7663 3993 1
3993 9733 1
9733 6923 1
6923 4297 1
4297 10886 1
10886 3611 1
3611 10020 1
10020 2791 1
2791 9108 1
9108 9110 1
9110 4468 1
4468 8345 1
8345 4877 1
4877 3778 1
3778 11132 1
11132 8316 1
8316 614 1
614 1715 1
1715 408 1
408 3232 1
3232 8754 1
8754 7867 1
7867 9922 1
9922 4119 1
4119 6876 1
6876 42 1
42 1958 1
1958 9998 1
9998 2071 1
2071 8187 1
8187 7702 1
7702 7618 1
7618 9605 1
9605 7867 1
7867 357 1
357 42 1
42 5318 1
5318 3326 1
3326 8523 1
8523 4464 1
4464 180 1
180 5439 1
5439 8719 1
8719 3772 1
5053 8987 1
8987 2112 1
2112 7064 1
7064 1739 1
1739 2121 1
2121 8506 1
8506 10022 1
10022 5056 1
5056 5503 1
5503 1412 1
1412 4480 1
4480 7091 1
7091 5792 1
5792 1233 1
1233 2238 1
2238 5964 1
5964 1564 1
1564 1959 1
1959 10004 1
10004 1681 1
1681 10123 1
10123 1130 1
1130 10004 1
10004 3574 1
3574 3560 1
3560 50 1
50 85 1
85 437 1
437 3317 1
3317 10588 1
10588 6052 1
6052 233 1
233 3699 1
3699 9761 1
9761 2864 1
2864 811 1
811 3720 1
3720 9796 1
9796 6892 1
6892 4073 1
4073 10158 1
10158 7228 1
7228 10654 1
10654 3047 1
3047 6576 1
6576 4028 1
4028 2944 1
2944 442 1
442 8753 1
8753 5562 1
5562 5969 1
5969 8099 1
8099 312 1
312 6836 1
6836 8174 1
8174 1873 1
8174 176 1
176 414 1
414 7074 1
7074 7253 1
7253 10948 1
10948 3409 1
3409 5974 1
5974 2819 1
2819 384 1
384 8909 1
8909 9441 1
9441 4308 1
4308 42 1
42 8341 1
8341 11163 1
11163 6391 1
6391 8215 1
8215 2077 1
2077 6491 1
6491 6526 1
6526 8882 1
8882 440 1
440 11060 1
11060 4606 1
4606 3523 1
3523 4563 1
4563 756 1
756 4536 1
4536 2402 1
2402 3397 1
3397 1806 1
1806 5295 1
10546 1806 1
1806 5708 1
5708 4873 1
4873 3611 1
3611 6529 1
6529 561 1
561 3170 1
3170 7676 1
7676 8229 1
8229 9146 1
9146 3678 1
3678 2958 1
2958 6097 1
6097 9165 1
9165 4115 1
4115 6498 1
6498 8239 1
8239 71 1
8515 982 1
982 9142 1
9142 6923 1
6923 3042 1
3042 3813 1
3813 4747 1
4747 8316 1
8316 6563 1
6563 8153 1
8153 7494 1
7494 9033 1
9033 4018 1
4018 11087 1
11087 2255 1
2255 8660 1
2255 7616 1
7616 7689 1
7689 8100 1
8100 2255 1
2255 9369 1
9369 5970 1
5970 7945 1
7945 6712 1
6712 7023 1
7023 2121 1
2121 1336 1
1336 629 1
629 3042 1
3042 2447 1
2447 5161 1
5161 8736 1
8736 8506 1
8506 10179 1
10179 2535 1
2535 6238 1
6238 8316 1
8316 7494 1
7494 8523 1
8523 1629 1
1629 3914 1
3914 10691 1
10691 7253 1
10948 4709 1
4709 9577 1
9577 7253 1
9577 9939 1
9939 10792 1
10792 6890 1
6890 4060 1
4060 3064 1
3064 3326 1
3326 2262 1
2262 8759 1
8759 7530 1
7530 6060 1
6060 799 1
799 9551 1
9551 6279 1
6279 3937 1
3937 9550 1
9550 7243 1
7243 1288 1
1288 2277 1
2277 9550 1
9550 8601 1
8601 4277 1
4277 1878 1
4277 6279 1
6279 799 1
799 2207 1
2207 6060 1
6060 3937 1
3937 2749 1
2749 799 1
799 105 1
105 9551 1
9551 3627 1
3627 799 1
799 8412 1
8412 9550 1
9550 7438 1
7438 4096 1
4096 3937 1
3937 10293 1
3937 1878 1
1878 8601 1
8601 105 1
8601 1288 1
1288 2749 1
2749 7243 1
7243 3627 1
3627 3320 1
3320 105 1
105 2207 1
2207 759 1
759 8601 1
8601 2207 1
2207 9551 1
6279 6220 1
6220 3664 1
3664 6985 1
6985 3937 1
3937 4471 1
4471 2277 1
2277 4096 1
4096 2749 1
2749 2207 1
2207 1288 1
1288 105 1
105 2277 1
2277 9551 1
9551 8601 1
8601 7093 1
7093 620 1
620 8601 1
8601 226 1
226 4096 1
4096 9550 1
9550 6060 1
6060 3280 1
3280 1433 1
677 3280 1
3280 9362 1
9362 3016 1
3016 7329 1
7329 5228 1
5228 6539 1
6539 3856 1
3856 2002 1
2002 10021 1
10021 8000 1
10021 3818 1
3818 8393 1
10021 1115 1
1115 4347 1
4347 1189 1
1189 428 1
428 4347 1
4347 4734 1
4734 1513 1
4347 7571 1
7571 208 1
208 2118 1
208 3976 1
3976 7390 1
7390 2755 1
2755 615 1
615 5529 1
2755 1586 1
1586 10534 1
10534 3814 1
3814 8132 1
3814 11061 1
11061 8132 1
8132 10534 1
3814 424 1
424 1419 1
1419 10910 1
10910 9921 1
9921 10384 1
10384 8493 1
8493 10449 1
10449 5920 1
5920 9988 1
9988 9472 1
9988 10307 1
10307 6767 1
6767 4819 1
4819 2467 1
2467 4361 1
4361 9180 1
9180 5094 1
9180 2401 1
2401 4793 1
4793 3747 1
3747 3270 1
3270 6365 1
6365 3636 1
3636 5437 1
5437 6374 1
6374 5534 1
5534 3572 1
3572 9264 1
9264 7682 1
7682 4135 1
4135 8079 1
8079 7279 1
7279 4104 1
4104 1336 1
1336 3574 1
3574 6194 1
6194 9605 1
9605 10792 1
10792 10802 1
10802 3813 1
3813 4379 1
4379 758 1
758 7370 1
7370 3862 1
3862 10172 1
10172 4531 1
4531 5163 1
5163 2511 1
2511 8103 1
8103 10339 1
10339 1965 1
1965 3111 1
3111 10776 1
10776 1380 1
1380 3512 1
3512 3111 1
3111 5559 1
5559 7857 1
7857 8385 1
8385 5016 1
5016 3611 1
3611 5056 1
5056 7597 1
7597 8319 1
8319 6134 1
6134 6003 1
6003 7758 1
7758 6491 1
6491 440 1
440 8470 1
8470 9015 1
9015 357 1
357 9400 1
9400 4563 1
4563 7530 1
7530 1959 1
1959 11054 1
11054 3788 1
3788 5161 1
5161 629 1
629 11132 1
11132 9278 1
9278 8153 1
8153 10546 1
10546 6058 1
6058 10628 1
10628 6052 1
6052 9605 1
9605 8712 1
8712 9594 1
9594 8565 1
8565 483 1
483 10022 1
10022 1785 1
1785 4480 1
4480 68 1
68 2447 1
2447 9427 1
9427 8233 1
8233 4349 1
4349 9015 1
9015 9523 1
9523 4829 1
4829 8187 1
8187 5503 1
5503 4238 1
4238 4877 1
4877 9218 1
9218 319 1
319 10777 1
10777 4061 1
4061 9733 1
9733 7091 1
7091 7768 1
7768 3993 1
9733 3197 1
3197 4135 1
4135 7977 1
7977 2461 1
2461 6935 1
6935 75 1
75 5441 1
5441 720 1
720 6060 1
6060 4168 1
4168 7841 1
7841 11039 1
11039 9089 1
9089 2097 1
2097 9593 1
9593 398 1
398 8872 1
8872 1331 1
1331 3099 1
3099 1726 1
1726 9441 1
9441 7963 1
7963 7017 1
7017 8731 1
8731 767 1
767 5472 1
5472 9577 1
9577 1629 1
1629 4135 1
4135 3039 1
3039 11087 1
11087 2192 1
2192 3227 1
3227 2020 1
2020 11006 1
11006 1535 1
1535 730 1
730 482 1
482 9681 1
9681 4829 1
4829 8274 1
8274 180 1
180 3301 1
3301 1233 1
1233 7359 1
7359 8603 1
8603 8345 1
8345 8987 1
8987 1535 1
1535 2381 1
2381 1739 1
1739 11132 1
11132 1755 1
1755 6036 1
6036 6963 1
6963 2846 1
2846 299 1
299 1082 1
1082 1169 1
1169 2573 1
1169 10654 1
10654 10938 1
10938 6977 1
6977 2226 1
2226 2573 1
2573 1416 1
1416 7171 1
7171 4028 1
4028 3346 1
3346 3624 1
3624 5868 1
5868 8015 1
8015 1082 1
1082 8779 1
8779 5899 1
5899 982 1
982 6642 1
6642 4128 1
4128 8071 1
8071 2083 1
2083 2532 1
2532 2821 1
2821 2354 1
2354 2284 1
2284 7359 1
7359 8374 1
8374 2272 1
2272 8282 1
8282 3813 1
3813 6391 1
6391 2877 1
2877 2466 1
2466 3570 1
3570 4650 1
4650 7758 1
7758 9441 1
9441 3099 1
3099 584 1
584 811 1
811 452 1
452 7231 1
7231 6489 1
6489 4776 1
4776 9147 1
9147 7682 1
7682 6525 1
6525 4747 1
4747 6422 1
6422 3977 1
3977 2890 1
2890 3073 1
3073 10624 1
10624 9817 1
9817 3625 1
3625 3073 1
3073 4801 1
4801 3482 1
3482 4008 1
4008 2275 1
2275 9387 1
9387 10624 1
10624 2890 1
2890 6549 1
6549 2272 1
2272 5355 1
5355 3678 1
3678 3993 1
3993 3858 1
3858 3560 1
3560 2281 1
2281 68 1
2447 2734 1
2734 4892 1
4892 2272 1
2272 4941 1
4941 2381 1
2381 8282 1
8282 9523 1
9523 357 1
357 3301 1
3301 3957 1
3957 7920 1
7920 3788 1
3788 3409 1
3409 982 1
982 2958 1
2958 6391 1
6391 3064 1
3064 2024 1
2024 7867 1
7867 8506 1
8506 1801 1
1801 941 1
941 9218 1
9218 10287 1
10287 9870 1
9870 1722 1
1722 2880 1
2880 6577 1
6577 6580 1
6580 1262 1
1262 9019 1
9019 1080 1
1080 9297 1
9297 9911 1
9911 5027 1
9911 1087 1
1087 1900 1
1900 7908 1
7908 10000 1
10000 4513 1
4513 292 1
292 8364 1
2795 5119 1
5119 7754 1
7754 3309 1
3309 1233 1
1233 1785 1
1785 4297 1
4297 5442 1
5442 3017 1
3017 6286 1
6286 11132 1
11132 10546 1
1785 10004 1
10004 8755 1
8755 3386 1
3386 2975 1
2975 10041 1
10041 7359 1
7359 10172 1
10172 2395 1
2395 2970 1
2970 6722 1
6722 8802 1
8802 5053 1
5053 1336 1
1336 3100 1
3100 1959 1
1959 3062 1
3062 317 1
317 9044 1
9044 10912 1
10912 6737 1
6737 4115 1
4115 3397 1
3397 5442 1
5442 2880 1
2880 5064 1
5064 9033 1
9033 6529 1
6529 6341 1
6529 1640 1
1640 9092 1
9092 9732 1
9732 7606 1
7606 8987 1
8987 7530 1
7530 3100 1
3100 5574 1
5574 3042 1
3042 8565 1
8565 561 1
561 9296 1
9296 2791 1
2791 9594 1
9594 5593 1
5593 6863 1
6863 3611 1
3611 4630 1
4630 6311 1
6311 8604 1
8604 2177 1
2177 9682 1
9682 4423 1
4423 7146 1
7146 4621 1
4621 5202 1
5202 8033 1
8033 8348 1
8348 2177 1
2177 4476 1
4476 5454 1
4476 6338 1
6338 1757 1
6338 1296 1
6338 10837 1
10837 7494 1
7494 5064 1
5064 9173 1
9173 7370 1
7370 720 1
720 2846 1
2846 1411 1
1411 2793 1
2793 8906 1
8906 10306 1
10306 3600 1
3600 8921 1
8921 2015 1
2015 363 1
363 699 1
363 1360 1
1360 3150 1
3150 2046 1
2046 4618 1
4618 1309 1
1309 6235 1
1309 3880 1
1309 11130 1
11130 3270 1
3270 1776 1
3270 8006 1
8006 7084 1
7084 3383 1
3383 6894 1
6894 2975 1
2975 3344 1
3344 9374 1
9374 2695 1
2695 4142 1
4142 4818 1
1882 1406 1
1406 7057 1
7057 6197 1
6197 10073 1
10073 7546 1
7546 5906 1
5906 898 1
5906 6443 1
6443 9446 1
9446 4149 1
4149 3062 1
3062 5574 1
5574 3945 1
3945 7064 1
7064 6770 1
6770 8961 1
8961 497 1
497 5355 1
5355 1739 1
1739 4104 1
4104 3364 1
3364 2077 1
2077 5574 1
5574 6549 1
6549 7663 1
7663 4000 1
4000 1564 1
1564 1785 1
1785 11054 1
11054 562 1
562 10364 1
10364 10371 1
10371 6504 1
6504 8011 1
8011 4943 1
4943 4260 1
4943 1061 1
1061 3942 1
1061 7971 1
7971 5097 1
5097 5865 1
5865 4849 1
4849 5039 1
5039 10921 1
10921 5097 1
5097 5669 1
5669 4452 1
4452 5097 1
5097 4682 1
4682 6329 1
6329 9873 1
9873 9523 1
9523 11060 1
11060 8802 1
8802 9015 1
9015 10123 1
10123 5971 1
5971 3362 1
3362 3060 1
3060 8802 1
8802 4536 1
4536 3317 1
3317 5574 1
5574 4061 1
4061 3386 1
3386 2788 1
2788 3234 1
3234 1785 1
1785 2112 1
2112 1801 1
1801 85 1
85 2658 1
2658 10551 1
10551 6595 1
6595 3397 1
3397 50 1
50 1785 1
1785 478 1
478 68 1
68 10551 1
10551 414 1
414 8020 1
8020 2614 1
2614 8987 1
8987 7031 1
7031 3100 1
3100 2975 1
2975 7064 1
7064 10004 1
10004 4774 1
4774 3062 1
3062 264 1
264 9264 1
9264 504 1
504 8225 1
8225 502 1
502 8763 1
8763 6976 1
6976 516 1
516 4032 1
4032 4316 1
4316 9433 1
9433 3815 1
9433 5975 1
9433 3654 1
3654 11090 1
11090 4997 1
4997 775 1
775 5005 1
5005 4834 1
4834 9938 1
9938 1671 1
1671 3422 1
3422 5015 1
5015 7583 1
7583 781 1
7583 8108 1
8108 7761 1
7761 2434 1
2434 6243 1
6243 6700 1
6700 8604 1
8604 7036 1
8604 6076 1
6076 10208 1
6076 8350 1
8350 3332 1
6076 525 1
525 2842 1
2842 3572 1
3572 4432 1
4432 9197 1
9197 1672 1
1672 6314 1
6314 4432 1
4432 3692 1
3692 830 1
830 10343 1
10343 4291 1
4291 9923 1
9923 8973 1
8973 10397 1
10397 7352 1
7352 1482 1
1482 4757 1
4757 68 1
68 7494 1
7494 4135 1
4135 8239 1
8239 3528 1
3528 6328 1
6328 10964 1
10964 6737 1
6737 10802 1
10802 10231 1
10802 3317 1
3317 6918 1
6918 4747 1
4747 3073 1
3073 6223 1
6223 4199 1
4199 8572 1
8572 9333 1
9333 6571 1
6571 8572 1
8572 5388 1
5388 1643 1
1643 9387 1
9387 7845 1
7845 3097 1
3097 2083 1
2083 9072 1
9072 5617 1
5617 8748 1
8748 2988 1
2988 7662 1
2988 2249 1
2249 1944 1
1944 2466 1
2466 3401 1
3401 5974 1
5974 9605 1
9605 6712 1
6712 3301 1
3301 2121 1
2121 8187 1
8187 9523 1
9523 9681 1
9681 6491 1
6491 10874 1
10874 8282 1
8282 42 1
42 7211 1
7211 2557 1
2557 5771 1
5771 7162 1
2557 1190 1
1190 7167 1
1190 5868 1
5868 1136 1
1136 6224 1
1136 800 1
800 5681 1
5681 5868 1
5868 5914 1
5914 1592 1
1592 4338 1
4338 7299 1
7299 5914 1
5914 1416 1
2573 6576 1
6576 8160 1
8160 9572 1
9572 6341 1
6341 10417 1
10417 2506 1
2506 5540 1
5540 414 1
414 7159 1
7159 8736 1
8736 5611 1
5611 8961 1
8961 9605 1
9605 8153 1
8153 5503 1
7977 5154 1
5154 5441 1
5441 6910 1
6910 8345 1
8345 3064 1
3064 8802 1
8802 4297 1
4297 6019 1
6019 1629 1
1629 2854 1
2854 10792 1
10792 10726 1
10726 3344 1
3344 3092 1
3092 6443 1
6443 4941 1
4941 8603 1
8603 8274 1
8274 5161 1
5161 1412 1
5503 834 1
834 9605 1
9605 3317 1
3317 4199 1
4199 455 1
455 4135 1
4135 1674 1
1674 8335 1
8335 8565 1
8565 606 1
606 6927 1
6927 5966 1
5966 10691 1
10691 1153 1
1153 4747 1
4747 8274 1
8274 11132 1
11132 4663 1
4663 9594 1
9594 7992 1
7992 4870 1
4870 6118 1
6118 2601 1
2601 6186 1
6186 1559 1
1559 4557 1
4557 4685 1
4685 7938 1
7938 2562 1
2562 5282 1
5282 11137 1
11137 1668 1
1668 5195 1
5195 8950 1
8950 1668 1
1668 5830 1
5830 10882 1
10882 4379 1
4379 5970 1
5970 9732 1
9732 10634 1
10634 3005 1
3005 1514 1
10634 8461 1
8461 9026 1
9026 7013 1
7013 4016 1
7013 1419 1
7013 8461 1
8461 4075 1
8461 4897 1
8461 7119 1
7119 10860 1
10860 1503 1
1503 6352 1
6352 1755 1
1755 1661 1
1755 8086 1
1755 1274 1
1274 7807 1
7807 2100 1
2100 4287 1
4287 1147 1
1147 7660 1
7660 8987 1
8987 7505 1
7505 10278 1
10278 10210 1
10210 10954 1
10954 5723 1
5723 4978 1
4978 5437 1
5437 8073 1
8073 9358 1
9358 7789 1
7789 4631 1
4631 10410 1
10410 2114 1
2114 4351 1
4351 2081 1
2081 4631 1
4631 3572 1
3572 8095 1
8095 11163 1
11163 2532 1
2532 1331 1
1331 1726 1
1726 2493 1
2493 8364 1
8364 2188 1
2188 2198 1
2198 10158 1
10158 8516 1
8516 4278 1
4278 6036 1
6036 3572 1
3572 1965 1
1965 8103 1
2511 3615 1
3615 8345 1
8345 3644 1
3644 4954 1
4954 3383 1
3383 6059 1
6059 7379 1
7379 5611 1
5611 1785 1
1785 9146 1
9146 7676 1
7676 232 1
232 4954 1
4954 2505 1
2505 2571 1
2571 4563 1
4563 8759 1
8759 3644 1
3644 7470 1
7470 3922 1
3922 9605 1
9605 899 1
899 2238 1
1233 3234 1
3234 357 1
9400 1412 1
1412 6286 1
6286 9605 1
9605 3813 1
3813 281 1
281 7606 1
7606 7499 1
7606 5970 1
5970 1443 1
1443 3914 1
3914 11132 1
11132 2281 1
2281 6572 1
6572 4829 1
4829 1959 1
1959 3397 1
3397 4239 1
4239 5974 1
5974 5894 1
5894 4972 1
4972 8229 1
8229 1715 1
1715 4069 1
4069 1483 1
1483 5974 1
5974 3164 1
3164 3397 1
3397 7505 1
7505 2381 1
2381 4104 1
4104 2020 1
2020 3993 1
1082 5443 1
5443 4725 1
4725 3572 1
3572 3761 1
3761 8546 1
8546 360 1
360 224 1
224 720 1
720 10418 1
10418 6691 1
6691 9406 1
9406 10487 1
10487 4396 1
4396 5968 1
5968 10974 1
10974 3218 1
3218 5442 1
5442 7505 1
7505 3042 1
3042 3678 1
3678 10529 1
10529 4563 1
4563 4464 1
4464 2402 1
2402 264 1
264 10149 1
10149 10539 1
10539 3572 1
3572 4291 1
4291 7824 1
7824 4432 1
4432 9072 1
9072 10504 1
10504 3788 1
3788 6918 1
6918 7031 1
7031 6194 1
6194 7371 1
7371 2284 1
5443 5453 1
5453 4278 1
4278 7876 1
7876 7789 1
7789 6708 1
6708 2041 1
2041 6786 1
6786 3373 1
3373 7017 1
7017 7876 1
7876 9490 1
9490 8401 1
8401 3317 1
3317 9141 1
9141 3574 1
3574 756 1
756 9733 1
9733 5708 1
5708 8274 1
8274 1443 1
1443 7530 1
4563 8907 1
8907 1829 1
1829 3844 1
3844 8269 1
8269 4356 1
4356 10882 1
10882 10912 1
10912 2601 1
2601 10882 1
10882 7998 1
7998 3094 1
3094 1453 1
3094 8611 1
8611 9616 1
9616 3520 1
3520 6023 1
6023 3111 1
3111 1096 1
1096 2073 1
2073 6023 1
6023 3748 1
3748 9868 1
9868 2987 1
2987 3875 1
3875 6757 1
6757 2693 1
2693 9799 1
9799 7412 1
7412 9392 1
9392 3854 1
3854 6734 1
6734 1659 1
1659 1131 1
1131 10435 1
10435 10155 1
10155 6130 1
6130 8809 1
8809 4756 1
4756 10527 1
10527 10021 1
10021 5835 1
5835 9426 1
9426 9194 1
9194 8012 1
9194 304 1
304 2589 1
2589 9306 1
9306 2340 1
2340 2589 1
2589 6186 1
6186 1035 1
1035 9306 1
9306 6186 1
2589 1559 1
1559 9306 1
9306 4521 1
4521 1119 1
1119 492 1
492 8267 1
8267 9372 1
9372 304 1
304 10882 1
10882 7457 1
7457 6595 1
6595 8071 1
8071 10149 1
10539 9072 1
9072 9788 1
9788 5472 1
5472 4828 1
4828 596 1
596 6094 1
596 8036 1
8036 9029 1
9029 6694 1
6694 596 1
596 8507 1
8507 9683 1
596 4371 1
4371 3649 1
3649 10859 1
10859 8457 1
8457 4697 1
8457 6561 1
6561 8960 1
6561 6259 1
6259 8009 1
8009 4580 1
4580 4117 1
4117 1259 1
1259 8009 1
8009 7434 1
7434 3572 1
3572 2301 1
2301 8277 1
8277 7754 1
7754 10062 1
10062 5103 1
5103 5326 1
5326 8547 1
8547 10062 1
10062 10087 1
10087 10129 1
10129 9796 1
9796 2921 1
2921 2904 1
2904 8002 1
8002 2493 1
2493 2484 1
2484 2285 1
2285 2860 1
2860 10397 1
10397 397 1
397 2301 1
2301 9441 1
4308 6036 1
6036 5212 1
5212 7720 1
7720 18 1
18 6327 1
6327 6099 1
6099 1959 1
1959 1801 1
1801 4264 1
4264 7371 1
7371 3523 1
3523 281 1
281 9343 1
281 4747 1
4747 4297 1
4297 9545 1
9545 3993 1
3993 10804 1
10804 6910 1
6910 6061 1
6061 11132 1
11132 9146 1
9146 5016 1
5016 2736 1
2736 8385 1
8385 5670 1
5670 8993 1
8993 6737 1
6737 6910 1
6910 6722 1
6722 5439 1
5439 678 1
678 8187 1
8187 3062 1
3062 7174 1
7174 9044 1
9044 1746 1
1746 5243 1
1746 4870 1
1746 6500 1
6500 6197 1
6197 9275 1
9275 10654 1
10654 3986 1
3986 4239 1
4239 2275 1
2275 5574 1
5574 8374 1
8374 1412 1
1412 10551 1
10551 7400 1
7400 11086 1
11086 3409 1
3409 4877 1
4877 3945 1
3945 10649 1
10649 8425 1
8425 4843 1
4843 1730 1
1730 4039 1
4039 10649 1
8425 4008 1
4008 4801 1
4801 2970 1
2970 818 1
818 6918 1
6918 3772 1
3772 1535 1
1535 4774 1
4774 437 1
437 5597 1
5597 6595 1
6595 976 1
976 3692 1
3692 7845 1
7845 4828 1
4828 6737 1
6737 10873 1
10873 2595 1
2595 10964 1
10964 6391 1
6391 8303 1
8303 8274 1
8274 5974 1
5974 1059 1
1059 9577 1
9577 3317 1
5574 4464 1
4464 4000 1
4000 7966 1
7966 974 1
974 8429 1
8429 7966 1
7966 6668 1
6668 4923 1
4923 9840 1
9840 8302 1
8302 10944 1
10944 9856 1
9856 4923 1
4923 6763 1
6763 10385 1
10385 3721 1
3721 3146 1
3146 5306 1
5306 5150 1
5150 10256 1
10256 11051 1
11051 8301 1
8301 9840 1
9840 974 1
974 9955 1
9955 8243 1
8243 3146 1
3146 3033 1
3033 9955 1
9955 6668 1
6668 3585 1
3585 9167 1
9167 10944 1
10944 3585 1
3585 9955 1
9955 9167 1
9167 6763 1
6763 10894 1
10894 2980 1
10894 8243 1
8243 974 1
974 10932 1
10932 3585 1
3585 10198 1
10198 6783 1
6783 4067 1
4067 832 1
832 4676 1
4676 1034 1
1034 3551 1
3551 8537 1
8537 8999 1
8999 5943 1
5943 4545 1
4545 1119 1
1119 4676 1
4676 3887 1
4676 9727 1
9727 4067 1
4067 9831 1
9831 8163 1
8163 1298 1
1298 832 1
832 304 1
304 6984 1
6984 7192 1
7192 5265 1
5265 11137 1
11137 2451 1
2451 6552 1
6552 7938 1
7938 4521 1
4521 11137 1
11137 5946 1
5946 10325 1
10325 5935 1
5935 8778 1
8778 9130 1
9130 2155 1
8778 3814 1
3814 3741 1
3814 11113 1
11113 662 1
662 3300 1
3300 6556 1
3300 11113 1
11113 9838 1
9838 4510 1
4510 8985 1
8985 9838 1
9838 3300 1
9838 7324 1
7324 7110 1
7110 6374 1
6374 7457 1
7457 6500 1
6500 6362 1
6362 6341 1
6341 10411 1
10411 11129 1
11129 1328 1
11129 3510 1
3115 7843 1
7843 1806 1
1806 2395 1
2395 3164 1
3164 2175 1
2175 3097 1
3097 3914 1
3914 319 1
319 7091 1
7091 2402 1
4464 281 1
281 9278 1
9278 2658 1
2658 5968 1
5968 614 1
614 2466 1
1944 4239 1
4239 3974 1
3974 3534 1
3534 944 1
944 8229 1
8229 9142 1
9142 2854 1
2854 4308 1
4308 8516 1
8516 42 1
42 1535 1
1535 8470 1
8470 7702 1
7702 5969 1
5969 10287 1
5969 7695 1
7695 2958 1
2958 4892 1
4892 6737 1
6737 9286 1
9286 9072 1
9072 4631 1
4631 9438 1
9438 5453 1
5453 7789 1
7789 8285 1
8285 4308 1
4308 7193 1
7193 9490 1
9490 8451 1
8451 8903 1
8903 1688 1
1688 2284 1
2284 6737 1
6737 3517 1
3517 5191 1
5191 9072 1
9072 3531 1
3531 5950 1
3531 1921 1
1921 6999 1
6999 9080 1
9080 1921 1
1921 10723 1
10723 497 1
8961 9146 1
9146 7682 1
7682 3788 1
3788 8013 1
8013 9572 1
9572 3193 1
3193 6374 1
6374 4149 1
4149 1987 1
1987 5451 1
5451 3092 1
3092 4960 1
4960 985 1
985 10397 1
10397 3747 1
3747 3130 1
3130 1248 1
1248 5637 1
5637 4648 1
4648 4757 1
4757 411 1
411 11173 1
11173 9446 1
9446 1097 1
1097 10397 1
10397 8274 1
8274 7768 1
7768 11129 1
3510 11132 1
11132 4483 1
4483 10343 1
10343 4941 1
4941 10777 1
10777 1564 1
1564 9523 1
9523 2281 1
2281 11060 1
11060 6239 1
6239 8233 1
8233 2946 1
2946 7768 1
7768 583 1
583 8719 1
8719 7505 1
7505 10529 1
4563 437 1
437 7031 1
7031 7920 1
7920 5503 1
5503 6328 1
6328 2848 1
2848 10873 1
10873 10162 1
10162 3246 1
3246 6544 1
6544 9088 1
9088 9308 1
9308 5908 1
5908 999 1
999 9308 1
6544 6266 1
6544 6444 1
6544 8727 1
8727 11046 1
6544 371 1
371 8736 1
8736 2238 1
2238 10804 1
10804 1535 1
1535 6097 1
6097 1739 1
1739 941 1
941 4297 1
4297 2262 1
2262 3945 1
3945 2170 1
2170 6033 1
6033 1153 1
1153 8998 1
8998 4199 1
4199 4918 1
4918 980 1
980 4135 1
4135 623 1
623 4018 1
4018 10628 1
10628 1208 1
1208 10172 1
10172 7457 1
7457 7359 1
7359 3572 1
3572 4073 1
4073 452 1
452 709 1
709 9796 1
9796 3215 1
3215 7746 1
7746 10397 1
10397 1965 1
1965 5241 1
5241 296 1
296 3010 1
3010 873 1
873 657 1
657 7901 1
7901 1619 1
1619 3325 1
3325 2217 1
2217 10668 1
10668 3325 1
10668 7 1
7 6397 1
6397 4265 1
7 5808 1
5808 2802 1
2802 7 1
7 4185 1
4185 5253 1
5253 5494 1
5494 5540 1
5540 2851 1
2851 10792 1
10792 9870 1
9870 4298 1
4298 3813 1
3813 2936 1
2936 1535 1
1535 2957 1
2957 5442 1
5442 4480 1
4480 583 1
583 7663 1
7663 2788 1
2788 1801 1
1801 483 1
483 10723 1
10723 4663 1
4663 2289 1
2289 2880 1
2880 3326 1
3326 4610 1
4610 8509 1
8509 8862 1
8862 2664 1
2664 5527 1
5527 3844 1
3844 2545 1
2545 5819 1
5819 7064 1
7064 1664 1
1664 6286 1
6286 7910 1
7910 4462 1
4462 9131 1
9131 3806 1
3806 10619 1
10619 1443 1
10260 5064 1
5064 7370 1
7370 10882 1
10882 2791 1
2791 3115 1
3115 7676 1
7676 6549 1
6549 6194 1
6194 1535 1
1535 4115 1
4115 9689 1
4115 2044 1
2044 9427 1
9427 3993 1
3993 497 1
497 50 1
50 6918 1
6918 583 1
583 6391 1
6391 5503 1
5503 3097 1
3097 240 1
240 3914 1
3914 10673 1
10673 3473 1
3473 3914 1
3914 10031 1
10031 6642 1
6642 8871 1
8871 6770 1
6770 1331 1
1331 5574 1
5574 6286 1
6286 4382 1
4382 5503 1
5503 10784 1
5503 9929 1
9929 3237 1
3237 4128 1
4128 3692 1
3692 2091 1
2091 1677 1
1677 217 1
217 6468 1
6468 6699 1
6468 349 1
349 4605 1
4605 2657 1
2657 2928 1
2928 8262 1
2657 8333 1
8333 6410 1
6410 4890 1
4890 2125 1
2125 7730 1
7730 4890 1
7730 6410 1
6410 4332 1
4332 7178 1
7178 2348 1
2348 4332 1
4332 2401 1
2401 6849 1
6849 5882 1
5882 10905 1
10905 647 1
647 9132 1
9132 11145 1
11145 2725 1
11145 9193 1
9193 10176 1
10176 10905 1
10905 8383 1
8383 9188 1
9188 9288 1
9288 10842 1
10842 9332 1
9332 3224 1
3224 601 1
601 9188 1
9188 6713 1
6713 9470 1
9470 5232 1
5232 681 1
681 6175 1
6175 6163 1
6163 10173 1
10173 2069 1
2069 9335 1
9335 6163 1
6163 5187 1
5187 5448 1
5448 6599 1
6599 2840 1
2840 2676 1
2676 7648 1
7648 10969 1
10969 1633 1
1633 9288 1
9288 6163 1
6163 9188 1
9188 5448 1
5448 601 1
601 9288 1
9288 9703 1
9703 10969 1
10969 377 1
377 6634 1
6634 4307 1
4307 1787 1
7177 4104 1
4104 6255 1
6255 8484 1
8484 10833 1
10833 6393 1
6393 8562 1
8562 8276 1
8276 8222 1
8222 5789 1
5789 8562 1
8562 399 1
399 6393 1
6393 8222 1
8222 5171 1
5171 2358 1
2358 10833 1
10833 5813 1
5813 929 1
929 8484 1
8484 1097 1
1097 9405 1
9405 5906 1
5906 9446 1
9446 6137 1
6137 7719 1
7719 2760 1
2760 7546 1
7546 6376 1
6376 10983 1
10983 9374 1
9374 6689 1
6689 6443 1
6443 7546 1
7546 3597 1
3597 5244 1
5244 5637 1
5637 8484 1
8484 2691 1
2691 11173 1
11173 5668 1
5668 9405 1
9405 10809 1
10809 5451 1
5451 5257 1
5451 7719 1
7719 2078 1
2078 5524 1
5524 6970 1
6970 7719 1
7719 7432 1
7432 2058 1
2058 4019 1
4019 2260 1
2260 7994 1
7994 5637 1
5637 10528 1
10528 2260 1
2260 5637 1
5637 4941 1
4941 7994 1
7994 10073 1
10073 8484 1
8484 5906 1
9405 9374 1
9374 7994 1
7994 1504 1
1504 10276 1
1504 5668 1
5668 5469 1
5469 161 1
161 1055 1
1055 10265 1
10265 7054 1
7054 10353 1
10353 4672 1
4672 4352 1
4352 10022 1
10022 4264 1
4264 2447 1
2447 3957 1
3957 6563 1
6563 5355 1
5355 3574 1
3574 2262 1
2262 180 1
180 4747 1
4747 6139 1
6139 10123 1
10123 542 1
542 4382 1
4382 3064 1
3064 8187 1
8187 7239 1
7239 9011 1
9011 834 1
834 8013 1
8013 6286 1
6286 4000 1
4000 8716 1
8716 3060 1
3060 3858 1
3560 8470 1
8470 8282 1
8282 2192 1
2192 10723 1
10723 3227 1
3227 4238 1
4238 1629 1
1629 10804 1
10804 6923 1
6923 9223 1
9223 6353 1
6353 5443 1
5443 6737 1
6737 9733 1
9733 3945 1
3945 357 1
357 8316 1
8316 8736 1
8736 6139 1
6139 2121 1
2121 8229 1
8229 7768 1
7768 6391 1
6391 10869 1
6391 5161 1
5161 10804 1
10804 6549 1
6549 2339 1
2339 10235 1
10235 4180 1
4180 7634 1
7634 4914 1
4914 4297 1
4297 2112 1
2112 9473 1
9473 4298 1
4298 7031 1
7031 4774 1
4774 3678 1
3678 982 1
982 6770 1
6770 10723 1
10723 1153 1
1153 8133 1
8133 965 1
965 3409 1
3409 3999 1
3999 2614 1
2614 6927 1
6927 6935 1
6935 7505 1
7505 3574 1
3574 7239 1
7239 9870 1
9870 8523 1
8523 437 1
437 6923 1
6923 7379 1
7379 4477 1
4477 4954 1
4954 7663 1
7663 678 1
678 6923 1
6923 264 1
264 8603 1
8603 1137 1
1137 152 1
152 5364 1
5364 4078 1
9272 11018 1
11018 3533 1
11018 8014 1
8014 8014 1
8014 10023 1
10023 4473 1
4473 4521 1
4521 9372 1
9372 8014 1
8014 5231 1
5231 2522 1
2522 7831 1
7831 11064 1
7831 2987 1
2987 7687 1
7687 4596 1
4596 1659 1
1659 9460 1
9460 2929 1
2929 4815 1
4815 6410 1
6410 8808 1
8808 7161 1
7161 9294 1
7161 4119 1
4119 3523 1
3523 1233 1
1233 7768 1
7768 10318 1
10318 4379 1
4379 8054 1
8054 6529 1
6529 5133 1
5133 10723 1
10723 5709 1
5709 414 1
7159 9473 1
9473 3409 1
3409 6019 1
6019 2381 1
2381 7867 1
7867 3317 1
3317 4477 1
4477 5053 1
5053 7091 1
7091 5318 1
5318 437 1
437 6770 1
6770 6139 1
6139 264 1
264 9142 1
9142 6770 1
6770 8755 1
8755 4661 1
4661 2880 1
2880 180 1
180 7945 1
7945 10777 1
10777 6737 1
6737 7505 1
7505 4115 1
4115 8316 1
8316 10547 1
10547 1029 1
1029 1965 1
1965 8853 1
8853 4810 1
4810 10123 1
10123 4563 1
4563 9817 1
9817 9689 1
9689 9018 1
9018 4610 1
4610 1840 1
1840 1211 1
1211 5434 1
5434 5527 1
5527 7159 1
7159 9165 1
9165 5881 1
5881 1412 1
1412 8153 1
8153 8282 1
8282 5318 1
5318 3409 1
3409 7379 1
7379 7867 1
7867 1412 1
1412 6383 1
6383 7239 1
7239 4382 1
4382 264 1
264 9146 1
9146 3301 1
3301 5374 1
5374 7064 1
7064 3064 1
3064 281 1
281 497 1
497 6549 1
6549 606 1
606 756 1
756 7379 1
7379 2658 1
2658 8343 1
8343 6572 1
6572 1681 1
1681 8343 1
8343 8233 1
8233 3914 1
3914 3993 1
3993 4298 1
4298 9018 1
9018 6997 1
6997 9591 1
9591 2798 1
2798 11187 1
11187 2876 1
2876 5574 1
5574 8871 1
8871 2284 1
2284 5395 1
5395 2946 1
2946 6097 1
6097 8229 1
8229 7281 1
7281 3275 1
3275 9723 1
9723 1066 1
1066 9983 1
9983 830 1
830 8767 1
8767 2083 1
2532 7064 1
7064 3778 1
3778 1959 1
1959 10551 1
10551 7484 1
7484 10022 1
10022 9577 1
9577 2044 1
2044 8961 1
8961 6910 1
6910 629 1
629 1233 1
1233 6061 1
6061 3397 1
3397 11129 1
11129 2284 1
2284 9870 1
9870 10588 1
10588 6549 1
6549 944 1
944 5798 1
5798 6398 1
6398 5910 1
5910 10263 1
10263 9422 1
9422 3986 1
3986 5230 1
5230 6036 1
6036 7963 1
7963 4278 1
7963 4871 1
4871 4104 1
4104 5708 1
5708 2284 1
2284 9427 1
9427 7379 1
7379 8316 1
8316 8269 1
8269 7682 1
7682 9600 1
9600 3039 1
3039 6863 1
6863 9033 1
9033 6052 1
6052 3510 1
3510 8153 1
8153 5574 1
5574 5395 1
5395 4536 1
4536 5574 1
5574 3993 1
3993 7017 1
7017 10551 1
10551 7371 1
7371 5597 1
5597 232 1
232 6723 1
6723 11170 1
11170 5442 1
5442 4774 1
4774 5969 1
5969 10041 1
10041 5574 1
5574 606 1
606 8395 1
8395 7768 1
7768 6737 1
6737 50 1
50 3055 1
50 5503 1
5398 5709 1
5709 6935 1
6935 2381 1
2381 678 1
678 9165 1
9165 3227 1
3227 10318 1
10318 68 1
68 7920 1
7920 3772 1
3772 7031 1
7031 1664 1
1664 606 1
606 3022 1
3022 9141 1
9141 6770 1
6770 11043 1
11043 7886 1
11043 10351 1
10351 763 1
763 7521 1
7521 4432 1
7824 240 1
240 2064 1
2064 10723 1
10723 8523 1
8523 2322 1
2322 3197 1
3197 3914 1
3914 258 1
258 7867 1
7867 10123 1
10123 6938 1
6938 615 1
615 6638 1
6638 458 1
458 615 1
615 5010 1
5010 1677 1
1677 3178 1
1677 2837 1
2837 4704 1
4704 8190 1
4704 3406 1
3406 6468 1
6468 7103 1
7103 5063 1
5063 10930 1
10930 7872 1
7872 10595 1
10595 5523 1
5523 10930 1
10930 6600 1
10930 7103 1
7103 5122 1
5122 163 1
163 4433 1
4433 8582 1
8582 3406 1
3406 6396 1
6396 8609 1
8609 5828 1
5828 5303 1
5303 7329 1
7329 9508 1
9508 1054 1
1054 8609 1
8609 5658 1
5658 643 1
643 8990 1
8990 1630 1
1630 10398 1
10398 10913 1
10913 9897 1
9897 1580 1
1580 1135 1
1580 2920 1
1580 643 1
643 786 1
786 1630 1
1630 3992 1
3992 1044 1
1044 3621 1
3621 9991 1
9991 4841 1
4841 9458 1
9458 5170 1
5170 8984 1
8984 9991 1
9991 4322 1
4322 7589 1
7589 7579 1
7579 8070 1
8070 7589 1
4322 5015 1
5015 3814 1
3814 5054 1
5054 7112 1
7112 1704 1
1704 6571 1
6571 9451 1
6571 10493 1
10493 8342 1
8342 5666 1
5666 10493 1
10493 10577 1
10493 8766 1
8766 6593 1
6593 5155 1
5155 5442 1
5442 9427 1
9427 3409 1
3409 295 1
295 8133 1
8133 3409 1
3409 4954 1
4954 281 1
281 357 1
357 10287 1
10287 11006 1
11006 4061 1
4061 6894 1
6894 10588 1
10588 537 1
537 3993 1
3993 1785 1
1785 8274 1
8274 2238 1
2238 4892 1
4892 4357 1
4357 3064 1
3064 180 1
180 232 1
232 7582 1
7582 2568 1
2568 9523 1
9523 5783 1
5783 2238 1
2238 3263 1
3263 1172 1
1172 3588 1
1172 5398 1
5398 10158 1
10158 8872 1
8872 3215 1
7746 6111 1
6111 9761 1
9761 3720 1
3720 3215 1
3215 233 1
233 8054 1
8054 3326 1
3326 8187 1
8187 3772 1
3772 7239 1
7239 1681 1
1681 3064 1
3064 9605 1
9605 2162 1
2162 6715 1
6715 281 1
281 9218 1
9218 264 1
264 384 1
384 3397 1
3397 982 1
982 2187 1
2187 7804 1
7804 4886 1
4886 8484 1
8484 161 1
5117 7190 1
8381 6376 1
6376 3597 1
5244 472 1
472 3747 1
3747 5056 1
5056 2791 1
3115 5974 1
5974 8603 1
8603 8343 1
8343 4861 1
4861 10287 1
10287 2734 1
2734 2272 1
2272 2381 1
2381 2658 1
2658 6910 1
6910 8187 1
8187 4480 1
4480 4298 1
4298 4060 1
4060 8755 1
8755 583 1
583 8853 1
8853 3888 1
583 7676 1
7676 9577 1
9577 5709 1
5709 296 1
296 6346 1
6346 3010 1
3010 1490 1
1490 964 1
964 10158 1
10158 2401 1
2401 10073 1
10073 8381 1
8381 7432 1
7432 1482 1
1482 5451 1
5451 6376 1
6376 3344 1
3344 6935 1
6935 3914 1
3914 8987 1
8987 6894 1
6894 357 1
357 10869 1
10869 1535 1
1535 2262 1
3326 11087 1
11087 8660 1
8660 376 1
8660 4042 1
4042 393 1
393 5974 1
5974 2097 1
2097 1944 1
1944 1557 1
1557 6653 1
6653 4830 1
4830 5670 1
5670 3111 1
3111 8385 1
8385 3840 1
3840 10528 1
10528 10210 1
10278 4253 1
4253 11052 1
4253 2877 1
2877 10613 1
10613 9070 1
9070 6826 1
6826 6341 1
6341 4978 1
4978 1096 1
1096 1368 1
1368 1326 1
1326 5360 1
5360 4107 1
4107 1616 1
4107 10881 1
10881 5513 1
5513 5709 1
5709 4709 1
4709 7074 1
7074 8020 1
8020 7321 1
7321 7253 1
7253 10104 1
10104 3326 1
3326 6923 1
6923 9441 1
9441 8277 1
8277 3267 1
3267 7814 1
7814 398 1
398 7746 1
7746 10989 1
10989 8146 1
8146 10849 1
10849 4044 1
4044 359 1
359 7746 1
7746 8002 1
8002 7751 1
10849 3478 1
3478 2864 1
2864 8644 1
8644 7754 1
7754 233 1
233 9602 1
9602 5056 1
5056 3862 1
3862 10723 1
10723 5395 1
5395 1892 1
1892 3813 1
3813 2946 1
2946 8343 1
8343 6019 1
6019 7768 1
7768 8565 1
8565 2658 1
2658 7031 1
7031 6059 1
6059 9142 1
9142 941 1
941 1535 1
1535 2192 1
2192 3364 1
3364 5395 1
5395 6549 1
6549 3022 1
3022 1483 1
1483 944 1
944 5974 1
5974 7922 1
5974 11054 1
11054 3383 1
3383 5318 1
5318 1564 1
1564 4297 1
4297 583 1
583 6737 1
6737 6097 1
6097 7031 1
7031 9939 1
9939 7945 1
7945 718 1
718 10235 1
10235 1513 1
1513 3903 1
3903 441 1
3903 1499 1
3903 10166 1
10166 11053 1
11053 6379 1
6379 8824 1
6379 10973 1
10973 962 1
962 214 1
214 8398 1
8398 2877 1
2877 3373 1
3373 4664 1
4664 920 1
920 9235 1
9235 5899 1
5899 5443 1
5443 8935 1
8935 42 1
42 6228 1
6228 6362 1
6362 8484 1
8484 4142 1
3092 6376 1
6376 8002 1
8002 359 1
2904 4044 1
4044 5831 1
5831 2926 1
2926 4919 1
4919 1726 1
1726 7427 1
7427 7751 1
7751 10129 1
10129 9761 1
9761 2301 1
2301 7427 1
7427 8364 1
8364 4776 1
4776 5241 1
5241 8565 1
8565 8998 1
8998 8401 1
8401 3473 1
3473 5709 1
10723 3383 1
3383 1233 1
1233 8716 1
8716 3344 1
3344 7370 1
7370 10628 1
10628 9605 1
9605 3362 1
3362 5503 1
5503 9011 1
9011 1211 1
1211 8907 1
8907 808 1
808 9062 1
9062 8029 1
8029 4649 1
8029 6840 1
6840 2664 1
2664 6917 1
6917 10976 1
10976 5858 1
5858 9640 1
9640 3844 1
3844 3572 1
3572 7370 1
7370 10374 1
6058 233 1
2301 3267 1
5119 6111 1
6111 2691 1
2691 6137 1
6137 1097 1
1097 2831 1
2831 1173 1
1173 8543 1
8543 10528 1
10528 2091 1
2091 6894 1
6894 8755 1
8755 7023 1
7023 11054 1
11054 7991 1
7991 8064 1
8064 6248 1
6248 3314 1
3314 10000 1
10000 2606 1
2606 4345 1
4345 3447 1
3447 5335 1
5335 1011 1
1011 4160 1
4160 5612 1
5612 4513 1
4513 6504 1
6504 10921 1
10921 10667 1
10667 3898 1
3898 5039 1
5039 10667 1
10667 8120 1
8120 1061 1
1061 11054 1
11054 7505 1
7505 9011 1
9011 8229 1
8229 10723 1
10723 4060 1
4060 2568 1
2568 4862 1
4862 4766 1
4766 5439 1
5439 9545 1
9545 6712 1
6712 8802 1
8802 6061 1
6061 6391 1
6391 3858 1
3858 7582 1
7582 4480 1
4480 6890 1
6890 730 1
730 9873 1
9873 7084 1
7084 730 1
730 4104 1
4104 993 1
993 6737 1
6737 5439 1
5439 1412 1
1412 1229 1
1229 10175 1
10175 7564 1
7564 1229 1
1229 3570 1
3570 1132 1
1132 414 1
414 9072 1
9072 7816 1
7816 1341 1
1341 5724 1
5724 997 1
997 5914 1
5914 5468 1
5468 5562 1
5562 6576 1
6576 9901 1
9901 6977 1
6977 3457 1
3457 3866 1
3866 3346 1
3346 5468 1
5468 442 1
442 5182 1
5182 3372 1
3372 6196 1
6196 9693 1
9693 3062 1
3062 4480 1
4480 42 1
42 3951 1
3951 4060 1
4060 3397 1
3397 11039 1
11039 2890 1
2890 1802 1
1802 10059 1
10059 4610 1
4610 7910 1
7910 11167 1
11167 9062 1
9062 2664 1
2664 4649 1
4649 5434 1
5434 2563 1
4649 8907 1
808 1840 1
1840 6840 1
9062 9397 1
9397 5910 1
5910 11039 1
4168 720 1
720 7660 1
7660 7370 1
7370 10551 1
10551 10948 1
10948 4684 1
4684 10691 1
10691 6935 1
6935 483 1
483 8506 1
8506 7695 1
7695 3227 1
3227 3383 1
3383 8506 1
8506 8343 1
8343 2447 1
2447 5503 1
5503 4606 1
4606 2568 1
2568 10434 1
10434 319 1
319 6526 1
6526 8802 1
8802 2284 1
2284 7867 1
7867 7922 1
7922 6975 1
6975 3342 1
3342 9422 1
9422 2249 1
2249 7845 1
7845 2960 1
2960 2054 1
2960 8269 1
8269 3309 1
3309 421 1
3309 4115 1
4115 10886 1
10886 1381 1
1381 7359 1
7359 5884 1
5884 42 1
42 2284 1
2284 9218 1
9218 6770 1
6770 5611 1
5611 6894 1
6894 4382 1
4382 9218 1
9218 2020 1
2020 2262 1
2262 7484 1
7484 8802 1
8802 6099 1
6099 3022 1
3022 3672 1
3672 2897 1
2897 3309 1
3309 3326 1
3326 3572 1
3572 8565 1
8565 6288 1
6288 11132 1
11132 9141 1
9141 3064 1
281 7676 1
7676 5374 1
5374 9870 1
9870 7663 1
7663 2044 1
2044 3042 1
3042 4661 1
4661 8316 1
8316 9925 1
9925 1986 1
1986 5080 1
5080 5360 1
5360 4432 1
4432 3882 1
3882 4730 1
3882 8756 1
8756 5241 1
5241 7676 1
7676 4877 1
4877 9870 1
9870 4061 1
4061 10318 1
10318 3574 1
3574 8187 1
8187 2281 1
2281 258 1
258 6935 1
6935 1921 1
1921 4087 1
4087 8540 1
8540 6039 1
6039 7225 1
7225 7320 1
7320 4069 1
4069 1717 1
1717 2024 1
2024 944 1
944 3482 1
944 5388 1
5388 3977 1
3977 6043 1
6043 8949 1
8949 3073 1
3073 4199 1
4199 6648 1
6648 8054 1
8054 3813 1
3813 10804 1
10804 3227 1
3227 7359 1
7359 9600 1
9600 6033 1
6033 5163 1
5163 7131 1
7131 4135 1
4135 1785 1
1785 10628 1
10628 2243 1
2243 7494 1
7494 7878 1
7878 4135 1
4135 2343 1
2343 1363 1
1363 5163 1
5163 623 1
623 4199 1
4199 3326 1
3326 1959 1
1959 4104 1
4104 2418 1
2418 18 1
18 264 1
264 10004 1
10004 4747 1
4747 8871 1
8871 9733 1
11086 10882 1
10882 8079 1
8079 2532 1
2532 2466 1
2466 4709 1
4709 1716 1
1716 767 1
767 1228 1
1228 10326 1
10326 3836 1
3836 9239 1
9239 1024 1
3836 5447 1
5447 2058 1
2058 4202 1
4202 7295 1
7295 9954 1
9954 4202 1
4202 8406 1
8406 3433 1
3433 10106 1
10106 8406 1
8406 3969 1
3969 78 1
78 10429 1
10429 923 1
923 8314 1
923 1129 1
1129 11040 1
11040 2299 1
2299 684 1
684 4486 1
4486 4967 1
4967 8928 1
4967 4098 1
4098 2072 1
2072 10034 1
10034 10913 1
10913 1675 1
1675 6793 1
6793 10913 1
10913 9741 1
9741 2378 1
2378 5522 1
5522 4295 1
4295 2378 1
5522 5648 1
5648 4185 1
4185 3325 1
3325 2802 1
2802 7901 1
2802 5502 1
5502 657 1
657 10660 1
10660 6567 1
6567 657 1
657 9013 1
9013 5933 1
5933 10982 1
10982 6838 1
6838 5999 1
5999 5226 1
5999 1775 1
1775 8532 1
8532 10021 1
10021 4326 1
4326 8569 1
8569 5635 1
8569 3337 1
3337 4326 1
4326 2640 1
2640 5635 1
5635 3337 1
5635 4326 1
4326 5361 1
5361 6263 1
5361 5635 1
5361 1775 1
1775 152 1
152 11187 1
11187 4610 1
4610 6997 1
6997 3977 1
3977 10355 1
10355 6454 1
6454 2078 1
2078 10418 1
6691 7494 1
7494 10318 1
10318 437 1
437 8274 1
8274 10882 1
10882 10759 1
10759 6943 1
6943 2851 1
2851 10231 1
10231 9100 1
9100 75 1
75 972 1
972 10792 1
10792 7359 1
7359 4061 1
4061 6737 1
6737 1739 1
1739 9427 1
9427 5503 1
5503 3858 1
3858 8470 1
8470 482 1
482 2238 1
2238 9278 1
9278 6712 1
6712 10777 1
10777 6572 1
6572 1785 1
1785 9733 1
9733 6036 1
6036 9092 1
9732 3914 1
3914 1877 1
1877 5293 1
5293 976 1
976 2925 1
2925 10149 1
10149 9218 1
9218 976 1
976 7816 1
7816 1132 1
1132 987 1
987 10528 1
10278 7308 1
7308 3926 1
3926 1229 1
1229 7768 1
7768 8912 1
8912 10318 1
10318 542 1
542 6923 1
6923 6353 1
6353 4351 1
4351 7876 1
7876 4871 1
4871 3692 1
3692 1341 1
1341 2848 1
2848 2083 1
2083 3572 1
3572 1381 1
1381 9223 1
9223 7876 1
7876 2344 1
2344 1688 1
1688 9490 1
9490 176 1
176 7876 1
7876 4664 1
4664 4278 1
4278 8935 1
8935 2877 1
2877 10091 1
10091 3570 1
3570 7229 1
8756 296 1
296 976 1
976 1341 1
1341 10873 1
10873 8767 1
8767 10209 1
10209 7020 1
7020 4947 1
4947 6197 1
6197 8239 1
8239 4744 1
4744 1564 1
1564 756 1
756 5969 1
5969 3574 1
7239 8565 1
8565 941 1
941 497 1
497 3523 1
3523 4861 1
4861 1564 1
1564 2243 1
2243 2535 1
2535 7548 1
7548 2284 1
2284 10202 1
10202 2162 1
2162 1443 1
1443 224 1
224 7370 1
9173 5970 1
5970 2943 1
2943 4135 1
4135 281 1
281 7660 1
7660 4629 1
4629 8912 1
8912 3912 1
3912 2219 1
2219 2870 1
2870 9191 1
9191 6401 1
6401 271 1
271 10759 1
10759 6374 1
6374 6826 1
6826 8347 1
8347 8160 1
8160 2879 1
2879 3393 1
3393 1285 1
1285 991 1
991 6980 1
6980 9245 1
9245 10678 1
10678 10976 1
10976 11167 1
11167 6840 1
6840 6917 1
6917 4335 1
4335 4610 1
4610 5898 1
5898 3604 1
3604 6422 1
6422 1643 1
1643 4801 1
4801 887 1
887 414 1
414 11149 1
11149 6686 1
6686 3605 1
3605 498 1
498 10390 1
10390 8422 1
8422 7448 1
7448 1838 1
1838 236 1
236 10311 1
10311 997 1
997 3372 1
3372 5868 1
5868 2476 1
2476 4146 1
4146 7885 1
7885 4028 1
4028 3624 1
3624 7686 1
7686 423 1
423 8225 1
8225 8040 1
8040 5416 1
5416 7176 1
7176 7351 1
7351 8670 1
8670 4228 1
4228 6321 1
6321 6872 1
6872 851 1
6872 10458 1
10458 6321 1
6321 6902 1
6902 5154 1
5441 9872 1
9872 5068 1
5068 5844 1
5844 3091 1
3091 591 1
591 9265 1
3091 6017 1
6017 4083 1
4083 4667 1
4667 5963 1
5963 3468 1
3468 6128 1
6128 7413 1
6128 696 1
696 5741 1
5741 2314 1
2314 6128 1
6128 10835 1
10835 5661 1
5661 3824 1
3824 7413 1
7413 3468 1
6128 10556 1
10556 696 1
696 10806 1
10806 5741 1
5741 7413 1
7413 7280 1
7280 8664 1
8664 2646 1
2646 3824 1
3824 7280 1
3824 10740 1
10740 2953 1
2953 9195 1
9195 2314 1
9195 4083 1
4083 3824 1
3824 10556 1
3468 10008 1
10008 2953 1
2953 10556 1
10556 43 1
43 8752 1
8752 7280 1
7280 43 1
43 5741 1
5741 10835 1
10835 43 1
43 10008 1
10008 4887 1
4887 10235 1
10235 109 1
109 839 1
839 1497 1
1497 4233 1
1497 5758 1
5758 10365 1
10365 10598 1
10598 2336 1
2336 1452 1
1452 9744 1
9744 2650 1
2650 6430 1
6430 9383 1
9383 1452 1
1452 5678 1
5678 5110 1
5678 6430 1
6430 8462 1
8462 544 1
544 10400 1
10400 5692 1
5692 9877 1
9877 10400 1
9877 4515 1
4515 3166 1
3166 1668 1
11137 10707 1
10707 2601 1
2601 10890 1
10890 5724 1
5724 8226 1
8226 865 1
865 1147 1
1147 3019 1
3019 7637 1
7637 5634 1
5634 3722 1
3722 10377 1
10377 11061 1
3814 5543 1
5543 5968 1
5968 8007 1
8007 4081 1
4081 2417 1
4081 10330 1
10330 6399 1
6399 6377 1
6399 1963 1
1963 11022 1
11022 5564 1
5564 2100 1
7807 5540 1
5540 10600 1
10600 414 1
414 5442 1
5442 5499 1
5499 398 1
398 5119 1
5119 6192 1
6192 7427 1
7427 2188 1
2188 8644 1
8644 811 1
811 7814 1
7814 4776 1
4776 8993 1
5670 3100 1
3100 3523 1
3523 11054 1
1959 4297 1
4297 7379 1
7379 264 1
264 9939 1
9939 7064 1
7064 5395 1
5395 6059 1
6059 2112 1
2112 8233 1
8233 10022 1
10022 264 1
264 4480 1
4480 6061 1
6061 7091 1
7091 6876 1
6876 4766 1
4766 7676 1
7676 8330 1
478 5064 1
5064 7992 1
7992 5163 1
5163 8103 1
8103 1363 1
1363 661 1
661 6653 1
6653 6770 1
6770 1739 1
1739 10804 1
6923 3301 1
3301 9733 1
9733 2121 1
2121 542 1
542 4264 1
4264 4480 1
4480 4829 1
4829 2071 1
2071 6723 1
6723 6572 1
6572 5374 1
5374 2505 1
2505 583 1
2505 3463 1
3463 8730 1
7370 8523 1
8523 1564 1
1564 941 1
941 6712 1
6712 1412 1
1412 1681 1
1681 8282 1
8282 6239 1
6239 10306 1
10306 8921 1
8921 8154 1
8154 10306 1
