6048 9641 1
9641 2001 1
6048 2154 1
2154 9641 1
6048 1417 1
1417 2154 1
2154 2001 1
2001 6048 1
2001 8845 1
8845 793 1
793 8364 1
8364 4073 1
4073 10062 1
10062 359 1
359 2904 1
2904 3720 1
3720 2926 1
2926 8146 1
8146 1248 1
1248 398 1
398 1904 1
1904 10849 1
10849 2921 1
2921 5336 1
5336 9761 1
9761 5119 1
5119 8146 1
8146 7212 1
7212 3267 1
3267 5326 1
5326 8547 1
8547 1331 1
1331 6063 1
6063 9899 1
9899 1846 1
1846 2196 1
1846 6621 1
6621 9796 1
9796 8547 1
8547 707 1
8547 1275 1
1275 233 1
233 7977 1
7977 6863 1
6863 2791 1
2791 1210 1
1210 9033 1
9033 3039 1
3039 7843 1
7843 3062 1
3062 7411 1
7411 7843 1
7843 9044 1
9044 9788 1
9788 3062 1
3062 5611 1
5611 6549 1
6549 1336 1
1336 6563 1
6563 2262 1
2262 50 1
50 899 1
899 3574 1
3574 7084 1
7084 4829 1
4829 3574 1
3574 9165 1
9165 1785 1
1785 7484 1
7484 1535 1
1535 3644 1
3644 3397 1
3397 6097 1
6097 2112 1
2112 818 1
818 8345 1
8345 3730 1
3730 661 1
661 7845 1
7845 4468 1
4468 4135 1
4135 4115 1
4115 980 1
980 3022 1
3022 6910 1
6910 10022 1
10022 4483 1
4483 10723 1
10723 8187 1
8187 7313 1
7313 3062 1
3062 10777 1
10777 2979 1
2979 10104 1
10104 2897 1
2897 1233 1
1233 9011 1
9011 4747 1
4747 8282 1
8282 9473 1
9473 1233 1
1233 3644 1
3644 3788 1
3788 678 1
678 3957 1
3957 606 1
606 85 1
85 6935 1
6935 9733 1
9733 678 1
678 8603 1
8603 6712 1
6712 2381 1
2381 542 1
542 606 1
606 3227 1
3227 2262 1
2262 8523 1
8523 7663 1
7663 8987 1
8987 3517 1
3517 4941 1
4941 6525 1
6525 606 1
606 8282 1
8282 1412 1
1412 1681 1
1681 3062 1
3062 6549 1
6549 5597 1
5597 5374 1
5374 8316 1
8316 8719 1
8719 3620 1
8719 7484 1
7484 9605 1
9605 8233 1
8233 2262 1
2262 7359 1
7359 2535 1
2535 720 1
720 3409 1
3409 965 1
965 2466 1
2466 8401 1
8401 10551 1
10551 4747 1
4747 8316 1
8316 8274 1
8274 4941 1
4941 6391 1
6391 6036 1
6036 1354 1
1354 5260 1
5260 6980 1
6980 72 1
72 9379 1
9379 6187 1
6187 3782 1
3782 318 1
3782 6330 1
6330 1285 1
1285 4254 1
4254 5309 1
5309 2771 1
2771 9743 1
9743 2933 1
2933 1395 1
2933 11113 1
11113 9743 1
9743 6573 1
6573 2621 1
2621 301 1
301 939 1
939 3253 1
3253 7396 1
7396 2742 1
2742 3253 1
3253 3470 1
3470 3381 1
3381 3253 1
3253 2309 1
3381 2742 1
2742 1914 1
1914 566 1
566 6217 1
6217 8991 1
8991 4161 1
8991 939 1
939 2309 1
2309 8442 1
8442 7772 1
7772 566 1
566 301 1
301 8442 1
8442 3470 1
3470 710 1
710 4161 1
4161 6805 1
6805 3253 1
3253 6429 1
6429 2309 1
6429 8991 1
8991 5483 1
5483 8442 1
8442 4161 1
4161 10014 1
10014 6619 1
6619 9267 1
9267 4561 1
4561 10537 1
10537 6619 1
4561 4161 1
6805 3470 1
3470 6429 1
6429 301 1
2621 8877 1
8877 6573 1
6573 8755 1
8755 8987 1
8987 10022 1
10022 6712 1
6712 1959 1
1959 7371 1
7371 3022 1
3022 3042 1
3042 3326 1
3326 7484 1
7484 8716 1
8716 3813 1
3813 7992 1
7992 4018 1
4018 7359 1
7359 4351 1
4351 8095 1
8095 4278 1
4278 6353 1
6353 8285 1
8285 5884 1
5884 4871 1
4871 7294 1
7294 1540 1
1540 6391 1
6391 6329 1
6329 4101 1
4101 1526 1
1526 2316 1
2316 4119 1
4119 537 1
537 5611 1
5611 4563 1
4563 5792 1
5792 3301 1
3301 483 1
483 7945 1
7945 3397 1
3397 3572 1
3572 10158 1
10158 7814 1
7814 6111 1
6111 5103 1
5103 7212 1
7212 7754 1
7754 4044 1
4044 9662 1
9662 3699 1
3699 9899 1
9899 6379 1
6379 3098 1
3098 1775 1
1775 731 1
731 4654 1
4654 9180 1
9180 8876 1
8876 8014 1
8014 10009 1
10009 783 1
783 8013 1
8013 2461 1
2461 4382 1
4382 7768 1
7768 6563 1
6563 1026 1
1026 8236 1
8236 9474 1
9474 10580 1
10580 5317 1
5317 5829 1
5829 4499 1
4499 1748 1
1748 10542 1
10542 716 1
716 10924 1
10924 8072 1
8072 6243 1
6243 7312 1
7312 3488 1
3488 1595 1
1595 7975 1
7975 3415 1
3415 7224 1
7224 5510 1
5510 10324 1
10324 3510 1
3510 8054 1
8054 2162 1
2162 281 1
281 10123 1
10123 2209 1
2209 9594 1
9594 7370 1
7370 1785 1
1785 5969 1
5969 10609 1
10609 5224 1
5224 3453 1
3453 10434 1
10434 6918 1
6918 4264 1
4264 3022 1
3022 10726 1
10726 4060 1
4060 4297 1
4297 1959 1
1959 6563 1
6563 2975 1
2975 8719 1
8719 3383 1
3383 941 1
941 9716 1
9716 4434 1
9716 9790 1
9790 941 1
941 2112 1
2112 4464 1
4464 2447 1
2447 5318 1
5318 440 1
440 10123 1
10123 3574 1
3574 4861 1
4861 4892 1
4892 583 1
583 629 1
629 9011 1
9011 8304 1
8304 8693 1
8304 1705 1
1705 6691 1
6691 6341 1
6341 6529 1
6529 5616 1
5616 10628 1
10628 561 1
561 3463 1
3463 3326 1
3326 818 1
818 11132 1
11132 1564 1
1564 1965 1
1965 6383 1
6383 10318 1
10318 8506 1
8506 6923 1
6923 6391 1
6391 7017 1
7017 2877 1
2877 7946 1
7946 9275 1
9275 176 1
176 6737 1
6737 7922 1
7922 1483 1
1483 4998 1
4998 5894 1
5894 944 1
944 4563 1
4563 9870 1
9870 7505 1
7505 4003 1
4003 4246 1
4003 7511 1
7511 8703 1
8703 8462 1
8462 4609 1
4609 9665 1
4609 8703 1
8703 10549 1
10549 9383 1
9383 1131 1
1131 1234 1
1131 11136 1
11136 10605 1
10605 7685 1
7685 10757 1
10757 9355 1
9355 871 1
871 1961 1
871 8127 1
8127 8694 1
8694 8769 1
8769 6303 1
6303 8066 1
6303 1496 1
1496 9780 1
9780 7947 1
7947 10334 1
10334 3782 1
3782 5397 1
5397 6025 1
6025 5463 1
5463 4189 1
4189 11089 1
11089 1697 1
1697 5872 1
5872 6072 1
5872 11096 1
11096 8438 1
8438 6072 1
6072 11096 1
8438 6550 1
6550 8046 1
8046 8438 1
5872 2559 1
2559 9228 1
2559 2760 1
2760 8381 1
8381 9823 1
9823 161 1
161 6443 1
6443 3288 1
3288 1248 1
1248 3130 1
3130 3809 1
3809 2695 1
2695 2223 1
2223 1541 1
1541 2760 1
2760 5117 1
5117 9071 1
9071 5451 1
5451 1504 1
1504 9319 1
9319 3495 1
3495 5915 1
3495 1897 1
1897 4760 1
4760 8424 1
8424 1640 1
8424 10716 1
10716 59 1
10716 6681 1
10716 8812 1
8812 8424 1
8424 7979 1
7979 195 1
195 8424 1
8424 7175 1
8424 10995 1
8424 1001 1
1001 9978 1
9978 2360 1
2360 1001 1
2360 7175 1
7175 4782 1
4782 7422 1
7422 8973 1
8973 8099 1
8099 312 1
312 8684 1
8684 9545 1
9545 5442 1
5442 10263 1
10263 4604 1
4604 8754 1
8754 3064 1
3064 3788 1
3788 4865 1
3788 5968 1
5968 6704 1
6704 8997 1
8997 720 1
720 7841 1
7841 1403 1
1403 5564 1
5564 10235 1
10235 6715 1
6715 5016 1
5016 4776 1
4776 9662 1
9662 10989 1
10989 6489 1
6489 9366 1
9366 3598 1
3598 1110 1
1110 3861 1
3861 4959 1
3861 2772 1
2772 6744 1
6744 10824 1
10824 5512 1
5512 6737 1
6737 9473 1
9473 5161 1
5161 4464 1
4464 2958 1
2958 2238 1
2238 10609 1
5969 1233 1
1233 4000 1
4000 10022 1
10022 5597 1
5597 4774 1
4774 2243 1
2243 7370 1
7370 2658 1
2658 50 1
50 4298 1
4298 8565 1
8565 3022 1
3022 437 1
437 3914 1
3914 9929 1
9929 3812 1
3812 2925 1
2925 2819 1
2819 357 1
357 10588 1
10588 258 1
258 7676 1
7676 1959 1
1959 6101 1
6101 319 1
319 1130 1
1130 437 1
437 8755 1
8755 3062 1
3062 10726 1
10726 6894 1
6894 6061 1
6061 8343 1
8343 7371 1
7371 9577 1
9577 7031 1
7031 4000 1
4000 4892 1
4892 9141 1
9141 9577 1
9577 4135 1
4135 2535 1
2535 11087 1
11087 9605 1
9605 6194 1
6194 1564 1
1564 2121 1
2121 2975 1
2975 941 1
941 6923 1
6923 6194 1
6194 4477 1
4477 7239 1
7239 8961 1
8961 3914 1
3914 50 1
50 1336 1
1336 7505 1
9870 9165 1
9165 9127 1
9127 10661 1
10661 10162 1
10162 3897 1
3897 2380 1
2380 9787 1
9787 9275 1
9275 7228 1
7228 9223 1
9223 2041 1
2041 6708 1
6708 8903 1
8903 2081 1
2081 993 1
993 176 1
176 4351 1
4351 10158 1
10158 8935 1
8935 2532 1
2532 2041 1
2041 4308 1
4308 4278 1
4278 8319 1
8319 1953 1
1953 6927 1
6927 6244 1
6244 2970 1
2970 3241 1
3241 10792 1
10792 482 1
482 8233 1
8233 2571 1
2571 4861 1
4861 2788 1
2788 10041 1
10041 10318 1
10318 6910 1
6910 2970 1
2970 8603 1
8603 6595 1
6595 7843 1
6595 9602 1
9602 4663 1
4663 561 1
561 7676 1
7676 10777 1
10777 2262 1
2262 5974 1
5974 3383 1
3383 4061 1
4061 6770 1
6770 8187 1
8187 8274 1
8274 1157 1
1157 9015 1
9015 3383 1
3383 4349 1
4349 5783 1
5783 629 1
629 4892 1
4892 7064 1
7064 8871 1
8871 6894 1
6894 11132 1
11132 3813 1
3813 10802 1
10802 4480 1
4480 6642 1
6642 2505 1
2505 529 1
529 531 1
531 10882 1
10882 6012 1
6012 4521 1
4521 6984 1
6984 304 1
304 6186 1
6186 9999 1
9999 11137 1
11137 9758 1
9758 954 1
954 9999 1
9999 1668 1
1668 6552 1
6552 8778 1
8778 2530 1
2530 6500 1
6500 8073 1
8073 10732 1
10732 8226 1
8226 3173 1
3173 7596 1
7596 865 1
865 6328 1
6328 2466 1
2466 5966 1
5966 4684 1
4684 4098 1
4098 5472 1
5472 4709 1
4709 2466 1
2466 3926 1
3926 3623 1
3623 1589 1
1589 4776 1
4776 1132 1
1132 8269 1
8269 10202 1
10202 6715 1
6715 4356 1
4356 8565 1
8565 7064 1
7064 1460 1
1460 6923 1
6923 9427 1
9427 6061 1
6061 2284 1
2284 5597 1
5597 2880 1
2880 4774 1
4774 6139 1
6139 8523 1
8523 2970 1
6244 6407 1
6407 10882 1
10882 9044 1
9044 10260 1
10260 3344 1
3344 4483 1
4483 1785 1
1785 2395 1
2395 8565 1
8565 8712 1
8712 6595 1
6595 623 1
623 4018 1
4018 6459 1
6459 10397 1
10397 2691 1
2691 10143 1
10143 10983 1
10983 1248 1
1248 7546 1
7546 10143 1
10143 2760 1
2760 727 1
727 905 1
905 1754 1
1754 3703 1
3703 2498 1
2498 7706 1
2498 9873 1
9873 8187 1
8187 3951 1
3951 232 1
232 9011 1
9011 10123 1
10123 4357 1
4357 2658 1
2658 357 1
357 10609 1
10609 8736 1
8736 482 1
482 6876 1
6876 1959 1
1959 11170 1
11170 5569 1
5569 9605 1
9605 6288 1
6288 68 1
68 5597 1
2880 2958 1
2958 10723 1
10723 9072 1
9072 6642 1
6642 360 1
360 7845 1
7845 1716 1
1716 9929 1
9929 6255 1
6255 296 1
296 7733 1
7733 10263 1
10263 4865 1
4865 2819 1
2819 10723 1
10723 3115 1
3115 6288 1
6288 5974 1
5974 8736 1
8736 8961 1
8961 68 1
68 4264 1
4264 8603 1
8603 2262 1
10777 2880 1
2880 3227 1
3227 483 1
483 606 1
606 4477 1
4477 5318 1
5318 6563 1
6563 8316 1
8316 3058 1
3058 5255 1
5255 1025 1
1025 3364 1
3364 7131 1
7131 9146 1
9146 6722 1
6722 3022 1
3022 1483 1
1483 7911 1
7911 10064 1
10064 3397 1
3397 1965 1
1965 7000 1
7000 6737 1
6737 2842 1
2842 2354 1
2354 7193 1
7193 9438 1
9438 10654 1
10654 1767 1
1767 3457 1
3457 5914 1
5914 3346 1
3346 8015 1
8015 3624 1
3624 7123 1
7123 1152 1
1152 161 1
161 4941 1
4941 1406 1
1406 7994 1
7994 7123 1
7123 6936 1
6936 411 1
411 2760 1
2760 1248 1
1248 7755 1
7755 6892 1
6892 8911 1
8911 4776 1
4776 452 1
452 6192 1
6192 5103 1
5103 3699 1
3699 2821 1
2821 5884 1
5884 2344 1
2344 2354 1
2354 2854 1
2854 6061 1
6061 4747 1
4747 2272 1
2272 4474 1
4474 10343 1
10343 818 1
2112 4264 1
4264 10022 1
10022 4563 1
4563 4474 1
4474 5374 1
5374 1681 1
1681 2788 1
2788 8274 1
8274 5792 1
5792 3234 1
3234 6549 1
6549 4239 1
4239 5388 1
5388 2890 1
2890 4563 1
4563 7505 1
7505 4264 1
4264 10551 1
10551 7321 1
7321 7359 1
7359 7017 1
7017 2041 1
2041 5884 1
5884 6353 1
6353 7193 1
7193 8451 1
8451 6353 1
6353 3229 1
3229 8935 1
2532 2970 1
2970 8188 1
8188 10504 1
10504 8771 1
8771 5133 1
5133 2727 1
2727 10723 1
10723 3914 1
3914 4379 1
4379 9011 1
9011 2339 1
2339 10871 1
10871 1798 1
1798 1455 1
1455 5907 1
5907 10272 1
10272 8530 1
8530 1860 1
1860 9719 1
9719 3005 1
3005 10634 1
10634 934 1
934 9743 1
9743 6898 1
6898 7105 1
7105 4488 1
4488 6966 1
7105 3176 1
3176 2601 1
2601 4734 1
4734 1513 1
1513 5451 1
5451 3344 1
3344 6286 1
6286 10726 1
10726 629 1
629 8470 1
8470 357 1
357 3301 1
3301 6525 1
6525 7530 1
7530 2112 1
2112 6061 1
6061 1801 1
1801 8759 1
8759 4264 1
4264 10723 1
10723 1801 1
1801 7091 1
7091 232 1
232 941 1
941 1664 1
1664 3397 1
3397 8345 1
8345 3523 1
3523 4606 1
4606 4862 1
4862 6491 1
6491 8187 1
6770 3010 1
3010 9442 1
9442 10792 1
10792 4862 1
4862 6577 1
6577 1965 1
1965 3267 1
3267 4073 1
4073 398 1
398 8547 1
8547 709 1
709 3215 1
3215 4776 1
4776 397 1
397 7212 1
7212 2285 1
2285 8644 1
8644 5326 1
5326 9899 1
9899 5103 1
5103 9441 1
9441 2484 1
2484 2198 1
2198 2860 1
2860 398 1
398 6111 1
6111 5119 1
5119 2301 1
2301 5847 1
5847 6489 1
6489 8277 1
8277 8364 1
8364 584 1
584 359 1
359 6111 1
6111 5326 1
5326 2904 1
2904 10062 1
10062 8872 1
8872 8547 1
8547 3215 1
3215 6192 1
6192 11081 1
11081 5326 1
5326 9796 1
5326 1726 1
1726 2545 1
2545 233 1
233 3267 1
3267 3478 1
3478 10989 1
10989 3699 1
3699 2932 1
2932 2795 1
2795 1275 1
1275 3699 1
3699 18 1
18 11179 1
11179 4128 1
4128 6926 1
6926 414 1
414 11187 1
11187 4563 1
4563 10529 1
10529 3326 1
3326 2897 1
2897 8316 1
8316 1717 1
1717 3534 1
3534 3401 1
3401 3788 1
3788 6398 1
6398 1715 1
1715 7922 1
7922 7629 1
7629 10496 1
10496 2932 1
2932 6489 1
6489 7177 1
7177 4128 1
4128 2944 1
2944 10157 1
10157 613 1
613 370 1
370 2151 1
2151 1791 1
1791 2902 1
2902 2151 1
2151 7559 1
7559 3233 1
3233 212 1
212 9794 1
9794 8089 1
8089 9064 1
9064 370 1
370 2902 1
2902 6364 1
6364 2405 1
2405 3587 1
3587 2650 1
3587 854 1
854 5242 1
5242 6767 1
6767 7183 1
7183 10549 1
10549 6364 1
6364 7006 1
7006 5093 1
5093 2540 1
2540 2947 1
2947 5678 1
5678 1452 1
1452 7436 1
7436 6334 1
6334 601 1
601 9752 1
9752 2405 1
2405 8257 1
8257 5866 1
5866 3755 1
3755 6767 1
7183 6364 1
6364 9064 1
9064 10215 1
10215 7040 1
7040 2902 1
2902 9794 1
9794 2220 1
2220 4685 1
4685 5282 1
5282 954 1
954 1035 1
1035 5195 1
5195 7640 1
7640 954 1
954 9064 1
9064 1791 1
9064 3233 1
3233 9041 1
9041 6364 1
6364 1301 1
1301 2460 1
2460 2540 1
2540 8257 1
8257 4850 1
4850 10549 1
6364 2373 1
2373 854 1
854 544 1
544 10864 1
544 6934 1
6934 6401 1
6401 1452 1
1452 659 1
659 9752 1
2405 5678 1
5678 5242 1
5242 6430 1
6430 2540 1
2540 2219 1
2219 9383 1
9383 7183 1
7183 3724 1
10549 2219 1
2219 3188 1
3188 5867 1
5867 7533 1
2219 8157 1
8157 2540 1
5242 7519 1
7519 5448 1
5448 8430 1
8430 9335 1
9335 659 1
659 8430 1
8430 2612 1
2612 9335 1
9335 5242 1
854 6401 1
6401 8703 1
8703 2405 1
2405 7436 1
7436 10365 1
10365 5448 1
5448 10652 1
10652 9188 1
9188 7154 1
7154 7398 1
7398 2069 1
2069 7436 1
7436 1952 1
1952 3535 1
3535 7154 1
7154 2909 1
2909 2676 1
2676 659 1
659 6599 1
6599 2909 1
7154 9332 1
9332 6163 1
6163 10173 1
10173 7398 1
7398 601 1
601 10598 1
10598 2405 1
2405 2650 1
2650 2540 1
2540 854 1
854 8703 1
8703 10396 1
10396 7511 1
7511 3623 1
3623 4606 1
4606 9147 1
9147 3022 1
3022 3064 1
3064 8523 1
8523 11086 1
11086 2535 1
2535 3844 1
3844 7159 1
7159 542 1
542 7505 1
7505 4128 1
4128 10964 1
10964 7845 1
7845 8565 1
8565 8187 1
8187 9939 1
9939 5574 1
5574 2112 1
2112 678 1
678 3062 1
3062 4069 1
4069 3534 1
3534 5894 1
5894 9397 1
9397 1829 1
1829 7968 1
7968 3774 1
3774 5434 1
5434 5882 1
5882 4480 1
4480 7211 1
7211 6572 1
6572 4877 1
4877 4766 1
4766 11060 1
11060 5503 1
5503 10551 1
10551 9939 1
9939 3326 1
3326 7371 1
7371 3788 1
3788 7733 1
7733 9406 1
9406 3232 1
3232 9072 1
10723 3772 1
3772 8187 1
8187 3100 1
3100 2854 1
2854 7212 1
7212 9441 1
9441 3229 1
3229 2114 1
2114 8516 1
8516 7228 1
7228 9490 1
9490 9438 1
9438 4278 1
4278 5443 1
5443 3993 1
3993 4684 1
4684 4709 1
4709 2362 1
2362 1716 1
1716 264 1
264 7457 1
7457 2289 1
2289 11087 1
11087 10172 1
10172 1785 1
1785 3326 1
3326 2343 1
2343 661 1
7845 6737 1
6737 8748 1
8748 1944 1
1944 661 1
661 9072 1
9072 1248 1
8146 8644 1
8644 9796 1
9796 2921 1
2921 2198 1
2198 5326 1
8547 2493 1
2493 2860 1
2860 452 1
452 2932 1
2932 7754 1
7754 9441 1
9441 6192 1
6192 4776 1
4776 3720 1
3720 3699 1
3699 7746 1
7746 10158 1
10158 8911 1
8911 3181 1
3181 2691 1
2691 1331 1
1331 8277 1
8277 2301 1
2301 10062 1
10062 3478 1
3478 5103 1
5103 3049 1
3049 398 1
398 7746 1
7746 2921 1
2921 709 1
709 7231 1
7231 584 1
584 7754 1
7754 3049 1
3049 5599 1
5599 2372 1
2372 10337 1
10337 9571 1
2372 6573 1
6573 6342 1
6342 2599 1
2599 8352 1
8352 6682 1
8352 6342 1
301 10832 1
10832 2309 1
2309 2742 1
2742 3470 1
3470 2309 1
10832 3381 1
3381 5824 1
5824 2199 1
2199 6815 1
6815 6372 1
6372 3166 1
3166 1453 1
1453 2603 1
2603 5493 1
2603 3000 1
3000 3094 1
3094 4521 1
4521 2817 1
2817 832 1
832 10443 1
10443 1034 1
1034 8999 1
8999 1372 1
1372 304 1
304 5261 1
5261 9658 1
9658 1549 1
1549 4059 1
4059 7881 1
7881 7631 1
7631 9804 1
9804 600 1
600 7779 1
7779 7105 1
7105 7970 1
7970 8013 1
8013 6244 1
6244 5503 1
5503 4432 1
4432 5443 1
5443 5241 1
5241 10041 1
10041 3644 1
3644 3914 1
3914 10022 1
10022 11132 1
11132 3862 1
3862 3039 1
3039 9296 1
9296 2395 1
2395 4865 1
4865 2466 1
2466 6255 1
6255 240 1
240 4291 1
4291 3275 1
3275 7102 1
7102 4915 1
7102 887 1
887 3111 1
3111 6383 1
6383 5374 1
5374 8274 1
8274 3945 1
3945 6286 1
6286 2946 1
2946 4464 1
4464 1892 1
1892 3914 1
3914 9473 1
9473 2044 1
2044 7867 1
7867 8229 1
8229 437 1
437 50 1
50 1564 1
1564 6459 1
6459 5460 1
5460 7253 1
7253 1153 1
1153 9146 1
9146 11132 1
11132 2880 1
2880 8998 1
8998 8731 1
8731 414 1
414 2445 1
2445 6935 1
6935 3373 1
3373 2081 1
2081 176 1
176 1837 1
1837 8095 1
8095 9490 1
9490 3572 1
3397 3170 1
3170 8054 1
8054 10172 1
10172 10628 1
10628 4531 1
4531 4018 1
4018 5974 1
5974 9870 1
9870 7695 1
7695 9141 1
9141 818 1
8345 10792 1
10792 4774 1
4774 8153 1
8153 2243 1
2243 5163 1
5163 233 1
233 6459 1
6459 718 1
718 8316 1
8316 8054 1
8054 7843 1
7843 1746 1
1746 11132 1
11132 9218 1
9218 1664 1
1664 4357 1
4357 11006 1
11006 2819 1
2819 281 1
281 11129 1
11129 9594 1
9594 5593 1
5593 9033 1
9033 7878 1
7878 7806 1
7806 4531 1
4531 3327 1
3327 6288 1
6288 9602 1
9602 9011 1
9011 3234 1
3234 6139 1
6139 4766 1
4766 1412 1
1412 1892 1
1892 4000 1
4000 10343 1
10343 2505 1
529 10882 1
10882 304 1
304 6349 1
6349 8856 1
8856 5279 1
5279 1834 1
1834 7626 1
7626 6936 1
6936 8194 1
8194 5279 1
5279 8093 1
8093 6320 1
6320 1019 1
6320 6939 1
6939 6349 1
6349 1836 1
1836 10882 1
10882 9431 1
9431 10260 1
10260 11132 1
11132 10723 1
10723 2254 1
2254 6595 1
6595 5163 1
5163 4115 1
4115 7505 1
7505 2192 1
2192 3042 1
3042 3344 1
3344 6443 1
6443 2831 1
2831 9071 1
9071 8381 1
8381 6376 1
6376 3092 1
3092 8484 1
8484 5813 1
5813 4372 1
4372 8484 1
8484 1987 1
1987 2058 1
2058 3011 1
3011 5524 1
5524 10073 1
10073 3747 1
3747 6689 1
6689 2831 1
2831 7719 1
7719 6443 1
6443 9071 1
9071 2932 1
2932 1541 1
1541 472 1
472 9071 1
9071 6939 1
6939 1158 1
1158 7626 1
7626 2635 1
2635 6735 1
6735 6939 1
6939 10977 1
6939 3092 1
3092 5279 1
5279 10977 1
10977 8176 1
8176 7069 1
7069 7367 1
7367 6304 1
6304 1158 1
1158 6227 1
6227 6231 1
6231 5592 1
5592 3092 1
3092 6304 1
6304 6231 1
6231 7098 1
7098 1603 1
1603 9071 1
9071 4648 1
4648 5906 1
5906 3747 1
3747 1987 1
1987 10143 1
10143 10528 1
10528 9427 1
9427 7710 1
7710 6737 1
6737 2175 1
2175 4199 1
4199 887 1
887 4008 1
4008 4610 1
4610 3472 1
3472 8987 1
8987 264 1
264 10041 1
3644 2970 1
2970 4474 1
4474 3678 1
3678 1664 1
1664 1959 1
1959 281 1
281 2936 1
2936 6910 1
6910 6595 1
6595 10974 1
10974 6346 1
6346 9593 1
9593 5442 1
5442 2238 1
2238 9998 1
9998 2737 1
2737 11170 1
11170 6491 1
6491 6329 1
6329 2568 1
2568 5442 1
5442 5355 1
5355 2979 1
2979 3409 1
3409 3064 1
3064 8316 1
8316 9939 1
9939 6595 1
6595 2395 1
2395 4629 1
4629 8330 1
8330 1210 1
1210 4018 1
4018 3115 1
3115 3510 1
3510 7066 1
7066 10723 1
3914 3999 1
3999 8395 1
8395 8952 1
8952 4664 1
4664 10723 1
10723 6648 1
6648 6459 1
6459 8762 1
8762 1965 1
1965 3197 1
3197 10339 1
10339 6737 1
6737 1540 1
1540 11129 1
11129 2792 1
2792 3327 1
3327 6595 1
6595 8802 1
8802 7582 1
7582 9621 1
9621 2804 1
2804 1009 1
1009 10071 1
10071 2091 1
2091 5839 1
5839 2772 1
2772 10273 1
10273 5393 1
5393 5106 1
5393 2752 1
2752 9669 1
9669 3367 1
9669 1110 1
1110 10947 1
10947 2361 1
2361 3741 1
3741 5541 1
5541 3814 1
3814 9743 1
9743 10416 1
10416 4854 1
4854 4870 1
4870 1661 1
1661 16 1
16 11114 1
11114 5010 1
5010 2794 1
2794 6200 1
2794 5402 1
5402 1297 1
1297 6694 1
6694 10191 1
10191 7373 1
7373 10086 1
10086 9175 1
9175 5696 1
5696 2703 1
2703 9175 1
9175 10235 1
10235 2703 1
2703 1056 1
1056 4586 1
4586 8979 1
8979 9264 1
9264 2505 1
2505 1806 1
1806 4531 1
4531 2243 1
2243 9939 1
9939 9605 1
9605 5318 1
5318 5792 1
5792 8343 1
8343 4060 1
4060 6097 1
6097 384 1
