9081 8123 1
9081 1184 1
9081 4828 1
9081 5206 1
9081 9561 1
8123 6848 1
8123 1190 1
8123 9101 1
8123 4828 1
8123 9081 1
9561 3344 1
9561 6465 1
9561 9722 1
9561 1208 1
9561 6500 1
5206 4914 1
5206 1595 1
5206 8477 1
5206 287 1
5206 1606 1
4828 4104 1
4828 853 1
4828 7682 1
4828 161 1
4828 982 1
1184 1675 1
1184 9561 1
1184 4729 1
1184 6533 1
1184 9503 1
161 9823 1
161 7190 1
161 5441 1
161 7432 1
161 6936 1
7682 3611 1
7682 1483 1
7682 4199 1
7682 384 1
7682 1634 1
4104 5374 1
4104 3229 1
4104 9600 1
4104 3317 1
4104 319 1
287 5285 1
287 5206 1
8477 2367 1
8477 4381 1
8477 9368 1
8477 1234 1
8477 4422 1
1595 2295 1
1595 5206 1
1595 6057 1
1595 2465 1
1595 4887 1
4914 2975 1
4914 9463 1
4914 5703 1
4914 2196 1
4914 10512 1
1675 6215 1
1675 8014 1
1675 8701 1
1675 1184 1
1675 5008 1
1606 6126 1
1606 3286 1
1606 6605 1
1606 8134 1
1606 11174 1
9503 6223 1
9503 1184 1
9503 4162 1
9503 4296 1
9503 10969 1
6533 5722 1
6533 8321 1
6533 4827 1
6533 2617 1
6533 4740 1
4729 8866 1
4729 8168 1
4729 10336 1
4729 2414 1
4729 9967 1
6500 5750 1
6500 1634 1
6500 6228 1
6500 335 1
6500 1746 1
1208 11068 1
1208 10765 1
1208 9033 1
1208 478 1
1208 1806 1
9101 3631 1
9101 8116 1
9101 3136 1
9101 1719 1
9101 8123 1
9722 10216 1
9722 1369 1
9722 9561 1
9722 3290 1
9722 6667 1
982 4767 1
982 7485 1
982 7095 1
982 5444 1
982 312 1
6465 3776 1
6465 6538 1
6465 3395 1
6465 1777 1
6465 7660 1
853 1082 1
853 4871 1
853 3659 1
853 264 1
853 7177 1
1190 4196 1
1190 4624 1
1190 3660 1
1190 744 1
1190 3342 1
6848 4589 1
6848 8938 1
6848 4262 1
6848 2219 1
6848 3969 1
3344 5604 1
3344 8229 1
3344 9044 1
3344 4298 1
3344 319 1
4589 6848 1
4589 3969 1
4589 4476 1
4589 6688 1
4589 2771 1
3395 3776 1
3395 6465 1
5374 1785 1
5374 8755 1
5374 2044 1
5374 9141 1
5374 497 1
9823 3747 1
9823 1504 1
9823 4149 1
9823 667 1
9823 1541 1
1234 9207 1
1234 5245 1
1234 4213 1
1234 1131 1
1234 7700 1
1719 9101 1
1719 2477 1
264 7253 1
264 6525 1
264 7131 1
264 9605 1
264 9218 1
7485 6407 1
7485 982 1
7485 1556 1
7485 5010 1
7485 615 1
4381 10508 1
4381 7103 1
4381 10345 1
4381 3406 1
4381 5361 1
6057 2500 1
6057 4679 1
6057 9793 1
6057 1595 1
6057 4887 1
1082 5941 1
1082 5382 1
1082 6977 1
1082 442 1
1082 7177 1
5444 9992 1
5444 5562 1
5444 5230 1
5444 2294 1
5444 4356 1
3611 2505 1
3611 9602 1
3611 2880 1
3611 9110 1
3611 718 1
744 2954 1
744 1365 1
744 9887 1
744 3528 1
744 4947 1
2975 10022 1
2975 4264 1
2975 5881 1
2975 7371 1
2975 319 1
6126 11174 1
6126 2705 1
6126 6590 1
6126 8134 1
6126 6476 1
8116 9101 1
8116 4635 1
8116 5265 1
8116 5482 1
8116 892 1
4624 3899 1
4624 6501 1
4624 2987 1
4624 1450 1
4624 7687 1
2196 7495 1
2196 4414 1
2196 4518 1
2196 3680 1
2196 8343 1
10512 2601 1
10512 4208 1
10512 10180 1
10512 1681 1
10512 4590 1
5604 2877 1
5604 4069 1
5604 7294 1
5604 1688 1
5604 4097 1
6215 6405 1
6215 1184 1
6215 5863 1
6215 3131 1
6215 5008 1
319 899 1
319 2262 1
319 414 1
319 2272 1
319 8961 1
4199 1806 1
4199 10020 1
4199 2289 1
4199 5163 1
4199 537 1
4296 8901 1
4296 3190 1
4296 4316 1
4296 268 1
4296 3270 1
1483 7845 1
1483 3218 1
1483 8754 1
1483 537 1
1483 4865 1
3229 4631 1
3229 2284 1
3229 8095 1
3229 806 1
3229 2344 1
10336 4729 1
8866 1184 1
8866 4729 1
9463 5660 1
9463 9616 1
9463 5540 1
9463 4247 1
9463 9968 1
3286 4236 1
3286 9043 1
3286 10751 1
3286 1962 1
3286 10840 1
9044 10260 1
9044 3344 1
9044 10941 1
9044 636 1
9044 3572 1
3317 4483 1
3317 9223 1
3317 3999 1
3317 4115 1
3317 232 1
8229 7922 1
8229 4298 1
8229 10813 1
8229 4474 1
8229 437 1
5722 4971 1
5722 7169 1
5722 9718 1
5722 1637 1
5722 8535 1
7177 6362 1
7177 3097 1
7177 7229 1
7177 1091 1
7177 3767 1
4298 8716 1
4298 4060 1
4298 8187 1
4298 4199 1
4298 384 1
3969 4212 1
3969 3806 1
3969 10837 1
3969 1296 1
3969 3836 1
5703 5254 1
5703 1657 1
5703 2196 1
5703 4914 1
5703 6913 1
5441 2288 1
5441 8013 1
5441 2846 1
5441 6374 1
5441 700 1
6605 7320 1
6605 11177 1
6605 4991 1
6605 2398 1
6605 4249 1
4262 8959 1
4262 5230 1
4262 6561 1
4262 2219 1
4262 6576 1
10969 7648 1
10969 2380 1
10969 9188 1
10969 601 1
10969 2676 1
5008 4299 1
5008 1184 1
5008 5863 1
5008 3131 1
5008 6215 1
8134 6476 1
8134 2705 1
8134 11174 1
8134 6126 1
8134 6590 1
6228 10912 1
6228 1836 1
6228 7992 1
6228 335 1
6228 2162 1
8168 9967 1
8168 2414 1
8168 3199 1
8168 4729 1
8168 2396 1
6223 4008 1
6223 1153 1
6223 4563 1
6223 342 1
6223 1185 1
8014 3958 1
8014 1034 1
8014 4361 1
8014 492 1
8014 1072 1
7432 3597 1
7432 1504 1
7432 4104 1
7432 667 1
7432 1541 1
8701 2993 1
8701 8994 1
8701 2869 1
8701 1574 1
8701 9655 1
9600 2243 1
9600 7682 1
9600 2497 1
9600 7878 1
9600 1025 1
7660 6052 1
7660 2162 1
7660 6833 1
7660 718 1
7660 2284 1
6538 5836 1
6538 7220 1
6538 5765 1
6538 3240 1
6538 7614 1
6936 2932 1
6936 1173 1
6936 3288 1
6936 568 1
6936 1248 1
3659 2819 1
3659 976 1
3659 3097 1
3659 258 1
3659 980 1
2465 6057 1
2465 10300 1
2465 4990 1
2465 1595 1
2465 4887 1
4887 1843 1
4887 2732 1
4887 7356 1
4887 1311 1
4887 4004 1
5285 287 1
5285 881 1
5285 10851 1
1634 6826 1
1634 6500 1
1634 9011 1
1634 834 1
1634 6530 1
1806 6491 1
1806 6374 1
1806 6834 1
1806 5616 1
1806 1208 1
9368 3468 1
9368 4422 1
9368 10584 1
9368 1471 1
9368 4667 1
4422 2367 1
4422 8514 1
4422 5859 1
4422 1234 1
4422 5072 1
8321 8014 1
8321 2528 1
8321 7713 1
8321 6533 1
8321 7186 1
4827 2605 1
4827 6848 1
4827 6700 1
4827 883 1
4827 6533 1
2219 5605 1
2219 3188 1
2219 2373 1
2219 628 1
2219 3724 1
11174 6476 1
11174 2705 1
11174 8134 1
11174 6126 1
11174 6590 1
2617 6533 1
2617 5722 1
2617 3300 1
2617 1586 1
2617 4827 1
10765 11068 1
10765 1208 1
10765 8135 1
10765 5824 1
10765 8128 1
7190 3747 1
7190 1504 1
7190 4149 1
7190 667 1
7190 1541 1
2414 8168 1
2414 3199 1
2414 9967 1
2414 5288 1
2414 10695 1
2367 3753 1
2367 9013 1
2367 7240 1
2367 11135 1
2367 10584 1
5750 6118 1
5750 5781 1
5750 7205 1
5750 4130 1
5750 7095 1
335 9788 1
335 1443 1
335 6197 1
335 10882 1
335 9044 1
3342 7598 1
3342 2249 1
3342 9275 1
3342 744 1
3342 2343 1
1746 8666 1
1746 6232 1
1746 3813 1
1746 335 1
1746 10260 1
11068 2401 1
11068 9374 1
11068 2762 1
11068 9731 1
11068 1152 1
478 5974 1
478 7457 1
478 4199 1
478 3115 1
478 10020 1
3776 3203 1
3776 3694 1
3776 7273 1
3776 817 1
3776 3711 1
3631 1271 1
3631 9101 1
3631 4253 1
3136 5706 1
3136 10511 1
3136 8988 1
3136 10401 1
3136 4407 1
4740 1184 1
4740 4729 1
4740 6533 1
10216 6667 1
10216 9561 1
10216 6027 1
10216 3290 1
10216 5970 1
1777 6087 1
1777 6465 1
1777 9179 1
1777 4652 1
1777 2193 1
384 4298 1
384 5016 1
384 6097 1
384 7682 1
384 8345 1
1369 6667 1
1369 5231 1
1369 9722 1
1369 4457 1
1369 9561 1
3290 7258 1
3290 9870 1
3290 9722 1
3290 9969 1
3290 10313 1
2295 6057 1
2295 8722 1
2295 7144 1
2295 2465 1
2295 8639 1
6667 9561 1
6667 6027 1
6667 10216 1
6667 9722 1
6667 1369 1
9033 4135 1
9033 1806 1
9033 5048 1
9033 478 1
9033 2243 1
3660 5308 1
3660 1190 1
3660 4198 1
3660 4635 1
3660 5982 1
4767 8684 1
4767 8401 1
4767 5639 1
4767 2044 1
4767 8515 1
7095 2255 1
7095 3813 1
7095 8126 1
7095 1634 1
7095 4590 1
8938 10143 1
8938 11130 1
8938 8259 1
8938 2760 1
8938 6921 1
4162 7547 1
4162 9503 1
4162 10969 1
4162 8729 1
4162 619 1
312 8174 1
312 6836 1
312 11149 1
312 4664 1
312 982 1
4871 2821 1
4871 6991 1
4871 2925 1
4871 7279 1
4871 1132 1
4196 10591 1
4196 4128 1
4196 8239 1
4196 1152 1
4196 7946 1
9967 3199 1
9967 2407 1
9967 8168 1
9967 2550 1
9967 4729 1
1153 4104 1
8515 4767 1
8515 8239 1
8515 312 1
8959 1082 1
1185 6223 1
4457 1369 1
4457 6836 1
2821 806 1
2846 4356 1
2846 1082 1
6118 335 1
6118 1681 1
7922 4069 1
3836 4476 1
3836 3969 1
5881 497 1
8187 4264 1
5254 5703 1
4060 4474 1
4474 437 1
3767 853 1
1657 5703 1
1657 5254 1
1657 1208 1
1248 6936 1
1248 1541 1
7229 1132 1
7229 264 1
1637 9718 1
1637 5722 1
10813 2987 1
4971 1675 1
4971 11068 1
881 10851 1
881 5285 1
10941 9044 1
7169 5722 1
1443 7992 1
4247 7320 1
5540 414 1
5540 2162 1
1450 4624 1
9043 4316 1
9043 3286 1
1681 6097 1
4135 2162 1
4135 537 1
5660 9463 1
2398 6605 1
806 3229 1
806 4664 1
4115 8229 1
4115 5163 1
4115 437 1
8095 2284 1
8095 806 1
8095 2344 1
9731 3747 1
9731 1504 1
9731 4149 1
9731 667 1
9731 1541 1
2284 264 1
6374 1836 1
6374 4356 1
8345 9788 1
8345 414 1
4664 9011 1
4664 982 1
7845 2819 1
892 5482 1
892 8116 1
2528 8321 1
2528 7713 1
7648 2676 1
10511 3136 1
9223 2284 1
9223 806 1
9223 2344 1
268 11130 1
3131 5008 1
3131 6215 1
4316 4296 1
2289 1806 1
2289 5048 1
2289 478 1
2289 2243 1
1471 9368 1
3190 4296 1
10143 3288 1
10143 667 1
8961 5974 1
8961 497 1
2272 1785 1
2272 3344 1
2272 2044 1
2272 497 1
636 9044 1
636 6087 1
6362 8013 1
6362 1634 1
4991 6605 1
492 1034 1
2262 1785 1
2262 3344 1
2262 2044 1
2262 497 1
10851 881 1
10851 5285 1
700 5441 1
899 2880 1
899 4104 1
899 319 1
11177 2601 1
4212 3969 1
4212 3806 1
5863 4299 1
5863 5008 1
5863 6215 1
6405 6374 1
6576 3969 1
6576 4262 1
6576 442 1
5382 1082 1
883 3969 1
883 4827 1
5941 5562 1
5941 6977 1
5941 1082 1
7687 2987 1
7687 4624 1
7687 6501 1
3597 7432 1
3597 1504 1
3597 667 1
3597 1541 1
3188 2219 1
9968 9463 1
9968 5540 1
615 5010 1
10840 3286 1
7253 3999 1
7253 414 1
6501 2987 1
6501 4624 1
6501 7687 1
4865 3611 1
4865 1806 1
10591 2954 1
10591 4128 1
10591 1152 1
10591 4196 1
10345 4381 1
5010 7485 1
5010 982 1
4483 1785 1
4483 2044 1
4483 497 1
2294 5444 1
2294 5562 1
2294 9992 1
1556 7485 1
1556 5010 1
1556 6407 1
1556 5230 1
9616 9463 1
4299 5863 1
4299 5008 1
4299 6215 1
9218 319 1
4264 1785 1
4264 8343 1
4264 2044 1
4264 497 1
437 9011 1
6407 2505 1
4149 2877 1
4149 1248 1
8239 2975 1
2500 6057 1
2500 4679 1
6590 6476 1
6590 2705 1
6590 11174 1
6590 6126 1
6590 8134 1
1296 4476 1
2932 2760 1
4679 2500 1
4679 6561 1
4679 1843 1
2869 8701 1
7103 3406 1
7700 5072 1
4208 2846 1
4208 10512 1
6561 5230 1
6561 4262 1
2880 258 1
1785 6052 1
1785 4474 1
1785 437 1
3753 10584 1
3753 8477 1
10508 4381 1
2288 2380 1
2288 7240 1
10313 3290 1
10313 9969 1
9141 4483 1
9141 497 1
5072 7700 1
5072 4422 1
5072 9013 1
7457 9011 1
8684 2044 1
6977 5562 1
6977 1082 1
2407 9967 1
2407 10695 1
2407 2550 1
2407 2414 1
7946 2954 1
7946 4128 1
7946 9275 1
7946 1152 1
7946 4196 1
11130 3659 1
4563 9218 1
4563 414 1
10695 2414 1
4128 744 1
6991 2284 1
6991 806 1
6991 2344 1
11149 8239 1
11149 312 1
2550 2407 1
2550 2414 1
2550 9967 1
6530 1634 1
6530 7095 1
7547 619 1
7547 4162 1
7547 8729 1
2373 3724 1
980 4115 1
980 9600 1
2760 667 1
2760 1504 1
8259 8938 1
8259 11130 1
7186 3286 1
619 8729 1
619 4162 1
8729 10837 1
8729 7547 1
5048 4135 1
5048 1806 1
5048 478 1
5048 2243 1
8639 2295 1
7258 3290 1
6097 9870 1
4198 1190 1
5016 7845 1
2193 1777 1
2193 9179 1
2193 6465 1
9969 2477 1
9969 10313 1
4652 6087 1
9179 1777 1
9179 2193 1
9179 6465 1
6087 636 1
1311 5206 1
1311 8722 1
1311 2295 1
7878 4135 1
7878 1806 1
7878 5048 1
7878 478 1
7878 2243 1
6027 6667 1
6027 5231 1
6027 9722 1
6027 10216 1
4236 3286 1
4236 10751 1
2819 319 1
5605 2219 1
5706 8988 1
5706 8174 1
5706 10401 1
3711 3776 1
2762 3288 1
2762 1248 1
2762 6936 1
9374 3597 1
9374 1504 1
9374 667 1
9374 1541 1
6232 1746 1
8666 7992 1
8666 335 1
8666 2401 1
7273 6465 1
2343 4135 1
2343 9600 1
7598 9887 1
7598 744 1
7598 3342 1
6197 1634 1
9788 4104 1
9788 1443 1
9788 4828 1
9788 1634 1
4130 10260 1
4130 5750 1
5781 5750 1
11135 2367 1
11135 7240 1
9013 3753 1
9013 1131 1
4635 8116 1
5824 8135 1
5824 1365 1
628 4262 1
628 4827 1
628 2219 1
8135 10765 1
10180 10512 1
6700 4827 1
6700 2605 1
6525 9605 1
1152 9731 1
8514 2528 1
8514 8477 1
10584 9013 1
10584 5072 1
10584 9368 1
1586 2617 1
3468 9368 1
6834 1785 1
6834 478 1
6834 1806 1
2401 11068 1
6491 2505 1
3694 7273 1
3694 3776 1
9011 5970 1
7220 3240 1
7220 5765 1
7220 6538 1
7220 7614 1
6826 1634 1
10020 1785 1
10020 478 1
10020 1806 1
7240 2288 1
5231 6027 1
4004 6561 1
4004 4679 1
4004 4887 1
4990 2465 1
3199 9967 1
3199 4729 1
8174 312 1
8174 2044 1
7356 4887 1
10300 2465 1
976 7229 1
834 1634 1
834 3344 1
834 7682 1
3288 3344 1
3288 1504 1
3288 667 1
3288 1541 1
3115 1806 1
3115 478 1
3115 2243 1
7614 7220 1
7614 5765 1
7614 6538 1
7614 3240 1
3240 7220 1
3240 5765 1
3240 7614 1
3240 6538 1
6921 8901 1
6921 8938 1
6921 10840 1
9110 384 1
9110 1483 1
5836 6538 1
6833 6500 1
5230 2294 1
5230 982 1
5639 8515 1
5639 2044 1
1843 4887 1
1843 4679 1
1025 8239 1
1025 9141 1
2497 9600 1
1131 1234 1
1131 9013 1
9887 2954 1
9887 9275 1
9887 744 1
10882 1836 1
9655 1675 1
9655 8701 1
9655 5540 1
1574 8701 1
1574 8994 1
2993 537 1
2993 5824 1
7713 2528 1
7713 8321 1
2396 9967 1
2396 3199 1
2396 4729 1
2396 2414 1
7371 1785 1
7371 2044 1
7371 6097 1
7371 497 1
1072 8014 1
4361 8014 1
342 4563 1
342 6223 1
7992 3115 1
7992 1208 1
1836 8013 1
1836 8401 1
8901 4296 1
2732 5206 1
2732 2465 1
10912 6197 1
10912 335 1
10912 2162 1
7131 1025 1
7131 3611 1
9718 4679 1
9718 5722 1
9718 6057 1
3218 7457 1
3218 1483 1
3218 5163 1
1173 9823 1
1173 3597 1
1173 667 1
8126 6118 1
8126 4914 1
8126 2601 1
8126 4590 1
2601 2877 1
4518 8343 1
4518 2196 1
4518 4914 1
4518 4247 1
2987 6501 1
2987 7687 1
4590 1681 1
4590 2975 1
4590 4253 1
2954 8239 1
8128 10765 1
8128 11068 1
8128 8014 1
5265 2601 1
2877 3767 1
2877 744 1
7294 5604 1
6476 6590 1
6476 2705 1
6476 8134 1
6476 6126 1
6476 11174 1
2705 6126 1
2705 6476 1
2705 8134 1
1688 4664 1
1688 2821 1
1091 7177 1
1091 4149 1
5765 3240 1
5765 6538 1
5765 7220 1
5765 7614 1
6052 7457 1
1962 3286 1
7279 2284 1
7279 806 1
7279 2344 1
3528 3342 1
3528 744 1
4356 5016 1
4356 2505 1
8343 5881 1
8343 497 1
4253 1190 1
4253 3136 1
2771 7320 1
2771 10941 1
2771 4249 1
4407 4069 1
10401 3136 1
10401 5706 1
9992 5230 1
9992 4356 1
9793 4887 1
9793 11177 1
4476 1296 1
9602 4135 1
9602 1806 1
9602 5048 1
9602 478 1
9602 2243 1
2344 8095 1
2344 2284 1
2344 806 1
5616 1785 1
5616 4199 1
5616 1806 1
1541 1504 1
1541 667 1
1541 9731 1
1132 976 1
667 9731 1
8755 497 1
6688 4589 1
718 6491 1
718 2819 1
718 4356 1
3958 8321 1
3958 8014 1
9275 1082 1
9275 1152 1
1504 667 1
10260 3344 1
10260 10912 1
10260 3572 1
3747 1248 1
3747 3288 1
5245 1234 1
817 5402 1
817 6400 1
817 3610 1
3680 2196 1
2044 2272 1
2044 5611 1
2044 2284 1
2044 319 1
3813 10287 1
4631 6935 1
4631 2041 1
9605 6286 1
9605 3566 1
9605 8755 1
9605 3679 1
2243 7457 1
2243 437 1
2477 4798 1
2477 1775 1
2477 9101 1
2477 6591 1
4069 1944 1
4069 11039 1
2676 5187 1
2676 9752 1
5163 3115 1
5163 264 1
5163 1208 1
8722 2732 1
8722 2295 1
5859 9215 1
5859 9300 1
5859 4422 1
5859 9362 1
7495 2196 1
1271 4253 1
1271 9101 1
1271 3631 1
5361 10206 1
4213 7921 1
4213 10736 1
4213 8149 1
