4179 6424 1
4179 5811 1
4179 7967 1
4179 2881 1
4179 10420 1
6424 7967 1
6424 4179 1
2881 5114 1
2881 1990 1
2881 3082 1
2881 2770 1
2881 8242 1
5811 7058 1
5811 7967 1
5811 4179 1
10420 4179 1
10420 7967 1
10420 2881 1
7967 10476 1
7967 2881 1
7967 6198 1
7967 5206 1
7967 6424 1
10476 7967 1
10476 8770 1
10476 5270 1
6198 6742 1
6198 1624 1
6198 10381 1
6198 5982 1
6198 6669 1
7058 3950 1
7058 5571 1
7058 5811 1
7058 3021 1
2770 10029 1
2770 2671 1
2770 3082 1
2770 9489 1
2770 8317 1
3082 8242 1
3082 1990 1
3082 8317 1
3082 2881 1
3082 2683 1
1990 2683 1
1990 8333 1
1990 3629 1
1990 5412 1
1990 2881 1
5114 7967 1
5114 2881 1
8242 9489 1
8242 2426 1
8242 4314 1
8242 2881 1
8242 5308 1
5206 2732 1
5206 254 1
5206 1274 1
5206 4591 1
5206 4388 1
8333 7824 1
8333 1309 1
8333 4605 1
8333 2657 1
8333 5308 1
9489 2671 1
9489 2770 1
9489 8242 1
9489 2426 1
9489 5308 1
6669 6198 1
10029 8242 1
10029 8317 1
10029 2770 1
10381 6198 1
5571 10110 1
5571 7058 1
3629 1990 1
5308 3861 1
5308 835 1
5308 1868 1
5308 9125 1
5308 6489 1
4388 11130 1
4388 4098 1
4388 5451 1
4388 10248 1
4388 4956 1
5412 1666 1
5412 1990 1
5412 9851 1
5412 8333 1
5412 7049 1
8770 5270 1
8770 7967 1
8770 10476 1
8770 5206 1
4314 2770 1
4314 3082 1
4314 8317 1
4314 908 1
4314 8242 1
2426 6023 1
2426 402 1
2426 1096 1
2426 3494 1
2426 5535 1
254 8851 1
254 5206 1
254 6438 1
254 6666 1
1274 10292 1
1274 857 1
1274 1422 1
1274 2776 1
1274 3145 1
4591 6954 1
4591 1659 1
4591 8477 1
4591 4422 1
4591 2185 1
1624 845 1
1624 10185 1
1624 6198 1
1624 413 1
8317 8242 1
8317 2770 1
8317 10029 1
8317 3082 1
8317 2871 1
3021 3950 1
3021 7058 1
5982 3542 1
5982 840 1
5982 1384 1
5982 6742 1
5982 5656 1
6742 7693 1
6742 1190 1
6742 5125 1
6742 2693 1
6742 5656 1
2732 10429 1
2732 2295 1
2732 10008 1
2732 6578 1
2732 6057 1
5270 10476 1
5270 7967 1
5270 8770 1
2671 9723 1
2671 2426 1
2671 9489 1
2671 3275 1
2671 8242 1
3950 3021 1
3950 8560 1
3950 10457 1
3950 7058 1
3950 3958 1
2683 1990 1
2683 2881 1
2683 3082 1
2683 362 1
1422 7972 1
1422 430 1
1422 1274 1
1422 5568 1
1422 4926 1
7824 9814 1
7824 830 1
7824 2119 1
7824 1196 1
7824 9983 1
840 8864 1
840 9376 1
840 3598 1
840 8571 1
840 1110 1
2295 10008 1
2295 1595 1
2295 2732 1
2295 9345 1
2295 6578 1
857 1890 1
857 11131 1
857 1274 1
857 7355 1
5125 11181 1
5125 6742 1
5125 5942 1
402 8922 1
402 4901 1
402 6486 1
402 6749 1
402 887 1
8851 3144 1
8851 5206 1
8851 6666 1
8851 9603 1
8851 6438 1
4098 4967 1
4098 4684 1
4098 5709 1
4098 3317 1
4098 3247 1
8560 3950 1
8560 1234 1
1096 3111 1
1096 649 1
1096 9104 1
1096 9544 1
1096 1986 1
908 2770 1
908 4314 1
908 3082 1
908 8317 1
908 8242 1
10185 413 1
10185 1624 1
10185 6851 1
10185 31 1
10185 3260 1
9851 5412 1
9851 1666 1
362 3082 1
362 2683 1
362 1990 1
362 2881 1
9723 8687 1
9723 1066 1
9723 9814 1
9723 3275 1
9723 9923 1
6057 9614 1
6057 1311 1
6057 2732 1
6057 2295 1
6057 4465 1
6578 8722 1
6578 1595 1
6578 9225 1
6578 5321 1
6578 10008 1
6954 8139 1
6954 1567 1
6954 4521 1
6954 2080 1
6954 4591 1
7693 10843 1
7693 2530 1
7693 8445 1
7693 6742 1
7693 4764 1
5656 2610 1
5656 5982 1
5656 6742 1
5656 1037 1
3494 2639 1
3494 582 1
3494 1326 1
3494 6293 1
3494 9104 1
1190 10945 1
1190 9118 1
1190 11007 1
1190 3381 1
1190 7740 1
1384 8864 1
1384 850 1
1384 3079 1
1384 2279 1
1384 4080 1
2871 8317 1
2871 4807 1
2871 2230 1
4422 5859 1
4422 605 1
4422 2569 1
4422 2015 1
4422 3499 1
845 6198 1
845 1624 1
5451 8604 1
5451 7432 1
5451 5730 1
5451 2950 1
5451 2831 1
4605 7520 1
4605 363 1
4605 3080 1
4605 2648 1
4605 4985 1
6438 8851 1
6438 1941 1
6438 8137 1
6438 5834 1
6438 2034 1
7049 10982 1
7049 2906 1
7049 10110 1
7049 5412 1
7049 3384 1
2185 6451 1
2185 1234 1
2185 4422 1
2185 1698 1
2185 6121 1
3145 11181 1
3145 1080 1
3145 6021 1
3145 1422 1
3145 3145 1
10292 10123 1
10292 6526 1
10292 8716 1
10292 3100 1
10292 2880 1
1659 10211 1
1659 6473 1
1659 8149 1
1659 8011 1
1659 2376 1
3275 7824 1
3275 730 1
3275 1727 1
3275 4553 1
3275 8385 1
2693 7392 1
2693 1659 1
2693 6518 1
2693 5821 1
2693 3321 1
9125 6086 1
9125 1909 1
9125 7444 1
9125 4946 1
9125 2084 1
4956 8151 1
4956 905 1
4956 2601 1
4956 7123 1
4956 10158 1
6023 3520 1
6023 649 1
6023 1818 1
6023 7831 1
6023 6293 1
10457 3958 1
10457 3950 1
3861 5001 1
3861 1303 1
3861 7761 1
3861 2772 1
3861 8082 1
3958 8321 1
3958 10457 1
3958 6689 1
3958 3950 1
3958 8014 1
835 5968 1
835 5308 1
835 3408 1
5535 2613 1
5535 3111 1
5535 7357 1
5535 2426 1
5535 9768 1
10110 9383 1
10110 3930 1
10110 10435 1
10110 6928 1
10110 10471 1
11130 5477 1
11130 1254 1
11130 2859 1
11130 10105 1
11130 9319 1
1309 6235 1
1309 1600 1
1309 4618 1
1309 1990 1
1309 3723 1
413 10185 1
413 1624 1
1868 725 1
1868 5968 1
1868 5308 1
1868 88 1
1868 9843 1
10429 9793 1
10429 798 1
10429 2465 1
10429 1595 1
10429 2732 1
3542 5109 1
3542 10868 1
3542 9419 1
3542 3261 1
3542 2987 1
8477 8437 1
8477 605 1
8477 2569 1
8477 2015 1
8477 3499 1
2657 4242 1
2657 1066 1
2657 3275 1
2657 7824 1
2657 9814 1
2776 8575 1
2776 1274 1
2776 3303 1
2776 8640 1
2776 9771 1
6489 6537 1
6489 7996 1
6489 8930 1
6489 3478 1
6489 3181 1
6666 3144 1
6666 5206 1
6666 9603 1
6666 254 1
6666 8851 1
10248 4004 1
10248 627 1
10248 1772 1
10248 5968 1
10248 5543 1
1666 5412 1
1666 9851 1
10008 3468 1
10008 696 1
10008 1595 1
10008 6057 1
10008 5661 1
3723 1419 1
3723 4188 1
3723 7749 1
3723 1309 1
3723 9908 1
10105 8827 1
10105 11114 1
10105 11130 1
10105 2859 1
2859 10105 1
2859 8395 1
2859 8286 1
2859 8401 1
2859 8952 1
1254 10809 1
1254 7392 1
1254 7001 1
1254 3495 1
1254 5042 1
9843 7721 1
9843 1411 1
9843 7793 1
9843 5722 1
9843 7864 1
5477 11130 1
10471 9383 1
10471 873 1
10471 1935 1
10471 1274 1
10471 2564 1
9768 2613 1
9768 3111 1
9768 7819 1
9768 862 1
9768 5535 1
7357 3111 1
7357 5535 1
7357 2613 1
6928 10110 1
6928 10435 1
8321 8014 1
8321 3958 1
8321 6689 1
8321 7186 1
8321 6533 1
2772 5848 1
2772 1213 1
2772 10243 1
2772 9645 1
2772 4198 1
3181 8146 1
3181 8872 1
3181 5119 1
3181 2926 1
3181 2904 1
2613 6675 1
2613 1218 1
2613 5535 1
2613 9768 1
2613 7357 1
5001 10617 1
5001 2047 1
5001 5206 1
5001 2754 1
5001 10748 1
10158 5458 1
10158 11163 1
10158 4937 1
10158 2081 1
10158 1991 1
2530 7637 1
2530 9306 1
2530 6552 1
2530 2601 1
2530 6176 1
1303 2653 1
1303 1190 1
1303 5393 1
1303 10021 1
1303 1876 1
905 10402 1
905 7123 1
905 1754 1
905 4956 1
905 3566 1
7444 9125 1
7444 957 1
5821 2693 1
1818 9104 1
1818 5997 1
1818 3292 1
1818 5360 1
1818 10910 1
8385 4606 1
8385 1132 1
8385 2175 1
8385 6383 1
8385 5971 1
6749 6683 1
6749 592 1
6749 2037 1
6749 1611 1
6749 9847 1
8149 1659 1
8149 4213 1
8149 7921 1
8149 8362 1
8149 6473 1
7740 9371 1
7740 1229 1
7740 4657 1
7740 4198 1
7740 5210 1
6473 6734 1
6473 1201 1
6473 2430 1
6473 1854 1
6473 9013 1
10123 7379 1
10123 7239 1
10123 2925 1
10123 899 1
10123 5964 1
6121 6386 1
6121 1659 1
6121 4521 1
6121 2181 1
6121 5416 1
8575 8640 1
8575 2776 1
8575 10243 1
8575 7609 1
8575 8943 1
3384 3806 1
3384 675 1
3384 2709 1
3384 6229 1
3384 8848 1
2906 7049 1
2034 1941 1
2034 3688 1
2034 6438 1
2034 1923 1
8137 3861 1
8137 4959 1
8137 6959 1
8137 10099 1
8137 6438 1
4985 6410 1
4985 4332 1
4985 4605 1
4985 7178 1
4985 4431 1
2648 5484 1
2648 659 1
2648 9470 1
2648 6315 1
2648 9862 1
7520 7554 1
7520 1552 1
7520 4119 1
7520 2430 1
7520 4431 1
6293 3748 1
6293 649 1
6293 1818 1
6293 8197 1
6293 10869 1
2831 3288 1
2831 5524 1
2831 8827 1
2831 6936 1
2831 3092 1
2950 3288 1
2950 3011 1
2950 8827 1
2950 3092 1
2950 3344 1
363 2729 1
363 4930 1
363 1360 1
363 6473 1
363 4605 1
7432 8381 1
7432 6821 1
7432 8345 1
7432 3288 1
7432 3092 1
8604 6076 1
8604 990 1
8604 2605 1
8604 7904 1
8604 7494 1
7392 8151 1
7392 1254 1
7392 5546 1
7392 3140 1
7392 5781 1
6086 9894 1
6086 1545 1
6086 3525 1
6086 2585 1
6086 4136 1
3499 9013 1
3499 8437 1
3499 10584 1
3499 3753 1
3499 4422 1
1772 10678 1
1772 5379 1
1772 8203 1
1772 10248 1
1772 3726 1
3408 5308 1
3408 1707 1
3408 3875 1
3408 5968 1
3408 6291 1
2015 8315 1
2015 2492 1
2015 10834 1
2015 7831 1
2015 6293 1
2569 8477 1
2569 502 1
2569 10050 1
2569 2056 1
2569 2596 1
1600 8398 1
1600 2064 1
1600 6621 1
1600 4618 1
1600 10047 1
605 4422 1
605 8518 1
605 5626 1
605 8477 1
605 3992 1
4618 5687 1
4618 2046 1
4618 8398 1
4618 9796 1
4618 6621 1
2230 1853 1
2230 4408 1
2230 2871 1
2230 178 1
2230 4807 1
4684 3999 1
4684 414 1
4684 1412 1
4684 7359 1
4684 10673 1
4080 3542 1
4080 5825 1
4080 7647 1
4080 1384 1
10945 7211 1
10945 7334 1
10945 1190 1
7761 10021 1
7761 2434 1
7761 8647 1
7761 4041 1
7761 8108 1
2084 10161 1
2084 9125 1
2084 9606 1
2084 4136 1
2084 6086 1
2880 6910 1
2880 7663 1
2880 2975 1
2880 678 1
2880 7505 1
3079 9447 1
3079 1350 1
3079 4416 1
3079 1812 1
3079 3651 1
5942 6742 1
5942 1036 1
5942 3753 1
5942 1498 1
5942 4673 1
3930 2693 1
3930 4059 1
3930 9383 1
3930 22 1
3930 10110 1
9104 3748 1
9104 649 1
9104 1818 1
9104 8117 1
9104 7163 1
3111 10233 1
3111 5995 1
3111 9807 1
3111 2957 1
3111 2736 1
9225 9514 1
9225 3246 1
9225 6578 1
9225 5148 1
9225 7983 1
1066 10985 1
1066 1727 1
1066 10397 1
1066 3921 1
1066 2639 1
3520 3953 1
3520 4898 1
3520 8150 1
3520 6023 1
3520 8772 1
3321 2693 1
3321 10931 1
3321 9930 1
3321 6710 1
3321 9782 1
5709 2614 1
5709 6894 1
5709 7074 1
5709 4190 1
5709 4098 1
5321 5386 1
5321 3277 1
5321 6578 1
5321 8320 1
5321 9529 1
5968 8754 1
5968 4208 1
5968 5929 1
5968 2097 1
5968 1934 1
3381 5260 1
3381 710 1
3381 1998 1
3381 5483 1
3381 9454 1
1234 11165 1
1234 638 1
1234 2185 1
1234 9492 1
1234 4213 1
8722 1379 1
8722 1595 1
8722 2732 1
8722 6578 1
8722 2295 1
9319 9228 1
9319 1254 1
9319 3495 1
9319 2559 1
9319 4828 1
5661 10835 1
5661 696 1
5661 3420 1
5661 2314 1
5661 6900 1
4946 8398 1
4946 1911 1
4946 9125 1
4946 9862 1
4946 2648 1
5543 5968 1
5543 3045 1
5543 11136 1
5543 4937 1
5543 6244 1
887 6549 1
887 4199 1
887 8282 1
887 10624 1
887 2339 1
9383 2650 1
9383 271 1
9383 10240 1
9383 4178 1
9383 3930 1
627 3953 1
627 10248 1
627 9105 1
627 1356 1
627 3800 1
4004 10429 1
4004 8755 1
4004 10248 1
4004 8457 1
4004 4887 1
7996 6016 1
7996 1107 1
7996 6151 1
7996 4408 1
7996 6489 1
430 2590 1
430 5568 1
430 6352 1
430 1436 1
430 8696 1
5730 9106 1
5730 2601 1
5730 5646 1
5730 4614 1
5730 6081 1
6526 10123 1
6526 9523 1
6526 6876 1
6526 3858 1
6526 3560 1
7123 6376 1
7123 4028 1
7123 5637 1
7123 2260 1
7123 2223 1
9771 1165 1
9771 2776 1
9771 9837 1
9771 382 1
9771 7186 1
3247 4822 1
3247 507 1
3247 1360 1
3247 767 1
3247 9994 1
9814 8333 1
9814 848 1
9814 2657 1
9814 1727 1
9814 10343 1
5834 3688 1
5834 7630 1
5834 6438 1
5834 1941 1
4242 4766 1
4242 7702 1
4242 8071 1
4242 5241 1
4242 6582 1
7831 2403 1
7831 9148 1
7831 10656 1
7831 3403 1
7831 3123 1
8437 8477 1
8437 3753 1
8437 5072 1
8437 9013 1
8437 4422 1
8922 592 1
8922 6749 1
8922 7230 1
8922 402 1
3261 9447 1
3261 1350 1
3261 8864 1
3261 1812 1
3261 4416 1
2465 9496 1
2465 1311 1
2465 4679 1
2465 9793 1
2465 2732 1
8716 9473 1
8716 10551 1
8716 3517 1
8716 1233 1
8716 7371 1
3144 9359 1
3144 526 1
3144 1576 1
3144 9655 1
3144 3247 1
1196 3486 1
1196 612 1
1196 5892 1
1196 1403 1
1196 10782 1
2987 3875 1
2987 363 1
2987 2673 1
2987 7136 1
2987 6489 1
798 10429 1
798 5824 1
798 10009 1
798 3987 1
798 8474 1
8445 7693 1
8445 869 1
4465 6057 1
4465 10429 1
4465 4887 1
4465 2465 1
10435 10110 1
10435 1909 1
10435 10155 1
10435 8109 1
10435 10819 1
8930 7647 1
8930 1110 1
8930 2145 1
8930 1686 1
8930 9366 1
1567 6954 1
1567 9314 1
1567 9679 1
1567 4407 1
1567 7209 1
9376 4331 1
9376 840 1
9376 1956 1
9376 8921 1
9376 8571 1
2610 6646 1
2610 7876 1
2610 7511 1
2610 3159 1
2610 2878 1
5859 7272 1
5859 3016 1
5859 9215 1
5859 9362 1
5859 6189 1
88 4859 1
88 1868 1
88 8206 1
88 9843 1
88 725 1
8139 6954 1
8139 1659 1
10211 5190 1
10211 641 1
10211 1659 1
10211 8064 1
10211 7991 1
11007 4253 1
11007 613 1
11007 10954 1
11007 5899 1
11007 5815 1
9614 6057 1
9614 8338 1
9614 10290 1
9614 1779 1
9614 8457 1
4764 7693 1
4764 5744 1
4764 8846 1
4764 10843 1
4764 9457 1
2376 7705 1
2376 5996 1
2376 10367 1
2376 1659 1
9923 8973 1
9923 960 1
9923 2627 1
9923 1727 1
9923 9980 1
850 2531 1
850 3651 1
850 5907 1
850 8571 1
850 8315 1
8014 9148 1
8014 8014 1
8014 10009 1
8014 3698 1
8014 3488 1
3478 8146 1
3478 10397 1
3478 9662 1
3478 2921 1
3478 2864 1
3080 7021 1
3080 2430 1
3080 6639 1
3080 5096 1
3080 4605 1
11131 8886 1
11131 1422 1
11131 4926 1
11131 6838 1
11131 3041 1
1311 5206 1
1311 6057 1
1311 4887 1
1311 6578 1
1311 10008 1
4521 6121 1
4521 9831 1
4521 5830 1
4521 2601 1
4521 2562 1
3260 10185 1
3260 6851 1
3260 31 1
3303 5179 1
3303 2776 1
3303 5746 1
3303 6580 1
3303 11192 1
31 6851 1
31 3260 1
31 10185 1
4807 2871 1
4807 2230 1
8687 9723 1
8687 848 1
8687 2609 1
8687 3494 1
8687 960 1
830 4862 1
830 10539 1
830 4553 1
830 5191 1
830 2729 1
6851 3260 1
6851 10185 1
6851 31 1
3468 3824 1
3468 293 1
3468 2646 1
3468 3765 1
3468 5661 1
1080 9019 1
1080 3238 1
1080 1262 1
1080 3145 1
1080 6580 1
10843 7693 1
10843 4764 1
6537 6489 1
6537 3062 1
2279 4331 1
2279 850 1
2279 1812 1
2279 8571 1
2279 9324 1
2080 6881 1
2080 4521 1
2080 6554 1
2080 6954 1
2080 6121 1
1595 4887 1
1595 3488 1
1595 2732 1
1595 7975 1
1595 6578 1
3100 4474 1
3100 3957 1
3100 6572 1
3100 1132 1
3100 3344 1
1110 8880 1
1110 840 1
1110 9419 1
1110 8744 1
1110 2987 1
6689 9071 1
6689 8460 1
6689 8484 1
6689 3092 1
6689 2950 1
8082 9479 1
8082 3550 1
8082 8967 1
8082 11139 1
8082 8172 1
10868 10019 1
10868 4237 1
10868 7647 1
10868 5997 1
10868 7802 1
5109 6804 1
5109 1002 1
5109 1812 1
5109 1350 1
5109 6205 1
1326 1818 1
1326 649 1
1326 9925 1
1326 2867 1
1326 5360 1
7972 7637 1
7972 2754 1
7972 7807 1
7972 4831 1
7972 10840 1
3598 3016 1
3598 850 1
3598 8042 1
3598 8740 1
3598 8864 1
8571 4501 1
8571 850 1
8571 2021 1
8571 9447 1
8571 9324 1
2601 4842 1
2601 10425 1
2601 2846 1
2601 2340 1
2601 2214 1
1698 1087 1
1698 8004 1
1698 2185 1
1698 6575 1
1698 8102 1
8640 7174 1
8640 2776 1
8640 7609 1
8640 5757 1
8640 8575 1
6451 2185 1
6451 3946 1
6451 8718 1
6451 41 1
6451 11200 1
4553 7181 1
4553 775 1
4553 1934 1
4553 8099 1
4553 5968 1
8864 9447 1
8864 1350 1
8864 3261 1
8864 1812 1
8864 3542 1
696 6128 1
696 9195 1
696 5661 1
696 2314 1
696 10556 1
1890 10653 1
1890 933 1
1890 8783 1
1890 3201 1
1890 8886 1
4926 8886 1
4926 1422 1
4926 6710 1
4926 3041 1
4926 10860 1
1941 9407 1
1941 8564 1
1941 3688 1
1941 5834 1
1941 6438 1
6518 9868 1
6518 2693 1
6518 7450 1
6518 6971 1
6518 9633 1
730 3822 1
730 1647 1
730 8152 1
730 9523 1
730 7211 1
3317 5709 1
3317 5574 1
3317 7074 1
3317 756 1
3317 4396 1
9793 10429 1
9793 1963 1
9793 6057 1
9793 4241 1
9793 6244 1
1037 2610 1
1037 5364 1
1037 6742 1
1037 5656 1
2639 5080 1
2639 649 1
2639 1818 1
2639 5360 1
2639 10985 1
649 8858 1
649 1986 1
649 2639 1
649 2867 1
649 5360 1
5568 1274 1
5568 1422 1
5568 6352 1
5568 9300 1
5568 1503 1
1986 7831 1
1986 649 1
1986 1818 1
1986 6536 1
1986 3026 1
725 10582 1
725 7939 1
725 8110 1
725 2697 1
725 8829 1
6235 2380 1
6235 3659 1
6235 11130 1
6235 1309 1
9419 8930 1
9419 1110 1
9419 2279 1
9419 1686 1
9419 3542 1
2119 10343 1
2119 830 1
2119 4553 1
2119 7490 1
2119 5308 1
1727 7831 1
1727 582 1
1727 7163 1
1727 9544 1
1727 4397 1
9983 8973 1
9983 1066 1
9983 3043 1
9983 1843 1
9983 3275 1
11181 9766 1
11181 2102 1
11181 5942 1
11181 3280 1
11181 6742 1
10982 5999 1
10982 6838 1
10982 7049 1
10982 5933 1
8151 10168 1
8151 4956 1
8151 6874 1
8151 6365 1
8151 7123 1
9544 3111 1
9544 582 1
9544 1727 1
9544 6536 1
9544 6023 1
9345 2295 1
9345 8639 1
9345 1092 1
4967 4098 1
4967 4486 1
4967 8928 1
4967 7320 1
4967 4709 1
7355 10606 1
7355 3730 1
7355 7440 1
7355 8199 1
7355 6792 1
4901 6749 1
4901 7230 1
4901 402 1
6486 10158 1
6486 402 1
1909 9125 1
1909 10435 1
1909 10819 1
9118 6157 1
9118 744 1
9118 3053 1
9118 10850 1
9118 10157 1
582 3111 1
582 8197 1
582 9104 1
582 1727 1
582 9148 1
9603 7346 1
9603 3144 1
9603 8672 1
9603 4859 1
9603 8851 1
6021 3145 1
6021 6633 1
6021 9207 1
6021 1274 1
6021 10565 1
8011 10371 1
8011 1659 1
8011 4345 1
8011 3314 1
8011 4682 1
3486 1196 1
1576 7230 1
1576 3144 1
526 7346 1
526 3144 1
10402 4956 1
10402 8151 1
10402 905 1
10402 7123 1
2957 5241 1
2957 1132 1
2957 2736 1
2957 3100 1
2957 3111 1
8718 1956 1
8718 3946 1
9496 2465 1
5072 8477 1
5072 11165 1
957 9125 1
957 7444 1
3123 9148 1
3123 7831 1
3946 8718 1
3946 6451 1
5241 7702 1
5241 7359 1
7702 6876 1
7702 10123 1
4766 7359 1
7630 1941 1
10099 8137 1
10099 4959 1
2403 7831 1
767 8401 1
4059 6473 1
4822 3247 1
4822 4098 1
3999 414 1
3999 1229 1
3999 4190 1
382 1165 1
9837 9771 1
5722 6533 1
2430 7520 1
2430 6473 1
5637 8484 1
5637 3344 1
1165 1890 1
7749 9908 1
7749 3723 1
6376 2950 1
6376 2831 1
3560 10123 1
9523 7211 1
9523 10869 1
9523 3858 1
9523 3560 1
9300 5859 1
4614 5730 1
2145 9376 1
1436 430 1
613 1190 1
613 11007 1
6016 6151 1
6016 7996 1
10954 5899 1
4887 8457 1
4887 798 1
4887 2295 1
4887 9983 1
6533 5722 1
6533 8321 1
6533 7807 1
9606 2084 1
1356 4098 1
1356 9994 1
1356 1360 1
638 1234 1
5824 5824 1
5824 10009 1
5119 3478 1
8282 899 1
9105 9994 1
9105 1360 1
9105 3800 1
9105 2046 1
9105 3953 1
3344 6689 1
6900 9195 1
6900 696 1
6900 3420 1
6900 2314 1
4431 7520 1
4431 4985 1
4431 4605 1
5646 5730 1
10584 2569 1
10584 4422 1
10584 8437 1
8943 8575 1
9766 382 1
2559 9319 1
8320 5321 1
8320 10047 1
9228 10158 1
9228 5042 1
1379 9514 1
1379 4241 1
1379 3277 1
9492 10435 1
9492 7921 1
1262 9019 1
1262 6580 1
1262 1080 1
1998 5483 1
1998 710 1
5260 1190 1
5260 5824 1
2097 8345 1
612 798 1
612 7824 1
5929 6244 1
8398 848 1
8398 1545 1
5386 5321 1
5386 6578 1
4190 3999 1
4190 414 1
4190 1412 1
4190 10551 1
7074 3999 1
7074 414 1
7074 1412 1
2614 8401 1
2614 414 1
2614 1412 1
10021 6959 1
5483 1998 1
6710 6838 1
6710 1165 1
4241 9225 1
4241 1379 1
9013 8437 1
9013 873 1
9013 4422 1
3953 10248 1
3953 627 1
3953 1356 1
10985 3748 1
10985 649 1
10985 1818 1
10985 8117 1
10985 7163 1
7983 9225 1
3045 6874 1
3045 5543 1
3045 4956 1
2736 3100 1
2736 3111 1
8117 2492 1
8117 582 1
8117 10985 1
8117 3748 1
4673 5942 1
4673 382 1
4673 1036 1
2627 3275 1
2627 9923 1
5096 3080 1
5096 2430 1
9796 10158 1
8973 2729 1
3651 8571 1
3651 850 1
3651 2279 1
3651 1686 1
3651 3079 1
1812 1087 1
1812 4416 1
1812 6205 1
1498 2181 1
1498 5942 1
4416 850 1
4416 1686 1
4416 8880 1
4416 7647 1
9447 3651 1
9447 850 1
9447 2021 1
9447 7647 1
7505 1412 1
4213 7921 1
4213 8149 1
2314 696 1
2314 10835 1
2314 10556 1
5995 3111 1
5995 2426 1
678 2975 1
7663 8345 1
6910 7505 1
10161 2084 1
8108 1190 1
8108 2434 1
4041 7761 1
4041 6959 1
4041 8647 1
5687 2046 1
5687 4618 1
8647 4041 1
8647 7761 1
8647 1923 1
7001 1254 1
7001 9319 1
7334 1686 1
7647 1087 1
7647 1812 1
7647 5825 1
2709 3806 1
2709 675 1
10673 3999 1
10673 414 1
10673 1412 1
10673 7074 1
1923 2034 1
1923 7761 1
1923 3861 1
6410 1066 1
6410 2657 1
6410 7520 1
1911 4946 1
1911 9862 1
1911 2648 1
2729 4553 1
659 9470 1
4679 6057 1
3043 9983 1
5379 3726 1
5379 8203 1
3921 3275 1
2925 8952 1
2102 11181 1
3748 10985 1
1360 3800 1
9662 8395 1
9847 6749 1
9847 592 1
10656 7831 1
10656 9148 1
7793 9843 1
7793 8206 1
7793 4859 1
4501 8930 1
4501 1110 1
4501 2279 1
4501 1686 1
4930 2015 1
4930 2145 1
4930 363 1
9868 10954 1
9868 2987 1
8457 1779 1
3140 7392 1
7230 6749 1
6821 6689 1
6821 3092 1
6821 2950 1
10678 5968 1
862 10840 1
5546 7392 1
2585 2614 1
3403 7831 1
3403 3748 1
6675 2613 1
4332 4605 1
5484 6315 1
9807 6710 1
7802 10868 1
7802 4237 1
1218 2613 1
7136 848 1
7136 2015 1
4682 1659 1
4682 4345 1
4682 3314 1
4682 8064 1
3525 6086 1
3525 7230 1
8474 3987 1
3566 1754 1
3566 2880 1
8109 10155 1
8109 10435 1
3201 2693 1
3201 6742 1
3201 1890 1
9314 1567 1
9679 7209 1
4331 8571 1
4331 3861 1
8921 2015 1
8921 3292 1
4831 7972 1
4831 7637 1
3159 7876 1
3159 2610 1
9215 5859 1
1853 8203 1
1853 3726 1
1853 4408 1
1853 2230 1
6352 1274 1
6352 5568 1
6189 5859 1
6189 9300 1
6189 6838 1
8206 4859 1
8206 7793 1
8206 9843 1
8206 88 1
8197 3748 1
8197 649 1
8197 1818 1
8197 8117 1
8197 7163 1
5190 641 1
5190 4345 1
8203 5379 1
8203 1772 1
8203 3726 1
641 8064 1
641 5190 1
3016 1876 1
3016 9362 1
3016 5859 1
3016 3598 1
7991 1659 1
7991 4345 1
7991 3314 1
7991 4682 1
3053 613 1
6734 6954 1
6734 6554 1
3026 6536 1
3026 649 1
3026 1818 1
3026 9148 1
3026 3494 1
4253 6383 1
5899 3053 1
5899 8401 1
5899 4842 1
8846 4764 1
5574 8716 1
3488 798 1
8064 641 1
8064 1659 1
8064 8011 1
9457 2339 1
1686 850 1
1686 3079 1
1686 9419 1
6646 2878 1
6646 2610 1
2531 850 1
6621 1600 1
6621 9796 1
6621 4618 1
7705 627 1
7705 2530 1
960 8687 1
960 9923 1
960 3494 1
960 2426 1
2596 10050 1
5907 8398 1
2921 2904 1
22 4059 1
22 2693 1
22 9383 1
22 3930 1
22 10110 1
3314 1659 1
3314 10371 1
8886 1422 1
8886 4926 1
10931 5072 1
869 8445 1
4136 2084 1
4136 6086 1
4959 8137 1
4959 10099 1
4959 6959 1
4959 3861 1
10819 1909 1
10819 10435 1
10819 10840 1
1412 3517 1
6552 2601 1
10233 5241 1
6639 3080 1
6639 4605 1
3280 3145 1
3280 9362 1
6572 1233 1
5179 11192 1
5179 3303 1
5997 4501 1
5997 2987 1
11192 5179 1
11192 3303 1
2609 8687 1
2673 2987 1
4862 10292 1
4862 2880 1
9019 1080 1
9019 6580 1
6554 9207 1
6554 2080 1
6554 6881 1
7975 5722 1
2214 2601 1
10556 6900 1
10556 696 1
10556 3420 1
10556 2314 1
1503 10860 1
1503 1422 1
1503 2776 1
10910 1190 1
8880 8571 1
8880 840 1
8880 2021 1
8880 1384 1
8880 9447 1
6838 6189 1
8484 7432 1
9479 8967 1
2047 6959 1
2047 10748 1
9454 5260 1
9454 1190 1
9454 2846 1
3550 8082 1
3550 8172 1
3550 8967 1
8967 3550 1
8967 11139 1
8967 8172 1
8967 9479 1
11139 8082 1
11139 8967 1
11139 8172 1
5757 8640 1
5757 7174 1
3288 7432 1
6580 10471 1
2046 11181 1
2046 3953 1
2046 9994 1
9366 7647 1
9366 3598 1
9366 8930 1
9366 5308 1
8172 3550 1
8172 11139 1
8172 8967 1
8172 8082 1
2037 6683 1
2037 6749 1
10019 10019 1
10019 1360 1
10019 4501 1
10019 6291 1
6804 5109 1
6205 5982 1
6205 1087 1
6205 2021 1
6205 1384 1
10860 1234 1
10860 2776 1
10860 1659 1
2867 9104 1
2867 649 1
2867 1818 1
2867 4397 1
2867 3494 1
3765 10835 1
3765 293 1
3765 2646 1
8740 1686 1
8740 3542 1
8740 3598 1
6229 592 1
10617 5001 1
5524 8484 1
5524 3344 1
1843 4887 1
1843 9983 1
1843 4679 1
5933 9013 1
5933 6473 1
5933 7049 1
5933 10982 1
2340 2214 1
8848 675 1
8848 2709 1
8639 9345 1
8639 2295 1
2878 2987 1
10240 1552 1
10240 9383 1
1087 1080 1
1087 4416 1
8858 3748 1
8858 649 1
8858 1818 1
8858 8117 1
8858 7163 1
873 10471 1
9633 6518 1
1403 4208 1
3041 3992 1
3041 1422 1
3041 6580 1
3041 8886 1
3041 11131 1
178 2230 1
178 1853 1
178 4408 1
2223 6821 1
2223 9071 1
9994 2046 1
9994 1360 1
11200 6451 1
11200 8718 1
11200 41 1
8199 1934 1
2064 1600 1
3238 1087 1
3238 3145 1
3238 1080 1
8146 10397 1
8146 2926 1
8146 2904 1
9407 1941 1
9407 3688 1
8102 1698 1
3987 798 1
8564 3688 1
8564 1941 1
7450 6518 1
7450 5360 1
10155 8109 1
8110 725 1
8928 4967 1
8928 4709 1
6971 6518 1
6971 7939 1
5744 2339 1
5744 8846 1
5744 4764 1
1647 730 1
10606 3730 1
10606 7355 1
4396 6910 1
4396 3317 1
10157 613 1
10157 2671 1
7637 4831 1
7637 10840 1
1876 1303 1
4345 5190 1
4345 641 1
4345 1659 1
8460 6689 1
41 8718 1
41 2185 1
2081 11163 1
2904 9796 1
10582 3517 1
2697 8973 1
2697 725 1
2380 5781 1
2380 5206 1
4397 3748 1
4397 649 1
4397 1818 1
4397 10985 1
4397 8858 1
4237 10868 1
4237 7802 1
6876 3858 1
6876 3560 1
10168 8151 1
5999 1165 1
5999 10982 1
5999 6838 1
6365 5996 1
6365 8151 1
6365 5451 1
1092 9345 1
6874 8151 1
6874 3045 1
4486 4967 1
1779 8338 1
1779 10290 1
1779 6057 1
1779 8457 1
1779 9614 1
10009 798 1
2646 9195 1
2646 3765 1
7554 7520 1
1419 9371 1
1419 8744 1
2653 1303 1
10834 2145 1
10834 9376 1
7440 8199 1
7440 7355 1
7346 526 1
7346 3144 1
6881 1659 1
6881 2080 1
6881 6554 1
6881 3111 1
8672 9603 1
9207 3145 1
9207 8004 1
9207 6633 1
10850 4842 1
10850 744 1
8381 6821 1
8381 3344 1
10835 6900 1
10835 696 1
10835 3420 1
10835 2314 1
10371 8064 1
10371 1659 1
10371 4345 1
10371 3314 1
10371 4682 1
9195 293 1
9195 2646 1
5080 3494 1
5080 649 1
5080 8858 1
5080 6293 1
990 8604 1
744 10157 1
744 11007 1
4859 9843 1
4859 9603 1
4859 8206 1
2181 1190 1
2181 4673 1
2590 8696 1
4119 10869 1
4937 5119 1
4937 2921 1
1350 8744 1
1350 840 1
1350 3542 1
1350 3651 1
1350 9376 1
3875 11136 1
3875 5206 1
1002 5109 1
7721 9843 1
7721 2744 1
7721 10759 1
7721 5154 1
5393 8444 1
5393 1303 1
5393 3732 1
6383 1428 1
6383 7359 1
6792 7355 1
6792 3659 1
6792 6385 1
6792 10970 1
1854 9013 1
1854 5933 1
1854 6473 1
1036 1190 1
1036 6121 1
1036 8465 1
9655 1675 1
9655 2462 1
9655 5540 1
9655 3144 1
7186 1165 1
7186 1659 1
7186 2776 1
7181 11018 1
7181 4553 1
7181 5064 1
8004 1659 1
8827 7123 1
8827 6689 1
8827 3011 1
592 6749 1
592 6608 1
592 2951 1
592 9847 1
9645 8351 1
9645 11079 1
9645 6589 1
933 6633 1
933 3542 1
933 1480 1
10809 9319 1
10809 3011 1
6633 3145 1
6633 9207 1
6633 10748 1
6633 6021 1
9925 649 1
9925 1727 1
9925 6536 1
9925 6023 1
10748 9362 1
10748 933 1
10748 5001 1
5815 5073 1
5815 340 1
5815 9872 1
9930 9485 1
9930 2693 1
9930 3321 1
9930 5923 1
8338 10429 1
8338 2292 1
8338 9614 1
8338 10290 1
1754 8542 1
1754 2450 1
1754 3566 1
10343 10804 1
10343 1336 1
10343 8117 1
4208 5154 1
4208 918 1
4208 1411 1
9106 6017 1
9106 7748 1
9106 8535 1
8952 10209 1
8952 1793 1
8952 2908 1
1545 5773 1
1545 8398 1
1545 8008 1
1545 6086 1
293 4895 1
293 3468 1
4408 5157 1
4408 1853 1
4408 3726 1
4408 2230 1
8872 10158 1
8872 3478 1
5191 2819 1
5191 10873 1
9306 4112 1
9306 913 1
9306 5946 1
9306 5830 1
8099 180 1
8099 8174 1
7494 6288 1
5848 1887 1
5848 2091 1
5848 7376 1
5848 2772 1
9529 6727 1
9529 5321 1
7609 8640 1
7609 8575 1
7609 10292 1
7239 8716 1
7239 10529 1
5458 7876 1
3822 730 1
3822 1066 1
3822 7163 1
3822 3275 1
6291 10019 1
6291 2077 1
6291 3408 1
899 9373 1
899 2611 1
2926 9796 1
7864 1957 1
7864 4859 1
7864 9843 1
502 2569 1
502 8225 1
502 10050 1
11136 10341 1
11136 4659 1
7021 2648 1
7021 3080 1
7021 4605 1
1107 7996 1
1107 931 1
4188 3723 1
4188 1309 1
507 4098 1
507 3247 1
507 767 1
507 4677 1
5210 1229 1
5210 2876 1
5210 2339 1
7819 9768 1
7819 862 1
9894 6086 1
9071 7367 1
7163 3275 1
7163 649 1
7163 1727 1
7163 6293 1
7163 5573 1
6176 10206 1
6176 2530 1
6176 5210 1
6176 9019 1
11114 1254 1
11114 4128 1
11114 9253 1
1707 7928 1
1707 1902 1
1707 3408 1
7209 9679 1
7209 1567 1
6386 10662 1
6386 2181 1
9371 7740 1
2260 5668 1
2260 6689 1
8395 8286 1
8395 7390 1
8395 3669 1
8744 8584 1
8744 1584 1
8744 1350 1
8744 1686 1
3806 675 1
3806 2410 1
3806 4150 1
7921 4213 1
7921 9492 1
7921 8149 1
7921 1234 1
7921 8362 1
9148 10813 1
9148 8858 1
9148 8197 1
9148 3123 1
9148 3026 1
2564 8855 1
2564 10471 1
2564 4570 1
3824 293 1
3824 4895 1
7939 9491 1
7939 6971 1
3420 696 1
3420 2314 1
3420 10556 1
8772 3953 1
8772 5081 1
4657 7740 1
4657 4407 1
3011 4818 1
3011 3344 1
3011 7432 1
5416 504 1
5825 7647 1
5825 2603 1
5825 4080 1
5825 7089 1
5825 3542 1
5964 8282 1
5964 6890 1
5964 3858 1
5964 3560 1
3495 1821 1
7511 5606 1
7511 7511 1
9980 9923 1
9980 4213 1
9980 6941 1
5042 11130 1
5042 1671 1
5042 9319 1
5042 11114 1
11163 9356 1
11163 8401 1
4198 3606 1
4198 2736 1
4198 3660 1
10782 10512 1
7490 2119 1
7490 5303 1
7490 9544 1
7490 9520 1
6151 6016 1
6151 7996 1
1213 3818 1
1213 3598 1
1213 1686 1
1213 5308 1
2175 4776 1
2175 2819 1
2175 7682 1
9908 7749 1
9908 3723 1
3726 1853 1
3726 3166 1
1935 3270 1
3292 6733 1
3292 989 1
3292 9952 1
4709 3317 1
4709 414 1
4709 4967 1
7178 1818 1
7178 6410 1
7178 4332 1
8362 8149 1
9359 3144 1
9359 6817 1
9359 7346 1
2021 1087 1
2021 4416 1
2021 1384 1
2021 8571 1
6959 10099 1
6959 4959 1
6959 3861 1
6959 5001 1
2056 10050 1
2056 2596 1
1233 2946 1
1233 3064 1
1233 7695 1
1233 4480 1
8518 9734 1
8518 605 1
8518 8514 1
8518 893 1
1934 8667 1
1934 4987 1
1934 6936 1
1934 8981 1
1201 3770 1
1201 1659 1
1201 6473 1
10653 1890 1
10653 7186 1
3246 8896 1
3246 2718 1
3246 5378 1
1132 7845 1
1132 2175 1
1132 9147 1
1132 3111 1
1132 5559 1
9362 5859 1
9362 10748 1
9362 4707 1
9362 11181 1
8071 9072 1
8071 7702 1
10243 2772 1
10243 7779 1
10243 8575 1
3659 6235 1
3659 4810 1
6128 10835 1
6128 696 1
6128 3420 1
6128 2314 1
6128 6900 1
6683 1611 1
6683 3443 1
6683 2685 1
5148 9225 1
5148 1379 1
5971 5318 1
5971 9523 1
5971 2508 1
3517 3344 1
1991 10678 1
1991 5410 1
6081 5730 1
3858 4766 1
3858 6526 1
3858 4829 1
3858 3100 1
6076 861 1
6076 3062 1
6076 9787 1
6076 8350 1
6894 8716 1
6894 6910 1
6894 1517 1
1956 3292 1
1956 7230 1
1956 10461 1
6157 9118 1
3688 5834 1
3688 2034 1
3688 7630 1
3688 6438 1
271 11009 1
9324 1110 1
9324 2279 1
9324 1686 1
9324 3542 1
8345 10807 1
8345 5460 1
8754 5499 1
8754 4998 1
9782 9257 1
9782 3413 1
9782 3443 1
1552 7520 1
1552 10240 1
1552 9383 1
1552 5206 1
5360 2492 1
5360 6518 1
5360 10158 1
848 9814 1
848 960 1
10367 7705 1
10367 2376 1
10367 8812 1
10367 4302 1
4606 7582 1
3753 9006 1
3753 8514 1
3753 5072 1
9514 6578 1
9514 9225 1
9514 10008 1
9514 1379 1
11165 1659 1
11165 5072 1
11165 2569 1
11165 5626 1
8696 2590 1
8696 2680 1
8315 1350 1
8315 2279 1
8315 1812 1
8315 3079 1
2492 3026 1
2492 649 1
2492 1818 1
2492 4397 1
2492 3111 1
6582 4766 1
6582 5241 1
6582 7702 1
6582 5246 1
10050 2569 1
8401 10551 1
8401 5388 1
8401 1793 1
8401 10410 1
7272 494 1
7272 4422 1
7272 8477 1
7272 5859 1
5626 10584 1
5626 2569 1
5626 11165 1
3992 6580 1
3992 484 1
10290 9614 1
10290 1213 1
10290 5968 1
10290 6057 1
414 7845 1
414 2798 1
414 5686 1
414 3017 1
5746 3303 1
3277 10008 1
3277 5321 1
3277 8342 1
3277 1379 1
1611 6749 1
1611 2037 1
1611 6683 1
6549 7379 1
6549 1233 1
6549 7695 1
2434 3596 1
2434 7494 1
2434 2605 1
10869 5360 1
10869 2426 1
10869 2238 1
7359 6383 1
7359 756 1
6536 3111 1
6536 649 1
6536 1727 1
6536 6293 1
6536 6023 1
775 5441 1
775 10882 1
775 8347 1
775 8919 1
775 6228 1
