9604 10974 1
9604 4886 1
10974 6346 1
10974 2466 1
10974 10263 1
10974 6327 1
10974 3659 1
4886 7432 1
4886 7177 1
4886 8484 1
4886 1752 1
4886 8767 1
6346 6653 1
6346 3397 1
6346 1715 1
6346 9593 1
6346 5968 1
2466 7074 1
2466 8020 1
2466 2614 1
2466 4810 1
2466 3473 1
6327 2884 1
6327 10123 1
6327 4730 1
6327 7098 1
6327 1965 1
10263 3730 1
10263 8565 1
10263 5898 1
10263 9089 1
10263 2535 1
8767 2532 1
8767 10147 1
8767 3659 1
8767 6286 1
8767 1331 1
7177 6255 1
7177 3097 1
7177 10954 1
7177 6234 1
7177 4886 1
3659 2595 1
3659 5503 1
3659 3882 1
3659 10149 1
3659 1484 1
7432 3288 1
7432 10528 1
7432 5244 1
7432 8484 1
7432 2223 1
1752 10974 1
1752 9391 1
1752 6949 1
1752 1 1
1752 6143 1
8484 2695 1
8484 9374 1
8484 4142 1
8484 6443 1
8484 1882 1
6143 1752 1
2223 4230 1
2223 4818 1
2223 4960 1
2223 9446 1
2223 7432 1
10528 11068 1
10528 8543 1
10528 3111 1
10528 5451 1
10528 10278 1
5244 3344 1
5244 9374 1
5244 7190 1
5244 6109 1
5244 2260 1
1484 3659 1
1484 7354 1
1484 3574 1
1484 1281 1
1484 5503 1
8565 3993 1
8565 7131 1
8565 7253 1
8565 2343 1
8565 5597 1
3882 3659 1
3882 10873 1
3882 7816 1
3882 3572 1
3882 2466 1
3397 4239 1
3397 5708 1
3397 10343 1
3397 2402 1
3397 6549 1
2595 10964 1
2595 6099 1
2595 7098 1
2595 6642 1
2595 1965 1
3288 7432 1
3288 7352 1
3288 7994 1
3288 3809 1
3288 2260 1
9593 3232 1
9593 4604 1
9593 2097 1
9593 296 1
9593 6653 1
10954 5899 1
10954 2209 1
10954 9868 1
10954 5723 1
10954 3926 1
7074 7321 1
7074 2445 1
7074 965 1
7074 7017 1
7074 3993 1
1331 7746 1
1331 11081 1
1331 6770 1
1331 8644 1
1331 9761 1
6286 5053 1
6286 8029 1
6286 7530 1
6286 2880 1
6286 7275 1
6949 3561 1
6949 1752 1
9374 3288 1
9374 8078 1
9374 5117 1
9374 9731 1
9374 2260 1
5503 3993 1
5503 9605 1
5503 6563 1
5503 2310 1
5503 8274 1
6255 3572 1
6255 7098 1
6255 5503 1
6255 6642 1
6255 2406 1
6443 3344 1
6443 7546 1
6443 5496 1
6443 11173 1
6443 2260 1
2695 3597 1
2695 8078 1
2695 4142 1
2695 9374 1
2695 1882 1
4810 3570 1
4810 5241 1
4810 8215 1
4810 3237 1
4810 2175 1
10123 4264 1
10123 7945 1
10123 8187 1
10123 2571 1
10123 6383 1
9089 7922 1
9089 3397 1
9089 1944 1
9089 7911 1
9089 4239 1
3097 10964 1
3097 5241 1
3097 8767 1
3097 6926 1
3097 2532 1
3473 10948 1
3473 2445 1
3473 965 1
3473 10691 1
3473 6935 1
10147 10954 1
10147 3926 1
10147 1252 1
10147 9645 1
10147 5504 1
2884 9177 1
2884 5503 1
2884 6327 1
2884 887 1
2884 3517 1
3730 6653 1
3730 3392 1
3730 2249 1
3730 7355 1
3730 8927 1
4142 3344 1
4142 10143 1
4142 4648 1
4142 11173 1
4142 2260 1
2532 3309 1
2532 3017 1
2532 3364 1
2532 7017 1
2532 3812 1
2535 8330 1
2535 2791 1
2535 9732 1
2535 3678 1
2535 8269 1
10149 3237 1
10149 11179 1
10149 5293 1
10149 3097 1
10149 2175 1
6653 6787 1
6653 2249 1
6653 7662 1
6653 6346 1
6653 3218 1
1882 4648 1
1882 4818 1
1882 6803 1
1882 9446 1
1882 3344 1
1965 10525 1
1965 9441 1
1965 6459 1
1965 2175 1
1965 1535 1
9391 1752 1
7098 4128 1
7098 10091 1
7098 6459 1
7098 7678 1
7098 2418 1
1 1172 1
1 6391 1
1 240 1
1 7172 1
1 4534 1
5898 4801 1
5898 2339 1
5898 6997 1
5898 4747 1
5898 3482 1
1715 5894 1
1715 4239 1
1715 2024 1
1715 7733 1
1715 3232 1
6234 8071 1
6234 7177 1
6234 10528 1
6234 871 1
6234 6303 1
8020 7074 1
8020 2445 1
8020 965 1
8020 7017 1
8020 3993 1
4730 3926 1
4730 1716 1
4730 6327 1
4730 3914 1
4730 2819 1
2614 10285 1
2614 1716 1
2614 5472 1
2614 7977 1
2614 7299 1
5968 11078 1
5968 9923 1
5968 3086 1
5968 5120 1
5968 11039 1
1944 2097 1
1944 6787 1
1944 7733 1
1944 10263 1
2571 5442 1
2571 8187 1
2571 2402 1
2571 10343 1
2571 10726 1
7546 3344 1
7546 10809 1
7546 5496 1
7546 9374 1
7546 2260 1
7945 8345 1
7945 9165 1
7945 3062 1
7945 8716 1
7746 2904 1
7746 7754 1
7746 4937 1
7746 10343 1
7746 2198 1
4960 3344 1
4960 9374 1
4960 5637 1
4960 6821 1
4960 2260 1
3237 6938 1
3237 3570 1
3237 8767 1
3237 5503 1
3237 2532 1
9605 4061 1
9605 7159 1
9605 7359 1
9605 2402 1
9605 5906 1
8187 4861 1
8187 9523 1
8187 8523 1
8187 2854 1
8187 7023 1
3809 7057 1
3809 6443 1
3809 6821 1
3809 2223 1
887 10624 1
887 9591 1
887 3625 1
887 7460 1
887 3604 1
6459 9441 1
6459 9296 1
6459 3111 1
6459 4606 1
6459 7370 1
3597 3344 1
3597 7352 1
3597 7994 1
3597 3809 1
3597 2260 1
6383 5503 1
6383 7676 1
6383 2121 1
6383 3062 1
6383 10777 1
11173 3344 1
11173 8827 1
11173 5496 1
11173 10073 1
11173 2260 1
3570 3692 1
3570 6134 1
3570 4278 1
3570 4871 1
3570 2532 1
2406 4104 1
2406 4810 1
2406 1341 1
2406 18 1
2406 10149 1
5496 3344 1
5496 10397 1
5496 9731 1
5496 6109 1
5496 2260 1
11068 11018 1
11068 9169 1
11068 3344 1
11068 5668 1
11068 10765 1
5894 4868 1
5894 9593 1
5894 8992 1
5894 4865 1
5894 3356 1
6563 5503 1
6563 10726 1
6563 2112 1
6563 3100 1
6563 7867 1
2402 3397 1
2402 2819 1
2402 9218 1
2402 5374 1
2402 5969 1
5117 3344 1
5117 10397 1
5117 6936 1
5117 6109 1
5117 2260 1
1535 8603 1
1535 6286 1
1535 1892 1
1535 9400 1
1535 5792 1
8078 3344 1
8078 9823 1
8078 5496 1
8078 10397 1
8078 2260 1
3561 1752 1
3561 8101 1
3561 3895 1
3561 1427 1
3561 6949 1
8215 4135 1
8215 2162 1
8215 7758 1
8215 3956 1
8215 2851 1
2880 7211 1
2880 3060 1
2880 6712 1
2880 2284 1
2880 9602 1
11039 2734 1
11039 10064 1
11039 3730 1
11039 5974 1
11039 1892 1
8644 2926 1
8644 11081 1
8644 10397 1
8644 2285 1
1281 7281 1
1281 1484 1
1281 3659 1
1281 5293 1
1281 9177 1
11081 2926 1
11081 8911 1
11081 10087 1
11081 2285 1
5708 4104 1
5708 11086 1
5708 10318 1
5708 8871 1
5708 2943 1
10285 2585 1
10285 2614 1
10285 5877 1
10285 1489 1
7017 2854 1
7017 10158 1
7017 4631 1
7017 8516 1
7017 2041 1
965 8395 1
965 6935 1
965 1153 1
965 3914 1
965 6062 1
6935 3993 1
6935 8274 1
6935 7279 1
6935 2262 1
6935 5819 1
7275 8862 1
7275 3908 1
7275 2545 1
7275 8580 1
7275 5434 1
8071 3825 1
8071 10873 1
8071 5503 1
8071 3812 1
8071 2532 1
5723 3318 1
5723 4637 1
5723 2140 1
5723 237 1
296 2877 1
296 408 1
296 10974 1
296 3237 1
2310 9760 1
2310 6622 1
2310 5503 1
2310 1389 1
5899 4842 1
5899 6642 1
5899 4724 1
5899 2954 1
7354 3659 1
7354 4664 1
7354 2443 1
7354 1128 1
7354 6777 1
2175 3022 1
2175 6491 1
2175 5708 1
2175 4830 1
2175 7098 1
8543 3344 1
8543 10528 1
8543 5496 1
8543 10397 1
8543 2260 1
5451 2950 1
5451 4238 1
5451 10809 1
5451 1987 1
5053 8343 1
5053 10804 1
5053 2402 1
5053 3644 1
5053 8153 1
2343 3364 1
2343 2988 1
2343 7253 1
2343 4298 1
2343 2175 1
3993 3862 1
3993 8523 1
3993 2289 1
3993 4357 1
4604 3232 1
4604 5894 1
4604 2097 1
4604 296 1
4604 8037 1
6109 3344 1
6109 8078 1
6109 5469 1
6109 7352 1
6109 2260 1
7190 3344 1
7190 10073 1
7190 5496 1
7190 9374 1
7190 2260 1
9446 3288 1
9446 8484 1
9446 5469 1
9446 10528 1
9446 2223 1
9645 10147 1
9645 11079 1
9645 6589 1
9645 2002 1
9645 4195 1
3309 3058 1
3309 5016 1
3309 4104 1
3309 8565 1
3309 2016 1
3392 9072 1
3392 3342 1
3392 1944 1
3392 3730 1
6787 3342 1
6787 3730 1
6787 2249 1
6787 8927 1
1252 6224 1
1252 1688 1
1252 1151 1
1252 4942 1
1252 3623 1
10143 3092 1
10143 7432 1
10143 5042 1
10143 8395 1
10143 2078 1
5293 3812 1
5293 7845 1
5293 9072 1
5293 3692 1
5293 2532 1
3364 11093 1
3364 3761 1
3364 3058 1
3364 9788 1
3364 9146 1
9732 6691 1
9732 10940 1
9732 8523 1
9732 3572 1
9441 9358 1
9441 7789 1
9441 2904 1
9441 4937 1
9441 8909 1
2791 3611 1
2791 8330 1
2791 5708 1
2791 7066 1
7253 3364 1
7253 8079 1
7253 5881 1
7253 3326 1
7253 2445 1
2209 10123 1
2209 2827 1
2209 4947 1
2209 6383 1
8029 3908 1
8029 2545 1
8029 7275 1
8029 5434 1
4230 3092 1
4230 5469 1
4230 7190 1
4230 5496 1
4230 2058 1
3678 10547 1
3678 10022 1
3678 6459 1
11179 2595 1
11179 3017 1
11179 1341 1
11179 18 1
11179 6391 1
8269 3309 1
8269 4865 1
7299 10814 1
7299 5906 1
7299 7359 1
7299 2371 1
7662 3342 1
7662 3730 1
7662 2249 1
10948 6088 1
10948 6062 1
10948 3473 1
8330 3993 1
8330 6459 1
8330 9602 1
8330 2792 1
7733 5894 1
7733 2466 1
7733 3317 1
8927 3342 1
8927 3730 1
8927 2249 1
8927 7662 1
10091 2532 1
10091 6099 1
10091 1494 1
10964 3572 1
10964 10873 1
10964 5503 1
10964 3570 1
10964 2406 1
5241 9870 1
5241 8871 1
5241 2736 1
5241 6459 1
10525 3100 1
10525 1535 1
10525 6459 1
1172 5709 1
1172 10158 1
1172 3263 1
6803 6936 1
6803 11068 1
6803 1882 1
3017 9218 1
3017 6391 1
3017 6642 1
6997 2876 1
4128 2209 1
4128 5241 1
4128 3342 1
4128 4810 1
2339 11187 1
2339 7530 1
2339 5898 1
2339 5324 1
2339 5540 1
7911 1781 1
7911 8345 1
7911 3218 1
7678 6459 1
7678 3901 1
7678 384 1
7678 7098 1
2418 3017 1
2418 1341 1
2418 18 1
2418 2595 1
5504 4128 1
5504 4942 1
5504 1688 1
5504 9275 1
4534 10041 1
4534 2383 1
4534 1 1
4534 6391 1
3517 10777 1
3517 6563 1
3517 5597 1
3517 3042 1
6303 871 1
3812 3659 1
3812 5241 1
3812 5293 1
3812 3572 1
3812 2466 1
9923 2729 1
9923 1727 1
9923 240 1
4648 3344 1
4648 6821 1
4648 7719 1
4648 11173 1
4648 2260 1
2260 5668 1
2260 2762 1
2260 8543 1
2260 9446 1
2260 9731 1
8274 4861 1
8274 9473 1
8274 9545 1
8274 2854 1
8274 7023 1
240 3659 1
240 2175 1
240 10873 1
240 10539 1
871 9355 1
871 6802 1
6642 8319 1
6642 3062 1
6642 6196 1
6642 9934 1
7321 7074 1
7321 2445 1
7321 965 1
7321 7017 1
7321 3993 1
7172 240 1
7172 1752 1
7172 1 1
4747 3062 1
4747 9011 1
10691 6062 1
10691 1716 1
10691 10551 1
10691 5966 1
3482 9689 1
3482 2339 1
5472 9577 1
5472 10691 1
1716 4128 1
1716 10123 1
9177 2884 1
9177 5968 1
9177 1281 1
6391 11006 1
6391 7228 1
2819 4871 1
2819 10004 1
2819 2595 1
7977 2791 1
7977 8330 1
7977 3993 1
7977 6449 1
3086 5968 1
3086 10487 1
3086 757 1
3086 6691 1
2097 3010 1
2097 4865 1
2097 4604 1
2097 8992 1
2097 10263 1
7352 2950 1
7352 9731 1
7352 4818 1
7352 9823 1
7352 2078 1
6770 5355 1
6770 9593 1
6770 7064 1
6770 3022 1
6770 10343 1
2445 3914 1
2445 965 1
2445 10948 1
2445 2466 1
11078 5968 1
11078 8007 1
11078 4081 1
3914 10318 1
3914 10691 1
3914 7845 1
3914 2466 1
3914 6549 1
10343 5974 1
10343 4747 1
10343 2121 1
9761 3267 1
9761 9899 1
9761 3215 1
9761 2372 1
7530 4661 1
7530 10723 1
7530 11006 1
7530 2734 1
7530 6923 1
7816 3926 1
7816 1716 1
7816 6938 1
7816 3914 1
7816 2819 1
6549 5574 1
6549 4536 1
6549 2121 1
6549 3073 1
6549 7359 1
7131 9146 1
7131 3397 1
7131 1412 1
7131 10266 1
7131 4298 1
10873 3767 1
10873 5709 1
10873 10808 1
10873 2532 1
3926 3570 1
3926 4810 1
3926 8767 1
3926 6224 1
3926 2083 1
5120 7841 1
5120 6060 1
5120 4286 1
5120 720 1
5120 7530 1
2249 3730 1
2249 3392 1
2249 9387 1
4239 3482 1
4239 8345 1
4239 5388 1
4239 4865 1
5597 9733 1
5597 2402 1
5597 3644 1
5597 5881 1
4801 6549 1
4801 2339 1
4801 9817 1
4801 4747 1
4801 3482 1
3111 2957 1
3111 5535 1
3111 8762 1
3111 1727 1
2024 7911 1
2024 8754 1
2024 1944 1
2024 8229 1
2024 3986 1
7994 3344 1
7994 8484 1
7994 5496 1
7994 10397 1
7994 2260 1
3218 11039 1
3218 4998 1
3218 5442 1
3218 6346 1
3218 2535 1
9868 2987 1
9868 4596 1
9868 2140 1
9868 179 1
9868 3748 1
3232 6835 1
3232 2097 1
3232 8723 1
3232 8754 1
3232 3106 1
9731 3344 1
9731 8827 1
9731 5496 1
9731 11068 1
9731 2260 1
4818 3011 1
4818 10073 1
4818 4457 1
4818 10355 1
4818 1987 1
7922 3974 1
7922 9072 1
7922 6792 1
7922 3955 1
3572 5751 1
3572 6036 1
3572 2925 1
3572 8451 1
3344 4238 1
3344 9823 1
3344 10882 1
3344 2363 1
3344 5524 1
6926 10031 1
6926 3097 1
6926 1278 1
6926 4128 1
6099 4810 1
6099 10588 1
6099 6286 1
6099 2658 1
10278 4003 1
10278 4253 1
10278 1688 1
10278 6489 1
4264 6139 1
4264 2402 1
4264 3574 1
4264 6097 1
7355 7922 1
7355 8199 1
7355 857 1
7355 6792 1
3574 4119 1
3574 6563 1
3574 3042 1
3574 5442 1
