5405 9830 1
5405 9753 1
5405 7223 1
5405 10326 1
5405 137 1
137 7511 1
137 8761 1
137 5405 1
137 6135 1
137 10326 1
10326 5405 1
10326 3969 1
10326 6135 1
10326 2186 1
10326 291 1
9830 4476 1
9830 10326 1
9830 9493 1
9830 9277 1
9830 309 1
7223 6440 1
7223 9721 1
7223 8721 1
7223 10664 1
7223 695 1
9753 8596 1
9753 6440 1
9753 8721 1
9753 4549 1
9753 78 1
9493 4180 1
9493 9830 1
9493 8871 1
9493 8542 1
9493 1267 1
6135 3552 1
6135 7511 1
6135 10326 1
6135 10828 1
6135 1975 1
8596 9753 1
8596 1850 1
4476 5405 1
4476 8199 1
4476 9506 1
4476 3969 1
4476 291 1
2186 2251 1
2186 3576 1
2186 7839 1
2186 6135 1
2186 10326 1
6440 9753 1
6440 7223 1
6440 8721 1
6440 7494 1
78 10429 1
78 8419 1
78 4241 1
78 4240 1
78 2691 1
309 6904 1
309 767 1
309 1853 1
309 9980 1
309 9830 1
4549 7494 1
4549 8327 1
4549 9132 1
4549 9753 1
4549 695 1
695 8327 1
695 9753 1
695 9132 1
695 7494 1
695 4549 1
8721 7870 1
8721 7494 1
8721 9956 1
8721 9721 1
8721 6579 1
7511 6135 1
7511 4003 1
7511 6739 1
7511 3623 1
7511 687 1
3969 8419 1
3969 6848 1
3969 8406 1
3969 3617 1
3969 78 1
9277 8542 1
9277 6466 1
9277 10326 1
9277 5337 1
9277 895 1
8761 9031 1
8761 6874 1
8761 10828 1
8761 4046 1
8761 137 1
291 3836 1
291 2057 1
291 3093 1
291 9682 1
291 220 1
9721 7494 1
9721 9753 1
9721 7223 1
9721 8721 1
10664 8583 1
10664 7693 1
10664 10831 1
10664 7223 1
10664 4760 1
687 11052 1
687 4253 1
687 6099 1
687 7511 1
687 5504 1
6579 6243 1
6579 8604 1
6579 9753 1
6579 7223 1
6579 2219 1
9956 6579 1
9956 9509 1
9956 8107 1
9956 9753 1
9956 5079 1
9132 9753 1
9132 7223 1
9132 9193 1
9132 6471 1
9132 633 1
4180 10759 1
4180 2851 1
4180 9426 1
4180 2305 1
4180 319 1
3836 2390 1
3836 8199 1
3836 5447 1
3836 6576 1
3836 291 1
8583 7699 1
8583 2145 1
8583 10831 1
8583 2112 1
8583 733 1
3623 7308 1
3623 2877 1
3623 8345 1
3623 2162 1
3623 391 1
2057 9682 1
2057 8033 1
2057 2177 1
2057 4476 1
2057 1339 1
2251 2186 1
10429 9926 1
10429 4887 1
10429 10235 1
10429 4004 1
10429 305 1
6904 9980 1
6904 10248 1
6904 9103 1
6904 4565 1
6904 1700 1
3576 10326 1
3576 6135 1
3576 2186 1
6874 7518 1
6874 5132 1
6874 10355 1
6874 3515 1
6874 727 1
2691 8381 1
2691 5451 1
2691 8406 1
2691 2932 1
2691 54 1
9506 8199 1
9506 4476 1
9506 8897 1
9506 4228 1
9506 2177 1
7494 7601 1
7494 8565 1
7494 6691 1
7494 10546 1
7494 32 1
7870 9753 1
7870 9956 1
7870 8604 1
7870 8721 1
7870 6579 1
8199 6796 1
8199 4476 1
8199 7440 1
8199 4025 1
8199 1599 1
7839 10326 1
7839 10625 1
7839 9701 1
7839 2186 1
7839 1228 1
9682 4423 1
9682 8894 1
9682 9659 1
9682 9390 1
9682 1339 1
3552 9719 1
3552 6135 1
3552 8703 1
3552 10396 1
3552 2114 1
3617 11037 1
3617 3384 1
3617 8100 1
3617 2545 1
3617 376 1
5337 9277 1
5337 10235 1
5337 4540 1
5337 5451 1
5337 5696 1
895 7732 1
895 3747 1
895 3295 1
895 5016 1
895 3842 1
10831 10664 1
10831 8583 1
6466 9347 1
6466 9277 1
6466 5584 1
6466 9468 1
6466 6243 1
8406 8592 1
8406 7071 1
8406 9943 1
8406 6338 1
8406 2619 1
7693 4881 1
7693 4764 1
7693 10664 1
7693 8445 1
7693 1897 1
1975 7511 1
1975 5606 1
1975 6135 1
1975 5569 1
1975 9873 1
1267 5050 1
1267 8247 1
1267 8668 1
1267 10318 1
1267 8871 1
8542 7981 1
8542 4097 1
8542 8143 1
8542 3836 1
8542 918 1
8871 4097 1
8871 4379 1
8871 10287 1
8871 8716 1
8871 11086 1
4760 2828 1
4760 5915 1
4760 8424 1
4760 9957 1
4760 1228 1
1850 8596 1
1850 9753 1
6848 3211 1
6848 5242 1
6848 8938 1
6848 8123 1
6848 1775 1
10828 3993 1
10828 3072 1
10828 4679 1
10828 2157 1
10828 530 1
6739 3053 1
6739 2987 1
6739 4597 1
6739 10954 1
6739 1930 1
8419 4732 1
8419 3823 1
8419 5373 1
8419 3326 1
8419 804 1
4241 2646 1
4241 8334 1
4241 6363 1
4241 5870 1
4241 904 1
4046 8761 1
4046 3302 1
4240 2237 1
4240 10550 1
4240 9743 1
4240 9995 1
4240 720 1
767 1426 1
767 10604 1
767 3409 1
767 1412 1
767 295 1
9031 8761 1
9031 7518 1
1853 9830 1
1853 2230 1
1853 6339 1
1853 3726 1
1853 309 1
3093 7251 1
3093 6575 1
3093 5305 1
3093 8252 1
3093 291 1
9980 6904 1
9980 10154 1
9980 9761 1
9980 10736 1
9980 309 1
8327 7494 1
8327 7223 1
8327 9132 1
8327 4549 1
8327 695 1
220 4423 1
220 9022 1
220 8874 1
220 1784 1
220 9825 1
4003 6926 1
4003 2877 1
4003 7965 1
4003 1945 1
4003 414 1
6926 4947 1
6926 3767 1
6926 5116 1
6926 2925 1
6926 486 1
4881 7693 1
4881 1897 1
9022 8169 1
9022 6953 1
9022 8874 1
9022 9418 1
9022 291 1
10736 6933 1
10736 5839 1
10736 9980 1
10736 4213 1
10736 2704 1
9509 6086 1
9509 5079 1
9509 9956 1
9509 4630 1
9509 2359 1
9761 2545 1
9761 10391 1
9761 8987 1
9761 1275 1
9761 359 1
8252 3093 1
8252 11033 1
8252 8155 1
8252 7251 1
8252 804 1
1945 1252 1
1945 6224 1
1945 7308 1
1945 7496 1
1945 687 1
2877 4128 1
2877 9441 1
2877 10860 1
2877 10238 1
2877 32 1
295 2614 1
295 8987 1
295 7017 1
295 414 1
295 1153 1
1412 1722 1
1412 4298 1
1412 6836 1
1412 6059 1
1412 7159 1
10604 9423 1
10604 7314 1
10604 9974 1
10604 5402 1
10604 767 1
1426 5696 1
1426 8398 1
1426 3247 1
1426 4782 1
1426 1207 1
9743 7924 1
9743 5614 1
9743 8832 1
9743 4249 1
9743 720 1
8107 8468 1
8107 9956 1
8107 9753 1
8107 7870 1
8107 2590 1
6471 4783 1
6471 8383 1
6471 6843 1
6471 6706 1
6471 3210 1
10550 10634 1
10550 6898 1
10550 10743 1
10550 5778 1
10550 564 1
8874 9418 1
8874 6953 1
8874 9022 1
8874 2976 1
8874 1784 1
3302 6821 1
3302 8595 1
3302 6770 1
3302 4207 1
3302 1172 1
7965 2127 1
7965 6926 1
7965 5116 1
7965 5071 1
7965 486 1
10154 4213 1
10154 9980 1
10154 4001 1
10154 8362 1
6363 6626 1
6363 4241 1
6363 9793 1
6363 10235 1
6363 1963 1
3326 7695 1
3326 4264 1
3326 10172 1
3326 8871 1
3326 4954 1
54 3751 1
54 8799 1
54 3836 1
54 7403 1
54 6118 1
5373 8419 1
5373 3326 1
1930 6739 1
1930 3053 1
1930 209 1
9701 3894 1
9701 11112 1
9701 7839 1
9701 7601 1
9701 1814 1
4597 7511 1
4597 6739 1
4597 10954 1
4597 10528 1
4597 2877 1
4679 5599 1
4679 8457 1
4679 7768 1
4679 4526 1
4679 1242 1
8123 6848 1
8123 4828 1
8123 9101 1
8123 3877 1
8123 1190 1
8938 6848 1
8938 2760 1
8938 8259 1
8938 11130 1
8938 2078 1
9347 3372 1
9347 2573 1
9347 8705 1
9347 2371 1
9347 442 1
3053 10157 1
3053 3342 1
3053 10031 1
3053 2954 1
3053 370 1
5242 2650 1
5242 2219 1
5242 8157 1
5242 1452 1
5242 544 1
3211 4262 1
3211 5242 1
3211 628 1
3211 6848 1
3211 2219 1
8424 8812 1
8424 5209 1
8424 9978 1
8424 4424 1
8424 205 1
5050 8199 1
5050 8871 1
5050 10318 1
5050 3836 1
5050 3154 1
3823 9795 1
3823 5364 1
3823 7945 1
3823 6243 1
3823 5970 1
2828 10817 1
2828 5915 1
2828 4696 1
2828 4568 1
2828 1897 1
8716 4536 1
8716 4892 1
8716 3788 1
8716 8755 1
8716 50 1
1775 6249 1
1775 8532 1
1775 4654 1
1775 4040 1
1775 438 1
8143 3433 1
8143 8542 1
8143 8406 1
8143 8594 1
8143 2427 1
7981 8542 1
7981 1754 1
8247 2936 1
8247 10235 1
8247 10318 1
8247 8871 1
8247 1267 1
7251 5619 1
7251 8252 1
7251 8155 1
7251 10259 1
7251 1127 1
3072 6874 1
3072 10828 1
3072 3913 1
8445 7693 1
8445 869 1
10318 4474 1
10318 4861 1
10318 3644 1
10318 9493 1
10318 68 1
6338 4476 1
6338 8415 1
6338 10837 1
6338 8063 1
6338 1322 1
8592 9139 1
8592 7259 1
8592 10233 1
8592 6251 1
8592 902 1
9468 10234 1
9468 6576 1
9468 9235 1
9468 8160 1
9468 299 1
3409 10804 1
3409 7238 1
3409 3572 1
3409 8345 1
3409 7159 1
11037 3415 1
11037 9234 1
11037 7224 1
11037 6626 1
11037 558 1
4097 7788 1
4097 10318 1
4097 5616 1
4097 6980 1
4097 373 1
3842 2702 1
3842 7876 1
3842 4546 1
3842 7867 1
3842 518 1
2230 2871 1
2230 4807 1
2230 178 1
2230 4408 1
2230 1853 1
5016 7131 1
5016 7591 1
5016 9141 1
5016 10202 1
5016 360 1
6339 3726 1
6339 6437 1
6339 1853 1
6339 8203 1
7732 3842 1
7732 7876 1
7732 7288 1
7732 5792 1
7732 895 1
1897 10664 1
1897 3495 1
1897 2828 1
1897 7693 1
1897 4696 1
7071 4202 1
7071 2702 1
7071 9954 1
7071 8406 1
7071 252 1
305 10429 1
305 4887 1
305 2465 1
2162 9406 1
2162 6052 1
2162 6529 1
2162 5970 1
2162 42 1
319 8395 1
319 3383 1
319 3060 1
319 7600 1
319 7159 1
2112 9964 1
2112 6918 1
2112 7945 1
2112 6952 1
2112 68 1
918 1411 1
918 2558 1
918 4562 1
918 4208 1
918 124 1
9873 2498 1
9873 7211 1
9873 9605 1
9873 10434 1
9873 50 1
414 3914 1
414 10600 1
414 2975 1
414 896 1
414 42 1
8894 7146 1
8894 9659 1
8894 1339 1
8894 9682 1
10287 4954 1
10287 5434 1
10287 4000 1
10287 10022 1
10287 53 1
727 6894 1
727 10143 1
727 4956 1
727 6874 1
727 2760 1
4423 3934 1
4423 9022 1
4423 9390 1
4423 9682 1
4423 291 1
4025 8199 1
4025 4273 1
9995 5548 1
9995 4240 1
9995 5968 1
9995 3186 1
9995 310 1
8565 3364 1
8565 3572 1
8565 10235 1
8565 6910 1
8565 8187 1
804 8155 1
804 9079 1
804 8252 1
804 8419 1
804 2166 1
6575 4272 1
6575 6843 1
6575 8940 1
6575 8252 1
6575 1698 1
4228 9506 1
4228 9969 1
4228 4793 1
4228 10225 1
4228 2177 1
10546 2970 1
10546 8506 1
10546 10628 1
10546 10723 1
10546 74 1
11086 4379 1
11086 2943 1
11086 10318 1
11086 2322 1
11086 281 1
8897 8199 1
8897 4476 1
8897 9506 1
8897 4228 1
8897 2177 1
5696 4866 1
5696 2872 1
5696 8439 1
5696 2458 1
5696 224 1
6691 4097 1
6691 3062 1
6691 11109 1
6691 2658 1
6691 42 1
2114 3373 1
2114 4725 1
2114 7789 1
2114 6786 1
2114 42 1
8703 5093 1
8703 3587 1
8703 9719 1
8703 2650 1
8703 544 1
2932 7629 1
2932 6376 1
2932 4757 1
2932 5978 1
2932 161 1
8381 2691 1
8381 7719 1
8381 10983 1
8381 1482 1
8381 411 1
3515 10828 1
3515 6874 1
3515 268 1
530 10321 1
530 10116 1
530 9028 1
530 10828 1
8100 6229 1
8100 3918 1
8100 7361 1
8100 3384 1
8100 393 1
2145 3081 1
2145 1956 1
2145 2548 1
2145 1258 1
2145 179 1
4732 4582 1
4732 10620 1
4732 6785 1
4732 8419 1
4732 3530 1
7518 3049 1
7518 8761 1
7518 10828 1
7518 9031 1
7518 2064 1
376 2796 1
376 3806 1
376 2545 1
376 6229 1
376 7361 1
6099 3957 1
6099 4264 1
6099 6563 1
6099 6642 1
6099 7676 1
10625 2186 1
10625 7839 1
10625 7563 1
10625 6216 1
10625 895 1
5451 2078 1
5451 7190 1
5451 6803 1
5451 7267 1
5451 161 1
2157 2760 1
2157 2874 1
2157 8761 1
2157 7639 1
2157 1172 1
9719 9946 1
9719 7511 1
9719 10399 1
9719 4639 1
9719 1860 1
3747 2078 1
3747 10073 1
3747 3809 1
3747 6821 1
3747 161 1
2219 6430 1
2219 8462 1
2219 5866 1
2219 4609 1
2219 419 1
6796 3746 1
6796 7134 1
6796 9462 1
6796 9679 1
6796 547 1
10235 2004 1
10235 7299 1
10235 9732 1
10235 8461 1
10235 109 1
4004 10248 1
4004 4887 1
4004 4679 1
4004 10429 1
4004 6561 1
2646 6128 1
2646 10835 1
2646 5741 1
2646 3468 1
2646 78 1
2305 6230 1
2305 4180 1
2305 5083 1
2305 10925 1
2305 4992 1
10759 6576 1
10759 5441 1
10759 7110 1
10759 4655 1
10759 271 1
3993 3276 1
3993 3463 1
3993 4829 1
3993 6563 1
3993 5899 1
6576 2846 1
6576 8753 1
6576 10234 1
6576 10938 1
6576 53 1
10954 4003 1
10954 2827 1
10954 10210 1
10954 2140 1
10954 209 1
733 8583 1
733 2780 1
733 6574 1
733 1302 1
733 9344 1
7440 8199 1
7440 7355 1
8604 6243 1
8604 4230 1
8604 6529 1
8604 2842 1
8604 615 1
9103 6904 1
9103 1700 1
6243 8072 1
6243 4551 1
6243 7312 1
6243 3415 1
6243 78 1
9825 1784 1
9825 5237 1
9825 220 1
4253 8777 1
4253 3631 1
4253 7050 1
4253 2877 1
4253 687 1
5447 10326 1
5447 10498 1
5447 8943 1
5447 3836 1
5447 2058 1
5915 3495 1
5915 4760 1
5915 2828 1
7308 7511 1
7308 4543 1
7308 7504 1
7308 4003 1
7308 687 1
3726 9588 1
3726 5379 1
3726 8378 1
3726 3590 1
3726 512 1
5569 2071 1
5569 11060 1
5569 7091 1
5569 7618 1
5569 50 1
4540 5451 1
4540 5337 1
4540 7123 1
4540 7267 1
4540 311 1
9390 7146 1
9390 9682 1
9390 4423 1
9390 8033 1
1339 2177 1
1339 8894 1
1339 7146 1
1339 4476 1
1339 8348 1
5584 6466 1
5584 9347 1
5584 1780 1
5870 8334 1
5870 6706 1
5870 11000 1
5870 8860 1
5870 4241 1
10248 4098 1
10248 3150 1
10248 9994 1
10248 2046 1
10248 560 1
1599 3786 1
1599 8199 1
1599 3592 1
10355 11130 1
10355 4457 1
10355 4230 1
10355 3977 1
10355 268 1
9957 3510 1
9957 7647 1
9957 6957 1
9957 5620 1
9957 1239 1
4887 6284 1
4887 4465 1
4887 9793 1
4887 2581 1
4887 305 1
3295 6087 1
3295 7283 1
3295 5759 1
3295 5519 1
3295 1351 1
8668 6841 1
8668 5722 1
8668 11150 1
8668 4971 1
8668 1267 1
5079 9509 1
5079 6086 1
5079 9956 1
2987 8357 1
2987 8043 1
2987 4530 1
2987 2985 1
2987 209 1
2390 7459 1
2390 8772 1
2390 3836 1
2390 8223 1
2390 767 1
11052 6328 1
11052 4253 1
11052 7433 1
11052 3926 1
11052 176 1
9659 3494 1
9659 10398 1
9659 10830 1
9659 8894 1
9659 1339 1
7699 11063 1
7699 8936 1
7699 10292 1
7699 7371 1
7699 1281 1
2851 2284 1
2851 7807 1
2851 5082 1
2851 6576 1
2851 75 1
5504 8767 1
5504 7505 1
5504 4942 1
5504 4253 1
5504 687 1
5305 3093 1
5305 6575 1
5305 250 1
5305 6332 1
4764 8881 1
4764 9457 1
4764 7612 1
4764 8846 1
4764 3785 1
4565 10248 1
4565 2194 1
4565 9261 1
4565 1700 1
4565 1535 1
2177 9506 1
2177 11031 1
2177 5990 1
2177 8199 1
2177 1022 1
9943 8201 1
9943 7494 1
9943 10837 1
9943 7403 1
9943 6338 1
1784 5237 1
1784 8874 1
1784 220 1
1784 9825 1
1784 2976 1
391 3623 1
8345 3401 1
8345 3644 1
8345 10792 1
8345 7239 1
8345 10373 1
7601 10507 1
7601 7494 1
7601 9701 1
7601 5604 1
7601 4874 1
9193 4968 1
9193 10905 1
9193 11145 1
9193 11017 1
9193 633 1
2237 7661 1
2237 3037 1
2237 2359 1
2237 4109 1
2237 1379 1
10396 9579 1
10396 8703 1
10396 10291 1
10396 11180 1
10396 3732 1
8033 3382 1
8033 7808 1
8033 6808 1
8033 6348 1
8033 1339 1
9426 5902 1
9426 5835 1
9426 9194 1
9426 9836 1
9426 4180 1
720 10260 1
720 5312 1
720 1443 1
720 4168 1
720 224 1
633 7223 1
633 10787 1
633 8383 1
633 10905 1
633 10176 1
1700 9245 1
1700 9105 1
1700 8223 1
1700 8842 1
1700 627 1
904 9957 1
904 9743 1
904 11177 1
904 2771 1
904 271 1
2545 8907 1
2545 3806 1
2545 11167 1
2545 2821 1
2545 233 1
5132 5697 1
5132 8341 1
5132 8901 1
5132 6874 1
5132 2448 1
5606 11158 1
5606 5569 1
5606 6135 1
5606 7511 1
5606 1975 1
1228 5675 1
1228 2200 1
1228 10326 1
1228 7839 1
1228 309 1
3384 4357 1
3384 7689 1
3384 8100 1
3384 7616 1
3384 393 1
4379 3197 1
4379 2284 1
4379 10235 1
4379 1248 1
4379 180 1
8334 5870 1
8334 4241 1
9926 6284 1
9926 10429 1
9926 4887 1
9926 8457 1
32 8738 1
32 8871 1
32 5604 1
32 3344 1
32 10882 1
2619 8406 1
9732 3914 1
9732 10487 1
9732 10940 1
9732 2284 1
9732 281 1
2004 3653 1
2004 4371 1
2004 7088 1
2004 2703 1
2004 5696 1
10234 5299 1
10234 3062 1
10234 11091 1
10234 2846 1
10234 551 1
2827 8756 1
2827 3993 1
2827 3767 1
2827 6926 1
2827 853 1
9679 7132 1
9679 6796 1
9679 7861 1
9679 10801 1
9679 3223 1
3918 11087 1
3918 7616 1
3918 8100 1
3918 3384 1
3918 393 1
9462 6796 1
7134 8331 1
7134 4713 1
7134 9899 1
7134 4078 1
7134 53 1
3746 4407 1
3746 7802 1
3746 4237 1
3746 8199 1
3746 10868 1
4609 8462 1
4609 3724 1
4609 6767 1
4609 2650 1
4609 544 1
2140 10210 1
2140 6484 1
2140 4973 1
2140 5132 1
2140 1762 1
3786 2023 1
3786 8199 1
3786 1599 1
3786 3592 1
6430 4850 1
6430 3004 1
6430 5093 1
6430 2540 1
6430 544 1
3809 2594 1
3809 7546 1
3809 8381 1
3809 4818 1
3809 411 1
7924 5555 1
7924 3759 1
7924 6017 1
7924 2431 1
7924 271 1
10073 2223 1
10073 6821 1
10073 11173 1
10073 9405 1
10073 411 1
9946 5393 1
9946 8865 1
9946 8491 1
9946 8361 1
9946 3732 1
7563 10625 1
7563 5163 1
7563 8103 1
7563 4008 1
7563 412 1
6642 10149 1
6642 11093 1
6642 7215 1
6642 8523 1
6642 75 1
3957 6595 1
3957 5318 1
3957 10287 1
3957 4861 1
3957 68 1
8072 3138 1
8072 10542 1
8072 5829 1
8072 5304 1
8072 716 1
3806 4042 1
3806 3498 1
3806 8660 1
3806 2709 1
3806 393 1
2796 6513 1
2796 7689 1
2796 9131 1
2796 2545 1
2796 376 1
3049 2372 1
3049 8002 1
3049 10158 1
3049 1162 1
3049 359 1
4582 2265 1
4582 4732 1
4582 162 1
4582 3530 1
2936 3788 1
2936 3317 1
2936 8316 1
2936 3064 1
2936 53 1
179 842 1
179 4840 1
179 9868 1
179 9222 1
179 10011 1
1258 1956 1
1258 2015 1
1258 8921 1
1258 3542 1
1258 9376 1
2548 2145 1
2548 3292 1
2548 8154 1
2548 3289 1
2548 733 1
902 6561 1
902 2778 1
902 8592 1
6229 5654 1
6229 3617 1
6229 7361 1
6229 2709 1
6229 393 1
11167 5527 1
11167 4462 1
11167 10976 1
11167 3844 1
11167 1211 1
268 4296 1
268 6299 1
268 6874 1
268 10355 1
268 1887 1
411 7719 1
411 4027 1
411 5117 1
411 3092 1
411 9731 1
4526 4679 1
4526 6503 1
4526 8457 1
4526 9646 1
4526 2500 1
1482 3092 1
1482 9374 1
1482 6821 1
1482 3809 1
1482 352 1
10983 2078 1
10983 6197 1
10983 10143 1
10983 8285 1
10983 161 1
7719 2691 1
7719 7546 1
7719 7994 1
7719 10983 1
7719 411 1
6785 4247 1
6785 8681 1
6785 7370 1
6785 8579 1
6785 2702 1
6376 2223 1
6376 9731 1
6376 7352 1
6376 9405 1
6376 411 1
615 3982 1
615 7485 1
615 6938 1
615 4313 1
615 2755 1
7629 10496 1
7629 7147 1
7629 8345 1
7629 9788 1
7629 2932 1
5604 6737 1
5604 4149 1
5604 11109 1
5604 3733 1
5604 42 1
3587 3724 1
3587 4609 1
3587 9744 1
3587 2540 1
3587 544 1
5093 6934 1
5093 3724 1
5093 9744 1
5093 2650 1
5093 544 1
10031 8883 1
10031 9788 1
10031 6737 1
10031 10613 1
10031 209 1
7789 3229 1
7789 8903 1
7789 10654 1
7789 2114 1
7789 42 1
3373 2854 1
3373 4278 1
3373 4351 1
3373 2081 1
3373 42 1
3062 5241 1
3062 3227 1
3062 7110 1
3062 4766 1
3062 4954 1
1860 8740 1
1860 7542 1
1860 1874 1
1860 10280 1
1860 1453 1
224 10551 1
224 10397 1
224 2162 1
224 4629 1
224 7299 1
6808 5875 1
6808 5202 1
6808 7146 1
6808 7835 1
6808 4173 1
2458 5696 1
2458 10235 1
2458 9944 1
2458 7843 1
6803 2058 1
6803 6197 1
6803 8395 1
6803 7819 1
6803 411 1
8439 5696 1
8439 4670 1
8439 9493 1
8439 10235 1
8439 3960 1
209 7098 1
209 2595 1
209 7229 1
209 414 1
209 9218 1
5970 2535 1
5970 9577 1
5970 9443 1
5970 7370 1
5970 224 1
7616 5974 1
7616 3806 1
7616 6513 1
7616 2796 1
7616 393 1
4866 5696 1
4866 9175 1
4866 3653 1
4866 10086 1
8461 3345 1
8461 9026 1
8461 7419 1
8461 7119 1
8461 873 1
281 8912 1
281 3317 1
281 1204 1
281 3022 1
281 68 1
10157 4724 1
10157 3342 1
10157 10954 1
10157 2944 1
10157 377 1
2943 4629 1
2943 10882 1
2943 10235 1
2943 2322 1
2943 281 1
74 4663 1
74 5056 1
74 1785 1
74 3326 1
74 3115 1
5835 4732 1
5835 9426 1
5835 10866 1
5835 8391 1
5835 1494 1
10628 2970 1
10628 8330 1
10628 11087 1
10628 11132 1
10628 74 1
4793 3747 1
4793 8670 1
4793 10906 1
4793 10840 1
4793 2401 1
5616 2864 1
5616 5970 1
5616 7676 1
5616 7843 1
5616 74 1
8940 6575 1
8940 8252 1
8940 5619 1
8940 7251 1
2166 5208 1
2166 10118 1
2166 804 1
2166 8419 1
6216 10625 1
9079 1187 1
9079 8419 1
9079 804 1
7433 1036 1
7433 10718 1
7433 11170 1
7433 7211 1
7433 382 1
8187 4104 1
8187 4382 1
8187 8961 1
8187 8345 1
8187 8987 1
6910 5053 1
6910 5439 1
6910 4104 1
6910 10022 1
6910 50 1
10202 3197 1
10202 8546 1
10202 8274 1
10202 2175 1
10202 281 1
6087 5540 1
6087 2035 1
6087 6465 1
6087 1777 1
6087 543 1
3364 6642 1
3364 6097 1
3364 10104 1
3364 3844 1
3364 102 1
310 7466 1
310 8407 1
310 814 1
310 10195 1
310 3328 1
6894 4954 1
6894 5503 1
6894 4060 1
6894 8153 1
6894 68 1
1956 9882 1
1956 8906 1
1956 2145 1
1956 5764 1
1956 164 1
3186 9995 1
3186 9180 1
3186 3102 1
6786 3229 1
6786 9438 1
6786 6991 1
6786 2114 1
6786 42 1
3494 2671 1
3494 2015 1
3494 5360 1
3494 1727 1
3494 468 1
5968 8383 1
5968 10487 1
5968 6691 1
5968 10022 1
5968 232 1
5548 10881 1
5548 6576 1
5548 8419 1
5548 8906 1
5548 3246 1
4725 3229 1
4725 7789 1
4725 9438 1
4725 2114 1
4725 42 1
3934 6849 1
3934 8383 1
3934 7146 1
3934 5870 1
3934 5202 1
4757 2260 1
4757 6443 1
4757 7123 1
4757 10418 1
4757 161 1
53 4415 1
53 6576 1
53 10309 1
53 4421 1
53 5639 1
4168 5120 1
4168 11039 1
4168 4286 1
4168 6060 1
4168 1403 1
4000 9141 1
4000 6763 1
4000 3914 1
4000 9939 1
4000 68 1
1452 2373 1
1452 8462 1
1452 6163 1
1452 2947 1
1452 544 1
7146 4621 1
7146 8811 1
7146 9682 1
7146 8033 1
7146 2528 1
896 11039 1
896 4115 1
896 2275 1
896 4747 1
896 414 1
10600 5819 1
10600 4104 1
10600 6286 1
10600 3285 1
10600 414 1
3914 3572 1
3914 3882 1
3914 8133 1
3914 4709 1
3914 5969 1
10498 3836 1
10498 5447 1
10498 474 1
9605 3463 1
9605 3772 1
9605 9146 1
9605 6910 1
9605 8282 1
3530 4732 1
3530 4582 1
3530 2265 1
8468 3594 1
8468 8810 1
8468 4787 1
8468 9237 1
8468 1349 1
7211 1959 1
7211 6577 1
7211 10911 1
7211 7255 1
7211 42 1
627 10235 1
627 7201 1
627 9950 1
627 7705 1
627 4098 1
2498 1891 1
2498 5078 1
2498 9839 1
2498 3566 1
2498 905 1
8259 11130 1
8259 8938 1
124 2558 1
124 10840 1
124 9797 1
124 3663 1
124 9221 1
4562 8105 1
4562 9912 1
4562 8684 1
4562 941 1
4562 918 1
393 6513 1
393 5654 1
393 2796 1
393 1810 1
393 7616 1
518 8871 1
518 5686 1
518 7288 1
518 5230 1
518 3842 1
10743 2700 1
10743 7259 1
10743 6310 1
10743 4870 1
10743 564 1
1722 3993 1
1722 9605 1
1722 9870 1
1722 5055 1
1722 1412 1
6898 7203 1
6898 6008 1
6898 7970 1
6898 5385 1
6898 1362 1
1963 8494 1
1963 6363 1
1963 6399 1
1963 5630 1
1963 2939 1
10143 2260 1
10143 6970 1
10143 9228 1
10143 9374 1
10143 411 1
7689 5974 1
7689 3806 1
7689 6513 1
7689 3384 1
7689 393 1
10172 2970 1
10172 8330 1
10172 10628 1
10172 10723 1
10172 74 1
6821 2260 1
6821 8467 1
6821 7546 1
6821 8078 1
6821 411 1
8457 8338 1
8457 4887 1
8457 11087 1
8457 4526 1
8457 923 1
3751 9482 1
3751 8419 1
3751 3931 1
3751 1351 1
3751 144 1
11158 5606 1
11158 10260 1
11158 7494 1
11158 10620 1
11158 2605 1
8506 4264 1
8506 4483 1
8506 9939 1
8506 10343 1
8506 10628 1
2371 7299 1
2371 9347 1
2371 4842 1
2371 2226 1
2371 442 1
7299 2412 1
7299 8753 1
7299 8178 1
7299 9044 1
7299 224 1
2078 3597 1
2078 6803 1
2078 3572 1
2078 3747 1
2078 411 1
442 5914 1
442 3986 1
442 4842 1
442 2573 1
442 2944 1
5759 3976 1
5759 7283 1
5759 7390 1
5759 9209 1
5759 1351 1
4457 5288 1
4457 3846 1
4457 6577 1
4457 2284 1
4457 377 1
2427 8424 1
2427 8542 1
2427 3996 1
2427 8215 1
2427 2360 1
4001 8362 1
4001 10154 1
8341 3229 1
8341 11163 1
8341 9358 1
8341 2114 1
8341 42 1
9101 2477 1
9101 9456 1
9101 8116 1
9101 7761 1
9101 1190 1
512 1574 1
512 3094 1
512 1453 1
512 4819 1
512 497 1
2954 10031 1
2954 5899 1
2954 9887 1
2954 3528 1
2954 613 1
8157 5093 1
8157 3587 1
8157 5242 1
8157 2650 1
8157 544 1
9793 2465 1
9793 10235 1
9793 9495 1
9793 6363 1
9793 720 1
628 4262 1
628 4933 1
628 2219 1
628 3211 1
628 4827 1
2194 4480 1
2194 8407 1
2194 4565 1
2194 2195 1
2194 1343 1
8738 10912 1
8738 5604 1
8738 8871 1
8738 4069 1
8738 42 1
4273 8199 1
4273 4025 1
8772 2046 1
8772 9616 1
8772 8223 1
8772 5170 1
8772 1269 1
9795 3781 1
9795 6275 1
9795 9442 1
9795 7090 1
9795 885 1
10817 2828 1
10817 7854 1
10817 2109 1
10817 4568 1
8348 4476 1
8348 2177 1
8348 9682 1
8348 2057 1
8348 1339 1
9994 5687 1
9994 3800 1
9994 6659 1
9994 2539 1
9994 627 1
8767 10394 1
8767 10149 1
8767 7655 1
8767 6595 1
8767 176 1
7945 4483 1
7945 4892 1
7945 3772 1
7945 10726 1
7945 68 1
8753 3047 1
8753 10814 1
8753 10329 1
8753 1767 1
8753 442 1
6284 9926 1
6284 8457 1
6284 4887 1
6284 9491 1
6284 5505 1
10399 9719 1
10399 8861 1
10399 3732 1
10399 4639 1
10399 4085 1
5082 6257 1
5082 10782 1
5082 7977 1
5082 5441 1
5082 2851 1
3037 3008 1
3037 5824 1
3037 7802 1
3037 3381 1
3037 2237 1
4264 5241 1
4264 8374 1
4264 8719 1
4264 6894 1
4264 68 1
8532 3098 1
8532 5742 1
8532 10021 1
8532 5968 1
8532 1775 1
2771 3488 1
2771 10973 1
2771 6326 1
2771 11024 1
2771 599 1
10620 2605 1
10620 11177 1
10620 11158 1
10620 9753 1
10620 1664 1
869 8445 1
3732 9719 1
3732 8703 1
3732 7511 1
3732 4085 1
3732 3005 1
109 3415 1
109 1709 1
109 10235 1
109 3390 1
109 10896 1
3401 10064 1
3401 4865 1
3401 3534 1
3401 3218 1
3401 944 1
10835 7280 1
10835 4667 1
10835 8204 1
10835 3765 1
10835 96 1
3977 3625 1
3977 2798 1
3977 7159 1
3977 2275 1
3977 414 1
3154 9733 1
3154 10235 1
3154 8247 1
3154 9493 1
3154 1267 1
10925 4180 1
10925 6230 1
10925 2305 1
10925 4992 1
5741 6128 1
5741 4667 1
5741 8204 1
5741 3765 1
5741 96 1
419 6017 1
419 7924 1
419 8700 1
419 11071 1
419 1057 1
1242 5599 1
1242 2372 1
1242 1162 1
1242 4679 1
1242 3361 1
4992 4180 1
4992 6230 1
4992 2305 1
4992 10925 1
3276 8226 1
3276 3993 1
3276 9605 1
3276 10472 1
3276 1274 1
6249 4654 1
6249 2530 1
6249 7823 1
6249 1775 1
6249 731 1
3463 2970 1
3463 7066 1
3463 10487 1
3463 7676 1
3463 74 1
4829 2552 1
4829 5503 1
4829 9681 1
4829 6101 1
4829 50 1
7283 9459 1
7283 9209 1
7283 1351 1
7283 5759 1
7283 3295 1
2846 8178 1
2846 5724 1
2846 7841 1
2846 9349 1
2846 299 1
3495 2828 1
3495 1897 1
3495 9319 1
3495 5915 1
3495 1254 1
8812 8424 1
8812 5684 1
8812 10716 1
8812 10367 1
8812 2360 1
2780 5878 1
2780 9344 1
2780 5503 1
2780 1818 1
2780 1414 1
311 4540 1
6574 5503 1
6574 2780 1
6574 9344 1
6574 1818 1
6574 1414 1
9028 10116 1
9028 10321 1
9028 9247 1
9028 8104 1
9028 6195 1
1302 7831 1
1302 9973 1
1302 2522 1
1302 9148 1
1302 4193 1
75 10802 1
75 2851 1
75 2284 1
75 7758 1
75 6146 1
7355 7440 1
7355 6792 1
7355 7922 1
7355 10606 1
7355 2900 1
6052 6408 1
6052 7992 1
6052 7806 1
6052 8565 1
6052 74 1
9344 5503 1
9344 2780 1
9344 6574 1
9344 1818 1
9344 1414 1
2760 2260 1
2760 8078 1
2760 3747 1
2760 6109 1
2760 411 1
7259 11113 1
7259 7874 1
7259 8959 1
7259 6561 1
7259 543 1
4551 1814 1
4551 9701 1
4551 11112 1
4551 6118 1
4551 637 1
5778 3549 1
5778 6898 1
5778 10550 1
5778 6040 1
5778 2205 1
3631 9101 1
3631 4253 1
3631 1271 1
7312 3644 1
7312 6372 1
7312 5970 1
7312 5885 1
7312 2401 1
3197 9733 1
3197 8565 1
3197 9072 1
3197 1965 1
3197 281 1
4424 2414 1
4424 8424 1
4424 2396 1
4424 3199 1
68 9427 1
68 3510 1
68 9141 1
68 3914 1
68 9146 1
5441 7110 1
5441 10792 1
5441 9253 1
5441 7758 1
5441 32 1
1351 2077 1
1351 8282 1
1351 7283 1
1351 9459 1
1351 144 1
2058 2831 1
2058 2695 1
2058 7123 1
2058 2762 1
2058 411 1
10238 10886 1
10238 8395 1
10238 7020 1
10238 5421 1
10238 2859 1
4543 1945 1
4543 6696 1
4543 7504 1
4543 4003 1
4543 853 1
178 9818 1
178 4408 1
178 3726 1
178 1047 1
178 2230 1
5116 7885 1
5116 7922 1
5116 7965 1
5116 9787 1
5116 3857 1
10882 6814 1
10882 7400 1
10882 5974 1
10882 7758 1
10882 16 1
4298 3957 1
4298 4215 1
4298 9110 1
4298 7867 1
4298 6043 1
7504 1945 1
7504 7511 1
7504 7158 1
7504 6224 1
7504 687 1
9588 8642 1
9588 3726 1
161 9071 1
161 7057 1
161 10983 1
161 3788 1
161 9731 1
10860 10053 1
10860 6352 1
10860 3455 1
10860 3351 1
10860 1190 1
6770 4477 1
6770 4830 1
6770 3517 1
6770 8523 1
6770 50 1
2071 8716 1
2071 3100 1
2071 6890 1
2071 4606 1
2071 50 1
1248 4027 1
1248 4304 1
1248 3181 1
1248 2821 1
1248 109 1
8201 9943 1
8201 10837 1
8201 8729 1
8201 4670 1
8201 4497 1
11000 5767 1
11000 6495 1
11000 89 1
11000 5870 1
8594 8542 1
8594 8143 1
8594 3416 1
8594 7176 1
8594 6685 1
11063 10292 1
11063 7699 1
9836 9426 1
4098 2046 1
4098 7253 1
4098 4684 1
4098 965 1
4098 295 1
6118 2601 1
6118 10418 1
6118 10912 1
6118 1533 1
6118 54 1
10233 3840 1
10233 2957 1
10233 9756 1
10233 1965 1
10233 977 1
2871 8317 1
2871 4807 1
2871 2230 1
7618 2552 1
7618 9998 1
7618 10609 1
7618 9373 1
7618 50 1
2046 9105 1
2046 8772 1
2046 5077 1
2046 2027 1
2046 733 1
7807 6533 1
7807 3295 1
7807 7637 1
7807 2779 1
7807 636 1
1754 8804 1
1754 4831 1
1754 3421 1
1754 8247 1
1754 905 1
560 3953 1
560 10248 1
5620 3108 1
5620 10140 1
5620 6458 1
5620 8405 1
5620 2038 1
10528 8385 1
10528 9374 1
10528 6459 1
10528 10525 1
10528 125 1
1239 9957 1
1239 3510 1
1239 9234 1
10292 1971 1
10292 6722 1
10292 9681 1
10292 8303 1
10292 50 1
6561 4679 1
6561 8009 1
6561 8457 1
6561 8432 1
6561 902 1
7788 4097 1
7788 7494 1
7788 2903 1
2581 4887 1
2581 8457 1
2581 2465 1
5722 9616 1
5722 9228 1
5722 8611 1
5722 9216 1
5722 377 1
5379 6258 1
5379 10048 1
5379 8203 1
5379 3726 1
5379 2366 1
2925 2595 1
2925 6035 1
2925 7845 1
2925 4325 1
2925 240 1
11150 2235 1
11150 7914 1
11150 6407 1
11150 6347 1
11150 368 1
2970 8274 1
2970 5241 1
2970 11132 1
2970 8767 1
2970 4892 1
4971 1983 1
4971 9740 1
4971 5296 1
4971 5824 1
4971 1365 1
4262 3211 1
4262 8592 1
4262 5230 1
4262 5705 1
4262 628 1
8043 4596 1
8043 2987 1
8043 5723 1
8043 2985 1
8043 446 1
8223 2046 1
8223 8899 1
8223 10913 1
8223 7913 1
8223 767 1
10830 8561 1
10830 5012 1
10830 9612 1
10830 4119 1
10830 286 1
176 11052 1
176 3229 1
176 3572 1
176 6099 1
176 42 1
3468 10008 1
3468 7280 1
3468 4701 1
3468 2953 1
3468 96 1
3877 10022 1
3877 10768 1
3877 10353 1
3877 10411 1
3877 369 1
3433 8143 1
3433 8542 1
3433 2427 1
3433 8406 1
3433 10106 1
5902 9426 1
5902 6431 1
5902 8118 1
5902 7497 1
5902 4634 1
9194 9426 1
9194 5988 1
9194 5766 1
9194 5753 1
9194 382 1
7371 5574 1
7371 6099 1
7371 4464 1
7371 6737 1
7371 68 1
2872 10235 1
2872 8439 1
2872 5696 1
2872 4670 1
4465 6057 1
4465 4887 1
4465 2465 1
4465 10429 1
1281 10908 1
1281 9168 1
1281 5968 1
1281 2954 1
1281 574 1
2284 9934 1
2284 9473 1
2284 5046 1
2284 7876 1
2284 9066 1
4942 10147 1
4942 4253 1
4942 10278 1
4942 4003 1
4942 687 1
9441 7755 1
9441 8285 1
9441 6353 1
9441 8935 1
9441 18 1
10259 7062 1
10259 7251 1
10259 6074 1
250 6332 1
250 6575 1
250 5305 1
250 3093 1
2704 6933 1
2704 10736 1
6332 5305 1
6332 5214 1
6332 6575 1
6332 3093 1
6332 291 1
3060 2281 1
3060 10609 1
3060 5318 1
3060 9681 1
3060 50 1
7639 1474 1
7639 10828 1
7639 6908 1
7639 5102 1
7639 68 1
8462 5242 1
8462 3724 1
8462 5866 1
8462 2650 1
8462 544 1
5599 4679 1
5599 3049 1
5599 10564 1
5599 9486 1
5599 1242 1
10507 4186 1
10507 7601 1
10507 5633 1
10507 10551 1
10507 3265 1
8860 5870 1
8860 4563 1
10905 4968 1
10905 10176 1
10905 9132 1
10905 8383 1
10905 633 1
5209 8812 1
5209 8424 1
271 8349 1
271 5093 1
271 11009 1
271 8462 1
271 2947 1
7224 4378 1
7224 4092 1
7224 10755 1
7224 11037 1
7224 1149 1
9457 4764 1
9457 7169 1
9457 5569 1
9457 11007 1
9457 2085 1
3342 10157 1
3342 2782 1
3342 7147 1
3342 1944 1
3342 613 1
50 6099 1
50 6918 1
50 5318 1
50 9870 1
50 9218 1
8846 3733 1
8846 3149 1
8846 5744 1
8846 7143 1
8846 2339 1
3785 4764 1
3785 7612 1
3785 8881 1
9261 10897 1
9261 6973 1
9261 1535 1
9261 4565 1
9261 2194 1
4530 8357 1
4530 4596 1
4530 363 1
4530 9291 1
4530 2987 1
10291 7511 1
10291 5172 1
10291 7933 1
10291 3732 1
10291 465 1
5792 5503 1
5792 8229 1
5792 4382 1
5792 10318 1
5792 68 1
11109 6691 1
11109 4069 1
11109 7294 1
11109 3344 1
11109 42 1
1535 5687 1
1535 8565 1
1535 9141 1
1535 10041 1
1535 9147 1
4807 2871 1
4807 2230 1
11031 11033 1
11031 9169 1
11031 2177 1
11031 7312 1
11031 2401 1
8378 3726 1
8378 10422 1
8378 5985 1
8378 9566 1
8378 970 1
5990 10329 1
5990 5536 1
5990 58 1
5990 3986 1
5990 2177 1
5083 2305 1
5083 10319 1
5083 5944 1
5083 9775 1
5083 901 1
2614 6927 1
2614 2362 1
2614 3993 1
2614 1519 1
2614 295 1
3592 2023 1
3592 3786 1
3592 1599 1
10176 4968 1
10176 10905 1
10176 11145 1
10176 11017 1
10176 633 1
6086 10161 1
6086 8184 1
6086 9956 1
6086 4946 1
6086 578 1
360 6459 1
360 2339 1
360 7370 1
360 4629 1
360 281 1
1022 4476 1
1022 2177 1
2658 9400 1
2658 4297 1
2658 10343 1
2658 7676 1
2658 50 1
6841 8151 1
6841 5260 1
6841 8668 1
6841 4245 1
6841 256 1
7239 5574 1
7239 6099 1
7239 4464 1
7239 6737 1
7239 68 1
10373 9277 1
10373 8345 1
10373 10174 1
10373 10470 1
10373 7176 1
8881 4764 1
8881 3785 1
8063 6338 1
4874 3682 1
4874 5730 1
4874 8681 1
4874 7494 1
4874 53 1
5697 5132 1
5697 4232 1
5697 9924 1
5697 9996 1
5697 2448 1
10938 3372 1
10938 2573 1
10938 8959 1
10938 2371 1
10938 442 1
4968 6350 1
4968 4021 1
4968 10905 1
4968 2218 1
4968 377 1
6328 2466 1
6328 8767 1
6328 7720 1
6328 1082 1
6328 209 1
11145 4968 1
11145 10176 1
11145 9132 1
11145 8383 1
11145 633 1
11017 4968 1
11017 11145 1
11017 10905 1
11017 10787 1
11017 633 1
7661 10192 1
7661 5205 1
7661 1482 1
7661 2359 1
7661 2237 1
6843 5968 1
6843 9482 1
6843 7494 1
6843 11122 1
6843 3380 1
7017 2114 1
7017 6786 1
7017 8987 1
7017 9490 1
7017 42 1
4109 2359 1
4109 5424 1
4109 2237 1
2064 11176 1
2064 2642 1
2064 6894 1
2064 3657 1
2064 240 1
1379 5386 1
1379 9225 1
1379 3189 1
1379 8419 1
1379 3969 1
8755 5185 1
8755 5611 1
8755 4115 1
8755 10726 1
8755 68 1
8357 9291 1
8357 4596 1
8357 8878 1
8357 4530 1
8357 2987 1
3382 4423 1
3382 10405 1
3382 7808 1
3382 8122 1
3382 8033 1
3150 1993 1
3150 3800 1
3150 9105 1
3150 3247 1
3150 1356 1
5619 7251 1
5619 6575 1
5619 8940 1
5619 8252 1
2322 4379 1
2322 9733 1
2322 3572 1
2322 2284 1
2322 281 1
5614 6998 1
5614 9743 1
5614 5198 1
6437 10582 1
6437 8203 1
6437 1853 1
6437 6339 1
6437 3726 1
7808 3568 1
7808 8033 1
7808 3382 1
7808 4423 1
4536 6737 1
4536 5241 1
4536 4464 1
4536 8871 1
4536 68 1
6348 4423 1
6348 7146 1
6348 1876 1
6348 8033 1
4861 9141 1
4861 7505 1
4861 4464 1
4861 8374 1
4861 68 1
7050 4253 1
7050 9804 1
7050 7894 1
7050 7698 1
7050 1142 1
5312 10198 1
5312 2879 1
5312 5582 1
5312 2121 1
5312 264 1
10398 1912 1
10398 9659 1
10398 8624 1
10398 8514 1
10398 643 1
1443 3344 1
1443 10397 1
1443 6118 1
1443 7400 1
1443 42 1
9245 3969 1
9245 10248 1
9245 8651 1
9245 7530 1
9245 1772 1
11177 3662 1
11177 2796 1
11177 10235 1
11177 1984 1
11177 720 1
2558 2959 1
2558 9797 1
2558 8542 1
2558 10107 1
2558 189 1
7496 10338 1
7496 5934 1
7496 9017 1
7496 1945 1
7496 1140 1
8907 5501 1
8907 4462 1
8907 10976 1
8907 3844 1
8907 1211 1
4408 2072 1
4408 7996 1
4408 10034 1
4408 10794 1
4408 887 1
9579 6161 1
9579 2603 1
9579 7213 1
9579 2298 1
9579 762 1
7110 5906 1
7110 3062 1
7110 9693 1
7110 2555 1
7110 775 1
3926 2339 1
3926 4253 1
3926 7816 1
3926 1132 1
3926 176 1
8901 6197 1
8901 4613 1
8901 6902 1
8901 3411 1
8901 556 1
5675 7920 1
5675 9712 1
5675 10676 1
5675 4334 1
5675 310 1
2200 5095 1
2200 6749 1
2200 2685 1
2200 4760 1
2200 814 1
564 5778 1
564 7419 1
564 1308 1
564 2479 1
564 10550 1
4954 7945 1
4954 7434 1
4954 4104 1
4954 7676 1
4954 50 1
4357 7239 1
4357 8802 1
4357 3957 1
4357 8153 1
4357 68 1
3510 5064 1
3510 7910 1
3510 9108 1
3510 7806 1
3510 68 1
7600 319 1
7600 3987 1
7600 2 1
7600 2401 1
8936 7988 1
8936 7699 1
8936 10804 1
8936 5925 1
8936 2112 1
3210 6706 1
3210 6471 1
3210 6849 1
180 3517 1
180 3386 1
180 7920 1
180 5161 1
180 68 1
8395 2466 1
8395 8998 1
8395 10238 1
8395 1229 1
8395 295 1
1275 8644 1
1275 3720 1
1275 2301 1
1275 3478 1
1275 359 1
4956 9228 1
4956 3539 1
4956 9041 1
4956 3045 1
4956 807 1
8987 4098 1
8987 4379 1
8987 9427 1
8987 8736 1
8987 10673 1
8169 6953 1
8169 9022 1
8169 220 1
8799 2691 1
8799 7619 1
8799 10801 1
8799 8778 1
8799 1351 1
1252 11052 1
1252 4253 1
1252 6327 1
1252 9876 1
1252 414 1
2590 2182 1
2590 9562 1
2590 2680 1
2590 8468 1
2590 430 1
4696 2828 1
4696 4760 1
4696 1897 1
5519 9413 1
5519 5236 1
5519 7402 1
5519 6087 1
5519 3295 1
11180 10396 1
2127 4003 1
2127 7965 1
2127 6926 1
2127 4079 1
2127 486 1
3767 10954 1
3767 6099 1
3767 4947 1
3767 2209 1
3767 568 1
8705 3346 1
8705 2412 1
8705 10890 1
8705 2226 1
8705 442 1
6251 7560 1
6251 6259 1
6251 10291 1
6251 6561 1
6251 8592 1
6980 10248 1
6980 5968 1
6980 7530 1
6980 4937 1
6980 991 1
4128 6255 1
4128 5868 1
4128 8767 1
4128 10850 1
4128 176 1
2874 2157 1
2874 7639 1
2874 1180 1
6953 4423 1
6953 9418 1
6953 9022 1
6953 8675 1
6953 291 1
10634 4344 1
10634 9872 1
10634 11177 1
10634 10550 1
10634 934 1
11112 9701 1
11112 4551 1
4568 10503 1
4568 7854 1
4568 2109 1
4568 10817 1
4568 2828 1
5364 7370 1
5364 4034 1
5364 5968 1
5364 3317 1
5364 152 1
7091 4480 1
7091 4862 1
7091 3772 1
7091 9873 1
7091 50 1
2976 1784 1
2976 8874 1
2976 220 1
9954 7295 1
9954 7071 1
9954 8587 1
9954 4207 1
9954 4202 1
5839 10147 1
5839 4275 1
5839 9515 1
5839 3694 1
5839 616 1
6128 7413 1
6128 4667 1
6128 9195 1
6128 3765 1
6128 96 1
1190 2047 1
1190 10147 1
1190 4842 1
1190 3053 1
1190 377 1
2821 8146 1
2821 3317 1
2821 8341 1
2821 7359 1
2821 18 1
3644 8316 1
3644 8871 1
3644 8233 1
3644 10726 1
3644 68 1
4040 2404 1
4040 5687 1
4040 9198 1
4040 5515 1
4040 1741 1
8155 7251 1
8155 6575 1
8155 8252 1
8155 6074 1
8155 3093 1
3247 9105 1
3247 2046 1
3247 10913 1
3247 1700 1
3247 461 1
359 2921 1
359 9761 1
359 2301 1
359 3215 1
359 8872 1
4474 7945 1
4474 8282 1
4474 4060 1
4474 7663 1
4474 68 1
10391 3572 1
10391 10551 1
10391 9761 1
10391 9577 1
10391 2372 1
4630 5680 1
4630 9141 1
4630 6391 1
4630 8335 1
4630 1674 1
1172 2157 1
1172 10041 1
1172 4477 1
1172 8595 1
1172 68 1
10225 3241 1
10225 9765 1
10225 8504 1
10225 7588 1
10225 2025 1
6933 10736 1
6933 2704 1
8160 4387 1
8160 3062 1
8160 10234 1
8160 2555 1
8160 91 1
1207 9528 1
1207 4782 1
1207 2864 1
1207 1426 1
1207 2064 1
10260 6118 1
10260 3813 1
10260 6228 1
10260 3062 1
10260 317 1
4546 3842 1
4546 7732 1
4546 239 1
4546 7867 1
11130 6076 1
11130 4230 1
11130 6291 1
11130 3270 1
11130 268 1
2573 3346 1
2573 2944 1
2573 5868 1
2573 2371 1
2573 442 1
1153 3309 1
1153 8565 1
1153 9146 1
1153 3482 1
1153 264 1
7288 5969 1
7288 5230 1
7288 6196 1
7288 3754 1
7288 920 1
558 1420 1
558 8681 1
558 11037 1
558 7224 1
558 5510 1
10434 2508 1
10434 6918 1
10434 10609 1
10434 9427 1
10434 50 1
7238 9020 1
7238 10491 1
7238 3409 1
7238 7364 1
7238 8987 1
4947 3053 1
4947 7229 1
4947 6077 1
4947 1435 1
4947 522 1
4654 1775 1
4654 7182 1
4654 9180 1
4654 9578 1
4654 444 1
7123 10329 1
7123 9374 1
7123 6196 1
7123 10007 1
7123 161 1
544 10400 1
544 3587 1
544 5093 1
544 4621 1
544 271 1
299 10938 1
299 6552 1
299 5868 1
299 3986 1
299 3457 1
5237 7414 1
5237 2784 1
5237 7848 1
5237 10366 1
5237 1344 1
486 3457 1
486 1278 1
486 1082 1
486 2127 1
486 9779 1
8943 7186 1
8943 5447 1
8943 10243 1
8943 10494 1
8943 444 1
4828 2461 1
4828 9605 1
4828 9081 1
4828 834 1
4828 91 1
2359 2535 1
2359 10266 1
2359 5424 1
2359 6033 1
2359 1232 1
7676 4474 1
7676 4766 1
7676 3644 1
7676 10020 1
7676 68 1
7267 4238 1
7267 10961 1
7267 9346 1
7267 7123 1
7267 2286 1
10723 3778 1
10723 4018 1
10723 10551 1
10723 7920 1
10723 9165 1
6224 5319 1
6224 3705 1
6224 5868 1
6224 2877 1
6224 800 1
7695 5574 1
7695 6099 1
7695 4464 1
7695 6737 1
7695 68 1
3590 7063 1
3590 7871 1
3590 10812 1
3590 3726 1
3590 2022 1
6059 5574 1
6059 7945 1
6059 4464 1
6059 8374 1
6059 68 1
5071 5116 1
5071 7965 1
5071 6926 1
5071 7885 1
5071 4200 1
7159 4061 1
7159 4382 1
7159 8233 1
7159 7371 1
7159 8523 1
10022 4861 1
10022 5318 1
10022 3993 1
10022 10723 1
10022 42 1
370 7598 1
370 9887 1
370 4724 1
370 1689 1
370 212 1
9423 10326 1
9423 9277 1
9423 10604 1
9423 7314 1
9423 1863 1
1780 7902 1
1780 4146 1
1780 7885 1
1780 5868 1
1780 1136 1
4249 9857 1
4249 6605 1
4249 7605 1
4249 9743 1
4249 904 1
7314 2703 1
7314 9423 1
7314 9175 1
7314 10086 1
7314 1993 1
3415 11037 1
3415 5545 1
3415 8413 1
3415 2995 1
3415 109 1
7505 4877 1
7505 5395 1
7505 4000 1
7505 9142 1
7505 68 1
4213 7921 1
4213 8149 1
4213 9980 1
4213 6065 1
4213 10736 1
9974 8960 1
9974 7798 1
9974 10604 1
9974 7373 1
9974 3653 1
5402 1449 1
5402 7373 1
5402 7948 1
5402 8420 1
5402 817 1
4208 10983 1
4208 11091 1
4208 7530 1
4208 10759 1
4208 895 1
10792 3993 1
10792 4349 1
10792 9934 1
10792 8374 1
10792 10004 1
9969 4228 1
9969 3451 1
9969 10313 1
9969 3290 1
9969 2477 1
9964 11060 1
9964 7699 1
9964 2112 1
9964 5925 1
9964 2878 1
9141 4382 1
9141 4747 1
9141 3611 1
9141 9870 1
9141 68 1
10787 4968 1
10787 10905 1
10787 11145 1
10787 11017 1
10787 633 1
438 1087 1
438 7830 1
438 3952 1
438 1775 1
438 1439 1
6563 4477 1
6563 4865 1
6563 3778 1
6563 10022 1
6563 68 1
2448 8901 1
2448 9180 1
2448 4654 1
2448 5229 1
2448 382 1
2465 2295 1
2465 4465 1
2465 10300 1
2465 4526 1
2465 305 1
7403 4476 1
7403 3909 1
7403 7494 1
7403 9943 1
7403 2177 1
1814 9701 1
1814 7670 1
1814 7601 1
1814 4334 1
1814 4551 1
8398 5167 1
8398 3103 1
8398 5360 1
8398 1695 1
8398 282 1
3081 8108 1
3081 2145 1
8842 4937 1
8842 10248 1
8842 9245 1
8842 10678 1
8842 1772 1
7612 4764 1
7612 3785 1
205 4760 1
205 8424 1
3372 3457 1
3372 2573 1
3372 4842 1
3372 2371 1
3372 442 1
4639 7635 1
4639 4404 1
4639 10399 1
4639 8958 1
4639 3732 1
10804 5503 1
10804 6061 1
10804 4382 1
10804 6595 1
10804 68 1
5866 5242 1
5866 3724 1
5866 6934 1
5866 2650 1
5866 544 1
4230 2223 1
4230 5451 1
4230 4388 1
4230 7057 1
4230 317 1
3894 9188 1
3894 5448 1
3894 9361 1
3894 3904 1
3894 681 1
8832 1030 1
8832 9778 1
8832 10418 1
8832 6789 1
8832 784 1
8383 4332 1
8383 2840 1
8383 10969 1
8383 2137 1
8383 633 1
5899 3097 1
5899 6035 1
5899 8401 1
5899 1152 1
5899 370 1
10837 8729 1
10837 6338 1
10837 10810 1
10837 4492 1
10837 496 1
1698 2185 1
1698 8102 1
1698 10798 1
1698 8004 1
1698 1087 1
9105 1993 1
9105 9958 1
9105 5406 1
9105 4098 1
9105 1356 1
7459 2390 1
7459 8223 1
7459 767 1
7459 10248 1
3344 4774 1
3344 9278 1
3344 3678 1
3344 8755 1
3344 6936 1
6706 6843 1
6706 6471 1
6706 5882 1
6706 5870 1
6706 2177 1
9978 2360 1
9978 8424 1
9978 1001 1
4782 8973 1
4782 5696 1
4782 7059 1
4782 3953 1
4782 1180 1
3913 3072 1
3913 2970 1
3913 6874 1
3913 2560 1
3913 2384 1
1127 7251 1
1127 8252 1
1127 6074 1
11060 2508 1
11060 7091 1
11060 11170 1
11060 9681 1
11060 50 1
7768 3914 1
7768 4123 1
7768 9939 1
7768 9427 1
7768 7945 1
4783 6849 1
4783 6471 1
4783 4691 1
4783 6706 1
9418 6953 1
9418 9022 1
9418 220 1
9418 8874 1
8595 10828 1
8595 7455 1
8595 11176 1
8595 5586 1
8595 180 1
3788 10263 1
3788 10287 1
3788 6097 1
3788 3945 1
3788 8523 1
5434 8580 1
5434 4335 1
5434 7910 1
5434 3774 1
5434 1211 1
4207 3302 1
4207 7639 1
4207 2157 1
4207 9954 1
8362 5763 1
8362 9811 1
8362 9710 1
8362 10154 1
8362 2444 1
4272 3093 1
4272 6575 1
4272 2567 1
8415 6338 1
8415 10810 1
8415 1322 1
1322 1757 1
1322 8415 1
1322 141 1
1322 10810 1
1322 6338 1
9139 8592 1
9139 8382 1
9139 2848 1
9139 5953 1
9139 3797 1
4655 10759 1
4655 9253 1
4655 9346 1
4655 5154 1
4655 4208 1
9235 9497 1
9235 7215 1
9235 9787 1
9235 6196 1
9235 982 1
7190 2691 1
7190 7719 1
7190 10983 1
7190 1482 1
7190 411 1
3572 7228 1
3572 8274 1
3572 6991 1
3572 8054 1
3572 3914 1
7647 3740 1
7647 2446 1
7647 8571 1
7647 2242 1
7647 894 1
10116 10828 1
10116 10321 1
10116 10205 1
10116 9028 1
10116 5200 1
2650 3755 1
2650 4609 1
2650 6430 1
2650 6401 1
2650 544 1
9234 2892 1
9234 6801 1
9234 5631 1
9234 5510 1
9234 2258 1
2842 2284 1
2842 7017 1
2842 9666 1
2842 8095 1
2842 42 1
6957 9957 1
6957 5620 1
373 8871 1
373 6398 1
373 9533 1
373 8091 1
373 6691 1
2702 3324 1
2702 5206 1
2702 4914 1
2702 7176 1
2702 177 1
233 10628 1
233 7066 1
233 3397 1
233 5048 1
233 68 1
6230 4992 1
6230 4180 1
6230 8526 1
6230 8968 1
6230 2305 1
7876 2821 1
7876 7789 1
7876 10654 1
7876 10410 1
7876 42 1
7867 4382 1
7867 4546 1
7867 3772 1
7867 10064 1
7867 68 1
10321 5200 1
10321 9247 1
10321 8761 1
10321 7551 1
10321 862 1
7591 3397 1
7591 8565 1
7591 10202 1
7591 2395 1
7591 360 1
8203 2366 1
8203 6437 1
8203 4840 1
8203 7102 1
8203 890 1
6529 2243 1
6529 6288 1
6529 10882 1
6529 9296 1
6529 42 1
10210 10528 1
10210 10278 1
10210 2140 1
10210 10954 1
11033 2401 1
11033 7352 1
11033 6738 1
11033 6372 1
11033 977 1
6918 4483 1
6918 4862 1
6918 3778 1
6918 8523 1
6918 50 1
4202 9954 1
4202 2954 1
4202 7295 1
4202 7071 1
4202 2222 1
2975 5792 1
2975 9400 1
2975 6737 1
2975 7663 1
2975 50 1
2985 8043 1
2985 4346 1
2985 8167 1
2985 4596 1
2985 1659 1
7131 5016 1
7131 3678 1
7131 6033 1
7131 3364 1
7131 537 1
547 10769 1
547 7139 1
547 2609 1
547 5744 1
547 5731 1
8777 4253 1
8777 11007 1
8777 1351 1
8777 7171 1
6836 4457 1
6836 2044 1
6836 8684 1
6836 1681 1
6836 71 1
252 8106 1
252 7071 1
252 10929 1
252 2702 1
5978 1903 1
5978 5831 1
5978 6525 1
5978 11081 1
5978 233 1
9406 5968 1
9406 3788 1
9406 6935 1
9406 3086 1
9406 49 1
6952 2213 1
6952 4704 1
6952 2112 1
6952 4503 1
4892 10804 1
4892 7768 1
4892 4382 1
4892 6595 1
4892 50 1
7361 6229 1
7361 3918 1
7361 7616 1
7361 3384 1
7361 393 1
6626 6363 1
6626 5726 1
6626 8161 1
6626 11037 1
6626 3091 1
42 3858 1
42 7977 1
42 9441 1
42 5442 1
42 32 1
3383 7768 1
3383 7359 1
3383 4536 1
3383 3517 1
3383 50 1
1411 8670 1
1411 5108 1
1411 7176 1
1411 10608 1
1411 918 1
8303 2552 1
8303 9873 1
8303 50 1
10525 4830 1
10525 3517 1
10525 5241 1
10525 2957 1
636 9044 1
9373 2552 1
9373 10292 1
9373 50 1
2957 5016 1
2957 8385 1
2957 5978 1
2957 3840 1
1533 5569 1
1533 7807 1
1533 10205 1
1533 7288 1
965 7017 1
965 295 1
4684 4098 1
4684 2614 1
4684 10723 1
4684 2362 1
4684 295 1
7176 8594 1
7176 8670 1
3694 5839 1
212 370 1
8804 1754 1
8804 3421 1
7063 3590 1
7158 7504 1
7158 1945 1
8899 8223 1
9110 7253 1
9110 10882 1
9180 2218 1
9180 377 1
7637 2530 1
7637 382 1
2414 3199 1
2414 7134 1
6814 8160 1
6814 6228 1
6814 775 1
6495 11000 1
6495 5767 1
9787 6076 1
1082 6552 1
1082 2601 1
1082 299 1
4483 7768 1
4483 4747 1
4483 4464 1
4483 8565 1
4483 68 1
1001 9978 1
1001 2360 1
1001 5288 1
9818 1047 1
9818 178 1
2854 10410 1
2854 4061 1
2854 8935 1
7485 6407 1
7485 615 1
7485 982 1
5744 7143 1
5744 4764 1
5744 8846 1
5744 3149 1
5744 2339 1
6696 4543 1
6696 5241 1
5421 2925 1
5421 8395 1
5421 2859 1
8903 3229 1
8903 10158 1
8903 2114 1
8903 42 1
10886 4060 1
10886 9733 1
10886 8401 1
10886 10004 1
9253 6576 1
9253 5082 1
9253 16 1
9427 4297 1
9427 4536 1
9427 9873 1
9427 8987 1
9427 11132 1
3416 8542 1
3416 7176 1
3416 6902 1
3416 2936 1
5885 6326 1
1271 9101 1
1271 3631 1
1271 4253 1
2137 681 1
2205 5778 1
5687 2404 1
5687 9994 1
5687 5515 1
5687 5288 1
5687 1535 1
9169 3344 1
9169 10418 1
9169 2401 1
9169 152 1
6040 10550 1
6040 6898 1
6040 5778 1
3549 5385 1
3549 10550 1
3549 6898 1
3549 5778 1
637 4551 1
4119 4766 1
4119 7867 1
4119 50 1
8959 1767 1
8959 10329 1
8959 299 1
6109 2691 1
6109 10073 1
6109 7123 1
6109 1482 1
6109 411 1
3092 7098 1
3092 7123 1
3092 411 1
7806 7992 1
7806 10172 1
7806 7843 1
7806 74 1
842 10011 1
842 9222 1
842 179 1
7992 8565 1
7992 6398 1
7992 9788 1
7992 7977 1
7992 68 1
9733 4483 1
9733 4892 1
9733 3772 1
9733 10343 1
9733 68 1
6408 5527 1
6408 4462 1
6408 7159 1
6408 3844 1
6408 1211 1
4667 7280 1
4667 2646 1
4667 96 1
8149 7921 1
8149 4213 1
8149 1659 1
3199 7134 1
3199 4424 1
3199 2414 1
10606 7922 1
10606 7355 1
10606 7147 1
10606 6770 1
8865 5393 1
8865 9719 1
8865 3732 1
8865 9946 1
7922 1944 1
7758 2284 1
7758 2077 1
7758 75 1
2535 3813 1
2535 8345 1
2535 4119 1
2535 74 1
10802 6286 1
10802 2284 1
10802 102 1
2281 3772 1
2281 8316 1
2281 6099 1
2281 50 1
5763 8778 1
5763 3108 1
9973 4596 1
9973 4193 1
9973 7831 1
9973 9148 1
7831 9148 1
4349 2552 1
4349 9427 1
4349 50 1
6458 5620 1
8104 5288 1
8104 6195 1
1140 1945 1
1140 7496 1
1140 5934 1
1140 9017 1
1140 10338 1
8580 5527 1
8580 4462 1
8580 3844 1
8580 1211 1
9744 5242 1
9744 3724 1
9744 5866 1
9744 2650 1
9744 544 1
1818 5878 1
1818 6099 1
4606 6101 1
4606 8187 1
4606 50 1
6347 11150 1
6347 6407 1
6347 7914 1
10367 8812 1
10367 2077 1
977 9756 1
977 6738 1
9319 4956 1
8861 9719 1
8861 10399 1
8861 3732 1
8861 4639 1
8861 4085 1
9349 6529 1
9349 8604 1
9349 2846 1
7841 10234 1
7841 6060 1
4018 2970 1
4018 11132 1
4018 10487 1
4018 7676 1
4018 74 1
9459 1775 1
9459 1351 1
9681 2552 1
9681 10292 1
9681 50 1
7066 2970 1
7066 8802 1
7066 8153 1
7066 74 1
102 5046 1
102 2851 1
102 281 1
102 4480 1
3328 310 1
7823 1775 1
2530 9996 1
10472 3276 1
1767 2412 1
1767 5868 1
1767 9347 1
1767 442 1
2695 2058 1
2695 7546 1
2695 10983 1
2695 411 1
3361 1242 1
3361 2401 1
5102 7639 1
5102 8761 1
3953 9994 1
3953 8223 1
3953 2046 1
3953 560 1
9081 8123 1
9081 5206 1
9081 4828 1
3858 8233 1
3858 7618 1
3858 9681 1
3858 50 1
11071 10008 1
11071 1057 1
2366 5379 1
9712 8407 1
9712 7920 1
9712 1228 1
3008 5968 1
3008 982 1
10716 7670 1
10716 8812 1
10716 1814 1
2798 2275 1
2798 414 1
1057 3468 1
1057 96 1
3625 2798 1
3625 2275 1
3625 414 1
96 1057 1
96 9195 1
10542 3138 1
10542 5829 1
10542 5304 1
10542 716 1
5319 1780 1
5319 6224 1
5319 1136 1
8204 4701 1
8204 9195 1
8204 96 1
10064 3534 1
10064 3218 1
10064 944 1
3100 3326 1
3100 5241 1
3100 4483 1
3100 5053 1
10896 109 1
10896 317 1
7414 7848 1
7414 10366 1
7414 5237 1
3390 5260 1
3390 109 1
1674 4008 1
1674 3611 1
1674 2359 1
1674 4630 1
3005 9719 1
3005 10634 1
3005 3732 1
7057 2691 1
7057 7123 1
7057 1482 1
7057 411 1
3765 3468 1
3765 2953 1
3765 96 1
9071 6197 1
9071 7123 1
9071 411 1
10812 3590 1
10812 9566 1
1664 3326 1
1664 10004 1
1664 3778 1
1664 11132 1
1664 68 1
599 10973 1
599 4249 1
599 9743 1
599 9857 1
3488 5198 1
3488 599 1
6970 2691 1
6970 7123 1
6970 1482 1
6970 411 1
5229 4654 1
5229 2448 1
3421 2864 1
3421 4782 1
3421 412 1
8644 8146 1
8644 7755 1
8644 1248 1
8644 233 1
6998 8461 1
6998 9743 1
6998 5614 1
6352 6197 1
1414 5230 1
1414 3953 1
1414 1741 1
1414 733 1
496 10837 1
1959 5318 1
1959 3383 1
1959 4060 1
1959 50 1
7182 4654 1
7977 10628 1
7977 10172 1
7977 7843 1
7977 42 1
2552 2281 1
2552 6722 1
2552 4862 1
2552 9427 1
2552 50 1
10782 6196 1
10782 5082 1
10782 7110 1
10782 3415 1
10782 317 1
2077 6935 1
2077 6087 1
2077 53 1
9041 4724 1
4085 4639 1
4085 8861 1
4085 3732 1
4085 9719 1
4085 10399 1
5505 4887 1
5505 8457 1
5505 9491 1
5505 1727 1
2023 3592 1
2023 1818 1
282 8398 1
9491 4679 1
944 8229 1
944 7867 1
944 2798 1
944 414 1
2685 5095 1
3047 2573 1
3047 4842 1
3047 2371 1
3047 442 1
10011 9222 1
10011 842 1
10726 5574 1
10726 6099 1
10726 4464 1
10726 6737 1
10726 68 1
5503 3383 1
5503 9998 1
5503 8802 1
7655 10792 1
7655 5819 1
7655 5442 1
7655 414 1
5914 3346 1
5914 2412 1
5914 9468 1
5914 2226 1
5914 442 1
4173 7835 1
4173 5875 1
4173 6808 1
10394 4325 1
10394 10031 1
10394 1435 1
1689 212 1
2539 8223 1
2539 2390 1
3800 9442 1
3800 3247 1
3800 627 1
7400 2846 1
7400 9577 1
7400 2322 1
7400 281 1
10329 3047 1
10329 10654 1
10329 1767 1
10329 299 1
885 6275 1
885 3823 1
8719 5611 1
8719 4264 1
8719 68 1
3781 9795 1
3781 7090 1
8233 4563 1
8233 3813 1
8233 50 1
1343 2194 1
1343 8091 1
10048 3882 1
10048 5379 1
10048 8595 1
10048 1772 1
9788 6642 1
9788 32 1
4480 3678 1
4480 3993 1
4480 9141 1
4480 8187 1
3181 10158 1
3181 8872 1
3181 1248 1
3181 233 1
4827 4933 1
4827 7494 1
4827 6243 1
4827 3969 1
3086 9406 1
3086 10487 1
3086 6691 1
3086 2162 1
3960 7201 1
3960 10391 1
3960 8439 1
3960 1204 1
2461 5154 1
2461 6286 1
2461 2555 1
2461 6407 1
2461 414 1
8226 6350 1
8226 5724 1
11170 2508 1
11170 7433 1
11170 9681 1
11170 9998 1
11170 50 1
10551 4264 1
10551 4536 1
10551 3409 1
10551 9141 1
10551 68 1
8810 8413 1
613 9887 1
613 5868 1
613 1365 1
613 1152 1
6722 4563 1
6722 3813 1
6722 9605 1
6722 50 1
11122 6843 1
497 3344 1
497 68 1
3094 5402 1
8317 2871 1
1574 3726 1
5056 10319 1
5056 68 1
905 1754 1
905 3566 1
905 2498 1
4387 11130 1
8154 8921 1
8154 1818 1
8116 9101 1
4634 5902 1
4634 5835 1
9857 9743 1
9857 4249 1
9857 599 1
9857 2771 1
9857 904 1
1152 7123 1
1152 5906 1
1152 7352 1
1152 9374 1
9456 9101 1
9456 10248 1
5974 3386 1
5974 3611 1
5974 9732 1
2477 4228 1
2477 9101 1
2477 1775 1
11163 3229 1
11163 9441 1
11163 2114 1
11163 42 1
8413 11009 1
1449 3094 1
1449 1162 1
2360 3996 1
2360 2427 1
2360 9978 1
2360 1001 1
8215 2284 1
8215 8987 1
8215 2077 1
8215 102 1
3846 9795 1
3846 4457 1
3846 9442 1
10810 8415 1
10810 6338 1
10810 10837 1
10810 4476 1
10810 1322 1
9209 7283 1
9209 1351 1
9209 5759 1
9209 3295 1
3986 2371 1
3986 7147 1
3986 8178 1
3986 299 1
3976 5759 1
3976 7390 1
10940 9732 1
10940 6691 1
10940 10882 1
2235 11150 1
9358 2877 1
9358 8153 1
9358 42 1
3597 2691 1
3597 10397 1
3597 5117 1
3597 1482 1
3597 411 1
8178 3372 1
8178 2573 1
8178 10938 1
8178 2371 1
8178 442 1
10494 10243 1
10494 10292 1
2412 9347 1
2412 3457 1
2412 5868 1
2412 2371 1
2412 442 1
9376 643 1
7635 9719 1
9495 10235 1
9495 9793 1
9147 3022 1
9147 8565 1
2605 6243 1
2605 2286 1
4346 4596 1
4346 1659 1
10976 4335 1
10976 2851 1
10976 2545 1
5753 5766 1
5753 5988 1
5753 9194 1
8374 5439 1
8374 4357 1
8374 68 1
144 3751 1
144 3931 1
144 1351 1
8331 7419 1
8331 10973 1
3931 4078 1
3931 9245 1
3931 10248 1
3931 4168 1
3931 720 1
7413 7280 1
7413 4667 1
7413 3765 1
7413 96 1
9482 8199 1
9482 6529 1
9482 5569 1
9482 1351 1
6533 7807 1
6533 4827 1
8274 4104 1
8274 4382 1
8274 8961 1
8274 10723 1
8274 8987 1
8338 4679 1
8338 10429 1
8338 8457 1
3115 2970 1
3115 7676 1
3115 74 1
3759 8349 1
3759 271 1
3759 7924 1
8405 5620 1
9228 10881 1
9228 7123 1
9228 6874 1
9228 5722 1
10969 2840 1
10969 377 1
8700 7924 1
8700 419 1
8700 6017 1
2939 1963 1
5630 1963 1
7854 10817 1
7854 4568 1
7854 2828 1
890 4840 1
890 7102 1
890 890 1
890 8203 1
5385 6898 1
5385 5778 1
5385 3549 1
162 4582 1
1903 5978 1
1903 9605 1
10608 1411 1
10608 5016 1
6008 6898 1
6008 1362 1
9490 3229 1
9490 9441 1
9490 2114 1
9490 42 1
5878 8901 1
5878 5503 1
5878 733 1
2396 3199 1
2396 4424 1
2396 7134 1
7619 8799 1
5055 9870 1
5055 5395 1
5055 1785 1
5055 1722 1
10278 7308 1
10278 4942 1
10278 8767 1
10278 4128 1
10278 687 1
9870 4861 1
9870 4000 1
9870 9996 1
9870 68 1
2195 4480 1
2195 5687 1
6310 10743 1
2700 10743 1
5686 10418 1
5686 414 1
9168 1281 1
3945 8316 1
3945 7945 1
3945 8736 1
3945 7159 1
3945 68 1
6459 8345 1
6459 74 1
8105 4562 1
5296 7312 1
5296 4971 1
5296 1983 1
8778 8778 1
9221 3644 1
9221 9797 1
9221 4877 1
9221 319 1
3663 918 1
3663 4180 1
3663 9221 1
9797 918 1
89 5206 1
2900 7922 1
2900 6792 1
2900 7355 1
1254 4956 1
1254 8151 1
2995 3415 1
10973 8331 1
10973 6801 1
10973 599 1
3566 9605 1
3566 2498 1
3566 1754 1
3229 6786 1
3229 6391 1
3229 2114 1
3229 42 1
8546 5016 1
8546 3611 1
8546 3364 1
5064 2535 1
5064 11087 1
5064 6288 1
5064 74 1
8651 9245 1
10613 5899 1
10613 4128 1
10613 853 1
8872 2864 1
8872 9899 1
8872 359 1
6350 4968 1
6350 1785 1
6350 1274 1
8091 1343 1
8091 716 1
3733 6691 1
3733 6529 1
3733 11109 1
3733 10912 1
3733 42 1
7215 4724 1
7215 8401 1
7215 2877 1
7215 613 1
2404 5515 1
2404 5687 1
2404 4040 1
5442 3678 1
5442 3993 1
5442 11170 1
5442 10723 1
5442 8961 1
3091 6626 1
3091 6017 1
3091 271 1
5726 6626 1
5726 904 1
4704 10147 1
4704 2213 1
5527 8580 1
5527 4462 1
5527 7159 1
5527 3844 1
5527 1211 1
2213 6952 1
2213 9579 1
2213 4704 1
49 10487 1
6935 3409 1
6935 8755 1
6935 8215 1
6935 10600 1
11081 8146 1
11081 7755 1
11081 1248 1
11081 233 1
382 7186 1
4497 8201 1
4497 10837 1
4497 8729 1
4497 2851 1
5831 1248 1
5831 233 1
10769 9793 1
10769 10235 1
10769 6363 1
10769 3415 1
71 8684 1
71 8401 1
71 982 1
71 6836 1
894 7647 1
894 3542 1
4186 10507 1
2540 2650 1
2540 4609 1
2540 8157 1
2540 544 1
2609 547 1
5078 2498 1
1659 9659 1
9066 9237 1
9066 2284 1
2222 4202 1
2222 7295 1
4691 4783 1
4691 8383 1
4691 6849 1
4691 6471 1
4691 6706 1
3045 6874 1
3045 4956 1
3045 5132 1
6738 11033 1
6738 9756 1
6288 2970 1
6288 6529 1
6288 10487 1
6288 7676 1
6288 74 1
7102 8203 1
7102 4408 1
7102 7497 1
7102 887 1
2395 10487 1
2395 6577 1
2395 5016 1
2395 74 1
3218 3022 1
3218 6033 1
3218 4830 1
10410 3229 1
10410 9441 1
10410 2114 1
10410 42 1
8968 8526 1
8526 8968 1
8526 6230 1
3397 7945 1
3397 4298 1
3397 10723 1
3397 7922 1
8335 10266 1
8335 7359 1
8335 6391 1
8335 1674 1
177 3324 1
177 2702 1
177 7071 1
177 7494 1
8407 9712 1
8407 3309 1
8407 310 1
3324 2702 1
3324 6785 1
3324 177 1
9533 373 1
9533 6087 1
3772 6286 1
3772 7359 1
3772 8755 1
3772 7920 1
3772 68 1
6398 3401 1
6398 8229 1
6398 3064 1
5631 9234 1
5631 6843 1
5631 2258 1
2339 9577 1
2339 102 1
2892 9234 1
7830 1439 1
6401 5093 1
6401 5242 1
6401 2650 1
6401 544 1
9693 9346 1
9693 7110 1
9693 10882 1
9693 6257 1
9693 2755 1
3755 5206 1
3755 2650 1
3755 544 1
5200 10116 1
5200 10321 1
10961 4827 1
10961 7494 1
8571 3542 1
8571 7647 1
2446 7647 1
2446 2242 1
800 5868 1
800 5319 1
4092 7224 1
4092 11037 1
4092 4378 1
3740 3542 1
3740 7647 1
4563 9733 1
4563 3625 1
4563 68 1
9497 8401 1
5154 4828 1
5154 6770 1
5154 3317 1
2848 9218 1
2848 3882 1
2848 5241 1
2848 240 1
2025 7588 1
2025 10225 1
8382 9139 1
8382 8592 1
8382 2848 1
8382 5953 1
8382 3797 1
152 9740 1
141 1322 1
10840 3411 1
10840 6035 1
10840 124 1
2567 3093 1
2567 6575 1
2567 4272 1
2444 8362 1
2444 7213 1
9811 8362 1
3227 3772 1
3227 7505 1
3227 68 1
10263 11039 1
7455 7505 1
7455 8316 1
7455 8595 1
2560 2384 1
2560 2970 1
2560 8401 1
2560 6525 1
91 4828 1
91 2555 1
91 8160 1
5882 4480 1
5882 10905 1
5882 11145 1
5882 10287 1
5882 3241 1
9278 5439 1
9278 6059 1
9278 4298 1
9278 6595 1
9278 68 1
4774 9141 1
4774 6770 1
4774 4464 1
4774 8374 1
4774 68 1
9958 9105 1
9958 5406 1
8004 4596 1
1420 8681 1
1420 558 1
4492 6407 1
4492 10837 1
4492 7494 1
377 1190 1
377 4457 1
377 271 1
8401 42 1
4286 4168 1
4286 11039 1
4286 6060 1
4286 7530 1
4286 1403 1
4332 3611 1
4332 6706 1
4332 2177 1
1863 9423 1
1863 10326 1
784 9778 1
784 8832 1
5048 2970 1
5048 9108 1
5048 10487 1
5048 7676 1
5048 74 1
6789 1453 1
6789 544 1
6789 8832 1
6789 497 1
9778 8832 1
9778 784 1
4840 2145 1
681 5448 1
681 6163 1
9361 9188 1
9361 6163 1
9361 681 1
11007 4724 1
11007 3053 1
11007 10157 1
11007 370 1
3517 10318 1
3517 7147 1
3517 4104 1
3517 4536 1
3517 68 1
8740 3542 1
8740 1874 1
8740 1860 1
10106 8542 1
10106 8406 1
10106 3433 1
10106 8143 1
1876 7186 1
1876 6348 1
1876 1190 1
10929 252 1
4388 4387 1
4388 4956 1
4388 5206 1
4388 3877 1
10149 9072 1
10149 68 1
8958 7511 1
8958 4639 1
8958 9719 1
8958 3732 1
4404 7635 1
5639 8401 1
5639 8684 1
5639 414 1
7670 10716 1
7670 1814 1
4378 11037 1
4378 4092 1
2295 5206 1
2295 10429 1
3678 5161 1
3678 9141 1
3678 3386 1
3678 68 1
1439 1087 1
1439 7830 1
1439 438 1
616 5839 1
3611 74 1
10195 8407 1
10195 310 1
1965 3100 1
1965 68 1
1232 2359 1
3290 9969 1
3290 9870 1
10313 9969 1
10313 3290 1
10004 5574 1
10004 6099 1
10004 4464 1
10004 6737 1
10004 68 1
7948 5402 1
7948 10235 1
7948 9175 1
7373 4304 1
8960 7798 1
8960 7373 1
8960 9974 1
8960 10604 1
8960 3653 1
7921 8149 1
7921 8362 1
7921 4213 1
7098 10434 1
7098 209 1
4629 5064 1
4629 8187 1
4629 7806 1
4629 7768 1
4629 74 1
6275 9795 1
6275 885 1
6275 3823 1
9142 5574 1
9142 6099 1
9142 4464 1
9142 6737 1
9142 68 1
5395 4474 1
5395 4774 1
5395 3772 1
5395 68 1
4877 8755 1
4877 8274 1
4877 4464 1
4877 68 1
6605 904 1
4146 7885 1
4146 5319 1
4146 982 1
2500 6503 1
2500 4679 1
2500 4526 1
2500 6057 1
7598 5899 1
7598 3528 1
7598 6197 1
7598 2954 1
7598 370 1
4061 10886 1
4061 8374 1
4061 8229 1
4061 6894 1
4061 68 1
4200 5116 1
4200 5071 1
4200 6926 1
4200 7965 1
4200 7885 1
3705 1780 1
3705 7885 1
3705 5868 1
3705 6224 1
3705 1136 1
3778 8871 1
3778 9278 1
3778 9473 1
3778 68 1
10020 8054 1
10020 10628 1
10020 74 1
10266 3397 1
10266 2535 1
3682 7134 1
3682 6118 1
3682 4078 1
3682 2466 1
2859 11130 1
2859 2877 1
10243 8943 1
10243 10494 1
10243 382 1
8009 4954 1
9779 2127 1
9779 4003 1
9779 7965 1
9779 486 1
8133 4098 1
8133 2614 1
8133 8395 1
8133 2362 1
8133 295 1
2372 3409 1
2372 1162 1
1344 5237 1
1344 2784 1
10397 5016 1
10397 10318 1
10397 161 1
10366 7848 1
10366 5237 1
10366 7414 1
2959 3663 1
2959 9797 1
2959 2558 1
7848 3455 1
7848 9041 1
7848 10366 1
7848 1274 1
2784 5237 1
2784 1344 1
6525 4861 1
6525 3993 1
6525 68 1
10007 9870 1
10007 10158 1
1777 6087 1
1777 6465 1
522 7020 1
522 8767 1
522 1435 1
10491 7364 1
10491 7238 1
10491 8987 1
10491 9020 1
3797 5953 1
3797 9139 1
3797 8592 1
3797 2848 1
9020 10491 1
9020 8987 1
9020 3409 1
9020 7364 1
9020 7238 1
920 3754 1
920 8756 1
920 5899 1
6196 2846 1
6196 9693 1
6196 8178 1
6196 299 1
2081 6935 1
2081 6391 1
2081 42 1
8973 2864 1
8973 240 1
6291 3270 1
6291 10205 1
6291 11130 1
9710 3644 1
9710 319 1
6228 3062 1
7874 7259 1
9528 4937 1
2121 9400 1
2121 4238 1
2121 68 1
3270 11130 1
9765 10225 1
10205 1533 1
10205 6291 1
10205 543 1
3241 4104 1
3241 6391 1
5680 8611 1
5680 4630 1
5680 3415 1
4034 8611 1
6503 8457 1
6503 4679 1
6503 4526 1
6503 2500 1
3482 4747 1
3482 2798 1
3482 2275 1
3482 414 1
1741 4040 1
1741 5364 1
1741 9839 1
10794 4408 1
10794 10034 1
10794 2072 1
3774 6052 1
3774 6286 1
3774 5501 1
3774 8580 1
3774 1211 1
5515 6770 1
5515 7876 1
5515 5687 1
9198 4040 1
5906 10397 1
5906 10983 1
5906 9788 1
5906 6936 1
5906 161 1
7359 3227 1
7359 3397 1
9195 3468 1
9195 5741 1
9195 2953 1
9195 96 1
6033 3022 1
6033 537 1
9515 5839 1
10338 5934 1
10338 2555 1
10338 9017 1
10338 1945 1
10338 1140 1
4275 5839 1
8587 9954 1
8587 7071 1
6391 3229 1
6391 8767 1
6391 7371 1
4862 5569 1
4862 10434 1
4862 50 1
934 11177 1
934 9743 1
934 8832 1
934 10634 1
9872 9346 1
9872 11007 1
9872 16 1
1180 4782 1
1180 3678 1
1180 2864 1
2921 1248 1
2921 233 1
991 3415 1
991 8611 1
444 2077 1
10890 3372 1
10890 2573 1
10890 8959 1
10890 2371 1
10890 442 1
2185 1659 1
2185 5206 1
2185 1087 1
3346 7299 1
3346 2573 1
3346 10938 1
3346 2371 1
3346 442 1
4079 2127 1
4079 9779 1
4079 4003 1
4079 7965 1
4079 486 1
9017 7496 1
9017 5934 1
9017 10338 1
9017 1945 1
9017 1140 1
7402 5519 1
5236 5519 1
10174 10373 1
10174 2691 1
10174 9277 1
10174 7176 1
1944 4865 1
7705 2846 1
9413 5519 1
430 2680 1
430 6197 1
8660 6229 1
8660 3918 1
8660 7361 1
8660 3384 1
8660 393 1
9562 2680 1
9562 2590 1
9562 430 1
9876 6076 1
9876 2762 1
9876 91 1
4115 7695 1
4115 6059 1
4115 68 1
3292 2548 1
6327 2175 1
6327 6737 1
6327 10149 1
6327 7720 1
6327 209 1
10673 4098 1
10673 2614 1
10673 10551 1
10673 2362 1
10673 295 1
807 9044 1
807 10143 1
807 4870 1
807 10634 1
807 3344 1
10503 4568 1
10503 2109 1
3539 4245 1
3539 4956 1
5185 8755 1
3478 1248 1
3478 233 1
3720 2864 1
3720 359 1
7835 6808 1
7835 5875 1
7835 4173 1
8998 4477 1
8998 9142 1
8998 8987 1
8998 9870 1
3386 7867 1
3386 3813 1
3386 10318 1
3386 5395 1
3386 68 1
5925 10804 1
5925 8936 1
5925 9964 1
5925 7699 1
5925 2112 1
164 1956 1
164 5764 1
1810 6513 1
1810 6229 1
1810 2796 1
1810 393 1
7988 1453 1
7988 6722 1
7988 5206 1
7988 512 1
8811 5202 1
2 10983 1
2 319 1
2 9912 1
3987 3996 1
5633 10507 1
5633 3265 1
9108 11132 1
9108 7494 1
9108 9899 1
9108 74 1
8285 2854 1
8285 8095 1
8285 8903 1
8285 42 1
7910 5527 1
7910 4462 1
7910 3844 1
7910 1211 1
8802 4536 1
8802 4892 1
8802 3788 1
8802 9998 1
8802 50 1
2218 4021 1
2218 4968 1
2218 377 1
5510 11037 1
5510 7224 1
1278 3457 1
1278 6926 1
1278 2127 1
1278 486 1
9218 4104 1
9218 4474 1
9218 3386 1
9218 10886 1
9218 50 1
7920 5318 1
7920 5792 1
7920 4297 1
7920 6391 1
7920 68 1
9566 8378 1
556 8901 1
3411 6902 1
8349 6243 1
5161 7239 1
5161 6737 1
5161 4464 1
5161 6286 1
5161 68 1
6902 5154 1
6902 8901 1
10564 9442 1
10564 4747 1
8095 3229 1
8095 9441 1
8095 8935 1
8095 2114 1
8095 42 1
4613 8901 1
1132 3097 1
1132 7147 1
1132 68 1
2778 902 1
7816 2877 1
7816 10149 1
7816 240 1
4334 1814 1
4334 10676 1
2298 6161 1
2298 7213 1
7213 2298 1
3098 8532 1
3098 1775 1
2508 4104 1
2508 4766 1
2508 6890 1
2508 4606 1
2508 50 1
862 10828 1
4344 10634 1
2603 9180 1
2603 1453 1
7902 1780 1
7902 5868 1
7902 5319 1
7902 1136 1
6161 442 1
887 1281 1
6552 2226 1
6552 10890 1
6552 8753 1
10034 4408 1
10034 10913 1
10034 3247 1
10034 461 1
6255 2466 1
6255 9072 1
6255 1132 1
6255 209 1
8118 1494 1
3813 4115 1
3813 8755 1
3813 4060 1
3813 4774 1
7295 9954 1
7295 4202 1
7295 2222 1
2072 4408 1
2072 4098 1
2072 3247 1
5501 4462 1
5501 7159 1
5501 3844 1
5501 1211 1
7970 5451 1
7970 11177 1
9616 5569 1
9616 9278 1
189 918 1
189 8542 1
189 2558 1
4304 7373 1
4304 5312 1
10107 3663 1
10107 9797 1
10107 2959 1
10107 2558 1
1984 11177 1
3662 11177 1
7913 8223 1
7090 9795 1
7090 3781 1
8736 4349 1
8736 9373 1
8736 50 1
1772 2842 1
1772 5968 1
1772 10048 1
7530 4061 1
7530 4286 1
7530 8987 1
7530 8523 1
7530 8998 1
8624 9659 1
8624 10398 1
11093 2796 1
11093 2162 1
11093 8215 1
11093 102 1
5582 5312 1
5582 2121 1
7228 2877 1
7228 10654 1
7228 10158 1
7228 42 1
264 4464 1
264 2044 1
264 1959 1
8102 368 1
8102 1698 1
2879 5441 1
2879 5970 1
2879 5312 1
2879 1403 1
8106 5312 1
8106 4551 1
8106 317 1
7698 7050 1
2840 10969 1
9804 4296 1
3568 8033 1
3568 4423 1
3568 7808 1
5214 6332 1
10582 10326 1
3457 2846 1
3457 3986 1
3457 414 1
5198 3488 1
5198 5614 1
3097 1229 1
3097 240 1
1356 2046 1
1356 1700 1
1356 9105 1
1356 3800 1
1993 1700 1
1993 7314 1
1993 3247 1
1993 3150 1
1993 767 1
9400 5395 1
9400 5974 1
9400 4297 1
9400 6563 1
9400 68 1
4462 5501 1
4462 3844 1
4462 1211 1
8122 10405 1
8122 3382 1
10053 10860 1
10053 1659 1
4830 3218 1
4830 2175 1
4830 5241 1
10405 8122 1
10405 3382 1
2175 9108 1
2175 2848 1
2175 3517 1
2175 240 1
8878 9291 1
8878 8357 1
8878 363 1
3189 8252 1
3189 11033 1
3189 1379 1
9225 9995 1
9225 8419 1
9225 8413 1
9225 1379 1
4670 5885 1
4670 5696 1
4670 10235 1
4670 3969 1
7139 8118 1
7139 5731 1
7139 1229 1
3657 3383 1
3657 10723 1
3657 2064 1
5953 9139 1
5953 10022 1
5953 2848 1
11176 2064 1
11176 6459 1
11176 6391 1
10353 3877 1
10353 369 1
3380 6843 1
5205 7661 1
5205 10192 1
4382 8755 1
4382 8802 1
4382 4000 1
4382 7676 1
4382 50 1
10192 7661 1
10192 5205 1
2595 2175 1
2595 6737 1
2595 209 1
6077 7229 1
6077 6035 1
6077 10031 1
6077 4947 1
6077 4325 1
4238 10343 1
4238 8345 1
4238 8716 1
4238 4298 1
4238 50 1
7720 6328 1
7720 18 1
2782 7147 1
6074 8155 1
6074 7062 1
6074 6575 1
6074 10259 1
6074 7251 1
1136 5319 1
1136 4146 1
1136 6224 1
4021 9180 1
4021 377 1
9996 8901 1
9996 5697 1
9996 9924 1
9996 5154 1
4232 9996 1
4232 8901 1
4232 5132 1
4232 5697 1
5730 4230 1
5730 7970 1
2044 3788 1
2044 6894 1
2044 3227 1
2044 9939 1
2044 50 1
4245 3539 1
4245 6841 1
4245 4956 1
5260 256 1
4297 10318 1
4297 5241 1
4297 4264 1
4297 7676 1
4297 68 1
10881 10954 1
10881 10723 1
10343 4563 1
10343 5161 1
10343 3813 1
10343 68 1
5120 4168 1
5120 11039 1
5120 6060 1
5120 7530 1
5120 1403 1
4946 8184 1
4946 6086 1
7663 5503 1
7663 6097 1
7663 4382 1
7663 6722 1
7663 68 1
1519 2614 1
1519 4709 1
1519 3772 1
1519 7359 1
1519 5906 1
4621 1453 1
4621 6789 1
4621 5985 1
4621 497 1
8103 3197 1
8103 7147 1
8103 6737 1
7280 9195 1
7280 4667 1
7280 10835 1
7280 3765 1
7280 96 1
2362 2466 1
2362 7663 1
2362 295 1
716 6087 1
716 373 1
5654 7689 1
5654 3918 1
5654 5974 1
5654 3384 1
5654 393 1
4008 2535 1
4008 6033 1
6927 3788 1
6927 2362 1
6927 7768 1
6927 295 1
2642 2064 1
901 5083 1
5934 7496 1
5934 10338 1
5934 9017 1
5934 1945 1
5934 1140 1
4193 9973 1
4193 4596 1
9775 5083 1
10319 5970 1
10319 5968 1
58 5990 1
58 3986 1
5536 3047 1
5536 9468 1
5536 5990 1
5536 1767 1
5536 299 1
4713 7134 1
4713 4078 1
970 10422 1
762 9579 1
5985 1453 1
5985 9566 1
5985 8378 1
5985 497 1
1047 9818 1
7294 2877 1
7294 2077 1
7294 42 1
5095 2200 1
7933 10291 1
8756 9072 1
4831 2498 1
4831 7637 1
4831 10355 1
1349 2590 1
1349 8468 1
1349 4787 1
1349 8810 1
5172 10291 1
2703 8432 1
2703 3653 1
9291 2987 1
9291 8878 1
9291 8357 1
9291 363 1
5586 8595 1
5586 240 1
363 2987 1
363 8878 1
6973 6973 1
6973 10235 1
6973 9261 1
6973 2194 1
2035 6087 1
2035 8199 1
2035 1533 1
9442 2864 1
9442 2530 1
10897 9261 1
10897 2194 1
4313 8604 1
3149 8846 1
3149 7807 1
3149 7143 1
3149 5744 1
1695 3103 1
1695 8398 1
10400 544 1
9577 4238 1
9577 4483 1
9577 3409 1
9577 9141 1
9577 68 1
2085 75 1
7169 9457 1
7169 9228 1
9296 8316 1
9296 11132 1
9296 74 1
10755 7224 1
10755 1149 1
3909 7403 1
3909 3836 1
5555 7924 1
5555 3102 1
7201 10086 1
7201 8432 1
7201 627 1
3265 10507 1
3265 5633 1
9026 8461 1
1308 564 1
2384 3913 1
2384 4180 1
2384 8719 1
2384 2560 1
5167 352 1
5167 4208 1
6908 7639 1
6908 2085 1
8153 4483 1
8153 10158 1
8153 8316 1
3215 2864 1
3215 359 1
1474 9358 1
1474 3295 1
1474 1785 1
1474 7639 1
4766 4349 1
4766 4606 1
4766 5053 1
4766 11132 1
4766 8187 1
3451 9969 1
7062 7251 1
7062 10259 1
7062 6074 1
2947 8157 1
2947 4609 1
2947 6430 1
2947 2650 1
2947 544 1
7885 8705 1
7885 442 1
6353 3229 1
6353 7017 1
6353 8285 1
6353 2114 1
6353 42 1
7755 9761 1
7755 1248 1
7755 233 1
5046 3813 1
5046 9934 1
5046 2284 1
9473 5574 1
9473 6099 1
9473 4464 1
9473 6737 1
9473 68 1
10908 7988 1
10908 1281 1
5206 2987 1
5206 2185 1
6057 10008 1
6057 4526 1
6057 923 1
834 4382 1
834 5056 1
6595 3788 1
6595 9072 1
6595 8871 1
982 10551 1
982 3397 1
982 4061 1
982 8961 1
4464 10343 1
4464 9218 1
4464 68 1
8579 4247 1
8579 6785 1
5574 3957 1
5574 6737 1
7497 2878 1
7497 7139 1
7497 1494 1
6431 5902 1
10147 6099 1
10147 4128 1
10147 2877 1
10147 687 1
369 10353 1
2015 2145 1
2015 363 1
5545 4230 1
5545 7110 1
5545 317 1
10768 5441 1
10768 10411 1
10768 4382 1
10768 369 1
2953 8204 1
2953 96 1
9924 5697 1
9924 9578 1
9924 9996 1
4701 5741 1
4701 4667 1
4701 3765 1
4701 96 1
10008 3765 1
10008 2646 1
10008 10835 1
10008 96 1
2601 3373 1
2601 299 1
7871 3590 1
9612 10830 1
7143 9457 1
7143 5744 1
7143 8846 1
7143 3149 1
8561 10830 1
446 4596 1
1365 1190 1
6407 5451 1
6407 2555 1
6407 6525 1
6407 310 1
240 10031 1
240 6101 1
2709 4357 1
2709 3918 1
2709 8100 1
2709 5974 1
2709 393 1
4325 6035 1
4325 3528 1
4325 1435 1
10086 6908 1
10086 4371 1
10086 7201 1
10086 720 1
7845 8316 1
7845 6459 1
7845 240 1
6035 4724 1
6035 7215 1
6035 2954 1
9740 5296 1
9740 9169 1
9740 152 1
6258 5379 1
6258 10048 1
6258 1772 1
8611 5680 1
8611 4034 1
8611 904 1
1204 3960 1
1204 6642 1
1204 102 1
1403 5968 1
2226 8959 1
2226 3457 1
2226 442 1
5969 4477 1
5969 4861 1
5969 3772 1
5969 50 1
6792 8736 1
6792 7922 1
6792 3517 1
2373 8157 1
2373 8462 1
2373 4609 1
2373 544 1
4842 2601 1
4842 7885 1
4842 7123 1
4842 370 1
8504 8401 1
8504 10287 1
8504 2975 1
5117 2691 1
5117 7546 1
5117 1482 1
5117 411 1
3594 4787 1
3594 8468 1
9216 6372 1
9216 5824 1
9216 5722 1
4278 2842 1
4278 10654 1
4278 4351 1
4278 18 1
3455 10860 1
3455 7848 1
3455 1274 1
3455 6352 1
2680 3478 1
2680 4264 1
2680 9562 1
2680 430 1
4421 53 1
6890 2552 1
6890 7211 1
6890 7091 1
6890 50 1
7551 10321 1
4069 3218 1
4069 7147 1
4069 5604 1
4069 42 1
3246 9225 1
8184 6086 1
8184 4946 1
6443 2691 1
6443 7123 1
6443 1482 1
6443 411 1
8912 3572 1
8912 2339 1
8912 10086 1
8912 2162 1
8912 281 1
7171 2944 1
7171 8959 1
7171 8178 1
7171 299 1
6849 10905 1
6849 5882 1
6849 2177 1
9868 2015 1
9868 4596 1
9868 363 1
6737 3097 1
6737 9278 1
7894 7698 1
7894 1142 1
2671 4840 1
8432 7299 1
8432 5696 1
8432 7373 1
8432 4371 1
6991 3229 1
6991 9438 1
6991 7876 1
6991 2114 1
6991 42 1
5764 1956 1
5764 164 1
6326 6118 1
6326 5885 1
6326 1533 1
3857 5116 1
3857 7885 1
3857 6926 1
3857 5071 1
9912 4562 1
9912 2401 1
9912 8684 1
9912 941 1
9912 319 1
11039 4865 1
11039 414 1
6101 2508 1
6101 8187 1
6101 6722 1
6101 50 1
9044 6228 1
9044 3813 1
9044 3062 1
9044 317 1
2243 7359 1
2243 8330 1
2243 5056 1
2243 68 1
7466 6407 1
7466 310 1
2528 8514 1
10801 4078 1
10801 7861 1
10801 3223 1
4787 8468 1
4787 3594 1
4787 2590 1
10104 5016 1
10104 537 1
1874 8740 1
1874 7542 1
1874 1860 1
6097 4861 1
6097 3993 1
6097 68 1
9950 10235 1
9950 627 1
5012 10830 1
5012 9946 1
8420 5402 1
10161 6086 1
9934 5046 1
9934 6286 1
9934 2284 1
9934 102 1
1229 7229 1
1229 6328 1
1229 6595 1
4104 3100 1
4104 3326 1
4104 7768 1
11132 4264 1
11132 4536 1
11132 8998 1
11132 10886 1
3754 9235 1
3754 6642 1
3754 982 1
10718 7433 1
10718 11170 1
9072 5442 1
9072 32 1
6259 8009 1
6259 6561 1
6259 7314 1
6259 8592 1
6259 6251 1
1036 10840 1
1036 7433 1
10912 3572 1
10912 9788 1
10912 42 1
8151 5451 1
1187 9079 1
1187 9995 1
5208 5093 1
5208 10118 1
5208 2166 1
7255 7211 1
7255 3276 1
1494 8118 1
1494 7102 1
8078 2691 1
8078 7719 1
8078 10983 1
8078 1482 1
8078 411 1
4596 2985 1
4596 8167 1
4596 209 1
10118 5208 1
10118 2166 1
3534 3397 1
3534 8345 1
3534 2851 1
2401 9912 1
2401 5824 1
2401 1414 1
2401 53 1
4870 11132 1
4870 317 1
9165 5439 1
9165 5974 1
9165 4298 1
9165 6563 1
9165 68 1
10906 4793 1
10906 2851 1
10906 5722 1
7994 2691 1
7994 7719 1
7994 10983 1
7994 1482 1
7994 411 1
1030 8832 1
1030 3755 1
8330 2970 1
8330 10172 1
8330 10487 1
8330 74 1
10678 6980 1
10678 2691 1
232 5364 1
232 264 1
232 2243 1
232 50 1
5170 1269 1
5170 8772 1
5170 10913 1
10866 5835 1
10866 5902 1
2182 8468 1
2182 2590 1
9146 4861 1
9146 5318 1
9146 3957 1
9146 9939 1
9146 68 1
6286 4238 1
6286 4480 1
6286 11167 1
6286 10041 1
6286 9165 1
9578 9924 1
9578 4654 1
3022 3517 1
3022 5163 1
3022 6577 1
3022 68 1
3004 6430 1
7419 10550 1
6163 2840 1
10309 5639 1
10309 8684 1
10309 414 1
3345 11113 1
3345 9756 1
9486 1204 1
9486 11177 1
9486 10564 1
3952 1775 1
3952 438 1
7434 4954 1
7434 3572 1
7434 8009 1
7434 2078 1
9175 7373 1
9175 4866 1
9175 7948 1
9175 4371 1
9998 2552 1
9998 11060 1
9998 50 1
4237 7802 1
4237 3746 1
4237 10868 1
1362 6898 1
1362 7203 1
1362 6008 1
3103 8398 1
3103 1695 1
10411 4536 1
10411 3877 1
10411 369 1
8670 5108 1
2944 7299 1
2944 5868 1
2944 2371 1
2944 442 1
8167 2987 1
8167 2985 1
8167 4596 1
4149 7123 1
4149 6443 1
4149 10143 1
4149 42 1
11113 9743 1
5053 10287 1
5053 6737 1
5053 4464 1
5053 6286 1
5053 68 1
5742 8532 1
5742 10021 1
2260 3597 1
2260 5117 1
2260 1482 1
2260 411 1
6577 1965 1
6577 8233 1
6577 50 1
7819 862 1
7819 6803 1
412 1887 1
412 9072 1
412 8345 1
412 3397 1
8642 9588 1
7843 9296 1
7843 68 1
6197 9374 1
6197 6109 1
6197 161 1
7020 5421 1
7020 4947 1
7020 1435 1
1785 68 1
7546 2691 1
7546 10528 1
7546 10983 1
7546 1482 1
7546 411 1
5077 2046 1
10300 2465 1
5875 7835 1
5875 4173 1
5875 6808 1
10280 1860 1
9443 10319 1
9443 5970 1
4351 3229 1
4351 6737 1
4351 2114 1
4351 42 1
3528 10157 1
3528 9887 1
3528 3053 1
3528 370 1
5829 716 1
9944 5696 1
9944 5312 1
9944 7843 1
9944 10235 1
9944 2458 1
4247 11177 1
5988 5753 1
5988 9194 1
5988 5766 1
2864 2301 1
2864 3421 1
2864 1180 1
2864 233 1
6061 5574 1
6061 8961 1
6061 4464 1
6061 9141 1
6061 68 1
7802 3746 1
7059 4782 1
7059 4240 1
5318 4563 1
5318 3813 1
5318 6577 1
5318 50 1
6659 9994 1
9899 8644 1
9899 895 1
9899 359 1
9887 3342 1
9887 5868 1
9887 2944 1
9887 442 1
8146 9761 1
8146 7755 1
8146 1248 1
8146 233 1
4215 8624 1
4215 4298 1
9438 3229 1
9438 2114 1
9438 42 1
8491 9946 1
3317 3229 1
3317 8215 1
3317 4892 1
3317 5616 1
3317 4382 1
9405 2691 1
9405 7719 1
9405 10983 1
9405 1482 1
9405 411 1
10418 2162 1
10418 10912 1
10418 982 1
10418 42 1
6936 6197 1
6936 8381 1
6936 7719 1
6936 411 1
352 5167 1
352 1482 1
352 2298 1
10798 1698 1
2223 2831 1
2223 7352 1
2223 5117 1
2223 1482 1
2223 411 1
5705 3345 1
5705 4262 1
10041 5792 1
10041 4297 1
10041 6391 1
10041 68 1
4818 2078 1
4818 10143 1
4818 53 1
9756 6738 1
9756 10233 1
3064 5318 1
3064 4774 1
3064 6097 1
3064 68 1
2779 6465 1
2779 7807 1
2779 5540 1
8002 2401 1
8002 1275 1
8002 359 1
125 9165 1
125 10528 1
6257 9044 1
6257 6197 1
6257 9693 1
6257 5441 1
7370 9733 1
7370 8274 1
7370 8871 1
7370 68 1
5819 2545 1
5819 7758 1
5819 18 1
7560 9740 1
7560 10291 1
7560 8703 1
7560 6251 1
4078 4874 1
4078 2975 1
4078 5364 1
4078 53 1
9839 2498 1
5724 3346 1
5724 8178 1
5724 10329 1
5724 2226 1
5724 442 1
2242 3542 1
2242 7647 1
11173 2691 1
11173 7719 1
11173 1482 1
11173 411 1
474 10498 1
4850 9744 1
4850 3724 1
4850 2650 1
4850 544 1
2286 8604 1
2286 6579 1
2286 7267 1
4027 2691 1
4027 4757 1
4027 5117 1
4027 1482 1
4027 411 1
10140 8398 1
1435 8767 1
1435 10394 1
1435 4128 1
2258 5631 1
2258 9234 1
9222 10011 1
9222 842 1
3904 9701 1
3904 3894 1
10868 9376 1
10868 3746 1
9247 10321 1
9247 9028 1
8316 3386 1
8316 6737 1
8316 8187 1
4296 176 1
2555 10338 1
2555 7110 1
2555 317 1
18 2932 1
5241 3840 1
5241 4104 1
5241 8506 1
5241 9072 1
5299 10782 1
3653 2004 1
1912 10398 1
1912 10913 1
10496 7629 1
10496 7922 1
10496 9788 1
10496 2932 1
6076 9349 1
2594 2695 1
2594 3809 1
4335 11167 1
4335 8580 1
4335 5501 1
4335 3844 1
4335 1211 1
853 2848 1
853 10954 1
853 176 1
941 6918 1
941 4892 1
941 3788 1
941 1535 1
941 68 1
9646 8457 1
9646 6057 1
9646 4526 1
9646 4887 1
9646 4679 1
1762 9573 1
1762 4973 1
1762 8266 1
1762 2466 1
7147 8316 1
7147 8385 1
7147 7000 1
7147 6391 1
7147 414 1
5406 9958 1
5406 7124 1
5406 10497 1
5406 9105 1
2209 2527 1
2209 6926 1
2209 3489 1
2209 10954 1
2209 624 1
468 2671 1
468 3494 1
4973 2140 1
4973 7511 1
4973 1762 1
4973 7415 1
5163 7563 1
5163 10339 1
5163 74 1
1681 8187 1
1681 8883 1
1681 4774 1
1681 50 1
5684 10367 1
5684 5084 1
5684 444 1
461 1226 1
461 7097 1
461 8635 1
461 2499 1
5304 3138 1
5304 8072 1
5304 5829 1
5304 716 1
4663 2970 1
4663 9108 1
4663 10487 1
4663 7676 1
4663 74 1
7132 9679 1
3840 4480 1
3840 5016 1
3840 3100 1
6299 4457 1
6299 7594 1
6299 1887 1
5424 2359 1
5424 4109 1
5424 2237 1
8906 2997 1
8906 1956 1
4407 7139 1
4407 7192 1
4407 3136 1
5230 8178 1
5230 10814 1
5230 42 1
1887 4457 1
1887 6299 1
1887 412 1
551 4474 1
551 8057 1
551 10234 1
8361 9946 1
8361 8780 1
8361 7540 1
8361 1346 1
3138 10542 1
3138 716 1
7253 2535 1
7253 8133 1
7253 1153 1
7253 264 1
10487 10020 1
10487 11177 1
10487 7370 1
10487 49 1
6372 6981 1
6372 5824 1
6372 977 1
1149 10755 1
1149 6351 1
1149 7224 1
2027 5021 1
2027 5002 1
2027 2046 1
2027 4677 1
286 4389 1
286 9980 1
286 10037 1
286 5651 1
2755 11113 1
2755 7390 1
2431 9270 1
2431 7924 1
2431 3102 1
2431 7169 1
465 10291 1
10911 7211 1
10911 7334 1
10911 1159 1
10422 10142 1
10422 8378 1
10422 11186 1
10422 6350 1
10422 970 1
8681 5675 1
8681 3162 1
8681 1774 1
8681 564 1
1274 6197 1
1274 4741 1
1274 4211 1
1274 430 1
5868 2226 1
5868 10938 1
5868 7299 1
5868 370 1
11091 4208 1
11091 10759 1
11091 1382 1
2038 6458 1
2038 8248 1
2109 4568 1
2109 7854 1
2109 10503 1
10814 3372 1
10814 2573 1
10814 8959 1
10814 2371 1
10814 442 1
368 7635 1
368 10685 1
368 7914 1
368 11150 1
2022 10928 1
2022 2423 1
5439 7945 1
5439 5969 1
5439 4464 1
5439 6770 1
5439 68 1
8921 4555 1
8921 989 1
8523 4477 1
8523 4774 1
8523 3644 1
8523 68 1
2762 2058 1
2762 6803 1
2762 11173 1
2762 4937 1
2762 411 1
4503 6952 1
4503 2112 1
4123 10229 1
4123 10937 1
4123 8049 1
7605 8447 1
7605 9957 1
7605 4760 1
7605 4249 1
9346 6525 1
9346 10882 1
9346 6196 1
11087 6288 1
11087 7977 1
11087 74 1
1211 7968 1
1211 5501 1
1211 10909 1
5731 4069 1
5731 7139 1
5731 1229 1
6685 7176 1
6685 11074 1
6685 6096 1
3223 10801 1
3223 7488 1
3223 9679 1
3223 642 1
8161 6626 1
5360 2600 1
5360 2015 1
5360 6518 1
5360 1727 1
1983 5296 1
1983 4971 1
1983 8528 1
3724 3755 1
3724 6401 1
3724 6430 1
3724 2650 1
3724 544 1
7914 6107 1
7914 11177 1
7914 5722 1
7914 368 1
8385 2736 1
2903 8867 1
2903 9754 1
2903 3096 1
2903 1282 1
1162 4457 1
1162 8987 1
1162 5599 1
1162 2620 1
1162 7395 1
5944 6154 1
5944 2555 1
5944 6435 1
5944 5083 1
3285 5814 1
3285 4852 1
3285 1273 1
6767 4404 1
6767 2650 1
6767 10549 1
6767 2460 1
6767 544 1
7861 9679 1
7861 10286 1
7861 9482 1
7861 10801 1
5202 4423 1
5202 6808 1
5202 2528 1
8684 1681 1
8684 42 1
1891 8316 1
1891 7867 1
1891 3326 1
1891 2498 1
9939 5053 1
9939 5503 1
9939 4104 1
9939 10723 1
5824 6914 1
5824 7937 1
1709 10235 1
1709 109 1
9131 10231 1
9131 8215 1
9131 102 1
7390 4956 1
7390 7110 1
7390 377 1
7229 6737 1
7229 10613 1
7229 209 1
6938 8767 1
6938 1132 1
6938 240 1
7761 8108 1
7761 11069 1
7761 9101 1
7761 1923 1
3844 3510 1
3844 6052 1
3844 2535 1
2301 2821 1
2301 1248 1
2301 233 1
4042 11087 1
4042 3918 1
4042 8100 1
4042 3384 1
4042 393 1
4865 2466 1
4865 5974 1
4865 6097 1
4865 264 1
4937 10158 1
4937 6111 1
8229 4115 1
8229 4477 1
8229 9427 1
8229 10343 1
8229 9146 1
4747 4357 1
4747 3625 1
4747 8233 1
4747 68 1
9666 4104 1
9666 9928 1
9666 6459 1
9666 1806 1
6513 6229 1
6513 3918 1
6513 7361 1
6513 3384 1
6513 393 1
8883 4842 1
8883 3053 1
8883 4947 1
8883 2877 1
8883 613 1
2265 4732 1
2265 4582 1
2265 10986 1
2265 3530 1
7203 6008 1
7203 6898 1
7203 1362 1
239 7732 1
239 3842 1
239 4546 1
10850 3528 1
10850 3053 1
10850 613 1
4709 3409 1
4709 2362 1
4709 1519 1
4709 295 1
10470 8345 1
10470 7016 1
10470 10373 1
8729 4162 1
8729 7547 1
8729 10837 1
7364 9020 1
7364 10491 1
7364 3409 1
7364 8987 1
7364 7238 1
3882 2595 1
3882 6335 1
3882 1229 1
3882 240 1
7352 2224 1
7352 6821 1
7352 8543 1
7352 7546 1
7352 161 1
5611 5503 1
5611 8229 1
5611 4382 1
5611 6737 1
5611 68 1
3542 2107 1
3542 10868 1
10654 42 1
4724 4947 1
4724 10031 1
4724 3528 1
4724 613 1
6465 6538 1
3996 6087 1
3996 4415 1
3996 1204 1
4819 6767 1
4819 9180 1
4819 1453 1
3289 2145 1
3289 5181 1
3289 7067 1
3289 8921 1
3289 989 1
2466 3409 1
2466 9593 1
2466 8345 1
1453 1860 1
1453 4621 1
1453 9627 1
1453 6789 1
10158 6935 1
10158 8153 1
10158 42 1
6043 2275 1
6043 8282 1
6043 1643 1
8054 9594 1
8054 10172 1
8054 11008 1
8054 7494 1
8054 74 1
2831 2691 1
2831 10143 1
2831 5117 1
2831 1482 1
2831 411 1
4477 4607 1
4477 4115 1
4477 7663 1
4477 68 1
7542 8278 1
7542 4372 1
4060 6737 1
4060 3813 1
4060 5569 1
4060 50 1
578 7030 1
578 10819 1
578 9894 1
578 4136 1
11024 2771 1
11024 11177 1
11024 10973 1
10676 4334 1
10676 9712 1
10676 2692 1
10676 5675 1
1971 11152 1
1971 7848 1
1971 10943 1
1971 1274 1
8935 2842 1
8935 8095 1
8935 9438 1
8935 42 1
256 6841 1
256 909 1
256 4211 1
8961 5395 1
8961 4297 1
8961 68 1
5386 5321 1
5386 3510 1
5386 9957 1
5386 9238 1
10609 2071 1
10609 6411 1
10609 9873 1
10609 8282 1
10609 50 1
9731 2691 1
9731 7719 1
9731 10983 1
9731 1482 1
9731 411 1
8467 6821 1
8467 10974 1
8467 3302 1
9237 8468 1
9237 2284 1
3102 7924 1
3102 3186 1
3102 2431 1
5766 5753 1
5766 5988 1
5766 9194 1
543 2851 1
543 7705 1
543 7637 1
543 377 1
6399 1963 1
6399 10330 1
1757 6338 1
1757 1322 1
3498 3806 1
3498 9777 1
3498 5968 1
3498 2179 1
16 6196 1
16 7714 1
16 7353 1
16 5722 1
16 6403 1
9374 2691 1
9374 7190 1
9374 10397 1
9374 11173 1
9374 411 1
6484 2140 1
537 5318 1
537 7253 1
537 7159 1
537 6577 1
537 7676 1
5540 2970 1
5540 7807 1
5540 6770 1
5540 2077 1
317 2846 1
317 2555 1
317 10882 1
5723 1986 1
5723 4978 1
5723 4119 1
3982 4313 1
3982 2425 1
8675 4166 1
8675 9022 1
8675 1659 1
8675 1609 1
6934 5242 1
6934 3724 1
6934 5866 1
6934 2650 1
6934 544 1
5288 4457 1
9882 7472 1
9882 6086 1
9882 7954 1
9882 1956 1
5767 7139 1
5767 5835 1
5767 6495 1
5767 4757 1
