0.0000 0.0000 0.0000 0.0200 0.1800 0.5500 0.2300 0.0200 0.0000 0.0000 0.0000 0.0000 0.0000 0.0000 0.0000 0.0000 0.0000 0.0000 0.0000 0.0000 0.0000 0.0000 0.0000 0.0000 0.0000 0.0000 LCC
0.0000 0.0017 0.0310 0.1993 0.3107 0.2762 0.1347 0.0375 0.0075 0.0012 0.0002 0.0000 0.0000 0.0000 0.0000 0.0000 0.0000 0.0000 0.0000 0.0000 0.0000 0.0000 0.0000 0.0000 0.0000 0.0000 LandmarkDApsp_500
0.0000 0.0017 0.0257 0.1641 0.3177 0.2949 0.1436 0.0410 0.0094 0.0016 0.0002 0.0000 0.0000 0.0000 0.0000 0.0000 0.0000 0.0000 0.0000 0.0000 0.0000 0.0000 0.0000 0.0000 0.0000 0.0000 LandmarkDApsp_1000
0.0000 0.0016 0.0230 0.1516 0.3326 0.2955 0.1390 0.0418 0.0118 0.0026 0.0005 0.0001 0.0000 0.0000 0.0000 0.0000 0.0000 0.0000 0.0000 0.0000 0.0000 0.0000 0.0000 0.0000 0.0000 0.0000 LandmarkDApsp_2000
0.0000 0.0000 0.0008 0.0119 0.0783 0.2265 0.1726 0.2751 0.1681 0.0450 0.0162 0.0039 0.0011 0.0004 0.0001 0.0000 0.0000 0.0000 0.0000 0.0000 0.0000 0.0000 0.0000 0.0000 0.0000 0.0000 LandmarkUApsp_500
0.0000 0.0000 0.0007 0.0097 0.0507 0.1257 0.1978 0.3255 0.1792 0.0716 0.0286 0.0074 0.0023 0.0005 0.0001 0.0000 0.0000 0.0000 0.0000 0.0000 0.0000 0.0000 0.0000 0.0000 0.0000 0.0000 LandmarkUApsp_1000
0.0000 0.0000 0.0007 0.0085 0.0304 0.0782 0.2367 0.2881 0.1830 0.1031 0.0480 0.0160 0.0055 0.0013 0.0003 0.0001 0.0000 0.0000 0.0000 0.0000 0.0000 0.0000 0.0000 0.0000 0.0000 0.0000 LandmarkUApsp_2000
0.0000 0.0040 0.0064 0.0060 0.0070 0.0069 0.0076 0.0078 0.0082 0.0087 0.0091 0.0093 0.0099 0.0098 0.0104 0.0106 0.0108 0.0111 0.0114 0.0118 0.0122 0.0122 0.0127 0.0128 0.0132 0.0132 RandomWalk_500
0.0000 0.0020 0.0035 0.0034 0.0041 0.0043 0.0050 0.0055 0.0062 0.0068 0.0076 0.0082 0.0092 0.0099 0.0110 0.0119 0.0131 0.0140 0.0152 0.0162 0.0178 0.0186 0.0202 0.0209 0.0222 0.0231 RandomWalk_1000
0.0000 0.0010 0.0020 0.0022 0.0030 0.0036 0.0049 0.0062 0.0080 0.0101 0.0127 0.0156 0.0191 0.0230 0.0270 0.0311 0.0351 0.0389 0.0423 0.0450 0.0469 0.0480 0.0482 0.0475 0.0460 0.0438 RandomWalk_2000
0.0000 0.0043 0.0119 0.0233 0.0528 0.0927 0.1584 0.2007 0.2290 0.1618 0.0645 0.0005 0.0000 0.0000 0.0000 0.0000 0.0000 0.0000 0.0000 0.0000 0.0000 0.0000 0.0000 0.0000 0.0000 0.0000 Snowball_500
0.0000 0.0022 0.0063 0.0135 0.0324 0.0631 0.1168 0.1654 0.2072 0.1828 0.1385 0.0430 0.0192 0.0073 0.0021 0.0000 0.0000 0.0000 0.0000 0.0000 0.0000 0.0000 0.0000 0.0000 0.0000 0.0000 Snowball_1000
0.0000 0.0012 0.0036 0.0085 0.0226 0.0511 0.1060 0.1697 0.2196 0.1988 0.1389 0.0583 0.0202 0.0014 0.0002 0.0000 0.0000 0.0000 0.0000 0.0000 0.0000 0.0000 0.0000 0.0000 0.0000 0.0000 Snowball_2000
