0.00000000 0.00000120 0.00000160 0.00000168 0.00000231 0.00000251 landmark_farthest_1000LCC_CA-AstroPh.txt
0.00000000 0.00000003 0.00000010 0.00000013 0.00000014 0.00000016 landmark_farthest_100LCC_CA-AstroPh.txt
-0.00000000 0.00000007 0.00000009 0.00000010 0.00000015 0.00000017 landmark_farthest_200LCC_CA-AstroPh.txt
0.00000000 0.00000016 0.00000022 0.00000022 0.00000022 0.00000037 landmark_farthest_300LCC_CA-AstroPh.txt
-0.00000000 0.00000004 0.00000006 0.00000007 0.00000007 0.00000018 landmark_farthest_400LCC_CA-AstroPh.txt
-0.00000000 0.00000074 0.00000110 0.00000164 0.00000201 0.00000225 landmark_farthest_500LCC_CA-AstroPh.txt
0.00000000 0.00000006 0.00000012 0.00000012 0.00000015 0.00000015 landmark_farthest_600LCC_CA-AstroPh.txt
-0.00000000 0.00000002 0.00000010 0.00000013 0.00000021 0.00000026 landmark_farthest_700LCC_CA-AstroPh.txt
-0.00000000 0.00000037 0.00000092 0.00000097 0.00000138 0.00000243 landmark_farthest_800LCC_CA-AstroPh.txt
-0.00000000 0.00000039 0.00000055 0.00000085 0.00000099 0.00000099 landmark_farthest_900LCC_CA-AstroPh.txt
