0.00000000 0.00000004 0.00000009 0.00000011 0.00000017 0.00000018 landmark_farthest_1000LCC_CA-CondMat.txt
0.00000000 0.00000008 0.00000008 0.00000011 0.00000015 0.00000019 landmark_farthest_100LCC_CA-CondMat.txt
0.00000000 0.00000083 0.00000177 0.00000225 0.00000250 0.00000438 landmark_farthest_200LCC_CA-CondMat.txt
0.00000000 0.00000006 0.00000010 0.00000010 0.00000012 0.00000015 landmark_farthest_300LCC_CA-CondMat.txt
-0.00000000 0.00000003 0.00000005 0.00000005 0.00000005 0.00000006 landmark_farthest_400LCC_CA-CondMat.txt
-0.00000000 0.00000065 0.00000092 0.00000126 0.00000128 0.00000128 landmark_farthest_500LCC_CA-CondMat.txt
-0.00000000 0.00000011 0.00000020 0.00000025 0.00000030 0.00000034 landmark_farthest_600LCC_CA-CondMat.txt
0.00000000 0.00000055 0.00000057 0.00000098 0.00000128 0.00000208 landmark_farthest_700LCC_CA-CondMat.txt
-0.00000000 0.00000096 0.00000112 0.00000126 0.00000127 0.00000129 landmark_farthest_800LCC_CA-CondMat.txt
-0.00000000 0.00000042 0.00000042 0.00000042 0.00000072 0.00000079 landmark_farthest_900LCC_CA-CondMat.txt
