18996 1355 1
1355 8418 1
8418 16223 1
16223 15221 1
15221 8418 1
8418 14334 1
14334 3180 1
3180 11225 1
11225 11495 1
11495 8094 1
11495 16800 1
16800 20642 1
20642 9406 1
20642 15379 1
15379 2919 1
2919 8166 1
8166 9813 1
9813 18476 1
18476 8166 1
9813 15208 1
15208 8166 1
8166 1837 1
1837 19400 1
1837 12166 1
12166 1973 1
12166 17000 1
17000 1178 1
1178 13002 1
13002 20657 1
20657 8193 1
20657 16567 1
16567 3458 1
3458 1178 1
1178 18330 1
18330 6987 1
6987 7351 1
7351 3379 1
3379 8613 1
8613 7351 1
7351 1776 1
1776 17418 1
1776 5702 1
5702 19489 1
19489 7588 1
7588 20560 1
20560 4499 1
4499 13675 1
13675 3966 1
3966 13536 1
13536 13675 1
13675 13749 1
13749 5702 1
5702 3966 1
3966 18410 1
18410 14086 1
14086 3966 1
3966 3999 1
3999 10015 1
10015 17492 1
17492 11644 1
11644 20597 1
20597 17918 1
17918 17324 1
17324 204 1
204 17918 1
204 3637 1
3637 20597 1
20597 13826 1
13826 4476 1
4476 17729 1
17729 13826 1
13826 20057 1
20057 3637 1
3637 20056 1
20056 9897 1
9897 3626 1
3626 13646 1
13646 1895 1
1895 8783 1
8783 2150 1
8783 13646 1
13646 7712 1
7712 1858 1
1858 18183 1
18183 12088 1
18183 2412 1
2412 13646 1
13646 2150 1
13646 13619 1
13619 1768 1
1768 5437 1
5437 298 1
298 13917 1
13917 13244 1
13244 4413 1
4413 19801 1
19801 811 1
811 3633 1
3633 18071 1
18071 4624 1
4624 18076 1
18076 15821 1
15821 5401 1
5401 5274 1
5274 9599 1
9599 13758 1
9599 5401 1
15821 1950 1
1950 13976 1
13976 17000 1
17000 12881 1
12881 10983 1
10983 18799 1
18799 1724 1
1724 16978 1
16978 20939 1
20939 19403 1
19403 9762 1
9762 16681 1
16681 18730 1
18730 20803 1
20803 7026 1
7026 6600 1
6600 2628 1
2628 597 1
597 10769 1
10769 18286 1
18286 6727 1
6727 846 1
846 16433 1
16433 13518 1
13518 18632 1
18632 19333 1
19333 846 1
846 4312 1
4312 7421 1
7421 8881 1
4312 9343 1
7421 4806 1
4806 12243 1
4806 8881 1
8881 12243 1
12243 4312 1
4312 7160 1
4312 7147 1
7147 11244 1
11244 1695 1
1695 9500 1
9500 7975 1
7975 6685 1
6685 19417 1
19417 6337 1
6337 17897 1
17897 3752 1
3752 9886 1
9886 18497 1
9886 21218 1
21218 21181 1
21218 2627 1
2627 14608 1
14608 18055 1
18055 9416 1
9416 2568 1
2568 18055 1
14608 20660 1
20660 4322 1
20660 8227 1
8227 10021 1
10021 11603 1
11603 6360 1
6360 6051 1
6051 10021 1
6051 535 1
535 15030 1
15030 18484 1
15030 15123 1
15123 8607 1
8607 1215 1
1215 5292 1
5292 4112 1
4112 20336 1
4112 1855 1
1855 13122 1
13122 7343 1
7343 7343 1
7343 15378 1
15378 12962 1
12962 18878 1
18878 15378 1
15378 11397 1
15378 14212 1
14212 7343 1
7343 17943 1
17943 4412 1
4412 16434 1
16434 17943 1
4412 7343 1
7343 14688 1
14688 13218 1
13218 19069 1
19069 1022 1
19069 9000 1
9000 1022 1
1022 9293 1
9293 11115 1
11115 21112 1
21112 5322 1
5322 4458 1
4458 11115 1
11115 5410 1
5410 16007 1
16007 260 1
260 7800 1
7800 21025 1
21025 10674 1
10674 1334 1
1334 960 1
10674 14283 1
10674 7602 1
7602 18380 1
18380 6131 1
7602 6131 1
7602 6165 1
6165 1599 1
1599 6341 1
1599 5308 1
5308 6165 1
6165 13414 1
13414 9711 1
9711 1599 1
1599 7042 1
9711 7055 1
7055 542 1
542 21295 1
21295 7443 1
21295 17745 1
21295 3197 1
3197 4256 1
21295 18224 1
542 7443 1
7443 18224 1
21295 19197 1
19197 974 1
974 1481 1
1481 2125 1
2125 13952 1
13952 12513 1
12513 3709 1
12513 7797 1
7797 4009 1
4009 5750 1
5750 3101 1
3101 10972 1
10972 19353 1
19353 19518 1
19518 3101 1
3101 19353 1
3101 12513 1
12513 5750 1
5750 19353 1
10972 5750 1
19353 7797 1
7797 5750 1
3101 4009 1
4009 19353 1
19518 5750 1
19518 4009 1
7797 10972 1
19518 7797 1
19518 12513 1
19518 10972 1
13952 15405 1
15405 6235 1
6235 1505 1
1505 12765 1
12765 9203 1
12765 6235 1
13952 7786 1
7786 3373 1
7786 17884 1
17884 763 1
17884 2976 1
2976 18875 1
18875 5481 1
5481 12286 1
12286 5868 1
5868 18418 1
18418 18331 1
18331 4472 1
4472 4413 1
4413 1385 1
1385 1470 1
1470 16607 1
16607 13039 1
13039 4788 1
13039 3568 1
3568 17242 1
17242 10641 1
10641 6392 1
6392 81 1
81 6984 1
6984 13605 1
13605 11949 1
6984 372 1
372 11812 1
11812 15954 1
15954 3770 1
3770 2726 1
2726 5220 1
5220 1536 1
1536 18413 1
18413 18037 1
18037 11831 1
11831 19790 1
19790 603 1
603 18037 1
18037 5471 1
5471 18440 1
18440 13544 1
13544 12086 1
12086 46 1
46 9439 1
9439 15726 1
15726 13435 1
13435 9439 1
46 13027 1
13027 15726 1
13027 12247 1
12247 15457 1
15457 17015 1
17015 224 1
224 11109 1
11109 6029 1
6029 1788 1
1788 17547 1
17547 3569 1
3569 16469 1
16469 17547 1
3569 8483 1
8483 2466 1
8483 16469 1
16469 5336 1
5336 2191 1
2191 17459 1
17459 6444 1
6444 3777 1
3777 10060 1
10060 875 1
10060 20614 1
20614 2033 1
2033 9589 1
9589 1846 1
1846 7722 1
1846 9136 1
9136 19790 1
19790 8850 1
8850 12086 1
12086 9876 1
9876 7832 1
7832 7433 1
7433 9136 1
9136 18855 1
18855 2262 1
2262 15602 1
2262 3182 1
3182 18855 1
18855 10072 1
10072 21177 1
21177 19790 1
19790 554 1
554 14480 1
14480 74 1
74 3901 1
3901 14237 1
14237 4696 1
4696 10321 1
10321 20575 1
20575 4696 1
4696 19232 1
19232 19607 1
19607 19997 1
19997 10922 1
10922 10377 1
10377 19997 1
19997 18182 1
19997 4304 1
4304 1270 1
1270 15295 1
15295 323 1
323 20831 1
20831 987 1
987 9562 1
9562 16935 1
16935 14495 1
16935 5761 1
16935 18826 1
18826 10084 1
10084 4822 1
10084 1466 1
1466 18418 1
18418 14717 1
14717 17031 1
17031 1668 1
1668 8932 1
8932 20103 1
20103 6572 1
6572 10123 1
10123 6751 1
6751 10721 1
10721 7370 1
7370 2222 1
2222 15325 1
2222 6308 1
6308 14653 1
14653 16195 1
16195 20387 1
20387 6948 1
6948 2004 1
2004 16195 1
16195 17386 1
17386 833 1
833 20512 1
20512 12453 1
12453 2359 1
2359 3022 1
2359 6318 1
6318 16241 1
16241 1495 1
1495 6318 1
6318 18000 1
6318 14810 1
14810 7358 1
14810 10343 1
10343 7358 1
7358 7698 1
7698 14810 1
14810 20347 1
20347 12324 1
12324 74 1
74 5526 1
5526 21186 1
21186 6651 1
6651 16120 1
16120 4231 1
4231 11561 1
11561 158 1
158 17633 1
17633 13851 1
13851 4177 1
13851 158 1
158 17969 1
17969 12503 1
12503 16903 1
17969 13684 1
17969 10721 1
10721 7889 1
7889 7902 1
7902 5794 1
5794 1946 1
1946 4509 1
4509 17256 1
17256 1970 1
1970 2462 1
2462 19508 1
19508 1946 1
1946 7548 1
7548 8353 1
8353 17711 1
17711 19514 1
17711 5549 1
5549 8679 1
8679 5020 1
5020 2556 1
2556 8679 1
8679 17986 1
17986 15913 1
15913 10084 1
10084 3918 1
3918 2769 1
2769 17424 1
17424 1125 1
1125 3871 1
3871 14645 1
14645 20121 1
20121 12498 1
12498 21095 1
21095 656 1
656 19654 1
656 8146 1
8146 20406 1
8146 15695 1
15695 9973 1
9973 5950 1
5950 9743 1
9743 17570 1
17570 21177 1
21177 13813 1
13813 3182 1
3182 15602 1
15602 17348 1
17348 11782 1
11782 603 1
603 13383 1
13383 11478 1
11478 17736 1
17736 6302 1
6302 13383 1
13383 18079 1
13383 17736 1
11478 15458 1
11478 8567 1
8567 15458 1
15458 13283 1
13283 13642 1
13642 9070 1
9070 2616 1
2616 7955 1
7955 13502 1
7955 3237 1
3237 15295 1
15295 16489 1
16489 8240 1
8240 9187 1
9187 1012 1
1012 9414 1
9414 4207 1
9414 656 1
656 1801 1
1801 16838 1
16838 9878 1
9878 6234 1
9878 12292 1
12292 13393 1
13393 18382 1
18382 17870 1
17870 8083 1
8083 11328 1
11328 14031 1
14031 12045 1
12045 1268 1
1268 5456 1
5456 16024 1
16024 15241 1
15241 8015 1
8015 7176 1
7176 15060 1
15060 19378 1
15060 8634 1
8634 718 1
718 15221 1
15221 4647 1
4647 6381 1
4647 10824 1
10824 3630 1
10824 16235 1
16235 11716 1
16235 10792 1
10792 15257 1
15257 20920 1
20920 16235 1
16235 1517 1
1517 7908 1
7908 14975 1
14975 16235 1
16235 19579 1
16235 4366 1
4366 2645 1
2645 4011 1
4011 5859 1
5859 4091 1
4091 2645 1
2645 19631 1
2645 4180 1
2645 4895 1
2645 13039 1
2645 8926 1
8926 19094 1
19094 10952 1
10952 18944 1
18944 9901 1
9901 13686 1
13686 157 1
157 10547 1
10547 20741 1
20741 17213 1
20741 13493 1
13493 8016 1
8016 7531 1
7531 1470 1
1470 18876 1
18876 2422 1
2422 16578 1
16578 10803 1
10803 6394 1
6394 16578 1
16578 5699 1
5699 8575 1
8575 18653 1
8575 237 1
237 2391 1
237 4087 1
4087 20058 1
20058 10918 1
10918 16188 1
16188 20058 1
20058 11315 1
11315 6886 1
6886 6634 1
6634 5567 1
6886 491 1
491 18841 1
18841 12376 1
12376 2019 1
2019 491 1
491 17951 1
491 15690 1
15690 12376 1
12376 17951 1
17951 12913 1
12913 6915 1
6915 21045 1
21045 4199 1
4199 13887 1
13887 2730 1
2730 8192 1
8192 7347 1
7347 16437 1
16437 14576 1
14576 9500 1
9500 15408 1
15408 16952 1
15408 14283 1
10674 12247 1
12247 16833 1
16833 2723 1
2723 20611 1
20611 11965 1
11965 12031 1
12031 6585 1
6585 9445 1
6585 16007 1
260 9796 1
9796 13453 1
13453 10740 1
10740 10249 1
10249 17916 1
17916 11460 1
17916 14199 1
14199 925 1
925 19018 1
19018 8115 1
8115 17116 1
17116 1031 1
1031 5637 1
5637 11190 1
11190 9034 1
9034 5771 1
5771 9113 1
9113 18499 1
18499 3877 1
3877 20275 1
20275 1166 1
20275 11264 1
11264 10058 1
10058 16170 1
10058 16730 1
16730 17663 1
17663 5852 1
5852 15615 1
5852 10843 1
10843 5521 1
5521 6393 1
6393 20866 1
20866 13913 1
13913 6393 1
6393 18806 1
18806 8064 1
8064 8590 1
8590 12086 1
8064 13953 1
13953 8590 1
8590 12496 1
12496 8955 1
8955 18741 1
18741 19017 1
19017 455 1
455 7586 1
7586 19017 1
19017 17430 1
17430 9535 1
9535 9463 1
9463 2288 1
2288 1487 1
1487 5606 1
1487 11547 1
11547 5371 1
5371 19851 1
19851 12462 1
12462 3524 1
3524 19851 1
19851 401 1
401 14077 1
14077 14211 1
14211 20548 1
20548 18553 1
18553 3318 1
3318 4201 1
4201 10878 1
10878 9831 1
9831 17521 1
17521 13245 1
13245 14256 1
14256 3153 1
3153 6404 1
6404 3382 1
3382 4486 1
3382 12392 1
12392 5841 1
5841 3382 1
3382 14633 1
14633 17348 1
17348 3382 1
3382 633 1
633 7354 1
7354 65 1
65 20856 1
20856 10815 1
10815 17446 1
17446 4210 1
4210 6039 1
6039 6547 1
6547 11029 1
11029 16303 1
16303 17822 1
17822 19125 1
19125 19232 1
19232 10377 1
10377 8601 1
8601 4312 1
8601 10237 1
10237 18939 1
18939 141 1
141 9218 1
9218 16425 1
16425 9980 1
9980 19367 1
19367 1311 1
19367 10713 1
10713 19147 1
10713 2783 1
2783 19325 1
19325 21107 1
21107 15064 1
15064 132 1
132 21147 1
21147 976 1
976 8395 1
976 5834 1
5834 9553 1
9553 12526 1
12526 14440 1
14440 3912 1
3912 10124 1
10124 5915 1
5915 18518 1
18518 10124 1
10124 20694 1
20694 21335 1
21335 19457 1
19457 18969 1
18969 1339 1
1339 15159 1
15159 7798 1
7798 1339 1
1339 20080 1
20080 16876 1
16876 14256 1
14256 15765 1
15765 14172 1
14172 20042 1
14172 11238 1
11238 15765 1
15765 11297 1
11297 6347 1
6347 3675 1
6347 2047 1
2047 18206 1
18206 7500 1
7500 20341 1
20341 4830 1
4830 12059 1
12059 3285 1
3285 4745 1
4745 17743 1
4745 19745 1
19745 7038 1
19745 3285 1
3285 13068 1
13068 1805 1
1805 6470 1
6470 5789 1
5789 1805 1
1805 3285 1
3285 2455 1
2455 3177 1
3177 12600 1
12600 116 1
12600 3285 1
3285 6103 1
3285 17249 1
17249 1342 1
1342 7006 1
7006 18384 1
18384 3285 1
3285 7845 1
3285 17505 1
17505 9102 1
9102 6103 1
6103 17505 1
17505 7964 1
7964 700 1
700 6479 1
6479 10633 1
10633 3572 1
3572 4670 1
4670 14188 1
14188 2279 1
2279 11574 1
11574 2202 1
2202 13706 1
13706 20412 1
20412 10446 1
10446 16324 1
16324 12215 1
12215 20477 1
20477 13706 1
13706 10446 1
10446 20477 1
20477 7147 1
7147 16323 1
16323 16823 1
16823 8445 1
8445 11913 1
11913 8684 1
8684 8525 1
8525 20923 1
20923 1535 1
1535 15139 1
15139 18614 1
18614 3993 1
3993 9112 1
9112 13633 1
13633 16331 1
16331 7135 1
7135 12797 1
12797 3993 1
18614 12896 1
12896 15455 1
15455 6935 1
6935 8486 1
8486 18336 1
18336 19528 1
18336 10750 1
10750 17341 1
17341 9565 1
9565 14610 1
14610 19959 1
14610 13303 1
13303 1016 1
1016 7611 1
7611 19968 1
19968 11416 1
11416 10842 1
10842 12760 1
12760 10146 1
10146 7597 1
7597 2545 1
2545 20898 1
20898 15949 1
15949 17252 1
17252 20898 1
20898 20561 1
20561 19263 1
15949 20561 1
19263 17898 1
19263 2545 1
2545 12171 1
12171 462 1
462 13705 1
13705 1834 1
1834 1759 1
1759 1580 1
1580 13705 1
13705 20162 1
20162 2522 1
2522 13091 1
13091 12033 1
12033 6927 1
6927 2033 1
2033 10072 1
10072 17680 1
17680 18114 1
17680 20763 1
20763 12481 1
12481 4829 1
4829 7926 1
7926 16979 1
16979 13395 1
13395 19534 1
19534 15398 1
15398 17036 1
17036 828 1
828 2078 1
2078 17028 1
17028 8960 1
8960 17670 1
17670 4485 1
4485 6147 1
17670 4159 1
4159 17410 1
17410 7802 1
7802 15856 1
15856 17393 1
17393 11190 1
17393 13572 1
13572 6150 1
6150 17703 1
17703 870 1
870 17299 1
17299 15606 1
15606 9778 1
9778 21019 1
21019 19216 1
19216 18058 1
18058 10466 1
10466 8048 1
8048 4161 1
4161 14927 1
14927 15561 1
15561 13300 1
13300 11621 1
11621 6838 1
6838 1365 1
1365 20037 1
20037 1463 1
1463 13753 1
13753 3323 1
3323 11913 1
11913 12599 1
12599 7107 1
12599 16431 1
16431 16120 1
16120 3775 1
3775 20136 1
20136 8957 1
8957 10601 1
10601 12512 1
12512 21143 1
12512 18971 1
18971 11763 1
11763 12386 1
12386 5277 1
5277 11763 1
18971 5142 1
5142 11143 1
11143 11412 1
11412 7066 1
7066 13444 1
13444 20967 1
20967 16736 1
16736 14222 1
14222 13585 1
13585 7728 1
7728 12264 1
12264 4985 1
4985 1069 1
1069 7317 1
7317 3148 1
3148 7900 1
3148 17347 1
3148 6961 1
6961 7699 1
7699 12233 1
12233 10084 1
10084 371 1
10084 14689 1
14689 19264 1
19264 15392 1
14689 2163 1
2163 5817 1
5817 10367 1
10367 3831 1
3831 13091 1
13091 15979 1
15979 2511 1
2511 6336 1
2511 2097 1
2097 9807 1
9807 14706 1
9807 21045 1
4199 13373 1
13373 10074 1
10074 13232 1
13232 17139 1
17139 11427 1
11427 4931 1
4931 7578 1
7578 3977 1
3977 13630 1
13630 2939 1
2939 13813 1
21177 2262 1
2262 10072 1
10072 15602 1
15602 17570 1
17570 3182 1
3182 21177 1
11831 19403 1
19403 6727 1
6727 16433 1
13518 19496 1
19496 12766 1
12766 4761 1
4761 13518 1
13518 12766 1
12766 16433 1
12766 21261 1
21261 16433 1
16433 1648 1
1648 4312 1
4312 8881 1
4312 21261 1
4761 21261 1
6727 19806 1
19806 8611 1
8611 3947 1
3947 12901 1
12901 11099 1
11099 3947 1
3947 9332 1
9332 15152 1
15152 19774 1
19774 12731 1
12731 2614 1
2614 20644 1
20644 12731 1
12731 15725 1
15725 19774 1
19774 9332 1
9332 8866 1
8866 6878 1
6878 1026 1
1026 9332 1
9332 19733 1
19733 19998 1
19998 3284 1
3284 4836 1
4836 15373 1
15373 3284 1
3284 11099 1
11099 13214 1
13214 50 1
50 7638 1
7638 18271 1
18271 3792 1
3792 381 1
381 6492 1
6492 15687 1
15687 445 1
445 8452 1
8452 15687 1
8452 16347 1
16347 15687 1
15687 1203 1
1203 8452 1
8452 4748 1
4748 19395 1
19395 14252 1
19395 10376 1
10376 4748 1
4748 957 1
957 8540 1
8540 3254 1
3254 6375 1
3254 603 1
603 15634 1
15634 17348 1
17348 603 1
603 1435 1
603 3382 1
3382 17885 1
17885 3464 1
3464 603 1
603 4820 1
4820 1774 1
1774 13132 1
13132 11022 1
11022 9313 1
9313 14943 1
14943 17926 1
17926 10831 1
10831 19116 1
19116 1694 1
1694 5387 1
1694 8971 1
8971 2645 1
4180 15899 1
4180 1478 1
1478 13228 1
13228 4180 1
4180 14632 1
14632 17170 1
4180 16466 1
4180 1352 1
1352 456 1
456 3441 1
3441 4507 1
3441 13698 1
13698 19764 1
19764 19779 1
19779 448 1
448 19605 1
19605 16425 1
16425 21173 1
21173 17376 1
17376 16539 1
16539 13651 1
13651 18176 1
18176 17538 1
17538 16989 1
16989 18176 1
18176 16397 1
16397 17319 1
17319 20802 1
20802 16397 1
16397 16939 1
16939 20473 1
20473 13854 1
13854 16882 1
16882 16853 1
16853 13983 1
13983 13854 1
13854 9162 1
9162 16853 1
20473 16853 1
9162 16478 1
9162 16882 1
16882 6869 1
6869 13854 1
13854 16853 1
20473 20802 1
20802 20293 1
20293 17467 1
17467 16939 1
16939 10005 1
10005 16397 1
16939 21280 1
21280 20802 1
20802 17467 1
17467 10008 1
17467 20577 1
20577 15213 1
15213 17467 1
17467 15831 1
15831 19559 1
19559 13636 1
13636 10546 1
10546 19559 1
19559 17828 1
17828 9194 1
9194 15540 1
15540 5862 1
5862 9194 1
9194 17339 1
17339 16957 1
16957 13913 1
18806 1790 1
1790 6141 1
6141 10574 1
10574 239 1
239 13565 1
13565 19122 1
13565 16305 1
16305 16595 1
16595 11805 1
11805 2436 1
2436 4738 1
4738 5708 1
4738 1664 1
1664 6595 1
6595 11805 1
6595 16305 1
16305 17427 1
17427 6370 1
6370 8941 1
8941 14763 1
