20966 19884 1
19884 10870 1
10870 10216 1
10216 4464 1
4464 12873 1
12873 7359 1
7359 16861 1
16861 19858 1
19858 807 1
807 16699 1
16699 1753 1
1753 16219 1
16219 15149 1
15149 4688 1
4688 13214 1
13214 807 1
807 12699 1
12699 2971 1
2971 4688 1
4688 10653 1
10653 16699 1
807 19696 1
19696 18124 1
18124 10175 1
10175 5437 1
5437 11447 1
5437 1593 1
1593 14229 1
14229 10210 1
10210 7817 1
7817 17629 1
7817 6986 1
6986 2794 1
2794 8050 1
8050 178 1
178 12051 1
12051 11256 1
11256 5573 1
5573 16835 1
16835 10389 1
10389 12176 1
12176 19060 1
19060 11560 1
11560 19488 1
19488 20638 1
20638 19655 1
19655 2122 1
19655 17609 1
19655 19751 1
19751 12954 1
12954 6359 1
6359 2738 1
2738 20334 1
20334 16782 1
16782 1988 1
1988 8540 1
8540 10445 1
10445 1606 1
1606 8540 1
8540 957 1
957 7466 1
7466 3272 1
3272 19585 1
19585 9297 1
9297 11180 1
11180 10884 1
11180 3589 1
3589 12941 1
12941 18892 1
18892 15547 1
15547 7788 1
7788 10884 1
10884 4648 1
4648 11496 1
11496 13946 1
13946 3046 1
3046 16130 1
3046 7921 1
7921 12313 1
12313 16444 1
16444 11993 1
16444 12593 1
12593 3927 1
3927 2585 1
2585 16444 1
2585 16147 1
16147 11993 1
11993 1973 1
1973 20209 1
20209 11993 1
11993 18743 1
18743 6351 1
6351 11127 1
11127 4648 1
4648 13946 1
13946 16105 1
16105 7914 1
13946 15639 1
15639 20991 1
20991 20812 1
20991 11635 1
11635 17878 1
17878 8900 1
8900 350 1
350 20096 1
350 10600 1
10600 4693 1
4693 4824 1
4824 5631 1
5631 350 1
350 4693 1
4693 14883 1
14883 8900 1
8900 15810 1
11635 16055 1
16055 20082 1
20082 11496 1
11496 15790 1
15790 18444 1
18444 11496 1
11496 9115 1
9115 7644 1
7644 6935 1
6935 5944 1
5944 14572 1
14572 2275 1
14572 4344 1
4344 1915 1
1915 1648 1
1648 6727 1
6727 20939 1
20939 3611 1
3611 17621 1
17621 7094 1
7094 11861 1
11861 16133 1
11861 15623 1
15623 3742 1
3742 11523 1
11523 7817 1
7817 8497 1
8497 19538 1
19538 7817 1
7817 772 1
772 4639 1
4639 6883 1
6883 13212 1
13212 16861 1
19858 7228 1
7228 21360 1
21360 6925 1
6925 7228 1
7228 6317 1
6317 8571 1
8571 6925 1
6925 1029 1
1029 17244 1
17244 7228 1
7228 11124 1
11124 19858 1
19858 17244 1
17244 8571 1
8571 12997 1
12997 3892 1
3892 15643 1
3892 6542 1
6542 19977 1
19977 4377 1
19977 19795 1
19977 11982 1
11982 12932 1
12932 14400 1
14400 11982 1
19977 4675 1
4675 17621 1
17621 9267 1
9267 8499 1
8499 20602 1
20602 17535 1
17535 21154 1
21154 18580 1
18580 13972 1
13972 7068 1
7068 2871 1
2871 18580 1
18580 17535 1
17535 18206 1
18206 7500 1
7500 16385 1
16385 2230 1
2230 19029 1
19029 18221 1
18221 290 1
290 1714 1
1714 18806 1
18806 2445 1
18806 12571 1
18806 9002 1
9002 4137 1
4137 14177 1
14177 7387 1
7387 8773 1
8773 14177 1
14177 8064 1
8064 8245 1
8245 3742 1
3742 7573 1
3742 5637 1
5637 14240 1
14240 6828 1
6828 13888 1
13888 42 1
42 16120 1
16120 3065 1
16120 6651 1
6651 20329 1
20329 6838 1
6838 19656 1
19656 15064 1
15064 3499 1
3499 5834 1
5834 17204 1
17204 21107 1
21107 14872 1
14872 13295 1
13295 14492 1
14492 14872 1
13295 9595 1
9595 13286 1
13286 122 1
122 12707 1
12707 2482 1
2482 13286 1
2482 5542 1
5542 20581 1
20581 17054 1
17054 11338 1
11338 14713 1
14713 17054 1
14713 20581 1
20581 4672 1
4672 19951 1
19951 10484 1
10484 3362 1
3362 7294 1
7294 12679 1
12679 194 1
194 14550 1
14550 13680 1
13680 19928 1
19928 7968 1
7968 15463 1
15463 7614 1
7614 18822 1
18822 19575 1
19575 5209 1
5209 15095 1
15095 18848 1
18848 17273 1
17273 2915 1
2915 13297 1
13297 20803 1
20803 805 1
805 13040 1
13040 13803 1
13803 10779 1
10779 16601 1
16601 15573 1
15573 4679 1
4679 17494 1
17494 1365 1
1365 5549 1
5549 18735 1
18735 19893 1
19893 8354 1
8354 12023 1
12023 9441 1
12023 19893 1
19893 15372 1
15372 6727 1
6727 17263 1
17263 2132 1
2132 18839 1
18839 6295 1
6295 14587 1
14587 1956 1
1956 6743 1
6743 13212 1
13212 21107 1
21107 3720 1
3720 6779 1
6779 17582 1
6779 3993 1
3993 10474 1
10474 13381 1
13381 18388 1
18388 20401 1
20401 18652 1
18652 19448 1
18652 18148 1
18148 8575 1
8575 13357 1
8575 13788 1
13788 2048 1
2048 3806 1
3806 3362 1
3362 3759 1
3362 18044 1
18044 7624 1
7624 3759 1
3759 7294 1
7294 10149 1
10149 904 1
904 18309 1
18309 3273 1
3273 3386 1
3386 2773 1
2773 943 1
943 5517 1
5517 9900 1
9900 19305 1
19305 5517 1
5517 4645 1
4645 15001 1
15001 9259 1
15001 19985 1
19985 4169 1
4169 10281 1
10281 14370 1
14370 12337 1
12337 10281 1
10281 1886 1
1886 8723 1
8723 5472 1
5472 6727 1
6727 16433 1
16433 1648 1
1648 20414 1
20414 19120 1
19120 3704 1
19120 8853 1
8853 19427 1
19427 9316 1
9316 9878 1
9878 14823 1
14823 6542 1
6542 8172 1
8172 8106 1
8106 20304 1
20304 14184 1
14184 12785 1
12785 18632 1
18632 8296 1
8296 598 1
598 16063 1
16063 19396 1
19396 527 1
527 16392 1
16392 3987 1
3987 2773 1
2773 16471 1
16471 6805 1
6805 6815 1
6815 7524 1
7524 19559 1
19559 248 1
248 3257 1
3257 17557 1
17557 9801 1
9801 13636 1
13636 10546 1
10546 248 1
248 8399 1
8399 16626 1
16626 8056 1
8056 13080 1
13080 19337 1
19337 2601 1
2601 520 1
520 16392 1
16392 10558 1
10558 12266 1
12266 9010 1
9010 10000 1
10000 15966 1
15966 18809 1
18809 10000 1
9010 10558 1
10558 12728 1
10558 12589 1
10558 3618 1
3618 3186 1
3186 6332 1
6332 9316 1
8853 1915 1
8853 11552 1
11552 12091 1
12091 1688 1
1688 6134 1
6134 18722 1
18722 5820 1
18722 17985 1
17985 13387 1
13387 12586 1
12586 6479 1
6479 5474 1
5474 13700 1
13700 3122 1
6479 16029 1
16029 17083 1
17083 15979 1
15979 2522 1
2522 3396 1
3396 3727 1
3396 2602 1
2602 3727 1
2602 15601 1
15601 5704 1
5704 14475 1
14475 11952 1
11952 7552 1
7552 3495 1
3495 3684 1
3684 1564 1
1564 9807 1
9807 1468 1
1468 1564 1
3684 2009 1
2009 78 1
78 11671 1
11671 20543 1
20543 14530 1
14530 272 1
272 78 1
78 14530 1
14530 16729 1
16729 13066 1
13066 15497 1
15497 78 1
78 2809 1
2809 2773 1
2773 10558 1
10558 18806 1
18806 8590 1
8590 1851 1
8590 10700 1
10700 17068 1
17068 1216 1
1216 3867 1
3867 15459 1
15459 19396 1
19396 4769 1
4769 3867 1
3867 17068 1
17068 16392 1
16392 5203 1
5203 2773 1
2773 2601 1
520 19337 1
19337 12055 1
19337 14768 1
14768 7389 1
7389 7387 1
7387 16005 1
16005 1594 1
7387 10102 1
7387 15342 1
15342 9187 1
9187 1608 1
1608 13624 1
13624 13879 1
13879 1641 1
1641 8600 1
8600 17242 1
17242 6392 1
6392 15911 1
15911 13125 1
13125 7 1
13125 16731 1
16731 16878 1
16731 5657 1
5657 4667 1
4667 4541 1
4541 6723 1
4541 18667 1
4541 20160 1
4541 7121 1
7121 1895 1
1895 1658 1
1658 1221 1
1221 6026 1
6026 19619 1
19619 179 1
19619 16695 1
16695 12634 1
12634 19807 1
12634 10885 1
10885 4474 1
4474 1768 1
1768 14807 1
14807 673 1
673 17296 1
673 7036 1
7036 1768 1
1768 5118 1
5118 9990 1
9990 9655 1
9655 12924 1
9655 13646 1
13646 20433 1
20433 8783 1
8783 18183 1
18183 20433 1
20433 2150 1
2150 8783 1
8783 2412 1
2150 1895 1
1895 8591 1
8591 13962 1
13962 20601 1
20601 12492 1
12492 13962 1
20601 8591 1
1895 7489 1
7489 18975 1
18975 19686 1
19686 20881 1
20881 8000 1
8000 16099 1
16099 3213 1
3213 12727 1
12727 5075 1
5075 18613 1
18613 12727 1
12727 7148 1
7148 6284 1
6284 17492 1
17492 18663 1
18663 17181 1
17181 10558 1
10558 21231 1
21231 14759 1
14759 12140 1
12140 6904 1
6904 8297 1
8297 12946 1
8297 10010 1
10010 15176 1
15176 8297 1
6904 1295 1
1295 8200 1
8200 18508 1
18508 11901 1
11901 11971 1
18508 1295 1
1295 15917 1
15917 15142 1
15142 15243 1
15142 6891 1
6891 20873 1
20873 15243 1
15243 8070 1
8070 4757 1
8070 6891 1
6891 14463 1
6891 19744 1
19744 11466 1
11466 9044 1
9044 6891 1
6891 2138 1
2138 6767 1
6767 10983 1
10983 7969 1
7969 16493 1
16493 20647 1
20647 5331 1
5331 1724 1
1724 14127 1
14127 19945 1
19945 2976 1
2976 763 1
763 17884 1
17884 21163 1
17884 18875 1
18875 691 1
18875 421 1
421 19537 1
19537 6446 1
6446 11143 1
11143 15340 1
11143 5142 1
5142 3990 1
3990 10076 1
3990 10768 1
10768 19466 1
19466 6272 1
6272 4319 1
4319 16988 1
4319 7687 1
7687 12354 1
12354 16526 1
16526 11984 1
11984 14253 1
14253 8328 1
8328 19685 1
19685 4461 1
8328 1644 1
1644 5386 1
1644 19647 1
19647 12768 1
12768 302 1
19647 3807 1
3807 9967 1
9967 5440 1
5440 3807 1
9967 13072 1
13072 4086 1
4086 3382 1
3382 8256 1
8256 12944 1
12944 3885 1
3885 8631 1
8631 11536 1
11536 633 1
633 4302 1
4302 13725 1
13725 15925 1
15925 4302 1
4302 4642 1
4642 14712 1
14712 12621 1
12621 13412 1
12621 633 1
633 12944 1
12944 1790 1
1790 1031 1
1031 19687 1
19687 3057 1
3057 11637 1
11637 4274 1
4274 1946 1
1946 3511 1
3511 12805 1
12805 9304 1
9304 3897 1
3897 11224 1
11224 14688 1
14688 14877 1
14877 8823 1
8823 13787 1
13787 1817 1
1817 14358 1
1817 9233 1
9233 284 1
284 1817 1
1817 2782 1
2782 1113 1
1113 17997 1
17997 11892 1
11892 3441 1
3441 851 1
851 8660 1
8660 15295 1
15295 20372 1
20372 13910 1
13910 13788 1
13788 5537 1
5537 10809 1
10809 12168 1
12168 13688 1
12168 11405 1
11405 1790 1
1790 3885 1
8631 8256 1
8256 633 1
633 20856 1
20856 10710 1
10710 7115 1
7115 15306 1
15306 5673 1
5673 8937 1
5673 7623 1
7623 13261 1
13261 3896 1
3896 14684 1
13261 6345 1
6345 4180 1
4180 6713 1
6713 12276 1
12276 20363 1
20363 5581 1
20363 6713 1
6713 20331 1
20331 17599 1
17599 4180 1
4180 10710 1
10710 10796 1
10796 6542 1
6542 5815 1
5815 16256 1
16256 21218 1
21218 17727 1
17727 10021 1
10021 535 1
535 17727 1
17727 15120 1
15120 9061 1
9061 6727 1
6727 1270 1
1270 14037 1
14037 15359 1
15359 1739 1
1739 2106 1
2106 6250 1
6250 1739 1
1739 14037 1
14037 14271 1
14271 3495 1
14037 3495 1
3495 163 1
163 14475 1
14475 3069 1
14475 1739 1
1739 20754 1
20754 19259 1
20754 6250 1
6250 6774 1
6774 17005 1
17005 9594 1
9594 16651 1
16651 9344 1
9344 7524 1
7524 8704 1
7524 8848 1
8848 17285 1
17285 17897 1
17897 479 1
479 17771 1
17771 13209 1
13209 262 1
13209 20497 1
20497 17583 1
17583 5914 1
5914 19103 1
19103 5440 1
5440 14690 1
14690 19260 1
19260 6428 1
19260 11296 1
11296 15527 1
15527 19941 1
19941 173 1
173 12672 1
12672 19941 1
19941 12178 1
12178 236 1
236 2584 1
2584 7957 1
2584 1480 1
1480 6801 1
6801 6491 1
6491 13894 1
13894 14025 1
14025 7726 1
7726 14551 1
14551 12700 1
12700 7726 1
7726 20845 1
20845 4381 1
4381 8489 1
4381 4994 1
4381 13870 1
4381 664 1
664 1465 1
1465 4381 1
4994 14312 1
4994 4976 1
4976 15180 1
15180 7983 1
7983 18262 1
18262 1777 1
1777 4978 1
4978 492 1
492 17985 1
17985 12586 1
12586 11136 1
11136 492 1
492 5677 1
5677 83 1
83 19478 1
83 1968 1
1968 16005 1
16005 12564 1
12564 13753 1
13753 19029 1
19029 6707 1
6707 5222 1
5222 11017 1
11017 10172 1
11017 13753 1
13753 21100 1
21100 20788 1
20788 656 1
656 4426 1
4426 16838 1
16838 9878 1
9878 19654 1
19654 19687 1
19687 13091 1
13091 13532 1
13532 16044 1
16044 12251 1
12251 7954 1
12251 8495 1
8495 1800 1
1800 21331 1
21331 14933 1
14933 12251 1
12251 11750 1
11750 3289 1
11750 12277 1
12277 17312 1
17312 12251 1
12251 15339 1
15339 20719 1
20719 6223 1
6223 13568 1
13568 16368 1
13568 14083 1
14083 11868 1
11868 14715 1
14083 18769 1
18769 4215 1
4215 11813 1
11813 4812 1
4812 18998 1
18998 390 1
390 18597 1
18597 990 1
990 1294 1
990 11063 1
990 7961 1
7961 12066 1
12066 5746 1
5746 5336 1
5336 8483 1
8483 3569 1
3569 2466 1
2466 12995 1
12995 5336 1
8483 13034 1
13034 475 1
13034 11002 1
11002 475 1
475 3181 1
3181 11002 1
13034 3181 1
3181 5336 1
8483 9313 1
9313 2466 1
2466 20822 1
20822 13178 1
13178 9565 1
9565 16922 1
16922 9589 1
9589 1410 1
1410 8963 1
8963 6101 1
6101 16323 1
16323 19017 1
19017 18632 1
18632 2024 1
2024 3700 1
3700 12538 1
12538 6921 1
6921 134 1
134 19256 1
19256 9535 1
9535 19098 1
19098 19256 1
19256 8 1
8 9535 1
9535 16573 1
16573 11812 1
11812 3770 1
3770 13448 1
13448 6309 1
13448 20258 1
20258 907 1
907 10865 1
10865 17839 1
17839 21157 1
21157 8245 1
8245 16526 1
12354 2852 1
2852 20195 1
20195 6272 1
6272 7687 1
6272 10768 1
19466 5894 1
5894 7898 1
7898 14531 1
14531 4121 1
4121 683 1
683 11354 1
11354 18928 1
18928 1082 1
1082 17449 1
17449 18113 1
18113 5818 1
5818 11330 1
11330 3554 1
3554 5267 1
5267 8473 1
8473 14488 1
14488 2672 1
2672 10796 1
10796 4263 1
4263 9187 1
9187 5192 1
5192 10281 1
10281 3700 1
3700 16566 1
16566 3866 1
3866 13234 1
13234 18439 1
18439 16566 1
16566 19393 1
19393 5037 1
5037 17658 1
17658 9128 1
9128 12308 1
12308 5224 1
5224 1688 1
1688 4841 1
4841 3213 1
3213 15449 1
15449 19269 1
19269 7351 1
7351 18883 1
19269 13125 1
13125 16073 1
16073 12051 1
12051 5351 1
5351 15647 1
15647 4743 1
4743 20838 1
20838 17808 1
17808 5778 1
5778 3879 1
3879 15566 1
15566 9500 1
9500 19985 1
19985 824 1
824 8714 1
824 3071 1
3071 12416 1
12416 14500 1
14500 20018 1
20018 14480 1
14480 18547 1
18547 3052 1
18547 510 1
18547 14324 1
14324 2742 1
2742 6360 1
6360 17702 1
17702 535 1
535 20278 1
20278 5746 1
5746 12995 1
12995 3569 1
3569 2191 1
2191 17926 1
17926 10831 1
10831 7219 1
7219 19576 1
19576 12283 1
12283 18438 1
18438 10311 1
18438 7219 1
10831 5230 1
5230 7297 1
7297 7117 1
7117 13352 1
13352 5230 1
5230 7117 1
5230 3217 1
3217 12019 1
3217 11770 1
3217 10474 1
10474 11770 1
10474 10831 1
10831 14509 1
14509 5330 1
5330 11018 1
11018 1295 1
1295 15176 1
10010 12140 1
12140 12946 1
15176 12946 1
15176 6904 1
8297 12140 1
12140 1295 1
1295 9407 1
9407 12824 1
12824 17115 1
17115 8363 1
8363 16087 1
12824 16483 1
16483 13995 1
16483 20679 1
20679 20873 1
8070 9044 1
9044 15243 1
15243 11466 1
11466 4757 1
4757 18177 1
18177 6891 1
6891 15917 1
6891 8500 1
6891 12335 1
6891 11249 1
11249 15917 1
1295 15243 1
15243 6170 1
6170 4757 1
11466 18177 1
18177 1295 1
1295 278 1
278 14552 1
14552 6458 1
6458 7720 1
7720 15286 1
15286 8109 1
8109 15037 1
15037 14175 1
14175 19934 1
19934 17570 1
17570 1228 1
1228 2626 1
2626 6708 1
6708 18704 1
6708 7971 1
7971 14480 1
14480 8963 1
8963 7266 1
7266 688 1
688 17368 1
17368 3453 1
3453 6841 1
6841 688 1
688 12081 1
12081 16073 1
16073 9316 1
9316 19647 1
19647 21016 1
21016 12227 1
21016 1974 1
21016 18014 1
18014 19647 1
19647 21070 1
21070 6445 1
6445 2892 1
2892 2162 1
2892 21225 1
2892 17496 1
17496 510 1
510 15428 1
15428 7060 1
7060 3440 1
7060 11342 1
11342 9462 1
9462 658 1
658 16610 1
16610 17649 1
17649 2089 1
2089 18055 1
18055 11412 1
11412 18953 1
18953 15265 1
15265 10952 1
10952 18944 1
18944 9901 1
9901 131 1
131 10643 1
10643 10800 1
10800 13701 1
13701 8033 1
8033 5459 1
5459 2071 1
5459 18366 1
18366 1855 1
1855 17237 1
17237 19358 1
19358 1855 1
1855 4112 1
4112 20706 1
20706 1855 1
1855 17470 1
1855 16982 1
16982 20845 1
20845 17247 1
17247 13894 1
13894 14757 1
14757 10257 1
10257 6453 1
6453 812 1
812 40 1
40 20709 1
20709 1846 1
1846 7722 1
7722 1410 1
1410 3922 1
3922 9994 1
3922 9136 1
9136 652 1
652 18632 1
18632 20308 1
20308 20822 1
20822 1846 1
1846 4284 1
4284 7932 1
7932 7582 1
7582 14734 1
14734 8867 1
8867 7763 1
7763 520 1
520 842 1
842 2601 1
2601 7316 1
7316 19640 1
7316 8736 1
8736 15444 1
15444 17119 1
17119 4915 1
4915 12939 1
12939 5778 1
5778 20345 1
20345 13877 1
13877 3993 1
3993 3720 1
3993 19075 1
19075 18614 1
18614 3268 1
3268 13877 1
13877 5778 1
5778 74 1
74 6342 1
6342 3148 1
3148 1250 1
1250 16392 1
16392 8867 1
8867 7582 1
7582 1671 1
1671 17412 1
17412 7492 1
7492 6612 1
6612 14193 1
14193 8856 1
8856 14445 1
14445 14193 1
14193 14253 1
14253 1273 1
1273 1644 1
1644 13872 1
13872 3233 1
3233 10598 1
10598 20153 1
10598 11946 1
10598 17421 1
10598 8394 1
8394 20664 1
20664 6927 1
6927 4274 1
4274 16618 1
16618 6542 1
6542 14896 1
14896 6952 1
6952 21277 1
21277 4136 1
21277 12324 1
12324 20112 1
20112 2191 1
2191 8524 1
8524 1788 1
1788 6029 1
6029 9374 1
9374 5209 1
5209 17430 1
17430 9026 1
9026 12379 1
12379 8076 1
8076 6472 1
6472 20134 1
6472 10819 1
10819 9026 1
9026 988 1
988 64 1
988 10770 1
10770 14221 1
14221 19232 1
19232 14298 1
14298 3700 1
3700 15365 1
15365 19788 1
19788 11758 1
11758 1141 1
1141 11038 1
11038 4263 1
4263 9494 1
9494 9661 1
9661 10976 1
10976 2374 1
10976 8038 1
8038 18071 1
18071 20528 1
20528 16430 1
16430 11507 1
11507 13420 1
13420 19868 1
19868 21066 1
21066 379 1
379 2848 1
2848 9704 1
9704 9506 1
9506 21197 1
21197 4166 1
4166 16572 1
16572 5871 1
5871 15845 1
5871 3745 1
3745 16572 1
5871 7913 1
7913 5477 1
5477 8354 1
8354 15911 1
15911 18735 1
5549 10327 1
10327 10303 1
10303 14013 1
10303 14512 1
14512 10796 1
10796 6741 1
6741 8737 1
8737 2790 1
2790 12876 1
12876 20518 1
20518 20189 1
20189 7017 1
7017 13363 1
13363 9603 1
13363 16370 1
16370 4698 1
4698 14233 1
14233 5935 1
5935 17806 1
5935 13811 1
13811 241 1
241 20059 1
20059 14233 1
14233 17806 1
17806 8902 1
8902 4097 1
4097 15512 1
15512 17225 1
17225 20140 1
20140 8377 1
8377 15283 1
15283 14912 1
15283 15000 1
15000 7440 1
7440 15512 1
7440 6809 1
6809 20115 1
20115 19840 1
19840 5536 1
5536 12661 1
12661 9876 1
9876 14455 1
14455 8207 1
8207 18431 1
18431 6460 1
6460 3467 1
3467 2913 1
2913 19931 1
19931 9500 1
9500 18320 1
18320 1734 1
1734 20064 1
20064 14455 1
14455 12086 1
12086 2511 1
2511 13594 1
13594 2009 1
2009 10935 1
10935 19966 1
10935 4394 1
4394 5879 1
4394 14533 1
14533 3148 1
3148 18963 1
18963 10472 1
10472 17160 1
17160 10536 1
10536 14525 1
14525 20156 1
14525 12303 1
12303 10536 1
10536 215 1
215 6305 1
6305 10224 1
10224 6332 1
6332 10536 1
10536 6305 1
6305 17164 1
17164 9434 1
9434 18691 1
18691 21185 1
21185 10537 1
10537 3966 1
3966 20783 1
20783 18691 1
18691 3698 1
3698 5702 1
5702 13749 1
13749 17492 1
17492 17181 1
17181 12689 1
12689 18663 1
17492 6468 1
6468 17172 1
17172 18703 1
18703 3343 1
3343 19216 1
19216 3066 1
3066 7578 1
7578 501 1
501 10797 1
10797 3552 1
3552 19156 1
3552 11363 1
11363 6956 1
6956 17520 1
17520 2089 1
2089 1977 1
1977 150 1
150 6741 1
6741 16610 1
16610 2388 1
2388 20966 1
2388 7548 1
7548 1946 1
1946 12324 1
12324 17001 1
17001 3153 1
3153 12086 1
12086 19790 1
19790 2511 1
2511 3684 1
3684 8590 1
8590 8611 1
8590 623 1
623 17558 1
17558 8365 1
17558 20781 1
20781 6127 1
6127 14865 1
14865 9270 1
9270 19578 1
19578 14865 1
14865 5187 1
5187 16345 1
16345 8419 1
8419 17676 1
17676 6481 1
6481 11398 1
11398 18940 1
18940 5927 1
5927 16002 1
16002 2689 1
2689 9824 1
9824 14147 1
14147 6491 1
6491 236 1
236 13375 1
13375 1480 1
1480 21023 1
21023 236 1
236 4283 1
4283 10317 1
10317 4954 1
4954 3418 1
3418 6878 1
6878 19733 1
19733 1878 1
1878 6526 1
6526 16614 1
16614 6453 1
6453 20710 1
6453 16822 1
16822 18240 1
18240 14757 1
18240 6453 1
16822 14757 1
14757 6453 1
6453 13307 1
13307 2620 1
2620 16614 1
16614 11789 1
16614 7170 1
7170 13894 1
14025 3154 1
3154 16787 1
16787 12675 1
12675 6410 1
6410 7343 1
7343 10992 1
10992 8781 1
10992 3799 1
3799 3283 1
3283 6652 1
6652 7113 1
7113 3283 1
3799 7113 1
6652 3799 1
3799 18608 1
18608 18065 1
18065 3441 1
3441 3077 1
3077 6486 1
6486 15352 1
15352 1942 1
6486 1090 1
1090 15070 1
15070 6486 1
6486 1833 1
1833 15070 1
15070 3077 1
3077 13257 1
13257 16985 1
16985 18124 1
18124 19679 1
19679 5657 1
5657 13600 1
5657 10167 1
10167 21209 1
10167 7599 1
10167 16244 1
16244 1622 1
1622 9056 1
9056 676 1
676 2017 1
2017 4724 1
4724 3568 1
3568 12295 1
12295 10965 1
10965 2925 1
2925 5479 1
5479 7043 1
7043 3568 1
3568 2980 1
2980 13039 1
13039 11130 1
11130 2645 1
2645 14439 1
14439 14730 1
2645 4366 1
2645 8971 1
8971 16284 1
16284 11860 1
11860 21105 1
21105 3187 1
21105 3617 1
3617 13700 1
13700 6853 1
6853 19010 1
6853 20692 1
20692 786 1
786 1336 1
1336 4472 1
4472 17488 1
17488 2043 1
2043 14432 1
14432 12121 1
12121 5847 1
5847 18544 1
18544 9975 1
9975 16585 1
16585 18098 1
18098 18951 1
18951 10428 1
10428 18098 1
16585 11380 1
11380 11111 1
11111 12754 1
12754 9452 1
9452 18808 1
9452 10180 1
12754 9753 1
9753 5478 1
5478 13736 1
13736 21181 1
21181 19688 1
19688 12354 1
12354 9291 1
9291 4027 1
4027 21224 1
21224 20780 1
20780 7219 1
7219 12283 1
7219 19414 1
7219 6759 1
6759 10831 1
6759 6937 1
6937 14080 1
14080 10831 1
10831 19966 1
19966 9313 1
9313 17547 1
17547 18006 1
18006 17368 1
17368 2402 1
2402 2168 1
2168 17412 1
17412 6612 1
6612 959 1
959 37 1
959 8834 1
8834 17348 1
17348 4483 1
4483 8076 1
8076 21084 1
21084 13344 1
13344 13548 1
13548 17885 1
17885 14633 1
14633 11183 1
11183 7718 1
7718 19864 1
19864 4444 1
4444 7718 1
7718 1788 1
1788 7061 1
7061 14571 1
14571 9127 1
9127 134 1
134 17368 1
17368 6921 1
6921 1598 1
1598 1886 1
1886 1763 1
1763 6727 1
6727 14026 1
14026 1598 1
1598 8723 1
8723 6921 1
14026 11310 1
11310 11979 1
11979 12124 1
12124 4690 1
4690 7083 1
7083 11979 1
11979 9825 1
9825 5048 1
5048 1640 1
1640 242 1
242 2507 1
2507 15562 1
15562 2937 1
2937 18366 1
18366 14275 1
18366 13122 1
13122 20706 1
20706 1811 1
1811 17248 1
17248 13122 1
13122 20336 1
20336 4112 1
4112 13122 1
13122 16982 1
16982 16823 1
16823 4381 1
4381 6544 1
6544 16425 1
16425 12466 1
12466 6039 1
6039 20140 1
20140 4097 1
4097 1099 1
1099 20648 1
20648 17806 1
17806 13811 1
13811 12256 1
12256 241 1
241 13740 1
13740 4698 1
4698 14307 1
14307 16929 1
16929 1035 1
1035 10757 1
10757 14307 1
14307 16370 1
16370 9604 1
9604 493 1
493 14175 1
14175 11438 1
11438 8026 1
8026 16242 1
16242 16370 1
16370 9603 1
9603 15435 1
15435 241 1
241 12624 1
12624 11046 1
11046 11326 1
11326 13680 1
14550 7294 1
7294 904 1
904 8346 1
8346 3779 1
3779 7172 1
7172 991 1
991 7416 1
7416 7172 1
7172 6396 1
6396 9042 1
9042 10528 1
10528 1531 1
1531 20753 1
20753 19654 1
19654 9414 1
9414 13480 1
13480 1367 1
1367 74 1
74 7705 1
7705 2902 1
7705 5707 1
5707 1078 1
1078 1059 1
5707 10944 1
10944 18928 1
18928 19067 1
19067 7705 1
7705 8963 1
8963 2905 1
2905 17372 1
17372 19221 1
19221 14262 1
19221 11077 1
11077 20721 1
20721 17347 1
20721 11850 1
20721 15500 1
20721 6027 1
6027 7011 1
6027 16851 1
16851 15681 1
15681 19113 1
19113 10622 1
10622 16674 1
16674 5930 1
5930 4533 1
4533 16498 1
16498 20201 1
4533 354 1
354 16702 1
16702 15984 1
15984 16227 1
16227 1155 1
16227 8083 1
8083 3540 1
3540 7950 1
7950 3598 1
3598 13782 1
13782 1017 1
13782 8977 1
8977 3598 1
3598 5064 1
3598 8083 1
8083 20213 1
20213 18382 1
18382 8083 1
8083 16702 1
16702 5047 1
16702 9784 1
16702 9176 1
9176 354 1
354 4006 1
354 14291 1
14291 1949 1
1949 354 1
4533 4006 1
5930 8014 1
8014 17441 1
17441 15825 1
15825 17895 1
17895 16778 1
17895 18621 1
18621 8818 1
18621 10358 1
18621 1394 1
1394 3832 1
3832 10358 1
18621 3832 1
3832 8818 1
8818 1394 1
1394 6780 1
6780 13122 1
4112 17248 1
17248 20706 1
1811 13725 1
13725 4623 1
4623 17405 1
17405 2078 1
2078 6610 1
6610 17036 1
17036 20441 1
20441 7763 1
7763 19337 1
19337 2906 1
2906 7387 1
7387 9187 1
9187 12498 1
12498 6016 1
6016 17882 1
17882 5327 1
5327 6950 1
6950 11419 1
11419 10812 1
10812 20772 1
20772 8534 1
8534 4434 1
4434 18448 1
18448 8422 1
8422 14196 1
14196 9987 1
14196 18448 1
18448 14524 1
14524 20375 1
20375 10812 1
6950 5871 1
5871 12949 1
12949 7026 1
7026 2674 1
2674 736 1
736 12541 1
12541 8185 1
8185 5356 1
5356 8987 1
5356 2313 1
5356 12541 1
12541 18947 1
12541 9182 1
9182 1654 1
1654 18632 1
18632 8445 1
8445 7079 1
7079 16823 1
6544 238 1
238 17703 1
17703 7967 1
7967 4015 1
7967 10541 1
10541 428 1
428 870 1
870 1569 1
1569 17703 1
17703 19930 1
19930 10541 1
19930 870 1
870 10541 1
10541 1329 1
1329 13241 1
13241 17829 1
17829 10014 1
10014 12605 1
12605 3244 1
3244 8737 1
8737 20518 1
12876 17829 1
17829 12219 1
12219 4671 1
4671 16217 1
4671 1449 1
1449 12219 1
12219 18287 1
18287 536 1
536 5705 1
5705 1266 1
1266 21090 1
1266 9059 1
9059 15387 1
15387 7096 1
15387 14767 1
15387 11373 1
11373 18361 1
11373 14087 1
14087 18530 1
14087 11320 1
11320 2116 1
2116 5222 1
5222 19158 1
19158 8274 1
8274 11373 1
11373 1524 1
1524 1603 1
1603 9131 1
9131 9756 1
9756 10815 1
10815 17446 1
17446 4714 1
4714 7004 1
7004 9756 1
9756 11804 1
11804 9483 1
9483 4714 1
4714 1696 1
1696 3441 1
3441 10457 1
10457 2493 1
2493 1588 1
1588 10649 1
10649 2826 1
2826 3677 1
3677 18562 1
18562 20586 1
20586 19062 1
19062 1582 1
1582 1136 1
1136 12217 1
12217 11837 1
11837 1582 1
20586 11966 1
11966 3677 1
3677 2115 1
3677 17580 1
17580 10882 1
10882 3677 1
3677 17081 1
17081 2115 1
2115 4033 1
2115 18933 1
18933 21311 1
21311 2826 1
3677 3525 1
3677 5090 1
5090 2240 1
2240 11584 1
11584 1127 1
1127 11989 1
11989 10618 1
10618 19710 1
19710 11999 1
11999 7222 1
7222 12845 1
7222 9503 1
9503 13473 1
13473 19305 1
19305 18442 1
18442 12838 1
12838 14361 1
14361 7718 1
7718 14780 1
7718 11548 1
11548 2675 1
2675 14931 1
14931 20968 1
20968 16606 1
16606 134 1
134 16956 1
134 8240 1
8240 1616 1
1616 12330 1
12330 15618 1
15618 1270 1
1270 8865 1
8865 1616 1
1616 7971 1
7971 6277 1
6277 8048 1
8048 7619 1
7619 18599 1
18599 198 1
198 10364 1
10364 5955 1
5955 17607 1
17607 9440 1
9440 7646 1
7646 10698 1
10698 19684 1
19684 17704 1
17704 9779 1
9779 30 1
30 17650 1
17650 15302 1
15302 11426 1
11426 4008 1
4008 1834 1
1834 17183 1
1834 18918 1
17183 7816 1
7816 1566 1
1566 12654 1
12654 16139 1
16139 20226 1
16139 18972 1
18972 11422 1
18972 5937 1
5937 16139 1
16139 3952 1
3952 4933 1
4933 7101 1
7101 1132 1
1132 3583 1
3583 8601 1
8601 9760 1
9760 1969 1
9760 5685 1
5685 18058 1
18058 3591 1
3591 13300 1
13300 524 1
524 18491 1
18491 13300 1
13300 15301 1
15301 2929 1
2929 8326 1
8326 13300 1
13300 7083 1
7083 8326 1
8326 4994 1
4994 15301 1
15301 13069 1
13069 6322 1
6322 11607 1
11607 1990 1
1990 4994 1
4994 20496 1
4994 11530 1
11530 2929 1
2929 5855 1
5855 20523 1
20523 524 1
524 8326 1
2929 3591 1
3591 17671 1
17671 15301 1
15301 14473 1
14473 2929 1
2929 7605 1
7605 997 1
997 17560 1
17560 10420 1
10420 13592 1
13592 4898 1
4898 14533 1
14533 18466 1
18466 9316 1
9316 1983 1
1983 15631 1
15631 11085 1
15631 16645 1
16645 13299 1
13299 4812 1
4812 9326 1
9326 3568 1
3568 9992 1
9326 14833 1
14833 4488 1
4488 15339 1
12251 10616 1
10616 9125 1
12251 19475 1
19475 21331 1
21331 15249 1
15249 1800 1
1800 18499 1
18499 12338 1
12338 15091 1
15091 17795 1
17795 13561 1
13561 8678 1
8678 19851 1
19851 2169 1
19851 8709 1
8709 11551 1
11551 19250 1
19250 15091 1
15091 12358 1
12358 12325 1
12325 12285 1
12285 2667 1
12285 16843 1
12285 9254 1
9254 20850 1
20850 817 1
817 14244 1
14244 6515 1
6515 15230 1
15230 11111 1
11111 2325 1
2325 12102 1
12102 11111 1
11111 5984 1
5984 18339 1
18339 15889 1
15889 10594 1
15889 9183 1
9183 12187 1
12187 15889 1
9183 6534 1
9183 6571 1
6571 6534 1
6571 18339 1
18339 20681 1
20681 8825 1
8825 7926 1
7926 16979 1
16979 6031 1
6031 7436 1
7436 13216 1
13216 20681 1
20681 5192 1
5192 18339 1
18339 11310 1
11310 11544 1
11544 1058 1
1058 18339 1
5192 6031 1
16979 5192 1
5192 2677 1
2677 4055 1
4055 9187 1
9187 16979 1
16979 2446 1
2446 7436 1
7436 11310 1
11310 7926 1
7926 2402 1
2402 9663 1
9663 1384 1
1384 1344 1
1344 6927 1
6927 1432 1
1432 14500 1
14500 14147 1
14147 5927 1
5927 18387 1
18387 4544 1
4544 18940 1
5927 2232 1
2232 8589 1
2232 2584 1
2584 14274 1
14274 1285 1
1285 15626 1
15626 2021 1
2021 1285 1
1285 2584 1
2584 4283 1
4283 6491 1
6491 14577 1
14577 15527 1
15527 13894 1
13894 16614 1
6526 6453 1
6453 10512 1
6453 1878 1
6453 7170 1
16614 12890 1
12890 6453 1
6453 40 1
40 18599 1
18599 9886 1
9886 7582 1
7582 14708 1
14708 10060 1
10060 16911 1
16911 1654 1
16911 16248 1
16248 11310 1
11310 78 1
78 15974 1
15974 11715 1
11715 20072 1
20072 3934 1
3934 19972 1
19972 14768 1
14768 1671 1
1671 6861 1
6861 4171 1
4171 8856 1
14193 19220 1
19220 8190 1
19220 11985 1
11985 14188 1
14188 7544 1
14188 12215 1
12215 7147 1
7147 14188 1
14188 6727 1
6727 6191 1
6191 2163 1
2163 14689 1
14689 14708 1
14708 8984 1
8984 1557 1
1557 5565 1
5565 19612 1
19612 12570 1
19612 16375 1
16375 5565 1
5565 15748 1
15748 15529 1
15529 5565 1
15529 4330 1
4330 13540 1
13540 17080 1
17080 5565 1
17080 15399 1
15399 8010 1
8010 17080 1
13540 11175 1
11175 19449 1
19449 15102 1
15102 19984 1
19984 8051 1
8051 17816 1
17816 9582 1
9582 8051 1
8051 9539 1
9539 15697 1
15697 5455 1
5455 21253 1
21253 14644 1
14644 15619 1
15619 21253 1
15619 7423 1
7423 5455 1
5455 11729 1
11729 9016 1
9016 12458 1
9016 9809 1
9809 15005 1
15005 17139 1
17139 12128 1
17139 16370 1
16370 2031 1
2031 20048 1
20048 3324 1
20048 3227 1
3227 4226 1
4226 2031 1
2031 9923 1
9923 16370 1
16370 14175 1
14175 13910 1
13910 15588 1
15588 9318 1
9318 7027 1
7027 1488 1
1488 13727 1
13727 3374 1
3374 3630 1
3630 4084 1
4084 4992 1
4992 10899 1
10899 5865 1
5865 9160 1
9160 5104 1
5104 3284 1
3284 1935 1
1935 17725 1
17725 16190 1
16190 15617 1
15617 16605 1
16605 40 1
40 21336 1
21336 11034 1
11034 6545 1
6545 5418 1
5418 13745 1
13745 6545 1
6545 14008 1
14008 7597 1
7597 8590 1
8590 9807 1
9807 10254 1
10254 12515 1
12515 19543 1
12515 11642 1
12515 19221 1
19221 11719 1
11719 14113 1
14113 11762 1
11762 19221 1
19221 2052 1
2052 17372 1
17372 17726 1
17726 21218 1
21218 21276 1
21276 15028 1
15028 10281 1
10281 1054 1
1054 7926 1
7926 14186 1
14186 8565 1
8565 9745 1
8565 11771 1
8565 12133 1
12133 20130 1
20130 9746 1
9746 6191 1
6191 7167 1
7167 7921 1
7921 20441 1
20441 6625 1
6625 12205 1
20441 13911 1
13911 2781 1
2781 1910 1
1910 19028 1
19028 2781 1
19028 10147 1
2781 15103 1
15103 15245 1
15103 10147 1
10147 2781 1
2781 16196 1
16196 18345 1
2781 17150 1
17150 16392 1
16392 11244 1
11244 8867 1
8867 2402 1
2402 2601 1
7316 11244 1
11244 3024 1
3024 16871 1
16871 7928 1
16871 18722 1
6134 6812 1
6812 12308 1
12308 17658 1
17658 1688 1
1688 3917 1
3917 6812 1
6812 18935 1
18935 7760 1
7760 12308 1
9128 14280 1
14280 20718 1
20718 9128 1
9128 7760 1
9128 6630 1
6630 20077 1
6630 11748 1
11748 9128 1
9128 19443 1
19443 12823 1
12823 8853 1
19427 20184 1
20184 8219 1
8219 8931 1
8931 18188 1
18188 19449 1
19449 7716 1
7716 820 1
820 20029 1
20029 14703 1
14703 15566 1
15566 13182 1
13182 11293 1
11293 1846 1
1846 13587 1
13587 652 1
652 20614 1
20614 11947 1
11947 13660 1
13660 10640 1
10640 17858 1
17858 10286 1
10286 6602 1
6602 15271 1
15271 1519 1
1519 16446 1
16446 19835 1
16446 2928 1
2928 17007 1
17007 15808 1
17007 15785 1
15785 1459 1
17007 5928 1
17007 2169 1
19851 3877 1
3877 16781 1
16781 401 1
401 1581 1
1581 15549 1
15549 16070 1
1581 882 1
882 17944 1
17944 19080 1
19080 2564 1
19080 882 1
882 5248 1
5248 2564 1
2564 20060 1
20060 2764 1
20060 14256 1
14256 15491 1
15491 3274 1
3274 17823 1
17823 4480 1
4480 9285 1
17823 3834 1
3834 7079 1
7079 15491 1
15491 20501 1
20501 14354 1
14354 8651 1
20501 19201 1
19201 15491 1
15491 14354 1
14354 14653 1
14653 21014 1
21014 6530 1
6530 14653 1
14653 6308 1
6308 6488 1
6308 825 1
825 11704 1
11704 3339 1
3339 4001 1
4001 3285 1
3285 7006 1
7006 1342 1
1342 17249 1
17249 7006 1
7006 2252 1
2252 3285 1
3285 19745 1
3285 116 1
116 12600 1
12600 8113 1
12600 2455 1
2455 3285 1
3285 17505 1
17505 6421 1
6421 14765 1
14765 17505 1
17505 17 1
17 661 1
661 11394 1
11394 2231 1
2231 9609 1
2231 3045 1
3045 3839 1
3839 15078 1
15078 34 1
34 14471 1
14471 8115 1
8115 3893 1
3893 20572 1
20572 18252 1
18252 3742 1
3742 11190 1
11190 9034 1
9034 2161 1
2161 5771 1
5771 9113 1
9113 16049 1
9113 11219 1
11219 8495 1
8495 17805 1
17805 16044 1
16044 8495 1
8495 11750 1
11750 19060 1
12176 9581 1
9581 7759 1
7759 1870 1
1870 9581 1
9581 15871 1
15871 8102 1
8102 20324 1
20324 9380 1
9380 11410 1
11410 6314 1
6314 7729 1
7729 7658 1
7729 7454 1
7454 10178 1
10178 4099 1
4099 9401 1
9401 19276 1
19276 2144 1
2144 3630 1
19276 1552 1
1552 2144 1
2144 7946 1
7946 10178 1
10178 14430 1
14430 9401 1
9401 8896 1
8896 8105 1
8105 13650 1
8105 19632 1
19632 19855 1
19855 637 1
637 14770 1
14770 19855 1
19855 12850 1
12850 12355 1
12355 16267 1
16267 19632 1
19632 13650 1
13650 14770 1
14770 16267 1
16267 11346 1
11346 14770 1
14770 15078 1
15078 17299 1
17299 14849 1
14849 17109 1
17109 15890 1
15890 3341 1
3341 8516 1
8516 10778 1
10778 3341 1
8516 13034 1
475 8483 1
8483 5746 1
5746 6444 1
6444 20822 1
20822 6101 1
6101 15168 1
15168 14253 1
14253 19985 1
19985 10281 1
10281 4357 1
4357 6864 1
6864 12136 1
12136 2556 1
2556 134 1
134 16860 1
16860 13753 1
13753 14205 1
14205 6555 1
6555 13753 1
13753 11227 1
11227 18149 1
18149 21080 1
18149 17679 1
17679 19014 1
19014 18149 1
18149 13741 1
13741 9412 1
9412 18394 1
18394 4679 1
18394 13741 1
13741 15573 1
15573 18957 1
18957 15555 1
18957 6323 1
6323 16601 1
16601 3923 1
3923 11227 1
11227 15416 1
15416 1946 1
1946 8270 1
8270 2462 1
2462 19508 1
19508 12805 1
12805 1946 1
1946 2372 1
2372 13413 1
13413 19067 1
13413 4664 1
4664 19727 1
19727 14531 1
14531 20410 1
20410 2239 1
2239 10585 1
10585 448 1
448 19764 1
19764 13617 1
13617 2857 1
2857 20903 1
20903 4711 1
4711 17769 1
17769 12864 1
12864 20903 1
20903 12716 1
12716 8920 1
8920 17769 1
17769 20903 1
20903 13617 1
13617 17769 1
13617 4514 1
4514 12864 1
12864 1209 1
1209 14317 1
14317 1070 1
1070 11908 1
11908 20021 1
20021 1070 1
11908 14317 1
14317 15387 1
15387 16831 1
15387 4952 1
4952 10237 1
10237 14282 1
14282 2255 1
2255 13977 1
13977 6110 1
6110 2132 1
2132 8887 1
8887 8752 1
8752 3878 1
8752 9670 1
9670 687 1
687 20189 1
20189 562 1
562 12847 1
12847 7182 1
7182 20362 1
20362 1509 1
1509 4910 1
4910 4003 1
4003 4215 1
18769 6979 1
6979 6415 1
6415 5711 1
5711 10567 1
5711 4162 1
4162 3939 1
4162 10123 1
10123 260 1
260 15594 1
15594 13453 1
15594 14088 1
