18418 20708 1
20708 5868 1
5868 222 1
222 9137 1
9137 15372 1
15372 8354 1
8354 15991 1
15991 15155 1
15991 11611 1
11611 8354 1
8354 16963 1
16963 12163 1
12163 944 1
944 13860 1
12163 13167 1
13167 14001 1
13167 12746 1
12746 6552 1
12746 16088 1
16088 2888 1
2888 2718 1
2718 15102 1
15102 14796 1
14796 15123 1
15123 10911 1
10911 11244 1
11244 19337 1
19337 15272 1
15272 13073 1
13073 6001 1
6001 13873 1
13873 15125 1
15125 18309 1
18309 4456 1
4456 3386 1
3386 2773 1
2773 6109 1
6109 3400 1
3400 9077 1
9077 7988 1
7988 3400 1
3400 19985 1
19985 134 1
134 14669 1
14669 12582 1
12582 74 1
74 17551 1
17551 7940 1
7940 8737 1
8737 5478 1
5478 10563 1
10563 18463 1
18463 4133 1
4133 6897 1
6897 12442 1
12442 12543 1
12543 4133 1
4133 20744 1
20744 3161 1
20744 16179 1
16179 2048 1
2048 4672 1
4672 3362 1
3362 18044 1
3362 13788 1
13788 18044 1
18044 3759 1
3759 7294 1
7294 17561 1
17561 13112 1
13112 9951 1
9951 12679 1
12679 13112 1
13112 12303 1
12303 20329 1
20329 20427 1
20427 20320 1
20320 17500 1
17500 3843 1
3843 20320 1
20320 6178 1
6178 18221 1
18221 11713 1
11713 72 1
72 3906 1
72 7265 1
7265 19222 1
19222 3906 1
3906 7265 1
11713 11801 1
11713 17986 1
17986 2047 1
2047 7092 1
7092 1041 1
1041 7609 1
7609 20939 1
20939 1574 1
1574 12149 1
12149 17501 1
17501 1574 1
1574 4477 1
4477 17501 1
17501 7391 1
17501 2578 1
2578 1462 1
1462 3016 1
3016 9466 1
9466 12149 1
12149 8219 1
8219 1116 1
1116 4930 1
4930 17914 1
17914 20304 1
20304 3658 1
3658 13091 1
13091 7971 1
7971 18599 1
18599 997 1
997 3278 1
3278 20241 1
20241 6115 1
6115 17000 1
17000 17034 1
17034 1263 1
1263 14793 1
14793 5331 1
5331 17000 1
17000 17393 1
17393 1846 1
1846 7932 1
7932 6444 1
6444 2191 1
2191 17282 1
17282 3441 1
3441 7967 1
7967 16820 1
16820 8345 1
8345 16704 1
8345 20818 1
20818 11188 1
11188 5586 1
11188 20974 1
20974 20962 1
20962 9491 1
9491 18902 1
18902 7940 1
7940 4109 1
4109 7182 1
7182 11348 1
7182 6447 1
6447 11405 1
11405 8326 1
8326 4381 1
4381 8489 1
4381 8469 1
8469 20845 1
20845 17971 1
17971 7726 1
7726 14551 1
14551 11546 1
11546 3441 1
3441 5131 1
5131 21019 1
21019 1566 1
1566 10352 1
10352 4504 1
10352 7783 1
10352 10100 1
10100 164 1
164 3153 1
3153 14480 1
14480 7705 1
7705 19472 1
19472 19565 1
19565 10898 1
10898 10486 1
10486 9936 1
9936 19939 1
19939 19565 1
19565 13943 1
13943 2152 1
2152 984 1
984 4979 1
4979 1867 1
1867 9936 1
9936 19565 1
19565 984 1
984 17117 1
984 1867 1
984 13943 1
13943 19472 1
19472 12154 1
12154 6832 1
6832 8654 1
8654 5347 1
5347 20308 1
20308 18632 1
18632 5330 1
5330 10831 1
10831 17926 1
17926 19966 1
19966 17349 1
17349 2191 1
2191 6774 1
6774 14495 1
14495 1739 1
1739 15359 1
15359 14037 1
14037 19806 1
19806 16805 1
16805 1739 1
1739 20992 1
20992 19259 1
19259 2895 1
2895 3495 1
3495 14495 1
3495 14480 1
14480 16042 1
16042 713 1
713 12392 1
12392 14633 1
14633 17885 1
17885 5574 1
5574 18724 1
18724 573 1
573 15144 1
15144 9910 1
9910 18474 1
18474 633 1
633 16848 1
16848 13873 1
13873 9663 1
9663 10365 1
10365 5358 1
5358 2305 1
2305 6754 1
6754 14073 1
14073 15669 1
15669 7334 1
7334 6754 1
6754 2601 1
2601 11310 1
11310 17652 1
17652 7298 1
7298 11979 1
11979 20188 1
20188 18733 1
18733 11979 1
20188 4690 1
4690 5983 1
5983 12124 1
12124 5158 1
5158 20188 1
11979 16387 1
16387 13132 1
13132 15014 1
15014 14620 1
14620 21036 1
21036 11244 1
11244 9669 1
19337 7316 1
7316 13873 1
13873 17250 1
17250 4456 1
18309 13082 1
15125 3273 1
3273 1652 1
1652 6304 1
6304 5828 1
6304 14250 1
14250 1983 1
1983 14155 1
14155 6274 1
6274 1983 1
14250 11745 1
11745 13840 1
13840 8038 1
8038 3633 1
3633 20466 1
20466 1935 1
1935 3633 1
1935 15095 1
15095 18848 1
18848 3209 1
18848 1721 1
1721 18364 1
18364 11624 1
11624 12871 1
12871 15043 1
15043 18568 1
18568 12588 1
12588 6927 1
6927 35 1
35 4994 1
4994 2771 1
2771 15561 1
15561 1969 1
1969 9760 1
9760 35 1
35 2306 1
2306 20790 1
2306 18058 1
18058 11405 1
11405 3750 1
3750 13097 1
13097 18058 1
18058 10466 1
10466 15561 1
15561 15301 1
15301 6322 1
6322 11607 1
11607 7083 1
7083 11979 1
11979 17652 1
17652 14460 1
14460 16387 1
16387 11310 1
11310 1054 1
1054 18339 1
11310 16940 1
16940 4642 1
16940 4302 1
4302 19417 1
19417 20370 1
20370 4302 1
4302 19542 1
19542 2363 1
2363 6729 1
6729 13646 1
13646 13619 1
13646 7712 1
7712 139 1
139 20433 1
20433 2412 1
2412 1858 1
1858 7712 1
7712 1377 1
1377 139 1
139 1895 1
1895 1976 1
1976 18959 1
18959 18289 1
18289 12968 1
12968 9776 1
9776 18289 1
18289 10821 1
12968 19863 1
19863 21216 1
21216 12968 1
18289 214 1
214 10854 1
10854 2785 1
2785 21070 1
2785 10496 1
10496 10854 1
10854 15419 1
15419 14560 1
14560 14580 1
14580 10854 1
10854 5810 1
5810 19503 1
19503 14645 1
14645 670 1
670 15123 1
15123 535 1
535 8771 1
8771 12683 1
12683 10021 1
10021 17702 1
17702 15123 1
15123 17652 1
17652 3831 1
3831 17389 1
17389 14587 1
17389 8076 1
8076 4820 1
4820 9651 1
9651 9038 1
9038 5817 1
5817 16354 1
16354 6864 1
6864 1183 1
1183 16648 1
16648 17368 1
17368 12337 1
17368 14019 1
14019 17558 1
17558 13123 1
13123 14103 1
14103 12560 1
12560 8361 1
8361 10327 1
10327 973 1
973 5549 1
5549 13788 1
13788 13209 1
13209 262 1
262 17771 1
17771 10558 1
10558 11363 1
11363 17505 1
11363 14765 1
14765 6421 1
6421 17505 1
17505 18977 1
18977 14238 1
14238 11488 1
18977 7964 1
7964 14238 1
7964 700 1
700 13700 1
13700 18407 1
18407 3924 1
3924 13111 1
13111 10975 1
10975 3924 1
13111 14809 1
14809 8557 1
8557 3967 1
3967 11413 1
11413 17615 1
17615 9122 1
17615 3967 1
8557 16714 1
14809 15339 1
15339 19149 1
15339 15921 1
15921 2264 1
2264 19479 1
19479 1487 1
1487 2288 1
2288 19098 1
19098 9463 1
9463 14568 1
14568 9526 1
14568 3441 1
3441 10947 1
3441 9131 1
9131 1435 1
1435 603 1
603 11831 1
11831 5471 1
5471 3961 1
5471 8245 1
8245 11984 1
11984 13788 1
13788 21121 1
21121 5828 1
5828 4656 1
4656 997 1
997 13768 1
997 19420 1
19420 4835 1
4835 14613 1
14613 4392 1
4392 19420 1
19420 755 1
755 9050 1
9050 10992 1
10992 19420 1
19420 8781 1
8781 10992 1
10992 1616 1
1616 17882 1
17882 14768 1
14768 13977 1
13977 6016 1
6016 13480 1
13480 74 1
74 1147 1
1147 1147 1
1147 18082 1
18082 12120 1
12120 18052 1
18052 12416 1
12416 16511 1
16511 9107 1
9107 11591 1
11591 13634 1
13634 17000 1
17000 14614 1
14614 15489 1
15489 9605 1
9605 15683 1
15683 16994 1
16994 9596 1
9596 1453 1
1453 5533 1
9596 1499 1
1499 4792 1
4792 19426 1
19426 2109 1
2109 6960 1
6960 469 1
469 20780 1
20780 5325 1
5325 10311 1
10311 762 1
762 10009 1
10009 10056 1
10056 6937 1
6937 10311 1
10311 20780 1
20780 19576 1
19576 10056 1
10056 762 1
762 5325 1
10311 6759 1
6759 10009 1
10009 6937 1
6937 14080 1
14080 7219 1
7219 19414 1
19414 6759 1
6759 10056 1
19576 17347 1
17347 14805 1
14805 1270 1
1270 17347 1
17347 10311 1
20780 15233 1
15233 21224 1
21224 4027 1
4027 19574 1
19574 12354 1
12354 17400 1
12354 16526 1
12354 1254 1
1254 14503 1
14503 2221 1
2221 17452 1
2221 9013 1
9013 4898 1
4898 17286 1
17286 20445 1
20445 4898 1
9013 17591 1
17591 4208 1
4208 5984 1
5984 12754 1
12754 9753 1
9753 18123 1
18123 8590 1
8590 2106 1
2106 554 1
554 740 1
740 17726 1
17726 12497 1
12497 8446 1
8446 17726 1
17726 10084 1
10084 1748 1
1748 371 1
371 14768 1
14768 16910 1
16910 656 1
656 18991 1
18991 6329 1
6329 3840 1
3840 20941 1
20941 10325 1
10325 18851 1
18851 11218 1
11218 12046 1
12046 20941 1
20941 7055 1
7055 11659 1
11659 9365 1
9365 7055 1
7055 1084 1
1084 9365 1
7055 7083 1
7083 8548 1
8548 8267 1
8267 16519 1
16519 7504 1
8267 4662 1
4662 8548 1
8548 4180 1
4180 15899 1
15899 8238 1
8238 10059 1
10059 4180 1
4180 18575 1
4180 14632 1
4180 7210 1
