20296 10271 1
10271 15411 1
15411 14581 1
15411 9256 1
9256 10271 1
10271 11245 1
9256 14581 1
15411 20296 1
10271 2616 1
2616 13241 1
13241 20189 1
20189 7941 1
7941 6320 1
6320 15155 1
15155 6788 1
6788 13859 1
13859 20215 1
20215 13135 1
13135 14598 1
14598 10558 1
10558 1595 1
1595 8958 1
10558 8229 1
8229 20005 1
20005 17375 1
17375 14791 1
14791 5505 1
5505 8787 1
8787 13530 1
13530 8152 1
8152 5977 1
5977 12190 1
12190 7710 1
7710 19 1
19 8875 1
8875 2913 1
2913 4394 1
4394 20952 1
20952 19420 1
19420 5839 1
5839 10808 1
10808 8719 1
8719 16547 1
8719 16459 1
16459 4501 1
16459 16547 1
16547 18490 1
18490 14721 1
14721 15765 1
15765 6888 1
6888 11919 1
6888 8985 1
8985 18799 1
18799 6144 1
6144 6966 1
6966 9543 1
9543 19904 1
19904 3172 1
3172 1616 1
1616 17890 1
1616 5574 1
5574 4820 1
4820 8076 1
8076 8324 1
8076 7289 1
7289 10684 1
10684 16386 1
16386 3441 1
3441 1181 1
3441 9332 1
9332 15152 1
9332 15041 1
15041 11099 1
11099 16894 1
16894 16957 1
16957 3092 1
3092 295 1
295 14237 1
14237 18320 1
18320 11334 1
11334 8529 1
8529 7004 1
7004 9756 1
9756 11702 1
11702 19420 1
19420 3511 1
3511 12805 1
12805 17721 1
17721 20814 1
20814 12928 1
12928 10912 1
10912 21174 1
21174 15793 1
15793 10912 1
10912 13742 1
13742 12928 1
10912 8046 1
10912 12526 1
12526 3259 1
3259 4320 1
4320 17472 1
17472 10883 1
10883 18448 1
18448 11869 1
11869 8534 1
8534 5744 1
5744 10812 1
10812 6950 1
6950 5327 1
5327 17882 1
17882 9187 1
9187 9197 1
9197 15617 1
15617 5635 1
15617 18630 1
18630 11306 1
11306 2944 1
11306 14998 1
14998 14683 1
14683 8345 1
14683 10819 1
10819 8076 1
8076 14791 1
14791 603 1
603 3254 1
3254 19207 1
19207 2738 1
2738 1932 1
1932 14904 1
14904 12620 1
14904 5500 1
5500 4659 1
4659 4628 1
4628 9712 1
4628 5500 1
5500 2738 1
2738 15582 1
15582 904 1
904 20690 1
904 8787 1
8787 7718 1
7718 11109 1
11109 6423 1
6423 8175 1
8175 16221 1
16221 3394 1
8175 6404 1
6404 11183 1
11183 17348 1
17348 3382 1
3382 8262 1
8262 12097 1
12097 13604 1
13604 9478 1
9478 12097 1
12097 13143 1
12097 987 1
987 4593 1
4593 15911 1
15911 2202 1
2202 4483 1
4483 7459 1
7459 21247 1
21247 9234 1
9234 18735 1
18735 13363 1
13363 6523 1
6523 3153 1
3153 14361 1
14361 3441 1
3441 20563 1
20563 10947 1
10947 15865 1
15865 2743 1
2743 13586 1
13586 15079 1
15079 16364 1
16364 9564 1
9564 9562 1
9562 15920 1
15920 16657 1
16657 18001 1
15920 7900 1
7900 7284 1
7284 6988 1
6988 2605 1
2605 4021 1
4021 17347 1
17347 19414 1
19414 6759 1
6759 6937 1
6759 5325 1
5325 19414 1
17347 20780 1
20780 2634 1
2634 6430 1
6430 19453 1
19453 2634 1
2634 10206 1
10206 2982 1
2982 16871 1
16871 18722 1
18722 3913 1
3913 15779 1
15779 3626 1
3626 204 1
204 17918 1
17918 11463 1
11463 20597 1
20597 13826 1
13826 3722 1
3722 1928 1
1928 16912 1
16912 1219 1
1219 15608 1
15608 9364 1
9364 7832 1
7832 3626 1
3626 4532 1
3626 10614 1
3626 3153 1
3153 11463 1
11463 20056 1
20056 3626 1
3626 9255 1
9255 7750 1
9255 3637 1
3637 13826 1
13826 20064 1
20064 3626 1
3626 12436 1
12436 7619 1
7619 4180 1
4180 14484 1
14484 7584 1
7584 4719 1
4719 408 1
408 10760 1
10760 7523 1
7523 2774 1
2774 17393 1
17393 18885 1
18885 12740 1
12740 6727 1
6727 846 1
846 16433 1
16433 21261 1
16433 13518 1
13518 4761 1
4761 21261 1
21261 12766 1
13518 21261 1
21261 4312 1
4312 12243 1
12243 4806 1
4806 8881 1
8881 4312 1
4312 18650 1
18650 8506 1
18650 21074 1
21074 16935 1
16935 13706 1
13706 8221 1
8221 4199 1
4199 8711 1
8711 636 1
636 4173 1
4173 9446 1
9446 7349 1
7349 11116 1
7349 5793 1
5793 6920 1
6920 5841 1
5841 12392 1
12392 14633 1
14633 8834 1
8834 15295 1
15295 15045 1
15045 14435 1
14435 16621 1
16621 1270 1
1270 20754 1
20754 6774 1
6774 1616 1
1616 6542 1
6542 5240 1
5240 4423 1
4423 16029 1
16029 6479 1
6479 5778 1
5778 5377 1
5377 477 1
5778 9234 1
9234 11637 1
11637 19880 1
19880 7500 1
7500 20939 1
20939 18730 1
18730 5268 1
18730 17141 1
17141 5871 1
5871 14953 1
14953 7479 1
7479 15296 1
15296 14953 1
14953 14303 1
14303 7479 1
7479 9551 1
9551 14953 1
5871 13284 1
13284 8027 1
8027 2394 1
2394 11710 1
11710 7849 1
7849 3 1
3 15607 1
15607 10741 1
10741 17657 1
17657 20200 1
20200 9975 1
9975 10352 1
10352 12851 1
9975 1932 1
9975 13481 1
9975 10452 1
10452 15420 1
15420 11940 1
11940 19985 1
19985 5177 1
5177 17953 1
17953 14286 1
14286 20349 1
20349 2607 1
2607 7178 1
7178 20349 1
20349 690 1
690 2607 1
2607 1696 1
1696 16003 1
16003 13214 1
13214 807 1
807 19696 1
19696 1480 1
1480 11948 1
11948 236 1
236 19696 1
19696 20390 1
19696 13247 1
13247 3668 1
3668 15476 1
15476 9494 1
9494 10976 1
10976 3668 1
3668 14633 1
14633 7716 1
7716 14791 1
14791 3464 1
3464 11782 1
11782 5770 1
5770 10151 1
10151 20012 1
20012 13318 1
20012 7628 1
7628 7768 1
7628 18763 1
18763 3899 1
3899 8073 1
18763 10166 1
10166 20699 1
20699 2193 1
20699 4177 1
20699 5649 1
5649 9705 1
9705 1169 1
1169 9475 1
1169 6564 1
6564 20270 1
6564 362 1
362 1169 1
1169 3955 1
3955 18283 1
18283 1548 1
18283 17192 1
17192 15452 1
15452 16495 1
16495 5068 1
5068 6815 1
6815 17678 1
17678 13913 1
17678 19559 1
19559 17828 1
17828 21061 1
17828 248 1
248 15800 1
15800 18589 1
18589 13892 1
13892 15354 1
18589 248 1
248 14460 1
14460 5745 1
5745 1714 1
1714 21326 1
21326 19718 1
19718 13586 1
13586 4013 1
13586 1714 1
1714 290 1
290 9920 1
9920 14237 1
14237 20493 1
20493 11260 1
11260 14237 1
14237 3290 1
3290 9062 1
9062 3441 1
3441 12838 1
12838 1788 1
1788 9374 1
9374 1223 1
1223 16183 1
16183 16586 1
1223 10088 1
10088 5005 1
5005 15905 1
15905 9374 1
15905 6067 1
6067 17194 1
17194 20822 1
17194 16248 1
16248 3301 1
3301 17590 1
17590 2552 1
2552 5778 1
5778 17808 1
17808 13033 1
13033 8364 1
8364 11112 1
17808 12939 1
12939 74 1
74 9224 1
9224 535 1
535 12570 1
12570 16184 1
16184 11469 1
11469 14617 1
14617 12656 1
12656 13 1
13 17770 1
17770 14762 1
14762 15973 1
15973 4072 1
4072 13 1
13 2974 1
2974 11593 1
11593 17228 1
11593 16316 1
16316 11997 1
11997 19790 1
19790 21204 1
21204 7195 1
7195 10796 1
10796 14512 1
10796 9266 1
9266 12584 1
12584 9799 1
9799 9266 1
10796 19457 1
19457 12602 1
12602 10944 1
10944 20514 1
20514 291 1
291 10944 1
10944 11354 1
11354 9500 1
9500 14823 1
14823 18735 1
18735 2810 1
2810 4199 1
4199 13373 1
13373 20456 1
20456 15005 1
15005 9923 1
9923 7578 1
7578 17139 1
17139 4199 1
4199 7373 1
7373 8793 1
8793 20456 1
8793 11904 1
8793 6376 1
6376 18618 1
6376 17139 1
17139 3066 1
3066 13129 1
13129 19216 1
19216 10237 1
10237 14282 1
14282 18188 1
18188 20648 1
20648 19423 1
19423 1099 1
1099 8902 1
8902 6545 1
6545 10329 1
10329 16182 1
16182 16727 1
16727 10329 1
10329 11046 1
11046 18188 1
18188 11839 1
11839 8288 1
8288 15435 1
15435 1159 1
1159 14391 1
14391 1879 1
1879 1159 1
1159 11599 1
11599 15480 1
15480 4102 1
4102 13366 1
13366 8099 1
8099 8131 1
8131 4102 1
4102 17 1
17 9402 1
9402 13029 1
13029 3485 1
3485 8423 1
3485 9402 1
9402 8423 1
13029 822 1
13029 4209 1
4209 1875 1
1875 14270 1
14270 2844 1
2844 5718 1
5718 11464 1
11464 2094 1
2094 21244 1
21244 20491 1
21244 2196 1
2196 16783 1
16783 15682 1
16783 4334 1
4334 15612 1
15612 16783 1
16783 15651 1
15651 9932 1
16783 13377 1
13377 4334 1
16783 5795 1
16783 19312 1
19312 2779 1
2779 603 1
603 5005 1
5005 1742 1
1742 8796 1
5005 12731 1
12731 624 1
624 5430 1
5430 2861 1
2861 12883 1
12883 9332 1
9332 11099 1
11099 20759 1
20759 1696 1
1696 7513 1
7513 11310 1
11310 10079 1
10079 3666 1
3666 2801 1
2801 6864 1
6864 10281 1
10281 4357 1
4357 6864 1
6864 10532 1
10532 10327 1
10327 17986 1
17986 8873 1
8873 13123 1
13123 21074 1
16935 11574 1
11574 2202 1
2202 4670 1
15911 18826 1
18826 21074 1
21074 15372 1
15372 14253 1
14253 3987 1
3987 6841 1
6841 12944 1
12944 8631 1
8631 18236 1
18236 12106 1
18236 5849 1
5849 13123 1
13123 2109 1
2109 21218 1
21218 13091 1
13091 4322 1
4322 18807 1
18807 15306 1
15306 4299 1
4299 2534 1
2534 7734 1
2534 15576 1
15576 7901 1
7901 9724 1
9724 3807 1
9724 14017 1
14017 15724 1
15724 8882 1
8882 5267 1
5267 19936 1
19936 17726 1
17726 15579 1
15579 20546 1
20546 17111 1
17111 15579 1
15579 14895 1
14895 20546 1
20546 1260 1
14895 994 1
994 11885 1
11885 12068 1
12068 15010 1
15010 6505 1
6505 15145 1
15145 9909 1
9909 15977 1
15977 20041 1
20041 3556 1
3556 11558 1
11558 18289 1
18289 12968 1
12968 19863 1
12968 21216 1
21216 19863 1
11558 9155 1
11558 20211 1
20211 20234 1
20234 6339 1
6339 9535 1
9535 13864 1
9535 8 1
8 12536 1
12536 19516 1
19516 18686 1
18686 2233 1
2233 12536 1
12536 12072 1
12072 16615 1
12072 4365 1
4365 92 1
92 3225 1
3225 1421 1
1421 8147 1
8147 7651 1
8147 20830 1
20830 10312 1
10312 5078 1
5078 6060 1
5078 4105 1
4105 13257 1
5078 3294 1
3294 3077 1
3077 5078 1
4105 3077 1
3077 10312 1
10312 8477 1
10312 3441 1
3441 3441 1
3441 13041 1
13041 1031 1
1031 10342 1
10342 14237 1
14237 1031 1
1031 18680 1
18680 9996 1
9996 8601 1
8601 9444 1
9444 10922 1
10922 478 1
478 12007 1
12007 909 1
12007 8152 1
8152 15328 1
15328 19460 1
19460 20886 1
20886 18028 1
18028 10153 1
10153 14679 1
14679 19391 1
19391 14313 1
14313 6048 1
6048 19506 1
19506 20886 1
20886 10963 1
20886 14679 1
14679 19460 1
20886 10483 1
20886 15328 1
15328 20621 1
20621 11573 1
20621 5843 1
5843 4233 1
4233 830 1
830 412 1
412 10941 1
10941 18674 1
18674 18110 1
18110 5843 1
5843 16371 1
16371 412 1
16371 13338 1
13338 11888 1
11888 18110 1
18110 13338 1
13338 18446 1
18446 412 1
412 18110 1
18110 9888 1
9888 5843 1
5843 11888 1
11888 14250 1
14250 6304 1
6304 17303 1
17303 12823 1
12823 9530 1
9530 2623 1
9530 1714 1
5745 9801 1
9801 10546 1
10546 10508 1
10508 9801 1
5745 10926 1
10926 7985 1
7985 21186 1
21186 9062 1
3441 10166 1
20699 16932 1
16932 3441 1
3441 8379 1
8379 10698 1
10698 598 1
598 2215 1
2215 2953 1
2953 12819 1
12819 10609 1
12819 10479 1
12819 10227 1
10227 14656 1
14656 17093 1
17093 4552 1
4552 308 1
4552 3388 1
3388 10391 1
10391 6771 1
6771 3388 1
4552 6771 1
6771 12816 1
12816 4552 1
17093 10698 1
10698 16002 1
16002 13806 1
13806 11828 1
11828 17169 1
17169 5736 1
5736 1145 1
1145 13806 1
13806 5101 1
5101 14147 1
14147 6491 1
6491 20137 1
6491 4283 1
4283 2584 1
2584 10317 1
10317 6491 1
6491 15527 1
15527 7899 1
7899 20558 1
20558 15527 1
7899 20896 1
20896 7148 1
7148 17238 1
17238 10015 1
17238 4841 1
4841 17658 1
17658 18545 1
18545 7760 1
7760 3917 1
3917 5224 1
5224 7760 1
7760 18655 1
7760 8700 1
8700 10782 1
10782 7760 1
7760 18935 1
18935 6812 1
6812 4269 1
4269 7760 1
7760 12091 1
12091 17658 1
17658 11101 1
11101 7760 1
7760 4841 1
18655 11552 1
11552 20952 1
20952 11772 1
11772 19427 1
19427 11552 1
11552 12823 1
12823 19427 1
19427 14989 1
14989 9316 1
9316 9445 1
9445 13812 1
13812 5918 1
5918 21100 1
21100 7017 1
7017 18522 1
18522 4150 1
18522 13464 1
13464 13126 1
13126 18522 1
18522 14637 1
13464 7017 1
7017 4150 1
7017 16154 1
7017 21004 1
21004 13268 1
13268 13241 1
13241 16308 1
13241 6741 1
6741 19843 1
19843 17649 1
17649 16610 1
16610 2388 1
16610 282 1
282 10548 1
10548 16638 1
16638 5655 1
5655 2397 1
2397 6577 1
6577 9228 1
2397 10621 1
10621 5655 1
5655 12075 1
12075 16610 1
16610 16326 1
16326 18889 1
18889 17649 1
19843 18889 1
18889 2536 1
18889 2089 1
2089 18055 1
18055 12123 1
12123 5652 1
5652 7556 1
7556 4486 1
4486 17734 1
17734 10468 1
17734 6657 1
6657 6657 1
6657 14533 1
14533 2306 1
2306 35 1
35 16236 1
16236 17897 1
17897 16390 1
17897 14898 1
14898 10024 1
10024 3424 1
3424 12177 1
12177 4623 1
4623 11412 1
11412 16746 1
16746 15274 1
15274 17166 1
15274 15475 1
15475 2511 1
2511 19964 1
19964 2106 1
2106 6250 1
6250 1739 1
1739 16805 1
16805 2106 1
2106 2009 1
2009 7977 1
7977 10079 1
10079 18741 1
18741 8955 1
8955 4423 1
4423 8064 1
8064 13586 1
13586 4731 1
4731 1797 1
1797 11696 1
11696 2058 1
11696 6558 1
6558 5244 1
5244 15899 1
15899 8238 1
8238 9924 1
9924 3255 1
3255 5043 1
3255 8971 1
8971 20247 1
20247 1694 1
1694 15852 1
15852 20247 1
20247 7405 1
1694 8971 1
8971 11305 1
11305 18231 1
18231 5787 1
5787 16733 1
5787 14375 1
14375 17215 1
17215 8622 1
8622 20436 1
20436 9800 1
9800 9568 1
9568 2803 1
9568 4245 1
9568 14057 1
14057 14988 1
14988 9568 1
14057 8622 1
8622 8851 1
8851 20521 1
8851 3985 1
3985 19545 1
19545 4593 1
4593 17032 1
17032 13910 1
13910 7720 1
7720 8892 1
8892 18181 1
18181 11208 1
11208 20714 1
20714 2599 1
2599 8965 1
2599 987 1
987 14480 1
14480 9318 1
9318 18344 1
18344 18807 1
18807 15974 1
15974 5327 1
5327 7317 1
7317 13628 1
13628 12543 1
13628 1730 1
1730 17065 1
17065 7052 1
7052 1125 1
1125 17424 1
17424 4106 1
4106 6959 1
6959 3153 1
3153 12827 1
12827 19370 1
19370 14834 1
14834 74 1
74 11354 1
11354 19370 1
19370 5031 1
5031 3153 1
3153 1695 1
1695 3323 1
3323 18632 1
18632 18062 1
18062 7739 1
7739 19232 1
19232 4304 1
4304 19017 1
19017 11029 1
11029 6039 1
6039 4375 1
11029 14008 1
14008 4097 1
4097 11208 1
4097 10329 1
10329 1099 1
1099 4561 1
4561 17868 1
17868 21180 1
21180 13894 1
21180 6545 1
6545 15512 1
15512 14039 1
14039 6545 1
6545 14471 1
14471 17299 1
17299 1569 1
17299 2916 1
2916 15743 1
15743 6066 1
15743 17299 1
17299 870 1
870 2493 1
2493 6150 1
6150 16190 1
16190 3633 1
3633 811 1
811 8941 1
8941 10638 1
10638 18357 1
18357 8486 1
8486 18336 1
18336 12425 1
12425 6658 1
6658 2564 1
2564 27 1
27 6658 1
6658 2701 1
2701 3258 1
3258 4648 1
4648 1270 1
1270 14037 1
14037 2895 1
2895 6250 1
6250 3495 1
3495 2511 1
2511 8590 1
8590 19021 1
19021 18466 1
18466 9316 1
9316 4185 1
4185 16042 1
16042 9316 1
9316 20151 1
20151 20615 1
20615 5347 1
5347 6169 1
6169 16589 1
16589 13802 1
16589 4791 1
4791 55 1
55 19157 1
19157 3407 1
3407 13235 1
13235 9388 1
9388 4199 1
4199 13706 1
13706 11985 1
11985 9581 1
9581 2139 1
2139 3265 1
3265 9581 1
9581 12176 1
12176 10389 1
10389 11560 1
11560 11832 1
11832 12176 1
12176 19060 1
19060 11750 1
11750 3790 1
3790 11386 1
11386 5204 1
11386 4017 1
4017 11750 1
11750 3492 1
11750 20742 1
20742 9581 1
9581 2743 1
2743 10947 1
10947 11091 1
11091 6608 1
6608 4107 1
4107 11368 1
11368 11557 1
11557 2743 1
2743 437 1
437 9581 1
9581 3176 1
3176 8996 1
8996 9581 1
9581 13122 1
13122 14799 1
14799 10897 1
10897 17470 1
17470 1855 1
1855 10897 1
10897 10448 1
10448 13417 1
10448 4180 1
4180 8681 1
8681 17599 1
17599 6713 1
6713 12276 1
12276 1079 1
1079 20363 1
20363 12323 1
12323 4071 1
4071 1184 1
1184 2943 1
2943 12323 1
1079 1310 1
1310 5581 1
5581 8716 1
8716 1310 1
1079 5581 1
20363 4071 1
4071 7252 1
4071 6713 1
6713 12323 1
6713 18575 1
18575 8681 1
4180 11130 1
11130 14518 1
14518 4003 1
4003 4910 1
4910 1509 1
1509 20203 1
20203 17503 1
17503 16591 1
17503 1094 1
1094 11498 1
11498 5839 1
5839 5058 1
5058 15972 1
15972 2846 1
2846 4040 1
2846 10872 1
10872 6559 1
6559 8954 1
8954 10777 1
8954 3687 1
3687 8608 1
8608 10872 1
10872 2316 1
2316 2846 1
15972 14775 1
14775 15716 1
15716 17860 1
17860 19696 1
19696 20881 1
20881 5176 1
5176 9721 1
9721 18481 1
9721 12913 1
12913 17807 1
17807 9721 1
9721 1742 1
9721 1729 1
1729 9311 1
1729 18295 1
18295 9311 1
9311 3250 1
18295 9721 1
9721 14606 1
9311 9721 1
1742 21217 1
1742 6029 1
6029 19864 1
19864 17897 1
14898 12177 1
12177 16140 1
16140 19398 1
19398 3424 1
3424 17897 1
3424 14898 1
12177 10024 1
10024 11348 1
11348 394 1
394 17703 1
17703 428 1
428 13127 1
13127 13241 1
6741 2089 1
2089 6956 1
6956 16326 1
16326 2089 1
2089 9634 1
9634 2538 1
2538 150 1
150 9634 1
2089 1977 1
1977 6741 1
6741 14022 1
14022 7450 1
7450 697 1
697 14022 1
14022 17518 1
14022 17585 1
17585 4810 1
4810 276 1
4810 15993 1
15993 15294 1
15294 19956 1
15294 9547 1
9547 17585 1
17585 4823 1
4823 20887 1
20887 8822 1
8822 18249 1
8822 15593 1
15593 18352 1
18352 4145 1
4145 9911 1
9911 16463 1
16463 8726 1
8726 2668 1
2668 10433 1
10433 1777 1
1777 305 1
305 8052 1
8052 48 1
48 1560 1
1560 3195 1
1560 1514 1
1514 17035 1
17035 6747 1
17035 3220 1
3220 4037 1
4037 11302 1
11302 19886 1
19886 2321 1
2321 15415 1
15415 9622 1
9622 13708 1
13708 13105 1
13105 4939 1
4939 19326 1
19326 9594 1
9594 14664 1
14664 6959 1
6959 3901 1
3901 2519 1
2519 2570 1
2519 20350 1
2519 339 1
339 2570 1
2570 8797 1
2519 17259 1
20350 3901 1
3901 3153 1
3153 9897 1
9897 4476 1
4476 13826 1
13826 3626 1
20064 19370 1
19370 9697 1
9697 74 1
74 19605 1
19605 17001 1
17001 12324 1
12324 4869 1
4869 2224 1
2224 12324 1
12324 19370 1
19370 14721 1
14721 18827 1
18827 14299 1
14299 18799 1
18799 12881 1
12881 18827 1
14721 6347 1
6347 14490 1
14490 6908 1
6908 15817 1
15817 4119 1
4119 14490 1
14490 7157 1
7157 6347 1
6347 2205 1
2205 7500 1
7500 8585 1
8585 11114 1
11114 18827 1
18827 4128 1
4128 20341 1
20341 7500 1
7500 3812 1
3812 16682 1
3812 16890 1
16890 16123 1
16123 921 1
921 17673 1
17673 19232 1
19232 11663 1
11663 1622 1
1622 13124 1
13124 7997 1
7997 1622 1
1622 13961 1
13961 10868 1
10868 12687 1
10868 1622 1
1622 4260 1
4260 16387 1
16387 11720 1
11720 15123 1
15123 8963 1
8963 19902 1
19902 18279 1
18279 10557 1
10557 9444 1
9444 3235 1
9444 4304 1
4304 134 1
134 11812 1
11812 16573 1
16573 3441 1
3441 19605 1
19605 3570 1
19605 5952 1
5952 5082 1
5082 13125 1
13125 19503 1
19503 17310 1
17310 20415 1
17310 3958 1
3958 2855 1
2855 5574 1
5574 3958 1
19503 14480 1
14480 664 1
664 4381 1
4381 1704 1
1704 13514 1
13514 9332 1
9332 18577 1
18577 5007 1
5007 19329 1
5007 2275 1
2275 3994 1
3994 5105 1
5105 19329 1
19329 5944 1
5944 9115 1
9115 4554 1
4554 5944 1
5944 1107 1
1107 15670 1
15670 3542 1
3542 2589 1
2589 12831 1
12831 15527 1
15527 10583 1
10583 466 1
10583 5796 1
5796 4228 1
4228 21355 1
21355 10583 1
466 21355 1
466 6380 1
466 154 1
154 20892 1
20892 5290 1
5290 118 1
118 521 1
521 21097 1
521 9498 1
521 4889 1
4889 18929 1
18929 7497 1
7497 4889 1
4889 498 1
498 7883 1
7883 4889 1
498 5930 1
5930 3114 1
3114 19118 1
5930 3679 1
3679 10699 1
10699 461 1
461 13434 1
13434 7199 1
7199 14523 1
14523 13434 1
10699 18211 1
10699 20662 1
20662 18211 1
10699 3141 1
10699 10109 1
10109 21016 1
21016 1696 1
1696 20649 1
20649 7548 1
7548 18756 1
18756 589 1
7548 1616 1
1616 4423 1
4423 13091 1
13091 20698 1
20698 10515 1
10515 2522 1
2522 6113 1
6113 9854 1
9854 14720 1
14720 16860 1
16860 3441 1
3441 20445 1
20445 4759 1
4759 7424 1
4759 74 1
74 3148 1
3148 15751 1
15751 17558 1
17558 14103 1
14103 1466 1
1466 10327 1
1466 8611 1
8611 8590 1
8590 19790 1
19790 12086 1
12086 8850 1
8850 15643 1
15643 3892 1
3892 17116 1
17116 4423 1
4423 2626 1
2626 9224 1
9224 20660 1
20660 2269 1
2269 13939 1
13939 4585 1
13939 12416 1
12416 14480 1
14480 18599 1
18599 9886 1
9886 15464 1
15464 3572 1
3572 2157 1
2157 21279 1
21279 8551 1
8551 4221 1
4221 1117 1
1117 13773 1
13773 6554 1
6554 1117 1
1117 8551 1
8551 12075 1
16610 13125 1
13125 1114 1
1114 10489 1
10489 6458 1
6458 18054 1
18054 4324 1
4324 17234 1
17234 7147 1
7147 4312 1
12243 7421 1
7421 8881 1
7421 4806 1
8881 12243 1
4806 4312 1
4312 18826 1
18826 7572 1
7572 13585 1
13585 9061 1
9061 458 1
458 12264 1
12264 7728 1
7728 11078 1
11078 13585 1
13585 7543 1
7543 6727 1
6727 12917 1
12917 14716 1
14716 18826 1
18826 2202 1
2202 14193 1
14193 4312 1
4312 13706 1
13706 15911 1
15911 18998 1
18998 20377 1
20377 14888 1
14888 8548 1
8548 3707 1
3707 9738 1
9738 13159 1
13159 3330 1
3330 13597 1
3330 16337 1
16337 5066 1
5066 8147 1
1421 4365 1
1421 7651 1
7651 5066 1
5066 12367 1
12367 10227 1
14656 12961 1
12961 10698 1
17093 13102 1
13102 19965 1
19965 3461 1
19965 8379 1
8379 19046 1
19046 7618 1
19046 18157 1
18157 3677 1
3677 12720 1
12720 8184 1
8184 20946 1
20946 2733 1
20946 4236 1
4236 12452 1
4236 19379 1
8184 4236 1
4236 5476 1
8184 12452 1
4236 4453 1
4453 19379 1
4453 20946 1
20946 14425 1
14425 8187 1
14425 13547 1
13547 8859 1
8859 19541 1
19541 692 1
692 20745 1
692 13701 1
13701 17323 1
17323 131 1
131 671 1
671 6278 1
6278 8989 1
8989 3242 1
8989 5934 1
5934 20941 1
20941 6329 1
20941 7055 1
7055 9365 1
9365 20941 1
20941 18851 1
18851 12046 1
12046 7055 1
7055 11659 1
11659 9365 1
9365 12046 1
12046 1084 1
1084 20941 1
20941 3840 1
3840 16073 1
16073 9452 1
9452 10180 1
9452 6405 1
6405 18808 1
9452 10118 1
10118 12754 1
12754 1580 1
1580 18630 1
18630 10240 1
10240 987 1
987 17418 1
17418 7351 1
7351 18567 1
18567 18018 1
18018 7351 1
7351 9445 1
9445 3528 1
3528 6332 1
6332 3727 1
3727 19029 1
19029 2696 1
2696 7615 1
7615 10590 1
10590 13753 1
13753 327 1
327 1463 1
1463 1695 1
1695 8417 1
8417 20822 1
20822 3323 1
3323 11913 1
11913 18209 1
18209 16823 1
16823 15014 1
15014 8445 1
8445 18632 1
18632 16426 1
16426 16248 1
16248 1654 1
1654 8390 1
8390 12360 1
12360 8655 1
8655 4975 1
4975 3390 1
3390 3591 1
3591 11607 1
11607 18491 1
18491 18058 1
18058 5215 1
5215 3831 1
3831 17652 1
17652 1774 1
1774 9350 1
9350 8417 1
20822 10710 1
10710 14237 1
14237 18313 1
18313 21036 1
21036 5941 1
5941 8882 1
8882 20235 1
20235 5657 1
5657 18093 1
5657 4667 1
4667 4541 1
4541 18667 1
4541 7121 1
7121 13261 1
13261 17570 1
17570 8024 1
8024 17677 1
17677 21043 1
17677 17570 1
17570 15602 1
15602 13540 1
13540 5565 1
5565 19612 1
19612 14507 1
14507 17415 1
17415 18673 1
18673 11901 1
11901 9375 1
9375 1295 1
1295 17692 1
17692 6910 1
6910 13317 1
13317 10406 1
10406 10455 1
10455 13317 1
13317 12394 1
12394 15761 1
15761 13317 1
13317 11918 1
11918 5126 1
5126 18323 1
18323 13317 1
13317 3180 1
3180 11495 1
3180 11225 1
11225 8094 1
3180 13054 1
13054 10605 1
10605 18795 1
18795 3180 1
3180 18369 1
18369 17949 1
17949 3180 1
3180 17895 1
17895 7098 1
17895 18621 1
18621 3832 1
3832 8818 1
8818 1394 1
1394 18621 1
18621 8818 1
17895 15825 1
15825 17441 1
17895 10690 1
18621 10358 1
10358 17895 1
7098 20404 1
7098 21231 1
21231 10695 1
10695 15165 1
15165 6287 1
6287 10695 1
21231 20404 1
20404 17895 1
3180 7525 1
3180 10605 1
10605 13327 1
13327 4560 1
4560 16944 1
4560 5511 1
5511 12758 1
12758 280 1
280 9581 1
9581 1821 1
9581 7759 1
9581 9380 1
9380 20324 1
20324 15871 1
15871 8102 1
8102 9380 1
9380 13858 1
13858 15871 1
15871 6140 1
6140 11880 1
11880 3830 1
3830 19117 1
19117 12453 1
12453 15801 1
12453 828 1
828 2592 1
2592 12751 1
12751 14083 1
14083 6223 1
6223 11936 1
11936 19674 1
19674 6104 1
6104 8277 1
8277 14083 1
8277 19783 1
19783 7503 1
7503 17079 1
17079 5545 1
5545 15150 1
15150 2659 1
15150 15113 1
15113 1840 1
1840 17945 1
17945 15113 1
15150 19301 1
19301 10414 1
10414 10557 1
10557 19790 1
19790 20878 1
12086 7673 1
7673 20360 1
20360 2448 1
2448 6542 1
6542 367 1
367 6615 1
367 7827 1
7827 21275 1
21275 367 1
367 15911 1
15911 17257 1
17257 837 1
837 13351 1
13351 15807 1
15807 957 1
957 8346 1
8346 9712 1
9712 10441 1
10441 6308 1
6308 20387 1
20387 20732 1
20387 2004 1
2004 6948 1
2004 16195 1
16195 17386 1
17386 11562 1
11562 3019 1
3019 5636 1
5636 5498 1
5498 9849 1
9849 3019 1
3019 10616 1
10616 11429 1
11429 5106 1
5106 4768 1
4768 9866 1
9866 21331 1
21331 16728 1
16728 17312 1
17312 12277 1
17312 15249 1
15249 11219 1
11219 17312 1
17312 1800 1
1800 21331 1
1800 5216 1
5216 15244 1
5216 15038 1
15038 14933 1
14933 21331 1
1800 15249 1
15249 13532 1
13532 18499 1
18499 17312 1
17312 20280 1
20280 7286 1
7286 7954 1
7954 9866 1
9866 7286 1
20280 14933 1
14933 3877 1
3877 18499 1
3877 6551 1
6551 5116 1
6551 2359 1
2359 3022 1
3022 16709 1
16709 3441 1
3441 19546 1
19546 4058 1
4058 8499 1
8499 904 1
904 21046 1
21046 8287 1
8287 3273 1
3273 13753 1
13753 18418 1
18418 959 1
959 37 1
37 9704 1
9704 15399 1
15399 9479 1
9479 5722 1
5722 14734 1
14734 8867 1
8867 6754 1
6754 2402 1
2402 13993 1
13993 9663 1
9663 12798 1
12798 16518 1
16518 8316 1
16518 18626 1
18626 19159 1
19159 16436 1
16436 15911 1
15911 10692 1
15911 19524 1
19524 837 1
837 15576 1
15576 6204 1
6204 5520 1
5520 4953 1
4953 20583 1
20583 18099 1
18099 5520 1
5520 13416 1
13416 6204 1
15576 13590 1
13590 18506 1
13590 860 1
860 13835 1
860 16094 1
860 8806 1
8806 10816 1
860 19909 1
19909 11535 1
11535 2567 1
2567 1703 1
1703 14547 1
14547 15820 1
15820 1556 1
1556 4531 1
4531 18810 1
18810 20286 1
20286 6738 1
6738 551 1
551 6638 1
6638 1363 1
1363 11573 1
11573 15504 1
15504 13530 1
13530 15328 1
15328 19816 1
19816 14679 1
14679 3064 1
3064 10153 1
10153 19506 1
19506 14313 1
14313 11649 1
11649 21034 1
11649 12026 1
12026 19391 1
19391 16848 1
16848 16940 1
16940 14237 1
14237 14533 1
14533 8390 1
8390 3323 1
3323 16789 1
16789 1365 1
1365 16571 1
16571 13753 1
13753 19972 1
19972 134 1
134 13392 1
13392 12337 1
12337 19232 1
19232 3866 1
3866 5394 1
5394 18439 1
18439 14221 1
14221 19232 1
19232 3840 1
3840 8989 1
6278 19545 1
19545 5730 1
5730 10136 1
10136 20421 1
20421 5730 1
19545 6422 1
3985 10585 1
10585 448 1
448 2896 1
2896 103 1
2896 10585 1
448 8494 1
8494 19012 1
19012 10987 1
10987 2292 1
2292 18745 1
18745 10987 1
10987 6424 1
6424 18005 1
18005 14314 1
14314 19012 1
19012 14977 1
14977 9172 1
9172 7012 1
7012 6836 1
6836 19637 1
19637 2916 1
2916 6066 1
6066 6267 1
6267 21282 1
21282 9593 1
9593 18614 1
18614 7149 1
7149 3268 1
7149 10474 1
10474 12019 1
12019 5778 1
5778 19068 1
19068 10788 1
10788 9500 1
9500 7517 1
7517 15566 1
15566 12001 1
12001 7517 1
15566 13182 1
13182 13378 1
13378 14703 1
14703 19449 1
19449 20349 1
20349 17000 1
17000 18388 1
18388 2201 1
2201 12673 1
12673 6518 1
6518 11540 1
11540 19656 1
19656 8830 1
8830 10080 1
10080 19656 1
19656 5118 1
5118 12924 1
12924 9990 1
9990 5118 1
5118 17991 1
5118 3345 1
17991 3345 1
3345 18050 1
18050 9340 1
9340 13212 1
13212 10870 1
10870 19884 1
19884 17779 1
17779 2118 1
2118 10299 1
10299 8313 1
8313 3936 1
3936 9655 1
9655 10299 1
10299 16507 1
16507 3936 1
9655 3481 1
3481 13619 1
13619 13646 1
13646 9655 1
9655 12480 1
12480 12855 1
12855 2118 1
2118 3936 1
3936 8976 1
8976 526 1
526 3936 1
3936 17779 1
17779 12855 1
12855 8976 1
8976 19020 1
19020 13246 1
13246 7992 1
7992 19020 1
19020 10299 1
10299 1353 1
1353 3936 1
526 1211 1
1211 5081 1
5081 19020 1
19020 1353 1
16507 19020 1
19020 8313 1
8313 2118 1
8313 17779 1
3936 5081 1
1211 2118 1
2118 4804 1
4804 18573 1
18573 15232 1
15232 14884 1
14884 11207 1
14884 18573 1
18573 18865 1
18865 19020 1
19020 14836 1
14836 14942 1
14942 19020 1
7992 526 1
526 5081 1
5081 16507 1
16507 15053 1
15053 3470 1
3470 2160 1
2160 20396 1
20396 3470 1
15053 17799 1
17799 16507 1
16507 8976 1
8976 8327 1
8327 3936 1
16507 12480 1
12480 2118 1
2118 19020 1
5081 8327 1
8313 12480 1
12480 17726 1
17726 18838 1
17726 11952 1
11952 3853 1
3853 1739 1
1739 15359 1
15359 16216 1
16216 19806 1
19806 8834 1
8834 13910 1
13910 5549 1
5549 4601 1
4601 13254 1
13254 7274 1
7274 18735 1
18735 4601 1
18735 9623 1
9623 14290 1
14290 14883 1
14883 15045 1
14883 10600 1
10600 10943 1
10943 14883 1
14883 7853 1
14883 8337 1
8337 20876 1
20876 4842 1
4842 10219 1
10219 20876 1
10219 68 1
68 4842 1
4842 197 1
197 10219 1
20876 5894 1
5894 3916 1
3916 15821 1
15821 19786 1
19786 4336 1
4336 8586 1
8586 1259 1
1259 17120 1
17120 2473 1
2473 6784 1
6784 12658 1
12658 2473 1
2473 15160 1
2473 8586 1
2473 5095 1
5095 1033 1
1033 9631 1
1033 4396 1
4396 5213 1
5213 21221 1
21221 11451 1
21221 658 1
658 3527 1
3527 7788 1
7788 11180 1
11180 10268 1
10268 7384 1
7384 6600 1
6600 18013 1
18013 5683 1
5683 2960 1
2960 2242 1
2242 15928 1
15928 7660 1
7660 6613 1
6613 19503 1
19503 14645 1
14645 3871 1
3871 1405 1
1405 1778 1
3871 1125 1
1125 1405 1
7052 1914 1
1914 15327 1
1914 17065 1
17065 19954 1
17065 1125 1
1125 9667 1
1125 13105 1
13105 9594 1
9594 19449 1
19449 3668 1
3668 17348 1
17348 13344 1
13344 3464 1
3464 21084 1
21084 603 1
603 19790 1
19790 18037 1
18037 603 1
603 4820 1
4820 7543 1
7543 15602 1
15602 8076 1
8076 13540 1
15602 7388 1
7388 7361 1
7361 10074 1
10074 4199 1
4199 8515 1
4199 13241 1
13241 1513 1
1513 4921 1
4921 12281 1
4921 13241 1
13241 14335 1
14335 6238 1
6238 7182 1
7182 18798 1
18798 8240 1
8240 16956 1
16956 16860 1
16956 1053 1
1053 4263 1
4263 10709 1
10709 8240 1
8240 15297 1
15297 20423 1
20423 274 1
274 4070 1
4070 12198 1
4070 2751 1
2751 6598 1
2751 311 1
2751 15306 1
15306 7089 1
7089 10809 1
10809 14533 1
14533 9091 1
9091 1064 1
1064 4439 1
4439 14533 1
14533 8219 1
8219 5572 1
5572 19291 1
19291 13472 1
13472 8853 1
8853 19120 1
19120 5572 1
19291 19120 1
19120 1915 1
1915 20414 1
20414 8219 1
8219 16147 1
16147 4930 1
4930 20304 1
20304 15112 1
15112 12750 1
12750 19547 1
19547 9500 1
9500 7834 1
7834 3529 1
3529 18284 1
18284 10227 1
10227 10479 1
10227 510 1
510 18773 1
18773 11574 1
18773 13977 1
13977 1883 1
1883 2132 1
2132 8752 1
8752 13977 1
13977 4766 1
4766 6263 1
6263 18017 1
18017 13977 1
13977 13480 1
13480 193 1
193 5630 1
5630 16023 1
5630 17459 1
17459 17265 1
17459 5918 1
5918 74 1
74 20010 1
20010 16220 1
16220 6629 1
6629 5449 1
6629 7420 1
7420 16220 1
7420 14768 1
14768 16281 1
16281 19381 1
19381 1367 1
1367 12691 1
12691 15355 1
12691 10581 1
10581 1367 1
1367 10944 1
10944 12160 1
12160 20230 1
20230 15979 1
15979 1946 1
1946 16876 1
16876 1339 1
1339 6637 1
6637 7798 1
7798 1339 1
1339 6055 1
6055 15159 1
15159 6637 1
1339 20080 1
20080 19660 1
19660 18969 1
18969 11793 1
11793 20694 1
20694 10124 1
10124 8587 1
8587 4900 1
4900 7195 1
7195 10124 1
10124 17449 1
17449 18585 1
18585 1094 1
1094 6765 1
6765 11963 1
11963 4927 1
4927 6765 1
1094 2488 1
2488 5615 1
5615 1094 1
11498 20518 1
20518 17201 1
17201 19598 1
19598 20904 1
20904 15334 1
15334 19598 1
19598 2343 1
2343 10083 1
2343 2669 1
2669 19598 1
19598 14361 1
14361 74 1
74 1603 1
1603 714 1
714 9756 1
9756 7758 1
7758 11702 1
11702 3186 1
3186 15552 1
3186 20967 1
20967 1908 1
1908 16736 1
16736 8319 1
8319 13585 1
13585 19786 1
19786 8319 1
13585 1199 1
1199 6011 1
6011 1075 1
1075 17235 1
17235 3546 1
3546 1075 1
1075 857 1
6011 1143 1
1143 12118 1
12118 7768 1
7628 985 1
985 16926 1
16926 10472 1
10472 18963 1
18963 4508 1
4508 3148 1
3148 14708 1
14708 12632 1
12632 16385 1
16385 4300 1
4300 7848 1
7848 4736 1
7848 12619 1
12619 16957 1
16957 21147 1
21147 6500 1
6500 15064 1
15064 1903 1
1903 5527 1
5527 17189 1
17189 17408 1
17408 780 1
780 17189 1
780 5527 1
5527 15527 1
15527 10893 1
15527 21299 1
21299 7817 1
7817 8109 1
8109 18095 1
18095 7720 1
7720 522 1
522 16316 1
16316 20714 1
20714 522 1
522 11656 1
11656 6968 1
6968 9292 1
9292 11156 1
9292 9695 1
9695 10651 1
10651 7905 1
7905 9292 1
9292 11656 1
11656 2958 1
2958 2454 1
2454 10204 1
10204 9292 1
9292 18496 1
18496 9597 1
9597 4596 1
4596 10947 1
10947 5094 1
5094 1157 1
1157 13586 1
13586 12616 1
12616 4013 1
8064 13953 1
13953 16029 1
16029 10584 1
10584 5778 1
5377 11387 1
5377 9047 1
477 9047 1
5778 13586 1
13586 8245 1
8245 7675 1
7675 6429 1
6429 19012 1
6429 16364 1
16364 2601 1
16364 2290 1
2290 13311 1
13311 14521 1
14521 2033 1
2033 7147 1
7147 11244 1
11244 2601 1
2601 7763 1
7763 20441 1
20441 18538 1
20441 19534 1
19534 13620 1
13620 16413 1
16413 6201 1
6201 15977 1
15977 20211 1
20211 19375 1
20211 15141 1
20211 20704 1
20211 964 1
964 2185 1
2185 933 1
2185 5168 1
5168 6312 1
6312 2148 1
2148 20322 1
20322 20269 1
20269 11972 1
11972 1412 1
1412 15938 1
15938 1805 1
1805 11972 1
11972 9122 1
9122 3679 1
5930 19049 1
19049 21148 1
21148 5930 1
5930 11013 1
11013 14691 1
14691 10396 1
10396 19049 1
10396 21148 1
21148 11013 1
5930 10844 1
10844 21318 1
10844 6159 1
10844 188 1
188 7485 1
188 12110 1
12110 20382 1
20382 4997 1
4997 5590 1
5590 8032 1
8032 3094 1
3094 305 1
305 13492 1
13492 13360 1
13360 11584 1
11584 2240 1
2240 15964 1
15964 3220 1
3220 15314 1
3220 12481 1
12481 12453 1
12453 6597 1
12453 12751 1
12751 4581 1
4581 16368 1
16368 19674 1
19674 8277 1
8277 6530 1
6530 21014 1
21014 10352 1
10352 1765 1
1765 16411 1
16411 11342 1
11342 14546 1
14546 20722 1
20722 1879 1
1879 14587 1
14587 8076 1
8076 9026 1
9026 15998 1
15998 4483 1
4483 1610 1
1610 15326 1
1610 7459 1
7459 8005 1
8005 1431 1
1431 2157 1
2157 3593 1
3593 11573 1
11573 8152 1
8152 8295 1
8295 12007 1
12007 10472 1
10472 7284 1
7284 14488 1
14488 8172 1
8172 15636 1
15636 4423 1
4423 4748 1
4748 6542 1
6542 8669 1
8669 12392 1
12392 5793 1
5793 3382 1
3382 13241 1
13241 12876 1
12876 7940 1
7940 18902 1
18902 8529 1
8529 1002 1
1002 2664 1
2664 16707 1
16707 18925 1
18925 13981 1
13981 11949 1
11949 11446 1
11446 6709 1
6709 2711 1
2711 4405 1
4405 18366 1
18366 9901 1
9901 13701 1
13701 4867 1
4867 5459 1
5459 14315 1
14315 8033 1
8033 13701 1
13701 19541 1
19541 18398 1
18398 13547 1
13547 14330 1
14330 4180 1
4180 19221 1
19221 3106 1
19221 14262 1
14262 19665 1
14262 11719 1
11719 19221 1
19221 10199 1
10199 17735 1
19221 12515 1
12515 19543 1
12515 5342 1
5342 19221 1
19221 17735 1
19221 11077 1
19221 2052 1
19221 7884 1
7884 5342 1
5342 15359 1
15359 14495 1
14495 14037 1
14037 3237 1
3237 7955 1
7955 12123 1
3237 13018 1
13018 6472 1
6472 10819 1
8076 7716 1
7716 7790 1
7790 4989 1
4989 20647 1
20647 2205 1
2205 490 1
490 16997 1
490 4716 1
4716 2205 1
2205 17535 1
17535 18840 1
18840 7790 1
7790 9267 1
9267 8974 1
8974 19182 1
19182 8873 1
8873 7092 1
7092 904 1
8499 9267 1
9267 2047 1
2047 6542 1
6542 7500 1
7500 17589 1
17589 16199 1
16199 6973 1
6973 11988 1
11988 14186 1
14186 21192 1
21192 20673 1
20673 11515 1
20673 785 1
785 5542 1
5542 14831 1
14831 8329 1
8329 4454 1
8329 11089 1
11089 15430 1
15430 8329 1
