18582 4941 1
4941 13961 1
4941 3343 1
3343 21019 1
21019 448 1
448 17299 1
17299 6066 1
6066 18770 1
18770 10235 1
10235 6066 1
17299 8223 1
8223 9778 1
9778 17436 1
17436 9084 1
17436 17299 1
6066 3537 1
3537 9778 1
9778 15689 1
15689 16626 1
16626 3553 1
3553 4599 1
4599 16245 1
16245 18186 1
18186 6039 1
6039 8447 1
8447 7841 1
7841 12171 1
12171 5758 1
5758 6729 1
6729 16401 1
16401 5362 1
5362 1107 1
1107 6348 1
6348 18577 1
18577 12312 1
12312 7644 1
7644 15670 1
15670 3932 1
3932 7135 1
7135 12241 1
12241 3544 1
3544 12797 1
12797 14949 1
14949 12241 1
12241 14764 1
14764 5556 1
5556 20316 1
20316 3544 1
12797 15670 1
15670 19012 1
19012 14753 1
14753 7675 1
7675 2392 1
2392 3807 1
3807 9967 1
9967 5440 1
5440 19204 1
19204 11550 1
11550 19024 1
11550 8285 1
8285 10832 1
10832 11550 1
11550 4932 1
4932 96 1
96 14589 1
14589 11550 1
11550 12068 1
12068 8285 1
11550 5834 1
5834 7023 1
7023 9553 1
9553 12526 1
12526 10912 1
10912 15793 1
15793 11192 1
11192 10912 1
10912 19102 1
19102 18959 1
18959 13788 1
13788 7016 1
7016 20245 1
20245 8443 1
8443 11120 1
11120 16915 1
16915 19708 1
19708 6538 1
6538 12974 1
12974 19728 1
12974 15435 1
15435 11814 1
11814 11308 1
11308 17617 1
17617 18291 1
18291 9403 1
9403 17617 1
17617 13260 1
13260 4268 1
4268 8585 1
8585 18827 1
18827 850 1
850 6733 1
6733 7092 1
7092 18799 1
18799 5331 1
5331 14325 1
14325 1906 1
1906 20680 1
20680 3338 1
3338 12056 1
12056 8575 1
8575 1136 1
1136 1582 1
1582 10726 1
1136 16033 1
16033 3338 1
3338 8592 1
8592 485 1
485 3338 1
3338 8575 1
8575 20060 1
20060 20080 1
20080 1339 1
1339 6637 1
6637 20080 1
20060 1754 1
1754 2764 1
2764 20392 1
20392 2372 1
2372 19403 1
19403 6464 1
6464 19790 1
19790 1536 1
1536 10557 1
10557 8963 1
8963 9769 1
9769 7295 1
9769 5472 1
5472 7295 1
7295 15724 1
15724 2009 1
2009 40 1
40 338 1
338 9886 1
9886 16605 1
16605 947 1
947 8941 1
8941 3633 1
3633 8038 1
8038 13840 1
8038 277 1
277 17499 1
17499 8289 1
8289 11825 1
11825 9139 1
9139 10205 1
10205 2470 1
2470 10523 1
10523 17333 1
17333 4341 1
17333 15850 1
15850 8896 1
8896 11841 1
11841 4341 1
4341 5803 1
5803 17333 1
17333 12449 1
17333 15821 1
15821 3916 1
15821 5364 1
5364 18076 1
18076 8254 1
8254 12306 1
12306 15627 1
15627 12488 1
15627 18076 1
18076 4331 1
4331 3916 1
3916 18076 1
18076 15821 1
15821 13758 1
13758 5401 1
5401 1950 1
1950 9599 1
1950 15905 1
15905 603 1
603 17348 1
17348 17885 1
17348 13105 1
13105 19449 1
19449 8416 1
8416 14876 1
14876 6628 1
14876 7414 1
14876 11108 1
8416 17000 1
17000 17265 1
17265 7985 1
7985 17459 1
17459 5918 1
5918 19487 1
19487 6276 1
6276 1316 1
1316 6518 1
6518 19741 1
19741 14990 1
19741 538 1
538 21003 1
21003 3247 1
3247 15952 1
15952 3752 1
3752 12462 1
12462 15091 1
15091 12358 1
12358 5091 1
5091 14792 1
14792 18710 1
14792 10006 1
10006 15067 1
15067 2709 1
2709 3173 1
2709 7612 1
2709 20748 1
20748 1746 1
1746 10627 1
10627 20748 1
20748 14185 1
14185 131 1
131 671 1
671 20237 1
20237 6550 1
6550 20748 1
6550 7737 1
7737 671 1
671 10238 1
10238 6278 1
6278 19545 1
19545 18815 1
18815 12086 1
12086 20064 1
20064 18245 1
18245 5778 1
5778 16385 1
16385 1041 1
1041 18799 1
18799 21132 1
21132 11211 1
11211 5331 1
5331 16001 1
16001 13735 1
13735 319 1
319 567 1
567 18223 1
18223 6017 1
6017 8824 1
8824 2853 1
2853 13537 1
13537 19542 1
19542 13646 1
13646 6182 1
6182 9242 1
9242 5297 1
5297 21294 1
21294 6182 1
13646 16141 1
16141 8039 1
8039 6729 1
6729 8190 1
8190 8370 1
8370 5527 1
5527 345 1
345 15527 1
15527 10583 1
10583 13042 1
13042 8286 1
13042 466 1
466 17242 1
17242 21169 1
17242 1397 1
1397 9353 1
9353 2470 1
2470 14771 1
14771 17333 1
17333 2018 1
2018 19974 1
19974 10556 1
10556 20377 1
20377 9786 1
20377 15952 1
15952 4306 1
4306 10714 1
4306 19083 1
19083 13202 1
13202 6551 1
6551 6316 1
6316 9842 1
6316 828 1
828 13856 1
13856 20377 1
20377 18573 1
18573 5245 1
5245 4103 1
4103 6967 1
6967 18573 1
18573 14884 1
14884 19545 1
19545 5730 1
5730 10136 1
10136 20421 1
20421 770 1
770 6398 1
6398 10136 1
5730 770 1
770 3568 1
3568 3297 1
3297 3013 1
3013 4902 1
4902 14617 1
14617 13140 1
13140 12632 1
12632 839 1
839 3001 1
3001 12632 1
12632 14157 1
14157 19389 1
19389 2184 1
2184 11469 1
11469 4463 1
4463 12656 1
12656 7212 1
7212 7326 1
7326 19542 1
19542 10576 1
10576 3205 1
3205 1502 1
1502 20441 1
20441 441 1
441 17973 1
20441 12205 1
12205 19471 1
19471 18538 1
18538 20663 1
20663 14956 1
14956 21221 1
21221 18657 1
18657 15765 1
15765 2236 1
2236 1724 1
1724 18864 1
18864 18627 1
18627 16001 1
16001 2242 1
2242 5843 1
5843 8787 1
8787 4699 1
4699 5843 1
5843 11573 1
11573 13530 1
13530 7710 1
7710 10050 1
10050 16069 1
16069 9719 1
9719 10050 1
10050 5977 1
5977 20569 1
20569 12190 1
12190 20621 1
20621 11573 1
11573 7710 1
10050 20569 1
20569 20621 1
20621 13530 1
13530 5843 1
5843 16010 1
16010 3055 1
16010 15336 1
15336 5843 1
5843 18674 1
18674 2242 1
2242 21089 1
21089 19734 1
19734 2242 1
18674 10941 1
10941 5843 1
15336 20127 1
20127 452 1
452 11843 1
11843 4438 1
4438 16489 1
4438 452 1
452 1912 1
1912 17364 1
17364 15724 1
15724 5472 1
5472 16849 1
16849 14953 1
14953 7479 1
7479 9551 1
9551 14303 1
14303 7479 1
7479 4966 1
14303 14953 1
14953 7026 1
7026 5871 1
5871 15296 1
15296 2738 1
2738 5222 1
5222 5696 1
5696 19029 1
19029 11017 1
11017 6707 1
6707 1603 1
1603 2696 1
2696 14374 1
14374 6359 1
6359 5289 1
5289 16317 1
16317 1782 1
1782 6727 1
6727 12664 1
12664 14193 1
14193 11985 1
11985 9961 1
14193 4992 1
4992 994 1
994 16024 1
16024 8015 1
8015 15241 1
15241 16024 1
16024 9520 1
9520 11040 1
11040 12757 1
12757 15546 1
15546 4306 1
4306 12738 1
12738 4264 1
4264 13202 1
13202 10894 1
10894 15550 1
6551 828 1
828 3207 1
3207 5116 1
5116 9842 1
9842 6149 1
6149 20187 1
20187 15339 1
15339 5936 1
5936 1508 1
1508 2765 1
2765 18402 1
18402 10117 1
18402 4226 1
4226 1247 1
1247 7892 1
7892 4564 1
4564 3371 1
3371 5548 1
5548 8575 1
8575 11011 1
11011 5699 1
5699 13989 1
5699 8575 1
8575 13607 1
8575 18388 1
18388 17000 1
17000 15813 1
15813 12005 1
12005 11190 1
11190 3897 1
3897 5637 1
5637 15123 1
15123 13770 1
13770 4946 1
4946 9807 1
9807 10254 1
10254 12515 1
12515 19221 1
19221 11762 1
19221 14113 1
19221 18463 1
18463 3441 1
3441 8045 1
8045 16211 1
16211 848 1
848 4469 1
4469 5481 1
5481 19945 1
19945 14127 1
14127 11028 1
14127 15823 1
14127 1724 1
14127 4566 1
4566 13910 1
13910 6232 1
6232 18875 1
18875 7466 1
7466 838 1
838 146 1
146 3272 1
3272 18780 1
18780 146 1
838 3623 1
838 18780 1
18780 3623 1
18780 9659 1
9659 7466 1
7466 4740 1
4740 1748 1
1748 3918 1
3918 15681 1
15681 12463 1
12463 3407 1
3407 7648 1
7648 8351 1
8351 6741 1
6741 6644 1
6644 11441 1
11441 2089 1
2089 18055 1
18055 10246 1
10246 2806 1
2806 3472 1
3472 18055 1
18055 19835 1
19835 12542 1
19835 11833 1
11833 7063 1
11833 13366 1
13366 8099 1
8099 8131 1
8131 2994 1
8131 13788 1
13788 1589 1
1589 9920 1
9920 6529 1
6529 5849 1
5849 17213 1
17213 6355 1
6355 3549 1
3549 21276 1
21276 4985 1
4985 14553 1
14553 19436 1
19436 13297 1
13297 9608 1
9608 6392 1
6392 15911 1
15911 10692 1
15911 15211 1
15211 12558 1
12558 19352 1
19352 17726 1
17726 14103 1
14103 6961 1
6961 4635 1
4635 19408 1
19408 17733 1
17733 18409 1
18409 21036 1
21036 18313 1
18313 16323 1
16323 13306 1
13306 7274 1
7274 20410 1
20410 14531 1
14531 16385 1
16385 19182 1
16385 3013 1
3013 839 1
839 19734 1
19734 4985 1
4985 12264 1
12264 4171 1
4171 7699 1
7699 15913 1
15913 9854 1
9854 17986 1
