19992 1956 1
1956 14983 1
14983 285 1
285 21313 1
21313 9296 1
9296 3892 1
3892 17116 1
17116 15979 1
15979 3658 1
3658 14500 1
14500 2967 1
2967 16806 1
16806 163 1
163 13741 1
13741 18149 1
18149 17679 1
17679 21080 1
21080 12800 1
12800 17679 1
17679 9122 1
9122 1487 1
1487 3364 1
1487 2264 1
2264 9406 1
9406 1113 1
1113 2782 1
2782 9406 1
9406 13128 1
13128 15255 1
15255 15074 1
15074 11989 1
11989 10095 1
11989 10618 1
10618 16419 1
16419 15387 1
10618 20956 1
10618 793 1
793 3116 1
3116 418 1
418 20388 1
20388 3219 1
3219 12191 1
12191 10297 1
10297 15731 1
15731 7369 1
7369 13819 1
7369 1311 1
1311 11644 1
1311 13217 1
13217 11256 1
11256 538 1
538 19409 1
19409 5248 1
5248 2564 1
2564 17189 1
17189 5527 1
5527 15527 1
5527 16957 1
16957 15899 1
15899 9056 1
9056 7696 1
7696 18208 1
7696 17184 1
17184 18506 1
18506 5854 1
18506 12668 1
12668 18346 1
12668 5710 1
12668 5645 1
12668 6411 1
12668 21315 1
5645 21315 1
5645 3375 1
3375 1334 1
1334 960 1
1334 10674 1
10674 4238 1
10674 6586 1
10674 12237 1
12237 4589 1
4589 20770 1
20770 12237 1
10674 17672 1
17672 20232 1
20232 12824 1
12824 9407 1
9407 10825 1
9407 17562 1
9407 11726 1
11726 8896 1
8896 11458 1
11458 1488 1
1488 5450 1
5450 19974 1
19974 2018 1
2018 10025 1
2018 10178 1
10178 20115 1
20115 15283 1
15283 15000 1
15000 7440 1
7440 15283 1
15283 17225 1
15283 4055 1
4055 12003 1
12003 18190 1
18190 7900 1
7900 15907 1
15907 3148 1
3148 1616 1
1616 16978 1
16978 17621 1
17621 1574 1
1574 12534 1
12534 6961 1
6961 1563 1
1563 10864 1
10864 6961 1
6961 10230 1
10230 4711 1
4711 2857 1
2857 2365 1
2365 4711 1
4711 17769 1
17769 12864 1
12864 4514 1
4514 17769 1
17769 19764 1
19764 848 1
848 10782 1
10782 8700 1
8700 18605 1
18605 1688 1
1688 4269 1
4269 7760 1
7760 4110 1
4110 18545 1
18545 18722 1
18722 11101 1
11101 1688 1
1688 6134 1
6134 7760 1
7760 18605 1
1688 6812 1
6812 18722 1
18722 8382 1
18722 8578 1
8578 13886 1
13886 5786 1
5786 19942 1
19942 5065 1
5065 5786 1
19942 7309 1
19942 19247 1
19942 13886 1
8578 3913 1
3913 1976 1
1976 19246 1
19246 15779 1
15779 1895 1
1895 8783 1
8783 13646 1
13646 3481 1
13646 1768 1
1768 16633 1
16633 18071 1
18071 11234 1
11234 17499 1
17499 13487 1
13487 19637 1
19637 17313 1
17313 14702 1
17313 20978 1
20978 4654 1
4654 14977 1
14977 20978 1
20978 10317 1
10317 2584 1
2584 14274 1
14274 10317 1
10317 13375 1
13375 21023 1
21023 6491 1
6491 2584 1
2584 13375 1
13375 6801 1
6801 6011 1
6011 7852 1
7852 2393 1
2393 11794 1
11794 18288 1
18288 3570 1
3570 18625 1
18288 3651 1
3651 16448 1
16448 6996 1
16448 17168 1
17168 13116 1
13116 3738 1
3738 17168 1
17168 726 1
726 5302 1
726 9194 1
9194 3847 1
3847 5545 1
5545 17147 1
17147 9194 1
9194 17830 1
17830 726 1
726 18288 1
18288 4454 1
4454 15089 1
15089 11285 1
15089 3104 1
3104 2467 1
2467 10688 1
10688 18982 1
18982 9880 1
18982 7839 1
7839 20826 1
20826 12912 1
20826 11664 1
11664 7839 1
7839 14381 1
14381 18982 1
18982 14529 1
14529 8833 1
8833 18982 1
18982 13930 1
13930 9880 1
8833 10304 1
10304 14529 1
8833 7839 1
10304 18982 1
8833 48 1
48 15130 1
15130 7680 1
7680 12047 1
12047 7870 1
7870 15952 1
15952 16717 1
15952 891 1
15952 19176 1
19176 17897 1
17897 6404 1
6404 6642 1
6404 6959 1
6959 13212 1
13212 15896 1
15896 1535 1
1535 10722 1
10722 20923 1
20923 15896 1
1535 21107 1
21107 14872 1
14872 1866 1
1866 21107 1
1866 11674 1
11674 3404 1
3404 17164 1
17164 6305 1
6305 18738 1
18738 19503 1
19503 20616 1
20616 7078 1
7078 10468 1
10468 7293 1
7293 15190 1
15190 4324 1
4324 17234 1
17234 7420 1
17234 14768 1
14768 17752 1
17752 20362 1
20362 1509 1
1509 8538 1
8538 7353 1
7353 13006 1
13006 14768 1
14768 21095 1
21095 20189 1
20189 1555 1
20189 19715 1
19715 8278 1
8278 20189 1
20189 14859 1
14859 13268 1
13268 13241 1
13241 2790 1
2790 4958 1
4958 13005 1
13005 527 1
527 12307 1
12307 4958 1
4958 3344 1
3344 18902 1
18902 12605 1
12605 4109 1
12605 8445 1
8445 18209 1
18209 11913 1
11913 12605 1
12605 16823 1
16823 11913 1
11913 19997 1
19997 17368 1
17368 1384 1
1384 15669 1
15669 1671 1
1671 14734 1
14734 20709 1
20709 8529 1
8529 1228 1
1228 21218 1
21218 17726 1
17726 9757 1
9757 12480 1
12480 3936 1
3936 5081 1
5081 8327 1
8327 13246 1
13246 8976 1
13246 526 1
526 19020 1
19020 4804 1
19020 6736 1
6736 14942 1
6736 14836 1
14836 18865 1
18865 4993 1
4993 14284 1
14284 17338 1
17338 14749 1
14749 10258 1
10258 20491 1
10258 8490 1
8490 2532 1
2532 1888 1
8490 2094 1
2094 21244 1
10258 2094 1
2094 11464 1
11464 5718 1
5718 1140 1
1140 13798 1
13798 10260 1
13798 9892 1
9892 2328 1
2328 20744 1
20744 19756 1
19756 12726 1
12726 14130 1
14130 8498 1
8498 11348 1
11348 9351 1
9351 13241 1
13241 21004 1
21004 16043 1
16043 20189 1
20189 15685 1
15685 5326 1
5326 162 1
5326 5940 1
5940 19506 1
5940 6048 1
6048 5045 1
5045 49 1
49 13140 1
49 2429 1
2429 5045 1
5045 4063 1
4063 6217 1
6217 11417 1
11417 17274 1
17274 10286 1
10286 9398 1
9398 13088 1
13088 15042 1
15042 18693 1
15042 12020 1
12020 15150 1
15150 5545 1
5545 17079 1
17079 9594 1
9594 21208 1
21208 3382 1
3382 8256 1
8256 3885 1
3885 13412 1
13412 12621 1
12621 3382 1
3382 4602 1
4602 162 1
162 1317 1
1317 13125 1
13125 406 1
13125 597 1
597 2723 1
597 2628 1
2628 18490 1
18490 4501 1
4501 19544 1
19544 4082 1
4082 19507 1
19507 12842 1
12842 12980 1
12980 8127 1
8127 12842 1
12980 20957 1
20957 12842 1
12842 18490 1
18490 4736 1
4736 16385 1
16385 14256 1
14256 15765 1
15765 11297 1
11297 1724 1
1724 6347 1
6347 11637 1
11637 4423 1
4423 4128 1
4128 16222 1
16222 19370 1
19370 18060 1
18060 3153 1
3153 10419 1
10419 12616 1
12616 10705 1
10705 14743 1
14743 6300 1
6300 8772 1
8772 16810 1
8772 8414 1
8414 11256 1
11256 1236 1
1236 21003 1
1236 538 1
19409 13217 1
13217 133 1
133 19367 1
19367 12998 1
12998 16678 1
12998 11338 1
11338 18252 1
18252 18570 1
18570 6727 1
6727 6950 1
6950 5871 1
5871 3745 1
3745 15520 1
15520 19252 1
19252 7032 1
7032 1727 1
1727 1643 1
1643 16079 1
16079 1727 1
7032 18820 1
18820 7943 1
7943 16330 1
7943 7032 1
7032 11266 1
11266 20711 1
20711 7921 1
7921 7880 1
7921 19078 1
19078 750 1
750 20459 1
20459 7921 1
7921 12587 1
12587 20407 1
12587 8576 1
8576 14772 1
8576 15441 1
15441 18346 1
18346 12696 1
18346 8774 1
8774 10362 1
10362 11975 1
11975 5944 1
5944 9115 1
9115 11496 1
11496 7644 1
7644 3989 1
3989 18129 1
18129 10519 1
18129 1956 1
1956 7656 1
7656 3892 1
3892 20304 1
20304 9234 1
9234 14721 1
14721 15765 1
15765 12039 1
12039 7744 1
7744 18905 1
18905 4280 1
18905 19370 1
19370 5856 1
5856 3879 1
3879 6542 1
6542 11049 1
11049 19067 1
19067 13462 1
13462 2547 1
2547 13251 1
13251 16978 1
16978 13638 1
13638 1574 1
1574 7500 1
7500 7144 1
7144 3273 1
3273 13873 1
13873 15272 1
15272 13073 1
13073 5681 1
13073 7316 1
7316 1351 1
7316 842 1
7316 2601 1
2601 16364 1
16364 3030 1
3030 2431 1
3030 4267 1
4267 4481 1
4481 2814 1
2814 16922 1
16922 10060 1
10060 10266 1
10266 17043 1
17043 11265 1
11265 7492 1
11265 2854 1
2854 17494 1
17494 10874 1
10874 1365 1
1365 7826 1
7826 11367 1
11367 17494 1
17494 1695 1
1695 8417 1
8417 9687 1
9687 16248 1
16248 16323 1
16323 8335 1
8335 7274 1
7274 20410 1
20410 13986 1
13986 13254 1
13254 4601 1
4601 9314 1
4601 14498 1
14498 9234 1
9234 2628 1
18490 16459 1
16459 12842 1
12842 7649 1
7649 10394 1
10394 12842 1
19507 11106 1
11106 19564 1
19564 613 1
613 3861 1
3861 19564 1
19564 19401 1
19401 9986 1
9986 17256 1
17256 20645 1
20645 12616 1
12616 13586 1
13586 8245 1
8245 8328 1
8328 3742 1
8328 10115 1
10115 283 1
283 408 1
408 4719 1
4719 7584 1
7584 20239 1
7584 2615 1
2615 19672 1
19672 7584 1
7584 7434 1
7434 20791 1
20791 10493 1
10493 17795 1
17795 2765 1
2765 7892 1
7892 19666 1
19666 4226 1
4226 20048 1
20048 1649 1
20048 227 1
227 4226 1
4226 3227 1
4226 14012 1
14012 227 1
14012 14821 1
14821 4226 1
4226 14826 1
14826 227 1
227 14821 1
14821 14826 1
14012 20048 1
20048 3324 1
3324 14821 1
14821 20075 1
14012 14826 1
14821 11240 1
11240 4226 1
14821 3227 1
14821 20048 1
14826 20048 1
14821 11431 1
19666 5936 1
5936 6432 1
6432 4471 1
4471 20005 1
20005 9286 1
9286 5859 1
5859 8971 1
8971 6568 1
6568 6578 1
6568 21164 1
21164 6551 1
6551 6728 1
6728 7237 1
7237 17150 1
7237 12837 1
7237 4329 1
4329 7207 1
7207 10470 1
10470 6117 1
10470 19804 1
10470 13039 1
13039 4602 1
4602 889 1
889 3050 1
3050 2646 1
2646 17850 1
17850 5674 1
5674 17455 1
17455 16334 1
16334 9134 1
16334 5674 1
5674 4010 1
4010 8885 1
8885 14101 1
14101 9201 1
9201 15720 1
15720 519 1
519 13108 1
13108 15720 1
15720 18168 1
18168 5746 1
5746 5746 1
5746 7961 1
7961 16251 1
16251 6866 1
6866 970 1
6866 12711 1
12711 10854 1
10854 1916 1
1916 497 1
497 17526 1
17526 11710 1
11710 13356 1
11710 10595 1
11710 8443 1
8443 6331 1
6331 13781 1
13781 17459 1
17459 9684 1
9684 568 1
568 12005 1
12005 5861 1
5861 16567 1
16567 20657 1
20657 10135 1
10135 13002 1
13002 15371 1
15371 18665 1
18665 20595 1
20595 13002 1
13002 3458 1
3458 16567 1
16567 16849 1
16849 5320 1
5320 2394 1
2394 16357 1
16357 4961 1
4961 19077 1
19077 8723 1
8723 17558 1
17558 7317 1
7317 5806 1
5806 535 1
535 17727 1
17727 19964 1
19964 15475 1
15475 17727 1
17727 7284 1
7284 6988 1
6988 17912 1
17912 3148 1
7900 1447 1
1447 14046 1
14046 5327 1
5327 6303 1
6303 4707 1
6303 11732 1
11732 18279 1
18279 535 1
535 2097 1
2097 2109 1
2109 20716 1
20716 9686 1
9686 10450 1
10450 6084 1
6084 9686 1
9686 2109 1
2109 10185 1
10185 19107 1
19107 9550 1
9550 3977 1
3977 9910 1
9910 1985 1
1985 14032 1
14032 11543 1
11543 17621 1
17621 11218 1
11218 4489 1
4489 12626 1
12626 17558 1
17558 10281 1
10281 16979 1
16979 9187 1
9187 8825 1
8825 4524 1
4524 6927 1
6927 1344 1
1344 10365 1
10365 7334 1
7334 7582 1
7582 9479 1
9479 9020 1
9020 4171 1
4171 20193 1
20193 19597 1
19597 18903 1
18903 20193 1
18903 15710 1
15710 8237 1
8237 7638 1
7638 13214 1
13214 9332 1
9332 800 1
800 7644 1
7644 16289 1
16289 5362 1
5362 3909 1
3909 1698 1
1698 598 1
598 16248 1
16248 15905 1
15905 17194 1
17194 3593 1
3593 13634 1
13634 5676 1
5676 9202 1
9202 11749 1
11749 14903 1
11749 5676 1
5676 12694 1
12694 9202 1
9202 13970 1
13970 12694 1
9202 13634 1
13634 3108 1
3108 18681 1
3108 3669 1
3669 18681 1
18681 13634 1
13634 6067 1
6067 16248 1
16248 13753 1
13753 5549 1
5549 11795 1
11795 20894 1
20894 19788 1
19788 1915 1
1915 19291 1
19291 13472 1
19291 3704 1
3704 1915 1
1915 3944 1
3944 5572 1
5572 1574 1
1574 18 1
18 326 1
326 21182 1
21182 18 1
18 19056 1
19056 1574 1
1574 4477 1
4477 7391 1
4477 17501 1
17501 2578 1
2578 6085 1
6085 3016 1
3016 5300 1
5300 2578 1
2578 4975 1
4975 2854 1
4975 8931 1
8931 5300 1
5300 17501 1
5300 15082 1
15082 4975 1
4975 7718 1
7718 20460 1
20460 5005 1
5005 1223 1
1223 9374 1
9374 17430 1
17430 20948 1
17430 19232 1
19232 4320 1
4320 12927 1
4320 688 1
688 12081 1
12081 3453 1
3453 18182 1
3453 19232 1
19232 16596 1
16596 13392 1
13392 6921 1
6921 134 1
134 12337 1
12337 19232 1
19232 10557 1
10557 1536 1
1536 5220 1
5220 18037 1
18037 6464 1
6464 11831 1
11831 11997 1
11997 5471 1
5471 1317 1
162 12362 1
12362 599 1
599 3120 1
3120 7817 1
7817 1046 1
1046 9445 1
9445 956 1
956 11902 1
11902 4797 1
4797 18503 1
11902 6846 1
11902 302 1
302 2542 1
2542 1050 1
1050 19465 1
19465 6188 1
6188 1050 1
1050 17897 1
17897 15740 1
15740 12387 1
12387 10878 1
10878 4201 1
4201 3247 1
3247 1665 1
1665 21287 1
21287 20532 1
20532 5632 1
5632 3247 1
3247 19783 1
19783 20312 1
19783 3318 1
3318 15425 1
15425 4214 1
4214 15952 1
15952 5251 1
5251 18553 1
18553 21234 1
21234 2932 1
2932 14211 1
14211 18227 1
14211 7635 1
14211 16206 1
16206 10928 1
10928 14211 1
14211 13692 1
14211 12338 1
12338 20880 1
20880 12251 1
12251 7286 1
7286 19475 1
19475 15249 1
15249 14933 1
14933 16044 1
16044 19475 1
19475 17033 1
17033 15733 1
17033 1487 1
1487 15339 1
15339 11040 1
11040 14948 1
14948 1514 1
14948 12751 1
12751 17950 1
17950 15339 1
15339 20512 1
15339 12786 1
12786 7013 1
12786 6551 1
6551 9842 1
9842 6149 1
6149 1336 1
1336 786 1
786 6149 1
6149 4922 1
4922 18064 1
18064 13135 1
13135 15015 1
15015 18698 1
18698 15750 1
15750 13788 1
13788 3913 1
3913 13720 1
13720 10490 1
10490 4038 1
10490 16962 1
16962 5607 1
16962 2858 1
2858 58 1
58 750 1
750 2865 1
2865 11360 1
11360 13212 1
13212 8447 1
8447 19840 1
19840 10397 1
10397 4647 1
4647 15221 1
15221 11086 1
15221 12587 1
12587 9524 1
12587 5766 1
12587 21284 1
21284 1926 1
21284 19482 1
19482 12587 1
12587 17292 1
12587 13099 1
13099 13354 1
13354 2427 1
2427 14369 1
14369 6373 1
6373 8465 1
8465 20355 1
20355 4209 1
4209 8462 1
8462 10974 1
10974 4884 1
4884 8462 1
8462 14132 1
4884 9105 1
10974 19464 1
19464 14132 1
19464 4261 1
4261 4884 1
4884 14320 1
14320 15063 1
15063 4771 1
4771 14435 1
14435 7317 1
14435 14320 1
14320 16572 1
16572 9309 1
16572 5871 1
5871 2706 1
2706 9124 1
9124 10355 1
10355 5871 1
5871 14435 1
14435 623 1
623 20781 1
20781 1798 1
1798 1270 1
1270 14013 1
14013 1932 1
1932 10441 1
10441 3273 1
3273 904 1
904 15582 1
15582 4659 1
4659 3273 1
3273 17494 1
17494 5868 1
5868 20708 1
20708 9137 1
20708 9876 1
9876 12086 1
12086 13426 1
13426 13594 1
12086 10992 1
10992 1616 1
1616 7821 1
7821 9075 1
9075 19874 1
9075 13278 1
13278 1616 1
1616 996 1
996 1274 1
1274 7548 1
7548 19953 1
19953 6820 1
6820 3810 1
3810 3638 1
3638 17130 1
17130 21350 1
21350 19920 1
19920 6459 1
6459 2388 1
2388 5256 1
5256 13555 1
5256 15056 1
15056 15489 1
15489 3262 1
3262 14305 1
14305 8584 1
8584 12447 1
12447 11292 1
12447 1770 1
1770 1651 1
1651 5 1
5 902 1
902 20420 1
20420 8392 1
8392 902 1
902 15351 1
15351 6827 1
6827 17078 1
17078 15351 1
15351 20889 1
20889 17433 1
17433 4416 1
17433 9169 1
9169 1651 1
1651 21093 1
21093 8739 1
8739 1651 1
1651 12447 1
12447 9169 1
17433 21093 1
21093 9169 1
12447 675 1
675 2574 1
2574 4944 1
2574 3168 1
3168 13955 1
3168 10681 1
10681 15778 1
15778 16785 1
16785 7216 1
7216 20485 1
20485 16785 1
15778 20485 1
20485 8851 1
8851 15912 1
15912 847 1
15912 11862 1
8851 3985 1
3985 5392 1
5392 7566 1
7566 5412 1
5412 17975 1
17975 2780 1
2780 18346 1
2780 11298 1
12696 1439 1
1439 11636 1
1439 16734 1
16734 5381 1
5381 3018 1
3018 1439 1
1439 13173 1
13173 14321 1
14321 9352 1
9352 9368 1
9368 14659 1
9368 5412 1
5412 3568 1
3568 13745 1
13745 522 1
522 18427 1
18427 18165 1
18165 4738 1
4738 20147 1
20147 6332 1
6332 11523 1
11523 10420 1
10420 13592 1
13592 9626 1
13592 8853 1
8853 1209 1
1209 14591 1
14591 17399 1
17399 3381 1
3381 16045 1
16045 5481 1
5481 3120 1
3120 2112 1
2112 8109 1
8109 18095 1
18095 15286 1
15286 9136 1
9136 15602 1
15602 18136 1
18136 18855 1
18855 19934 1
19934 16242 1
16242 493 1
16242 1773 1
1773 14175 1
14175 1152 1
1152 959 1
959 18418 1
18418 3121 1
18418 6708 1
6708 7971 1
7971 4304 1
4304 15751 1
15751 2093 1
2093 7284 1
7284 14708 1
14708 12570 1
12570 1410 1
1410 4284 1
4284 2033 1
2033 1671 1
1671 2402 1
2402 4555 1
4555 18764 1
18764 6113 1
6113 14475 1
14475 1543 1
1543 3164 1
1543 3069 1
3069 11132 1
3069 3565 1
3069 11423 1
11423 4499 1
4499 7588 1
7588 11423 1
4499 19575 1
19575 18822 1
18822 7614 1
7614 6986 1
6986 4413 1
4413 15175 1
15175 3633 1
3633 1935 1
1935 5104 1
5104 178 1
178 3633 1
3633 811 1
811 6040 1
6040 17299 1
17299 5447 1
17299 2916 1
2916 9778 1
9778 1470 1
1470 8494 1
8494 9778 1
9778 3156 1
3156 2620 1
2620 13887 1
13887 14229 1
13887 13193 1
13193 19656 1
19656 6685 1
6685 7975 1
7975 16996 1
16996 6346 1
6346 74 1
74 14237 1
14237 10710 1
10710 17472 1
17472 18917 1
17472 8944 1
8944 9388 1
9388 14261 1
9388 14508 1
14508 694 1
694 13235 1
13235 17890 1
17890 1616 1
1616 12833 1
12833 8027 1
8027 13432 1
13432 14940 1
14940 10710 1
10710 10961 1
10961 14939 1
10961 8145 1
8145 929 1
929 1691 1
1691 2255 1
2255 4766 1
4766 13093 1
4766 13977 1
13977 6016 1
6016 16362 1
16362 14222 1
14222 2417 1
2417 8752 1
8752 12775 1
8752 19763 1
19763 6295 1
6295 12095 1
12095 20722 1
20722 4168 1
4168 13546 1
13546 10921 1
10921 14587 1
14587 20915 1
20915 10242 1
10242 13546 1
13546 20915 1
10242 14587 1
14587 17389 1
17389 3831 1
3831 5685 1
5685 13300 1
13300 14143 1
14143 11607 1
11607 524 1
524 13300 1
13300 1981 1
1981 524 1
524 20523 1
20523 1990 1
1990 3831 1
3831 16323 1
16248 17590 1
16248 2551 1
2551 13666 1
13666 4599 1
4599 2551 1
2551 19302 1
19302 17431 1
17431 15959 1
15959 13625 1
13625 17431 1
17431 4407 1
17431 13483 1
13483 8843 1
8843 3154 1
3154 3772 1
3772 8265 1
8265 19302 1
19302 8843 1
8843 1658 1
1658 14197 1
14197 179 1
179 10885 1
10885 2565 1
2565 11319 1
2565 11964 1
11964 12794 1
12794 5958 1
5958 19728 1
19728 4859 1
4859 20881 1
20881 3990 1
3990 12386 1
12386 18971 1
18971 11825 1
11825 2517 1
2517 11711 1
11711 5575 1
5575 5142 1
5142 18789 1
18789 3803 1
18789 1850 1
1850 3803 1
3803 12541 1
12541 10759 1
10759 21150 1
21150 7889 1
7889 7521 1
7521 12296 1
12296 9222 1
9222 10646 1
10646 9964 1
9964 17910 1
17910 2171 1
2171 5410 1
5410 10646 1
10646 3607 1
3607 9222 1
3607 21314 1
21314 17730 1
17730 3290 1
3290 484 1
484 1062 1
1062 16045 1
16045 7377 1
7377 12759 1
12759 9581 1
9581 6608 1
6608 11557 1
11557 8996 1
8996 16228 1
16228 21032 1
21032 9830 1
9830 437 1
437 4596 1
4596 9597 1
9597 809 1
809 7500 1
7500 640 1
640 5014 1
5014 4423 1
4423 11543 1
11543 11420 1
11420 8907 1
8907 14488 1
14488 35 1
35 4161 1
4161 2174 1
2174 11530 1
11530 1969 1
1969 18058 1
18058 14312 1
18058 8601 1
8601 10922 1
10922 9444 1
9444 12120 1
12120 18082 1
9444 18413 1
18413 14500 1
14500 11637 1
11637 16029 1
16029 18466 1
18466 6542 1
6542 16681 1
16681 7500 1
7500 12315 1
12315 10602 1
10602 12561 1
12561 19648 1
12561 14531 1
14531 9309 1
9309 16640 1
16640 4166 1
4166 452 1
452 9769 1
9769 12869 1
12869 19868 1
19868 9039 1
9039 16071 1
16071 19868 1
19868 12 1
12 14916 1
14916 9316 1
9316 1566 1
1566 16664 1
1566 3327 1
3327 19814 1
19814 7614 1
7614 2794 1
2794 4725 1
4725 19517 1
4725 18546 1
18546 4639 1
4639 772 1
772 7817 1
7817 15368 1
15368 7961 1
7961 6054 1
7961 18171 1
18171 16282 1
16282 6770 1
6770 4339 1
4339 15091 1
15091 19422 1
19422 19851 1
19851 4339 1
4339 16282 1
16282 4222 1
4222 15091 1
15091 2561 1
2561 17683 1
2561 2459 1
2459 6021 1
6021 17255 1
17255 20600 1
20600 6021 1
6021 3449 1
3449 19307 1
19307 6920 1
6920 17885 1
17885 9594 1
9594 14190 1
14190 11782 1
11782 14735 1
14735 2505 1
2505 17366 1
17366 5770 1
5770 14735 1
14735 9188 1
14735 10597 1
10597 2680 1
2680 11962 1
11962 12438 1
11962 14847 1
14847 8480 1
8480 12438 1
12438 13982 1
13982 11962 1
14847 13982 1
14847 2680 1
2680 13982 1
2680 16652 1
16652 13215 1
16652 5222 1
16652 18905 1
18905 12039 1
12039 3259 1
3259 19370 1
19370 10597 1
10597 14818 1
14818 3425 1
14818 13623 1
13623 16499 1
16499 851 1
851 8596 1
8596 7936 1
7936 11552 1
11552 20952 1
20952 19972 1
19972 20072 1
20072 6299 1
6299 14298 1
14298 4169 1
4169 11732 1
11732 14298 1
14298 14046 1
14046 7284 1
7284 6992 1
6992 428 1
428 7788 1
7788 14109 1
7788 10268 1
10268 7817 1
7817 9316 1
9316 13569 1
13569 11876 1
11876 19261 1
19261 16637 1
16637 10712 1
10712 4119 1
4119 15817 1
15817 17628 1
17628 4497 1
4497 15817 1
4497 5157 1
5157 2597 1
5157 2499 1
2499 15588 1
15588 18322 1
18322 2994 1
2994 7027 1
7027 5155 1
5155 13910 1
13910 20372 1
20372 8834 1
8834 8611 1
8611 14175 1
14175 13910 1
13910 5984 1
5984 510 1
510 16612 1
16612 6910 1
6910 510 1
510 2564 1
2564 5139 1
5139 19080 1
19080 17944 1
19080 882 1
19080 20060 1
20060 6637 1
6637 20080 1
20080 1339 1
20080 19660 1
19660 6055 1
6055 15159 1
15159 1339 1
1339 19660 1
6055 7798 1
7798 6637 1
6637 19660 1
19660 17823 1
17823 14711 1
14711 6525 1
14711 11153 1
11153 4685 1
4685 1163 1
1163 19851 1
19851 19275 1
19275 13025 1
19275 10092 1
10092 16541 1
16541 19275 1
19275 11154 1
19275 4652 1
4652 13904 1
13904 19955 1
19955 13025 1
13025 11154 1
19955 11154 1
11154 4652 1
4652 19955 1
13025 13904 1
13904 11154 1
19275 9801 1
9801 5745 1
5745 3441 1
3441 20034 1
20034 595 1
20034 9974 1
20034 9873 1
9873 16486 1
16486 21157 1
21157 88 1
88 10865 1
10865 4203 1
4203 6666 1
6666 17460 1
17460 873 1
873 21157 1
21157 17460 1
17460 10865 1
10865 17251 1
17251 11533 1
11533 873 1
873 88 1
16486 19269 1
19269 5984 1
5984 2146 1
5984 2936 1
2936 16017 1
16017 14191 1
14191 15889 1
15889 5984 1
5984 11111 1
11111 11204 1
11111 9454 1
9454 2741 1
2741 10903 1
10903 14578 1
14578 9454 1
9454 11204 1
11204 4744 1
4744 17523 1
17523 4205 1
4205 18297 1
18297 5199 1
5199 21188 1
21188 7601 1
7601 5755 1
5199 18033 1
21188 4765 1
4765 8236 1
8236 9931 1
9931 4765 1
4765 18297 1
21188 18033 1
18033 18297 1
18297 10112 1
10112 21188 1
10112 18033 1
5199 4765 1
21188 18297 1
5199 10112 1
10112 19961 1
19961 108 1
108 1862 1
1862 14550 1
108 880 1
108 5848 1
5848 10112 1
10112 1514 1
1514 17035 1
17035 11040 1
15339 20058 1
20058 20377 1
20377 6117 1
20377 13856 1
13856 14284 1
17338 16337 1
16337 5066 1
5066 10227 1
10227 14324 1
14324 2742 1
2742 6360 1
6360 1581 1
1581 16616 1
16616 625 1
625 16641 1
625 15221 1
15221 10071 1
10071 9404 1
9404 11757 1
11757 12591 1
12591 5911 1
5911 8245 1
8245 11984 1
11984 18891 1
18891 17000 1
17000 9565 1
17000 6987 1
6987 8266 1
8266 630 1
630 17393 1
17393 3045 1
3045 20137 1
20137 713 1
713 12296 1
12296 19944 1
19944 12211 1
12211 17705 1
17705 5471 1
5471 603 1
17705 12754 1
12754 5616 1
5616 10862 1
10862 3722 1
3722 16912 1
16912 74 1
74 13135 1
13135 1734 1
1734 18284 1
18284 13885 1
18284 10935 1
10935 3666 1
3666 7266 1
7266 5020 1
5020 6864 1
6864 10281 1
10281 13216 1
13216 18339 1
18339 20681 1
20681 8825 1
9187 2677 1
2677 5192 1
5192 2968 1
2968 11310 1
11310 2601 1
16364 9564 1
9564 6702 1
6702 12361 1
6702 3618 1
3618 7927 1
7927 11252 1
3618 12229 1
3618 17393 1
17393 14185 1
14185 8501 1
8501 16178 1
16178 10362 1
10362 8576 1
8576 15271 1
15271 12587 1
9524 9896 1
9896 12009 1
12009 10878 1
10878 15425 1
15425 8573 1
8573 20548 1
20548 1278 1
20548 19918 1
19918 5290 1
5290 6362 1
6362 19918 1
5290 20548 1
1278 9581 1
9581 12117 1
12117 9747 1
9747 11750 1
11750 9866 1
9866 7954 1
7954 9113 1
9113 19475 1
19475 17312 1
17312 13532 1
13532 15517 1
15517 3456 1
15517 4679 1
4679 17494 1
17494 20952 1
20952 11498 1
11498 10222 1
10222 9351 1
9351 20203 1
20203 1788 1
1788 13723 1
13723 244 1
244 11836 1
11836 1788 1
1788 18798 1
18798 14616 1
14616 4600 1
4600 21317 1
21317 434 1
434 8277 1
8277 10068 1
10068 20791 1
20791 8087 1
20791 8029 1
8029 9236 1
8029 2712 1
2712 3318 1
3318 15952 1
17897 6927 1
6927 1384 1
1384 1344 1
10365 9663 1
9663 2305 1
2305 6927 1
6927 7258 1
7258 1031 1
1031 6404 1
6404 9500 1
9500 820 1
820 19326 1
19326 14703 1
14703 20392 1
20392 7716 1
7716 9181 1
9181 12450 1
12450 19858 1
19858 19502 1
19502 12450 1
12450 8186 1
8186 17535 1
17535 1979 1
1979 1617 1
1617 19588 1
19588 12199 1
12199 8188 1
8188 11525 1
11525 17535 1
11525 19588 1
19588 1979 1
17535 19388 1
19388 7068 1
7068 6196 1
6196 21154 1
21154 13972 1
13972 443 1
443 20602 1
20602 12199 1
20602 13865 1
13865 2205 1
2205 16442 1
16442 2755 1
16442 4185 1
4185 14480 1
14480 4299 1
4299 12031 1
12031 10237 1
10237 16007 1
16007 5970 1
5970 3360 1
3360 3337 1
3337 17877 1
17877 20105 1
20105 10483 1
10483 16239 1
16239 15328 1
15328 15504 1
15504 8152 1
8152 7710 1
7710 11713 1
11713 4321 1
4321 14634 1
14634 5472 1
5472 3445 1
3445 20431 1
20431 15045 1
15045 14290 1
14290 14883 1
14883 8427 1
8427 16960 1
16960 15295 1
15295 975 1
975 7121 1
7121 16473 1
16473 1144 1
1144 15316 1
15316 5477 1
5477 2110 1
2110 16440 1
16440 20163 1
20163 3445 1
3445 20430 1
20430 8106 1
8106 17621 1
17621 20660 1
20660 15724 1
15724 18599 1
18599 19420 1
19420 20952 1
20952 12823 1
12823 7936 1
7936 2506 1
2506 20952 1
20952 10234 1
10234 20151 1
20151 7936 1
7936 5933 1
5933 19179 1
19179 13964 1
13964 19427 1
19427 12823 1
12823 14818 1
14818 5443 1
5443 18905 1
18905 14818 1
14818 18370 1
18370 19427 1
19427 8596 1
7936 11306 1
11306 10872 1
10872 9756 1
9756 8529 1
8529 16162 1
16162 630 1
630 15132 1
15132 17393 1
17393 17000 1
17000 14694 1
14694 20451 1
14694 13448 1
13448 20258 1
20258 5954 1
5954 491 1
5954 10865 1
10865 21157 1
21157 4203 1
4203 5889 1
5889 5756 1
5756 10865 1
10865 6666 1
10865 16496 1
16496 199 1
199 10865 1
17251 17460 1
17251 12194 1
12194 17460 1
17460 5756 1
5756 3418 1
3418 6491 1
6491 19394 1
19394 2584 1
6491 5665 1
5665 12178 1
12178 19554 1
19554 9949 1
9949 12016 1
12016 10197 1
10197 10383 1
12016 7342 1
7342 3970 1
3970 12016 1
12016 1868 1
1868 2391 1
2391 19937 1
19937 1691 1
1691 9060 1
9060 5796 1
5796 18188 1
18188 20648 1
5796 3087 1
3087 12727 1
12727 17845 1
17845 21322 1
17845 5503 1
5503 1039 1
1039 17845 1
5503 21322 1
21322 12727 1
12727 6383 1
6383 15226 1
15226 2688 1
2688 17887 1
17887 627 1
627 983 1
983 10550 1
10550 5454 1
10550 17048 1
17048 18359 1
18359 11152 1
11152 10173 1
10173 15259 1
10173 6011 1
6011 19269 1
19269 15577 1
15577 12754 1
12754 10118 1
10118 9452 1
9452 6405 1
6405 18808 1
18808 9452 1
9452 12754 1
12754 16930 1
16930 6144 1
6144 5794 1
5794 17496 1
17496 7683 1
7683 19803 1
19803 3920 1
3920 7683 1
17496 7187 1
7187 7851 1
7851 4759 1
4759 5582 1
5582 20445 1
20445 4149 1
4149 13592 1
13592 10347 1
10347 8231 1
10347 19738 1
19738 13592 1
13592 9013 1
9013 2744 1
2744 13913 1
13913 1088 1
1088 14822 1
1088 4894 1
4894 7620 1
7620 17686 1
17686 9701 1
9701 7104 1
7104 4894 1
7104 19030 1
4894 13913 1
13913 510 1
5984 12382 1
5984 11667 1
11667 3941 1
3941 8475 1
3941 17688 1
17688 19835 1
19835 11143 1
11143 8410 1
11143 4553 1
4553 3781 1
3781 11412 1
11412 17583 1
17583 6650 1
6650 434 1
434 17932 1
17932 5602 1
5602 434 1
434 9377 1
9377 8535 1
8535 5871 1
5871 17141 1
17141 6600 1
6600 5329 1
5329 5871 1
5871 8723 1
8723 14651 1
14651 10805 1
14651 8164 1
8164 5918 1
5918 18526 1
5918 2552 1
2552 961 1
961 16248 1
16248 5330 1
9687 6541 1
6541 15842 1
15842 12753 1
12753 1209 1
1209 234 1
234 14317 1
14317 1209 1
234 16581 1
16581 15387 1
15387 2116 1
2116 13215 1
13215 19370 1
19370 3266 1
3266 17739 1
17739 5358 1
5358 12626 1
12626 9854 1
9854 12480 1
12480 1353 1
1353 8976 1
8976 9655 1
9655 6026 1
6026 19619 1
19619 179 1
179 1895 1
1895 9774 1
1895 12553 1
12553 17463 1
17463 11408 1
11408 8421 1
8421 11430 1
11430 11408 1
11408 12553 1
12553 12433 1
12433 9664 1
9664 342 1
342 6926 1
6926 9664 1
12553 3626 1
3626 14748 1
14748 3637 1
3637 20057 1
20057 20056 1
20056 13826 1
13826 9897 1
9897 12624 1
12624 1324 1
1324 11367 1
11367 16777 1
16777 19207 1
19207 1606 1
1606 957 1
957 4748 1
4748 19395 1
19395 10376 1
10376 4748 1
4748 6542 1
6542 20304 1
3892 14676 1
14676 17621 1
17621 4305 1
4305 4423 1
4423 19977 1
19977 8907 1
8907 19795 1
19795 4675 1
4675 4423 1
4423 2626 1
2626 15112 1
15112 18609 1
18609 16109 1
16109 11416 1
11416 16088 1
16088 12746 1
12746 13167 1
13167 10711 1
10711 7976 1
10711 9975 1
10711 18939 1
18939 15463 1
15463 16430 1
16430 20528 1
20528 277 1
277 13572 1
13572 178 1
178 17499 1
17499 16833 1
16833 4825 1
4825 5918 1
5918 2551 1
2551 2552 1
2552 11293 1
11293 7517 1
7517 9500 1
9500 10673 1
10673 19370 1
19370 6749 1
6749 2147 1
2147 985 1
985 18763 1
18763 2130 1
2130 10223 1
2130 3441 1
3441 9430 1
9430 20748 1
20748 862 1
20748 6550 1
20748 2709 1
20748 20237 1
20237 671 1
671 8989 1
671 6627 1
6627 2045 1
6627 7737 1
7737 6550 1
6550 20237 1
671 131 1
131 13701 1
13701 7445 1
7445 13191 1
13191 11707 1
11707 1797 1
1797 1003 1
1003 7705 1
7705 14111 1
14111 14365 1
14365 12740 1
12740 11109 1
11109 16957 1
16957 5834 1
5834 11550 1
11550 19656 1
19656 13112 1
13112 904 1
904 15676 1
15676 3123 1
15676 12881 1
12881 15765 1
15765 6347 1
6347 14325 1
14325 1906 1
1906 21120 1
21120 14325 1
14325 9 1
9 1041 1
1041 13638 1
13638 4423 1
4423 2599 1
4423 3658 1
3658 3057 1
3057 19687 1
3658 13091 1
13091 17372 1
17372 15979 1
15979 6961 1
6961 13953 1
13953 10675 1
10675 21268 1
21268 14548 1
14548 1492 1
1492 21034 1
21034 14679 1
14679 12026 1
12026 20886 1
20886 19460 1
19460 16848 1
16848 19391 1
19391 21034 1
21034 10153 1
10153 10483 1
10483 18028 1
18028 3064 1
3064 16239 1
16239 20105 1
20105 14313 1
14313 5816 1
5816 13606 1
14313 10483 1
10483 11954 1
11954 16239 1
16239 19430 1
19430 14313 1
14313 3064 1
3064 11954 1
11954 19391 1
19391 13386 1
13386 11753 1
11753 19391 1
19391 17673 1
17673 16123 1
16123 5952 1
5952 17787 1
17787 55 1
55 4621 1
4621 7112 1
7112 16957 1
16957 17339 1
17339 12796 1
12796 12888 1
12888 19614 1
19614 19783 1
19783 7503 1
7503 5497 1
7503 13543 1
13543 14257 1
14257 15532 1
15532 2228 1
15532 11008 1
15532 11392 1
11392 9969 1
11392 3762 1
3762 632 1
632 11392 1
632 8911 1
3762 18406 1
18406 8911 1
8911 15866 1
15866 14144 1
14144 8911 1
18406 14144 1
14144 14422 1
14422 4855 1
4855 15244 1
15244 10498 1
10498 17939 1
17939 5216 1
5216 15038 1
15038 16044 1
16044 9113 1
9113 9866 1
9866 10886 1
10886 9125 1
9125 8034 1
9125 10616 1
10616 10886 1
10886 4777 1
4777 11429 1
11429 10616 1
10616 15584 1
15584 1901 1
1901 10886 1
10616 12251 1
12251 15339 1
15339 3568 1
3568 15263 1
3568 5479 1
5479 7043 1
7043 2925 1
2925 10965 1
2925 3568 1
3568 13039 1
13039 19545 1
19545 12171 1
12171 19043 1
19043 6570 1
19043 16247 1
12171 16518 1
16518 18311 1
18311 12798 1
12798 9663 1
9663 2402 1
2402 4337 1
2402 19337 1
19337 842 1
842 7763 1
7763 19337 1
19337 2601 1
2601 7763 1
7763 520 1
520 8867 1
8867 2033 1
2033 16922 1
10060 14157 1
14157 7582 1
7582 2402 1
4555 17160 1
17160 10536 1
10536 215 1
215 8970 1
8970 5758 1
5758 16776 1
16776 11588 1
11588 2376 1
11588 21110 1
21110 4729 1
4729 21293 1
21293 17390 1
17390 1191 1
1191 5671 1
1191 20289 1
20289 4906 1
4906 7250 1
7250 18804 1
18804 20289 1
20289 7250 1
7250 9933 1
9933 4906 1
18804 9933 1
18804 20462 1
20462 5818 1
5818 12761 1
12761 2110 1
2110 15991 1
15991 12761 1
12761 12166 1
12166 14514 1
14514 5117 1
12166 13289 1
13289 11993 1
11993 12166 1
12166 13745 1
13745 19342 1
11993 1292 1
1292 5969 1
5969 20209 1
20209 11993 1
11993 14056 1
14056 5969 1
5969 16482 1
16482 1973 1
1973 16202 1
16202 11993 1
11993 750 1
750 8817 1
8817 11360 1
11360 11127 1
11127 8817 1
8817 3046 1
3046 11127 1
11127 4648 1
4648 19650 1
19650 15639 1
15639 18912 1
18912 16055 1
16055 7788 1
7788 18912 1
18912 20082 1
20082 3446 1
3446 19573 1
3446 8108 1
8108 3619 1
3619 19573 1
19573 20082 1
20082 11496 1
11496 16630 1
11496 18444 1
18444 15790 1
15790 3273 1
3273 3841 1
3841 15476 1
15476 11958 1
11958 8568 1
8568 6016 1
6016 15476 1
15476 3441 1
3441 10448 1
10448 15440 1
15440 5446 1
15440 12779 1
12779 13140 1
12779 10493 1
10493 20763 1
20763 21035 1
21035 9493 1
9493 8548 1
8548 21287 1
21287 15516 1
21287 12860 1
21287 12072 1
12072 4365 1
4365 9232 1
9232 92 1
92 11199 1
11199 4365 1
4365 8201 1
8201 6203 1
8201 92 1
92 1680 1
1680 11199 1
8201 11524 1
11524 6203 1
6203 1874 1
1874 13175 1
13175 18288 1
18288 6790 1
6790 6082 1
6082 3095 1
3095 20500 1
20500 8747 1
8747 10543 1
8747 21101 1
21101 7874 1
7874 4393 1
7874 8747 1
8747 4393 1
8747 6275 1
6275 318 1
318 8747 1
8747 4903 1
4903 13276 1
13276 9527 1
9527 5237 1
5237 15273 1
15273 9527 1
9527 995 1
995 928 1
995 15010 1
15010 13058 1
13058 13901 1
13901 512 1
512 13058 1
13058 19615 1
19615 19651 1
19651 2359 1
2359 14792 1
14792 3298 1
3298 11390 1
11390 18710 1
18710 11976 1
11976 5091 1
5091 18710 1
18710 1515 1
1515 5091 1
5091 12358 1
12358 2472 1
2472 13114 1
13114 20726 1
20726 19851 1
19851 2472 1
2472 20726 1
20726 17795 1
17795 15440 1
15440 12519 1
12519 12625 1
12625 3526 1
3526 6318 1
6318 10073 1
6318 15300 1
15300 16513 1
16513 14810 1
14810 15300 1
15300 21348 1
21348 6318 1
6318 17345 1
6318 1495 1
1495 14810 1
14810 5606 1
5606 5371 1
5371 833 1
833 6597 1
6597 12453 1
833 8358 1
8358 7635 1
16206 12338 1
12338 7539 1
7539 14367 1
7539 4051 1
4051 97 1
4051 8418 1
8418 15221 1
12587 7676 1
12587 1581 1
12587 14321 1
13173 9368 1
14659 7566 1
7566 3985 1
3985 448 1
448 19764 1
19764 19771 1
19771 13698 1
13698 848 1
13698 448 1
448 103 1
103 10585 1
10585 2239 1
2239 20410 1
20410 20430 1
20430 14531 1
14531 706 1
706 2522 1
2522 11818 1
11818 16618 1
16618 10124 1
10124 10944 1
10944 1367 1
1367 1432 1
1432 4555 1
4555 929 1
929 14237 1
14237 18313 1
18313 9751 1
9751 21036 1
21036 5941 1
5941 14628 1
14628 12920 1
