18510 20623 1
20623 7614 1
7614 13262 1
13262 6540 1
6540 4193 1
4193 14694 1
14694 10095 1
10095 6300 1
6300 15377 1
6300 10705 1
10705 5778 1
5778 5918 1
5918 18632 1
18632 516 1
516 20822 1
20822 19281 1
19281 13753 1
13753 3796 1
3796 12656 1
12656 6130 1
6130 12080 1
12080 17804 1
17804 5758 1
5758 5938 1
5938 15186 1
15186 7756 1
7756 12334 1
7756 9878 1
9878 19654 1
19654 9414 1
9414 1012 1
1012 20416 1
20416 15669 1
15669 13993 1
13993 6927 1
6927 2113 1
2113 5408 1
2113 14857 1
14857 950 1
950 13934 1
13934 3463 1
3463 14249 1
14249 4380 1
4380 13934 1
13934 8084 1
8084 14163 1
14163 20556 1
20556 11321 1
11321 1964 1
1964 8084 1
8084 2063 1
2063 950 1
2063 13934 1
13934 14249 1
14249 12418 1
12418 2677 1
2677 2446 1
2677 11310 1
11310 1054 1
1054 18339 1
18339 9187 1
9187 15617 1
15617 9197 1
9197 2447 1
2447 18983 1
18983 7700 1
7700 8941 1
8941 19773 1
19773 811 1
811 10541 1
10541 14544 1
14544 16790 1
14544 16820 1
16820 3441 1
3441 12332 1
12332 7269 1
7269 7782 1
7782 683 1
683 7796 1
7796 16278 1
7796 11354 1
11354 8963 1
8963 10075 1
10075 4394 1
4394 18426 1
4394 5973 1
5973 8192 1
8192 8519 1
8519 3290 1
3290 1062 1
1062 4394 1
4394 5326 1
5326 20189 1
20189 19715 1
20189 16154 1
16154 16686 1
16686 12847 1
12847 14859 1
14859 18289 1
18289 18959 1
18959 15417 1
15417 18124 1
18124 19679 1
19679 4864 1
4864 6696 1
6696 15904 1
15904 11699 1
11699 3828 1
3828 1797 1
1797 11025 1
11025 5813 1
5813 1797 1
1797 9415 1
9415 19 1
19 7710 1
7710 8152 1
8152 21233 1
21233 19493 1
19493 7771 1
7771 13229 1
13229 18186 1
18186 10858 1
18186 16964 1
16964 8360 1
8360 3188 1
3188 807 1
807 5223 1
5223 8360 1
8360 6862 1
6862 18186 1
18186 17446 1
17446 8529 1
8529 6541 1
6541 9626 1
9626 13826 1
13826 3637 1
3637 3153 1
3153 5031 1
5031 6838 1
6838 5688 1
5688 3591 1
3591 11530 1
11530 20496 1
20496 16146 1
16146 11530 1
11530 2891 1
2891 14143 1
14143 13753 1
13753 14157 1
14157 2184 1
2184 8874 1
8874 15990 1
15990 9477 1
9477 16809 1
9477 1677 1
1677 8874 1
8874 6701 1
6701 16405 1
16405 14974 1
14974 8874 1
8874 20656 1
20656 19429 1
19429 3811 1
3811 14910 1
3811 20656 1
20656 18156 1
18156 8874 1
8874 3811 1
3811 9534 1
9534 17258 1
17258 16949 1
16949 9534 1
9534 8874 1
8874 16809 1
16809 17847 1
16809 8861 1
8861 2612 1
2612 5829 1
5829 11361 1
11361 16722 1
16722 4602 1
4602 889 1
889 1751 1
1751 17097 1
17097 18587 1
1751 4086 1
4086 15199 1
4086 5463 1
5463 14326 1
4086 12168 1
12168 13688 1
12168 7121 1
7121 11609 1
11609 16962 1
16962 658 1
658 6374 1
6374 16871 1
16871 16045 1
16045 13752 1
13752 20029 1
20029 8684 1
8684 11913 1
11913 18788 1
18788 3111 1
18788 8684 1
8684 12599 1
12599 15014 1
15014 18581 1
18581 15388 1
15388 15014 1
15014 6101 1
6101 15388 1
15388 8247 1
8247 18581 1
18581 19166 1
19166 5330 1
5330 12877 1
12877 18632 1
18632 2024 1
2024 2373 1
2373 12466 1
12466 1470 1
1470 15750 1
15750 3477 1
3477 13135 1
13135 13859 1
13859 1546 1
1546 3806 1
3806 13788 1
13788 17045 1
13788 4872 1
13788 7294 1
7294 13897 1
13897 3362 1
3362 7624 1
7624 13897 1
13897 18044 1
18044 4672 1
4672 2048 1
4672 3119 1
3119 14522 1
14522 1934 1
1934 18925 1
18925 14480 1
14480 987 1
987 4593 1
4593 13125 1
13125 20614 1
20614 20695 1
20695 652 1
652 12098 1
12098 1846 1
1846 4284 1
4284 20614 1
4284 14374 1
14374 8723 1
8723 12833 1
12833 14634 1
12833 13284 1
13284 8027 1
8027 5320 1
8027 18612 1
18612 7398 1
7398 629 1
629 18612 1
18612 8251 1
8251 16514 1
16514 8366 1
8366 13112 1
13112 19656 1
19656 10451 1
19656 6500 1
6500 132 1
132 976 1
976 2551 1
2551 13483 1
13483 1895 1
1895 19367 1
19367 2653 1
2653 6506 1
6506 16016 1
6506 612 1
612 11619 1
612 19811 1
19811 5114 1
5114 10397 1
10397 4647 1
4647 16235 1
16235 11339 1
11339 6851 1
6851 13241 1
13241 238 1
238 17703 1
17703 17443 1
17443 16126 1
16126 19930 1
19930 10541 1
10541 17299 1
17299 3166 1
3166 15606 1
15606 19012 1
19012 4529 1
4529 9778 1
9778 21019 1
21019 19771 1
19771 8045 1
19771 8963 1
8963 11702 1
11702 561 1
561 2960 1
2960 14616 1
14616 5894 1
5894 8429 1
8429 14616 1
14616 3441 1
3441 5131 1
5131 5541 1
5541 9814 1
9814 8994 1
8994 1209 1
1209 17769 1
17769 12864 1
12864 20903 1
20903 234 1
20903 12753 1
12753 585 1
585 7386 1
7386 10799 1
10799 6278 1
6278 13039 1
13039 15884 1
15884 13687 1
13687 6264 1
6264 12817 1
12817 5960 1
5960 17385 1
17385 6264 1
6264 13152 1
13152 21128 1
21128 4874 1
21128 2109 1
2109 10185 1
10185 7813 1
7813 2296 1
2296 12289 1
12289 10731 1
2296 6294 1
6294 16849 1
16849 13002 1
13002 20595 1
20595 20657 1
20657 10135 1
20657 8193 1
8193 4553 1
4553 11412 1
11412 18055 1
18055 2568 1
18055 19835 1
19835 4553 1
19835 8101 1
8101 3986 1
3986 7377 1
7377 17399 1
17399 9852 1
17399 1913 1
17399 16045 1
16045 17930 1
17930 11667 1
11667 302 1
302 12768 1
12768 19647 1
19647 15527 1
15527 12831 1
12831 9761 1
9761 9924 1
9924 12821 1
12821 8451 1
8451 5919 1
5919 13886 1
13886 5786 1
5786 18399 1
18399 5065 1
5065 19942 1
19942 19247 1
19247 7309 1
7309 17428 1
17428 363 1
363 18783 1
18783 17428 1
18783 10678 1
10678 17428 1
19247 17428 1
17428 19942 1
18399 19942 1
13886 18399 1
5065 5786 1
13886 19007 1
19007 2383 1
2383 8578 1
8578 9559 1
9559 14793 1
14793 3666 1
14793 17034 1
17034 17000 1
17000 14793 1
14793 5331 1
5331 9229 1
9229 12389 1
12389 4268 1
4268 11241 1
11241 13260 1
13260 12881 1
12881 10983 1
10983 7969 1
7969 13322 1
13322 18799 1
18799 7500 1
7500 1041 1
1041 15765 1
15765 4128 1
4128 17589 1
17589 18496 1
18496 13552 1
13552 14756 1
14756 7248 1
7248 18496 1
18496 13037 1
13037 14756 1
7248 5516 1
5516 13552 1
18496 18002 1
18496 9292 1
9292 10204 1
9292 5916 1
5916 15396 1
15396 5936 1
5936 20880 1
20880 14933 1
14933 17805 1
17805 13532 1
13532 15038 1
15038 7286 1
15038 15249 1
15249 5216 1
5216 15038 1
5216 130 1
130 10833 1
10833 5216 1
5216 17939 1
17939 10498 1
10498 4855 1
4855 14422 1
14422 17939 1
17939 15244 1
10498 15244 1
10498 5216 1
5216 8495 1
8495 17805 1
17805 13091 1
13091 7633 1
7633 7386 1
7386 15546 1
15546 12757 1
12757 12342 1
12342 15546 1
15546 13166 1
15546 922 1
922 9747 1
15546 11040 1
11040 12757 1
11040 13469 1
13469 20791 1
20791 4047 1
4047 10055 1
10055 15169 1
10055 12727 1
12727 21322 1
21322 1039 1
1039 17845 1
17845 21322 1
21322 5503 1
5503 1039 1
1039 12727 1
12727 3213 1
3213 13675 1
13675 414 1
414 7148 1
414 3999 1
3999 13749 1
13749 13536 1
13536 13675 1
13675 15699 1
15699 16198 1
15699 8153 1
8153 16198 1
16198 1937 1
1937 16653 1
16653 8213 1
8213 17548 1
17548 15963 1
17548 14170 1
14170 9293 1
9293 1022 1
1022 13776 1
13776 17548 1
17548 6505 1
6505 10170 1
10170 19483 1
19483 13750 1
13750 10170 1
10170 12111 1
12111 13750 1
13750 5764 1
13750 7972 1
7972 19483 1
10170 6350 1
6350 12582 1
12582 1872 1
1872 9074 1
9074 6533 1
6533 8021 1
8021 13432 1
13432 2622 1
13432 16022 1
16022 19220 1
19220 4648 1
4648 18743 1
18743 11993 1
11993 4648 1
4648 5475 1
4648 7921 1
7921 6351 1
6351 15413 1
15413 12737 1
15413 7921 1
7921 5821 1
5821 7032 1
7032 1643 1
7032 18820 1
7032 11266 1
11266 20711 1
20711 5821 1
7921 18769 1
18769 4215 1
4215 18602 1
18602 375 1
375 10611 1
18602 3805 1
3805 4215 1
4215 11217 1
11217 4003 1
4215 17025 1
17025 375 1
375 4003 1
375 4215 1
4215 15055 1
18769 14083 1
14083 19674 1
19674 6104 1
6104 8277 1
8277 6819 1
8277 20791 1
20791 441 1
441 16481 1
16481 12718 1
12718 5272 1
5272 6558 1
6558 9056 1
9056 676 1
676 3568 1
