19150 19480 1
19480 16491 1
16491 20515 1
20515 4899 1
4899 14475 1
14475 3069 1
3069 5663 1
5663 5066 1
5066 15506 1
15506 10854 1
10854 4639 1
4639 1638 1
1638 21299 1
1638 4303 1
4303 12189 1
12189 3109 1
3109 15341 1
15341 4303 1
4303 1789 1
1789 20016 1
20016 16249 1
16249 8441 1
8441 21145 1
21145 20016 1
21145 8691 1
8691 15295 1
15295 20022 1
20022 4947 1
4947 11900 1
11900 3897 1
3897 4026 1
4026 11605 1
11605 5637 1
5637 9791 1
9791 15123 1
15123 10021 1
10021 8771 1
8771 535 1
535 15120 1
15120 7648 1
7648 3407 1
3407 7246 1
7246 591 1
591 6741 1
6741 8737 1
8737 16126 1
16126 5740 1
5740 870 1
870 6040 1
6040 9778 1
9778 15689 1
15689 17299 1
17299 1569 1
1569 10541 1
10541 13127 1
13127 5344 1
5344 1329 1
1329 12135 1
12135 13241 1
13241 9351 1
9351 8627 1
8627 598 1
598 20452 1
598 11426 1
11426 21122 1
21122 7602 1
7602 3375 1
7602 6131 1
7602 10674 1
10674 1173 1
1173 553 1
553 21025 1
21025 17519 1
17519 12104 1
17519 21135 1
21135 17013 1
17519 17013 1
17013 13402 1
17013 21025 1
17013 21131 1
21131 1624 1
1624 16846 1
16846 17013 1
17013 4167 1
17013 10867 1
21025 9251 1
9251 1707 1
9251 20642 1
20642 19000 1
19000 3180 1
3180 14848 1
14848 10850 1
10850 18369 1
10850 3950 1
3950 3180 1
3180 1212 1
1212 10850 1
10850 7525 1
7525 3180 1
3180 20299 1
20299 11495 1
11495 3180 1
3180 20632 1
20632 10830 1
3180 17895 1
17895 3832 1
3832 1394 1
3832 18621 1
18621 17895 1
17895 11989 1
11989 5778 1
5778 14477 1
14477 1104 1
14477 7236 1
14477 10925 1
10925 3168 1
3168 17053 1
17053 15606 1
15606 21019 1
21019 19216 1
19216 6106 1
6106 13129 1
13129 6080 1
6080 7669 1
7669 18630 1
18630 9484 1
9484 18683 1
18683 1407 1
1407 13486 1
13486 18074 1
18074 1407 1
18074 17187 1
17187 1407 1
13486 13630 1
13630 20329 1
20329 9951 1
9951 101 1
101 13596 1
13596 904 1
904 5855 1
5855 3591 1
3591 1990 1
1990 6838 1
6838 15561 1
15561 5031 1
5031 2913 1
2913 74 1
74 20416 1
20416 20121 1
20121 14768 1
14768 12498 1
12498 21095 1
21095 3650 1
3650 3866 1
3866 18439 1
18439 19232 1
19232 3840 1
3840 20941 1
20941 656 1
656 13020 1
13020 9396 1
9396 656 1
656 253 1
253 8106 1
8106 16005 1
16005 9414 1
16005 1968 1
1968 3961 1
3961 13125 1
13125 17933 1
17933 8076 1
8076 9048 1
9048 44 1
44 2222 1
2222 12965 1
2222 13708 1
13708 305 1
305 8577 1
8577 20275 1
20275 4367 1
4367 12406 1
12406 13478 1
13478 1153 1
1153 21048 1
21048 5716 1
1153 4367 1
4367 17165 1
17165 5930 1
5930 7225 1
5930 10844 1
10844 20972 1
20972 2952 1
2952 7680 1
7680 12047 1
12047 4812 1
4812 11696 1
11696 14661 1
14661 6080 1
6080 3441 1
3441 12720 1
12720 3677 1
3677 10882 1
10882 17580 1
17580 8595 1
8595 6251 1
6251 17580 1
17580 17335 1
6251 3677 1
3677 11325 1
11325 21311 1
21311 3441 1
3441 19605 1
19605 74 1
74 987 1
987 597 1
597 10769 1
10769 18286 1
18286 16957 1
16957 14237 1
14237 16940 1
16940 4549 1
4549 6651 1
4549 11292 1
11292 5135 1
5135 19729 1
19729 8584 1
8584 19311 1
19311 3441 1
3441 12012 1
12012 2942 1
12012 6102 1
6102 3841 1
3841 9661 1
9661 13753 1
13753 1228 1
1228 13997 1
13997 17570 1
17570 1631 1
1631 21043 1
21043 2830 1
2830 14862 1
14862 13241 1
13241 20920 1
20920 5611 1
5611 15257 1
15257 1662 1
1662 10824 1
10824 1488 1
1488 5450 1
5450 5653 1
5653 16683 1
16683 6038 1
6038 6164 1
6164 10178 1
10178 10801 1
10801 6164 1
6164 5450 1
5450 5692 1
5692 13922 1
13922 4400 1
4400 16631 1
16631 14060 1
14060 20292 1
20292 17870 1
17870 17202 1
17202 16201 1
16201 17196 1
16201 16421 1
16421 19301 1
19301 16201 1
16201 13128 1
13128 19301 1
19301 16284 1
16284 13527 1
13527 347 1
13527 435 1
435 6140 1
6140 11880 1
11880 3830 1
3830 12617 1
12617 17485 1
17485 1936 1
1936 3109 1
3109 10298 1
3109 15754 1
15754 11625 1
11625 3109 1
3109 1789 1
1789 4422 1
4422 8441 1
8441 1381 1
1381 2468 1
2468 3115 1
3115 19513 1
3115 223 1
223 19521 1
19521 6054 1
6054 13526 1
13526 19372 1
13526 5096 1
13526 18529 1
18529 15435 1
15435 1159 1
15435 9923 1
9923 3510 1
3510 536 1
536 9550 1
9550 3977 1
3977 19107 1
19107 17139 1
17139 5935 1
5935 9923 1
3510 13008 1
13008 2991 1
2991 15370 1
15370 2552 1
2552 1654 1
1654 5918 1
5918 9500 1
9500 164 1
164 1969 1
1969 11660 1
11660 4994 1
4994 1981 1
1981 6838 1
1990 13300 1
13300 5685 1
5685 2174 1
2174 20523 1
20523 6838 1
6838 904 1
904 19880 1
19880 8974 1
8974 18206 1
18206 6542 1
6542 9613 1
9613 4106 1
4106 5267 1
5267 17986 1
17986 17726 1
17726 13123 1
13123 17986 1
17986 14475 1
20515 19480 1
19480 15010 1
15010 13276 1
13276 1613 1
1613 10649 1
10649 8215 1
8215 2115 1
2115 19649 1
19649 11980 1
11980 6623 1
6623 11084 1
11084 14458 1
14458 15356 1
11084 11980 1
11980 7434 1
7434 14484 1
14484 16051 1
16051 19672 1
19672 2615 1
2615 14632 1
14632 17046 1
17046 15827 1
15827 13489 1
13489 14332 1
14332 9892 1
9892 13798 1
13798 1140 1
1140 11202 1
1140 16902 1
16902 15605 1
15605 1014 1
1014 16902 1
16902 3129 1
3129 1014 1
1014 332 1
332 19830 1
19830 1014 1
3129 12381 1
12381 2209 1
2209 7447 1
7447 2380 1
2380 7717 1
7717 3963 1
3963 7447 1
7717 7447 1
2380 11933 1
11933 11905 1
11905 7447 1
3963 9510 1
3963 10444 1
10444 7447 1
7447 2761 1
2761 440 1
2761 18519 1
18519 14018 1
18519 1020 1
1020 19378 1
19378 2567 1
2567 860 1
860 2824 1
860 18294 1
18294 14244 1
14244 6960 1
6960 19851 1
19851 4462 1
4462 14854 1
4462 8471 1
8471 19851 1
19851 16900 1
16900 2149 1
2149 7089 1
7089 7380 1
7380 13288 1
13288 16166 1
16166 15407 1
15407 13288 1
13288 8529 1
8529 652 1
652 18632 1
18632 19333 1
19333 20029 1
20029 846 1
846 4312 1
4312 21074 1
21074 19929 1
21074 13123 1
13123 17558 1
17558 7699 1
7699 4171 1
4171 9704 1
9704 11265 1
9704 5578 1
5578 781 1
781 14734 1
14734 9583 1
9583 6627 1
6627 12570 1
12570 5565 1
5565 19612 1
19612 4330 1
4330 6992 1
6992 6342 1
6342 16153 1
16153 10472 1
10472 14488 1
14488 17621 1
17621 2009 1
2009 1069 1
1069 15123 1
15123 8963 1
8963 17410 1
17410 12407 1
17410 1066 1
1066 6247 1
6247 17410 1
17410 6821 1
17410 16645 1
16645 13299 1
13299 8701 1
8701 9190 1
9190 8971 1
8971 13095 1
13095 12045 1
12045 19474 1
19474 13757 1
13757 1282 1
1282 19474 1
13757 12783 1
12783 19474 1
19474 1268 1
1268 8403 1
8403 17275 1
17275 1268 1
19474 3760 1
3760 12045 1
12045 2713 1
12045 4012 1
1282 12783 1
12783 1268 1
1282 1268 1
17275 3603 1
3603 1268 1
1268 12487 1
1268 17133 1
1268 11353 1
11353 12487 1
12487 18974 1
18974 548 1
12487 2407 1
2407 18974 1
3603 7579 1
7579 17133 1
17133 3603 1
1268 5456 1
5456 972 1
5456 16024 1
16024 5175 1
5175 13808 1
13808 2782 1
2782 1113 1
1113 9406 1
9406 17200 1
17200 14425 1
14425 21025 1
17013 12104 1
12104 8030 1
12104 15977 1
15977 3556 1
3556 843 1
843 9972 1
9972 20069 1
20069 8450 1
8450 16987 1
16987 10263 1
10263 7590 1
7590 13436 1
7590 17173 1
17173 19001 1
19001 16765 1
16765 11270 1
11270 2443 1
2443 6482 1
6482 1118 1
6482 9511 1
9511 13959 1
13959 7290 1
7290 19956 1
19956 276 1
276 9547 1
9547 4810 1
4810 3427 1
3427 12378 1
12378 13566 1
13566 16713 1
16713 12378 1
12378 14374 1
14374 16894 1
16894 16029 1
16029 13091 1
13091 7573 1
7573 10532 1
10532 8361 1
8361 1466 1
1466 10327 1
10327 10084 1
10084 15392 1
15392 2948 1
2948 1671 1
1671 2522 1
2522 14531 1
14531 7898 1
14531 21197 1
21197 11679 1
11679 17121 1
17121 14531 1
14531 5894 1
5894 14616 1
14616 14531 1
14531 16385 1
16385 12098 1
16385 2184 1
2184 2157 1
2157 14157 1
14157 13753 1
13753 8038 1
8038 3841 1
3841 3211 1
3211 3273 1
3273 17303 1
17303 14389 1
14389 11745 1
11745 13840 1
13840 14250 1
14250 8038 1
8038 15502 1
15502 17303 1
17303 12760 1
12760 792 1
792 10842 1
10842 16744 1
16744 17303 1
17303 5828 1
5828 5933 1
5933 17303 1
17303 13840 1
14250 11745 1
11745 19401 1
19401 17303 1
3273 13873 1
13873 19337 1
19337 1250 1
1250 14253 1
14253 8229 1
8229 8064 1
8064 8955 1
8955 535 1
535 20230 1
20230 19457 1
19457 13908 1
13908 2762 1
2762 20694 1
20694 17823 1
17823 1339 1
1339 6055 1
6055 6637 1
6637 17823 1
1339 6637 1
6637 7798 1
7798 1339 1
1339 19660 1
19660 7798 1
19660 18969 1
18969 7195 1
7195 4900 1
4900 8587 1
8587 15151 1
15151 4900 1
4900 14440 1
14440 12039 1
12039 14592 1
14592 18905 1
14592 14584 1
14584 9692 1
14584 12039 1
12039 3259 1
3259 11637 1
11637 19880 1
19880 8499 1
8499 7500 1
7500 16222 1
16222 1041 1
1041 15979 1
15979 14676 1
14676 11435 1
11435 17116 1
17116 8115 1
8115 19018 1
19018 14211 1
14211 20791 1
20791 18477 1
18477 17007 1
17007 5545 1
5545 1226 1
1226 9194 1
5545 5928 1
5928 19480 1
19480 8418 1
8418 19851 1
19851 6300 1
6300 10748 1
10748 13423 1
13423 2091 1
2091 3815 1
3815 8009 1
8009 13423 1
13423 19155 1
19155 13652 1
13652 6300 1
6300 15811 1
15811 1160 1
1160 9922 1
9922 9106 1
9106 6300 1
6300 5251 1
5251 18553 1
18553 13871 1
13871 13735 1
13735 2853 1
2853 19542 1
19542 10067 1
10067 7762 1
7762 81 1
81 4022 1
4022 8380 1
8380 572 1
572 560 1
560 10528 1
10528 9042 1
9042 6230 1
6230 3382 1
3382 1470 1
1470 16425 1
16425 21173 1
21173 17182 1
17182 8919 1
8919 994 1
994 6817 1
6817 20744 1
20744 1607 1
1607 16024 1
16024 9321 1
9321 19082 1
19082 4859 1
4859 9321 1
4859 20881 1
20881 3990 1
3990 19542 1
19542 3374 1
3374 19276 1
19276 9401 1
9401 13456 1
13456 18760 1
18760 3630 1
3630 18875 1
18875 7466 1
18875 19945 1
19945 11985 1
11985 9581 1
9581 2853 1
2853 9747 1
9747 19123 1
19123 4834 1
4834 19748 1
19748 11277 1
11277 15620 1
15620 9829 1
9829 19257 1
19257 11840 1
11840 319 1
319 11872 1
11872 2853 1
2853 9963 1
2853 319 1
319 18261 1
18261 6017 1
6017 15620 1
15620 12935 1
12935 2853 1
2853 3492 1
2853 6017 1
6017 11872 1
11872 12935 1
11872 21098 1
21098 5051 1
5051 15620 1
6017 21098 1
6017 4834 1
4834 11840 1
319 567 1
567 12935 1
11872 18261 1
18261 19424 1
19424 4779 1
4779 2933 1
2933 18564 1
18564 19424 1
19424 5051 1
5051 18223 1
18223 15620 1
15620 14844 1
14844 4844 1
4844 4645 1
4645 16848 1
16848 16107 1
16107 3629 1
3629 6 1
3629 19391 1
19391 9420 1
9420 20886 1
20886 10483 1
10483 16239 1
10483 12026 1
12026 21034 1
21034 14679 1
14679 16239 1
16239 14313 1
14313 18028 1
18028 4830 1
4830 3285 1
3285 12059 1
12059 4830 1
4830 10349 1
10349 2797 1
2797 20743 1
20743 14345 1
14345 20540 1
20540 19079 1
19079 1401 1
1401 10807 1
10807 698 1
698 5333 1
5333 19459 1
19459 17146 1
17146 2975 1
2975 718 1
718 15091 1
15091 3441 1
3441 3802 1
3802 9128 1
9128 12308 1
12308 5767 1
5767 5224 1
5224 1688 1
1688 16962 1
16962 10978 1
10978 17205 1
17205 1270 1
1270 16240 1
16240 15302 1
15302 8379 1
8379 19046 1
19046 17446 1
17446 4714 1
4714 1696 1
4714 20856 1
20856 4811 1
4811 3721 1
3721 10685 1
10685 20856 1
20856 2235 1
2235 1696 1
1696 8529 1
8529 1002 1
1002 10060 1
10060 11244 1
11244 8867 1
8867 14521 1
14521 2033 1
2033 2552 1
2552 14594 1
14594 15123 1
15123 6507 1
6507 13158 1
13158 17511 1
17511 6507 1
6507 7511 1
15123 3084 1
3084 17697 1
17697 9913 1
9913 5637 1
5637 1031 1
1031 14237 1
14237 3167 1
14237 74 1
74 20064 1
20064 5031 1
5031 4994 1
4994 1969 1
1969 1987 1
1987 9271 1
1987 4994 1
4994 2891 1
2891 20523 1
20523 5855 1
5855 6838 1
6838 17185 1
17185 8055 1
8055 5396 1
5396 2388 1
2388 6371 1
6371 19299 1
6371 12794 1
12794 3601 1
3601 911 1
911 2892 1
2892 21225 1
21225 18054 1
18054 14552 1
18054 4324 1
18054 17878 1
17878 3796 1
3796 2064 1
2064 15066 1
15066 17878 1
17878 17028 1
17028 8963 1
8963 554 1
554 10414 1
10414 3507 1
3507 16374 1
16374 18466 1
18466 19687 1
19687 20304 1
20304 14676 1
14676 12534 1
12534 1209 1
1209 12881 1
12881 6144 1
6144 11502 1
11502 9543 1
11502 17555 1
17555 19985 1
19985 7647 1
7647 1788 1
1788 4263 1
4263 8069 1
8069 9500 1
9500 21161 1
21161 19985 1
19985 134 1
134 15974 1
15974 11715 1
11715 134 1
134 16596 1
16596 6950 1
6950 14320 1
14320 5472 1
5472 17364 1
17364 8564 1
8564 452 1
452 2773 1
2773 16725 1
16725 2809 1
2773 1144 1
1144 20343 1
20343 14634 1
14634 4166 1
4166 382 1
382 9309 1
9309 14531 1
14531 18058 1
18058 11405 1
11405 6557 1
6557 7137 1
7137 12983 1
12983 6557 1
6557 2549 1
2549 6447 1
6447 10222 1
10222 7182 1
7182 17201 1
17201 12876 1
17201 19598 1
19598 3110 1
19598 7339 1
7339 534 1
534 17993 1
17993 19598 1
17993 3110 1
3110 7339 1
3110 534 1
7339 10083 1
7339 2343 1
2343 2669 1
2669 10083 1
10083 2343 1
10083 19598 1
19598 21285 1
21285 9600 1
9600 3868 1
3868 17665 1
3868 20872 1
20872 9600 1
3868 6551 1
6551 4012 1
4012 16476 1
16476 4303 1
4303 15534 1
15534 16476 1
16476 12045 1
12045 9190 1
9190 8052 1
8052 1680 1
1680 92 1
92 1421 1
1421 15536 1
15536 9232 1
9232 9801 1
9801 10546 1
10546 13636 1
13636 14460 1
14460 16387 1
16387 11175 1
11175 19326 1
19326 9500 1
9500 15001 1
9500 17201 1
17201 8612 1
8612 13268 1
13268 17201 1
17201 13241 1
13241 17186 1
17186 12281 1
17186 4921 1
4921 20839 1
4921 12281 1
13241 4958 1
4958 7182 1
7182 7172 1
7172 368 1
368 14071 1
14071 16365 1
16365 3510 1
3510 17139 1
17139 9809 1
9809 15005 1
15005 13373 1
15005 7361 1
7361 5079 1
5079 20768 1
5079 8079 1
5079 15602 1
15602 18136 1
18136 10072 1
10072 2033 1
2033 7774 1
14521 8825 1
8825 13216 1
13216 18822 1
18822 7614 1
7614 20623 1
20623 18510 1
7614 6096 1
6096 16305 1
16305 1664 1
1664 2436 1
2436 11805 1
11805 16305 1
16305 14009 1
14009 16928 1
16928 6231 1
6231 14009 1
16928 12161 1
12161 14009 1
12161 6231 1
12161 15167 1
15167 16941 1
16941 19979 1
15167 3408 1
14009 6795 1
16305 14763 1
14763 8941 1
8941 1929 1
1929 18071 1
18071 17401 1
17401 10221 1
10221 8000 1
8000 8289 1
8289 11825 1
11825 12512 1
12512 1240 1
1240 178 1
178 8941 1
8941 5635 1
5635 16190 1
5635 5687 1
8941 21012 1
21012 11894 1
11894 8941 1
8941 10341 1
10341 8289 1
8289 18983 1
18983 7700 1
7700 14852 1
14852 6150 1
6150 11894 1
11894 16840 1
8941 7636 1
7636 3633 1
3633 20528 1
20528 7968 1
7968 18071 1
18071 16190 1
16190 19260 1
19260 18683 1
18683 18640 1
18640 8646 1
8646 18683 1
18683 13041 1
13041 18458 1
18458 19926 1
19926 9946 1
9946 18458 1
18458 7705 1
7705 19067 1
19067 13462 1
13462 4664 1
4664 11049 1
11049 1999 1
1999 13462 1
19067 17076 1
17076 1082 1
1082 7705 1
7705 18885 1
18885 14365 1
14365 12740 1
12740 18570 1
18570 18376 1
18376 18875 1
18875 5868 1
5868 1365 1
5868 21074 1
21074 11569 1
11569 13243 1
13243 14193 1
14193 2854 1
2854 15204 1
15204 14193 1
14193 9479 1
9479 5722 1
5722 6127 1
6127 14865 1
14865 20781 1
20781 5722 1
5722 20709 1
20709 8398 1
8398 1270 1
1270 8965 1
8965 17621 1
17621 11543 1
11543 12932 1
12932 20304 1
20304 373 1
373 16618 1
16618 1432 1
1432 14256 1
14256 17256 1
17256 1970 1
17256 2935 1
2935 5857 1
5857 16933 1
16933 2935 1
2935 8270 1
8270 1946 1
1946 17494 1
17494 5703 1
5703 7860 1
5703 755 1
755 9050 1
9050 7120 1
9050 8769 1
8769 755 1
755 6797 1
6797 12717 1
12717 3273 1
3273 14285 1
14285 8540 1
8540 10445 1
10445 14561 1
14561 16032 1
16032 14203 1
16032 12736 1
12736 2027 1
2027 5944 1
5944 18577 1
18577 12865 1
12865 5362 1
5362 15197 1
15197 10248 1
10248 8318 1
8318 17097 1
17097 8943 1
8943 16989 1
16989 17538 1
17538 8685 1
8685 16258 1
17538 16258 1
17538 16539 1
16539 16989 1
16989 15613 1
15613 18439 1
18439 687 1
687 2093 1
2093 8865 1
8865 1270 1
1270 20841 1
20841 4438 1
4438 8251 1
8251 9769 1
9769 14545 1
14545 7861 1
7861 452 1
452 20127 1
20127 5843 1
5843 16371 1
16371 13338 1
16371 11888 1
11888 11745 1
11745 8038 1
13753 17590 1
17590 2552 1
2552 16323 1
16323 1846 1
1846 2677 1
2677 8825 1
8825 5020 1
5020 12136 1
12136 16354 1
16354 5020 1
5020 134 1
134 9187 1
9187 10281 1
10281 5327 1
5327 11310 1
11310 13993 1
13993 7774 1
7774 1344 1
1344 11310 1
11310 8963 1
8963 19427 1
19427 20184 1
20184 3831 1
