19686 17277 1
17277 5176 1
5176 16916 1
16916 2368 1
2368 1895 1
1895 14763 1
14763 6370 1
6370 16305 1
16305 4738 1
4738 20147 1
20147 9676 1
9676 4738 1
4738 5708 1
5708 18427 1
18427 17160 1
17160 1093 1
17160 522 1
522 11156 1
11156 9292 1
9292 10994 1
10994 12341 1
10994 20631 1
20631 10204 1
10204 9292 1
9292 11208 1
11208 11156 1
9292 18496 1
18496 6968 1
6968 14004 1
14004 11208 1
11208 5418 1
5418 18169 1
18169 13264 1
5418 8892 1
13264 3390 1
3390 10094 1
10094 8232 1
8232 3390 1
3390 7464 1
7464 1223 1
1223 15905 1
15905 2230 1
2230 16557 1
16557 18013 1
18013 6072 1
6072 20941 1
20941 10325 1
20941 18851 1
18851 9365 1
9365 7055 1
7055 20941 1
20941 3840 1
3840 6329 1
6329 9878 1
9878 14488 1
14488 17621 1
17621 17813 1
17813 7317 1
7317 17621 1
17621 7582 1
7582 13374 1
13374 9886 1
9886 15440 1
15440 12779 1
12779 18725 1
18725 4685 1
4685 19814 1
19814 1686 1
1686 20083 1
20083 6863 1
6863 9753 1
9753 2881 1
2881 4304 1
4304 21276 1
21276 6542 1
6542 12602 1
12602 15979 1
15979 14676 1
15979 1491 1
1491 11818 1
11818 3658 1
3658 17160 1
17160 12303 1
12303 14525 1
14525 11505 1
11505 5839 1
5839 1594 1
1594 7387 1
7387 19381 1
19381 16005 1
16005 12564 1
12564 20952 1
20952 7323 1
7323 7936 1
7936 20952 1
20952 851 1
851 17740 1
851 15058 1
15058 12462 1
12462 2561 1
2561 4222 1
4222 19851 1
19851 14539 1
14539 3117 1
3117 5936 1
5936 4564 1
4564 2765 1
2765 19851 1
19851 17683 1
19851 6772 1
6772 12009 1
6772 15708 1
15708 19851 1
19851 11512 1
11512 12462 1
12462 19851 1
19851 13140 1
13140 12462 1
12462 4142 1
4142 19851 1
19851 3117 1
3117 8476 1
8476 5185 1
8476 19561 1
19561 5185 1
8476 3937 1
3937 17386 1
17386 16195 1
16195 18848 1
18848 18364 1
18364 6323 1
6323 15573 1
15573 18364 1
18364 15095 1
15095 21217 1
21217 14696 1
14696 2915 1
2915 14694 1
14694 4193 1
4193 2141 1
4193 20626 1
20626 3264 1
3264 470 1
470 10958 1
10958 2767 1
2767 17760 1
10958 17760 1
17760 470 1
470 4193 1
4193 20851 1
20851 2141 1
4193 6540 1
6540 20851 1
14694 6309 1
6309 13448 1
13448 19530 1
19530 20258 1
20258 199 1
199 907 1
907 20258 1
20258 3770 1
20258 6218 1
6218 5954 1
5954 20258 1
907 16496 1
16496 199 1
199 10865 1
10865 17460 1
17460 88 1
88 5756 1
5756 21157 1
21157 3742 1
3742 1644 1
1644 18466 1
18466 17213 1
17213 3549 1
3549 6824 1
6824 5233 1
5233 9004 1
5233 3441 1
3441 17201 1
17201 14335 1
14335 6238 1
6238 13887 1
13887 10885 1
10885 13917 1
13917 11876 1
11876 1580 1
1580 5488 1
5488 11019 1
11019 11436 1
11019 3390 1
3390 7814 1
7814 5684 1
5684 17644 1
17644 7804 1
7804 9713 1
9713 17644 1
17644 14091 1
14091 12834 1
14091 14831 1
14831 10952 1
10952 4327 1
10952 8926 1
8926 19094 1
10952 131 1
131 19057 1
19057 7039 1
7039 11975 1
11975 19435 1
19435 10359 1
19435 2172 1
11975 5944 1
5944 4934 1
4934 13371 1
4934 17498 1
17498 13371 1
13371 5944 1
5944 11496 1
11496 17404 1
17404 1172 1
17404 21107 1
21107 12235 1
12235 1735 1
1735 20891 1
20891 2221 1
2221 12171 1
12171 9013 1
9013 7406 1
7406 11117 1
7406 17591 1
17591 11117 1
7406 12595 1
12595 17591 1
17591 1714 1
1714 9002 1
9002 16424 1
9002 8590 1
8590 2364 1
8590 12496 1
12496 6542 1
6542 7389 1
7389 4423 1
4423 5759 1
5759 11049 1
11049 16681 1
16681 20939 1
20939 7500 1
7500 1724 1
1724 8985 1
8985 9285 1
9285 5331 1
5331 2591 1
2591 7752 1
7752 20084 1
20084 13883 1
13883 19356 1
19356 14812 1
14812 4689 1
4689 13883 1
13883 19307 1
19307 6982 1
6982 6021 1
6982 3449 1
3449 16381 1
16381 10899 1
16381 5865 1
5865 4804 1
4804 8202 1
8202 19443 1
19443 17056 1
17056 9221 1
9221 14874 1
14874 14429 1
14429 4716 1
4716 18137 1
18137 8144 1
8144 11033 1
11033 12642 1
12642 19823 1
19823 17163 1
17163 18683 1
18683 17725 1
17725 16190 1
16190 15617 1
15617 18630 1
15617 811 1
811 17299 1
17299 19637 1
19637 14977 1
14977 15716 1
14977 17313 1
17313 19637 1
19637 4178 1
4178 12765 1
12765 7012 1
7012 4178 1
17313 73 1
73 12606 1
12606 8551 1
8551 5217 1
5217 21279 1
21279 4308 1
4308 73 1
73 8551 1
8551 12075 1
12075 13092 1
13092 2203 1
2203 2388 1
2388 7400 1
7400 5249 1
5249 7211 1
5249 19187 1
19187 2388 1
2388 20830 1
20830 10312 1
10312 3077 1
3077 6060 1
6060 20830 1
20830 9209 1
9209 15185 1
9209 19039 1
19039 15185 1
15185 3792 1
3792 18271 1
18271 2198 1
2198 16067 1
16067 11491 1
11491 1401 1
1401 10807 1
10807 20593 1
20593 19079 1
19079 2960 1
2960 14531 1
14531 4166 1
4166 16572 1
16572 16640 1
16640 19982 1
19982 452 1
452 19006 1
19006 14634 1
14634 8723 1
8723 12264 1
12264 2848 1
2848 9704 1
9704 17193 1
17193 19929 1
19929 2654 1
2654 9704 1
9704 18537 1
18537 4171 1
4171 9854 1
9854 17986 1
17986 3644 1
3644 9229 1
9229 11211 1
11211 4268 1
4268 7969 1
7969 16064 1
16064 18799 1
18799 4268 1
4268 11114 1
4268 9229 1
9229 21132 1
21132 4342 1
4342 4268 1
4268 12389 1
12389 11211 1
11211 4342 1
4268 3644 1
3644 6733 1
6733 13123 1
13123 14664 1
14664 6959 1
6959 19417 1
19417 10029 1
19417 20320 1
20320 8629 1
8629 12608 1
12608 17738 1
17738 14678 1
14678 4918 1
4918 3732 1
3732 19851 1
19851 12519 1
12519 15091 1
15091 4462 1
4462 12462 1
12462 9886 1
9886 1228 1
1228 2948 1
2948 1058 1
1058 11544 1
11544 11310 1
11310 2522 1
2522 2602 1
2602 5704 1
5704 1411 1
1411 15724 1
15724 10084 1
10084 15223 1
15223 11713 1
11713 6154 1
6154 16957 1
16957 16385 1
16385 1410 1
1410 1846 1
1846 14157 1
14157 1410 1
1410 20822 1
20822 6914 1
6914 1365 1
1365 4679 1
4679 17494 1
17494 11925 1
11925 5868 1
5868 11985 1
11985 10932 1
10932 14744 1
14744 9581 1
9581 20752 1
20752 16594 1
16594 9581 1
9581 6658 1
6658 6138 1
6138 16771 1
16771 27 1
27 6658 1
9581 12000 1
12000 3176 1
3176 2743 1
2743 4596 1
4596 11581 1
11581 17517 1
17517 437 1
437 4596 1
4596 9645 1
9645 1157 1
1157 13586 1
13586 1797 1
1797 13937 1
13937 3441 1
3441 16211 1
3441 14165 1
14165 5048 1
5048 4815 1
5048 14185 1
14185 11945 1
11945 8157 1
8157 10388 1
10388 19533 1
19533 11945 1
11945 19978 1
19978 10800 1
10800 863 1
863 12546 1
12546 4727 1
4727 8995 1
8995 13071 1
13071 15546 1
15546 10800 1
15546 922 1
922 9747 1
9747 8694 1
8694 18557 1
18557 20094 1
20094 5362 1
5362 16142 1
16142 15670 1
15670 1975 1
1975 12241 1
12241 21316 1
21316 624 1
624 12883 1
12883 3909 1
3909 15670 1
15670 12492 1
12492 8591 1
12492 1753 1
1753 16219 1
16219 15149 1
15149 2971 1
2971 4688 1
4688 14226 1
14226 20779 1
14226 3531 1
3531 871 1
871 10899 1
10899 1163 1
1163 12405 1
1163 15650 1
1163 5800 1
1163 11759 1
11759 12182 1
1163 17777 1
10899 4848 1
10899 4992 1
10899 3630 1
3630 18875 1
18875 2976 1
2976 11985 1
11985 15600 1
11985 14599 1
14599 14591 1
14599 17399 1
17399 9581 1
9581 12117 1
12117 2853 1
2853 6017 1
6017 18223 1
18223 567 1
567 18564 1
18564 8824 1
8824 4779 1
4779 18223 1
18223 12935 1
12935 8824 1
8824 18223 1
18223 15620 1
15620 16802 1
16802 7197 1
7197 4909 1
4909 17737 1
17737 15620 1
15620 4844 1
4844 15001 1
15001 21161 1
21161 6109 1
6109 1319 1
1319 11244 1
11244 8296 1
8296 18632 1
18632 18644 1
18632 9795 1
9795 5424 1
5424 9192 1
5424 14650 1
14650 10626 1
10626 20093 1
20093 20088 1
20088 10626 1
10626 12384 1
12384 14650 1
20093 9192 1
5424 9782 1
9782 9192 1
9192 10626 1
5424 2509 1
2509 20093 1
5424 20093 1
5424 8684 1
8684 4312 1
4312 7160 1
4312 1648 1
1648 18356 1
18356 6727 1
6727 12480 1
12480 10299 1
10299 1353 1
10299 9655 1
9655 859 1
859 10089 1
10089 9990 1
9990 6883 1
6883 13212 1
13212 21107 1
21107 1735 1
1735 2221 1
2221 9013 1
9013 17459 1
17459 13976 1
13976 13745 1
13745 4804 1
4804 14991 1
14991 20303 1
20303 844 1
844 11153 1
844 14711 1
14711 19323 1
14711 4685 1
4685 16120 1
16120 3775 1
3775 11561 1
11561 2 1
11561 158 1
158 5012 1
5012 6332 1
6332 13872 1
6332 10224 1
10224 10536 1
10536 11108 1
11108 6628 1
6628 8416 1
8416 14065 1
8416 16923 1
16923 10084 1
10084 15913 1
15913 17986 1
17986 2967 1
2967 16806 1
16806 20754 1
20754 14037 1
14037 3853 1
3853 740 1
740 3495 1
740 8963 1
8963 13698 1
13698 21019 1
21019 3343 1
3343 5347 1
5347 20615 1
20615 456 1
456 3441 1
3441 10461 1
3441 16820 1
16820 8345 1
8345 16546 1
16546 20818 1
20818 994 1
994 3242 1
3242 8989 1
8989 11833 1
11833 10395 1
10395 19630 1
19630 4000 1
4000 3045 1
3045 3556 1
3556 12328 1
12328 20727 1
20727 3556 1
3556 843 1
3556 7889 1
7889 1636 1
1636 6984 1
6984 13605 1
6984 21096 1
21096 5245 1
5245 4804 1
4804 19020 1
19020 18573 1
18573 18865 1
18865 19020 1
18865 4804 1
4804 14942 1
14942 6736 1
6736 4804 1
4804 2118 1
2118 18588 1
18588 14969 1
14969 2118 1
2118 12480 1
12480 17726 1
17726 2009 1
2009 9807 1
9807 17727 1
17727 20660 1
20660 2009 1
17726 9757 1
9757 7699 1
7699 17986 1
17986 554 1
554 12893 1
12893 14500 1
14500 10557 1
14500 20018 1
20018 740 1
740 13939 1
13939 4585 1
4585 7541 1
7541 2269 1
2269 2106 1
2106 12629 1
12629 3495 1
3495 1564 1
1564 2287 1
2287 16242 1
16242 13199 1
13199 5416 1
5416 16324 1
16324 13199 1
13199 7195 1
7195 21204 1
21204 15643 1
15643 12534 1
12534 373 1
373 16029 1
16029 4274 1
4274 3879 1
3879 19068 1
19068 9827 1
9827 7832 1
7832 17017 1
17017 75 1
75 8054 1
8054 20134 1
20134 13018 1
13018 3237 1
3237 19096 1
19096 7655 1
19096 7928 1
7928 16871 1
16871 18638 1
18638 19317 1
19317 17711 1
17711 8828 1
8828 10124 1
10124 4900 1
4900 15151 1
4900 8587 1
8587 291 1
291 7244 1
7244 10124 1
10124 17449 1
17449 11435 1
11435 17621 1
17621 11218 1
11218 8834 1
8834 3668 1
3668 2790 1
2790 17348 1
2790 17829 1
17829 5478 1
5478 13736 1
13736 21181 1
21181 19688 1
19688 1254 1
1254 17000 1
17000 13002 1
13002 561 1
561 4659 1
4659 18648 1
18648 3273 1
3273 2993 1
2993 5500 1
5500 1606 1
1606 14285 1
14285 16617 1
16617 957 1
957 1748 1
1748 14463 1
1748 19779 1
19779 13091 1
13091 3121 1
3121 18418 1
18418 14231 1
14231 20092 1
20092 18418 1
18418 6708 1
6708 7971 1
7971 9594 1
9594 3668 1
3668 14791 1
14791 9594 1
9594 10752 1
10752 13149 1
13149 14791 1
14791 16589 1
16589 6169 1
6169 13802 1
13802 16589 1
16589 10064 1
10064 13260 1
13260 9403 1
9403 12359 1
12359 18200 1
18200 11814 1
11814 18812 1
18812 5948 1
5948 11814 1
11814 13743 1
11814 4268 1
4268 8585 1
8585 1710 1
1710 12881 1
12881 5705 1
5705 602 1
602 3644 1
17986 19936 1
19936 1370 1
1370 17726 1
17726 14500 1
14500 14256 1
14256 7258 1
7258 17083 1
17083 13212 1
13212 14667 1
13212 356 1
13212 19858 1
19858 2369 1
2369 1657 1
1657 11314 1
11314 6297 1
6297 1657 1
11314 2369 1
2369 12450 1
12450 3011 1
3011 19502 1
19502 19858 1
2369 19085 1
19085 6089 1
6089 2369 1
19858 11360 1
11360 9990 1
9990 9655 1
9655 2394 1
2394 8027 1
8027 19077 1
19077 13432 1
13432 6818 1
6818 19806 1
19806 19259 1
19259 1739 1
1739 11952 1
11952 14500 1
14500 15713 1
14500 20754 1
20754 554 1
20754 14475 1
14475 14153 1
14153 4702 1
4702 4555 1
4555 12033 1
12033 13091 1
13091 2109 1
2109 18242 1
2109 19559 1
19559 7524 1
7524 16799 1
16799 7567 1
7567 3686 1
3686 9766 1
9766 15079 1
15079 13592 1
13592 10967 1
10967 4898 1
4898 9626 1
9626 9882 1
9882 10927 1
10927 10060 1
10060 10557 1
10557 18413 1
18413 5220 1
5220 18037 1
18037 5471 1
5471 18466 1
18466 19687 1
19687 20304 1
20304 14184 1
14184 17813 1
14184 17621 1
17621 17449 1
17449 7258 1
7258 17424 1
17424 15979 1
15979 13953 1
13953 14804 1
14804 9350 1
9350 1774 1
1774 17218 1
17218 14460 1
14460 17557 1
17557 5745 1
5745 5745 1
5745 19347 1
19347 7985 1
7985 16120 1
16120 5861 1
7985 18683 1
18683 12304 1
12304 6725 1
6725 18362 1
18362 2864 1
2864 6725 1
6725 15210 1
15210 1223 1
1223 3390 1
18169 5269 1
5418 3390 1
3390 17082 1
17082 10489 1
10489 2970 1
2970 5913 1
5913 15190 1
15190 8109 1
8109 2112 1
8109 6986 1
6986 20623 1
8109 6932 1
6932 16871 1
16871 19778 1
19778 15839 1
15839 10712 1
10712 19387 1
19387 19778 1
19778 10712 1
10712 16637 1
16637 12621 1
12621 14712 1
14712 15293 1
15293 6975 1
6975 12926 1
12926 4100 1
4100 17672 1
17672 21025 1
21025 8615 1
8615 17232 1
17232 8043 1
8043 19851 1
19851 6960 1
6960 469 1
469 4027 1
4027 9291 1
9291 12354 1
12354 14503 1
14503 1254 1
1254 16923 1
16923 2157 1
2157 2184 1
2184 14395 1
14395 16385 1
16385 16557 1
16557 11335 1
11335 7384 1
7384 9234 1
9234 1403 1
1403 2388 1
2388 20966 1
20966 10870 1
10870 3345 1
3345 5118 1
5118 9655 1
9655 19077 1
19077 1144 1
1144 11713 1
11713 2230 1
2230 5683 1
5683 18371 1
18371 6927 1
6927 16911 1
16911 6727 1
6727 8743 1
8743 7572 1
7572 7384 1
7384 7392 1
7392 2276 1
2276 3640 1
3640 2856 1
2856 2276 1
2276 9012 1
2276 17015 1
17015 224 1
224 8245 1
8245 17155 1
17155 18985 1
18985 17543 1
17543 12485 1
12485 18985 1
17543 17155 1
18985 8151 1
8151 12485 1
17155 14253 1
14253 11230 1
11230 6298 1
6298 7962 1
7962 18616 1
18616 11230 1
11230 7962 1
7962 13398 1
7962 18064 1
6298 18616 1
18616 13398 1
18616 5618 1
5618 5332 1
5332 19813 1
19813 19269 1
19269 5618 1
5618 7962 1
7962 18976 1
18976 20519 1
20519 2783 1
20519 9357 1
9357 13398 1
13398 11230 1
11230 7572 1
7572 4601 1
4601 6727 1
6727 14026 1
14026 11732 1
11732 11310 1
11310 17514 1
17514 8867 1
8867 2948 1
2948 1270 1
1270 16256 1
16256 13997 1
13997 19806 1
19806 3202 1
3202 535 1
535 21218 1
21218 15594 1
15594 5999 1
15594 9796 1
9796 13453 1
13453 13126 1
13126 20504 1
20504 290 1
290 9920 1
9920 18221 1
18221 597 1
597 7384 1
7384 13671 1
13671 11760 1
11760 14498 1
14498 6154 1
6154 18221 1
18221 4274 1
4274 20170 1
20170 8723 1
8723 5472 1
5472 17689 1
17689 1731 1
1731 16960 1
16960 16489 1
16489 5472 1
5472 1270 1
1270 1228 1
1228 40 1
40 9886 1
9886 13889 1
13889 1803 1
9886 9500 1
9500 8442 1
8442 11244 1
11244 13576 1
13576 9086 1
9086 14551 1
14551 11546 1
14551 12700 1
12700 18357 1
18357 11099 1
11099 800 1
800 5944 1
5944 9332 1
9332 15670 1
15670 18577 1
18577 16907 1
16907 19556 1
19556 3994 1
3994 14572 1
14572 6348 1
6348 18577 1
18577 3994 1
14572 5007 1
5007 4583 1
4583 7644 1
7644 14798 1
14798 6935 1
6935 18614 1
18614 5944 1
5944 11099 1
5944 21109 1
21109 7039 1
21109 11253 1
11253 16609 1
16609 4510 1
4510 1361 1
4510 1143 1
1143 5309 1
5309 19033 1
19033 7442 1
19033 19551 1
19551 17097 1
17097 15197 1
15197 13003 1
13003 6859 1
6859 8318 1
8318 10248 1
10248 17875 1
17875 15197 1
15197 1436 1
1436 3932 1
3932 12797 1
12797 19075 1
19075 13633 1
13633 20316 1
13633 16331 1
16331 8923 1
8923 18614 1
18614 17582 1
17582 10519 1
17582 2637 1
2637 6335 1
6335 5946 1
5946 14207 1
14207 994 1
994 16924 1
16924 7084 1
16924 11205 1
11205 5222 1
5222 13639 1
5222 8529 1
8529 21106 1
21106 7380 1
7380 5525 1
5525 4444 1
4444 8529 1
8529 18320 1
18320 9970 1
9970 8529 1
8529 4284 1
4284 10194 1
10194 17195 1
17195 4575 1
4575 19197 1
19197 18224 1
18224 7443 1
7443 1290 1
1290 21295 1
21295 542 1
542 19197 1
19197 17745 1
17745 18224 1
18224 542 1
19197 12988 1
12988 4575 1
4575 9071 1
9071 17000 1
17000 5246 1
5246 12228 1
12228 17690 1
17690 16922 1
16922 9589 1
16922 17000 1
17000 14793 1
14793 9559 1
9559 2785 1
2785 6286 1
6286 11870 1
11870 2286 1
2286 15701 1
15701 9519 1
9519 18186 1
18186 3909 1
3909 13176 1
13176 12241 1
12241 14579 1
14579 15670 1
15670 5362 1
5362 13229 1
5362 16250 1
16250 12535 1
12535 5142 1
5142 11711 1
11711 11763 1
11763 5277 1
5277 5142 1
5142 3803 1
3803 1850 1
1850 3990 1
1850 19542 1
19542 6959 1
6959 6178 1
6178 20510 1
20510 6333 1
6333 7605 1
7605 5031 1
5031 17001 1
17001 10152 1
10152 74 1
74 8963 1
8963 14500 1
14500 2269 1
2269 14201 1
14201 8326 1
8326 5031 1
5031 1990 1
1990 8048 1
8048 3831 1
3831 5817 1
5817 14689 1
14689 4992 1
4992 19542 1
19542 3550 1
3550 16868 1
16868 4385 1
4385 3550 1
3550 20091 1
20091 4385 1
4385 18152 1
18152 11226 1
11226 13592 1
13592 8219 1
8219 9466 1
9466 2578 1
2578 21055 1
2578 15099 1
15099 6026 1
6026 19619 1
6026 179 1
179 1221 1
1221 19807 1
1221 1895 1
1895 16737 1
16737 9539 1
9539 15697 1
15697 5455 1
15697 19540 1
19540 11682 1
19540 16237 1
16237 9539 1
9539 11768 1
9539 19540 1
9539 8051 1
9539 3579 1
3579 8051 1
8051 16737 1
8051 9582 1
8051 19570 1
19570 19984 1
19984 15102 1
15102 8394 1
8394 20664 1
20664 14973 1
14973 15235 1
14973 2318 1
20664 6927 1
6927 15043 1
15043 17824 1
15043 12871 1
12871 11624 1
11624 4115 1
4115 14696 1
2915 15954 1
15954 19530 1
13448 20258 1
20258 10865 1
10865 3710 1
19530 20965 1
20965 15954 1
2915 8395 1
8395 5389 1
5389 10451 1
10451 7023 1
7023 1619 1
1619 5834 1
5834 13257 1
13257 8477 1
8477 6349 1
6349 13257 1
13257 3294 1
3294 5078 1
5078 3441 1
3441 19931 1
19931 74 1
74 8097 1
8097 11593 1
11593 12880 1
11593 2974 1
2974 12030 1
2974 7212 1
2974 17368 1
17368 10371 1
10371 9807 1
9807 2097 1
2097 2106 1
2106 2302 1
2302 7998 1
7998 6127 1
7998 19806 1
19806 6774 1
6774 17162 1
17162 3853 1
3853 11952 1
11952 2269 1
2269 14475 1
14475 3069 1
3069 10701 1
10701 168 1
168 15219 1
15219 5663 1
5663 168 1
5663 10701 1
3069 617 1
617 15565 1
15565 3439 1
617 11132 1
11132 11423 1
11423 5028 1
5028 11950 1
11950 21025 1
21025 12369 1
17672 10674 1
10674 12237 1
12237 20770 1
20770 10674 1
10674 7602 1
7602 6131 1
6131 18380 1
18380 7602 1
7602 11751 1
11751 9360 1
11751 5439 1
5439 18630 1
18630 14379 1
14379 6408 1
6408 11244 1
11244 3831 1
3831 1618 1
1618 11175 1
11175 15602 1
15602 8076 1
8076 2790 1
2790 1449 1
1449 2616 1
2616 16217 1
16217 18174 1
18174 2790 1
2790 4671 1
4671 2616 1
2616 9257 1
9257 21018 1
21018 20497 1
20497 4559 1
4559 21018 1
21018 2616 1
2616 18055 1
2616 4460 1
20497 16280 1
20497 18436 1
18436 18055 1
18055 10246 1
10246 3472 1
3472 14608 1
14608 18273 1
18273 6657 1
6657 9494 1
9494 5329 1
5329 4050 1
4050 16364 1
16364 4263 1
4263 16956 1
16956 16860 1
16860 10709 1
10709 16956 1
16956 9187 1
9187 4263 1
4263 20499 1
20499 14940 1
20499 11038 1
11038 5754 1
11038 13407 1
13407 16761 1
16761 12423 1
12423 4826 1
4826 14575 1
14575 12423 1
12423 5701 1
5701 6956 1
6956 3552 1
3552 9216 1
3552 3406 1
3406 19156 1
3552 19156 1
3552 16383 1
3552 20277 1
6956 8590 1
8590 13586 1
13586 4107 1
4107 2743 1
2743 1297 1
1297 11368 1
11368 4107 1
4107 8533 1
8533 21032 1
21032 17517 1
11581 2743 1
2743 13586 1
13586 10700 1
10700 1714 1
11117 14503 1
1254 7687 1
7687 20195 1
20195 2852 1
2852 6272 1
6272 6669 1
6669 7687 1
20195 17906 1
20195 6669 1
6669 16988 1
16988 17906 1
17906 2813 1
17906 6272 1
6272 7687 1
7687 16988 1
17906 818 1
818 7597 1
7597 11205 1
11205 17733 1
17733 3743 1
3743 20594 1
20594 15190 1
15190 782 1
782 19207 1
19207 11434 1
11434 8962 1
19207 7809 1
7809 8346 1
8346 603 1
603 10064 1
10064 19425 1
19425 16589 1
16589 20025 1
20025 18811 1
18811 6742 1
6742 6710 1
6710 2080 1
2080 7532 1
7532 18101 1
18101 12710 1
12710 6413 1
6413 1781 1
1781 4086 1
4086 16923 1
16923 16323 1
16323 21036 1
21036 18313 1
18313 9751 1
9751 20731 1
20731 18313 1
9751 15505 1
15505 13576 1
9086 12700 1
12700 13576 1
13576 10826 1
13576 9970 1
9970 5941 1
5941 11244 1
11244 2314 1
2314 8335 1
8335 16923 1
16923 18167 1
18167 18139 1
18167 12261 1
12261 5257 1
5257 5066 1
5066 5372 1
5372 20830 1
20830 3077 1
3077 3294 1
13257 3077 1
3077 15070 1
15070 1090 1
1090 1833 1
1090 6486 1
6486 9136 1
9136 19922 1
19922 1410 1
1410 11310 1
11310 20856 1
20856 9483 1
9483 4714 1
4714 17446 1
17446 2235 1
2235 1696 1
1696 9089 1
9089 6761 1
6761 17994 1
17994 1904 1
1904 7204 1
1904 19240 1
19240 7204 1
7204 6463 1
6463 15880 1
15880 18064 1
18064 13961 1
13961 3343 1
3343 10430 1
10430 17172 1
17172 20493 1
20493 11260 1
11260 17172 1
17172 3968 1
3968 13961 1
13961 18703 1
13961 5063 1
5063 16709 1
16709 15387 1
15387 13818 1
13818 5705 1
5705 17537 1
5705 11373 1
11373 14102 1
14102 19158 1
19158 13215 1
13215 8992 1
8992 2116 1
2116 5443 1
5443 13938 1
13938 19370 1
19370 3266 1
3266 17352 1
3266 15638 1
15638 11815 1
11815 19370 1
19370 10673 1
10673 14834 1
14834 19370 1
19370 3259 1
3259 2205 1
2205 7716 1
7716 17348 1
17348 4483 1
4483 8425 1
8425 18315 1
18315 6681 1
6681 8143 1
8143 11104 1
11104 18315 1
18315 8143 1
8425 9977 1
9977 12410 1
9977 13505 1
13505 12945 1
12945 1921 1
1921 5791 1
5791 12945 1
1921 13505 1
13505 13763 1
13505 20562 1
20562 5791 1
5791 1831 1
5791 7140 1
5791 11943 1
11943 6480 1
11943 9675 1
11943 2579 1
11943 13975 1
13975 14266 1
14266 11943 1
11943 16257 1
16257 1477 1
1477 11943 1
11943 18009 1
18009 17948 1
9675 14266 1
14266 7560 1
7560 2186 1
2186 9069 1
9069 14266 1
14266 16257 1
14266 11608 1
14266 12076 1
12076 9069 1
14266 2579 1
11943 17994 1
17994 11325 1
11325 6463 1
6463 16180 1
6463 20522 1
20522 9430 1
9430 19425 1
10064 14190 1
14190 16316 1
16316 20714 1
20714 12502 1
12502 12128 1
12502 9541 1
9541 14177 1
14177 4137 1
4137 9002 1
9002 13586 1
10700 13872 1
13872 1644 1
13872 6426 1
6426 12370 1
12370 15659 1
15659 16691 1
15659 9159 1
9159 3359 1
3359 7035 1
7035 12373 1
7035 17378 1
17378 3359 1
3359 2319 1
3359 9566 1
9566 9628 1
9628 3359 1
3359 15947 1
3359 15659 1
9159 2319 1
2319 8660 1
8660 851 1
851 10185 1
10185 5504 1
5504 8660 1
8660 13881 1
13881 16437 1
16437 8192 1
8192 16045 1
16045 14591 1
14591 12759 1
12759 17375 1
17375 3986 1
3986 3206 1
3206 11617 1
11617 21197 1
21197 12721 1
12721 20266 1
20266 16613 1
16613 14202 1
14202 7153 1
7153 12721 1
21197 9309 1
21197 382 1
382 4166 1
4166 8880 1
8880 21197 1
21197 11679 1
11679 16516 1
16516 19045 1
19045 4648 1
4648 20938 1
20938 8021 1
8021 16516 1
16516 3258 1
3258 19070 1
19070 19045 1
4648 19806 1
19806 1098 1
1098 11444 1
11444 18892 1
18892 17030 1
17030 11635 1
11635 20082 1
20082 1992 1
1992 11616 1
11616 20082 1
20082 3046 1
3046 18856 1
18856 17182 1
17182 14193 1
14193 4992 1
4992 17359 1
17359 9401 1
9401 14430 1
14430 8896 1
8896 18983 1
18983 277 1
277 17499 1
17499 14977 1
14977 5315 1
5315 17903 1
17903 14977 1
14977 5958 1
5958 18862 1
18862 11964 1
11964 11841 1
11841 21273 1
21273 12214 1
12214 8896 1
8896 6591 1
6591 21273 1
21273 8896 1
8896 12512 1
12512 10601 1
10601 20658 1
20658 5412 1
5412 13173 1
13173 3297 1
3297 17975 1
17975 5590 1
5590 4997 1
4997 8093 1
8093 19468 1
19468 8799 1
8799 10144 1
8799 13071 1
13071 12546 1
12546 16607 1
16607 5895 1
16607 12572 1
12572 20853 1
20853 5763 1
5763 12572 1
16607 162 1
162 18876 1
18876 12495 1
12495 11863 1
11863 8080 1
8080 15102 1
15102 16144 1
16144 18896 1
18896 16906 1
16906 16144 1
16144 10711 1
10711 5082 1
5082 3496 1
3496 17402 1
17402 12163 1
12163 10148 1
10148 10711 1
10711 16088 1
16088 12163 1
12163 1876 1
1876 4990 1
4990 658 1
658 12841 1
12841 11180 1
11180 11635 1
11635 5758 1
5758 3039 1
3039 434 1
434 5758 1
5758 1396 1
1396 6082 1
6082 10686 1
10686 7994 1
7994 12926 1
12926 9593 1
9593 18614 1
18614 19075 1
19075 8923 1
8923 20316 1
20316 12797 1
12797 3993 1
3993 7149 1
7149 7930 1
7149 13877 1
13877 3312 1
3312 20455 1
20455 14611 1
14611 15744 1
15744 14350 1
15744 13808 1
13808 13077 1
13077 14350 1
14350 13808 1
14611 9147 1
9147 9360 1
9360 10026 1
10026 5499 1
10026 9844 1
9844 5499 1
10026 3028 1
3028 9358 1
9358 8746 1
8746 8598 1
8598 5591 1
5591 8746 1
8746 13966 1
13966 3996 1
3996 17837 1
3996 9965 1
9965 13966 1
13966 13529 1
13529 2587 1
2587 13966 1
8746 16991 1
16991 2176 1
2176 8746 1
8746 17002 1
17002 13966 1
13966 10751 1
10751 13201 1
13201 2223 1
2223 21000 1
21000 14627 1
14627 1866 1
1866 21107 1
21107 2892 1
2892 15102 1
15102 6371 1
6371 5580 1
6371 4620 1
4620 5758 1
11635 20991 1
20991 18912 1
18912 13946 1
13946 8251 1
8251 14634 1
14634 17689 1
17689 13477 1
13477 20431 1
20431 10158 1
10158 1387 1
1387 6025 1
6025 4055 1
4055 17987 1
17987 20157 1
20157 4055 1
4055 5536 1
5536 12003 1
12003 19840 1
19840 1743 1
1743 1767 1
1767 4055 1
1767 12003 1
1767 19840 1
1743 12003 1
19840 6091 1
6091 8447 1
8447 16961 1
16961 7841 1
7841 10514 1
10514 8447 1
8447 12171 1
12171 5988 1
5988 1580 1
1580 18630 1
5439 14273 1
14273 19725 1
19725 18630 1
18630 21057 1
21057 19321 1
19321 3528 1
3528 13736 1
21181 13091 1
13091 15370 1
15370 10631 1
10631 7673 1
7673 15979 1
15979 7244 1
291 15979 1
15979 20304 1
20304 9234 1
9234 14498 1
14498 1013 1
1013 9234 1
9234 7568 1
7568 13079 1
9234 908 1
908 9388 1
9388 5574 1
5574 5735 1
5735 5790 1
5735 10151 1
10151 21166 1
21166 5770 1
5770 13318 1
13318 20012 1
20012 21166 1
21166 18260 1
18260 12049 1
12049 5770 1
5770 15815 1
15815 13318 1
5770 11782 1
11782 17348 1
17348 13540 1
13540 11175 1
11175 19449 1
19449 4939 1
4939 17005 1
17005 11175 1
11175 3668 1
3668 11958 1
3668 8568 1
8568 3841 1
3841 15476 1
3841 14285 1
14285 3779 1
3779 9500 1
9500 7705 1
7705 7834 1
7834 18102 1
18102 21208 1
21208 2808 1
2808 18019 1
18019 21208 1
21208 1896 1
1896 98 1
98 10558 1
1896 6262 1
6262 2116 1
2116 13215 1
13215 2680 1
2680 12438 1
12438 13982 1
13982 11962 1
11962 12438 1
12438 17980 1
2680 8992 1
13215 10597 1
10597 9015 1
9015 5770 1
5770 2505 1
2505 9015 1
9015 1325 1
1325 17260 1
17260 9029 1
9029 1325 1
1325 4066 1
4066 12160 1
12160 17621 1
17621 2991 1
2991 1491 1
1491 16029 1
16029 7244 1
7244 4066 1
4066 12123 1
12123 5901 1
5901 13502 1
13502 12123 1
12123 10271 1
10271 8245 1
8245 12591 1
12591 18488 1
18488 7696 1
7696 190 1
190 9014 1
9014 7696 1
7696 62 1
7696 14751 1
14751 9014 1
9014 7858 1
7858 4502 1
7858 6558 1
6558 12718 1
12718 2410 1
2410 4175 1
4175 4502 1
7858 7696 1
7696 18506 1
18506 860 1
860 13835 1
860 10816 1
10816 7291 1
10816 10183 1
10816 124 1
860 8806 1
8806 11171 1
860 6738 1
6738 21088 1
21088 15820 1
15820 14547 1
14547 13936 1
13936 8624 1
8624 17047 1
17047 10719 1
17047 13936 1
14547 1703 1
1703 2567 1
2567 2824 1
2824 6738 1
6738 19378 1
19378 15 1
19378 16516 1
16516 6527 1
6527 8884 1
8884 7341 1
7341 16516 1
16516 13721 1
13721 3258 1
3258 19220 1
19220 8021 1
4648 19070 1
19070 9482 1
9482 67 1
67 19814 1
19814 1105 1
4685 13888 1
13888 17661 1
13888 3592 1
3592 17042 1
17042 13392 1
3592 14919 1
14919 7765 1
7765 9912 1
9912 2624 1
2624 13948 1
13948 7765 1
7765 2922 1
2922 3172 1
3172 6144 1
6144 20318 1
20318 776 1
776 6144 1
6144 18799 1
16064 14172 1
14172 16493 1
16493 12881 1
12881 11814 1
4268 1710 1
12881 3666 1
3666 10935 1
10935 17547 1
17547 2466 1
2466 16469 1
16469 5163 1
16469 15802 1
15802 15560 1
15560 8873 1
8873 14134 1
14134 9601 1
9601 19255 1
19255 2572 1
2572 12501 1
12501 9601 1
9601 9300 1
9300 3941 1
3941 14244 1
14244 4767 1
4767 817 1
817 20850 1
20850 10565 1
10565 951 1
10565 817 1
817 8860 1
817 2487 1
2487 8174 1
8174 13710 1
13710 158 1
158 552 1
552 18391 1
18391 15153 1
15153 17961 1
17961 16013 1
16013 15153 1
15153 16957 1
16957 13796 1
13796 1034 1
1034 416 1
416 13796 1
416 6372 1
6372 5990 1
5990 20223 1
20223 9829 1
9829 1724 1
1724 16222 1
16222 16978 1
16978 13638 1
13638 4423 1
4423 18730 1
18730 2059 1
2059 7543 1
7543 12264 1
12264 6727 1
6727 7609 1
7609 3611 1
3611 9762 1
9762 1574 1
1574 10957 1
10957 8219 1
8219 20414 1
20414 8853 1
8853 19427 1
19427 13964 1
13964 20184 1
20184 19427 1
19427 8596 1
8596 19949 1
19949 20151 1
20151 9316 1
9316 17303 1
17303 14811 1
14811 904 1
904 1999 1
1999 11523 1
11523 16042 1
16042 11548 1
11548 21106 1
11548 20968 1
11548 7718 1
7718 9131 1
9131 11804 1
11804 7758 1
7758 9131 1
9131 10087 1
9131 8963 1
8963 8611 1
8611 13953 1
13953 5267 1
5267 16077 1
16077 16675 1
16675 5267 1
5267 20744 1
20744 677 1
677 19977 1
19977 14400 1
14400 11982 1
11982 19977 1
19977 14488 1
14488 2287 1
2287 11438 1
11438 16242 1
16242 1345 1
1345 7195 1
7195 4669 1
4669 7324 1
4669 6757 1
4669 7260 1
7260 7195 1
7195 8590 1
8590 13642 1
13642 9070 1
13642 3014 1
3014 4044 1
4044 15715 1
15715 6594 1
6594 18633 1
18633 3014 1
13642 18633 1
18633 8590 1
8590 15979 1
15979 6927 1
6927 17897 1
17897 5526 1
5526 17772 1
17772 17285 1
17285 16651 1
16651 12167 1
12167 16799 1
16799 16651 1
16651 5526 1
17772 7524 1
7524 17285 1
17285 15021 1
15021 4731 1
4731 1147 1
1147 9954 1
9954 10843 1
10843 5778 1
5778 18630 1
14379 17027 1
17027 20388 1
20388 20136 1
20136 14565 1
14565 6343 1
14565 8443 1
8443 13781 1
13781 10595 1
10595 6331 1
6331 17591 1
17591 5984 1
5984 14244 1
14244 18064 1
18064 12309 1
12309 16921 1
16921 9036 1
16921 3820 1
3820 19603 1
3820 17552 1
17552 21039 1
21039 11111 1
11111 20828 1
20828 9454 1
9454 20474 1
9454 2046 1
2046 1899 1
9454 11111 1
11111 5984 1
5984 13125 1
13125 16963 1
16963 3733 1
3733 13860 1
13860 1983 1
1983 999 1
999 3467 1
3467 16861 1
16861 13681 1
13681 7256 1
7256 15595 1
15595 3366 1
3366 7256 1
7256 19948 1
19948 5287 1
5287 16701 1
16701 14121 1
14121 559 1
559 20325 1
20325 12472 1
20325 8788 1
8788 1528 1
8788 12608 1
12608 16844 1
16844 6826 1
6826 14785 1
14785 757 1
757 6826 1
6826 258 1
258 17056 1
17056 2074 1
2074 14416 1
14416 17056 1
17056 9617 1
17056 6826 1
14785 3116 1
3116 11945 1
10388 8162 1
8162 8727 1
8727 3180 1
3180 3950 1
3180 11452 1
3180 8094 1
8094 11495 1
11495 11225 1
11495 20299 1
8094 11225 1
11225 20642 1
20642 15150 1
15150 10414 1
10414 7524 1
7524 11787 1
7524 13788 1
13788 21266 1
21266 12062 1
13788 13041 1
13041 3829 1
3829 1031 1
1031 5637 1
5637 1724 1
1724 11277 1
11277 319 1
319 18261 1
18261 6017 1
6017 6584 1
6584 9829 1
9829 16001 1
9829 12050 1
12050 4814 1
4814 20738 1
20738 3247 1
3247 15952 1
15952 19176 1
19176 17897 1
17897 16651 1
16651 15396 1
15396 2765 1
2765 14933 1
14933 12277 1
12277 19475 1
12277 12251 1
12251 20210 1
12251 5216 1
5216 4855 1
4855 15244 1
15244 10498 1
10498 17939 1
17939 5216 1
5216 299 1
5216 21331 1
21331 8495 1
8495 9113 1
9113 17312 1
17312 16044 1
16044 7954 1
7954 11750 1
11750 9747 1
9747 5124 1
5124 17782 1
17782 4328 1
4328 21221 1
21221 15765 1
15765 14325 1
14325 7969 1
4268 18827 1
18827 1710 1
1710 7500 1
7500 3259 1
3259 13315 1
13315 7704 1
7704 4588 1
4588 13315 1
3259 9267 1
9267 11567 1
11567 14994 1
14994 20220 1
20220 9267 1
9267 14994 1
11567 12450 1
12450 7790 1
7790 9267 1
9267 15599 1
15599 2047 1
2047 6733 1
6733 17986 1
17986 14019 1
14019 10084 1
10084 14689 1
10084 17368 1
17368 9807 1
9807 17387 1
17387 1696 1
1696 10819 1
10819 7090 1
7090 8804 1
8804 14800 1
14800 14123 1
14123 7070 1
7070 312 1
312 2390 1
312 17622 1
312 15674 1
15674 12470 1
12470 17622 1
17622 4660 1
4660 2611 1
2611 1030 1
1030 18199 1
18199 17619 1
17619 3999 1
3999 17492 1
17492 17996 1
17996 553 1
553 16833 1
16833 10558 1
10558 9354 1
9354 17239 1
9354 9564 1
9564 21203 1
21203 6702 1
6702 18704 1
18704 11278 1
11278 1167 1
1167 18532 1
18532 16620 1
16620 13546 1
13546 6295 1
6295 8887 1
8887 1883 1
1883 19763 1
19763 321 1
321 5569 1
5569 18094 1
18094 3229 1
3229 5569 1
5569 19763 1
19763 2020 1
2020 4860 1
4860 17283 1
17283 2020 1
19763 4860 1
18094 4860 1
17283 19763 1
5569 8686 1
8686 321 1
8686 19763 1
19763 8723 1
8723 12523 1
12523 16317 1
12523 18356 1
18356 5289 1
5289 6449 1
6449 20037 1
20037 5688 1
5688 14143 1
14143 1365 1
1365 7826 1
7826 7860 1
7860 5703 1
5703 17494 1
17494 2854 1
2854 14193 1
14193 9020 1
14193 1111 1
1111 2854 1
1111 4975 1
4975 5300 1
5300 17501 1
17501 12149 1
17501 3016 1
3016 6085 1
6085 10895 1
10895 17501 1
12149 8219 1
8219 12823 1
12823 19401 1
19401 19140 1
19140 12898 1
12898 11590 1
12898 1704 1
1704 6073 1
6073 9062 1
9062 20329 1
20329 4631 1
4631 20427 1
20427 6529 1
6529 9591 1
9591 6128 1
6128 6685 1
6685 12673 1
12673 11256 1
11256 13217 1
11256 12051 1
11256 8414 1
8414 8772 1
8772 13423 1
13423 15838 1
15838 8009 1
8009 3815 1
3815 15838 1
8009 13423 1
13423 1160 1
1160 6300 1
6300 13577 1
13577 13423 1
8009 18641 1
8009 853 1
8009 6369 1
6369 853 1
853 18641 1
18641 6369 1
6369 13551 1
13551 3892 1
3892 1956 1
1956 14587 1
14587 20722 1
14587 4168 1
4168 1956 1
1956 685 1
685 15975 1
15975 7708 1
7708 14619 1
14619 9532 1
14619 17196 1
14619 5495 1
5495 17196 1
5495 9671 1
9671 7537 1
7537 13446 1
7537 11653 1
11653 1863 1
1863 20661 1
20661 13299 1
13299 16645 1
16645 9733 1
9733 11696 1
11696 15044 1
15044 5813 1
5813 16395 1
16395 12164 1
12164 18683 1
18683 16190 1
16190 6150 1
16190 20528 1
20528 277 1
277 7700 1
7700 14852 1
277 6150 1
6150 11894 1
6150 16462 1
16462 8941 1
8941 15617 1
15617 273 1
273 965 1
273 6150 1
15617 20466 1
20466 5104 1
5104 994 1
994 4159 1
4159 2902 1
4159 17670 1
17670 6147 1
6147 8960 1
8960 17670 1
17670 11648 1
11648 550 1
550 17670 1
17670 17334 1
17334 6147 1
6147 17028 1
17028 17670 1
550 15943 1
15943 12572 1
12572 12546 1
12546 14139 1
14139 13071 1
13071 14904 1
14904 8088 1
8088 20729 1
20729 13091 1
13091 957 1
957 7397 1
957 17110 1
17110 14292 1
17110 21203 1
17110 6832 1
6832 11942 1
6832 18869 1
18869 15421 1
15421 15991 1
15991 8354 1
8354 15911 1
15911 10692 1
10692 20882 1
10692 11984 1
11984 13366 1
13366 13708 1
13708 18245 1
13708 10759 1
10759 16764 1
16764 11376 1
11376 12255 1
12255 16764 1
11376 10759 1
10759 651 1
10759 9398 1
9398 14543 1
14543 10286 1
10286 17274 1
17274 9418 1
9418 10362 1
10362 4032 1
4032 9061 1
9061 19269 1
19269 13233 1
13233 16389 1
16389 13353 1
13353 20895 1
20895 511 1
511 13353 1
13353 20349 1
20349 19480 1
19480 8418 1
8418 21221 1
21221 1787 1
1787 18244 1
18244 9581 1
14744 5025 1
5025 9581 1
9581 927 1
927 12923 1
927 10878 1
10878 3247 1
3247 21221 1
21221 6144 1
6144 16088 1
16088 11303 1
11303 18653 1
18653 10175 1
18653 8808 1
18653 17211 1
17211 16452 1
17211 2443 1
2443 11270 1
11270 7264 1
7264 14217 1
14217 7467 1
7467 13362 1
13362 9862 1
9862 17105 1
17105 13912 1
