13975 14266 1
13975 5474 1
13975 11943 1
14266 3972 1
14266 13975 1
14266 1477 1
14266 2579 1
14266 5474 1
5474 13975 1
5474 18009 1
5474 11890 1
5474 13700 1
5474 14266 1
11943 5474 1
11943 5791 1
11943 1477 1
11943 2579 1
11943 6480 1
11890 11943 1
11890 18009 1
11890 5474 1
11890 9675 1
11890 14266 1
18009 5474 1
18009 18050 1
18009 3545 1
18009 4859 1
18009 10539 1
1477 11943 1
1477 16257 1
1477 14266 1
6480 11943 1
6480 14825 1
6480 8468 1
3972 11981 1
3972 9069 1
3972 2186 1
3972 7560 1
3972 12076 1
5791 20562 1
5791 14598 1
5791 1921 1
5791 5616 1
5791 13505 1
13700 5474 1
13700 6479 1
13700 3122 1
13700 3617 1
13700 6853 1
2579 11943 1
2579 14266 1
2579 18479 1
1921 11394 1
1921 6062 1
1921 1875 1
1921 13505 1
1921 4209 1
13505 6782 1
13505 8425 1
13505 4209 1
13505 5791 1
13505 9977 1
3545 15862 1
3545 18009 1
3545 13482 1
3545 11098 1
3122 13700 1
14825 8468 1
14825 6480 1
4859 5298 1
4859 6683 1
4859 17277 1
4859 3633 1
4859 19818 1
8468 6480 1
8468 7053 1
8468 962 1
8468 2684 1
8468 7394 1
18479 20867 1
18479 2579 1
18050 8447 1
18050 9121 1
18050 5118 1
18050 8008 1
18050 9340 1
16257 14266 1
16257 1477 1
16257 11943 1
10539 21070 1
10539 20616 1
10539 18009 1
6853 16265 1
6853 20692 1
6853 19010 1
6853 13700 1
6853 14234 1
5616 6305 1
5616 9026 1
5616 988 1
5616 1831 1
5616 14598 1
20562 13505 1
20562 4209 1
20562 5791 1
20562 10171 1
11981 7560 1
11981 7910 1
11981 3972 1
11981 4362 1
11981 10493 1
3617 6715 1
3617 16284 1
3617 13700 1
3617 18456 1
3617 7101 1
9069 7560 1
9069 12076 1
9069 3972 1
9069 4362 1
9069 14266 1
2186 9069 1
2186 7560 1
2186 4362 1
2186 3972 1
12076 2545 1
12076 14392 1
12076 1650 1
12076 2006 1
12076 4447 1
14598 15901 1
14598 11589 1
14598 1831 1
14598 2347 1
14598 20278 1
6479 5474 1
6479 5778 1
6479 980 1
6479 3879 1
6479 13700 1
7560 4362 1
7560 5845 1
7560 2186 1
7560 3972 1
7560 11981 1
9675 11943 1
9675 11890 1
9675 14266 1
1831 5791 1
1831 5616 1
1831 14598 1
16284 6199 1
16284 8971 1
16284 4803 1
16284 6092 1
16284 9490 1
988 6899 1
988 17430 1
988 5616 1
988 10770 1
988 4086 1
9026 5616 1
9026 12379 1
9026 988 1
9026 2481 1
9026 6899 1
20278 17547 1
20278 8483 1
20278 590 1
20278 641 1
20278 2466 1
6305 10536 1
6305 9434 1
6305 554 1
6305 713 1
6305 14651 1
20616 9141 1
20616 10539 1
20616 7078 1
20616 7614 1
20616 13094 1
8008 18050 1
8008 10870 1
8008 5118 1
8008 21137 1
8008 13212 1
7394 8468 1
6715 18456 1
6715 3617 1
5845 12919 1
5845 4362 1
5845 7560 1
5845 14266 1
980 20095 1
980 3879 1
980 15362 1
980 10633 1
980 5778 1
14234 19010 1
14234 16265 1
14234 6853 1
14234 13700 1
14234 700 1
5778 20064 1
5778 3529 1
5778 10843 1
5778 10474 1
5778 5918 1
2347 8673 1
2347 20183 1
2347 11589 1
2347 14598 1
2347 12780 1
11589 5203 1
11589 19125 1
11589 2881 1
11589 4304 1
11589 14598 1
15901 6028 1
15901 10558 1
15901 5203 1
15901 5303 1
15901 14302 1
4447 17191 1
4447 2006 1
4447 5912 1
4447 12076 1
1650 12076 1
1650 5912 1
2684 17844 1
2684 962 1
2684 8468 1
2684 9930 1
14392 14266 1
14392 12076 1
7101 2481 1
7101 12282 1
7101 1132 1
7101 1352 1
7101 3617 1
18456 6715 1
18456 3617 1
10493 12779 1
10493 15256 1
10493 1032 1
10493 3441 1
10493 13436 1
20692 6853 1
20692 786 1
4362 11981 1
4362 5845 1
4362 2186 1
4362 3972 1
4362 12919 1
7910 10493 1
7910 18213 1
7910 11981 1
3633 4859 1
3633 18071 1
3633 7636 1
3633 811 1
3633 8941 1
21070 15081 1
21070 10410 1
21070 994 1
21070 2162 1
21070 18009 1
5298 7122 1
5298 4859 1
8447 15101 1
8447 9372 1
8447 4411 1
8447 4599 1
8447 6091 1
9340 8447 1
9340 18050 1
9340 5118 1
9340 8008 1
9340 10870 1
11394 14665 1
11394 16534 1
11394 661 1
11394 1921 1
11394 4102 1
6683 5487 1
6683 5885 1
6683 3538 1
6683 4859 1
6683 6291 1
11098 18009 1
11098 13482 1
11098 3545 1
11098 15862 1
11098 13821 1
1875 14860 1
1875 6062 1
1875 13467 1
1875 20833 1
1875 4209 1
5118 4604 1
5118 9655 1
5118 3345 1
5118 3486 1
5118 12924 1
17277 19686 1
17277 4859 1
17277 5176 1
17277 20881 1
6062 8727 1
6062 20355 1
6062 1921 1
6062 4209 1
6062 1875 1
20867 18479 1
13482 13821 1
13482 15862 1
13482 11098 1
13482 18009 1
13482 3545 1
3879 10633 1
3879 11371 1
3879 15608 1
3879 1147 1
3879 8006 1
4209 6062 1
4209 8727 1
4209 801 1
4209 822 1
4209 10038 1
8425 6331 1
8425 12410 1
8425 2569 1
8425 4483 1
8425 8082 1
10171 13505 1
10171 4209 1
10171 20562 1
9977 13505 1
9977 8425 1
9977 12410 1
7053 8468 1
7053 962 1
9121 17779 1
9121 20966 1
9121 6944 1
9121 18050 1
9121 18009 1
2006 4447 1
2006 5912 1
2006 12076 1
16265 8864 1
16265 9316 1
16265 700 1
16265 6853 1
16265 13340 1
19818 12974 1
19818 4859 1
19818 11884 1
2545 12171 1
2545 12311 1
2545 2256 1
2545 20898 1
2545 11205 1
15862 13482 1
15862 13821 1
15862 3545 1
15862 11098 1
15862 18009 1
6782 13505 1
6782 4406 1
6782 4859 1
6782 9777 1
962 12992 1
962 2684 1
962 345 1
962 11348 1
962 8468 1
19010 14234 1
19010 16265 1
19010 6853 1
19010 13700 1
19010 700 1
811 7282 1
811 19801 1
811 15617 1
811 16190 1
811 17703 1
7636 3633 1
7636 3969 1
7636 2819 1
7636 2961 1
7636 7493 1
786 5684 1
786 6149 1
786 4258 1
786 15795 1
786 1336 1
15256 10493 1
15256 11405 1
15256 4462 1
15256 8471 1
15256 11730 1
12779 9886 1
12779 13436 1
12779 4249 1
12779 5829 1
12779 11361 1
21137 18050 1
21137 8008 1
17844 9930 1
17844 962 1
17844 2684 1
17844 8468 1
6899 20948 1
6899 17430 1
6899 19232 1
6899 9026 1
6899 9535 1
5912 2006 1
5912 2545 1
5912 1455 1
5912 1650 1
5912 3214 1
17191 4447 1
17191 6338 1
17191 3116 1
17191 3981 1
17191 8380 1
14302 6028 1
14302 10558 1
14302 5203 1
14302 5303 1
14302 14598 1
1132 15804 1
1132 5164 1
1132 11712 1
1132 17410 1
1132 3658 1
9490 13852 1
9490 4803 1
9490 16284 1
20833 21303 1
20833 1875 1
20833 14270 1
5303 14598 1
5303 6028 1
5303 5203 1
5303 10558 1
5303 15901 1
6028 10558 1
6028 14598 1
6028 5203 1
6028 5303 1
6028 15901 1
3441 17670 1
3441 20303 1
3441 16932 1
3441 14991 1
3441 3153 1
1032 12462 1
1032 15091 1
1032 13140 1
1032 10493 1
1032 19851 1
5203 20278 1
5203 19232 1
5203 641 1
5203 1250 1
5203 2773 1
12780 20145 1
12780 2347 1
12780 8673 1
12780 12398 1
641 11438 1
641 740 1
641 136 1
641 535 1
641 4304 1
8673 12398 1
8673 2347 1
8673 20145 1
8673 12780 1
713 14633 1
713 15415 1
713 2222 1
713 12802 1
713 13816 1
5918 19487 1
5918 6276 1
5918 18526 1
5918 1654 1
5918 8164 1
10843 6477 1
10843 4394 1
10843 12799 1
10843 730 1
10843 11731 1
3529 11371 1
3529 3879 1
3529 1734 1
3529 5778 1
3529 18284 1
345 15554 1
345 10809 1
345 10592 1
345 4512 1
345 5796 1
10558 18806 1
10558 4704 1
10558 16833 1
10558 18279 1
10558 9010 1
20064 9500 1
20064 5856 1
20064 19370 1
20064 464 1
20064 16029 1
700 6853 1
700 8262 1
700 19010 1
700 13700 1
700 18407 1
13436 10493 1
13436 11194 1
13436 5829 1
13436 7590 1
13436 12779 1
9655 8313 1
9655 5437 1
9655 16357 1
9655 1353 1
9655 12480 1
3486 4604 1
3486 5118 1
3486 13193 1
3486 13212 1
3486 19656 1
11205 5419 1
11205 17733 1
11205 2545 1
11205 5222 1
11205 7597 1
20898 15949 1
20898 17252 1
20898 12014 1
20898 12311 1
20898 20561 1
12171 17591 1
12171 4208 1
12171 18155 1
12171 19369 1
12171 10700 1
3538 17651 1
3538 6291 1
3538 6963 1
3538 10916 1
3538 6683 1
4411 7841 1
4411 16961 1
4411 8447 1
4411 9372 1
8864 14130 1
8864 16265 1
6944 11076 1
6944 13157 1
6944 9121 1
6944 14555 1
6944 20966 1
17779 4118 1
17779 14555 1
17779 2118 1
17779 3936 1
17779 8313 1
2256 19263 1
2256 2545 1
2256 17898 1
2256 20561 1
9434 20783 1
9434 19736 1
9434 2998 1
9434 3698 1
9434 6305 1
2569 8425 1
2569 18315 1
2569 8082 1
2569 9828 1
2569 12642 1
10038 20355 1
10038 12236 1
10038 4209 1
10038 11394 1
10038 1381 1
13821 15862 1
13821 11098 1
13821 13482 1
13821 18009 1
8971 12045 1
8971 6092 1
8971 11305 1
8971 1669 1
8971 9190 1
12410 9977 1
12410 8425 1
1352 4180 1
1352 14165 1
1352 19425 1
1352 3107 1
1352 9430 1
822 7670 1
822 4209 1
822 13029 1
9777 4406 1
9777 4859 1
9777 3025 1
9777 3625 1
9777 5374 1
6091 14008 1
6091 17706 1
6091 19840 1
6091 16676 1
6091 8447 1
801 10629 1
801 18824 1
801 4209 1
801 9960 1
11348 10024 1
11348 7430 1
11348 18902 1
11348 962 1
11348 18426 1
13094 17860 1
13094 20616 1
8006 3204 1
8006 18284 1
8006 1319 1
8006 1383 1
8006 4060 1
1147 14000 1
1147 20064 1
1147 18052 1
1147 1797 1
1147 1147 1
7122 3457 1
7122 4859 1
7122 3278 1
7122 3441 1
7122 5298 1
4406 6782 1
4406 9777 1
4406 4859 1
11371 9500 1
11371 10935 1
11371 3529 1
11371 3879 1
11371 18284 1
12992 962 1
20355 6062 1
20355 6929 1
20355 2231 1
20355 4209 1
20355 7509 1
8727 6062 1
8727 8162 1
8727 4209 1
8727 5433 1
8727 10830 1
7078 5176 1
7078 6962 1
7078 3045 1
7078 4639 1
7078 10468 1
5176 4639 1
5176 18975 1
5176 2368 1
5176 3045 1
5176 8320 1
19686 17277 1
19686 18975 1
19686 4859 1
19686 5176 1
19686 20881 1
13467 14270 1
13467 1875 1
13467 2844 1
14860 1875 1
9316 19949 1
9316 4185 1
9316 19564 1
9316 700 1
9316 16838 1
6331 19970 1
6331 15676 1
6331 5984 1
6331 13136 1
6331 20737 1
5885 5487 1
5885 6683 1
5885 3538 1
5885 4859 1
5885 6963 1
5487 11907 1
5487 15368 1
5487 4859 1
5487 6683 1
5487 11884 1
661 4102 1
661 14665 1
661 11394 1
661 17505 1
661 17 1
16534 12241 1
16534 15197 1
16534 6729 1
16534 11394 1
16534 18593 1
14665 8691 1
14665 8989 1
14665 7675 1
14665 8131 1
14665 10665 1
12919 5845 1
12919 6806 1
12919 2881 1
12919 4362 1
12919 7560 1
4599 16626 1
4599 13666 1
4599 2285 1
4599 2354 1
4599 6140 1
9372 20750 1
9372 20064 1
9372 16884 1
9372 2913 1
9372 9886 1
12379 9026 1
12379 18159 1
12379 4571 1
12379 8076 1
12379 240 1
11884 5487 1
11884 20881 1
11884 2504 1
11884 4859 1
11884 12504 1
12282 13076 1
12282 7101 1
15101 6039 1
15101 8447 1
15101 3553 1
15101 4599 1
15101 12466 1
2162 18054 1
2162 12711 1
2162 2892 1
2162 21070 1
2162 18009 1
12311 19377 1
12311 20898 1
12311 3274 1
12311 12014 1
12311 17252 1
994 11885 1
994 5142 1
994 19260 1
994 5111 1
994 5944 1
10410 21070 1
10410 1172 1
10410 9462 1
10410 21107 1
20881 15368 1
20881 8320 1
20881 20794 1
20881 3990 1
20881 19012 1
8941 8731 1
8941 5635 1
8941 11234 1
8941 277 1
8941 16840 1
20183 20145 1
20183 2347 1
20183 11191 1
20183 12398 1
7614 17860 1
7614 20616 1
7614 13109 1
7614 2794 1
7614 15463 1
20966 6944 1
20966 8179 1
20966 4118 1
20966 5249 1
20966 9121 1
10633 2157 1
10633 9500 1
10633 980 1
10633 1431 1
10633 3572 1
15608 1991 1
15608 3879 1
15608 1147 1
15608 1219 1
15608 6109 1
6199 12854 1
6199 15150 1
6199 20642 1
6199 16284 1
6199 21105 1
10536 6305 1
10536 6332 1
10536 4599 1
10536 5543 1
10536 8970 1
12924 9655 1
12924 9990 1
12924 5118 1
12924 5238 1
12924 13212 1
9141 2904 1
9141 18758 1
9141 1470 1
9141 2245 1
9141 4093 1
590 20278 1
590 12033 1
590 20453 1
4102 11394 1
4102 8131 1
4102 661 1
4102 17505 1
4102 5959 1
8082 8425 1
8082 2569 1
8082 12642 1
8082 9828 1
6291 5487 1
6291 5885 1
6291 3538 1
6291 4859 1
6291 10916 1
6092 16284 1
6092 8971 1
15081 15029 1
15081 15312 1
15081 11247 1
15081 12011 1
15081 21159 1
554 8520 1
554 6305 1
554 12120 1
554 7552 1
554 740 1
4086 16923 1
4086 6413 1
4086 4086 1
4086 975 1
4086 21208 1
2481 19364 1
2481 3779 1
2481 9026 1
2481 10819 1
2481 16011 1
4803 16284 1
4803 6688 1
4803 13852 1
4803 9490 1
4604 4349 1
4604 5830 1
4604 2334 1
4604 3486 1
4604 9351 1
12974 6538 1
12974 19818 1
12974 4859 1
12974 6236 1
12974 11884 1
15362 10586 1
15362 13584 1
15362 1587 1
15362 6125 1
15362 16261 1
9930 17844 1
9930 962 1
9930 2684 1
9930 8468 1
8483 2466 1
8483 20278 1
8483 1705 1
8483 2191 1
8483 3569 1
4304 5103 1
4304 3987 1
4304 12398 1
4304 136 1
4304 5303 1
17430 4304 1
17430 19017 1
17430 988 1
17430 3024 1
17430 5209 1
18213 11981 1
18213 7910 1
18213 10493 1
17547 16469 1
17547 11022 1
17547 1788 1
17547 2191 1
17547 18457 1
14651 18526 1
14651 10373 1
14651 2552 1
14651 2998 1
14651 15929 1
10870 17779 1
10870 17991 1
10870 3345 1
10870 4118 1
10870 7280 1
2881 5537 1
2881 20438 1
2881 770 1
2881 2347 1
2881 14598 1
10770 2024 1
10770 2982 1
10770 988 1
10770 1220 1
10770 3081 1
20095 16425 1
20095 17182 1
20095 1587 1
20095 6125 1
20095 980 1
19125 4304 1
19125 5203 1
19125 2347 1
19125 2881 1
19125 11589 1
2466 12995 1
2466 16469 1
2466 2191 1
2466 9313 1
2466 7878 1
13212 21268 1
13212 3486 1
13212 19858 1
13212 17621 1
13212 9274 1
3345 8008 1
3345 13212 1
3345 10870 1
3345 17991 1
3345 9340 1
18071 16829 1
18071 10221 1
18071 811 1
18071 1393 1
18071 20794 1
13340 17843 1
13340 39 1
13340 16265 1
13340 14130 1
4483 3572 1
4483 15998 1
4483 2202 1
4483 2960 1
4483 7459 1
10474 18614 1
10474 10831 1
10474 2266 1
10474 3217 1
10474 5230 1
3569 16469 1
3569 20278 1
3569 2466 1
3569 12995 1
3569 5336 1
277 11234 1
277 20466 1
277 7968 1
277 15617 1
277 13572 1
16261 15362 1
16261 165 1
16261 13584 1
6125 3334 1
6125 20744 1
6125 994 1
6125 1587 1
6125 16425 1
13584 12585 1
13584 19904 1
13584 7767 1
13584 8575 1
13584 15362 1
6538 12974 1
6538 15976 1
6538 16915 1
6538 19708 1
2334 11407 1
2334 4604 1
2334 6165 1
2334 5830 1
2334 4349 1
21208 1896 1
21208 15723 1
21208 997 1
21208 1077 1
21208 3382 1
7552 740 1
7552 8520 1
7552 200 1
7552 554 1
7552 2137 1
12011 2003 1
12011 14758 1
12011 515 1
12011 1868 1
12011 3331 1
15312 7193 1
15312 8149 1
15312 2800 1
15312 3168 1
15312 11206 1
5959 4405 1
5959 7360 1
5959 2711 1
5959 4102 1
5959 8912 1
12033 6927 1
12033 9097 1
12033 2522 1
12033 4555 1
12033 10515 1
2157 9445 1
2157 12570 1
2157 19389 1
2157 1950 1
2157 17459 1
20453 4386 1
20453 7269 1
20453 590 1
20453 2672 1
20453 12033 1
4093 9141 1
4093 4602 1
9990 10512 1
9990 9655 1
9990 807 1
9990 859 1
9990 10089 1
8970 6305 1
8970 11587 1
8970 911 1
8970 5758 1
8970 10536 1
740 2106 1
740 16806 1
740 10075 1
740 554 1
740 18418 1
21105 3617 1
21105 6199 1
21105 3187 1
21105 3288 1
21105 9219 1
6109 16848 1
6109 10176 1
6109 19337 1
6109 1219 1
6109 8442 1
11247 8149 1
11247 10115 1
11247 2800 1
11247 7193 1
11247 15312 1
1431 2157 1
1431 8005 1
1431 7459 1
1431 3572 1
1431 10633 1
8179 19843 1
8179 20966 1
8179 5249 1
8179 9280 1
8179 18889 1
5238 6883 1
5238 9990 1
5238 1768 1
5238 5118 1
5238 9655 1
15463 15368 1
15463 10478 1
15463 18939 1
15463 3050 1
15463 21353 1
8520 2106 1
8520 2137 1
8520 554 1
8520 740 1
8520 7552 1
2794 4725 1
2794 7078 1
2794 3120 1
2794 8050 1
2794 6986 1
16840 21012 1
16840 6150 1
16840 8941 1
16840 11894 1
11234 3633 1
11234 17499 1
11234 947 1
11234 1929 1
11234 7636 1
1353 9655 1
1353 2118 1
1353 10299 1
1353 17779 1
1353 12855 1
535 7284 1
535 4892 1
535 12683 1
535 3071 1
535 6992 1
8731 3852 1
8731 4647 1
8731 965 1
8731 2913 1
8731 6150 1
20794 10221 1
20794 12043 1
20794 8000 1
20794 8289 1
20794 16829 1
21107 9473 1
21107 6610 1
21107 15064 1
21107 699 1
21107 17860 1
19260 16190 1
19260 11296 1
19260 994 1
19260 1173 1
19260 21313 1
11194 13436 1
11194 5829 1
2892 5958 1
2892 3548 1
2892 3771 1
2892 1481 1
2892 19696 1
12711 15049 1
12711 14872 1
12711 3816 1
12711 6124 1
12711 6866 1
3658 11818 1
3658 7258 1
3658 1132 1
3658 1432 1
3658 16618 1
18054 19696 1
18054 11964 1
18054 911 1
18054 987 1
18054 4324 1
3553 16871 1
3553 18632 1
3553 1740 1
3553 2323 1
3553 16626 1
12014 17252 1
12014 20742 1
12014 2981 1
12014 20898 1
12014 20561 1
5142 12535 1
5142 10076 1
5142 994 1
5142 1850 1
5142 3803 1
12504 16653 1
12504 19208 1
12504 2504 1
12504 11884 1
12504 1937 1
15029 15312 1
15029 15081 1
15029 11247 1
15029 12011 1
15029 19756 1
8076 17933 1
8076 7675 1
8076 17885 1
8076 3030 1
8076 17348 1
4571 15123 1
4571 9300 1
4571 2982 1
4571 16626 1
4571 16871 1
2504 6246 1
2504 19208 1
2504 1937 1
2504 7206 1
2504 11004 1
2913 19931 1
2913 8963 1
2913 6727 1
2913 2926 1
2913 16690 1
16884 9372 1
16884 13399 1
16884 6952 1
16884 8873 1
16884 14896 1
6140 15871 1
6140 6243 1
6140 1435 1
6140 2621 1
6140 3830 1
10665 14665 1
10665 8131 1
6039 19486 1
6039 6545 1
6039 14008 1
6039 3553 1
6039 16626 1
7675 8076 1
7675 3382 1
7675 12171 1
7675 8245 1
7675 9778 1
8989 3242 1
8989 14665 1
8989 671 1
8989 994 1
8989 5015 1
18593 11394 1
18593 12241 1
18593 5362 1
18593 6729 1
18593 15197 1
12241 10738 1
12241 5556 1
12241 17913 1
12241 624 1
12241 17592 1
11907 8012 1
11907 9512 1
11907 4790 1
11907 5487 1
11907 17707 1
16626 3175 1
16626 10100 1
16626 1740 1
16626 2886 1
16626 4571 1
20737 13234 1
20737 14779 1
20737 8443 1
20737 12154 1
20737 6331 1
13136 9565 1
13136 6331 1
5984 17688 1
5984 15230 1
5984 13125 1
5984 561 1
5984 12382 1
15676 2591 1
15676 19788 1
15676 1549 1
15676 1915 1
15676 3273 1
39 13340 1
39 16265 1
39 14130 1
39 17843 1
19970 10595 1
19970 6331 1
4185 9316 1
4185 14480 1
4185 14641 1
4185 5347 1
4185 14215 1
19949 9316 1
19949 10234 1
19949 7936 1
19949 8596 1
19949 20151 1
2368 19686 1
2368 5176 1
2368 10739 1
2368 16916 1
2368 14666 1
1470 10344 1
1470 13198 1
1470 4839 1
1470 10494 1
1470 18876 1
10468 7556 1
10468 10065 1
10468 7078 1
10468 7293 1
10468 14608 1
8320 12144 1
8320 15951 1
8320 2516 1
8320 2984 1
8320 5119 1
4639 13244 1
4639 12144 1
4639 1240 1
4639 1638 1
4639 7557 1
3045 17522 1
3045 4000 1
3045 975 1
3045 1173 1
3045 9790 1
2222 9445 1
2222 7351 1
2222 7158 1
2222 1470 1
2222 15325 1
8162 8727 1
8162 3116 1
8162 11945 1
8162 10388 1
2231 3045 1
2231 11007 1
2231 11394 1
2231 20355 1
2231 17867 1
6929 8912 1
6929 20355 1
6929 4831 1
6929 5959 1
6929 8131 1
10221 8289 1
10221 9286 1
10221 7706 1
10221 8000 1
10221 19235 1
2844 14270 1
2844 5718 1
2844 10706 1
2844 13467 1
2844 1875 1
3278 3457 1
3278 7122 1
3278 1395 1
3278 18144 1
3278 6071 1
20561 12014 1
20561 12311 1
20561 2545 1
20561 9209 1
20561 14658 1
6729 18593 1
6729 16142 1
6729 15197 1
6729 1635 1
6729 13556 1
10819 5965 1
10819 6472 1
10819 2481 1
10819 5050 1
10819 7090 1
3457 7122 1
3457 3278 1
5103 2093 1
5103 10558 1
5103 1069 1
5103 1612 1
5103 4423 1
18052 8963 1
18052 12120 1
18052 1147 1
18052 2269 1
18052 12416 1
14000 10788 1
14000 10843 1
14000 6477 1
14000 9954 1
14000 11731 1
4060 7475 1
4060 8006 1
4060 3879 1
4060 5856 1
4060 7594 1
1319 10146 1
1319 7597 1
1319 8006 1
1319 3593 1
1319 2964 1
19425 10064 1
19425 12420 1
19425 6712 1
19425 9430 1
19425 14791 1
5249 19187 1
5249 7400 1
5249 8179 1
5249 20966 1
5249 9994 1
19564 14250 1
19564 9316 1
19564 21183 1
19564 1652 1
19564 17740 1
3204 11244 1
3204 9500 1
3204 9476 1
3204 8006 1
3204 6109 1
17860 7636 1
17860 5104 1
17860 19147 1
17860 1190 1
17860 14648 1
13109 7614 1
13109 7817 1
13109 4224 1
13109 7343 1
13109 10854 1
18426 19068 1
18426 13859 1
18426 1734 1
18426 3170 1
18426 5879 1
18902 10397 1
18902 6672 1
18902 15012 1
18902 244 1
18902 16639 1
7430 11348 1
7430 4026 1
7430 18252 1
10024 19104 1
10024 20551 1
10024 3424 1
10024 8498 1
10024 17897 1
19840 9079 1
19840 6809 1
19840 18498 1
19840 1767 1
19840 16426 1
5374 9777 1
5374 10481 1
5374 2984 1
5374 8320 1
5374 17399 1
9351 20203 1
9351 11348 1
9351 919 1
9351 1698 1
9351 4349 1
18758 5539 1
18758 7851 1
18758 946 1
18758 2245 1
18758 8376 1
3625 4859 1
3625 1516 1
3625 9777 1
3025 14500 1
3025 5958 1
3025 2950 1
3025 8003 1
3025 19260 1
975 11623 1
975 987 1
975 9980 1
975 11015 1
975 16050 1
2202 8711 1
2202 4199 1
2202 4670 1
2202 4483 1
2202 3572 1
1587 10586 1
1587 6125 1
1587 15362 1
1587 16425 1
1587 17182 1
8131 15588 1
8131 8912 1
8131 19647 1
8131 3626 1
8131 13366 1
13029 4209 1
13029 5433 1
13029 911 1
13029 3485 1
13029 7670 1
3153 6238 1
3153 3344 1
3153 19547 1
3153 13683 1
3153 17201 1
1991 7832 1
1991 13195 1
1991 1147 1
1991 20064 1
1991 10788 1
13852 8948 1
13852 9490 1
13852 4803 1
13852 5926 1
13852 15831 1
7670 13029 1
7670 822 1
7670 4209 1
3107 19973 1
3107 9430 1
3107 1352 1
3107 5347 1
3107 6169 1
4349 15302 1
4349 20438 1
4349 2769 1
4349 20002 1
4349 9351 1
12120 8963 1
12120 9444 1
12120 913 1
12120 1147 1
12120 10414 1
14165 3667 1
14165 4051 1
14165 1622 1
14165 3441 1
14165 5048 1
4180 7210 1
4180 19221 1
4180 8681 1
4180 2076 1
4180 10710 1
1172 10410 1
1172 3720 1
1172 9473 1
1172 2920 1
1172 21107 1
3217 15020 1
3217 10474 1
3217 12019 1
3217 11770 1
3217 5230 1
2819 7636 1
2819 267 1
2819 2961 1
2819 11570 1
2266 11270 1
2266 10474 1
2266 18388 1
2266 13517 1
6332 9445 1
6332 11280 1
6332 1467 1
6332 1664 1
6332 19944 1
10831 17547 1
10831 8537 1
10831 1694 1
10831 2191 1
10831 19116 1
5856 4060 1
5856 5778 1
5856 1383 1
5856 3879 1
5856 20064 1
18614 8384 1
18614 6779 1
18614 17798 1
18614 3268 1
18614 13608 1
16425 10606 1
16425 8482 1
16425 18240 1
16425 980 1
16425 16877 1
19012 14314 1
19012 9938 1
19012 17182 1
19012 2523 1
19012 20881 1
5944 9115 1
5944 19329 1
5944 14572 1
5944 994 1
5944 17498 1
3081 10770 1
7459 14188 1
7459 19416 1
7459 1431 1
7459 1610 1
7459 2960 1
2960 2157 1
2960 7031 1
2960 849 1
2960 1403 1
2960 2666 1
21268 19350 1
21268 15979 1
21268 1430 1
21268 2756 1
21268 3935 1
15998 18822 1
15998 10862 1
15998 631 1
15998 988 1
15998 2109 1
1393 18071 1
1393 16633 1
1393 6182 1
1393 6150 1
1393 5434 1
16011 3779 1
16011 2481 1
16829 21170 1
16829 18071 1
16829 8289 1
16829 10221 1
16829 17401 1
8471 8043 1
8471 9886 1
8471 4974 1
8471 7190 1
8471 20100 1
9274 19858 1
9274 9990 1
9274 807 1
9274 11360 1
9274 13212 1
17621 6727 1
17621 17409 1
17621 6542 1
17621 15636 1
17621 4066 1
16029 13212 1
16029 2995 1
16029 13091 1
16029 19457 1
16029 8914 1
6477 9954 1
6477 11731 1
6477 14000 1
6477 14480 1
6477 10788 1
5543 10536 1
5543 17279 1
5543 7638 1
5543 8919 1
5543 20156 1
19858 19502 1
19858 11360 1
19858 807 1
19858 1029 1
19858 6317 1
7878 5746 1
7878 8524 1
7878 2191 1
7878 2466 1
7878 17547 1
9313 8483 1
9313 14943 1
9313 2466 1
9313 6444 1
9313 13795 1
19263 20561 1
19263 2256 1
19263 2545 1
19263 17898 1
16676 14008 1
16676 19840 1
16676 6091 1
16676 8447 1
16676 6039 1
12995 5336 1
12995 5746 1
12995 2466 1
12995 3569 1
12995 8483 1
13076 4445 1
13076 5033 1
13076 3033 1
13076 4101 1
13076 5293 1
20438 4349 1
20438 4604 1
20438 3407 1
20438 4008 1
20438 9351 1
17505 12278 1
17505 7964 1
17505 17004 1
17505 700 1
17505 20707 1
7280 5362 1
7280 7359 1
7280 1635 1
7280 5142 1
7280 6729 1
5230 10474 1
5230 7117 1
5230 7297 1
5230 13352 1
5230 10831 1
9430 19425 1
9430 16398 1
9430 1352 1
9430 1457 1
9430 10990 1
1250 8389 1
1250 17068 1
1250 20198 1
1250 598 1
1250 7763 1
15929 14651 1
15929 15422 1
15929 5201 1
15929 5918 1
15929 3905 1
11191 20183 1
11191 2347 1
11191 20145 1
11191 12398 1
10373 14651 1
10373 5918 1
10373 6276 1
10373 13812 1
1788 4263 1
1788 9374 1
1788 16411 1
1788 7878 1
1788 6842 1
17706 8447 1
17706 6091 1
2982 16871 1
2982 8602 1
2982 404 1
2982 640 1
2982 7418 1
10935 18284 1
10935 10843 1
10935 2009 1
10935 2466 1
10935 3529 1
5209 17459 1
5209 6067 1
5209 3593 1
5209 15905 1
5209 17430 1
16357 9655 1
16357 11093 1
16357 4961 1
16357 7864 1
16357 18381 1
770 6696 1
770 12250 1
770 19231 1
770 2881 1
770 4683 1
10586 3678 1
10586 6125 1
10586 1587 1
10586 3334 1
10586 6539 1
16961 8447 1
16961 9372 1
16961 4411 1
16961 7841 1
16961 9572 1
9190 4091 1
9190 4108 1
9190 2937 1
9190 3635 1
9190 8052 1
12462 15403 1
12462 9339 1
12462 16282 1
12462 2561 1
12462 12625 1
20642 6217 1
20642 15379 1
20642 3180 1
20642 6199 1
20642 9251 1
6806 20614 1
6806 15919 1
6806 12919 1
6806 8548 1
6806 9738 1
11305 18231 1
11305 20818 1
11305 2645 1
11305 3437 1
11305 4895 1
15804 14171 1
15804 1132 1
20303 6560 1
20303 14991 1
20303 1095 1
20303 3441 1
20303 844 1
8164 14651 1
8164 12181 1
8164 5918 1
8164 6990 1
8164 3905 1
5222 18905 1
5222 6359 1
5222 6449 1
5222 1696 1
5222 14374 1
15554 4512 1
15554 8945 1
15554 345 1
15554 962 1
15554 10592 1
9828 2569 1
9828 6910 1
9828 2442 1
9828 2564 1
9828 8082 1
9010 12362 1
9010 10000 1
9010 17985 1
9010 17574 1
9010 16369 1
2998 6449 1
2998 6191 1
2998 1782 1
2998 2913 1
2998 12740 1
3116 8380 1
3116 17191 1
3116 625 1
3116 757 1
3116 14785 1
15795 5684 1
15795 6149 1
15795 1336 1
15795 1532 1
15795 13382 1
17898 20561 1
17898 2256 1
17898 2545 1
17898 19263 1
19377 12311 1
19377 3274 1
16923 8335 1
16923 4753 1
16923 16486 1
16923 1254 1
16923 13572 1
1381 2468 1
1381 6878 1
1381 1204 1
1381 1891 1
1381 20137 1
3936 2118 1
3936 10299 1
3936 1211 1
3936 1353 1
3936 8976 1
14991 10250 1
14991 6109 1
14991 18288 1
14991 1056 1
14991 20303 1
9462 11174 1
9462 10410 1
9462 8197 1
9462 12163 1
9462 16203 1
464 8914 1
464 2995 1
464 112 1
464 20064 1
464 980 1
12802 8136 1
12802 5979 1
12802 13205 1
12802 994 1
12802 11305 1
6963 6291 1
6963 6683 1
6963 3538 1
6963 5885 1
6963 17651 1
18824 10629 1
18824 18432 1
18824 4209 1
18824 9960 1
18824 801 1
7282 8941 1
7282 19613 1
7282 6150 1
7282 15617 1
7282 16190 1
2904 9141 1
2904 20969 1
2904 13921 1
2904 17403 1
2904 8025 1
1383 3879 1
1383 7594 1
1383 5856 1
1383 8006 1
1383 10699 1
11731 10788 1
11731 10843 1
11731 6477 1
11731 9954 1
11731 14000 1
17843 16265 1
17843 39 1
17843 13340 1
17843 14130 1
5164 14075 1
5164 1132 1
16833 4825 1
16833 17499 1
16833 2392 1
16833 2723 1
16833 8726 1
17651 6291 1
17651 6683 1
17651 3538 1
17651 5885 1
17651 6963 1
15197 14122 1
15197 11363 1
15197 17097 1
15197 2642 1
15197 16142 1
10700 15575 1
10700 17611 1
10700 18868 1
10700 1851 1
10700 17068 1
4118 12990 1
4118 10870 1
4118 9121 1
4118 17779 1
4118 20966 1
17252 15949 1
17252 20898 1
17252 12014 1
17252 12311 1
17252 20561 1
19736 8522 1
19736 9434 1
19736 3966 1
19736 5702 1
19736 10537 1
20145 12398 1
20145 12780 1
20145 8673 1
20145 11191 1
20145 20183 1
5830 2334 1
5830 2618 1
5830 1481 1
5830 1599 1
5830 4604 1
13193 19907 1
13193 15526 1
13193 4604 1
13193 5118 1
13193 19656 1
7597 11160 1
7597 16193 1
7597 8447 1
7597 906 1
7597 17510 1
15368 20881 1
15368 10778 1
15368 1381 1
15368 2565 1
15368 3845 1
5437 14229 1
5437 18054 1
5437 19679 1
5437 983 1
5437 11447 1
12799 10843 1
12799 5468 1
12799 5958 1
12854 16284 1
12854 6199 1
12854 21105 1
12854 13527 1
10809 14111 1
10809 14533 1
10809 345 1
10809 962 1
10809 16632 1
8313 10299 1
8313 17779 1
8313 2118 1
8313 3936 1
8313 9655 1
19656 7975 1
19656 6408 1
19656 12679 1
19656 904 1
19656 13699 1
11885 7257 1
11885 8285 1
11885 2054 1
11885 6729 1
11885 8653 1
5796 18088 1
5796 10893 1
5796 345 1
5796 466 1
5796 10997 1
9886 17726 1
9886 2626 1
9886 15724 1
9886 16282 1
9886 8963 1
7841 16961 1
7841 10514 1
7841 4411 1
7841 7597 1
7841 12171 1
1220 2982 1
1220 16871 1
1220 4571 1
1220 10770 1
1220 16626 1
4512 3132 1
4512 3315 1
4512 345 1
4512 2250 1
4512 10592 1
14008 14039 1
14008 11029 1
14008 2054 1
14008 4097 1
14008 6091 1
5419 10343 1
5419 11205 1
5419 20755 1
5419 17733 1
8691 3742 1
8691 21145 1
8691 2599 1
8691 3518 1
8691 5637 1
18407 6490 1
18407 9521 1
18407 1182 1
18407 3924 1
18407 12682 1
3274 6691 1
3274 17823 1
3274 1077 1
3274 20483 1
3274 12311 1
12045 3760 1
12045 4012 1
12045 1675 1
12045 2713 1
12045 6362 1
12642 14850 1
12642 8277 1
12642 19706 1
12642 1822 1
12642 13139 1
4462 12625 1
4462 14854 1
4462 3524 1
4462 11730 1
4462 8471 1
10830 20632 1
10830 10850 1
10830 4209 1
10830 8727 1
10830 3180 1
12466 3553 1
12466 17182 1
12466 1470 1
12466 2373 1
12466 4657 1
6962 5176 1
6962 9721 1
6962 3462 1
6962 4639 1
6962 6496 1
19232 14500 1
19232 3840 1
19232 14370 1
19232 17430 1
19232 10281 1
2118 17779 1
2118 3936 1
2118 1211 1
2118 1353 1
2118 13246 1
10629 18824 1
10629 801 1
10629 4209 1
10629 9960 1
17991 8447 1
17991 9340 1
17991 5118 1
17991 8008 1
17991 10870 1
6236 12974 1
6236 15480 1
6236 15435 1
19370 17001 1
19370 5222 1
19370 16978 1
19370 19659 1
19370 11815 1
7509 20355 1
9500 9374 1
9500 3441 1
9500 9371 1
9500 14703 1
9500 6029 1
4704 10558 1
4704 9010 1
15091 15060 1
15091 4339 1
15091 15031 1
15091 19250 1
15091 10668 1
10592 15554 1
10592 15098 1
10592 345 1
10592 4512 1
10592 21275 1
5684 9842 1
5684 10006 1
5684 1336 1
5684 4741 1
5684 14792 1
18457 17547 1
18457 6444 1
18457 9313 1
18457 12391 1
13140 19851 1
13140 11469 1
13140 839 1
13140 1032 1
13140 20212 1
2961 11570 1
2961 7636 1
2961 2011 1
2961 2819 1
2961 10261 1
3779 9500 1
3779 12750 1
3779 7285 1
3779 198 1
3779 18024 1
1734 3071 1
1734 9371 1
1734 13182 1
1734 11371 1
1734 13135 1
2552 16162 1
2552 19994 1
2552 16248 1
2552 875 1
2552 9182 1
5537 2024 1
5537 8101 1
5537 42 1
5537 1790 1
5537 14916 1
2285 19486 1
2285 13887 1
2285 4599 1
2285 17331 1
2285 2354 1
14555 9121 1
14555 10870 1
14555 6944 1
14555 8708 1
14555 12734 1
240 19596 1
240 12379 1
7590 10263 1
7590 10112 1
7590 14192 1
7590 1514 1
7590 14030 1
1455 7597 1
1455 20285 1
1455 5912 1
1455 12076 1
1455 12040 1
1654 8390 1
1654 18632 1
1654 16898 1
1654 16323 1
1654 11244 1
11405 17730 1
11405 8471 1
11405 19820 1
11405 2906 1
11405 11730 1
730 8879 1
730 4394 1
730 10843 1
13816 12466 1
13816 13762 1
13816 1636 1
13816 4657 1
13816 21096 1
2773 8736 1
2773 5517 1
2773 4844 1
2773 896 1
2773 4304 1
18315 8143 1
18315 8425 1
18315 5107 1
18315 6681 1
18315 11104 1
3987 7169 1
3987 10558 1
3987 2773 1
3987 2809 1
3987 16725 1
18155 9310 1
18155 9702 1
18155 5912 1
18155 7597 1
18155 11205 1
4249 15091 1
4249 12779 1
4249 19851 1
4249 10493 1
3024 19232 1
3024 21100 1
3024 455 1
3024 2982 1
3024 7586 1
1797 2283 1
1797 9561 1
1797 9415 1
1797 20801 1
1797 3828 1
18975 5382 1
18975 6499 1
18975 2368 1
18975 5176 1
18975 6941 1
11022 1774 1
11022 13132 1
11022 776 1
11022 1705 1
11022 3713 1
2024 4772 1
2024 14916 1
2024 11780 1
2024 7147 1
2024 8109 1
1705 9441 1
1705 17547 1
1705 8483 1
1705 19966 1
1705 11022 1
13157 7923 1
13157 8045 1
13157 5541 1
13157 6944 1
13157 8994 1
16838 1801 1
16838 16744 1
16838 1012 1
16838 1021 1
16838 6329 1
14130 10269 1
14130 8320 1
14130 20134 1
14130 1637 1
14130 13682 1
3572 2157 1
3572 15326 1
3572 1521 1
3572 1610 1
3572 9886 1
3981 17191 1
20750 9993 1
20750 9372 1
21159 21070 1
21159 15081 1
20948 19232 1
20948 6899 1
20948 17430 1
18284 1734 1
18284 10227 1
18284 1383 1
18284 1695 1
18284 3879 1
3969 7493 1
3969 11570 1
3969 7636 1
6413 19442 1
6413 14100 1
6413 4086 1
6413 5521 1
6413 12710 1
11730 11405 1
11730 17232 1
11730 8043 1
11730 8471 1
11730 18171 1
12398 5203 1
12398 8673 1
12398 2881 1
12398 4304 1
12398 11191 1
9535 11812 1
9535 15712 1
9535 134 1
9535 372 1
9535 19256 1
11438 12337 1
11438 6299 1
11438 16242 1
11438 1183 1
11438 16596 1
15617 8320 1
15617 6150 1
15617 19260 1
15617 277 1
15617 18071 1
3214 2211 1
3214 8952 1
3214 1853 1
3214 2014 1
3214 2545 1
13666 4599 1
13666 8395 1
13666 2551 1
13666 3354 1
13666 15931 1
19801 4413 1
19801 6150 1
19801 2620 1
19801 3156 1
19801 8941 1
1219 9364 1
1219 7832 1
1219 16912 1
1219 15608 1
1219 17017 1
18806 2445 1
18806 14455 1
18806 1714 1
18806 1790 1
18806 8064 1
3698 14086 1
3698 20104 1
3698 18691 1
3698 5702 1
3698 10537 1
15150 21105 1
15150 15113 1
15150 2777 1
15150 5235 1
15150 9406 1
17 4102 1
17 9402 1
17 11394 1
17 661 1
17 7474 1
16932 15683 1
16932 20699 1
16932 10223 1
16932 11546 1
16932 3441 1
18159 16626 1
18159 4571 1
18159 6814 1
18159 12379 1
5635 5687 1
5635 9161 1
5635 3633 1
5635 9555 1
5635 5674 1
11361 16722 1
11361 15221 1
11361 5829 1
11361 17441 1
11361 17007 1
14633 10752 1
14633 7716 1
14633 14997 1
14633 2790 1
14633 19228 1
15415 2222 1
15415 15387 1
15415 826 1
15415 1580 1
15415 2373 1
10916 6963 1
10916 17651 1
10916 6291 1
10916 6683 1
10916 19087 1
18279 10557 1
18279 6446 1
18279 19985 1
18279 1250 1
18279 14253 1
11712 6076 1
11712 11686 1
11712 1132 1
11712 4306 1
11712 15952 1
2245 5539 1
2245 16772 1
2245 946 1
2245 9538 1
2245 18758 1
8380 874 1
8380 10067 1
8380 140 1
8380 572 1
8380 3205 1
19369 19043 1
19369 6570 1
19369 12171 1
17733 18409 1
17733 13103 1
17733 3593 1
17733 3743 1
17733 4835 1
2191 3569 1
2191 2466 1
2191 19966 1
2191 1788 1
2191 17368 1
6149 4329 1
6149 20187 1
6149 1336 1
6149 1433 1
6149 4922 1
20783 8522 1
20783 9434 1
20783 3966 1
20783 5702 1
20783 10537 1
2354 15101 1
2354 19486 1
2354 3951 1
2354 17331 1
2354 6039 1
3990 5362 1
3990 20517 1
3990 1850 1
3990 2517 1
3990 4924 1
21303 20833 1
21303 1875 1
21303 14270 1
17182 7675 1
17182 3869 1
17182 20744 1
17182 994 1
17182 14193 1
17591 5984 1
17591 20696 1
17591 2221 1
17591 4208 1
17591 7406 1
4258 17344 1
4258 786 1
19487 5918 1
19487 14500 1
19487 2998 1
19487 3905 1
19487 6305 1
7493 7636 1
7493 3969 1
7493 11570 1
12480 17779 1
12480 10299 1
12480 2118 1
12480 3936 1
12480 6239 1
16469 5163 1
16469 5336 1
16469 2466 1
16469 3569 1
16469 5746 1
1336 5684 1
1336 6149 1
1336 796 1
1336 15795 1
1336 5875 1
9960 18432 1
9960 10629 1
9960 801 1
9960 4209 1
9960 10853 1
6688 5799 1
6688 6952 1
6688 4086 1
6688 4803 1
6688 20041 1
16190 19260 1
16190 19613 1
16190 811 1
16190 947 1
16190 5635 1
8262 15566 1
8262 7675 1
8262 994 1
8262 1077 1
8262 14455 1
5829 11361 1
5829 13436 1
5829 2329 1
5829 2612 1
5829 9477 1
4208 6331 1
4208 14503 1
4208 3941 1
4208 5984 1
4208 17688 1
15949 12014 1
15949 12311 1
15949 6888 1
15949 11919 1
15949 15834 1
6338 17191 1
6338 625 1
6338 8539 1
6338 10388 1
19017 16248 1
19017 10060 1
19017 19232 1
19017 1830 1
19017 18741 1
5111 9201 1
5111 13108 1
5111 994 1
5111 6416 1
5111 15720 1
136 5203 1
136 4304 1
136 641 1
12236 5588 1
12236 16251 1
12236 1955 1
12236 2263 1
12236 7660 1
17410 6909 1
17410 3583 1
17410 18586 1
17410 982 1
17410 14688 1
4394 7541 1
4394 3543 1
4394 13939 1
4394 730 1
4394 10935 1
14270 4296 1
14270 4974 1
14270 1875 1
14270 2844 1
14270 5718 1
1669 1687 1
1669 1907 1
1669 8971 1
11076 11442 1
11076 13157 1
11076 7923 1
11076 10573 1
11076 12742 1
17670 4159 1
17670 4485 1
17670 3349 1
17670 3441 1
17670 6147 1
19851 10564 1
19851 3441 1
19851 10555 1
19851 20100 1
19851 6772 1
6276 5918 1
6276 10423 1
6276 3905 1
6276 4825 1
6276 6404 1
19364 14604 1
19364 1879 1
19364 2481 1
19364 7101 1
5433 8727 1
5433 4209 1
5433 13029 1
17703 10457 1
17703 6150 1
17703 17299 1
17703 428 1
17703 13241 1
18526 6276 1
18526 6305 1
18526 4825 1
18526 5918 1
18526 9434 1
11160 906 1
15526 13193 1
15526 13887 1
15526 19907 1
10414 9406 1
10414 10557 1
10414 15723 1
7557 4639 1
1851 10700 1
18868 10700 1
18868 12163 1
6681 8143 1
6681 5107 1
6681 18315 1
17611 10700 1
11363 10558 1
14122 15197 1
14122 10738 1
14122 12241 1
7158 1580 1
17409 6542 1
17409 4066 1
1740 16626 1
1740 3553 1
10699 1383 1
17403 2904 1
13921 17403 1
13921 946 1
13921 2904 1
14111 1714 1
14111 1790 1
7147 11244 1
7147 875 1
8136 18288 1
16203 9462 1
16203 12163 1
8681 4180 1
8197 9462 1
8197 13125 1
9938 19012 1
11174 9462 1
18288 12802 1
10250 5111 1
10250 10843 1
20696 17591 1
2809 2773 1
2809 1250 1
2809 2009 1
2809 8389 1
4835 17733 1
20137 6878 1
1891 20137 1
1891 1381 1
1891 13212 1
12337 10281 1
12337 1183 1
16398 9430 1
1204 1381 1
4753 4599 1
4753 3175 1
4753 3779 1
4753 14480 1
8335 16323 1
8335 2552 1
10076 5142 1
10076 3990 1
5015 8989 1
5015 671 1
13382 1532 1
13382 15795 1
15123 5637 1
14785 757 1
14785 3116 1
4339 15091 1
4339 16282 1
625 6338 1
12740 2998 1
12740 6727 1
1782 6727 1
1782 14374 1
1782 2998 1
16369 15463 1
16369 11296 1
16369 994 1
17985 3030 1
9280 8179 1
14503 16923 1
14503 1254 1
14503 2221 1
14503 4208 1
2442 12642 1
2442 9828 1
2442 2564 1
18432 18824 1
18432 9960 1
1687 8971 1
1687 1669 1
8945 7556 1
8945 345 1
8945 962 1
8945 10809 1
1696 5222 1
3437 4895 1
3437 2645 1
3437 11305 1
6990 8164 1
6990 12181 1
6990 5918 1
6990 14651 1
6990 3905 1
1767 19840 1
12181 6990 1
12181 8164 1
12181 5918 1
12181 6276 1
12181 14651 1
844 1095 1
844 3441 1
6067 3593 1
6067 5209 1
6067 17459 1
1095 14991 1
1095 20303 1
1095 6560 1
1095 3441 1
1095 844 1
20818 11296 1
20818 5104 1
20818 11305 1
18231 11305 1
15379 20642 1
2561 16282 1
2561 10564 1
2561 14854 1
9339 16282 1
9339 19851 1
9339 15091 1
9339 12462 1
15403 12625 1
15403 12462 1
15403 15091 1
12990 9121 1
12990 10870 1
12990 6944 1
12990 8708 1
12990 12734 1
7767 13584 1
7767 19904 1
7767 12585 1
16282 8471 1
16282 2561 1
16282 19851 1
9572 16961 1
2618 5830 1
3678 8919 1
3678 10586 1
3678 17182 1
1937 12504 1
19231 770 1
19231 913 1
12250 770 1
18381 9655 1
18381 11093 1
18381 4961 1
18381 7864 1
18381 16357 1
4961 7864 1
4961 16357 1
4961 9655 1
4961 18381 1
18889 8179 1
8443 6331 1
20969 2904 1
20969 8025 1
19228 14896 1
11093 4961 1
874 10067 1
874 140 1
874 572 1
640 4423 1
11360 807 1
11360 13212 1
9374 17430 1
9374 17459 1
19820 11405 1
4263 4555 1
4263 20203 1
2522 9097 1
6217 20642 1
2995 16029 1
2995 464 1
2995 980 1
3905 5201 1
3905 19487 1
3905 5918 1
3905 6276 1
3905 6990 1
7763 1250 1
20198 1250 1
20198 17621 1
20198 641 1
20198 1069 1
20198 2093 1
13234 3030 1
13234 9010 1
8389 18279 1
8389 1250 1
8389 2809 1
8389 3987 1
1457 9430 1
15575 19944 1
15575 10700 1
13352 7297 1
13352 5230 1
13352 7117 1
4647 3593 1
2906 19337 1
7297 13352 1
7297 5230 1
7297 7117 1
5556 12241 1
7117 7297 1
7117 5230 1
7117 13352 1
3635 9190 1
3635 8971 1
3635 8052 1
7359 7280 1
7359 3331 1
10537 8522 1
10537 9434 1
10537 3966 1
10537 5702 1
3407 987 1
5293 13076 1
19221 4180 1
15326 3572 1
15326 4483 1
15326 2202 1
15326 4670 1
15049 6866 1
3816 10854 1
3816 12711 1
3816 7660 1
11587 8970 1
18171 8043 1
18171 11730 1
17348 14633 1
17348 3382 1
13608 18614 1
4555 15979 1
9778 19012 1
9778 16877 1
6952 6688 1
6952 17897 1
2014 1853 1
1635 6729 1
17331 4599 1
17331 2354 1
11570 7636 1
4922 6149 1
6672 18902 1
911 8050 1
911 17860 1
911 5958 1
7638 20156 1
7638 5543 1
13399 9372 1
13399 6952 1
13399 8873 1
14854 12462 1
14854 15091 1
14854 16282 1
10739 14666 1
10739 2368 1
7257 11885 1
19208 12504 1
19208 16653 1
19208 2504 1
19208 11884 1
19208 1937 1
1211 13246 1
1211 2118 1
1211 3936 1
1211 8976 1
9441 1705 1
19337 1250 1
2054 10250 1
2054 12802 1
6992 428 1
6992 535 1
6992 2093 1
13125 16486 1
4895 2645 1
4895 3437 1
4895 11305 1
17574 9010 1
3583 17299 1
3583 14215 1
3583 9778 1
267 7636 1
267 2961 1
267 11570 1
267 2819 1
12420 3441 1
15712 4180 1
3175 2024 1
3175 16871 1
8498 10024 1
8498 19104 1
6029 9500 1
15905 11206 1
15905 6067 1
15905 16248 1
15905 1950 1
15905 17733 1
10344 1470 1
10344 7343 1
2937 4091 1
9521 3924 1
9521 4602 1
2612 5829 1
2612 9477 1
9251 20642 1
15012 18902 1
15012 4394 1
1021 10146 1
1021 16744 1
16690 2913 1
10146 16744 1
10146 1319 1
8050 17004 1
8050 17860 1
8050 911 1
8050 1240 1
8050 3025 1
15871 6140 1
6243 6140 1
14086 8522 1
14086 9434 1
14086 3966 1
14086 5702 1
14086 10537 1
2564 6910 1
5033 3441 1
5033 3033 1
3966 18691 1
3966 5702 1
3242 8989 1
3242 994 1
3242 10250 1
14916 2024 1
14916 911 1
14916 5537 1
7258 15979 1
5517 10176 1
5926 15831 1
5926 13852 1
8395 4599 1
8395 2551 1
165 16261 1
165 13584 1
15834 15949 1
15834 6888 1
15834 11919 1
5958 9777 1
5958 994 1
2666 2960 1
17913 12241 1
17913 6866 1
14641 4185 1
17592 12241 1
17592 15197 1
17592 6729 1
17592 11394 1
17592 16534 1
7716 17885 1
7716 14703 1
10481 14130 1
10481 5374 1
8012 11907 1
8012 17707 1
8012 5487 1
8012 21353 1
5362 7832 1
17707 21353 1
9477 2612 1
9477 2157 1
9219 21105 1
7968 3633 1
7968 3441 1
1768 10089 1
1768 13212 1
1768 5118 1
1768 9655 1
7090 3441 1
13135 14598 1
13135 1734 1
2329 5829 1
2329 12779 1
2329 13436 1
6444 21100 1
6444 1695 1
6444 16248 1
14215 975 1
14215 3583 1
1580 7158 1
1580 17410 1
4974 15091 1
4974 8471 1
14850 12642 1
859 1768 1
859 9990 1
859 10089 1
757 11945 1
757 3116 1
16426 10397 1
16426 19017 1
16426 6039 1
16426 11244 1
1612 2093 1
3852 8731 1
5588 12236 1
2106 8520 1
2106 554 1
4000 17522 1
4000 3045 1
11407 6165 1
11407 4008 1
11407 2334 1
2621 4423 1
2621 17621 1
2621 14215 1
20801 1797 1
17867 2231 1
17867 1190 1
17867 4413 1
10478 15463 1
10478 16369 1
17885 10064 1
17885 7716 1
17885 14633 1
7206 2504 1
9286 12163 1
9286 10221 1
1879 19364 1
1879 14604 1
10100 19547 1
1395 3278 1
6712 9430 1
6712 19425 1
13244 1240 1
13244 1580 1
13244 4639 1
14658 9209 1
14658 20561 1
19596 240 1
4602 14598 1
4602 826 1
5050 10819 1
11919 15949 1
11919 6888 1
11919 15834 1
4101 13076 1
6570 12171 1
6570 19369 1
6570 19043 1
4924 5142 1
4924 3990 1
2093 5103 1
2093 641 1
7031 2960 1
4423 2599 1
561 2014 1
11007 2231 1
11007 3045 1
19147 17860 1
19147 3441 1
14648 17860 1
14648 7614 1
14648 20616 1
4772 2024 1
7475 5856 1
7475 8006 1
7475 3879 1
7475 4060 1
7475 7594 1
1714 2222 1
1714 2565 1
1714 10558 1
1714 17591 1
17401 16829 1
17401 21170 1
17401 8289 1
17401 10221 1
17401 18071 1
3030 987 1
5879 9500 1
5879 18426 1
5879 14480 1
5879 4394 1
11244 8442 1
11244 1654 1
11244 5517 1
11945 757 1
11945 5674 1
9476 6109 1
9476 8006 1
9476 3204 1
9476 5517 1
9476 11244 1
8653 8285 1
13887 6039 1
13887 2285 1
13887 15101 1
10595 19970 1
10595 8443 1
7343 13109 1
7343 10344 1
3593 17459 1
3593 15905 1
3593 1950 1
3593 2157 1
10557 18632 1
10557 8963 1
10557 554 1
10557 17430 1
4831 8131 1
4831 6929 1
10778 15368 1
10778 7660 1
10778 12144 1
10778 975 1
8912 5959 1
8912 6929 1
8912 8131 1
14229 5437 1
7864 11093 1
7864 9655 1
7864 4961 1
7864 18381 1
17740 7936 1
17740 9316 1
5468 5958 1
8596 9316 1
8596 7936 1
4097 14008 1
13527 6243 1
13527 12854 1
1182 18407 1
10893 5796 1
10397 4647 1
10397 19017 1
10397 1830 1
10397 6039 1
12043 20794 1
10494 19012 1
10494 1470 1
10494 7675 1
8025 2904 1
8025 20969 1
3132 4512 1
3315 4512 1
2250 4512 1
20755 5419 1
2599 6542 1
2599 4066 1
10006 5684 1
5637 13091 1
5637 15123 1
5637 5984 1
699 13212 1
699 21107 1
3168 15312 1
3168 14455 1
6490 18407 1
6490 12682 1
4012 12045 1
6362 1675 1
13683 7832 1
13683 3153 1
13683 9500 1
17798 6779 1
17798 3720 1
515 12171 1
13139 8941 1
13139 3633 1
13139 12642 1
3524 19851 1
3524 12462 1
3524 15091 1
3524 12625 1
9300 3941 1
9721 5176 1
6239 12480 1
6496 6962 1
6496 6446 1
3840 19232 1
12750 3153 1
12750 3779 1
11104 18315 1
11104 2569 1
11104 8143 1
11104 8425 1
15031 15091 1
16772 2245 1
16772 946 1
16772 1652 1
19659 17001 1
10606 3869 1
19250 19851 1
19250 15091 1
2790 17885 1
10668 15091 1
10668 16282 1
8963 997 1
8963 8045 1
15098 21275 1
15098 4790 1
15098 10592 1
16744 1021 1
16744 10146 1
4741 14792 1
4741 5684 1
7210 4180 1
14792 776 1
2011 10261 1
2011 2961 1
18024 3779 1
16162 2552 1
21100 16248 1
21100 19017 1
16722 11361 1
16722 4602 1
19994 2552 1
19994 6408 1
16248 6444 1
16248 1654 1
466 6408 1
875 2552 1
875 16323 1
875 11244 1
12144 8320 1
12144 5119 1
12144 10778 1
1698 919 1
1698 1734 1
3344 18902 1
3344 2790 1
9182 1654 1
9182 11244 1
9182 1240 1
12734 10870 1
12734 17779 1
12734 6944 1
12734 9121 1
12734 20966 1
3518 5637 1
3518 8691 1
19187 5249 1
19187 8179 1
19187 9994 1
11780 5537 1
11780 7459 1
11780 2024 1
6842 16411 1
6842 1788 1
6842 5347 1
9371 3879 1
9371 9500 1
9371 1734 1
9371 5778 1
10112 1514 1
19416 7459 1
19416 2960 1
1514 7590 1
13859 1056 1
14030 7590 1
3331 7359 1
3331 2523 1
10738 12241 1
10738 2642 1
20614 13125 1
20614 9738 1
20614 20614 1
21096 713 1
12391 17547 1
12391 9313 1
12391 18457 1
12391 6444 1
15683 16932 1
8390 18632 1
8390 1654 1
8390 2552 1
20134 6472 1
16898 1654 1
16898 2552 1
8539 17191 1
8539 6338 1
8539 10388 1
13762 13816 1
13762 4657 1
13762 12466 1
8736 2773 1
17441 11361 1
19087 6963 1
19087 10916 1
19087 6291 1
19087 6683 1
19087 17651 1
6071 997 1
6071 3278 1
15060 4974 1
4844 9500 1
10067 8380 1
10067 874 1
7169 7675 1
7169 1636 1
6076 11712 1
7817 9434 1
7817 4639 1
7817 20137 1
455 16323 1
455 4304 1
455 7586 1
455 18632 1
16915 8443 1
16915 12974 1
10788 9500 1
10788 3879 1
10788 10788 1
9561 1797 1
9561 3828 1
14666 10739 1
4790 4512 1
16916 18975 1
16916 2368 1
16916 5176 1
6691 3274 1
5382 18975 1
7851 2245 1
7851 5539 1
6499 6941 1
6499 18975 1
6941 18975 1
6941 6499 1
10423 6276 1
10423 6404 1
10423 17897 1
6472 10819 1
6472 20134 1
9954 14480 1
9954 10843 1
9954 6477 1
9954 14000 1
9954 11731 1
2517 8289 1
1599 6165 1
1599 5830 1
5758 515 1
3713 11022 1
3713 14455 1
19350 10100 1
2373 19232 1
2373 15415 1
2373 2024 1
2373 2222 1
19966 5746 1
19966 8483 1
19966 2191 1
19966 2466 1
19966 9313 1
4329 5875 1
4329 6149 1
5799 6688 1
5799 6446 1
18144 3278 1
10514 9372 1
10514 16961 1
10514 7841 1
10514 8447 1
10514 14008 1
19679 2191 1
19679 3828 1
19679 5437 1
2269 13939 1
2269 554 1
7586 17430 1
7586 3024 1
7586 4304 1
7586 19017 1
19931 3441 1
19931 5778 1
19931 2913 1
19931 3153 1
19931 7832 1
16639 18902 1
1801 1012 1
1801 16838 1
10854 18822 1
10854 7614 1
10854 994 1
5979 21096 1
19907 15526 1
19907 13193 1
19907 13887 1
2468 1381 1
13132 8963 1
13132 1774 1
13132 1830 1
13132 11022 1
10269 1637 1
1521 3572 1
9993 20750 1
9993 9372 1
9993 9500 1
1695 9500 1
17499 277 1
17499 8289 1
1830 19017 1
1830 1774 1
10060 8076 1
7556 3441 1
6329 3840 1
6329 9316 1
14100 6413 1
5521 10843 1
5521 19442 1
5521 1077 1
17232 8043 1
4405 8548 1
4405 2711 1
14791 8245 1
14791 17885 1
11812 372 1
20517 5362 1
20517 3990 1
1190 21353 1
1190 2231 1
1190 17867 1
372 9535 1
11894 21012 1
11894 6150 1
11894 8941 1
11894 16840 1
12535 5142 1
12535 20881 1
13556 6729 1
10997 5796 1
8952 3214 1
8277 6246 1
2551 16248 1
2551 15931 1
2551 16323 1
3354 13666 1
9115 5944 1
9115 10250 1
1675 12045 1
1675 6362 1
17344 796 1
2211 3214 1
2620 3156 1
2620 19801 1
9364 7832 1
9364 16912 1
9364 1219 1
9364 6109 1
9364 15608 1
17017 1790 1
17017 15608 1
17017 1219 1
17017 6109 1
2445 18806 1
2445 14455 1
2445 1790 1
20551 17897 1
20551 10024 1
5104 994 1
1622 15979 1
3268 18614 1
3268 10474 1
4091 9190 1
4091 11305 1
4091 2937 1
4091 8971 1
6560 14991 1
6560 1095 1
6560 3441 1
6560 20303 1
14455 3168 1
14455 7832 1
896 3273 1
5201 5918 1
5201 15422 1
5201 15929 1
5201 14651 1
5201 3905 1
3156 9778 1
3156 17299 1
13182 9500 1
8064 8245 1
8064 6542 1
11546 10223 1
20104 5702 1
20104 8522 1
20104 3966 1
20104 9434 1
5235 15150 1
11447 5437 1
9402 7474 1
9402 3485 1
9402 4102 1
3071 4394 1
3071 7541 1
13517 11270 1
13517 2266 1
7474 9402 1
7474 17505 1
7474 4102 1
7474 11394 1
7474 17 1
947 1929 1
947 8941 1
947 11234 1
947 6150 1
947 16190 1
10000 9010 1
5687 9161 1
5687 5635 1
9161 17410 1
9161 18586 1
9161 5635 1
9161 5687 1
5674 5635 1
5674 11945 1
906 11160 1
15720 5746 1
15720 6416 1
15720 994 1
15720 5111 1
15720 9201 1
2283 1797 1
19068 18288 1
15387 6408 1
9415 1797 1
826 15415 1
826 4602 1
14997 6542 1
14997 3382 1
15480 7675 1
15480 4102 1
15480 6236 1
9538 946 1
9538 2245 1
19043 19369 1
19043 6570 1
19043 12171 1
5875 1433 1
5875 4329 1
18409 17733 1
18409 3593 1
13103 7293 1
13103 4324 1
3743 7293 1
3743 4324 1
3743 17733 1
20203 1788 1
13366 8912 1
13366 2711 1
8143 11104 1
8143 8425 1
8143 5107 1
8143 6681 1
8143 18315 1
2920 21107 1
2920 1172 1
3462 6962 1
3462 3205 1
3462 7817 1
17368 2599 1
3951 4599 1
3951 13887 1
3951 19486 1
3951 2354 1
2221 14503 1
2221 12171 1
5163 16469 1
5163 8873 1
6809 1767 1
796 17344 1
796 1336 1
10853 9960 1
10853 4209 1
8384 12241 1
15951 9777 1
15951 4859 1
15951 5176 1
15951 8320 1
12679 904 1
20041 6688 1
20041 6952 1
20041 4086 1
4657 13762 1
9310 9702 1
9310 18155 1
19756 7193 1
19756 20744 1
19756 2800 1
19756 11247 1
14533 8390 1
3941 9300 1
14250 9316 1
14250 7936 1
20285 12076 1
20285 1455 1
20285 5912 1
20285 7597 1
18741 5103 1
18741 6542 1
18741 1069 1
18741 4423 1
13108 6416 1
13108 994 1
13108 5111 1
6416 15720 1
6416 9201 1
6416 994 1
6416 5111 1
6416 13108 1
2263 1955 1
14608 9886 1
14608 535 1
1056 13859 1
16725 3987 1
16725 14253 1
16725 2773 1
16725 2809 1
16725 1250 1
1183 19232 1
2964 15905 1
2964 9374 1
2964 1950 1
2964 2157 1
2964 3593 1
6446 18279 1
6446 2024 1
6446 16291 1
7269 9760 1
7269 7428 1
7269 1139 1
7269 4386 1
7269 20453 1
9738 6806 1
9738 3707 1
9738 5808 1
9738 8548 1
18586 17410 1
18586 9161 1
18586 13218 1
10299 8313 1
10299 8976 1
10299 2118 1
10299 3936 1
10299 9655 1
12040 4999 1
12040 1455 1
12040 1820 1
12040 5677 1
7541 3071 1
7541 1734 1
7541 2269 1
7541 4394 1
134 8679 1
134 19232 1
134 18632 1
19256 2288 1
19256 16573 1
19256 134 1
19256 315 1
20483 15517 1
20483 19013 1
20483 3274 1
20483 8311 1
20483 344 1
17001 11815 1
17001 19605 1
17001 3153 1
17001 17481 1
13939 7541 1
13939 2269 1
13939 4394 1
13939 8963 1
10457 10541 1
10457 997 1
10457 2493 1
10457 13053 1
16978 7609 1
16978 19370 1
16978 1574 1
16978 20939 1
3050 6436 1
3050 2646 1
3050 7392 1
3050 15463 1
19985 9500 1
19985 14991 1
11280 6332 1
11280 3952 1
11280 4933 1
14572 4344 1
14572 18577 1
14572 5007 1
1433 16807 1
1433 4329 1
1433 6149 1
1433 9758 1
4296 14270 1
3543 10788 1
3543 17608 1
3543 3436 1
3543 4394 1
1907 8971 1
1907 1669 1
11442 11076 1
11442 13157 1
11442 7923 1
11442 10573 1
11442 12742 1
4159 20613 1
4159 17670 1
4159 2902 1
4159 8963 1
4159 17028 1
9097 1034 1
9097 1132 1
9097 3121 1
11029 10397 1
11029 19840 1
11029 6039 1
11029 19017 1
4485 17028 1
4485 17670 1
4485 6147 1
6147 17028 1
6147 17670 1
6147 4485 1
10564 12462 1
10564 2561 1
10564 16282 1
10564 19851 1
6449 5222 1
6449 14374 1
6449 2998 1
6449 6191 1
14604 5066 1
14604 13444 1
14604 1879 1
14604 2481 1
14604 19364 1
14370 4304 1
14370 1183 1
14370 10281 1
7406 17591 1
7406 14503 1
7406 12595 1
3924 10975 1
3924 14809 1
3924 18407 1
3924 9521 1
15636 14488 1
15636 4423 1
15636 6542 1
15636 14823 1
12154 10900 1
12154 18363 1
12154 13234 1
428 17703 1
428 19074 1
428 15751 1
428 11180 1
19389 16385 1
19389 9477 1
3720 1887 1
3720 3610 1
3720 1172 1
3720 9473 1
2981 3733 1
2981 20742 1
11686 11712 1
11686 4306 1
11686 15952 1
1240 13244 1
1240 994 1
1240 18947 1
1240 7817 1
16877 7675 1
16877 17299 1
16877 1470 1
16877 4731 1
16877 8482 1
2886 6212 1
2886 13873 1
2886 11480 1
2886 16626 1
2886 13080 1
8109 13016 1
8109 1566 1
8109 2024 1
8109 6446 1
9790 3045 1
9790 14409 1
9790 2231 1
9790 2849 1
9790 4923 1
6927 2305 1
6927 18371 1
6927 15974 1
6927 12033 1
14688 17563 1
14688 1074 1
14688 1267 1
11206 13523 1
11206 3168 1
11206 7720 1
11206 15312 1
1432 17372 1
1432 17116 1
1432 20036 1
200 740 1
200 2009 1
200 7552 1
200 14480 1
200 3495 1
6539 9415 1
6539 15345 1
6539 2926 1
6539 6125 1
6539 17182 1
21353 17867 1
18691 8522 1
18691 9434 1
18691 3966 1
18691 5702 1
18691 10537 1
8245 5471 1
8245 18806 1
8245 16669 1
19235 9286 1
19235 10221 1
19235 8000 1
19235 8289 1
19547 3779 1
19547 3153 1
7360 13366 1
7360 5959 1
2137 740 1
2137 8963 1
2137 200 1
2137 554 1
2137 12416 1
15230 14244 1
15230 1573 1
15230 3632 1
16142 5362 1
16142 3909 1
9842 5684 1
9842 6149 1
9842 3207 1
9842 6316 1
8101 10409 1
8101 2741 1
8101 10558 1
16806 14500 1
16806 8520 1
16806 200 1
16806 554 1
16806 17726 1
8879 3543 1
8879 4394 1
8879 3071 1
8879 5521 1
1915 20414 1
1915 4648 1
1915 4344 1
12585 13584 1
12585 7767 1
12585 19904 1
12585 15822 1
4839 7675 1
4839 14753 1
4839 4138 1
4839 5721 1
4839 1470 1
10176 4844 1
10176 5517 1
10176 3629 1
2769 14824 1
2769 3216 1
2769 3407 1
5702 2107 1
5702 3698 1
5702 4978 1
14374 6708 1
14374 5500 1
14374 18849 1
14374 12378 1
19696 8050 1
19696 5437 1
19696 20777 1
19696 807 1
19696 17860 1
18240 2617 1
14758 12011 1
14758 5758 1
14758 10115 1
7351 2222 1
7351 18567 1
7351 1735 1
7351 1776 1
3869 1470 1
19442 5521 1
19442 5313 1
21183 19564 1
21183 20716 1
21183 9686 1
21183 10453 1
21183 2109 1
17068 14634 1
17068 11605 1
17068 598 1
17068 1144 1
17068 16489 1
15422 14651 1
15422 15929 1
15422 5201 1
15422 5918 1
15422 3905 1
3187 21105 1
14171 15804 1
14171 1132 1
8948 13852 1
8948 3010 1
14314 20102 1
14314 10987 1
14314 19012 1
14314 9938 1
8043 19851 1
8043 8471 1
8043 17232 1
8043 11730 1
8043 16282 1
7400 9994 1
7400 5249 1
7400 21242 1
4108 17274 1
4108 15271 1
4108 10688 1
4108 19335 1
2516 5275 1
2516 12195 1
2516 9092 1
2516 17450 1
14703 20029 1
14703 13182 1
14703 1734 1
14703 18632 1
18876 4602 1
18876 12466 1
18876 1470 1
18876 2422 1
6246 4661 1
6246 2495 1
6246 2504 1
6246 5316 1
11469 13140 1
11469 3001 1
11469 4463 1
3334 8919 1
3334 20744 1
3334 3126 1
3334 3526 1
3334 5142 1
20744 15931 1
20744 3161 1
20744 15312 1
20744 21197 1
20744 9325 1
2777 11423 1
2777 15150 1
20187 15339 1
20187 6149 1
20187 18893 1
8000 8613 1
8000 9286 1
8000 8289 1
8000 21265 1
9209 13056 1
9209 19696 1
9209 14658 1
5119 19112 1
5119 8320 1
5119 15617 1
1637 13100 1
19843 8179 1
19843 10548 1
19843 12202 1
7975 3153 1
7975 2758 1
7975 6346 1
13198 5281 1
13198 1470 1
13198 3869 1
13198 7675 1
7964 18977 1
7964 14238 1
7964 17505 1
7964 700 1
20151 9316 1
20151 10234 1
20151 7936 1
20151 8596 1
20151 19949 1
3382 14480 1
3382 17885 1
3382 4086 1
913 5914 1
913 4097 1
913 10679 1
15325 16716 1
15325 2222 1
3803 1240 1
3803 1850 1
3803 3990 1
7285 17662 1
7285 3779 1
3170 10843 1
3170 10788 1
3170 1470 1
3170 3071 1
3170 8262 1
18632 2187 1
12382 8040 1
12382 10790 1
12382 3742 1
12382 5984 1
12382 16088 1
13205 12802 1
13205 2054 1
13205 4923 1
8575 10604 1
8575 3771 1
8575 20634 1
8575 11290 1
17459 6444 1
17459 16481 1
17459 2157 1
1790 14111 1
1790 5873 1
1790 1031 1
1790 7380 1
19647 8131 1
19647 21057 1
19647 11197 1
9201 13108 1
9201 994 1
9201 5488 1
12683 3849 1
12683 8771 1
12683 535 1
12683 1069 1
12683 10021 1
1652 14811 1
1652 4321 1
1652 3273 1
3288 2746 1
3288 21105 1
1610 7459 1
1610 2202 1
1610 3572 1
1610 15326 1
1610 14188 1
17279 11876 1
17279 13244 1
17279 7638 1
17279 8919 1
17279 14525 1
20466 277 1
20466 3633 1
2926 20608 1
2926 17182 1
2926 2901 1
2926 2913 1
2926 9415 1
15113 17945 1
15113 2867 1
15113 16252 1
6408 18632 1
6408 17393 1
6408 759 1
8149 19756 1
8149 11247 1
8149 2391 1
8149 15312 1
12570 7429 1
12570 5037 1
12570 15071 1
12570 839 1
21275 9512 1
21275 6542 1
21275 17621 1
21275 345 1
17730 10342 1
17730 21314 1
17730 16120 1
7284 15751 1
7284 19180 1
7284 641 1
7284 15907 1
12625 3034 1
12625 3524 1
8994 5541 1
8994 8045 1
8994 13698 1
3771 3338 1
3771 11137 1
3771 485 1
3771 2892 1
5336 3569 1
5336 2191 1
5336 2466 1
5336 12995 1
7293 13103 1
7293 4324 1
1896 21208 1
1896 6257 1
1896 9594 1
20002 12510 1
20002 7582 1
20002 15392 1
20002 677 1
14779 13234 1
14779 12154 1
14779 20737 1
15723 8485 1
15723 18102 1
15723 1049 1
10089 9655 1
10089 1768 1
10089 7099 1
10089 9990 1
9702 18155 1
9702 9310 1
9702 12831 1
997 9442 1
997 12947 1
997 4191 1
997 5267 1
17004 12794 1
17004 15296 1
17004 8050 1
17004 12154 1
17004 17505 1
17897 11109 1
17897 15108 1
16251 6866 1
16251 12236 1
2323 19922 1
2323 18632 1
2323 3553 1
13572 17393 1
13572 13365 1
13572 277 1
13572 3633 1
6165 7602 1
6165 11407 1
6165 1599 1
6165 2125 1
6165 2618 1
20156 14525 1
20156 17279 1
20156 7638 1
20156 8919 1
20156 5543 1
10850 3180 1
10850 10830 1
404 19158 1
404 2982 1
404 14087 1
244 18890 1
244 2316 1
244 11836 1
2713 12045 1
7936 10350 1
7936 1652 1
10512 9990 1
10512 20612 1
3548 2892 1
3548 15849 1
3548 2293 1
3548 17860 1
15976 19708 1
15976 6538 1
15976 12974 1
15976 16915 1
7193 10663 1
7193 15312 1
7193 12802 1
7193 19756 1
12416 14533 1
12416 8963 1
12416 740 1
12416 16346 1
19708 16915 1
19708 6538 1
19708 12974 1
19708 15976 1
8005 7459 1
8005 10633 1
8005 2157 1
8005 3572 1
8005 1431 1
598 8627 1
598 18209 1
598 14187 1
15064 1903 1
15064 21107 1
15064 5389 1
6359 5222 1
6359 12954 1
6359 2998 1
6359 5500 1
1077 13479 1
1077 15323 1
1077 15428 1
2723 16833 1
2723 20611 1
2723 8336 1
2723 6042 1
982 17410 1
982 14688 1
10075 7541 1
10075 2269 1
10075 4394 1
10075 8963 1
13246 3936 1
13246 5081 1
13246 1211 1
13246 2118 1
2800 20744 1
2800 12802 1
2800 1240 1
2800 15312 1
2800 7193 1
10555 19851 1
10555 3431 1
1850 5142 1
1850 3803 1
21012 16840 1
21012 6150 1
21012 8941 1
21012 11894 1
5347 3107 1
5347 6742 1
4413 18296 1
4413 1470 1
2672 14823 1
2672 14184 1
2672 20453 1
1636 7169 1
1636 6984 1
11818 9234 1
11818 5267 1
11818 14256 1
11818 1031 1
11818 16029 1
10115 15679 1
10115 15081 1
10115 2931 1
10115 3331 1
10115 7523 1
4892 2602 1
4892 14624 1
4892 9838 1
12742 11076 1
12742 11442 1
12742 7923 1
12742 10573 1
12742 21235 1
19706 12642 1
19706 12974 1
19706 4859 1
19706 13139 1
2003 12011 1
2003 515 1
2003 5758 1
15931 8395 1
15931 13666 1
15931 2551 1
15931 4599 1
15931 20744 1
8524 5746 1
8524 7878 1
8524 2191 1
8524 2466 1
8524 17547 1
6878 1891 1
6878 1381 1
6878 5756 1
671 12297 1
671 17841 1
8442 11244 1
8442 6109 1
8442 19985 1
8442 15001 1
5718 1140 1
5718 2844 1
5718 649 1
5718 1043 1
5718 2975 1
12682 18407 1
12682 6490 1
9444 4304 1
9444 554 1
9444 8512 1
8289 21170 1
8289 11234 1
8289 6150 1
8289 8941 1
2984 12759 1
2984 8320 1
2984 9777 1
2984 5374 1
4725 3120 1
4725 3183 1
4725 2326 1
4725 2794 1
16912 3722 1
16912 15608 1
16912 1219 1
16912 7832 1
10234 9316 1
10234 7936 1
10234 8596 1
18939 7817 1
18939 1543 1
18939 6645 1
18939 9218 1
3120 9316 1
3120 7817 1
3120 14072 1
3120 8050 1
6150 19613 1
6150 5740 1
6150 16462 1
6150 579 1
16596 1183 1
16596 1241 1
16596 1886 1
6986 9316 1
6986 7817 1
6986 3120 1
6986 4413 1
8602 7418 1
8602 20835 1
8602 2982 1
8602 6796 1
15566 3441 1
15566 14703 1
15566 2191 1
10343 9594 1
1638 4639 1
1638 21299 1
16653 8213 1
16653 11884 1
16653 2504 1
16653 12504 1
8708 21108 1
8708 7941 1
3485 8423 1
3485 9402 1
3485 13029 1
1929 11234 1
1929 6150 1
1929 4624 1
1929 3633 1
1929 15617 1
5434 16633 1
5434 1393 1
5434 18071 1
5434 6182 1
8726 7841 1
8726 7982 1
8726 3504 1
8726 3660 1
8726 10433 1
12855 8313 1
12855 8976 1
12855 2118 1
12855 3936 1
12855 9655 1
9445 11702 1
9445 8962 1
9445 1046 1
9445 2222 1
14872 12711 1
14872 4574 1
14872 6866 1
14872 13411 1
965 13572 1
965 6150 1
965 15617 1
965 8731 1
9473 1887 1
9473 3720 1
9473 1172 1
9473 21107 1
6610 12777 1
6610 2042 1
6610 4790 1
9079 7675 1
9079 19840 1
849 3896 1
849 2960 1
16486 20614 1
16486 987 1
16486 16923 1
10515 9097 1
10515 12033 1
10515 4555 1
10515 6927 1
10515 13091 1
2591 15654 1
2591 21078 1
2591 1549 1
9555 15617 1
9555 5635 1
9555 8941 1
9555 16190 1
11296 6436 1
11296 5104 1
11296 19814 1
1173 3045 1
1173 975 1
1173 2315 1
7594 5856 1
7594 7475 1
7594 3879 1
7594 4060 1
7594 8006 1
19116 10831 1
19116 1694 1
19116 8537 1
10573 11076 1
10573 13157 1
10573 7923 1
10573 11442 1
10573 12742 1
1868 3331 1
1868 7077 1
1868 12011 1
14188 11574 1
14188 7544 1
14188 2202 1
14188 20477 1
3742 21157 1
3742 17471 1
3742 1566 1
3742 8691 1
10706 14270 1
10706 1875 1
10706 2844 1
20632 10830 1
20632 3180 1
1481 10793 1
1481 1599 1
1481 11896 1
807 13214 1
807 9990 1
807 9274 1
9512 11907 1
9512 6122 1
9512 21275 1
9512 4790 1
2009 9886 1
2009 10625 1
2009 11164 1
2009 13091 1
6772 5697 1
6772 9232 1
6772 2435 1
1549 15676 1
1549 2591 1
1549 3273 1
1549 904 1
6866 4574 1
6866 970 1
6866 12711 1
18388 20401 1
18388 2266 1
18388 5778 1
15919 12919 1
15919 20614 1
15919 8548 1
15919 9738 1
15919 6806 1
16618 11818 1
16618 17372 1
16618 1031 1
16618 20304 1
20100 19851 1
20100 8471 1
20100 9886 1
20100 16282 1
12362 2646 1
12362 13788 1
12362 599 1
12362 4189 1
16871 6039 1
16871 19158 1
6814 18159 1
6814 16626 1
6814 10100 1
20742 9581 1
20742 2981 1
10990 11016 1
10990 11566 1
10990 6710 1
10990 9430 1
10990 2080 1
4026 3742 1
4026 1031 1
4026 1566 1
18822 7343 1
18822 18175 1
18822 1860 1
18822 10854 1
8376 7851 1
8376 16772 1
8376 2245 1
8376 5539 1
8376 18758 1
18905 5222 1
18905 14818 1
18905 2680 1
18905 4280 1
13682 14130 1
13682 2516 1
13682 12195 1
10388 6338 1
10388 8157 1
10388 3116 1
10388 8162 1
3424 10024 1
3424 17897 1
3424 14898 1
3424 19398 1
3424 16140 1
17399 16515 1
17399 9852 1
17399 1741 1
919 2215 1
919 1698 1
919 15302 1
919 5385 1
5539 16917 1
5539 946 1
5539 2245 1
5539 5104 1
17726 14608 1
17726 1830 1
17726 17372 1
6169 5347 1
6169 18659 1
6169 3476 1
6169 4706 1
6169 13802 1
946 5539 1
946 13921 1
946 9538 1
946 2245 1
1516 4859 1
1516 3625 1
572 874 1
572 21042 1
572 20753 1
14500 2106 1
14500 21204 1
2950 3025 1
8711 11574 1
8711 2202 1
8711 2279 1
8711 4173 1
8003 19260 1
8003 3025 1
8003 6428 1
11623 13018 1
11623 12610 1
11623 5471 1
11623 975 1
9980 3905 1
9980 16050 1
9980 1777 1
9980 3701 1
9980 6714 1
4051 14165 1
4051 4791 1
4051 8418 1
4051 7539 1
11015 12466 1
11015 975 1
16050 9980 1
16050 3701 1
16050 6714 1
16050 975 1
4199 17139 1
4199 14188 1
4199 13373 1
14075 1132 1
14075 5164 1
14075 9825 1
4670 4483 1
4670 7459 1
4670 2202 1
4670 3572 1
4670 13706 1
140 8380 1
140 874 1
4825 17459 1
4825 6276 1
4825 16833 1
4825 5918 1
6883 5118 1
6883 5238 1
6883 2247 1
6883 4639 1
6883 9092 1
15588 5155 1
4066 17621 1
4066 17409 1
4066 12785 1
4224 10854 1
4224 13109 1
7706 10221 1
5965 7638 1
5965 18729 1
5965 1696 1
5965 10819 1
5965 13679 1
16411 9783 1
16411 18869 1
16411 1788 1
112 17461 1
112 18426 1
112 20064 1
112 464 1
112 2208 1
17522 4000 1
17522 4138 1
17522 3045 1
17522 3205 1
1853 4778 1
1853 19035 1
1853 8800 1
1853 3214 1
1853 2014 1
17201 13241 1
17201 3153 1
17201 3441 1
17201 6238 1
1532 13382 1
1532 15795 1
3273 3441 1
3273 2591 1
3273 18799 1
3273 4659 1
18418 20988 1
18418 3121 1
18418 535 1
18418 13301 1
13195 3879 1
13195 7832 1
13195 1147 1
13195 1991 1
13195 10788 1
8285 5699 1
8285 2054 1
18252 17068 1
18252 3618 1
18252 3742 1
4324 3743 1
4324 18054 1
4324 782 1
4324 987 1
1950 15905 1
1950 3783 1
8914 8576 1
8914 8774 1
8914 464 1
19613 8941 1
19613 15617 1
19613 6150 1
19613 7282 1
19613 16190 1
19973 10064 1
19973 9403 1
19973 9430 1
15302 381 1
15302 14076 1
3667 14165 1
5048 3207 1
5048 13016 1
5048 1622 1
10263 9133 1
10263 16987 1
10263 7590 1
8522 18691 1
8522 3966 1
8522 5702 1
8522 14086 1
19486 4599 1
19486 6039 1
19486 2354 1
19486 3951 1
2076 4180 1
2076 14496 1
14896 16884 1
14896 14633 1
14896 3382 1
14896 4302 1
6191 7167 1
6191 2163 1
6191 2998 1
6191 4648 1
14192 10112 1
14192 3516 1
14192 7590 1
10710 9019 1
10710 14152 1
10710 1932 1
10710 14512 1
7418 6796 1
7418 2982 1
7418 6542 1
7418 16455 1
15020 10474 1
15020 3217 1
1029 12997 1
1029 7228 1
1029 19858 1
1029 10687 1
11770 10474 1
11770 3217 1
1694 19116 1
1694 20247 1
1694 8537 1
1694 15852 1
19104 10024 1
19104 11348 1
19104 8498 1
19104 12177 1
4306 17346 1
4306 4264 1
4306 11712 1
2565 15267 1
2565 994 1
2565 1714 1
11270 7264 1
11270 2266 1
1467 17791 1
1467 6332 1
5107 6681 1
5107 8546 1
5107 9221 1
5107 18315 1
13812 6332 1
13812 8962 1
13812 5918 1
13812 6276 1
13812 9445 1
1664 2436 1
1664 4738 1
19944 4396 1
12019 19680 1
12019 18388 1
12019 5778 1
12019 10474 1
8537 10831 1
8537 2075 1
8537 19116 1
10261 12265 1
10261 2961 1
10261 2011 1
6779 17798 1
6779 3720 1
6779 18614 1
10223 3441 1
10223 3471 1
10223 3899 1
11964 18054 1
11964 11587 1
11964 2892 1
11964 3126 1
11964 15102 1
8482 21027 1
8482 19012 1
8482 4731 1
8482 7675 1
8482 16425 1
2523 3331 1
2523 7675 1
2523 19012 1
19329 4344 1
19329 5007 1
19329 5105 1
17498 13371 1
17498 1698 1
17498 5944 1
1403 5549 1
1403 5595 1
1403 2547 1
6182 2363 1
6182 16633 1
6182 1393 1
6182 1768 1
7923 11076 1
7923 13157 1
7923 11442 1
7923 21235 1
7923 12742 1
15979 2522 1
15979 7258 1
1430 20211 1
1430 21268 1
1430 3928 1
10862 18501 1
10862 14533 1
10862 988 1
10862 17017 1
631 6758 1
631 3985 1
631 8001 1
2109 7972 1
2109 19559 1
2109 19426 1
16633 3481 1
16633 5434 1
16633 1768 1
16633 2363 1
16633 6182 1
6124 12711 1
6124 14455 1
6124 6460 1
6124 3467 1
2642 1436 1
2642 10738 1
2642 15197 1
3760 12045 1
3760 19474 1
17688 6331 1
17688 9300 1
17688 4208 1
17688 5984 1
21170 16829 1
21170 17401 1
21170 8289 1
21170 10221 1
21170 18071 1
7190 910 1
7190 16282 1
7190 358 1
6542 8064 1
6542 7827 1
6542 17409 1
6542 3879 1
2645 14511 1
2645 6210 1
2645 4011 1
2645 4091 1
904 13093 1
904 8873 1
904 10441 1
904 1652 1
4386 7269 1
4386 20453 1
13091 16966 1
13091 3057 1
13091 21181 1
8976 2118 1
8976 10299 1
8976 1211 1
8976 1353 1
8976 5081 1
2392 8837 1
2392 4602 1
2392 6404 1
2392 3690 1
10752 2790 1
19457 8064 1
19457 21335 1
19457 373 1
19457 15979 1
1955 9844 1
1955 1481 1
1955 9356 1
8919 3678 1
8919 20156 1
8919 2351 1
8919 3334 1
6317 7228 1
6317 19858 1
6317 10687 1
16193 6669 1
16193 7597 1
16193 11160 1
17933 13125 1
17933 8076 1
12710 5697 1
12710 6007 1
12710 6413 1
5746 9201 1
5746 17368 1
5746 2191 1
5746 2466 1
5746 18168 1
14943 17926 1
14943 19966 1
14943 9313 1
14943 17547 1
14943 2466 1
6238 10074 1
6238 17201 1
2756 16481 1
2756 19076 1
2756 2194 1
2756 3879 1
3349 4485 1
3349 17670 1
3349 6147 1
3349 17028 1
13795 9313 1
7832 9364 1
7832 19370 1
4445 13076 1
16632 7380 1
16632 5537 1
16632 6141 1
16632 10809 1
3033 7984 1
3033 5033 1
3033 13076 1
