10912 13742 1
10912 12928 1
10912 12526 1
10912 2563 1
10912 8046 1
8046 19102 1
8046 10912 1
8046 20881 1
8046 19696 1
8046 15397 1
12526 20814 1
12526 16103 1
12526 7500 1
12526 14440 1
12526 4128 1
2563 21174 1
2563 11192 1
2563 10912 1
2563 20814 1
2563 15793 1
13742 20814 1
13742 2563 1
13742 10912 1
13742 12928 1
12928 13742 1
12928 2563 1
12928 10912 1
12928 20814 1
7500 19370 1
7500 1915 1
7500 8499 1
7500 19403 1
7500 3644 1
16103 16861 1
16103 4915 1
16103 7198 1
16103 12526 1
15793 10912 1
15793 21174 1
15793 7233 1
15793 7897 1
15793 11192 1
15397 19102 1
15397 8046 1
14440 19727 1
14440 19457 1
14440 7195 1
14440 15151 1
14440 4128 1
11192 10912 1
11192 19352 1
11192 18319 1
11192 7897 1
11192 15793 1
21174 15793 1
21174 2563 1
21174 10912 1
19102 18959 1
19102 15417 1
19102 8589 1
19102 18124 1
19102 6485 1
19696 16865 1
19696 4954 1
19696 6491 1
19696 10175 1
19696 7660 1
20881 19012 1
20881 8046 1
20881 10221 1
20881 18071 1
20881 12535 1
4128 18206 1
4128 3259 1
4128 8974 1
4128 5198 1
4128 10765 1
20814 19102 1
20814 16250 1
20814 10912 1
20814 17721 1
20814 2563 1
19352 16073 1
19352 18319 1
19352 11192 1
19352 12558 1
19352 17726 1
1915 10335 1
1915 2591 1
1915 12039 1
1915 7879 1
1915 3259 1
16861 16516 1
16861 3659 1
16861 15447 1
16861 13707 1
16861 5924 1
8589 15302 1
8589 19102 1
8589 9824 1
8589 2232 1
8589 5101 1
16250 15670 1
16250 12805 1
16250 20814 1
16250 15474 1
16250 17721 1
15151 20036 1
15151 10124 1
15151 14500 1
15151 4900 1
15151 8587 1
18206 17621 1
18206 8186 1
18206 9267 1
18206 17535 1
18206 11637 1
7195 13860 1
7195 6542 1
7195 16350 1
7195 17368 1
7195 14728 1
7897 15793 1
7897 11578 1
7897 7233 1
7897 14421 1
7897 11192 1
15417 18124 1
15417 18959 1
15417 6485 1
15417 10753 1
15417 19102 1
8499 13874 1
8499 4716 1
8499 17621 1
8499 15599 1
8499 7716 1
19403 16681 1
19403 6727 1
19403 9762 1
19403 16511 1
19403 11997 1
16865 11615 1
16865 4954 1
16865 6491 1
16865 11081 1
16865 19696 1
7233 16083 1
7233 7897 1
7233 4883 1
7233 15793 1
7233 11192 1
19370 15765 1
19370 4128 1
19370 14766 1
19370 14299 1
19370 6347 1
18319 19352 1
18319 11192 1
18319 12558 1
17721 20814 1
17721 16250 1
17721 7280 1
17721 16726 1
17721 5362 1
10765 13356 1
10765 12315 1
10765 20787 1
10765 20074 1
10765 16682 1
5198 19420 1
5198 18680 1
5198 19880 1
5198 8601 1
5198 4128 1
12535 7142 1
12535 20881 1
12535 19466 1
12535 6272 1
12535 10768 1
18124 20856 1
18124 14739 1
18124 18054 1
18124 15417 1
18124 19679 1
8974 20341 1
8974 6347 1
8974 7144 1
8974 19880 1
8974 8499 1
3259 10574 1
3259 6347 1
3259 16978 1
3259 16036 1
3259 17828 1
4915 18762 1
4915 12939 1
4915 15444 1
4915 12771 1
4915 17865 1
19727 18058 1
19727 14440 1
19727 4664 1
19727 14531 1
19727 3812 1
10221 16099 1
10221 20794 1
10221 20881 1
10221 16829 1
10221 9286 1
18071 20794 1
18071 8289 1
18071 11234 1
18071 19801 1
18071 16190 1
10175 19696 1
10175 13257 1
10175 18653 1
10175 8668 1
10175 15622 1
4954 11615 1
4954 10317 1
4954 13239 1
4954 19696 1
4954 3418 1
6491 19292 1
6491 15626 1
6491 7957 1
6491 11948 1
6491 19394 1
18959 18124 1
18959 15417 1
18959 19246 1
18959 15779 1
18959 19102 1
3644 18799 1
3644 6733 1
3644 14172 1
3644 4268 1
3644 21090 1
19012 19492 1
19012 8494 1
19012 10987 1
19012 15670 1
19012 13487 1
7198 16103 1
7198 4915 1
7198 11822 1
7660 15928 1
7660 12236 1
7660 14560 1
7660 14580 1
7660 12711 1
6485 15417 1
6485 19102 1
6485 14739 1
6485 9982 1
6485 18124 1
19457 20230 1
19457 7244 1
19457 18570 1
19457 17823 1
19457 10279 1
7144 19880 1
7144 8974 1
7144 6733 1
7144 18799 1
7144 3273 1
19880 17640 1
19880 6542 1
19880 7500 1
19880 17621 1
19880 8974 1
16099 19235 1
16099 8613 1
16099 10221 1
16099 5958 1
16099 8289 1
19679 15904 1
19679 5437 1
19679 9698 1
19679 3828 1
19679 4864 1
7142 12535 1
7142 3990 1
7142 20881 1
7142 16250 1
18054 19696 1
18054 6458 1
18054 15190 1
18054 8668 1
18054 18124 1
19420 4045 1
19420 18599 1
19420 15691 1
19420 5776 1
17828 19559 1
17828 13002 1
17828 16651 1
17828 13360 1
17828 17828 1
16682 21275 1
16682 17621 1
16682 7495 1
16682 17145 1
16682 4423 1
14739 18959 1
14739 6485 1
14739 18124 1
14739 19102 1
20074 13872 1
20074 11395 1
20074 17145 1
20074 11710 1
20074 20136 1
10124 17368 1
10124 4900 1
10124 20036 1
10124 17711 1
10124 7244 1
6542 8473 1
6542 17621 1
6542 5103 1
6542 4675 1
6542 12554 1
12711 15049 1
12711 16297 1
12711 17311 1
12711 13714 1
12711 13290 1
20787 13358 1
20787 5820 1
20787 10765 1
20787 15576 1
19394 7957 1
19394 14147 1
19394 4954 1
19394 6491 1
19394 13239 1
12315 16890 1
12315 10765 1
12315 14531 1
12315 10857 1
12315 20341 1
16726 6729 1
16726 15670 1
16726 16250 1
16726 6537 1
16726 7280 1
6347 21275 1
6347 4790 1
6347 14325 1
6347 15979 1
6347 11028 1
15302 13952 1
15302 3838 1
15302 17650 1
15302 21219 1
4883 16083 1
4883 20227 1
4883 7233 1
14299 19370 1
14299 12881 1
14299 18827 1
14299 14172 1
14299 15765 1
11081 16865 1
11081 4954 1
11081 6491 1
11081 19696 1
11081 11615 1
20036 17372 1
20036 16029 1
20036 19687 1
20036 16618 1
20036 6542 1
8494 9778 1
8494 13339 1
8494 19605 1
8494 21027 1
8494 12093 1
16083 20227 1
16083 4883 1
16083 7233 1
19466 21353 1
19466 10768 1
19466 16484 1
19466 4859 1
19466 6272 1
13257 19696 1
13257 8477 1
13257 11327 1
13257 18653 1
13257 19656 1
11997 18472 1
11997 19790 1
11997 18037 1
11997 13008 1
11997 16316 1
16511 19403 1
16511 7609 1
16511 10075 1
16511 15596 1
16511 12051 1
9762 13251 1
9762 20939 1
9762 11049 1
9762 16978 1
9762 16681 1
6727 12641 1
6727 20939 1
6727 7609 1
6727 4601 1
20856 18959 1
20856 9793 1
20856 11310 1
20856 17688 1
4716 9570 1
4716 18137 1
4716 8144 1
4716 8499 1
13874 8499 1
13874 12199 1
13874 17535 1
13874 8188 1
13874 11525 1
5101 11634 1
5101 8589 1
5101 9824 1
5101 13806 1
5101 3822 1
9267 20602 1
9267 7790 1
9267 9146 1
9267 12450 1
9267 17535 1
16829 21170 1
16829 17401 1
16829 8289 1
16829 10221 1
16829 18071 1
16681 15596 1
16681 13251 1
16681 19403 1
16681 13638 1
16681 20939 1
11637 15979 1
11637 4128 1
11637 17116 1
11637 17372 1
11637 6927 1
15779 13788 1
15779 3913 1
15779 7991 1
15779 1895 1
15779 3626 1
14421 11578 1
14421 7897 1
18799 14325 1
18799 5331 1
18799 7144 1
18799 20042 1
18799 8156 1
18762 4915 1
21090 18292 1
21090 9059 1
21090 14172 1
21090 3130 1
21090 5705 1
15444 12771 1
15444 4915 1
15444 8736 1
15444 9749 1
15444 17119 1
7957 19394 1
7957 18679 1
7957 4954 1
7957 6491 1
7957 14147 1
4664 5860 1
4664 20439 1
4664 19067 1
4664 19727 1
4664 2547 1
16978 20939 1
16978 6727 1
16978 11049 1
16978 19403 1
16978 13638 1
18570 16816 1
18570 9302 1
18570 10927 1
18570 16262 1
18570 12060 1
3812 6615 1
3812 8974 1
3812 10602 1
3812 17145 1
3812 4128 1
18653 11303 1
18653 17211 1
18653 8808 1
18653 2545 1
18653 5437 1
9286 10221 1
9286 8000 1
9286 8289 1
9286 16428 1
9286 20005 1
14728 7260 1
14728 4669 1
14728 6757 1
14728 7195 1
14728 7324 1
10279 19158 1
10279 18285 1
10279 19457 1
10279 14932 1
10279 17946 1
8289 21170 1
8289 10341 1
8289 9286 1
8289 16829 1
8289 10221 1
11234 17499 1
11234 18983 1
11234 16190 1
11234 18071 1
11234 6150 1
16190 19260 1
16190 13139 1
16190 16605 1
16190 15617 1
16190 21193 1
17368 14175 1
17368 2287 1
17368 12626 1
17368 12538 1
17368 4304 1
9982 19102 1
9982 2301 1
9982 6485 1
16350 20579 1
16350 7195 1
20230 19457 1
20230 12160 1
20230 15979 1
20230 20514 1
20230 17449 1
20794 19009 1
20794 16829 1
20794 18071 1
20794 8289 1
20794 12043 1
8668 13257 1
8668 10175 1
8668 19696 1
8668 18054 1
8668 18124 1
10317 12650 1
10317 21023 1
10317 14702 1
10317 14757 1
10317 18679 1
11578 14421 1
11578 7897 1
13239 19292 1
13239 6491 1
13239 19394 1
13239 2245 1
13239 4954 1
14500 14475 1
14500 18307 1
14500 8963 1
14500 8520 1
14500 2967 1
15626 2584 1
15626 20484 1
15626 2021 1
15626 4954 1
15622 14936 1
15622 5912 1
15622 10175 1
15622 2545 1
15622 5437 1
19801 16614 1
19801 8941 1
19801 13894 1
19801 3156 1
19801 6150 1
19246 18959 1
19246 12202 1
19246 15779 1
19246 3626 1
19246 8179 1
6733 18799 1
6733 6240 1
6733 8974 1
6733 19565 1
6733 13123 1
4268 8585 1
4268 18827 1
4268 12389 1
4268 4342 1
4268 11114 1
17621 14633 1
17621 10796 1
17621 17817 1
17621 4748 1
17621 13630 1
6272 20881 1
6272 16988 1
6272 6669 1
6272 4319 1
6272 20195 1
12771 15444 1
12771 4915 1
12771 8736 1
12771 9749 1
12771 17119 1
3418 4954 1
3418 6878 1
3418 10716 1
3418 11615 1
19492 17299 1
19492 4529 1
19492 9778 1
19492 15606 1
19492 19012 1
10987 13681 1
10987 19012 1
10987 18005 1
10987 16877 1
10987 17182 1
16516 19378 1
16516 7341 1
16516 10245 1
16516 13432 1
16516 11678 1
11822 7198 1
12236 16251 1
12236 21145 1
12236 8340 1
12236 18252 1
12236 6613 1
14560 14580 1
14560 17134 1
14560 7660 1
14560 10854 1
14560 15419 1
17823 20984 1
17823 8889 1
17823 13908 1
17823 21335 1
17823 15962 1
17726 16806 1
17726 8446 1
17726 9854 1
15928 7660 1
15928 10496 1
11948 2584 1
11948 10317 1
11948 1285 1
11948 1480 1
11948 6491 1
14580 14560 1
14580 2286 1
14580 7660 1
14580 10854 1
14580 15957 1
13707 3659 1
13707 13681 1
13707 9857 1
7244 20514 1
12805 15474 1
12805 16250 1
12805 17721 1
12805 3511 1
10768 20881 1
10768 19466 1
10768 5142 1
10768 6272 1
10768 12535 1
10574 16651 1
10574 18262 1
10574 5873 1
8186 9181 1
8186 20602 1
8186 12450 1
8186 18206 1
8587 7195 1
8587 19457 1
8587 15151 1
8587 4900 1
8587 14440 1
15474 12805 1
15474 17721 1
15474 6729 1
15474 9471 1
15474 20814 1
8601 7971 1
8601 14215 1
15765 18827 1
15765 16978 1
17535 9181 1
17535 12450 1
13356 15576 1
13356 10873 1
13356 13002 1
13356 8590 1
13356 10765 1
13860 19514 1
13860 7090 1
13860 8828 1
13860 19317 1
13860 11761 1
10335 1915 1
10335 4344 1
15670 17721 1
15670 3932 1
15670 20591 1
18058 2891 1
18058 3812 1
17865 12939 1
17865 4915 1
17865 11568 1
7716 17535 1
7716 7790 1
7716 12199 1
7716 20602 1
13487 19012 1
13487 15670 1
13487 15617 1
13487 17499 1
12558 19352 1
12558 12694 1
12558 11192 1
12558 13872 1
12558 18319 1
12039 18905 1
12039 15765 1
12039 16036 1
12039 19158 1
12039 12526 1
14531 2522 1
14531 9309 1
14531 8491 1
14531 3812 1
12939 13033 1
12939 17865 1
12939 16619 1
12939 5778 1
2591 4988 1
2591 5331 1
2591 13277 1
2591 13945 1
2591 2851 1
4900 19457 1
4900 7195 1
4900 15151 1
4900 14440 1
4900 10124 1
15447 16861 1
15447 8173 1
15447 9857 1
10753 18959 1
10753 15417 1
5924 6143 1
5924 8705 1
5924 6487 1
5924 16658 1
16073 20600 1
16073 13781 1
16073 15803 1
16073 14048 1
16073 17965 1
14172 18799 1
14172 12881 1
14172 14299 1
14172 13322 1
14172 19689 1
2232 14147 1
2232 2584 1
2232 5101 1
2232 16002 1
2232 5927 1
20341 20074 1
20341 16682 1
20341 7500 1
20341 17145 1
20341 4830 1
18680 9996 1
18680 5198 1
18680 7633 1
18680 4322 1
7879 14337 1
7879 1915 1
7879 2591 1
7879 19788 1
14766 5778 1
14766 9697 1
14766 19370 1
14766 2913 1
14766 9383 1
15599 17621 1
15599 7702 1
15599 9267 1
15599 15979 1
15599 11637 1
3659 16861 1
3659 5921 1
3659 13681 1
3659 13707 1
11615 12279 1
11615 11081 1
11615 19696 1
11615 16865 1
11615 3418 1
9824 16002 1
9824 5927 1
9824 11634 1
9824 2689 1
9824 5101 1
19292 6491 1
19292 13239 1
19292 16950 1
19292 2245 1
19292 9538 1
5362 8694 1
5362 3994 1
5362 6379 1
5362 18577 1
7280 7359 1
7280 15670 1
7280 10216 1
7280 15742 1
7280 6537 1
16036 4320 1
16036 12039 1
16036 14440 1
16036 4128 1
16036 7500 1
