16135 1503 1
1503 7109 1
1503 12454 1
1503 10558 1
1503 7926 1
1503 5326 1
7109 1503 1
7109 15171 1
7109 4829 1
7926 2402 1
7926 6754 1
7926 10281 1
7926 11544 1
7926 9663 1
10558 19451 1
10558 5103 1
10558 17499 1
10558 7122 1
10558 19328 1
5326 3604 1
5326 20189 1
5326 5940 1
5326 9585 1
5326 14809 1
12454 8391 1
12454 15930 1
12454 9122 1
12454 2019 1
12454 11423 1
9585 5814 1
9585 4591 1
9585 9220 1
9585 3604 1
9585 3866 1
5940 7483 1
5940 19506 1
5940 10963 1
5940 20288 1
5940 6048 1
2019 491 1
2019 12454 1
2019 12376 1
2019 8958 1
20189 3878 1
20189 12847 1
20189 16043 1
20189 15613 1
20189 7182 1
8391 9122 1
8391 12454 1
17499 8731 1
17499 15670 1
17499 8896 1
17499 277 1
17499 10341 1
19328 10043 1
19328 2607 1
19328 12536 1
19328 1696 1
19328 16859 1
10281 12538 1
10281 6299 1
10281 15974 1
10281 8723 1
10281 14026 1
4829 12481 1
4829 17833 1
4829 9731 1
4829 2476 1
4829 7926 1
9663 2168 1
9663 6927 1
9663 19337 1
9663 19568 1
9663 15669 1
11544 9689 1
11544 7496 1
11544 11310 1
11544 2948 1
11544 20822 1
5103 4718 1
5103 8955 1
5103 17621 1
5103 1612 1
5103 20198 1
14809 1614 1
14809 5326 1
14809 12309 1
14809 10913 1
14809 15339 1
19451 19328 1
19451 12536 1
19451 17956 1
19451 8958 1
19451 10558 1
3604 14714 1
3604 11301 1
3604 20189 1
3604 15685 1
3604 9585 1
2402 1671 1
2402 7582 1
2402 13873 1
2402 11438 1
2402 7926 1
7122 10558 1
7122 4859 1
7122 12079 1
7122 3441 1
7122 3457 1
11423 4499 1
11423 20560 1
11423 6365 1
11423 17456 1
11423 7748 1
6754 2305 1
6754 7316 1
6754 15669 1
6754 9003 1
6754 2948 1
15930 8958 1
15930 12454 1
9122 3679 1
9122 11972 1
9122 5936 1
9122 1487 1
9122 8391 1
15171 1503 1
15171 7109 1
15171 4829 1
9689 773 1
9689 11544 1
15669 2522 1
15669 11310 1
15669 5358 1
15669 1671 1
15669 6927 1
10043 21206 1
10043 18064 1
10043 19328 1
10043 1750 1
10043 2607 1
6927 10354 1
6927 2522 1
6927 20698 1
6927 6754 1
6927 17780 1
2168 5510 1
2168 17262 1
2168 2640 1
2168 1616 1
2168 6930 1
19337 2601 1
19337 7387 1
19337 12055 1
19337 11310 1
19337 3534 1
6048 17664 1
6048 20788 1
6048 19460 1
6048 5045 1
6048 9420 1
8958 1734 1
8958 18274 1
8958 11812 1
8958 12536 1
8958 3576 1
8896 8941 1
8896 6150 1
8896 14430 1
8896 8894 1
8896 11458 1
9731 8812 1
9731 5376 1
9731 11332 1
9731 3360 1
9731 14186 1
8955 8590 1
8955 6542 1
8955 12496 1
8955 4423 1
8955 21276 1
12481 4829 1
12481 18477 1
12481 5979 1
12481 1503 1
12481 8812 1
17833 4829 1
17833 21319 1
14026 4524 1
14026 16596 1
14026 6727 1
14026 1763 1
14026 8723 1
11310 11979 1
11310 5327 1
11310 16911 1
11310 7436 1
11310 17747 1
15974 4524 1
15974 11310 1
15974 17960 1
15974 19972 1
15974 6927 1
12536 8958 1
12536 14136 1
12536 10558 1
12536 1595 1
12536 19328 1
2607 7178 1
2607 6852 1
2607 20349 1
2607 1750 1
2607 19328 1
7748 11561 1
7748 13719 1
7748 11773 1
7748 4080 1
7748 17556 1
277 8038 1
277 17725 1
277 18983 1
277 15617 1
277 20528 1
3866 3700 1
3866 14298 1
3866 11893 1
3866 9585 1
3866 13644 1
6299 3306 1
6299 18062 1
6299 17882 1
6299 14298 1
6299 10557 1
5814 13807 1
5814 17718 1
5814 6575 1
5814 9585 1
5814 19315 1
10341 17499 1
10341 11234 1
10341 18983 1
10341 8896 1
10341 8941 1
19506 9420 1
19506 19816 1
19506 10963 1
19506 5870 1
19506 14313 1
4859 5894 1
4859 11884 1
4859 15175 1
4859 19082 1
4859 19706 1
20288 19506 1
20288 7483 1
20288 10963 1
20288 5940 1
20288 6048 1
12376 8958 1
12376 6886 1
12376 17947 1
12376 2019 1
12376 15690 1
7483 10963 1
7483 20288 1
7483 19506 1
7483 5940 1
7483 6048 1
491 2019 1
491 15690 1
491 9721 1
491 6886 1
491 18841 1
10963 9420 1
10963 15133 1
10963 17664 1
10963 5870 1
10963 20288 1
13873 1492 1
13873 4456 1
13873 8736 1
13873 7926 1
13873 15272 1
9220 9585 1
9220 5326 1
9220 14714 1
9220 3604 1
9220 3866 1
12847 8612 1
12847 20518 1
12847 20928 1
12847 3866 1
12847 14859 1
19568 9663 1
19568 16518 1
19568 18311 1
19568 12798 1
19568 12987 1
12309 20995 1
12309 11923 1
12309 18064 1
12309 7112 1
12309 12663 1
10913 14809 1
10913 19113 1
11301 3604 1
11301 15685 1
11301 5326 1
11301 10310 1
11301 20189 1
15339 18998 1
15339 5936 1
15339 16647 1
15339 11040 1
15339 19064 1
11438 2033 1
11438 7585 1
11438 16596 1
11438 14669 1
11438 2599 1
17956 19451 1
2305 5358 1
2305 4555 1
2305 14384 1
2305 20416 1
2305 2522 1
14714 9585 1
14714 5326 1
14714 9220 1
14714 3604 1
14714 3866 1
15685 3604 1
15685 20189 1
15685 5326 1
15685 10310 1
15685 11301 1
4499 13675 1
4499 19575 1
4499 7588 1
4499 19489 1
4499 6439 1
16043 20189 1
16043 16154 1
16043 21004 1
16043 12847 1
16043 14335 1
2948 1270 1
2948 15392 1
2948 7496 1
2948 11310 1
2948 20709 1
9003 2948 1
9003 14521 1
9003 7365 1
9003 677 1
9003 7582 1
20198 4423 1
20198 17882 1
20198 5103 1
20198 1069 1
20198 7971 1
1671 20487 1
1671 7334 1
1671 7492 1
1671 20416 1
1671 14073 1
7582 14708 1
7582 3202 1
7582 14168 1
7582 7334 1
7582 10060 1
3441 6626 1
3441 13561 1
3441 5703 1
3441 9430 1
3441 3441 1
6365 610 1
6365 11423 1
6365 17556 1
6365 7748 1
6365 11773 1
1612 16979 1
1612 7600 1
1612 18339 1
1612 5192 1
1612 10274 1
5936 3371 1
5936 14410 1
5936 9176 1
5936 14933 1
5936 14367 1
11972 10130 1
11972 7399 1
11972 11213 1
11972 3021 1
11972 20269 1
7316 2025 1
7316 19337 1
7316 15272 1
7316 8736 1
7316 2773 1
1614 7112 1
1614 18955 1
1614 14809 1
3457 3278 1
3457 7122 1
4718 535 1
4718 19174 1
4718 5103 1
4718 20660 1
17621 9613 1
17621 16618 1
17621 17449 1
17621 14633 1
17621 8064 1
20822 16740 1
20822 18209 1
20822 15028 1
20822 3908 1
20822 13752 1
7496 17514 1
7496 17882 1
7496 16940 1
7496 2948 1
7496 11310 1
15670 17499 1
15670 4755 1
15670 20517 1
15670 7280 1
15670 15617 1
15613 4239 1
15613 18439 1
15613 6647 1
15613 2093 1
15613 10691 1
20560 4499 1
20560 19489 1
20560 7588 1
20560 11423 1
20560 13675 1
17456 1185 1
17456 11423 1
3679 10699 1
3679 12692 1
3679 12669 1
3679 9122 1
3679 15043 1
8723 15028 1
8723 14634 1
8723 19161 1
8723 5289 1
8723 16317 1
16859 5827 1
16859 17575 1
16859 6024 1
16859 10169 1
16859 19328 1
8731 13572 1
8731 4647 1
8731 15617 1
8731 2913 1
8731 13106 1
12538 10281 1
12538 17368 1
12538 11438 1
12538 1250 1
12538 19232 1
7182 4109 1
7182 21004 1
7182 20518 1
7182 8612 1
7182 15269 1
1696 5965 1
1696 19328 1
1696 9332 1
1696 13679 1
1696 1750 1
3878 9670 1
3878 20189 1
3878 12360 1
3878 2417 1
3878 4907 1
1487 17033 1
1487 9122 1
1487 5936 1
1487 17390 1
1487 5326 1
4591 9585 1
4591 6575 1
4591 5814 1
2476 15514 1
2476 21001 1
2476 14828 1
2476 21044 1
2476 17023 1
12079 7122 1
12079 16903 1
12079 17969 1
12079 12503 1
12079 12590 1
18983 6150 1
18983 15617 1
18983 8289 1
18983 579 1
18983 8941 1
9430 4255 1
9430 11566 1
9430 10990 1
9430 20522 1
9430 6712 1
8612 9351 1
8612 14335 1
8612 11498 1
8612 7182 1
8612 12876 1
11884 19208 1
11884 20881 1
11884 16653 1
11884 4859 1
11884 5487 1
1250 19337 1
1250 16392 1
1250 4952 1
1250 5203 1
1250 18279 1
5703 3266 1
5703 6085 1
5703 3441 1
5703 1324 1
5703 5029 1
6930 2168 1
6930 19189 1
6930 10134 1
6930 15776 1
6930 10401 1
6626 7090 1
6626 11124 1
6626 8804 1
6626 6144 1
6626 16386 1
14708 1846 1
14708 7284 1
14708 11469 1
14708 10060 1
14708 16458 1
12663 11819 1
12663 6880 1
12663 13346 1
12663 4608 1
12663 14722 1
7492 11265 1
7492 21197 1
7492 17412 1
7492 4171 1
7492 17193 1
7334 14073 1
7334 15669 1
7334 10365 1
7334 2402 1
7334 9663 1
5289 6727 1
5289 20037 1
5289 12523 1
5289 2998 1
5289 6449 1
15514 2476 1
15514 21044 1
15514 17023 1
15514 10803 1
15514 14828 1
1069 20230 1
1069 21276 1
1069 16490 1
1069 20198 1
1069 21218 1
677 2948 1
677 8867 1
677 13374 1
677 5815 1
677 15724 1
19082 20971 1
19082 16053 1
19082 17790 1
19082 9321 1
19082 16024 1
10310 3604 1
10310 15685 1
10310 5326 1
10310 20189 1
10310 11301 1
610 18043 1
610 17556 1
610 11773 1
610 7748 1
610 6403 1
20709 21218 1
20709 3202 1
20709 17621 1
20709 7387 1
20709 14168 1
15392 6718 1
15392 3202 1
15392 9854 1
15392 2948 1
15392 14689 1
21004 10014 1
21004 20189 1
21004 12876 1
21004 6238 1
21004 13268 1
2599 8965 1
2599 17621 1
2599 20297 1
2599 1798 1
2599 8203 1
16154 13644 1
16154 7031 1
16154 16043 1
16154 3866 1
16154 21004 1
13719 11423 1
13719 20213 1
13719 12812 1
13719 7748 1
13719 20132 1
7585 641 1
7585 11438 1
7585 4304 1
7585 17368 1
8812 9731 1
8812 16979 1
8812 13395 1
8812 7926 1
8812 12481 1
2033 4337 1
2033 16911 1
2033 10365 1
2033 7582 1
2033 8529 1
17575 5827 1
17575 15897 1
17575 6505 1
17575 3826 1
17575 6948 1
19064 4299 1
19064 13261 1
19064 4488 1
19064 1010 1
19064 6743 1
16647 833 1
16647 17696 1
16647 15339 1
18998 4999 1
18998 18597 1
18998 11223 1
18998 1392 1
18998 12453 1
19816 10483 1
19816 17877 1
19816 11649 1
19816 5517 1
19816 12026 1
7112 13862 1
7112 4621 1
7112 12812 1
7112 2975 1
7112 11923 1
12987 3161 1
12987 19568 1
6852 690 1
6852 7178 1
6852 20349 1
6852 2607 1
6852 13222 1
20349 1898 1
20349 6261 1
20349 9194 1
20349 8298 1
20349 16179 1
12798 9663 1
12798 18311 1
12798 10785 1
12798 19568 1
12798 16518 1
16518 12798 1
16518 10785 1
16518 18626 1
16518 9663 1
16518 10196 1
3021 12628 1
3021 7399 1
3021 9073 1
3021 9106 1
3021 11972 1
14633 4820 1
14633 8076 1
14633 13247 1
14633 12392 1
14633 14780 1
21276 3549 1
21276 7619 1
21276 16214 1
21276 15751 1
21276 4985 1
11923 7112 1
11923 12309 1
21001 2476 1
21001 8569 1
21001 4829 1
21001 5250 1
16911 2552 1
16911 9663 1
16911 16849 1
16911 16248 1
16911 5918 1
13807 4621 1
13807 17718 1
13807 14124 1
13807 11048 1
13807 19315 1
1270 20372 1
1270 16805 1
1270 17347 1
1270 9174 1
1270 16489 1
6150 947 1
6150 14852 1
6150 16190 1
6150 17719 1
6150 7282 1
14298 3148 1
14298 6864 1
14298 10532 1
14298 10281 1
14298 16596 1
18477 6919 1
18477 13457 1
18477 7255 1
18477 20763 1
18477 8418 1
10130 11972 1
10130 10999 1
9721 6886 1
9721 12376 1
9721 7163 1
9721 1742 1
9721 18481 1
10060 2033 1
10060 7147 1
10060 20614 1
10060 9589 1
10060 10072 1
1763 6921 1
1763 17558 1
1763 6727 1
1763 16596 1
1763 1886 1
17882 2473 1
17882 6113 1
17882 18339 1
17882 8825 1
17882 15751 1
13106 2913 1
13106 8731 1
21319 4829 1
21319 17833 1
6575 13125 1
6575 9585 1
6575 19159 1
6575 5814 1
6575 10240 1
14933 5216 1
14933 12277 1
14933 19475 1
14933 20052 1
14933 8495 1
14335 8612 1
14335 16154 1
14335 12847 1
14335 3407 1
14335 13241 1
17718 4621 1
17718 14124 1
17718 19315 1
17718 11048 1
17718 13807 1
14136 8814 1
14136 12536 1
7178 13222 1
7178 6852 1
7178 13877 1
7178 2607 1
7178 3061 1
17725 5635 1
17725 3633 1
17725 9555 1
17725 3080 1
17725 15617 1
11561 7748 1
11561 3775 1
11561 11423 1
11561 158 1
11561 17637 1
15175 6750 1
15175 5811 1
15175 18003 1
15175 4413 1
15175 15792 1
1595 8 1
1595 19451 1
1595 8958 1
1595 12536 1
1595 10558 1
18311 13310 1
18311 10785 1
18311 19568 1
18311 6971 1
18311 9663 1
5376 9731 1
5376 4829 1
5376 14186 1
5376 1503 1
5376 5521 1
18209 16823 1
18209 12599 1
18209 20822 1
18209 8445 1
18209 11913 1
17556 610 1
17556 11773 1
17556 6365 1
17556 7748 1
17556 11423 1
8038 17303 1
8038 15476 1
8038 13840 1
8038 3633 1
8038 18071 1
20416 2402 1
20416 13480 1
20416 4555 1
20416 20121 1
20416 6754 1
9670 687 1
9670 21354 1
9670 2417 1
9670 3878 1
9670 8752 1
17033 1487 1
17033 15733 1
17033 19475 1
17033 12568 1
17033 14809 1
3700 14669 1
3700 10922 1
3700 14221 1
3700 2024 1
3700 3866 1
4109 13006 1
4109 20362 1
4109 18871 1
4109 2687 1
4109 13884 1
16596 4707 1
16596 12337 1
16596 6303 1
16596 19232 1
16596 6921 1
4907 687 1
4907 10387 1
4907 3878 1
19232 18439 1
19232 4304 1
19232 19607 1
19232 6899 1
19232 18632 1
11893 6864 1
11893 5203 1
11893 10922 1
11893 3866 1
11893 14500 1
10699 5733 1
10699 20662 1
10699 7576 1
10699 3058 1
10699 9864 1
17664 10963 1
17664 10153 1
17664 14313 1
17664 9420 1
17664 15739 1
18062 4050 1
18062 10079 1
18062 19232 1
18062 16000 1
18062 7739 1
6727 9038 1
6727 11049 1
6727 20803 1
6727 12641 1
6727 9234 1
7600 1612 1
7600 13031 1
7600 5771 1
7600 6283 1
7600 12708 1
18339 2948 1
18339 8825 1
18339 13395 1
18339 12187 1
18339 6031 1
20528 15091 1
20528 8038 1
20528 15617 1
20528 3633 1
20528 16430 1
3371 17486 1
3371 5038 1
3371 18449 1
3371 2765 1
3371 4564 1
16903 12079 1
16903 17969 1
16903 12503 1
16903 12590 1
18439 5394 1
18439 20189 1
18439 11893 1
18439 2093 1
18439 14221 1
3306 1872 1
3306 6533 1
3306 16321 1
3306 9074 1
3306 6299 1
20995 16824 1
20995 15978 1
20995 16304 1
20995 12309 1
20995 14479 1
15269 7172 1
15269 21190 1
15269 8615 1
15269 3375 1
15269 8765 1
18955 14809 1
18955 13754 1
18955 18288 1
18955 5584 1
18955 7112 1
17960 15974 1
17960 10354 1
17960 13702 1
17960 4555 1
17960 6927 1
17449 19457 1
17449 2900 1
17449 18113 1
17449 5707 1
17449 20514 1
8064 7121 1
8064 14177 1
8064 19457 1
8064 10558 1
8064 10124 1
3908 1093 1
3908 20822 1
3908 18632 1
3908 2362 1
3908 18644 1
2913 4086 1
2913 14473 1
2913 19605 1
2913 11630 1
2913 14455 1
13752 4394 1
13752 17298 1
13752 20346 1
13752 16437 1
13752 7347 1
14410 19666 1
14410 7892 1
14410 9176 1
14410 5936 1
14410 6432 1
17514 9003 1
17514 7496 1
17514 11310 1
17514 2948 1
17514 14771 1
20698 12033 1
20698 10515 1
20698 16966 1
20698 6927 1
20698 9097 1
7365 9003 1
7365 19941 1
7365 14521 1
7365 12672 1
7365 18834 1
16940 4642 1
16940 16848 1
16940 6178 1
16940 2697 1
16940 8867 1
535 1616 1
535 15601 1
535 1447 1
535 6708 1
535 4021 1
20517 3990 1
20517 19134 1
20517 5362 1
20517 10429 1
20517 15670 1
10169 5827 1
10169 16859 1
10169 6024 1
4239 15296 1
4239 15613 1
5192 2968 1
5192 11310 1
5192 7436 1
5192 1612 1
5192 18339 1
3202 2626 1
3202 4133 1
3202 17621 1
3202 7582 1
3202 17570 1
6647 2431 1
6647 15613 1
6647 13234 1
6647 12154 1
16740 20822 1
16740 16323 1
16740 16864 1
16740 11244 1
16740 13306 1
2093 17882 1
2093 20198 1
2093 8865 1
2093 7284 1
2093 6992 1
2640 11356 1
2640 13769 1
2640 6843 1
2640 17262 1
2640 5561 1
12590 12079 1
12590 17969 1
12590 12503 1
12590 16903 1
4456 18309 1
4456 13873 1
4456 15125 1
4456 3273 1
4456 3386 1
16317 12523 1
16317 6727 1
16317 8723 1
16317 5289 1
16317 6359 1
10691 17376 1
10691 9316 1
10691 15613 1
10691 3656 1
10691 16989 1
1185 3541 1
1185 2670 1
1185 12887 1
1185 684 1
1185 1757 1
5827 6024 1
5827 15654 1
5827 20748 1
5827 11812 1
5827 14653 1
6024 5827 1
6024 14653 1
6024 17165 1
6024 10169 1
6024 16859 1
14367 17795 1
14367 12338 1
14367 17982 1
14367 5936 1
14367 7539 1
11979 7298 1
11979 12124 1
11979 9825 1
11979 4690 1
11979 11720 1
7280 12873 1
7280 6537 1
7280 10870 1
7280 5142 1
7280 16726 1
17368 16596 1
17368 2974 1
17368 20547 1
17368 5746 1
17368 11438 1
9332 13229 1
9332 3327 1
9332 12279 1
9332 4576 1
9332 18357 1
4755 12865 1
4755 16289 1
4755 7644 1
4755 18577 1
4755 5362 1
13679 1696 1
13679 13853 1
13679 5965 1
13679 10819 1
13679 18729 1
12360 16898 1
12360 8655 1
12360 18632 1
12360 7718 1
12360 16782 1
5327 15751 1
5327 18279 1
5327 12046 1
5327 2093 1
5327 11732 1
10274 9477 1
10274 7963 1
10274 14157 1
10274 2184 1
10274 14395 1
2417 14222 1
2417 21354 1
2417 15821 1
2417 9670 1
2417 3878 1
13561 6960 1
13561 6300 1
13561 8199 1
13561 4051 1
13561 10493 1
19489 3966 1
19489 11423 1
19489 19895 1
19489 17996 1
19489 5104 1
11213 11972 1
11213 14263 1
11213 11233 1
11213 17188 1
5510 4337 1
5510 2168 1
5510 17368 1
5510 1616 1
5510 9663 1
17780 2522 1
17780 14548 1
17780 4555 1
17780 6927 1
17780 9130 1
17390 5671 1
17390 20289 1
17390 7637 1
17390 19284 1
17390 10535 1
15043 17824 1
15043 12588 1
15043 12871 1
15043 6927 1
15043 11624 1
2773 1492 1
2773 3629 1
2773 13873 1
2773 14253 1
2773 4456 1
14634 17068 1
14634 4438 1
14634 19447 1
14634 7861 1
14634 20343 1
14828 17023 1
14828 21044 1
14828 15514 1
14828 5052 1
14828 10803 1
14430 4992 1
14430 16416 1
14430 7946 1
14430 1641 1
14430 8896 1
5965 1294 1
5965 18729 1
5965 13679 1
5965 10819 1
5965 7638 1
17023 2476 1
17023 15514 1
17023 21044 1
17023 10803 1
17023 14828 1
17969 11561 1
17969 18091 1
17969 12503 1
17969 3744 1
17969 12590 1
19972 2522 1
19972 6299 1
19972 14768 1
19972 13702 1
19972 3934 1
12503 12079 1
12503 12590 1
12503 17969 1
12503 16903 1
18274 14868 1
18274 9832 1
18274 10672 1
18274 1162 1
18274 8958 1
773 11544 1
773 6541 1
773 10927 1
773 18570 1
773 6444 1
3360 14211 1
3360 13395 1
3360 6919 1
3360 15482 1
3360 16206 1
14186 3360 1
14186 8277 1
14186 11771 1
14186 10835 1
14186 20351 1
19161 12264 1
19161 6727 1
19161 21276 1
19161 4637 1
19161 4985 1
21206 10043 1
21206 18064 1
1616 13251 1
1616 17368 1
1616 11438 1
1616 12833 1
1616 19874 1
2025 17555 1
2025 17326 1
2025 2773 1
2025 1398 1
2025 12123 1
17747 10060 1
17747 16387 1
17747 11310 1
17262 6843 1
17262 18988 1
17262 7460 1
17262 2640 1
17262 11356 1
15272 19337 1
15272 13073 1
15272 13873 1
15272 7316 1
15272 11244 1
20269 11972 1
20269 20322 1
1750 10043 1
1750 13222 1
1750 2607 1
1750 19328 1
1750 6852 1
7588 4499 1
7588 11423 1
7588 20560 1
7588 19489 1
7588 13675 1
12496 17621 1
12496 8955 1
12496 15026 1
12496 8064 1
12496 8590 1
19575 13675 1
19575 6439 1
19575 15998 1
19575 5209 1
19575 18597 1
8941 965 1
8941 6370 1
8941 18683 1
8941 14852 1
8941 14763 1
8894 3845 1
8894 14770 1
8894 8896 1
10354 8227 1
10354 4555 1
10354 19972 1
10354 4322 1
10354 13702 1
20788 4279 1
20788 14087 1
20788 5045 1
20788 656 1
20788 6547 1
8590 19790 1
8590 4044 1
8590 20498 1
8590 6956 1
8590 13356 1
14384 2522 1
14384 11795 1
14384 4657 1
14384 1671 1
14384 5549 1
20928 1007 1
20928 21004 1
20928 12847 1
20928 14335 1
20928 17112 1
5045 20788 1
5045 6048 1
5045 16585 1
5045 4063 1
5045 6217 1
4080 7748 1
4080 8493 1
4080 13388 1
4080 3152 1
4080 7254 1
12669 398 1
12669 12858 1
12669 18189 1
12669 10622 1
12669 10699 1
13572 6150 1
13572 16923 1
13572 8706 1
13572 277 1
13572 8941 1
15617 965 1
15617 7282 1
15617 17499 1
15617 9187 1
15617 17719 1
11040 9520 1
11040 14948 1
11040 17346 1
11040 2592 1
11040 12802 1
14168 9886 1
14168 4320 1
14168 16256 1
14168 1228 1
14168 20709 1
3534 13644 1
3534 13413 1
3534 19337 1
3534 2547 1
3534 7031 1
12055 2773 1
12055 19337 1
12055 7316 1
12055 11244 1
12055 13873 1
11458 1488 1
11458 10178 1
11458 8428 1
11458 8896 1
3278 13768 1
3278 7122 1
3278 20241 1
3278 18144 1
3278 6115 1
4423 16682 1
4423 19687 1
4423 20304 1
4423 4274 1
4423 12496 1
7971 9444 1
7971 4304 1
7971 13091 1
7971 7619 1
7971 21307 1
7387 11621 1
7387 4133 1
7387 10708 1
7387 16256 1
7387 10796 1
4524 4555 1
4524 17960 1
4524 6927 1
4524 19972 1
4524 11732 1
5979 8969 1
5979 9735 1
5979 12802 1
5979 9122 1
5979 13395 1
15133 17664 1
15133 11649 1
15133 19816 1
15133 10153 1
15133 20886 1
19113 4533 1
19113 9122 1
19113 14231 1
19113 13155 1
19113 5798 1
19460 10963 1
19460 19816 1
19460 11954 1
19460 5517 1
19460 14313 1
16618 3658 1
16618 12997 1
16618 20304 1
16618 19457 1
16618 6542 1
12692 398 1
12692 13560 1
12692 3679 1
12692 3921 1
12692 7883 1
9420 19506 1
9420 19816 1
9420 20886 1
9420 19460 1
9420 15133 1
1734 19068 1
1734 11293 1
1734 14703 1
1734 3879 1
1734 7517 1
14669 2900 1
14669 12538 1
14669 3700 1
14669 16766 1
14669 4795 1
20660 2009 1
20660 6774 1
20660 13091 1
20660 10354 1
20660 3057 1
16979 2968 1
16979 11310 1
16979 6031 1
16979 1612 1
16979 7496 1
5358 2522 1
5358 13653 1
5358 4657 1
5358 1671 1
5358 17739 1
14313 8277 1
14313 13606 1
14313 15133 1
14313 19735 1
14313 10153 1
6542 11637 1
6542 20304 1
6542 9093 1
6542 8473 1
6542 11861 1
15028 10532 1
15028 21276 1
15028 11244 1
15028 6727 1
15028 14824 1
6439 10532 1
6439 17492 1
6439 19575 1
6439 4499 1
6439 19489 1
3576 1193 1
3576 16423 1
3576 5801 1
3576 8958 1
14521 2402 1
14521 9347 1
14521 17514 1
14521 16937 1
14521 6967 1
9613 10631 1
9613 17424 1
9613 15979 1
9613 6959 1
9613 7673 1
11332 7926 1
11332 4829 1
11332 9731 1
11332 3360 1
11332 12481 1
19315 4621 1
19315 14124 1
19315 17718 1
19315 11048 1
19315 13807 1
11773 610 1
11773 17556 1
11773 6365 1
11773 7748 1
11773 11423 1
11234 8289 1
11234 16190 1
11234 8941 1
11234 1929 1
11234 10638 1
5870 19506 1
5870 15560 1
5870 5914 1
5870 6048 1
5870 10963 1
1492 16107 1
1492 20062 1
1492 13873 1
1492 4844 1
1492 16848 1
9176 4775 1
9176 10702 1
9176 6403 1
9176 16957 1
9176 6998 1
13675 3966 1
13675 12727 1
13675 15699 1
13675 19489 1
13675 6284 1
14073 9663 1
14073 7334 1
14073 15669 1
14073 2402 1
14073 6754 1
4555 9663 1
4555 9871 1
4555 14548 1
4555 6927 1
4555 20416 1
7436 9187 1
7436 6031 1
7436 11310 1
7436 2677 1
7436 13395 1
19706 14797 1
19706 12974 1
19706 18284 1
19706 6750 1
19706 19158 1
6886 14888 1
6886 8548 1
6886 12376 1
6886 11315 1
6886 7163 1
19174 1020 1
19174 5103 1
19174 17522 1
19174 4138 1
19174 4718 1
11812 8958 1
11812 15510 1
11812 9463 1
11812 16573 1
11812 10333 1
17947 491 1
17947 15690 1
17947 18841 1
17947 5954 1
17947 12376 1
4647 19594 1
4647 10397 1
4647 6381 1
4647 3593 1
4647 8241 1
15690 491 1
15690 18841 1
15690 17947 1
15690 5954 1
15690 12376 1
7399 3021 1
7399 12628 1
7399 11972 1
20487 6612 1
20487 10138 1
20487 7133 1
20487 19171 1
20487 8010 1
18841 491 1
18841 15690 1
18841 17947 1
18841 5954 1
18841 12376 1
2601 5457 1
2601 11244 1
2601 6754 1
2601 1250 1
2601 19337 1
13644 16154 1
13644 16686 1
13644 19788 1
13644 7031 1
13644 12847 1
8736 11940 1
8736 7316 1
8736 13873 1
8736 2773 1
8736 9749 1
10557 4304 1
10557 10060 1
10557 17430 1
10557 12120 1
10557 6299 1
21044 17023 1
21044 14828 1
21044 15514 1
21044 5052 1
21044 10803 1
20518 7182 1
20518 17201 1
20518 8737 1
20518 4389 1
20518 11498 1
2522 2766 1
2522 6927 1
2522 17897 1
2522 17449 1
2522 10060 1
18064 7785 1
18064 15415 1
18064 21206 1
18064 18976 1
18064 13135 1
14859 8612 1
14859 20518 1
14859 10434 1
14859 2559 1
14859 12847 1
5894 3916 1
5894 20876 1
5894 8896 1
5894 8491 1
5894 4800 1
17430 6029 1
17430 20948 1
17430 7586 1
17430 3024 1
17430 9374 1
19171 8451 1
19171 20487 1
19171 10138 1
19171 15942 1
19788 16686 1
19788 4459 1
19788 15296 1
19788 6600 1
19788 13644 1
6612 2654 1
6612 12717 1
6612 14193 1
6612 9506 1
6612 3377 1
8241 5936 1
8241 5227 1
8241 12815 1
8241 2765 1
8241 15629 1
10397 6547 1
10397 18902 1
10397 4375 1
10397 11619 1
16573 11812 1
16573 9535 1
16573 15010 1
16573 3441 1
16573 6339 1
9463 11812 1
9463 4253 1
9463 10333 1
9463 2288 1
9463 19256 1
9749 12771 1
9749 17299 1
9749 8736 1
9749 9778 1
15510 8958 1
15510 6924 1
15510 10061 1
15510 1734 1
15510 17922 1
8010 20487 1
8010 15399 1
8010 9020 1
8010 9479 1
8010 9704 1
4138 17756 1
4138 19174 1
4138 3205 1
17522 14255 1
17522 4138 1
17522 3205 1
17522 4000 1
1020 16271 1
1020 4138 1
1020 18519 1
1020 3205 1
1020 12719 1
11315 20058 1
11315 14888 1
11315 20377 1
11315 8548 1
11315 9493 1
8548 12539 1
8548 5808 1
8548 18087 1
8548 11947 1
8548 9548 1
14888 6886 1
14888 20377 1
14888 20058 1
14888 9493 1
14888 11315 1
19158 2116 1
19158 11373 1
19158 10597 1
19158 18285 1
2677 1846 1
2677 13465 1
2677 20681 1
2677 5935 1
2677 7926 1
6284 12727 1
6284 17492 1
6284 7148 1
6284 19489 1
15699 1937 1
15699 16198 1
15699 8153 1
15699 13675 1
15699 18579 1
6998 12414 1
6998 16702 1
6998 10702 1
6998 4533 1
6998 18386 1
16957 19656 1
16957 20922 1
16957 17961 1
16957 4300 1
16957 16385 1
10702 9176 1
10702 4533 1
10702 11044 1
10702 3489 1
10702 12414 1
4775 9176 1
4775 17795 1
4775 11692 1
4775 19851 1
4775 18483 1
20062 1492 1
20062 3432 1
16107 8611 1
16107 3947 1
16107 14548 1
16107 3070 1
16107 3629 1
5914 4133 1
5914 13261 1
5914 13747 1
5914 6011 1
5914 5689 1
15979 16029 1
15979 16618 1
15979 15895 1
15979 14768 1
9347 14719 1
9347 20503 1
9347 13311 1
9347 8473 1
9347 16937 1
1193 17554 1
1193 19757 1
1193 15510 1
1193 16423 1
1193 21211 1
17492 11644 1
17492 21049 1
17492 17238 1
17492 6439 1
5801 8958 1
5801 15467 1
5801 6804 1
9093 15979 1
9093 14804 1
9093 17621 1
9093 6542 1
9093 13953 1
14797 19906 1
14797 17610 1
14797 4859 1
14797 20112 1
19735 14313 1
19735 21048 1
19735 9787 1
19735 11160 1
6774 17727 1
6774 15120 1
6774 19806 1
6774 3342 1
7517 12001 1
7517 15566 1
7517 4696 1
7517 18320 1
3879 5856 1
3879 13889 1
3879 4060 1
3879 15895 1
3879 9032 1
14703 7517 1
14703 14184 1
14703 18632 1
14703 19449 1
14703 9500 1
7739 2801 1
7739 18062 1
7739 19232 1
7739 6864 1
7739 10557 1
12974 19728 1
12974 6750 1
12974 14665 1
12974 6236 1
12974 18609 1
3921 3679 1
3921 12692 1
13560 12692 1
3658 20036 1
3658 16029 1
3658 16618 1
3658 4274 1
3658 9097 1
11954 10483 1
11954 20886 1
11954 15328 1
11954 3629 1
11954 19460 1
5798 14809 1
5798 19113 1
5798 14231 1
7539 4051 1
7539 17795 1
7539 14367 1
7539 13561 1
7539 19851 1
13155 1817 1
13155 19113 1
13155 2782 1
13155 14809 1
11940 7316 1
11940 2773 1
11940 10452 1
11940 1745 1
11940 13873 1
4533 18857 1
4533 10702 1
4533 18386 1
4533 19113 1
4533 16498 1
10796 20304 1
10796 6864 1
10796 15980 1
10796 8459 1
10796 19285 1
10708 7239 1
10708 6408 1
10708 21346 1
10708 3649 1
10708 18058 1
3744 15763 1
3744 17969 1
3744 11561 1
3744 7541 1
11621 2174 1
11621 5031 1
11621 9271 1
11621 8326 1
11621 11660 1
17719 15617 1
17719 8941 1
17719 13572 1
17719 6150 1
17719 8731 1
20304 15895 1
20304 3879 1
20304 17914 1
20304 6542 1
20304 21142 1
13768 13511 1
13768 7805 1
13768 11672 1
13768 3278 1
13768 6115 1
2547 1999 1
2547 6190 1
2547 11049 1
2547 13251 1
16256 2009 1
16256 7582 1
16256 19363 1
16256 15392 1
16256 4133 1
10333 14432 1
10333 9463 1
10333 11812 1
10333 2043 1
10333 12908 1
12802 15312 1
12802 6904 1
12802 15176 1
12802 8823 1
12802 20744 1
17346 4306 1
17346 15546 1
17346 11040 1
17346 12342 1
17346 12757 1
10535 4729 1
10535 17390 1
10535 18333 1
16923 2552 1
16923 17000 1
16923 9445 1
16923 16323 1
12858 12669 1
12858 10846 1
12858 17728 1
12858 10622 1
12858 19113 1
398 12129 1
398 10622 1
398 12858 1
398 12692 1
398 12669 1
7254 14629 1
7254 3541 1
7254 13896 1
7254 1185 1
16585 11226 1
16585 17985 1
16585 12154 1
16585 5045 1
16585 13140 1
6956 5701 1
6956 13478 1
6956 8763 1
6956 20862 1
6956 8590 1
13091 20036 1
13091 3549 1
13091 20304 1
13091 5267 1
13091 20698 1
10622 3311 1
10622 19617 1
10622 20377 1
10622 6217 1
15560 10963 1
15560 6048 1
15560 19506 1
15560 5650 1
15560 5870 1
20498 8590 1
4044 18633 1
4044 13283 1
4044 15715 1
4044 3014 1
4044 6594 1
16423 1193 1
16423 18794 1
16423 1534 1
16423 3576 1
16423 8805 1
6547 16303 1
6547 19383 1
6547 11029 1
6547 19840 1
6547 11641 1
1324 17239 1
1324 3620 1
1324 14780 1
1324 13753 1
1324 2854 1
4279 10420 1
4279 17739 1
4279 10809 1
4279 14533 1
4279 20788 1
4322 2009 1
4322 16605 1
4322 11702 1
4322 10354 1
4322 9224 1
14768 20416 1
14768 19359 1
14768 21095 1
14768 2627 1
14768 16838 1
8227 11205 1
8227 10558 1
8227 4322 1
8227 17727 1
6370 17427 1
6370 8941 1
6370 14763 1
6370 15617 1
5209 19575 1
5209 6067 1
5209 15905 1
5209 9374 1
15998 4483 1
15998 12754 1
15998 6300 1
15998 19426 1
15998 7181 1
20322 2148 1
20322 19361 1
20322 20269 1
20322 11972 1
21307 17969 1
21307 14480 1
21307 16605 1
21307 7971 1
21307 14201 1
16387 4260 1
16387 11310 1
16387 17652 1
16387 20460 1
16387 8749 1
17326 8268 1
17326 12065 1
17326 2025 1
17326 14480 1
19874 5258 1
19874 13278 1
19874 1616 1
19874 21045 1
5561 11356 1
5561 13769 1
5561 6843 1
5561 17412 1
5561 17262 1
18729 5965 1
18729 14815 1
18729 6343 1
18729 13679 1
18729 13853 1
12264 2848 1
12264 8743 1
12264 12917 1
12264 19161 1
12264 6612 1
15482 3360 1
15482 18477 1
15482 6919 1
15482 8029 1
15482 20791 1
16490 1069 1
16490 14608 1
16490 2626 1
13388 8897 1
13388 13313 1
13388 4080 1
13388 19551 1
14211 7635 1
14211 10928 1
14211 12338 1
7785 15880 1
7785 6511 1
7785 15498 1
7785 4472 1
7785 18064 1
2024 18632 1
2024 4059 1
2024 8109 1
2024 10922 1
2024 10770 1
3152 1185 1
3152 8493 1
3152 4080 1
3152 17202 1
6444 16323 1
6444 18457 1
6444 16248 1
6444 17459 1
6444 17547 1
20343 18735 1
20343 14634 1
20343 17689 1
20343 3445 1
20343 5472 1
7861 10208 1
7861 15212 1
7861 13441 1
7861 2088 1
7861 14545 1
19447 14634 1
19447 8027 1
19447 20127 1
19447 5472 1
19447 5513 1
4438 20841 1
4438 11843 1
4438 13138 1
4438 1287 1
4438 16489 1
17068 1511 1
17068 13671 1
17068 16489 1
17068 15819 1
17068 4769 1
10138 8225 1
10138 20487 1
10138 8451 1
10138 19171 1
10138 15942 1
14253 2809 1
14253 6271 1
14253 16486 1
14253 8590 1
14253 16791 1
8473 5267 1
8473 9814 1
8473 11951 1
8473 7673 1
12588 405 1
12588 15043 1
12588 6927 1
12588 11624 1
12588 18568 1
17824 3679 1
17824 15043 1
19284 12114 1
19284 20490 1
19284 16821 1
19284 17390 1
9130 2522 1
9130 14548 1
9130 4555 1
9130 6927 1
9130 17780 1
17555 3172 1
17555 11502 1
17555 5517 1
17555 19904 1
14263 17188 1
14263 21334 1
14263 11972 1
17996 3213 1
17996 17238 1
17996 4841 1
17996 6566 1
3966 19489 1
3966 20261 1
3966 21185 1
3966 13675 1
5707 7705 1
5707 10944 1
5707 19067 1
5707 1082 1
5707 18928 1
4051 13561 1
4051 4791 1
4051 19851 1
4051 7539 1
4051 16863 1
8199 6960 1
8199 10493 1
8199 13561 1
8199 19851 1
7946 8600 1
7946 8896 1
7946 19276 1
7946 3630 1
7946 4992 1
6300 1856 1
6300 17795 1
6300 10493 1
6300 10011 1
6300 9063 1
6960 6300 1
6960 18727 1
6960 17224 1
6960 785 1
10493 6772 1
10493 20763 1
10493 13436 1
10493 20791 1
7638 5638 1
7638 13214 1
7638 11099 1
7638 2198 1
14222 21354 1
14222 16736 1
14222 16362 1
14222 8319 1
14222 13585 1
7963 5304 1
7963 19454 1
7963 10274 1
7963 1828 1
7963 16385 1
11732 10281 1
11732 5327 1
11732 15974 1
11732 4169 1
11732 14026 1
10124 20694 1
10124 17449 1
10124 8064 1
10124 17368 1
13606 5816 1
13606 14313 1
16898 8390 1
16898 18632 1
16898 9182 1
16898 2552 1
16898 12360 1
10819 6472 1
10819 9026 1
10819 5050 1
10819 13679 1
1294 390 1
1294 5965 1
1294 990 1
1294 7638 1
1294 18597 1
18577 4344 1
18577 9342 1
18577 16907 1
18577 15670 1
18577 5362 1
7644 16958 1
7644 5105 1
7644 12896 1
7644 7302 1
7644 18614 1
12997 5267 1
12997 12534 1
12997 13551 1
12997 17116 1
12997 7228 1
17112 20928 1
17112 13413 1
17112 19642 1
17112 2547 1
17112 12847 1
16289 18577 1
16289 7644 1
16289 15670 1
16289 5362 1
16289 5944 1
14548 2756 1
14548 11990 1
14548 3629 1
14548 1491 1
14548 3947 1
12279 9214 1
12279 6878 1
12279 10854 1
12279 3418 1
12279 19733 1
3327 3909 1
3327 19814 1
3327 12553 1
3327 13176 1
2974 19972 1
2974 7326 1
2974 11593 1
2974 6587 1
2974 3344 1
7673 8322 1
7673 14488 1
7673 9814 1
7673 20360 1
16726 15742 1
16726 7280 1
16726 17721 1
16726 6537 1
16726 6729 1
5142 3990 1
5142 8553 1
5142 6272 1
5142 1850 1
5142 5575 1
10870 7359 1
10870 8447 1
10870 12990 1
10870 9121 1
6537 5362 1
6537 17721 1
6537 16726 1
6537 15670 1
8428 11458 1
8428 4992 1
8428 10178 1
8428 1488 1
8428 3374 1
11720 17652 1
11720 15123 1
11720 12116 1
11720 11310 1
11720 16387 1
1398 12065 1
1398 10717 1
1398 17326 1
1398 2025 1
1398 8268 1
4690 11979 1
4690 20188 1
4690 5158 1
4690 12124 1
13395 2677 1
13395 8825 1
13395 12481 1
13395 5192 1
17982 4678 1
17982 14367 1
17982 17545 1
17982 19131 1
14500 15713 1
14500 16806 1
14500 15151 1
14500 3130 1
14500 14475 1
12338 19851 1
12338 16282 1
12338 18725 1
12338 3360 1
12338 15339 1
15978 14479 1
15978 8401 1
15978 20995 1
15978 4215 1
15978 5417 1
3633 3284 1
3633 13139 1
3633 8941 1
3633 20528 1
3633 5894 1
17795 4226 1
17795 9886 1
17795 13561 1
17795 13114 1
17795 18759 1
15654 4061 1
15654 18950 1
15654 2547 1
15654 5827 1
1757 1185 1
1757 17202 1
1757 15916 1
2670 1185 1
2670 10293 1
2670 16722 1
11771 14186 1
11771 9745 1
11771 11988 1
11771 8565 1
11771 9597 1
3541 684 1
3541 7254 1
3541 1185 1
3541 4080 1
3386 18309 1
3386 17250 1
3386 11244 1
3386 3273 1
3386 13873 1
3273 15582 1
3273 18648 1
3273 3779 1
3273 14337 1
3273 11443 1
17201 7182 1
17201 13848 1
17201 8612 1
17201 3441 1
17201 9500 1
7718 10484 1
7718 5505 1
7718 9594 1
7718 10752 1
7718 8473 1
20886 9420 1
20886 16239 1
20886 10483 1
20886 19816 1
20886 11649 1
15125 13873 1
15125 4456 1
15125 18309 1
15125 3273 1
15125 3386 1
6843 6945 1
6843 13769 1
6843 2640 1
6843 17262 1
11356 6945 1
11356 13769 1
11356 2640 1
11356 15692 1
8865 5103 1
8865 1616 1
8865 8413 1
8865 1270 1
8865 18084 1
17570 2948 1
17570 9743 1
17570 15602 1
17570 7317 1
20351 7072 1
20351 14186 1
20351 10835 1
14395 12570 1
14395 9477 1
14395 16385 1
14395 7030 1
14395 19389 1
16864 20822 1
16864 16323 1
16864 16740 1
16864 11244 1
16864 13306 1
12154 6832 1
12154 11380 1
12154 13234 1
12154 18735 1
12154 7941 1
2431 3391 1
2431 6647 1
2431 7599 1
2431 13125 1
2431 3030 1
690 6852 1
690 20349 1
690 2607 1
690 13222 1
690 7178 1
4133 3202 1
4133 7389 1
4133 16256 1
4133 13628 1
4133 5574 1
2968 5192 1
2968 11310 1
2968 8825 1
2968 16979 1
2968 7926 1
8493 1185 1
8493 17202 1
8493 3152 1
8493 4080 1
9316 9445 1
9316 6329 1
9316 8109 1
9316 10691 1
9477 8861 1
9477 12570 1
9477 19389 1
9477 2184 1
9477 10274 1
5362 20094 1
5362 20734 1
5362 16289 1
5362 14949 1
4844 3400 1
4844 16848 1
4844 16802 1
4844 9503 1
4844 10176 1
4021 15120 1
4021 10992 1
4021 16804 1
4021 1616 1
4021 6988 1
6178 4191 1
6178 19663 1
6178 15972 1
6178 20510 1
4642 16940 1
4642 6178 1
4642 16848 1
4642 2697 1
4642 4731 1
12672 173 1
12672 19941 1
12672 7365 1
12672 18834 1
18003 6750 1
18003 15175 1
18003 4859 1
18003 5894 1
21190 15269 1
21190 7172 1
21190 18735 1
21190 3445 1
21190 20430 1
5521 11399 1
5521 13261 1
5521 5376 1
5521 11031 1
2592 18119 1
2592 6551 1
2592 15339 1
2592 11040 1
2592 12453 1
13653 12626 1
13653 10327 1
13653 20894 1
13653 5549 1
13653 10303 1
7892 5936 1
7892 4226 1
7892 20800 1
7892 2765 1
7892 17795 1
19666 14410 1
19666 7892 1
19666 9176 1
19666 5936 1
19666 6432 1
1447 3148 1
1447 4457 1
1447 6992 1
1447 1250 1
1447 7900 1
3916 18076 1
3916 5894 1
3916 16574 1
3916 12306 1
2559 14859 1
2559 20214 1
2559 11558 1
2559 10434 1
2559 9155 1
10434 29 1
10434 14859 1
10434 20214 1
10434 2559 1
13135 3543 1
13135 12239 1
13135 15750 1
13135 20640 1
13135 8655 1
18043 11692 1
18043 9831 1
18043 14235 1
18043 4152 1
18043 21060 1
1798 14253 1
1798 9061 1
1798 11569 1
1798 14865 1
17897 19709 1
17897 19661 1
17897 17771 1
17897 4555 1
17897 16236 1
11819 14722 1
11819 12663 1
11819 13722 1
11819 13346 1
2766 14153 1
2766 3396 1
2766 19788 1
2766 6113 1
2766 5704 1
4389 7182 1
4389 19318 1
4389 3344 1
4389 17829 1
9555 3633 1
9555 17725 1
9555 16190 1
9555 8941 1
9555 15617 1
2362 1093 1
2362 18632 1
2362 18644 1
2362 3908 1
2362 20822 1
13884 4671 1
13884 3344 1
13884 2616 1
13884 12605 1
6113 3396 1
6113 18764 1
6113 19788 1
6113 17558 1
6113 17813 1
1093 8125 1
1093 17160 1
1093 5971 1
1093 11990 1
1093 20822 1
6031 9187 1
6031 13216 1
6031 11310 1
6031 2677 1
6031 16979 1
8076 4820 1
8076 7718 1
8076 15602 1
8076 21084 1
14177 9541 1
14177 8590 1
14177 8773 1
14177 7387 1
14177 8064 1
20514 10124 1
20514 20230 1
20514 11435 1
20514 4066 1
20514 12602 1
10638 6445 1
10638 18071 1
10638 18357 1
10638 20519 1
10638 8941 1
18113 6663 1
18113 16077 1
18113 7978 1
18113 3554 1
18113 10230 1
18449 3371 1
18449 10622 1
4952 1250 1
4952 10237 1
4952 15415 1
4952 15387 1
11233 11037 1
11233 7871 1
11233 11972 1
11233 7383 1
11233 14263 1
13702 15974 1
13702 10354 1
13702 19972 1
13702 4555 1
13702 6927 1
3826 4677 1
3826 17575 1
18288 2056 1
18288 19480 1
7172 3510 1
7172 20430 1
7172 11420 1
7172 13008 1
3057 16966 1
3057 14500 1
3057 11637 1
3057 4274 1
7147 2552 1
7147 10060 1
7147 15286 1
3593 13634 1
3593 10057 1
3593 6067 1
20876 5894 1
19607 18202 1
19607 18632 1
19607 19232 1
16323 5918 1
16323 20430 1
16323 7971 1
13031 1612 1
13031 12708 1
13031 5771 1
13031 6283 1
13031 7600 1
4564 7892 1
4564 5936 1
4564 3371 1
4564 4226 1
8491 4800 1
8491 14531 1
19605 17299 1
19605 2056 1
19605 9500 1
4063 6217 1
4063 5045 1
6880 12663 1
2765 17795 1
2765 9176 1
2765 5936 1
2765 9122 1
12641 6727 1
12641 13729 1
5584 18955 1
16430 20528 1
16430 15463 1
833 4367 1
833 11040 1
833 13368 1
5771 13803 1
5771 12708 1
5771 6283 1
5771 8248 1
5771 11030 1
9886 9886 1
14824 7317 1
14824 8723 1
14780 4939 1
14780 19449 1
14780 7718 1
11049 3534 1
11049 9234 1
11049 13413 1
11049 20939 1
9038 4820 1
9038 14804 1
9038 14460 1
5746 5488 1
5746 10831 1
5746 18168 1
5746 17459 1
5746 17547 1
18091 16559 1
18091 17969 1
10153 9420 1
10153 15133 1
10153 10483 1
10153 11649 1
3058 10699 1
20662 10699 1
20662 18211 1
15724 5267 1
15724 17813 1
9589 8963 1
9589 10060 1
9589 2033 1
9589 7722 1
12337 11438 1
12337 10281 1
12337 3700 1
2687 13006 1
2687 20362 1
2687 4109 1
10922 2987 1
10922 18188 1
10922 4304 1
12568 1487 1
12568 15733 1
12568 2913 1
12568 17033 1
3161 20744 1
3161 12987 1
3161 16179 1
18279 3148 1
18279 14253 1
18279 12120 1
18279 4457 1
20748 9430 1
20748 20087 1
20748 5827 1
1742 6029 1
1742 21217 1
1742 8796 1
15733 1487 1
15733 17033 1
15733 12568 1
14087 8274 1
14087 11373 1
14087 2116 1
13769 17262 1
13769 11356 1
13769 17412 1
13769 5561 1
13769 6843 1
12123 10271 1
15415 4602 1
6948 17575 1
6948 14653 1
10240 5793 1
10240 13785 1
10240 6575 1
3656 10691 1
16824 8401 1
16824 20995 1
16824 14479 1
16824 15978 1
16824 16304 1
8752 2544 1
8752 19269 1
8752 6110 1
6283 1612 1
6283 13031 1
6283 7600 1
6283 12708 1
4637 19161 1
4637 8723 1
4637 4985 1
4637 16416 1
4637 12264 1
16416 4985 1
16416 21276 1
16416 6727 1
16416 8723 1
21354 15821 1
21354 9670 1
21354 14222 1
21354 3878 1
21354 8752 1
9832 1162 1
9832 18274 1
9832 8958 1
14770 8894 1
11498 7182 1
11498 7718 1
11498 5505 1
11498 8612 1
13480 5630 1
13480 14605 1
13480 6299 1
13480 8761 1
5250 21001 1
5250 2476 1
5250 8569 1
18071 5434 1
18071 11234 1
18071 20881 1
20362 4109 1
20362 10014 1
20362 1633 1
20362 12876 1
11913 7079 1
11913 16823 1
9444 8601 1
9444 7971 1
9444 14500 1
2900 10019 1
2900 8787 1
2900 14669 1
2900 3344 1
2900 17368 1
8445 15784 1
8445 16323 1
8445 12599 1
9735 15339 1
9735 4488 1
9735 18477 1
10515 12033 1
10515 11335 1
10515 6927 1
10515 9097 1
19475 8495 1
19475 12277 1
20547 4337 1
20547 2168 1
20547 9663 1
20547 1616 1
20547 17368 1
5733 10699 1
16392 1511 1
16392 6841 1
16392 3867 1
12277 11750 1
12277 19475 1
10631 9613 1
10631 6959 1
10631 4731 1
14771 17514 1
14771 10178 1
6541 20822 1
6541 11310 1
6541 11237 1
9106 19426 1
9106 9073 1
9106 13627 1
7460 11356 1
7460 17262 1
7460 6843 1
7460 6945 1
16458 16752 1
16458 14708 1
11630 16624 1
11630 6087 1
11630 13135 1
11630 5742 1
12453 2592 1
12453 12481 1
17637 13395 1
17637 2948 1
17637 11561 1
6115 3278 1
6115 17000 1
13840 19401 1
13840 17303 1
13840 9778 1
13840 17299 1
11795 20894 1
11795 14384 1
11795 17739 1
11795 5549 1
11795 10327 1
15476 9661 1
15476 10976 1
14653 6024 1
14653 17165 1
14653 7548 1
21197 17412 1
2473 8586 1
15792 20950 1
15792 15175 1
15792 4413 1
15792 5811 1
17877 16848 1
17877 10153 1
17877 3064 1
17877 11649 1
20346 13752 1
11293 6408 1
11293 1734 1
1886 6921 1
1886 10281 1
1886 6727 1
1886 8723 1
1886 16596 1
14231 19113 1
14231 12094 1
13413 6190 1
13413 17112 1
13413 9234 1
13413 11049 1
6921 5015 1
6921 19232 1
6921 6727 1
6921 12538 1
6921 14026 1
3629 10153 1
3629 11954 1
20614 20614 1
20614 16385 1
18644 1093 1
18644 18632 1
18644 20822 1
18644 2362 1
18644 3908 1
2184 19389 1
2184 11469 1
2184 16385 1
2184 14708 1
158 2062 1
158 552 1
9074 1872 1
9074 16321 1
9074 3306 1
9074 6299 1
9074 6533 1
6959 6404 1
6959 17897 1
6959 9613 1
6959 10710 1
18481 14374 1
18481 9721 1
8418 17007 1
8418 20349 1
20763 6984 1
20763 18998 1
20763 9735 1
20763 10493 1
13356 10765 1
13356 8590 1
13356 20927 1
7255 3247 1
7255 18477 1
7255 19245 1
6432 19666 1
6432 14410 1
6432 9176 1
6432 7996 1
19687 6927 1
19687 13091 1
4050 10796 1
4050 4263 1
4050 18062 1
4050 9024 1
13457 18477 1
16686 3866 1
16686 19788 1
16686 12847 1
16686 13644 1
16686 16154 1
1872 14669 1
1872 9074 1
1872 6533 1
1872 6299 1
9234 2547 1
9234 4601 1
8825 3729 1
8825 16979 1
8825 14521 1
8825 13395 1
10835 20351 1
10835 8277 1
3148 18279 1
3148 18190 1
3148 14046 1
12599 18632 1
12599 11913 1
12599 7079 1
12599 20822 1
7282 19773 1
7282 19613 1
7282 16190 1
7282 15617 1
7282 8941 1
14689 4992 1
14689 5817 1
14689 6718 1
3990 5575 1
3990 15670 1
16000 10079 1
16000 7977 1
16000 3666 1
16823 8445 1
16823 11244 1
16823 12599 1
2009 4322 1
2009 19454 1
2009 10992 1
2009 18404 1
12708 6283 1
12708 20803 1
12708 9612 1
12708 3835 1
18144 11420 1
18144 4730 1
18144 3278 1
18144 16467 1
19790 13813 1
14852 18983 1
14852 8941 1
14852 15617 1
14852 6150 1
20230 15979 1
20230 8771 1
20230 20230 1
20230 10124 1
16489 11843 1
16489 5472 1
6708 14374 1
6708 21218 1
6708 6449 1
947 16605 1
947 8941 1
947 16190 1
947 6150 1
947 1929 1
11048 4621 1
11048 14124 1
11048 13807 1
11048 19315 1
11048 17718 1
9871 2522 1
9871 11335 1
9871 4555 1
9871 17160 1
1641 19806 1
14124 4621 1
14124 19315 1
14124 17718 1
14124 11048 1
14124 13807 1
18871 13006 1
18871 13884 1
18871 12605 1
17193 9506 1
17193 14193 1
5671 17390 1
5671 20289 1
16805 6774 1
16805 14475 1
16805 19806 1
12120 10557 1
12120 9444 1
12120 1147 1
12120 18279 1
6359 6727 1
6359 2998 1
6359 12523 1
6403 9176 1
6403 6280 1
3934 16568 1
3934 6299 1
3934 19972 1
20121 13480 1
20121 9187 1
20121 14768 1
20121 1968 1
16849 14320 1
687 21354 1
687 18439 1
687 2093 1
687 14533 1
687 8752 1
8867 2033 1
8867 11244 1
8867 13873 1
8867 11310 1
8867 5457 1
6864 6299 1
6864 7266 1
6864 10796 1
5811 15175 1
5811 20950 1
5811 4413 1
5811 15792 1
13862 15007 1
13862 7112 1
13862 7748 1
13754 18955 1
15026 8590 1
15026 8064 1
15026 9002 1
7619 6708 1
5815 4423 1
5815 2626 1
5815 19363 1
5815 1228 1
5815 6542 1
13222 10043 1
13222 6852 1
13222 20349 1
13222 1750 1
13222 2607 1
4992 14193 1
14868 13220 1
14868 18274 1
14868 10672 1
15751 1616 1
15751 7900 1
15751 17558 1
15751 14298 1
15751 4457 1
5052 2476 1
5052 21044 1
5052 10803 1
5052 14828 1
12727 3228 1
12727 9738 1
12727 17238 1
9864 10699 1
9864 20442 1
8203 19702 1
8203 5156 1
8203 2599 1
8203 12218 1
10672 18274 1
10672 14868 1
10672 17414 1
9854 15392 1
9854 17558 1
9854 13123 1
641 7585 1
641 10472 1
641 4304 1
641 17558 1
3080 17725 1
3080 3284 1
3080 8941 1
3080 3633 1
3080 20466 1
16248 2552 1
16248 7334 1
16248 10079 1
5549 11795 1
5549 8679 1
5549 8353 1
18357 6734 1
18357 10638 1
18357 3947 1
17165 10917 1
17165 6024 1
17165 5247 1
17165 5827 1
6449 6359 1
6449 5289 1
6449 8963 1
6449 2998 1
6449 6727 1
3407 3344 1
3407 17829 1
11637 2047 1
11637 5267 1
11637 16618 1
11637 8611 1
4707 6303 1
4707 14298 1
4707 18279 1
4707 16596 1
3061 14022 1
3061 6741 1
13306 16740 1
13306 16864 1
13306 16923 1
13306 8335 1
13306 11244 1
10014 6238 1
10014 18448 1
10014 13241 1
10014 12847 1
10014 8737 1
2998 6727 1
2998 16317 1
2998 18570 1
16989 15613 1
16989 13651 1
16989 17376 1
3775 20074 1
3775 20136 1
8495 9866 1
8495 11750 1
8495 20052 1
5203 18279 1
5203 4304 1
5203 10558 1
5203 14598 1
10999 10130 1
10999 11972 1
20052 14933 1
20052 8495 1
20052 9113 1
3845 15368 1
3845 16267 1
16190 6150 1
16190 16605 1
16190 947 1
16190 8941 1
10429 5362 1
10429 20517 1
10429 5142 1
19134 10429 1
19134 3990 1
19134 18557 1
4320 1209 1
4320 13698 1
4320 17368 1
4320 20709 1
18570 10927 1
18570 16816 1
18570 15591 1
18570 6727 1
14455 3382 1
14455 17018 1
14455 5608 1
5457 2601 1
5457 8867 1
10365 4555 1
10365 14073 1
10365 6754 1
10365 1671 1
10365 7334 1
20241 997 1
20241 6115 1
20241 3278 1
8737 2790 1
8737 6230 1
8737 10014 1
8737 14996 1
8737 19318 1
17790 5275 1
17790 13515 1
17790 16558 1
16766 7418 1
16766 14669 1
20881 5487 1
20881 17277 1
965 17499 1
965 6150 1
965 17719 1
965 8731 1
965 13572 1
13310 18311 1
11265 6762 1
11265 19929 1
11265 8856 1
11265 2854 1
11265 9704 1
13006 2354 1
13006 8737 1
13006 20362 1
13006 4109 1
16782 14533 1
16782 12360 1
14722 11819 1
14722 12663 1
8814 17355 1
8814 14136 1
8804 7090 1
8804 6144 1
8804 6626 1
16653 14170 1
16653 11884 1
16653 6505 1
16653 8213 1
5954 18841 1
5954 20258 1
5954 17947 1
5954 10865 1
19594 4647 1
1488 3374 1
1488 8428 1
12187 18339 1
12187 10594 1
12187 20688 1
5517 1492 1
5517 11244 1
5517 14313 1
5517 9500 1
5517 6109 1
579 8941 1
579 18983 1
579 14852 1
579 6150 1
7163 491 1
7163 9721 1
7163 6886 1
7163 12376 1
1846 8963 1
1846 9589 1
1846 2552 1
5487 17707 1
5487 15368 1
5487 6291 1
7133 4171 1
7133 17412 1
12046 11218 1
12046 18851 1
12046 7055 1
12046 9365 1
11223 20354 1
11223 18998 1
10387 687 1
10387 4907 1
10387 3878 1
12033 11335 1
12033 9097 1
12033 4555 1
20213 13719 1
20213 12292 1
20213 15984 1
20213 8083 1
4576 3284 1
4576 11099 1
4576 9332 1
16437 3860 1
16437 10708 1
16437 7239 1
16437 997 1
16437 7347 1
8615 17867 1
16386 13135 1
16386 6882 1
16386 1158 1
16386 8076 1
18834 173 1
18834 19941 1
18834 7365 1
18834 12672 1
17188 11213 1
17188 14263 1
17188 11233 1
17188 11972 1
13073 19337 1
13073 13873 1
13073 15272 1
13073 7316 1
13073 11244 1
4394 5879 1
4394 4235 1
4394 20184 1
19208 1937 1
19208 16653 1
19208 11884 1
19208 12504 1
7347 8519 1
7347 3860 1
20037 5289 1
20037 6449 1
4086 13841 1
4086 6952 1
4086 14194 1
684 6224 1
684 3541 1
684 4080 1
16321 7293 1
16321 9074 1
16321 6299 1
16321 6533 1
6505 16653 1
6505 9909 1
6505 17575 1
6505 15010 1
18632 20308 1
18632 18062 1
12871 11624 1
12871 15043 1
2626 16490 1
2626 15724 1
2626 9224 1
2626 7389 1
5918 11244 1
5918 10911 1
18597 14449 1
18597 12429 1
18597 18998 1
18597 1294 1
1010 19064 1
1010 4299 1
11469 14617 1
11469 6130 1
11469 7382 1
20522 16709 1
20522 9430 1
20522 15387 1
16304 15978 1
16304 14955 1
16304 16824 1
16304 8401 1
16304 14479 1
2697 4642 1
2697 1589 1
2697 13788 1
10927 12753 1
10927 6541 1
20803 5871 1
20803 9612 1
20803 6600 1
14479 8401 1
14479 16304 1
14479 16824 1
14479 15978 1
14479 20995 1
12833 6727 1
12833 15453 1
12833 8251 1
12833 1616 1
12833 8723 1
9351 8612 1
4413 3740 1
4413 20950 1
4413 4472 1
4413 15792 1
9321 17003 1
9321 16053 1
9321 17790 1
6899 17430 1
6899 9535 1
6899 9026 1
6899 20948 1
15897 16409 1
15897 17575 1
19189 6930 1
19189 10401 1
6919 18477 1
6919 16645 1
6919 11696 1
6919 20791 1
6743 19064 1
4274 6727 1
4274 3879 1
4274 18286 1
4274 9234 1
4274 5549 1
12812 13719 1
12812 13862 1
12812 6418 1
12812 7112 1
9520 11040 1
9520 12802 1
9520 16024 1
10178 3630 1
10178 19840 1
10178 18254 1
4657 12466 1
4657 9630 1
12887 19837 1
12887 21041 1
12887 15992 1
12887 3677 1
12887 4080 1
16179 13788 1
16179 17743 1
16179 6741 1
16179 21197 1
6303 8072 1
6303 19985 1
6303 4707 1
6303 10281 1
6712 19425 1
6712 9430 1
20289 7637 1
20289 17390 1
20289 4906 1
20289 20462 1
7121 2282 1
7121 5732 1
7121 8872 1
7121 7442 1
7121 15979 1
13268 13241 1
13268 12847 1
13268 21004 1
13268 8612 1
13268 17201 1
5038 1508 1
5038 3371 1
8969 5979 1
13877 7178 1
13877 18388 1
13877 8344 1
13877 3993 1
17558 17726 1
17558 4457 1
17558 6921 1
17558 20781 1
10196 16518 1
19895 17238 1
19895 7148 1
19895 17996 1
19895 4841 1
12124 11979 1
12124 20188 1
12124 5983 1
12124 7083 1
18683 17725 1
18683 6651 1
18683 18964 1
18683 8543 1
18683 20329 1
16214 6708 1
16214 21276 1
16214 9886 1
16214 14480 1
18309 4456 1
18309 3273 1
18309 936 1
18309 13873 1
10079 7266 1
10079 15813 1
10079 16248 1
10079 16000 1
17486 5936 1
17486 4226 1
17486 7892 1
17486 2765 1
17486 14410 1
5216 18499 1
5216 12277 1
5216 8495 1
6971 16518 1
6971 18311 1
16024 6810 1
16024 9520 1
16024 19082 1
16024 8549 1
12873 10870 1
12873 7359 1
12873 5920 1
12873 7280 1
19457 20694 1
19457 8590 1
19457 19158 1
19457 12160 1
19457 17449 1
17412 6843 1
17412 17262 1
17412 7133 1
17412 2640 1
17412 9506 1
15776 2168 1
15776 10401 1
15776 19341 1
15776 6930 1
15776 7159 1
19068 20791 1
19068 5031 1
19068 19068 1
19068 19370 1
10990 2080 1
10990 11566 1
10990 9430 1
10990 11016 1
15601 5704 1
15601 9838 1
15601 2602 1
15601 4892 1
21218 3148 1
21218 21026 1
21218 7284 1
21218 14201 1
6085 3266 1
6085 8219 1
6085 4975 1
6085 2480 1
6085 5703 1
5029 3441 1
5029 11367 1
5029 2854 1
5029 7860 1
18976 20519 1
18976 14002 1
18976 18064 1
18976 7962 1
18976 10869 1
8277 1924 1
8277 6810 1
8277 8981 1
8277 13959 1
8277 12642 1
4985 6471 1
4985 6727 1
4985 8723 1
12392 8530 1
12392 6542 1
12392 9013 1
12392 5793 1
12392 14633 1
2975 2761 1
2975 16709 1
2975 718 1
2975 18306 1
4621 20779 1
4621 5814 1
4621 8238 1
4621 18064 1
7090 10819 1
7090 14683 1
7090 17125 1
7090 3441 1
7090 14119 1
16966 4555 1
16966 20698 1
16966 6927 1
16966 3057 1
16966 10515 1
11624 15043 1
11624 18848 1
11624 18568 1
11624 4115 1
15739 2079 1
15739 19027 1
15739 9911 1
15739 17664 1
12876 6238 1
12876 20362 1
12876 17201 1
12876 14335 1
12876 8737 1
11649 10483 1
11649 14313 1
11649 17664 1
11649 5517 1
11649 19460 1
4795 1563 1
4795 17449 1
4795 14669 1
4795 2974 1
4795 17368 1
1228 8398 1
1228 2626 1
1228 4320 1
1228 19806 1
1228 9886 1
3266 9494 1
3266 10233 1
3266 20591 1
3266 17352 1
10803 12931 1
10803 12422 1
10803 5052 1
10803 17794 1
17347 6759 1
17347 10311 1
17347 1447 1
17347 14805 1
5635 15617 1
5635 9161 1
5635 16190 1
5635 9555 1
5635 5687 1
10134 2571 1
10134 10401 1
10134 6930 1
4608 18882 1
4608 13346 1
4608 12663 1
4608 11748 1
17696 15339 1
17696 17984 1
17696 16647 1
8289 20881 1
8289 9286 1
8289 17499 1
8289 18071 1
18988 7460 1
18988 17262 1
18988 6843 1
18988 6945 1
14948 13890 1
14948 11040 1
14948 15339 1
14948 6551 1
14948 7590 1
9187 11839 1
9187 2677 1
9187 18339 1
9187 5935 1
9187 13395 1
6718 9854 1
6718 15392 1
6718 14689 1
6718 10084 1
8765 15578 1
8765 15269 1
8765 10534 1
8765 8698 1
8765 18195 1
9174 3913 1
9174 16599 1
9174 1824 1
9174 18511 1
10401 19189 1
10401 10134 1
10401 15776 1
10401 4977 1
10401 6930 1
7298 8749 1
7298 17652 1
7298 11979 1
7298 12116 1
7298 11720 1
7637 17390 1
7637 20462 1
7637 9933 1
7637 20289 1
7637 18804 1
14221 11893 1
14221 10770 1
14221 14298 1
14221 3866 1
14221 6631 1
19159 10240 1
19159 7451 1
19159 13125 1
19159 6575 1
19159 16436 1
8 19256 1
8 134 1
8 16573 1
8 8163 1
8 9535 1
16053 4859 1
16053 20971 1
16053 9321 1
16053 19082 1
16053 17790 1
16848 3947 1
16848 10153 1
16848 14313 1
16848 4844 1
6144 17496 1
6144 20318 1
6144 7090 1
6144 11238 1
6967 4804 1
6967 20377 1
6967 7866 1
6967 13233 1
6967 19974 1
7576 16650 1
7576 10699 1
19941 12672 1
19941 11296 1
19941 18834 1
19941 3441 1
19941 19814 1
4304 18279 1
4304 9814 1
4304 14302 1
4304 21276 1
4304 18247 1
20372 8611 1
20372 8910 1
20372 1152 1
20372 12163 1
6381 4647 1
6381 6851 1
6381 15257 1
6381 16235 1
7284 1608 1
7284 6342 1
7284 14488 1
7284 15120 1
7284 10472 1
6992 3148 1
6992 14046 1
6992 5327 1
6992 535 1
6992 10472 1
4299 4086 1
4299 11034 1
4299 11623 1
4299 5706 1
1007 6618 1
1007 14335 1
1007 21004 1
1007 17112 1
1007 15786 1
15821 4570 1
15821 18858 1
15821 16362 1
15821 21354 1
15821 5401 1
9097 3549 1
9097 4555 1
9097 1132 1
9097 6355 1
11566 2080 1
11566 11016 1
11566 12294 1
11566 9430 1
11566 10990 1
4488 10179 1
4488 20763 1
4488 14833 1
4488 9326 1
9825 18677 1
9825 11979 1
9825 10580 1
9825 17717 1
14763 17427 1
14763 15617 1
14763 8941 1
6533 16516 1
6533 12976 1
6533 16321 1
6533 4648 1
6533 6299 1
10785 21224 1
10785 10203 1
10785 12798 1
10785 16518 1
9073 3021 1
9073 9106 1
9073 6300 1
17303 1983 1
17303 10842 1
16937 2290 1
16937 14521 1
16937 9347 1
16937 13311 1
6238 7182 1
6238 13631 1
6238 17829 1
6238 5258 1
14473 2314 1
14473 5855 1
14473 9886 1
14473 9372 1
14473 18497 1
15296 5871 1
15296 14303 1
15296 6727 1
15296 15613 1
15296 7026 1
2552 1846 1
2552 16923 1
2552 13753 1
2552 17393 1
3375 15269 1
3375 20354 1
3375 5645 1
3375 1503 1
3375 7602 1
13251 3534 1
13251 11049 1
13251 16681 1
18189 10699 1
18189 12669 1
8965 17621 1
8965 4423 1
8965 6542 1
8965 2599 1
8965 4066 1
17739 5358 1
17739 11795 1
17739 20894 1
17739 17986 1
17739 9494 1
5394 3866 1
5394 18439 1
5394 15613 1
5394 16566 1
6217 20504 1
6217 20642 1
6217 20892 1
6217 5045 1
6217 10622 1
10072 10060 1
10072 17570 1
10072 2262 1
10072 18114 1
11244 18313 1
11244 13132 1
11244 16923 1
11244 3024 1
11244 21036 1
20297 5156 1
20297 20919 1
20297 6678 1
20297 2599 1
20297 8203 1
8706 13365 1
8706 13572 1
7883 498 1
7883 17656 1
7883 15467 1
7883 12692 1
7883 11302 1
20971 4859 1
20971 19082 1
20971 9321 1
20971 16053 1
20132 15984 1
20132 13719 1
20132 12292 1
20132 20213 1
4999 7207 1
4999 7685 1
4999 10121 1
4999 1022 1
4999 12978 1
13229 3327 1
13229 9332 1
13229 14448 1
13229 4599 1
656 13020 1
656 18991 1
656 8146 1
656 20941 1
10532 6439 1
10532 12538 1
10532 14298 1
10532 14103 1
10532 7573 1
13241 20379 1
13241 14335 1
13241 17703 1
13241 5344 1
13241 17829 1
8529 18902 1
8529 21106 1
8529 14374 1
13234 10900 1
13234 15365 1
13234 12436 1
13234 3700 1
13234 16566 1
17376 6252 1
17376 911 1
17376 15613 1
13261 4977 1
13261 5673 1
13261 17466 1
13261 6345 1
13374 9886 1
13374 4320 1
13374 21218 1
13374 1228 1
13374 20709 1
6750 18003 1
6750 5894 1
6750 19706 1
6750 4859 1
6750 12974 1
14157 7030 1
14157 16385 1
14157 1846 1
14157 10060 1
5104 3284 1
5104 16917 1
5104 17725 1
5104 8941 1
5104 11296 1
17424 6961 1
17424 16029 1
17424 7673 1
17424 4106 1
17424 10631 1
9194 3847 1
9194 9797 1
9194 19799 1
9194 6561 1
16682 6615 1
16682 4423 1
16682 7500 1
16682 3812 1
16682 10765 1
4337 2402 1
4337 2033 1
4337 5510 1
4337 1445 1
4337 16242 1
10483 15328 1
10483 11649 1
10483 5517 1
10483 14313 1
18284 3943 1
18284 4859 1
18284 1695 1
12523 18356 1
12523 6727 1
12523 5289 1
12523 14374 1
13346 12663 1
13346 11748 1
13346 6742 1
7031 7459 1
7031 4483 1
7031 9672 1
7031 3534 1
7031 13355 1
3549 19850 1
3549 6824 1
3549 13091 1
3549 6355 1
4171 12480 1
4171 8856 1
4171 20193 1
4171 7133 1
4171 9020 1
8655 6324 1
8655 13135 1
8655 8390 1
8655 3405 1
8655 16387 1
11124 6925 1
11124 17244 1
11124 8571 1
11124 3011 1
11124 10120 1
1898 17007 1
1898 20349 1
1898 15785 1
4255 16709 1
4255 9430 1
12026 11954 1
12026 10483 1
12026 19460 1
12026 5517 1
12026 21034 1
1392 1242 1
1392 20679 1
1392 1532 1
1392 11914 1
1392 18998 1
16206 12338 1
16206 5958 1
16206 14077 1
6261 20349 1
6261 13176 1
6261 11738 1
6261 3909 1
6261 15181 1
8298 20349 1
8298 20744 1
8298 17743 1
8298 13761 1
18626 19159 1
18626 16518 1
18626 17164 1
18626 11147 1
18626 12247 1
12865 5362 1
12865 14342 1
12865 6348 1
12865 800 1
12865 7644 1
1929 21193 1
1929 6150 1
1929 8941 1
1929 3633 1
1929 16605 1
12628 3021 1
12628 11972 1
12628 7399 1
13853 13253 1
13853 9941 1
13853 6694 1
13853 15813 1
4800 8491 1
13247 5505 1
13247 10752 1
13247 7716 1
8569 2476 1
8569 21001 1
8569 4829 1
8569 5250 1
1162 21112 1
1162 8958 1
1162 9832 1
1162 18274 1
11861 6542 1
11861 4423 1
11861 14500 1
11861 2996 1
17298 8519 1
17298 13752 1
17298 2730 1
