5976 16439 1
5976 16066 1
5976 14636 1
5976 14010 1
5976 12859 1
16439 13502 1
16439 10036 1
16439 12859 1
16439 14010 1
16439 5976 1
12859 14010 1
12859 10036 1
12859 16439 1
12859 13502 1
12859 5976 1
14010 13502 1
14010 10036 1
14010 12859 1
14010 16439 1
14010 5976 1
14636 5976 1
14636 16066 1
16066 5976 1
16066 14636 1
13502 16439 1
13502 10796 1
13502 8101 1
13502 7955 1
13502 18055 1
10036 20831 1
10036 13502 1
10036 6901 1
10036 6837 1
10036 13011 1
10796 12584 1
10796 9799 1
10796 12123 1
10796 10710 1
10796 15713 1
8101 12123 1
8101 11833 1
8101 5537 1
8101 13502 1
8101 12759 1
7955 2616 1
7955 13502 1
7955 3237 1
7955 12123 1
18055 16746 1
18055 10246 1
18055 8426 1
18055 8193 1
18055 12434 1
6901 3237 1
6901 10036 1
20831 18629 1
20831 13910 1
20831 12597 1
20831 10036 1
20831 20022 1
6837 15471 1
6837 14067 1
6837 17136 1
6837 20714 1
6837 13690 1
13011 17227 1
13011 10036 1
13011 20391 1
13011 15627 1
13011 9226 1
20022 3897 1
20022 15295 1
20022 20831 1
20022 19026 1
20022 11900 1
10246 2806 1
10246 12434 1
10246 11503 1
10246 18055 1
10246 14608 1
12597 19545 1
12597 6889 1
12597 13910 1
12597 15295 1
12597 4593 1
13910 12597 1
13910 6987 1
13910 12163 1
13910 7720 1
13910 16816 1
18629 987 1
18629 20831 1
18629 15295 1
12434 2806 1
12434 11503 1
12434 18055 1
12434 14608 1
12434 10246 1
5537 16665 1
5537 6141 1
5537 10574 1
5537 9805 1
5537 9753 1
12759 8101 1
12759 17930 1
12759 3547 1
12759 16515 1
12759 6522 1
2616 12899 1
2616 13642 1
2616 6238 1
2616 4671 1
2616 12219 1
15627 17227 1
15627 13011 1
15627 12306 1
15627 10859 1
15627 16410 1
9799 9266 1
9799 10796 1
9799 12584 1
17136 6837 1
20714 16316 1
20714 11997 1
20714 11208 1
20714 8567 1
20714 13648 1
11833 19630 1
11833 19835 1
11833 10558 1
11833 10395 1
11833 17879 1
20391 13011 1
20391 9859 1
20391 7508 1
20391 6820 1
20391 19920 1
3237 5471 1
3237 7955 1
3237 8334 1
3237 12597 1
3237 17705 1
10710 20172 1
10710 19417 1
10710 13508 1
10710 14237 1
10710 20445 1
15471 13739 1
15471 16878 1
15471 6829 1
15471 6741 1
15471 11611 1
12123 7955 1
12123 18055 1
12123 3931 1
12123 13008 1
12123 6741 1
14067 6837 1
16746 19835 1
16746 18055 1
16746 16026 1
16746 15274 1
16746 2874 1
9226 15627 1
9226 12488 1
9226 17131 1
9226 17227 1
9226 10036 1
12584 9266 1
12584 10796 1
12584 9799 1
13690 6837 1
13690 17065 1
13690 7052 1
13690 15434 1
13690 9170 1
8426 2089 1
8426 16326 1
8426 6741 1
8426 18055 1
8426 6956 1
17227 17131 1
17227 10036 1
17227 15627 1
17227 13011 1
17227 9226 1
8193 13002 1
8193 18055 1
8193 17000 1
8193 16081 1
8193 17909 1
15713 12694 1
15713 8459 1
15713 14500 1
15713 13259 1
15713 7871 1
16081 14455 1
16081 6336 1
16081 16644 1
16081 18123 1
16081 3581 1
13002 14945 1
13002 13356 1
13002 10135 1
13002 8193 1
13002 16849 1
6956 13478 1
6956 19696 1
6956 16326 1
6956 6741 1
6956 17520 1
2089 11441 1
2089 12667 1
2089 5971 1
2089 9634 1
2089 6956 1
9170 13690 1
9170 19529 1
9170 15628 1
9170 12092 1
9170 15434 1
4593 17032 1
4593 16486 1
4593 12597 1
4593 19545 1
4593 14244 1
15434 9170 1
15434 13690 1
17131 12488 1
17131 17227 1
17131 13417 1
17131 13011 1
17131 6340 1
12488 6340 1
12488 13011 1
12488 17131 1
12488 15627 1
12488 10036 1
15274 16746 1
15274 20337 1
15274 21320 1
15274 17166 1
15274 12580 1
16026 16572 1
16026 7066 1
16026 16849 1
16026 16746 1
16026 2814 1
13008 12128 1
13008 14071 1
13008 4837 1
13008 13502 1
13008 11208 1
20172 10710 1
20172 17730 1
20172 14237 1
20172 14152 1
20172 7713 1
16878 13739 1
16878 10167 1
16878 16731 1
16878 15471 1
16878 5657 1
20445 13699 1
20445 17286 1
20445 4948 1
20445 4898 1
20445 10710 1
14237 11260 1
14237 6518 1
14237 10342 1
14237 6642 1
14237 20542 1
8334 3237 1
10395 16196 1
10395 19028 1
10395 19630 1
10395 11764 1
10395 17150 1
19630 14533 1
19630 11833 1
19630 10147 1
19630 9788 1
19630 17879 1
7052 172 1
7052 17065 1
7052 17468 1
7052 13690 1
7052 1914 1
11611 14634 1
11611 15991 1
11611 7599 1
11611 6999 1
11611 20430 1
13648 38 1
13648 20714 1
13648 3305 1
13648 6837 1
17879 11780 1
17879 20542 1
17879 6141 1
17879 5873 1
17879 10452 1
8567 5757 1
8567 13283 1
8567 20714 1
8567 11478 1
8567 15458 1
16665 12 1
16665 9805 1
16665 5537 1
16665 14916 1
16665 9385 1
6889 13125 1
6889 13910 1
6889 20831 1
6889 14253 1
6889 20670 1
17909 7127 1
17909 11412 1
17909 8193 1
2874 21320 1
2874 16746 1
2874 15274 1
2874 7276 1
9859 3638 1
9859 19953 1
9859 20391 1
9859 21350 1
9859 19920 1
13739 5657 1
13739 15471 1
13739 16878 1
13642 13283 1
13642 10057 1
13642 9070 1
13642 8590 1
13642 15715 1
13259 8459 1
13259 15713 1
13259 11486 1
13259 10796 1
13259 2723 1
12219 18174 1
12219 18287 1
12219 19107 1
12219 10185 1
12219 2616 1
10574 14533 1
10574 17071 1
10574 9890 1
10574 9530 1
10574 18262 1
12306 3916 1
12306 16410 1
12306 18076 1
12306 15627 1
12306 8254 1
12694 13970 1
12694 15211 1
12694 9202 1
12694 8459 1
12694 13259 1
10859 20824 1
10859 15627 1
14608 10468 1
14608 18273 1
14608 2806 1
14608 2627 1
14608 9772 1
12899 2616 1
12899 9580 1
6522 3206 1
6522 12759 1
6522 9581 1
6522 17399 1
6522 20005 1
4671 20518 1
4671 7182 1
4671 8138 1
4671 13884 1
4671 18174 1
13508 10710 1
13508 20110 1
13508 14152 1
16515 21221 1
16515 12745 1
16515 11411 1
16515 11366 1
16515 17399 1
17000 13002 1
17000 6799 1
17000 12005 1
17000 7002 1
17000 17393 1
17065 19954 1
17065 1914 1
17065 13690 1
17065 7052 1
17065 1730 1
2806 3961 1
2806 12434 1
2806 11503 1
2806 9772 1
2806 14608 1
14500 8520 1
14500 3831 1
14500 7673 1
14500 4423 1
14500 20878 1
19835 12542 1
19835 19630 1
19835 8101 1
19835 7127 1
19835 11833 1
3547 14287 1
3547 13519 1
3547 3986 1
3547 20529 1
3547 8100 1
9753 8101 1
9753 19103 1
9753 5560 1
9753 15974 1
9753 6496 1
11208 13008 1
11208 15083 1
11208 8892 1
11208 7796 1
11208 18181 1
19026 16453 1
19026 20022 1
19026 9810 1
19026 8191 1
19026 15230 1
7871 11486 1
7871 14500 1
7871 10796 1
7871 11591 1
7871 15637 1
11503 2806 1
11503 14608 1
11503 18055 1
11503 12434 1
11503 10246 1
7720 15190 1
7720 10489 1
7720 18114 1
7720 12362 1
7720 15490 1
8459 13259 1
8459 15713 1
8459 11486 1
8459 10796 1
8459 7871 1
16316 13008 1
16316 11593 1
16316 20714 1
16316 14190 1
16316 11208 1
3931 3940 1
3931 12383 1
3931 12859 1
3931 14010 1
3931 11176 1
17705 13872 1
17705 19096 1
17705 6889 1
17705 5897 1
17705 13413 1
9266 12584 1
9266 9799 1
9266 10796 1
3897 9753 1
3897 11190 1
3897 9304 1
3897 17714 1
3897 11900 1
16410 7432 1
16410 15627 1
16410 8254 1
16410 18076 1
16410 12306 1
987 9948 1
987 19503 1
987 3030 1
987 2806 1
987 12794 1
19417 6959 1
19417 13699 1
19417 3901 1
19417 17071 1
19417 6529 1
11997 18037 1
11997 11831 1
11997 7628 1
11997 6464 1
11997 13008 1
11900 3897 1
11900 20022 1
11900 4947 1
15295 8691 1
15295 18629 1
15295 1731 1
15295 16962 1
15295 8242 1
6238 7182 1
6238 8612 1
6238 4199 1
6238 13241 1
6238 14859 1
16326 19843 1
16326 16179 1
16326 10548 1
16326 8426 1
16326 18889 1
6820 19953 1
6820 17130 1
6820 20391 1
6820 21350 1
6820 3638 1
6141 9753 1
6141 7705 1
6141 16632 1
6141 10809 1
6141 13849 1
6987 18330 1
6987 17341 1
6987 4753 1
6987 4689 1
6987 7573 1
9805 18807 1
9805 20910 1
9805 17317 1
9805 14916 1
9805 4225 1
6741 13502 1
6741 16326 1
6741 18740 1
6741 10796 1
6741 12667 1
19545 12597 1
19545 17591 1
19545 6278 1
19545 5730 1
19545 11395 1
7508 19920 1
7508 21350 1
7508 20391 1
7508 19953 1
7508 3638 1
5471 11997 1
5471 8245 1
5471 19780 1
5471 6464 1
5471 19790 1
6829 5657 1
6829 18761 1
6829 15471 1
19920 7508 1
19920 20391 1
19920 17130 1
19920 9859 1
19920 3638 1
16816 12740 1
16816 18376 1
16816 15591 1
16816 13910 1
16816 9302 1
12163 11749 1
12163 6882 1
12163 11342 1
12163 7732 1
12163 19159 1
10558 13586 1
10558 8140 1
10558 15751 1
10558 8229 1
10558 19685 1
17930 20383 1
17930 12861 1
17930 11667 1
17930 9894 1
17930 16045 1
5560 10237 1
5560 15250 1
5560 16791 1
5560 15911 1
5560 5753 1
10468 18273 1
10468 7556 1
10468 17734 1
10468 16321 1
10468 7293 1
8100 3547 1
8100 9486 1
13417 20252 1
13417 16885 1
13417 5681 1
13417 5108 1
13417 13345 1
6464 19790 1
6464 18037 1
6464 11997 1
6464 11831 1
6464 19403 1
13519 3547 1
13519 7168 1
13519 14287 1
13519 7333 1
13519 5213 1
12542 3941 1
12542 19835 1
12542 7645 1
12542 11143 1
16632 12168 1
16632 7089 1
16632 17879 1
16632 14111 1
16632 6141 1
20878 8841 1
20878 13426 1
20878 19790 1
20878 14500 1
20878 12477 1
19107 12219 1
19107 10185 1
19107 9923 1
19107 9550 1
19107 18287 1
20910 3142 1
20910 9805 1
20910 5100 1
3961 13125 1
3961 2042 1
3961 5471 1
3961 19503 1
3961 1968 1
19503 10854 1
19503 14480 1
19503 4086 1
19503 3961 1
19503 6613 1
1730 12442 1
1730 12543 1
1730 13628 1
1730 5467 1
1730 19954 1
16045 12050 1
16045 17930 1
16045 5481 1
16045 4394 1
16045 8519 1
17393 16930 1
17393 8529 1
17393 15856 1
17393 10053 1
17393 20426 1
11667 12754 1
11667 4901 1
11667 17930 1
11667 14707 1
11667 3941 1
7276 2874 1
7276 15274 1
7276 21320 1
7276 16746 1
11366 8216 1
11366 16515 1
11366 21003 1
10548 19948 1
10548 16638 1
10548 8373 1
10548 7256 1
10548 16610 1
11411 15069 1
11411 16515 1
11411 16045 1
11411 20738 1
11411 3858 1
12745 17782 1
12745 9637 1
12745 21221 1
12745 16515 1
12745 8101 1
20110 13508 1
20110 9904 1
20110 13007 1
20110 14152 1
20110 5891 1
3206 5170 1
3206 9852 1
3206 12759 1
3206 15326 1
3206 20005 1
7705 17001 1
7705 20235 1
7705 13072 1
7705 8434 1
7705 19370 1
20518 17201 1
20518 20189 1
20518 8737 1
20518 8612 1
20518 13268 1
9772 987 1
9772 14608 1
9772 2806 1
5897 17705 1
5897 11395 1
5897 14219 1
5897 20074 1
5897 12754 1
9202 12694 1
9202 13970 1
9202 14904 1
9202 11591 1
9202 7871 1
15211 15577 1
15211 15911 1
15211 14219 1
15211 13872 1
15211 7871 1
9894 15230 1
9894 14244 1
9894 17930 1
9894 20383 1
9894 15826 1
2627 17726 1
2627 7387 1
2627 14768 1
2627 18062 1
2627 2179 1
15715 3014 1
15715 8590 1
15715 18633 1
15715 13642 1
15715 6594 1
9580 13119 1
9580 19823 1
9580 12899 1
9580 18049 1
9580 2616 1
13970 14904 1
13970 12694 1
13970 15637 1
13970 13634 1
13970 11749 1
19696 20777 1
19696 11081 1
19696 20001 1
19696 11816 1
19696 5223 1
8254 7432 1
8254 18076 1
8254 16410 1
8254 12306 1
8254 15627 1
9890 6959 1
9890 17071 1
9890 10574 1
9890 10029 1
9890 19417 1
18076 18858 1
18076 15821 1
18076 12306 1
18076 8254 1
18076 4331 1
16849 7066 1
16849 15162 1
16849 4298 1
16849 16026 1
16849 6294 1
13884 13241 1
13884 12605 1
13884 7940 1
13884 6238 1
13884 18902 1
9385 14662 1
9385 6099 1
9385 16665 1
9385 16871 1
9385 5347 1
12128 17139 1
12128 9541 1
12128 14071 1
12128 19927 1
12128 7172 1
17730 20172 1
17730 12332 1
17730 18501 1
17730 13592 1
17730 6745 1
6278 7386 1
6278 13039 1
6278 8989 1
6278 10799 1
6278 5015 1
7182 11498 1
7182 8240 1
7182 20189 1
7182 13241 1
7182 9351 1
6336 2511 1
6336 7121 1
6336 14455 1
6336 17657 1
6336 18123 1
13699 14111 1
13699 12422 1
13699 10347 1
13699 10029 1
13699 19417 1
15490 11876 1
15490 7660 1
15490 18750 1
15490 15965 1
15490 3030 1
11260 17172 1
11260 20493 1
11260 14237 1
17468 7052 1
6642 11109 1
6642 14008 1
6642 6408 1
6642 6404 1
6642 10423 1
19953 21350 1
19953 17130 1
19953 7548 1
19953 7508 1
19953 2388 1
20824 10859 1
20824 17742 1
20824 13454 1
20824 10872 1
20824 7899 1
11764 10147 1
11764 15103 1
11764 10395 1
13356 11710 1
13356 20927 1
13356 16962 1
13356 13002 1
13356 8590 1
14152 13041 1
14152 19938 1
14152 7173 1
14152 18683 1
14152 10710 1
3986 8101 1
3986 6522 1
3986 16045 1
3986 3602 1
3986 7060 1
14533 7284 1
14533 4161 1
14533 6708 1
14533 16898 1
14533 11552 1
20337 3226 1
20337 15274 1
20337 17226 1
20337 17166 1
20337 12580 1
11780 17879 1
11780 5537 1
11780 19527 1
11780 20997 1
11780 2919 1
19028 19868 1
19028 10147 1
19028 15103 1
19028 10395 1
19028 9139 1
1914 1125 1
1914 7052 1
1914 17065 1
1914 6837 1
1914 15327 1
6999 4360 1
6999 13693 1
6999 20281 1
6999 10167 1
6999 11611 1
18740 20544 1
18740 14577 1
18740 8351 1
18740 7246 1
18740 16851 1
38 13648 1
38 20714 1
38 3237 1
38 3053 1
38 3305 1
8892 15083 1
8892 7720 1
8892 11208 1
8892 15628 1
8892 6968 1
2723 13259 1
2723 16833 1
2723 7982 1
2723 8301 1
2723 8336 1
7796 11354 1
7796 14909 1
7796 11208 1
7796 15083 1
7796 683 1
10489 15190 1
10489 11206 1
10489 4616 1
10489 4054 1
10489 9316 1
14071 13008 1
14071 9541 1
14071 16365 1
14071 17139 1
14071 7172 1
13872 15577 1
13872 12211 1
13872 13910 1
13872 12370 1
13872 6332 1
9810 10173 1
9810 19026 1
9810 15945 1
9810 13670 1
9810 1075 1
2814 9150 1
2814 16572 1
2814 10841 1
2814 15991 1
2814 4481 1
17341 10750 1
17341 6115 1
17341 17000 1
17341 16922 1
17341 5637 1
15991 15421 1
15991 18735 1
15991 6160 1
15991 5477 1
15991 14634 1
4948 20445 1
4948 18164 1
4948 13592 1
4948 10967 1
4948 4898 1
17286 20445 1
17286 13592 1
17286 18164 1
17286 14533 1
17286 10347 1
172 17065 1
172 7052 1
15230 15873 1
15230 17688 1
15230 6515 1
15230 5984 1
15230 13780 1
15628 13008 1
15628 11208 1
15628 8892 1
15628 7796 1
15628 20304 1
15083 15628 1
15083 7796 1
15083 11208 1
15083 8892 1
15083 7720 1
11591 11749 1
11591 7871 1
11591 13634 1
11591 17457 1
11591 5574 1
17317 9805 1
17317 11145 1
12740 14111 1
12740 16262 1
12740 12060 1
12740 11109 1
12740 18376 1
9070 2616 1
9070 13642 1
15637 13970 1
15637 11749 1
15637 17069 1
15637 14904 1
15637 9202 1
1731 3445 1
1731 15295 1
1731 17689 1
1731 9623 1
1731 4588 1
18114 20863 1
18114 13501 1
18114 9376 1
18114 9099 1
18114 18201 1
11176 1563 1
11176 6961 1
11176 17103 1
11176 10864 1
11176 4200 1
8191 10187 1
8191 19026 1
8191 14920 1
8191 16954 1
8191 3305 1
20529 766 1
20529 3547 1
20529 11273 1
20529 10284 1
20529 2907 1
19096 16871 1
19096 6889 1
19096 19231 1
19096 17705 1
19096 5471 1
10167 21209 1
10167 7599 1
10167 10861 1
10167 11611 1
10167 6999 1
7713 12950 1
7713 7982 1
7713 14152 1
7713 10342 1
7713 14237 1
11593 16475 1
11593 18487 1
11593 8097 1
11593 7130 1
11593 17228 1
19159 18626 1
19159 16436 1
19159 13125 1
19159 12163 1
19159 6575 1
18761 5657 1
18761 16758 1
18761 6829 1
16572 16849 1
16572 9309 1
16572 7066 1
16572 5871 1
16572 16026 1
16453 17533 1
16453 15945 1
16453 13670 1
16453 10173 1
16453 1075 1
11478 13383 1
11478 8567 1
11478 21239 1
11478 13283 1
11478 2969 1
3916 18076 1
3916 15627 1
3916 16574 1
3916 15821 1
3916 12306 1
3940 3931 1
7432 15627 1
7432 18076 1
7432 8254 1
7432 9821 1
7432 12306 1
3030 17110 1
3030 7675 1
3030 17863 1
3030 14998 1
3030 12754 1
4423 11861 1
4423 8965 1
4423 13129 1
4423 19977 1
4423 13557 1
6529 7832 1
6529 7226 1
6529 6128 1
6529 9591 1
6529 20427 1
18037 19403 1
18037 12477 1
18037 11831 1
18037 10557 1
18037 19790 1
14455 9417 1
14455 6082 1
14455 8963 1
14455 6124 1
14455 13059 1
21221 11451 1
21221 6277 1
21221 9723 1
21221 8101 1
21221 18244 1
6496 11947 1
6496 6962 1
6496 9753 1
6496 21002 1
6496 6446 1
17130 7508 1
17130 20391 1
17130 19953 1
17130 19920 1
17130 3638 1
15190 7535 1
15190 13910 1
15190 3743 1
15190 14755 1
15190 6458 1
8691 15295 1
8691 12236 1
8691 11523 1
8691 16962 1
8691 16719 1
13241 10541 1
13241 5611 1
13241 10014 1
13241 6230 1
13241 16126 1
10057 13976 1
10057 12324 1
10057 4044 1
10057 3783 1
10057 8630 1
9948 658 1
9948 12163 1
9948 16610 1
9948 13125 1
9948 7732 1
10147 16327 1
10147 15911 1
10147 21028 1
10147 20667 1
10147 19537 1
14859 20518 1
14859 20214 1
14859 10434 1
14859 10014 1
14859 14335 1
4225 9805 1
4225 6023 1
3305 10472 1
3305 16954 1
3305 14022 1
3305 20235 1
3305 17819 1
19843 12667 1
19843 18889 1
19843 16610 1
19843 16326 1
19843 6741 1
7573 975 1
7573 13091 1
7573 3742 1
7573 10532 1
7573 6987 1
16179 16326 1
16179 21197 1
16179 17743 1
16179 20744 1
16179 6741 1
18889 19843 1
18889 16610 1
18889 12667 1
18889 12202 1
18889 2089 1
19685 16088 1
19685 14253 1
19685 10558 1
19685 8328 1
19685 16486 1
18181 11208 1
18181 6968 1
18181 10107 1
18181 8892 1
18181 5418 1
10809 15554 1
10809 13788 1
10809 5537 1
10809 5045 1
10809 8945 1
11831 19790 1
11831 19403 1
11831 11997 1
11831 18037 1
11831 6464 1
8242 15295 1
8242 11004 1
8242 13910 1
8242 12756 1
8242 1700 1
18330 20294 1
18330 13002 1
18330 12005 1
18330 10288 1
18330 16567 1
18807 15863 1
18807 19811 1
18807 5334 1
18807 5279 1
18807 11619 1
12383 3931 1
7066 16849 1
7066 11253 1
7066 5914 1
7066 13753 1
7066 13444 1
6518 17897 1
6518 10423 1
6518 6408 1
6518 6404 1
6518 19661 1
4947 11900 1
4947 20022 1
4947 19159 1
4947 6575 1
4947 13125 1
6340 10778 1
6340 7308 1
6340 9226 1
6340 20391 1
6340 13011 1
4753 6039 1
4753 12466 1
4753 12754 1
4753 8204 1
4753 13105 1
8245 8328 1
8245 13910 1
8245 9002 1
8245 17150 1
8245 8535 1
19780 18466 1
19780 14253 1
19780 8328 1
19780 8245 1
19780 19269 1
5730 770 1
5730 20421 1
5730 10136 1
5730 6398 1
5730 19545 1
17591 19545 1
17591 11395 1
17591 10106 1
17591 9129 1
17591 15752 1
19790 9136 1
19790 14500 1
19790 3071 1
19790 17372 1
19790 8590 1
7599 20532 1
7599 6987 1
7599 5632 1
7599 5491 1
7599 17897 1
4689 14812 1
4689 13164 1
4689 6987 1
4689 19356 1
4689 6308 1
20542 20098 1
20542 16940 1
20542 14533 1
20542 14237 1
20542 4549 1
12362 17817 1
12362 7817 1
12362 6446 1
12362 6436 1
12362 18717 1
18376 10660 1
18376 18875 1
18376 12740 1
18376 12060 1
18376 4853 1
12794 17004 1
12794 11964 1
12794 7720 1
12794 6640 1
12794 15190 1
9302 12740 1
9302 12060 1
9302 10660 1
9302 16262 1
9302 6727 1
11749 13266 1
11749 14546 1
11749 10148 1
11749 9975 1
11749 14903 1
11342 10352 1
11342 12826 1
11342 6832 1
11342 13991 1
11342 9462 1
3581 7121 1
3581 16081 1
19103 5560 1
19103 14690 1
19103 9753 1
19103 5914 1
19103 2272 1
7732 9948 1
7732 10443 1
7732 13988 1
7732 12163 1
7732 987 1
13586 8245 1
13586 12616 1
13586 4107 1
13586 20002 1
13586 6685 1
19954 1730 1
19954 17065 1
8612 14335 1
8612 12876 1
8612 11498 1
8612 21004 1
8612 13268 1
15974 11310 1
15974 20072 1
15974 5020 1
15974 20660 1
15974 9753 1
15751 7900 1
15751 19629 1
15751 3148 1
15751 16214 1
15751 6992 1
12861 302 1
12861 17930 1
12861 1050 1
12861 11667 1
11395 16542 1
11395 15211 1
11395 10202 1
11395 8443 1
11395 19545 1
13849 1790 1
13849 10809 1
13849 13492 1
13849 10862 1
13849 6141 1
14916 15102 1
14916 11629 1
14916 9316 1
14916 6986 1
14916 16990 1
13125 14244 1
13125 6889 1
13125 14253 1
13125 8197 1
13125 16073 1
9304 3869 1
9304 12805 1
9304 3897 1
9304 5439 1
19529 17449 1
19529 9170 1
19529 15628 1
19529 12092 1
19529 6961 1
21320 2874 1
21320 16746 1
21320 7276 1
21320 15274 1
20430 13254 1
20430 5754 1
20430 12002 1
20430 7172 1
20430 16740 1
10342 15299 1
10342 14152 1
10342 8377 1
10342 7982 1
10342 14237 1
6959 17500 1
6959 20370 1
6959 10574 1
6959 7832 1
6959 17897 1
17520 15471 1
17520 8952 1
17520 11441 1
17520 9322 1
17520 6956 1
20383 5723 1
20383 17930 1
20383 9894 1
20383 15498 1
13478 1153 1
13478 12406 1
13478 6639 1
13478 21196 1
13478 6956 1
16486 9873 1
16486 21157 1
16486 4461 1
16486 19269 1
16486 8328 1
16644 7121 1
16644 16473 1
16644 16081 1
14190 13149 1
14190 17348 1
14190 7718 1
14190 7716 1
14190 10752 1
6882 397 1
6882 16386 1
6882 658 1
6882 12163 1
6882 4403 1
14244 11111 1
14244 18294 1
14244 4767 1
14244 21039 1
14244 10118 1
4837 11997 1
4837 11208 1
4837 20714 1
4837 16316 1
4837 12502 1
17714 3897 1
18123 14455 1
18123 12919 1
18123 8590 1
18123 7843 1
18123 17055 1
16731 16486 1
16731 16878 1
16731 5871 1
16731 5657 1
16731 13788 1
5757 8567 1
14634 14320 1
14634 8251 1
14634 13284 1
14634 8354 1
14634 15162 1
10135 20657 1
10135 16567 1
10135 13002 1
10135 17828 1
20005 17630 1
20005 13063 1
20005 9581 1
20005 9286 1
20005 16515 1
7673 14488 1
7673 15979 1
7673 9814 1
7673 18307 1
7673 17424 1
17032 4593 1
17032 15911 1
17032 9316 1
17032 13910 1
4898 20445 1
4898 9594 1
4898 14533 1
4898 13699 1
4898 13592 1
12580 20337 1
12580 17166 1
12580 15274 1
12580 15221 1
12092 15628 1
12092 9170 1
12092 14894 1
12092 12866 1
12092 6961 1
15591 12163 1
15591 18570 1
15591 16816 1
7002 15209 1
7002 7935 1
7002 9853 1
7002 7975 1
7002 6685 1
8229 14253 1
8229 10558 1
8229 8064 1
8229 7885 1
8229 13586 1
17399 12759 1
17399 16045 1
17399 5170 1
17399 3986 1
17399 9581 1
14945 13002 1
14945 20657 1
14945 21265 1
4199 15005 1
4199 19874 1
4199 2810 1
4199 8221 1
4199 8711 1
16962 20927 1
16962 11765 1
16962 21076 1
16962 12163 1
16962 6099 1
5971 11990 1
5971 8552 1
5971 3209 1
5971 3070 1
5971 13705 1
16196 2781 1
16196 17150 1
16196 10395 1
16196 18345 1
17166 12580 1
17166 20337 1
17166 15274 1
12667 18889 1
12667 12075 1
12667 10548 1
12667 8373 1
12667 16326 1
11190 7463 1
11190 17393 1
11190 3869 1
11190 12476 1
11190 5963 1
5873 1790 1
5873 17879 1
5873 10574 1
9634 150 1
9634 2538 1
9634 1977 1
9634 6741 1
9634 2089 1
10452 11940 1
10452 11244 1
10452 4731 1
10452 4723 1
10452 10631 1
13283 11478 1
13283 21239 1
13283 15458 1
13283 20976 1
13283 4044 1
15458 3352 1
15458 13283 1
15458 8567 1
15458 20976 1
15458 11478 1
13413 17112 1
13413 19067 1
13413 9234 1
13413 8240 1
13413 19403 1
14287 3547 1
14287 7168 1
14287 13519 1
14287 7333 1
14287 5213 1
9788 6446 1
9788 19630 1
9788 18532 1
17150 10395 1
17150 17558 1
17150 6035 1
17150 19396 1
17150 8245 1
12 16665 1
12 3429 1
12 19868 1
12 16071 1
12 14916 1
11441 12123 1
11441 6956 1
11441 17520 1
11441 15471 1
11441 6741 1
18273 14608 1
18273 6657 1
18273 18065 1
18273 17734 1
18273 4486 1
14253 15026 1
14253 10558 1
14253 19985 1
14253 11230 1
14253 16486 1
3901 9500 1
3901 6529 1
3901 20350 1
3901 14237 1
3901 3153 1
20670 3056 1
20670 7633 1
20670 5637 1
20670 21181 1
20670 6889 1
5657 16731 1
5657 16878 1
5657 13739 1
5657 6722 1
5657 10861 1
8520 17986 1
8520 20018 1
8520 14475 1
8520 16806 1
8520 740 1
11412 16897 1
11412 18367 1
11412 6831 1
11412 6558 1
11412 7777 1
10185 7813 1
10185 11231 1
10185 3804 1
10185 12549 1
10185 6294 1
8140 19519 1
8140 8917 1
8140 15210 1
8140 12031 1
8140 9354 1
3638 20391 1
3638 7508 1
3638 19920 1
3638 17130 1
3638 3810 1
21350 7508 1
21350 19953 1
21350 17130 1
21350 9859 1
21350 3638 1
8590 15026 1
8590 7376 1
8590 9002 1
8590 7998 1
8590 19454 1
6799 18015 1
6799 17000 1
6799 17375 1
6799 18970 1
6799 20294 1
11486 15713 1
11486 13575 1
11486 14500 1
11486 13259 1
11486 4450 1
3831 9594 1
3831 17726 1
3831 6419 1
3831 17986 1
3831 20660 1
18174 12219 1
18174 4671 1
18174 17829 1
18174 16217 1
18174 2790 1
12005 18454 1
12005 16870 1
12005 9684 1
12005 5861 1
12005 19658 1
18287 536 1
18287 12219 1
18287 10003 1
18287 19107 1
18287 10185 1
8138 8829 1
8138 9015 1
8138 17187 1
8138 4671 1
8138 9029 1
7127 11143 1
7127 19835 1
7127 17909 1
7127 11412 1
7127 5824 1
9581 9478 1
9581 4596 1
9581 8996 1
9581 4853 1
9581 12506 1
17071 13699 1
17071 10574 1
17071 10029 1
17071 9890 1
17071 17394 1
9530 14989 1
9530 14385 1
9530 7936 1
9530 16436 1
9530 19137 1
7628 17598 1
7628 20012 1
7628 18472 1
7628 11782 1
7628 7768 1
18262 11852 1
18262 15404 1
18262 6708 1
18262 16761 1
18262 10049 1
17598 18472 1
17598 13333 1
17598 8889 1
17598 7972 1
17598 19499 1
19137 3015 1
19137 9530 1
19137 19212 1
19137 10971 1
19137 9300 1
14385 9530 1
14385 17158 1
17394 9080 1
17394 13788 1
17394 17071 1
17394 10662 1
6408 20822 1
6408 14379 1
6408 6393 1
6408 15954 1
6408 19661 1
5824 19835 1
5824 7127 1
5824 11412 1
14894 74 1
14894 12866 1
14894 6350 1
14894 17449 1
14894 12092 1
10003 536 1
10003 12219 1
10003 18287 1
10003 11437 1
10003 10185 1
19658 890 1
19658 12005 1
19658 3130 1
19658 16226 1
19658 10723 1
4450 10796 1
4450 14500 1
4450 7871 1
4450 11486 1
4450 13259 1
18970 3302 1
18970 17375 1
18970 6799 1
18970 20294 1
18970 17000 1
7998 16834 1
7998 14435 1
7998 2302 1
7998 9807 1
7998 5187 1
3810 21350 1
3810 6459 1
3810 7508 1
3810 20391 1
3810 3638 1
14577 18740 1
14577 20137 1
14577 13894 1
14577 13591 1
14577 3418 1
8917 8140 1
8917 16779 1
8917 19170 1
11231 19186 1
11231 8660 1
11231 18689 1
11231 12549 1
11231 6294 1
7777 11412 1
6831 7273 1
6831 11412 1
6831 12991 1
6831 12875 1
6831 11857 1
18367 11412 1
18367 19835 1
18367 16463 1
14475 17986 1
14475 8963 1
14475 20018 1
14475 11337 1
14475 3069 1
20018 17986 1
20018 8963 1
20018 7552 1
20018 3495 1
20018 14480 1
21181 13091 1
21181 20670 1
21181 13736 1
21181 5637 1
12476 7463 1
12476 20282 1
12476 11190 1
3056 5311 1
3056 6889 1
3056 20670 1
3056 12754 1
3056 5637 1
9500 7517 1
9500 4844 1
9500 6529 1
9500 5013 1
9500 17001 1
15026 13953 1
15026 11663 1
15026 9002 1
15026 8611 1
15026 15979 1
4486 17734 1
4486 6501 1
4486 6657 1
4486 18273 1
4486 7556 1
18065 18608 1
18065 17734 1
18065 15551 1
18065 12397 1
18065 3441 1
3429 9039 1
3429 16071 1
3429 19503 1
3429 19868 1
3429 15654 1
5170 3206 1
5170 12759 1
5170 3986 1
5170 17399 1
19396 16392 1
19396 4958 1
19396 4055 1
19396 3867 1
19396 14187 1
18532 13546 1
18532 16620 1
18532 16128 1
18532 14360 1
3352 20976 1
3352 15115 1
3352 11953 1
3352 16812 1
3352 15458 1
20976 12380 1
20976 6764 1
20976 15458 1
20976 13283 1
20976 3352 1
10631 20098 1
10631 15370 1
10631 10452 1
10631 20542 1
18345 16196 1
7899 17742 1
7899 15527 1
7899 13454 1
7899 19705 1
2781 17150 1
2781 10395 1
2781 19028 1
2781 7201 1
3070 9087 1
3070 11929 1
3070 6517 1
3070 14548 1
3070 2756 1
11765 21076 1
11765 10490 1
11765 16962 1
11765 10806 1
11765 4038 1
19874 9075 1
19874 21045 1
19874 13278 1
19874 9388 1
19874 1616 1
15005 7388 1
15005 13232 1
15005 4077 1
15005 13373 1
15005 5935 1
11523 15634 1
11523 4956 1
11523 17801 1
11523 7817 1
18487 1277 1
18487 11593 1
18487 17923 1
18487 17228 1
18487 8787 1
7975 9853 1
7975 21088 1
7975 7832 1
7975 7002 1
7975 19656 1
9853 19656 1
9853 7935 1
9853 11540 1
9853 7975 1
9853 7002 1
12866 13493 1
12866 12092 1
12866 8080 1
12866 7675 1
12866 17449 1
13575 330 1
13575 11486 1
15221 19783 1
15221 17007 1
15221 9404 1
15221 9176 1
15221 12587 1
7885 14253 1
7885 15168 1
7885 8229 1
7885 13438 1
7885 5871 1
20072 19972 1
20072 16568 1
20072 16236 1
20072 15974 1
20072 2974 1
15979 8611 1
15979 4555 1
15979 8115 1
15979 5267 1
15979 20036 1
19985 7988 1
19985 11940 1
19985 4169 1
19985 6546 1
9286 8289 1
9286 3627 1
9286 15935 1
9286 8101 1
13063 3496 1
13063 15428 1
13063 7268 1
13063 20005 1
13063 11348 1
6099 7812 1
6099 6262 1
6099 15123 1
6099 9385 1
6099 5347 1
17630 3986 1
17630 20005 1
17630 17399 1
8251 12833 1
8251 12023 1
8251 11843 1
8251 12906 1
14320 20803 1
14320 16026 1
14320 5472 1
14320 5320 1
14320 8027 1
11940 19985 1
11940 13873 1
11940 10452 1
11940 1745 1
15327 1125 1
15327 1914 1
17055 5673 1
17055 18123 1
17055 13261 1
10118 14044 1
10118 15123 1
10118 13423 1
10118 18630 1
10118 3073 1
8377 19383 1
8377 20140 1
8377 14912 1
8377 10342 1
8377 15299 1
10148 11749 1
10148 10711 1
10148 13266 1
10148 11342 1
10148 6374 1
17112 20928 1
17112 12847 1
17112 19642 1
17112 17705 1
17112 2547 1
4767 15230 1
4767 5758 1
4767 12761 1
4767 8566 1
4767 14244 1
16954 10187 1
16954 14920 1
16954 12097 1
16954 3305 1
10752 13149 1
10752 9594 1
10752 8834 1
10752 8076 1
10752 14633 1
17348 8834 1
17348 13344 1
17348 5505 1
17348 13548 1
17348 7716 1
13149 14190 1
13149 14791 1
13149 11782 1
13149 10752 1
13149 13247 1
21157 17251 1
21157 9873 1
21157 6666 1
21157 5889 1
21157 12194 1
21196 13478 1
21196 6639 1
21196 19822 1
21196 12096 1
10750 18168 1
10750 18336 1
10750 6187 1
10750 6102 1
10750 17000 1
12406 1153 1
12406 16635 1
12406 21048 1
12406 13478 1
12406 8075 1
19370 14299 1
19370 10152 1
19370 18060 1
20304 14013 1
20304 8106 1
20304 13008 1
20304 8853 1
20304 17116 1
9015 14735 1
9015 18245 1
9015 4066 1
9015 3894 1
9015 8829 1
5723 17930 1
5723 9894 1
5723 20383 1
5723 15498 1
5723 15826 1
8952 11441 1
8952 6956 1
8952 17520 1
8952 6741 1
17657 6336 1
17657 20200 1
17657 10741 1
20370 16884 1
20370 13399 1
20370 9372 1
20370 8873 1
20370 17952 1
17500 6959 1
17500 20427 1
17500 9591 1
17500 7982 1
17500 5425 1
15299 14237 1
15299 10710 1
15299 8377 1
15299 7982 1
15299 20172 1
4853 9581 1
4853 10932 1
4853 13706 1
4853 5868 1
16740 20822 1
16740 13306 1
16740 16864 1
16740 20430 1
16740 11244 1
5754 18735 1
5754 10303 1
5754 20430 1
5754 12652 1
5754 14823 1
2272 17817 1
2272 17451 1
2272 21110 1
2272 13231 1
2272 3715 1
17449 6542 1
17449 10581 1
17449 6961 1
17449 13407 1
8197 6458 1
8197 9462 1
8197 15190 1
8197 13125 1
16990 15123 1
16990 17279 1
16990 8101 1
16990 7622 1
16990 14916 1
6986 14916 1
6986 9316 1
6986 8109 1
6986 7614 1
6986 4413 1
13492 16645 1
13492 19531 1
13492 19313 1
13492 14085 1
13492 2427 1
1790 16502 1
1790 10558 1
1790 4587 1
1790 17730 1
1790 12571 1
8443 11395 1
8443 8590 1
8443 20136 1
8443 20245 1
10202 14212 1
10202 17306 1
10202 13903 1
10202 11395 1
397 18350 1
397 19591 1
397 6882 1
397 10684 1
397 658 1
7900 16657 1
7900 10472 1
7900 15907 1
7900 21215 1
20657 15371 1
20657 10135 1
20657 17000 1
20657 16567 1
20657 8193 1
16542 16691 1
16542 11395 1
16542 19944 1
16542 13872 1
16542 6472 1
5020 10789 1
5020 12136 1
5020 14149 1
5020 16385 1
5020 5918 1
21004 20189 1
21004 13268 1
21004 12876 1
21004 12847 1
11230 13398 1
11230 15372 1
11230 19269 1
11230 9357 1
11230 5753 1
12876 20362 1
12876 13241 1
12876 7940 1
12876 20518 1
12876 12605 1
9873 18606 1
9873 21157 1
9873 20034 1
9873 1269 1
13988 16963 1
13988 10398 1
13988 8116 1
13988 7732 1
10443 18246 1
10443 4864 1
10443 13988 1
10443 16535 1
10443 1601 1
6961 7284 1
6961 8882 1
6961 10084 1
6961 15034 1
6961 15628 1
6832 15128 1
6832 8654 1
6832 14546 1
6832 21309 1
6832 16411 1
9975 12826 1
9975 18544 1
9975 10352 1
9975 11342 1
20421 770 1
20421 10136 1
20421 5730 1
20421 6398 1
14546 16411 1
14546 11749 1
14546 13266 1
14546 20722 1
14546 11342 1
7463 18078 1
7463 12476 1
7463 5963 1
7463 5542 1
7463 13780 1
6640 8228 1
6640 15856 1
6640 15107 1
6640 11416 1
11964 12794 1
11964 5758 1
11964 5721 1
11964 8970 1
17004 987 1
17004 12794 1
17004 17505 1
17004 15296 1
17004 12154 1
18875 15204 1
18875 18376 1
18875 5074 1
18875 4992 1
18875 12286 1
17817 18717 1
17817 12759 1
17817 7500 1
17817 6542 1
14335 17201 1
14335 12847 1
14335 10014 1
14335 21004 1
16071 14047 1
16071 20924 1
16071 19960 1
16071 15654 1
16071 3429 1
4549 15010 1
4549 20542 1
4549 21000 1
4549 14533 1
4549 14237 1
13164 4689 1
13164 14812 1
13164 19356 1
13164 13883 1
14812 4689 1
14812 19356 1
14812 13164 1
14812 13883 1
12075 20658 1
12075 10548 1
12075 8551 1
12075 8373 1
12075 16610 1
5491 20486 1
5491 11858 1
5491 5605 1
5491 13685 1
5491 5985 1
3071 6774 1
3071 20660 1
3071 13423 1
3071 12477 1
3071 15123 1
9129 14364 1
9129 19688 1
9129 7156 1
9129 12240 1
4731 6501 1
4731 16877 1
4731 10631 1
4731 13592 1
4161 14927 1
4161 7083 1
4161 2929 1
4161 6322 1
4161 14473 1
9099 20027 1
9099 19974 1
9099 20993 1
9099 6967 1
9099 20509 1
6398 770 1
6398 20421 1
6398 19545 1
6398 6696 1
6398 10136 1
770 3568 1
770 6967 1
770 18302 1
2511 12964 1
2511 7998 1
2511 2302 1
2511 14455 1
2511 9807 1
9002 13586 1
9002 16424 1
9002 15026 1
9002 14459 1
13105 17005 1
13105 13247 1
13105 9594 1
13105 5066 1
13105 13708 1
9623 20431 1
9623 14290 1
9623 19982 1
9623 16489 1
9623 15453 1
6558 18488 1
6558 21104 1
6558 4502 1
6558 7727 1
6558 5880 1
8204 14808 1
8204 20083 1
8204 8290 1
8204 5317 1
6039 16871 1
6039 14039 1
6039 5536 1
6039 16245 1
6039 12466 1
4298 16849 1
4298 16911 1
4298 6727 1
4298 18730 1
4298 2674 1
7308 10778 1
7308 4104 1
7308 10391 1
7308 12650 1
7308 3548 1
10778 8516 1
10778 15078 1
10778 4639 1
10778 12650 1
10778 7621 1
17742 16024 1
17742 12802 1
17742 20824 1
17742 20896 1
17742 10250 1
10106 2221 1
10106 12171 1
10106 14503 1
10106 17591 1
18015 6799 1
19661 6518 1
19661 17897 1
19661 10423 1
19661 6642 1
19661 1316 1
17897 7599 1
17897 5221 1
17897 7089 1
17897 5745 1
17897 19417 1
13444 17000 1
13444 19473 1
13444 14604 1
13444 11143 1
13753 6016 1
13753 3441 1
13753 5778 1
13753 3796 1
13753 16362 1
2810 3510 1
2810 13887 1
2810 6044 1
2810 13232 1
5279 15863 1
5279 18807 1
19811 18902 1
19811 16737 1
19811 14437 1
19811 13032 1
19811 1031 1
7633 20670 1
7633 14108 1
7633 13039 1
7633 9316 1
7633 5637 1
15863 5279 1
15863 17444 1
15863 19231 1
15863 18807 1
11111 21039 1
11111 12102 1
11111 15230 1
11111 20828 1
10288 18330 1
10288 19157 1
10288 13872 1
10288 10862 1
10288 3779 1
1700 11609 1
1700 4615 1
1700 8242 1
1700 6653 1
17986 11952 1
17986 7092 1
17986 10327 1
17986 7500 1
17986 17368 1
8945 15554 1
8945 7556 1
8945 10809 1
8945 17863 1
8945 962 1
11629 18098 1
11629 14916 1
16567 13002 1
16567 16922 1
16567 17000 1
16567 20657 1
16567 3458 1
5045 11226 1
5045 6217 1
5045 16585 1
5045 6152 1
13788 7811 1
13788 5537 1
13788 7524 1
13788 5549 1
13788 13898 1
10107 522 1
10107 6968 1
10107 18181 1
10107 11208 1
10107 5418 1
13266 12163 1
13266 10148 1
13266 15765 1
13266 14546 1
13266 8775 1
8328 13788 1
8328 19685 1
8328 19780 1
8328 17155 1
8328 13586 1
12202 8179 1
12202 19246 1
12202 18889 1
12202 19843 1
20744 11510 1
20744 7387 1
20744 10586 1
20744 7582 1
13780 7272 1
13780 11075 1
13780 15230 1
13780 13664 1
13780 6632 1
21197 11679 1
21197 17476 1
21197 7492 1
21197 19265 1
21197 10533 1
10532 12538 1
10532 21274 1
10532 6864 1
10532 10281 1
13091 10515 1
13091 6542 1
13091 20432 1
975 1173 1
975 2099 1
975 7121 1
975 16758 1
975 10778 1
12502 16365 1
12502 20714 1
12502 12128 1
12502 11997 1
12502 14071 1
536 9923 1
536 10003 1
536 18287 1
536 9550 1
536 7578 1
17819 311 1
17819 13271 1
17819 2751 1
17819 3305 1
14022 18194 1
14022 10253 1
14022 6741 1
14022 6482 1
14022 17518 1
6023 4225 1
6023 9805 1
10434 29 1
10434 5838 1
10434 20214 1
10434 14859 1
10434 2559 1
4723 13991 1
4723 9975 1
4723 10452 1
19537 18792 1
19537 11944 1
19537 10147 1
19537 9815 1
19537 1978 1
17375 16515 1
17375 20005 1
17375 10064 1
17375 8133 1
17375 14599 1
20667 10147 1
20667 10395 1
21028 9377 1
21028 10395 1
21028 15911 1
21028 15103 1
21028 10240 1
13383 18079 1
13383 19026 1
13383 16348 1
13383 17736 1
13383 11478 1
6419 3057 1
6419 20660 1
6419 3831 1
6419 13091 1
658 1270 1
658 8141 1
658 16871 1
658 12841 1
8630 10057 1
3783 3916 1
3783 16574 1
3783 10057 1
3783 5894 1
3783 12324 1
13976 13745 1
13976 16923 1
13976 5209 1
13976 4647 1
13976 10057 1
6230 3382 1
6230 8737 1
6230 10495 1
6230 13241 1
9354 1324 1
9354 10558 1
9354 8140 1
9354 17239 1
9354 9564 1
16761 19061 1
16761 12150 1
16761 10581 1
16761 9980 1
16761 16727 1
19519 16012 1
19519 12031 1
19519 14111 1
19519 13510 1
19519 8140 1
15404 14064 1
15404 7087 1
15404 20239 1
15404 17459 1
15404 7046 1
12950 540 1
12950 2681 1
12950 19681 1
12950 7713 1
1153 21048 1
1153 12406 1
1153 16635 1
1153 4367 1
1153 13478 1
11852 1200 1
11852 8870 1
11852 1922 1
11852 18262 1
8989 10250 1
8989 8101 1
8989 6329 1
8989 6278 1
8989 10558 1
11861 17372 1
11861 15623 1
11861 14500 1
11861 7094 1
11861 2996 1
17863 987 1
17863 8945 1
17863 3030 1
17863 16667 1
17863 8786 1
16217 17829 1
16217 4671 1
16217 12219 1
16217 18174 1
16217 2790 1
7982 10484 1
7982 10342 1
7982 5425 1
7982 18221 1
7982 7713 1
17533 13745 1
17533 4804 1
17533 16453 1
17533 15232 1
17533 4346 1
20002 8505 1
20002 14365 1
20002 3202 1
20002 6754 1
8535 12772 1
8535 16572 1
8535 10355 1
8535 20617 1
8535 8245 1
11004 19690 1
11004 7834 1
11004 14346 1
11004 5351 1
4360 6999 1
4360 6643 1
4360 20281 1
4360 13693 1
4360 19810 1
16475 20072 1
16475 11593 1
16475 19972 1
16475 16236 1
16475 8787 1
10861 5657 1
10861 16878 1
10861 10167 1
5100 17226 1
5100 17988 1
5100 9805 1
5100 6572 1
5100 15078 1
10284 766 1
10284 20529 1
6992 14046 1
6992 10472 1
6992 4330 1
6992 14708 1
4200 1563 1
4200 11176 1
4200 10864 1
4200 17103 1
4200 6961 1
20660 6774 1
20660 14608 1
20660 2626 1
20660 15724 1
20660 4718 1
15752 13492 1
15752 17708 1
15752 17591 1
15752 4180 1
11253 13725 1
11253 14209 1
11253 17583 1
11253 16609 1
11253 7066 1
12168 13688 1
12168 11405 1
12168 9753 1
12168 7121 1
12168 3355 1
9376 17680 1
9376 13501 1
9376 10072 1
9376 18114 1
7556 10468 1
7556 14608 1
7556 7069 1
7556 6657 1
7556 17734 1
14903 11342 1
14903 11749 1
17372 11637 1
17372 15979 1
17372 3130 1
17372 8850 1
20235 16609 1
20235 17813 1
20235 6858 1
20235 5796 1
17069 11749 1
17069 15637 1
17688 20856 1
17688 19835 1
17688 15230 1
17688 14459 1
17688 5984 1
16327 10147 1
16327 18532 1
16327 10395 1
16327 19630 1
16327 19835 1
21265 16849 1
21265 11150 1
21265 9286 1
21265 8677 1
21265 14945 1
8097 17625 1
8097 9319 1
8097 5418 1
20294 18970 1
20294 17375 1
20294 10189 1
20294 9817 1
20294 3302 1
14219 5897 1
14219 15211 1
14219 12754 1
14219 19269 1
14219 13872 1
5477 13437 1
5477 15991 1
5477 18735 1
5477 20430 1
5477 3445 1
6115 7805 1
6115 17000 1
6115 7044 1
6115 13768 1
6115 13788 1
11876 15490 1
11876 13917 1
11876 4935 1
11876 10854 1
6968 8892 1
6968 11156 1
6968 11208 1
6968 9292 1
6968 5418 1
13670 9810 1
13670 16453 1
7535 5895 1
7535 15190 1
7535 11644 1
7535 19113 1
7535 20597 1
3445 16473 1
3445 15991 1
3445 12833 1
3445 13437 1
3445 20163 1
10029 6959 1
10029 19417 1
10029 10574 1
10029 17071 1
10029 13699 1
5914 13261 1
5914 10679 1
5914 5079 1
5914 16508 1
5914 17226 1
9150 13000 1
9150 9781 1
9150 15903 1
9150 19846 1
12442 13628 1
12442 4429 1
12442 6897 1
12442 12543 1
11619 18807 1
11619 16737 1
11619 19811 1
10173 15259 1
10173 9810 1
10173 9499 1
10173 11579 1
12616 20645 1
12616 10705 1
13501 18114 1
13501 17680 1
13501 9376 1
4403 10863 1
4403 13511 1
4403 6882 1
4403 16386 1
15102 11416 1
15102 8394 1
20863 18114 1
20863 7720 1
21209 10167 1
12211 13872 1
12211 19944 1
12211 15577 1
12211 17705 1
12211 12754 1
16365 13008 1
16365 9541 1
16365 17139 1
16365 14071 1
16365 7172 1
9316 18630 1
9316 9878 1
9316 17032 1
9316 10489 1
683 11354 1
683 7796 1
14998 16742 1
14998 18630 1
15821 18858 1
17457 11591 1
17457 5574 1
17457 9107 1
16262 18570 1
16262 12740 1
16262 9302 1
16262 6727 1
11354 17001 1
11354 7782 1
11354 7705 1
9309 9623 1
9309 19982 1
9309 16572 1
6446 9788 1
6446 19835 1
6446 17413 1
18307 8834 1
18307 15287 1
18307 14500 1
18307 7673 1
8336 2723 1
8336 11965 1
8336 17964 1
14920 666 1
14920 16954 1
14920 19026 1
14920 8191 1
8301 15033 1
8301 11548 1
8301 13259 1
8301 7718 1
19823 18683 1
19823 16667 1
19823 17782 1
8221 8793 1
8221 8515 1
8221 13706 1
8221 4199 1
6575 13125 1
6575 10240 1
6575 19159 1
6575 15911 1
6575 5814 1
13119 9544 1
13119 12368 1
13119 9580 1
13119 7664 1
14755 15190 1
9322 6741 1
9322 17520 1
9322 6956 1
12466 18876 1
12466 6039 1
12466 14480 1
8351 7648 1
8351 7246 1
8351 6741 1
8351 17546 1
8829 9029 1
8829 17187 1
8829 12123 1
20281 4360 1
20281 11611 1
20281 6999 1
20281 10167 1
5467 13628 1
5467 4429 1
5467 12442 1
5467 12543 1
7936 8660 1
7936 8853 1
7936 14818 1
16126 6793 1
16126 13728 1
16126 14996 1
14480 4891 1
14480 2626 1
14480 4582 1
14480 15594 1
5891 3703 1
5891 13007 1
5891 20110 1
5891 9904 1
13693 4360 1
13693 6999 1
19454 7963 1
19454 3684 1
8965 4066 1
8965 6542 1
8965 4423 1
2919 20267 1
2919 20997 1
2919 11780 1
2919 8166 1
2919 13236 1
3742 14557 1
3742 11190 1
3742 8328 1
3742 4026 1
18466 19780 1
18466 19944 1
20997 11780 1
20997 16885 1
20997 8166 1
9136 14149 1
9136 3922 1
9136 8900 1
11990 17753 1
11990 5971 1
11990 20250 1
16898 12360 1
16898 16323 1
2907 766 1
2907 20529 1
2907 11273 1
6332 11523 1
9814 6542 1
9814 13630 1
9852 16515 1
9852 14247 1
9029 8829 1
9029 17187 1
9029 9015 1
9029 2616 1
16436 6575 1
16436 15911 1
16436 9530 1
16436 19159 1
16436 10240 1
11498 18585 1
11498 14063 1
11498 7718 1
19269 14219 1
19269 8245 1
19269 19868 1
19938 14152 1
19938 12517 1
5984 3941 1
5984 11111 1
5984 14535 1
18294 15230 1
18294 17688 1
18294 14244 1
11710 13788 1
11710 10398 1
11710 13356 1
10049 20349 1
10049 18262 1
10872 20824 1
10872 14775 1
10872 7770 1
7675 19012 1
7675 7169 1
7675 7531 1
10967 18164 1
10967 10862 1
10967 10967 1
13454 7899 1
13454 17742 1
13454 20896 1
13454 20824 1
6685 7935 1
6685 6959 1
6685 9591 1
6685 7936 1
13254 18735 1
13254 13986 1
13254 20430 1
9139 19028 1
9139 8289 1
9139 19868 1
5418 9994 1
5418 11208 1
5418 18181 1
5418 13745 1
16940 16848 1
16940 8867 1
16940 4731 1
12002 18735 1
12002 4588 1
12002 20430 1
12002 9289 1
7548 1946 1
7548 3172 1
17424 16029 1
17424 10631 1
17424 7673 1
16851 18740 1
16851 8351 1
16851 6741 1
20532 5632 1
20532 15994 1
20532 3318 1
6308 6488 1
6308 6987 1
6308 10441 1
10423 19661 1
10423 6518 1
10423 17897 1
10423 6642 1
10423 6404 1
15873 15230 1
19629 10472 1
19629 15751 1
19629 14046 1
7284 10864 1
7284 14032 1
7284 4330 1
4481 5861 1
4481 10841 1
4481 12171 1
4481 2814 1
18472 20012 1
18472 17598 1
18472 11997 1
18472 7768 1
15945 16214 1
15945 19847 1
15945 16453 1
17172 18064 1
17172 11260 1
17172 10430 1
17172 20689 1
15965 21351 1
15965 14308 1
15965 10778 1
15965 15190 1
7660 14560 1
7660 21049 1
7660 6613 1
9591 17500 1
9591 18221 1
9591 20320 1
9591 7982 1
9591 5425 1
12060 14365 1
12060 16816 1
12060 12740 1
12060 18570 1
12060 9302 1
10347 17286 1
10347 19738 1
10347 10710 1
10347 18164 1
10347 4898 1
12422 10803 1
12422 20649 1
12422 9500 1
5015 671 1
5015 6278 1
5015 8989 1
9923 19107 1
9923 15005 1
9923 9550 1
9923 7578 1
9923 15435 1
1125 13105 1
1125 1405 1
1125 1914 1
1125 10036 1
1125 17065 1
302 12861 1
302 4722 1
302 19465 1
19231 19096 1
19231 15863 1
19231 10679 1
14008 12171 1
14008 20140 1
14008 6642 1
14008 6547 1
11145 9805 1
11145 17317 1
18570 16962 1
18570 18121 1
18570 10490 1
21039 11111 1
21039 14244 1
21039 15230 1
19403 4423 1
19403 18037 1
19403 7500 1
14904 7622 1
14904 5500 1
14904 10441 1
10187 3305 1
10187 8191 1
10187 16954 1
7718 14633 1
18164 10967 1
18164 19738 1
18164 14533 1
18164 13592 1
18164 4149 1
13705 21250 1
13705 10118 1
13705 6585 1
13705 17221 1
7121 19113 1
7121 2626 1
7121 19503 1
9351 18585 1
9351 11498 1
9351 6152 1
16758 2626 1
16758 15295 1
16758 2042 1
6124 3467 1
6124 14455 1
20927 13356 1
20927 11710 1
20927 18570 1
18735 9234 1
18735 4588 1
18735 8172 1
3602 3986 1
3602 17375 1
3602 16515 1
3602 12759 1
3602 17399 1
5632 20532 1
5632 7599 1
13039 13174 1
13039 5895 1
13039 5560 1
13039 10925 1
13041 18458 1
13041 18683 1
13041 7089 1
13041 13125 1
6515 15230 1
6515 21141 1
6515 13780 1
6515 5276 1
21239 1283 1
21239 13283 1
21239 2969 1
21239 11478 1
12236 8441 1
13059 6558 1
13059 14455 1
13059 9056 1
3858 3247 1
3858 11411 1
8841 9247 1
8841 20878 1
8841 19790 1
8841 12477 1
8841 14500 1
18717 6436 1
18717 17817 1
18717 13231 1
18717 3715 1
11310 7722 1
11310 7926 1
18750 7817 1
18750 15490 1
18750 10778 1
15069 3247 1
15069 12050 1
15069 11411 1
19977 13630 1
19977 14488 1
150 1977 1
150 6741 1
150 9634 1
150 2089 1
150 2538 1
16610 12163 1
16610 16326 1
16610 3496 1
16610 10548 1
13007 3703 1
13007 9904 1
13007 20110 1
13007 5891 1
7246 18740 1
7246 6741 1
7246 8351 1
8064 14177 1
8064 15026 1
8064 19457 1
8064 8590 1
7256 16701 1
7256 20792 1
7256 13681 1
7256 6455 1
14707 11667 1
14707 8287 1
14707 18309 1
10053 17393 1
13345 2937 1
13345 13417 1
5574 15634 1
5574 17457 1
5574 8834 1
1075 10173 1
17110 21203 1
17110 7958 1
17110 3030 1
16791 14253 1
16791 5560 1
16791 5753 1
1977 150 1
1977 2538 1
1977 2089 1
1977 6741 1
1977 9634 1
12805 17721 1
12805 9304 1
12805 8270 1
12805 6729 1
12805 16176 1
17743 20744 1
17743 16179 1
17743 21197 1
13628 18492 1
13628 9743 1
13628 6897 1
15856 15102 1
15856 19449 1
15856 6640 1
14662 15631 1
14662 15750 1
14662 9385 1
3226 20337 1
5481 5074 1
7935 7975 1
7935 11540 1
7935 17161 1
7935 19656 1
12050 15069 1
12050 16045 1
12050 20738 1
5871 16731 1
5871 10355 1
5871 16572 1
18858 15821 1
18858 18076 1
4044 18633 1
4044 6594 1
4044 15715 1
4044 13642 1
4044 3014 1
11451 9637 1
11451 21221 1
6708 18599 1
6708 5289 1
6708 8834 1
8354 15372 1
8354 15162 1
8354 5477 1
8354 16963 1
6613 19775 1
6613 21049 1
6613 19503 1
4086 4086 1
4086 11824 1
16870 12005 1
7817 9107 1
11109 21309 1
11109 12060 1
11109 6642 1
18062 20304 1
18062 8963 1
9541 13008 1
9541 10102 1
9541 14768 1
9541 12128 1
9541 14899 1
16871 10909 1
16871 12640 1
12756 8242 1
15421 16411 1
15421 15128 1
15421 15991 1
15421 6832 1
20738 3247 1
20738 12050 1
20738 4814 1
20738 11411 1
10862 6109 1
10862 17730 1
18633 3014 1
18633 8590 1
18633 15715 1
18633 13642 1
18633 6594 1
8529 9970 1
19927 3510 1
19927 13008 1
19927 12128 1
19927 17139 1
19927 12502 1
14989 20952 1
14989 9316 1
9486 19944 1
9486 7319 1
9486 16045 1
9486 17930 1
9486 3986 1
20426 17393 1
20426 15289 1
20426 3175 1
7376 13389 1
7376 6741 1
7376 8590 1
20544 3407 1
20544 17546 1
20544 8351 1
20544 18740 1
20544 14824 1
4901 11667 1
4901 5984 1
6128 18221 1
6128 17500 1
6128 6959 1
6128 7982 1
6128 5425 1
13634 15637 1
13634 17194 1
13634 7871 1
5439 19204 1
5439 21057 1
5439 9304 1
4616 15190 1
4616 3120 1
4616 10489 1
21076 16962 1
21076 10490 1
21076 11765 1
21076 10806 1
21076 4038 1
16073 9316 1
15250 5560 1
15250 5134 1
7843 20235 1
7843 18123 1
18626 19159 1
18626 12247 1
7832 18060 1
16885 20997 1
16885 8995 1
16885 13417 1
11947 13687 1
11947 5808 1
9478 9528 1
9478 15485 1
9478 9581 1
13284 6727 1
13284 12833 1
13284 5871 1
19868 9608 1
19868 17413 1
19868 9039 1
9234 7848 1
9234 5267 1
9234 12619 1
7333 3547 1
7333 7168 1
7333 14287 1
7333 13519 1
7333 5213 1
16386 6882 1
5681 16639 1
5681 13073 1
5681 13873 1
11816 19696 1
6639 14232 1
6639 19822 1
6639 15975 1
13592 13699 1
13592 9626 1
13592 13195 1
13592 17730 1
14488 13630 1
14488 8106 1
14488 20430 1
9550 10185 1
9550 19107 1
9550 17139 1
9550 9923 1
15326 5286 1
15326 13706 1
15326 3206 1
3804 10185 1
3804 8660 1
8373 18844 1
8373 11859 1
8373 12075 1
8373 10548 1
8373 13092 1
6727 8251 1
16930 17393 1
16930 19204 1
16930 12754 1
16930 5637 1
10472 19180 1
20493 11260 1
20493 17172 1
20493 14237 1
17201 21004 1
17201 8612 1
17201 7832 1
17201 12876 1
7768 10953 1
10237 18058 1
10237 12031 1
10237 6585 1
1563 2974 1
1563 4200 1
1563 17368 1
1563 11176 1
3209 8552 1
740 8611 1
740 1739 1
740 3853 1
15554 10809 1
15554 962 1
7293 13103 1
7293 10468 1
7293 7045 1
15103 21028 1
15103 11764 1
15103 19028 1
15103 10395 1
8519 16045 1
12506 1871 1
12506 19226 1
12506 9581 1
6745 17730 1
7386 15546 1
7386 10799 1
7386 1102 1
12324 19370 1
12324 7705 1
12324 8058 1
12324 13303 1
9723 21221 1
9723 15935 1
19948 7256 1
19948 16701 1
19948 6455 1
10541 16126 1
10541 2346 1
10541 6793 1
766 11273 1
766 20529 1
766 2907 1
766 10284 1
17226 20337 1
17226 5100 1
17226 5914 1
17226 3479 1
8996 15179 1
8996 15865 1
8996 4596 1
18049 19823 1
18049 18683 1
18049 17163 1
18049 9580 1
8711 8515 1
8711 8221 1
8711 8793 1
12826 9975 1
12826 20200 1
12826 11342 1
4596 9597 1
4596 20563 1
12332 18683 1
12332 14152 1
12332 11279 1
12332 9062 1
12332 18830 1
16088 11416 1
16088 15102 1
17734 14608 1
17734 6657 1
17734 18273 1
17734 18065 1
17734 4486 1
3743 15190 1
3743 7293 1
3743 13103 1
3743 20594 1
15209 17000 1
15209 14488 1
15209 14111 1
15209 14032 1
18501 13592 1
18501 14533 1
18501 9626 1
10557 14500 1
10557 5220 1
1968 19503 1
1968 11206 1
1968 20121 1
20074 17145 1
20074 7500 1
20074 11710 1
8552 11990 1
8552 18427 1
8552 3209 1
7716 13247 1
7716 17348 1
7716 5574 1
7716 19449 1
11206 15190 1
11206 10489 1
11206 17082 1
11206 7720 1
8737 20518 1
8737 16160 1
8737 14862 1
20252 13417 1
2969 13283 1
2969 11478 1
2969 10712 1
2969 21239 1
20189 12847 1
20189 6238 1
20189 10014 1
16897 11412 1
16897 7127 1
6458 8109 1
6458 15190 1
6458 8197 1
6458 14552 1
13557 19977 1
6594 3014 1
6594 18633 1
6594 8590 1
6594 13642 1
6594 15715 1
8240 16489 1
8240 3441 1
8240 19403 1
14909 11354 1
18201 15683 1
18201 6967 1
18201 18114 1
18201 5245 1
14111 12740 1
14111 16632 1
14111 7089 1
14111 19519 1
14111 11109 1
5637 9753 1
5637 20670 1
5637 17146 1
5637 16962 1
14690 19103 1
14690 17037 1
14690 18683 1
14690 3715 1
12031 10237 1
12031 19519 1
7060 20798 1
7060 12759 1
7060 11342 1
7060 15428 1
7060 3440 1
10352 8654 1
10841 2814 1
10841 4481 1
12477 18037 1
12477 13426 1
12477 12964 1
12477 17372 1
3941 13872 1
3941 15230 1
3941 17688 1
3941 14244 1
3142 5100 1
3142 20910 1
3142 9805 1
5611 11339 1
5611 13241 1
5611 15257 1
5611 12239 1
5611 16235 1
7645 12542 1
7645 19944 1
7645 11143 1
7645 13872 1
12543 12442 1
12543 4429 1
12543 13628 1
12543 18492 1
7226 678 1
7226 19510 1
7226 8078 1
7226 14937 1
7226 6529 1
5753 19813 1
5753 9753 1
5753 8245 1
5753 7124 1
5753 5618 1
4107 16355 1
4107 21032 1
4107 5197 1
4107 15179 1
4107 8996 1
2042 16758 1
2042 15295 1
2042 13910 1
2042 5637 1
2042 17068 1
15210 12304 1
15210 14935 1
15210 3390 1
15210 3179 1
15210 10638 1
5334 13147 1
5334 9822 1
5334 8963 1
5334 18807 1
12370 6426 1
12370 13872 1
12370 6567 1
12370 15659 1
12370 7495 1
11552 12457 1
11552 8596 1
11552 8219 1
11552 12426 1
11143 18837 1
11143 19835 1
11143 6890 1
11143 6558 1
11143 13444 1
4588 12154 1
4588 5258 1
4588 8013 1
4588 13315 1
16638 11859 1
16638 16610 1
16638 12667 1
16638 12075 1
16638 2388 1
3869 8478 1
3869 16431 1
3869 6540 1
3869 9009 1
3869 3897 1
18683 14152 1
18683 9062 1
18683 13937 1
18683 9484 1
18683 18640 1
16214 21276 1
16214 14480 1
16214 7619 1
16214 21218 1
10799 671 1
10799 7386 1
10799 6278 1
13268 14335 1
13268 17201 1
13268 21004 1
13268 20518 1
13268 8612 1
5861 17000 1
5861 12005 1
5861 16922 1
5861 13002 1
5861 4481 1
6294 13206 1
6294 19186 1
6294 5504 1
6294 11231 1
6294 12856 1
2179 6016 1
2179 14768 1
2179 7387 1
2179 2627 1
7940 20203 1
7940 13884 1
7940 15239 1
7940 13006 1
7940 10014 1
4394 7327 1
4394 14283 1
4394 15355 1
7089 15306 1
7089 17897 1
7089 5538 1
7089 14060 1
20001 20777 1
20001 10979 1
20001 9672 1
20001 8900 1
20001 18598 1
15911 14193 1
15911 9441 1
15911 13910 1
15911 10147 1
15911 18826 1
6035 5875 1
6035 16807 1
6035 17150 1
6035 20373 1
19527 785 1
19527 11780 1
19527 11345 1
20350 2519 1
20350 3901 1
15826 5723 1
15826 17930 1
15826 9894 1
15826 15498 1
17001 10673 1
17001 16856 1
17001 7705 1
17001 19659 1
17001 10233 1
9594 13105 1
9594 6959 1
9594 11335 1
9594 7635 1
9594 12252 1
11081 6491 1
11081 11615 1
11081 19696 1
17187 20761 1
17187 9015 1
17187 8829 1
17187 18074 1
13072 10788 1
13072 7705 1
13072 13510 1
13072 12295 1
13072 5989 1
7130 13745 1
7130 10057 1
7130 5647 1
7130 5418 1
7130 18487 1
17829 12219 1
17829 19115 1
17829 4958 1
17829 18174 1
17829 8737 1
15577 15211 1
15577 13872 1
15577 12211 1
15577 12171 1
15577 19944 1
16473 16644 1
16473 17689 1
16473 6977 1
16473 5472 1
16473 14634 1
6657 14533 1
6657 6657 1
6657 17734 1
6657 13592 1
16833 19681 1
16833 10558 1
16833 9193 1
16833 20122 1
17726 8446 1
17726 13123 1
17726 21218 1
17726 14475 1
17726 7561 1
2538 150 1
2538 9634 1
2538 1977 1
2538 6741 1
2538 2089 1
5223 807 1
5223 18186 1
5223 19696 1
5223 16964 1
5223 8360 1
13426 14500 1
13426 20878 1
13426 13594 1
13426 19790 1
13426 9247 1
6160 7066 1
6160 8354 1
6160 12761 1
6160 15421 1
6160 4436 1
7387 13241 1
7387 8326 1
7387 18219 1
7387 19337 1
7387 14768 1
5963 7463 1
5963 17786 1
5963 14790 1
5963 4078 1
20777 19914 1
20777 11235 1
20777 19696 1
20777 20001 1
20777 10350 1
5108 3439 1
5108 18153 1
5108 13417 1
3053 38 1
3053 15471 1
3053 10036 1
3053 6837 1
7168 3547 1
7168 7333 1
7168 13519 1
7168 14287 1
7168 5213 1
9637 11270 1
9637 9286 1
9637 8101 1
9637 6910 1
9637 21221 1
10864 17103 1
10864 6961 1
10864 11176 1
10864 7284 1
10864 4200 1
12919 8548 1
12919 15919 1
12919 9738 1
12919 4362 1
11273 766 1
11273 20529 1
11273 2907 1
12754 18208 1
12754 9565 1
12754 14219 1
12754 9941 1
12754 19269 1
9462 11342 1
9462 11174 1
9462 16203 1
9462 13125 1
9462 12163 1
5347 16411 1
5347 6832 1
5347 13129 1
5347 8654 1
7173 13788 1
7173 14152 1
7173 21116 1
7173 5058 1
10854 18175 1
10854 13212 1
10854 19503 1
10854 6878 1
7172 20430 1
7172 20203 1
7172 3887 1
7172 21042 1
4054 17503 1
4054 10489 1
4054 16591 1
4054 19500 1
4054 3390 1
8216 21221 1
8216 9286 1
8216 21003 1
8216 11366 1
8216 16515 1
10660 9302 1
10660 18376 1
10660 12060 1
10660 18570 1
10660 12740 1
13129 10237 1
13129 16538 1
13129 5347 1
13129 18058 1
13129 8601 1
9821 4086 1
9821 17497 1
9821 4444 1
9821 7432 1
17228 7130 1
17228 18487 1
17228 8787 1
17228 11593 1
15162 13542 1
15162 16849 1
15162 6727 1
15162 18735 1
15162 9441 1
18454 2154 1
18454 17000 1
18454 12005 1
18454 20685 1
20214 14859 1
20214 5838 1
20214 18289 1
20214 16041 1
20214 2559 1
16922 16567 1
16922 8963 1
16922 7722 1
16922 5861 1
16922 11310 1
6404 17730 1
6404 6920 1
6404 10423 1
6404 6423 1
6404 18420 1
17103 11176 1
17103 6961 1
17103 10864 1
17103 7284 1
17103 4200 1
11244 6109 1
11244 3386 1
11244 12360 1
3014 6594 1
3014 13642 1
3014 8590 1
3014 4044 1
3014 18633 1
17828 16651 1
17828 17828 1
17828 9801 1
17828 13360 1
4331 3916 1
4331 15821 1
4331 18076 1
10136 770 1
10136 20421 1
10136 5730 1
10136 6398 1
11782 9184 1
11782 17885 1
11782 5505 1
11782 13548 1
11782 8076 1
20012 21166 1
20012 13318 1
20012 12049 1
12605 8737 1
12605 18902 1
12605 4109 1
12605 15014 1
12605 8296 1
9904 3703 1
9904 20110 1
9904 13007 1
9904 5891 1
18902 19811 1
18902 13884 1
18902 6238 1
17558 12233 1
17558 7317 1
17558 10532 1
17558 7572 1
5213 21221 1
5213 15428 1
5213 7333 1
5213 7168 1
17689 20430 1
17689 16473 1
17689 13477 1
17689 12833 1
17689 20343 1
7813 12289 1
7813 19186 1
7813 10731 1
7813 10185 1
7813 18689 1
16321 6533 1
16321 9074 1
16321 10468 1
15498 18064 1
15498 17930 1
15498 20383 1
15498 15826 1
15498 5197 1
3153 18497 1
3153 3901 1
3153 16037 1
3153 14480 1
12549 13475 1
12549 16569 1
12549 10185 1
12549 8660 1
12549 18689 1
8434 300 1
8434 7705 1
8434 12197 1
17139 15602 1
17139 9809 1
17139 15005 1
17139 9923 1
17139 20430 1
3148 20278 1
3148 10992 1
3148 6988 1
3148 16804 1
3148 7284 1
2388 7548 1
2388 6216 1
2388 19953 1
2388 16610 1
2388 5396 1
13991 13481 1
13991 9975 1
13991 16585 1
13991 15702 1
13991 4723 1
16574 3783 1
16574 3916 1
20427 20320 1
20427 17500 1
20427 7982 1
20427 6959 1
20427 4631 1
6436 16149 1
6436 12764 1
6436 18717 1
6436 2921 1
21003 16515 1
21003 12050 1
21003 11256 1
21003 10560 1
21003 18979 1
9417 17785 1
9417 21154 1
9417 15181 1
9417 11738 1
9417 8871 1
6082 14712 1
6082 14455 1
6082 6790 1
6082 10843 1
2790 16217 1
2790 6238 1
2790 14791 1
2790 3668 1
2790 18448 1
8963 6708 1
8963 2902 1
8963 16211 1
6277 7971 1
6277 8048 1
6277 3207 1
6277 8958 1
6277 19850 1
18244 21221 1
18244 17322 1
18244 17134 1
18244 4356 1
19067 13462 1
19067 20618 1
19067 4548 1
19067 3688 1
19067 11354 1
10014 18448 1
10014 20518 1
10014 7940 1
10014 14335 1
10014 20362 1
6722 5657 1
6962 16291 1
6962 21002 1
6962 7078 1
6962 13129 1
21002 6446 1
21002 12627 1
21002 6496 1
21002 16291 1
21002 6962 1
19356 13883 1
19356 20084 1
19356 15828 1
19356 14812 1
19356 4689 1
9684 568 1
9684 17459 1
9684 20877 1
9684 12005 1
4461 8385 1
4461 16486 1
4461 6702 1
4461 19685 1
4461 8245 1
20098 12621 1
20098 20542 1
20098 6685 1
20098 6518 1
20098 10631 1
16806 14480 1
16806 3495 1
16806 2967 1
16806 7552 1
1050 12861 1
1050 17897 1
1050 11667 1
1050 15952 1
1050 19176 1
16719 17860 1
16719 11760 1
16719 8691 1
16719 7847 1
16719 14665 1
