16684 121810 1
121810 123452 1
123452 84357 1
84357 14240 1
121810 134748 1
121810 138242 1
138242 15701 1
15701 74166 1
15701 130664 1
15701 58025 1
15701 138488 1
15701 17158 1
17158 106956 1
106956 119174 1
119174 80025 1
80025 81872 1
81872 56545 1
56545 113612 1
113612 104024 1
104024 37003 1
37003 89395 1
89395 59228 1
59228 37450 1
37450 622 1
37450 135025 1
135025 110314 1
110314 120544 1
120544 41627 1
120544 8725 1
8725 103638 1
103638 151697 1
151697 80394 1
80394 27918 1
27918 72818 1
27918 75917 1
75917 1935 1
1935 121886 1
121886 119176 1
119176 40006 1
40006 127753 1
127753 98028 1
98028 95647 1
98028 56526 1
56526 70526 1
70526 113660 1
113660 94123 1
113660 121175 1
113660 146839 1
146839 58027 1
58027 65455 1
65455 8010 1
8010 124176 1
124176 147918 1
147918 130069 1
130069 70664 1
70664 90795 1
90795 53349 1
53349 78419 1
53349 43967 1
43967 37083 1
37083 36866 1
36866 144281 1
144281 104730 1
104730 117183 1
104730 91048 1
91048 76788 1
76788 130721 1
130721 122447 1
122447 84695 1
84695 106467 1
106467 99116 1
99116 71398 1
99116 148015 1
99116 83445 1
99116 14546 1
14546 118826 1
14546 99441 1
14546 127599 1
127599 120168 1
120168 117975 1
127599 3559 1
3559 11516 1
11516 127975 1
127975 10408 1
10408 100717 1
100717 4779 1
100717 63199 1
63199 46823 1
46823 114507 1
114507 95456 1
95456 59508 1
59508 53461 1
53461 27627 1
27627 144761 1
27627 31825 1
27627 69392 1
69392 54379 1
54379 7726 1
54379 24352 1
24352 51140 1
51140 2442 1
2442 9518 1
9518 147976 1
147976 1061 1
1061 91039 1
91039 138437 1
138437 70919 1
70919 89025 1
89025 31224 1
31224 65315 1
65315 14164 1
14164 75755 1
75755 104130 1
75755 127542 1
75755 132703 1
132703 22234 1
22234 129142 1
129142 68240 1
68240 18138 1
18138 31971 1
31971 80576 1
31971 131898 1
131898 23236 1
131898 88669 1
88669 34938 1
34938 43224 1
43224 95687 1
95687 7922 1
7922 125103 1
125103 95689 1
95689 59992 1
59992 40006 1
40006 70176 1
70176 1045 1
1045 140087 1
140087 5181 1
5181 142674 1
142674 91000 1
91000 93408 1
93408 36786 1
36786 800 1
36786 113616 1
113616 70093 1
70093 32808 1
70093 74356 1
74356 106820 1
106820 68244 1
106820 82317 1
82317 114197 1
114197 4250 1
114197 147715 1
147715 68090 1
68090 128507 1
68090 99473 1
99473 60906 1
60906 4220 1
60906 9386 1
60906 120745 1
60906 68090 1
68090 48847 1
68090 117908 1
68090 136465 1
60906 4960 1
60906 100472 1
100472 104522 1
100472 111868 1
111868 122449 1
122449 93806 1
93806 144850 1
144850 49813 1
49813 134659 1
134659 41959 1
134659 25200 1
134659 67468 1
67468 95900 1
95900 108908 1
108908 112026 1
112026 5132 1
112026 99620 1
112026 105702 1
105702 37959 1
37959 34988 1
34988 62386 1
62386 91582 1
91582 2760 1
2760 104083 1
104083 80118 1
80118 104252 1
104252 111714 1
111714 34979 1
111714 104380 1
111714 47500 1
111714 26663 1
26663 88716 1
88716 95629 1
95629 4943 1
4943 121968 1
4943 2313 1
2313 136606 1
136606 17844 1
17844 85550 1
85550 108954 1
108954 120708 1
120708 3008 1
3008 22846 1
22846 133330 1
22846 18708 1
22846 82545 1
22846 79010 1
22846 144903 1
22846 12177 1
22846 49005 1
22846 21629 1
22846 51488 1
51488 129332 1
129332 75443 1
75443 137203 1
137203 21507 1
21507 154500 1
154500 130525 1
130525 110720 1
110720 61000 1
61000 45914 1
45914 27500 1
27500 105777 1
105777 108186 1
108186 9377 1
108186 29703 1
108186 29058 1
29058 125156 1
125156 91646 1
91646 23309 1
23309 154896 1
23309 114738 1
114738 60884 1
60884 14362 1
60884 46080 1
46080 27899 1
46080 81097 1
46080 59577 1
46080 75533 1
46080 91138 1
60884 144848 1
144848 55605 1
55605 107603 1
107603 77443 1
77443 123148 1
77443 15954 1
15954 122073 1
122073 98835 1
98835 1899 1
122073 26466 1
122073 83005 1
122073 113066 1
113066 103982 1
113066 151784 1
151784 30863 1
30863 64708 1
30863 153664 1
153664 85601 1
85601 78761 1
78761 23078 1
23078 21624 1
21624 97926 1
97926 14877 1
14877 96238 1
96238 33967 1
33967 9349 1
9349 43874 1
43874 68343 1
68343 76850 1
68343 136451 1
136451 73844 1
73844 104717 1
104717 132372 1
104717 94293 1
104717 99035 1
104717 31780 1
31780 41709 1
41709 128553 1
41709 10718 1
41709 8920 1
41709 115570 1
115570 80130 1
80130 142801 1
142801 9332 1
9332 114134 1
9332 87938 1
87938 2311 1
2311 88184 1
88184 109384 1
109384 55898 1
55898 141507 1
141507 34260 1
34260 136375 1
34260 8216 1
34260 124946 1
34260 145678 1
145678 28109 1
28109 25794 1
25794 102238 1
28109 10249 1
10249 53287 1
53287 67814 1
67814 52172 1
52172 34951 1
52172 66108 1
66108 119711 1
119711 15436 1
15436 153640 1
153640 105118 1
105118 52848 1
52848 130573 1
130573 3262 1
3262 150127 1
150127 13547 1
13547 55118 1
55118 67166 1
67166 78281 1
67166 15562 1
15562 125907 1
125907 113066 1
113066 70004 1
70004 57162 1
57162 140099 1
57162 53055 1
53055 91497 1
91497 9150 1
91497 111741 1
111741 91994 1
111741 92352 1
111741 59801 1
111741 46434 1
46434 128297 1
128297 78578 1
78578 107681 1
107681 23927 1
107681 39178 1
39178 153516 1
39178 5471 1
39178 30751 1
30751 31691 1
31691 65348 1
31691 148595 1
148595 71746 1
148595 63701 1
63701 6974 1
6974 9654 1
9654 129626 1
9654 57066 1
57066 12729 1
12729 76988 1
12729 119725 1
12729 100288 1
100288 74062 1
74062 47858 1
47858 86641 1
47858 90161 1
90161 47896 1
90161 12423 1
90161 49194 1
49194 46460 1
46460 125572 1
125572 67199 1
67199 138758 1
138758 46950 1
46950 121740 1
121740 114596 1
114596 78945 1
78945 138094 1
138094 36786 1
36786 101232 1
36786 47672 1
36786 113233 1
36786 120929 1
36786 119566 1
119566 132731 1
132731 103349 1
103349 720 1
103349 91895 1
91895 15900 1
15900 56841 1
56841 67827 1
67827 14409 1
67827 57291 1
67827 142108 1
67827 106920 1
67827 15901 1
15901 90832 1
90832 94154 1
90832 122039 1
122039 91808 1
91808 6527 1
91808 9690 1
9690 139351 1
139351 141828 1
141828 11305 1
11305 61895 1
61895 93798 1
93798 107083 1
93798 92248 1
93798 151430 1
93798 56254 1
56254 110385 1
110385 125058 1
125058 23279 1
125058 120406 1
120406 18403 1
18403 75452 1
18403 59732 1
59732 112514 1
112514 167 1
167 83095 1
83095 50657 1
50657 143477 1
50657 73005 1
50657 139376 1
50657 20088 1
50657 80 1
50657 119232 1
119232 90832 1
90832 89508 1
90832 14478 1
90832 33539 1
33539 2677 1
2677 131500 1
2677 82176 1
2677 6445 1
2677 142332 1
2677 14202 1
2677 17254 1
17254 64901 1
64901 66567 1
66567 101073 1
101073 135189 1
101073 129357 1
101073 148815 1
148815 125110 1
125110 144621 1
144621 45927 1
45927 92314 1
92314 114401 1
114401 36227 1
36227 140399 1
36227 19618 1
19618 108518 1
19618 106699 1
19618 94513 1
19618 72336 1
19618 24257 1
19618 88301 1
88301 47115 1
47115 138970 1
138970 76708 1
76708 133752 1
133752 12195 1
12195 72329 1
72329 1377 1
1377 136329 1
136329 50666 1
50666 91102 1
50666 27367 1
27367 51446 1
51446 871 1
871 127414 1
127414 10006 1
10006 3262 1
3262 98263 1
98263 134428 1
134428 58712 1
58712 52190 1
52190 106097 1
106097 17234 1
17234 87944 1
87944 77278 1
77278 100683 1
100683 137360 1
137360 91118 1
91118 20373 1
20373 23282 1
23282 116498 1
116498 45391 1
45391 11479 1
11479 57880 1
11479 124153 1
11479 55098 1
45391 64041 1
45391 4427 1
4427 50519 1
50519 136598 1
136598 92718 1
92718 147383 1
147383 108690 1
108690 83467 1
83467 88142 1
88142 55363 1
55363 73878 1
73878 150894 1
150894 89759 1
89759 150110 1
150110 105032 1
105032 26915 1
26915 47578 1
47578 6351 1
6351 22765 1
22765 19722 1
19722 44383 1
19722 152393 1
152393 127599 1
152393 50938 1
50938 105777 1
105777 56624 1
56624 37230 1
56624 8634 1
8634 96520 1
96520 17797 1
96520 101502 1
96520 9227 1
9227 55811 1
55811 118791 1
118791 131008 1
131008 12078 1
12078 16274 1
12078 86686 1
86686 152678 1
152678 3030 1
3030 137388 1
137388 70425 1
70425 125010 1
70425 92943 1
70425 84126 1
84126 77798 1
77798 86444 1
77798 61550 1
77798 118179 1
118179 64195 1
64195 105437 1
105437 126029 1
126029 104471 1
104471 64450 1
64450 72165 1
72165 27699 1
72165 145900 1
145900 61516 1
61516 125671 1
125671 51253 1
51253 70011 1
70011 98662 1
98662 5065 1
98662 68698 1
68698 140724 1
140724 128188 1
128188 76234 1
128188 799 1
128188 80218 1
128188 15890 1
128188 97522 1
128188 29631 1
128188 78803 1
128188 100064 1
100064 7770 1
7770 82841 1
82841 74049 1
74049 20131 1
20131 38085 1
20131 129642 1
129642 72109 1
72109 93782 1
93782 29561 1
29561 19511 1
29561 67094 1
67094 1462 1
1462 3683 1
1462 132742 1
132742 126752 1
126752 122917 1
122917 36233 1
36233 23162 1
23162 82899 1
82899 28136 1
28136 18747 1
18747 3563 1
18747 13906 1
13906 43815 1
43815 18103 1
18103 73022 1
73022 31422 1
31422 10409 1
31422 138656 1
31422 66046 1
31422 26774 1
31422 32261 1
32261 58793 1
58793 23909 1
23909 130484 1
130484 63443 1
63443 46434 1
46434 76787 1
46434 46549 1
46434 64134 1
64134 5425 1
5425 125387 1
5425 121956 1
121956 97457 1
97457 86534 1
97457 143959 1
143959 135392 1
135392 51355 1
135392 139639 1
139639 143959 1
143959 94778 1
94778 31676 1
31676 23793 1
23793 18382 1
23793 149753 1
23793 73885 1
31676 53876 1
94778 51052 1
51052 151914 1
151914 91665 1
91665 149136 1
91665 97705 1
97705 72883 1
72883 132725 1
132725 121759 1
132725 26894 1
132725 21455 1
132725 140840 1
21455 123657 1
123657 149440 1
149440 13510 1
149440 41533 1
41533 47653 1
47653 122910 1
122910 121427 1
121427 34389 1
121427 8885 1
8885 41007 1
41007 56897 1
56897 146897 1
146897 122816 1
122816 63053 1
63053 14165 1
14165 63231 1
63231 9431 1
9431 41275 1
41275 95666 1
95666 126834 1
126834 116423 1
116423 57903 1
57903 81495 1
57903 8746 1
8746 92822 1
92822 51722 1
51722 12394 1
12394 18148 1
18148 58396 1
18148 110331 1
110331 68285 1
68285 121756 1
121756 105814 1
121756 87828 1
121756 137477 1
137477 99099 1
99099 150954 1
99099 145967 1
145967 96417 1
145967 31566 1
145967 16615 1
145967 49858 1
145967 137203 1
137203 84796 1
84796 104139 1
84796 134755 1
84796 36233 1
36233 47275 1
47275 21382 1
21382 149731 1
149731 130921 1
149731 130806 1
130806 84504 1
84504 129760 1
129760 60006 1
60006 144756 1
144756 29863 1
29863 141787 1
141787 14110 1
14110 10248 1
10248 115025 1
10248 148713 1
10248 43801 1
43801 87287 1
87287 29107 1
29107 83474 1
83474 147597 1
147597 120849 1
120849 108845 1
108845 118468 1
118468 2731 1
118468 109637 1
109637 1089 1
1089 131517 1
131517 136657 1
136657 130683 1
130683 116140 1
116140 101901 1
101901 131686 1
101901 34852 1
34852 84830 1
84830 128354 1
128354 110896 1
110896 130773 1
130773 40076 1
40076 99913 1
40076 21185 1
21185 103355 1
103355 89371 1
89371 96276 1
89371 64353 1
64353 21185 1
21185 146767 1
146767 1884 1
1884 115899 1
115899 107094 1
107094 134014 1
134014 95569 1
95569 58216 1
95569 151944 1
151944 88306 1
88306 122586 1
122586 25958 1
25958 120667 1
120667 136008 1
136008 68021 1
68021 80394 1
80394 71231 1
71231 37937 1
37937 38613 1
37937 88221 1
88221 84375 1
84375 85854 1
85854 127911 1
127911 50061 1
127911 52707 1
127911 31653 1
127911 19829 1
19829 46115 1
46115 73491 1
46115 56853 1
56853 63020 1
63020 14200 1
14200 1106 1
1106 11814 1
11814 120708 1
120708 4437 1
4437 44458 1
44458 5461 1
44458 28804 1
28804 72192 1
72192 91772 1
91772 69359 1
69359 20271 1
20271 47971 1
47971 59991 1
59991 62380 1
62380 154460 1
154460 27419 1
27419 126963 1
126963 97954 1
97954 119516 1
119516 20617 1
20617 45454 1
45454 44140 1
45454 138300 1
45454 64103 1
45454 33266 1
45454 125655 1
45454 29320 1
29320 53482 1
53482 27208 1
27208 144450 1
144450 154741 1
144450 36150 1
36150 95432 1
95432 102385 1
102385 58823 1
58823 60589 1
60589 2103 1
2103 143873 1
2103 25731 1
25731 84768 1
2103 70929 1
2103 7421 1
2103 90410 1
90410 152516 1
152516 59426 1
59426 144939 1
59426 110665 1
59426 154454 1
154454 52633 1
154454 34720 1
59426 19563 1
59426 6715 1
59426 125031 1
59426 106218 1
106218 23637 1
23637 77278 1
77278 47139 1
47139 55654 1
55654 61633 1
61633 90398 1
90398 149187 1
149187 42548 1
149187 73270 1
73270 144430 1
144430 8820 1
8820 13896 1
13896 13090 1
13090 154496 1
13090 61213 1
61213 40917 1
40917 144134 1
40917 121097 1
40917 1581 1
40917 91605 1
91605 142692 1
142692 144213 1
142692 23809 1
142692 60454 1
142692 87952 1
142692 107275 1
107275 154025 1
154025 101144 1
101144 150900 1
101144 115519 1
115519 82365 1
82365 136397 1
136397 43583 1
43583 101176 1
101176 11226 1
11226 20037 1
11226 82604 1
11226 97568 1
101176 147259 1
147259 15449 1
15449 46758 1
46758 104000 1
46758 48053 1
46758 110712 1
110712 37279 1
37279 30837 1
37279 130929 1
130929 48326 1
48326 41185 1
41185 38647 1
41185 56078 1
41185 125082 1
125082 95994 1
125082 77059 1
77059 26352 1
26352 52629 1
26352 119907 1
26352 18589 1
18589 85698 1
85698 69296 1
85698 38622 1
38622 257 1
257 52057 1
52057 151976 1
52057 9341 1
9341 100904 1
100904 69826 1
69826 12590 1
12590 42135 1
42135 95535 1
95535 139031 1
95535 33427 1
95535 116802 1
95535 47308 1
95535 140374 1
140374 27339 1
27339 37954 1
37954 89438 1
89438 98221 1
89438 101407 1
101407 111804 1
111804 96725 1
111804 54066 1
111804 93709 1
93709 131568 1
131568 94468 1
94468 97228 1
97228 45974 1
97228 33641 1
33641 89431 1
89431 5711 1
5711 141784 1
141784 89744 1
141784 37919 1
37919 28318 1
28318 128147 1
128147 72124 1
72124 152810 1
128147 7535 1
7535 149900 1
149900 153006 1
153006 30873 1
30873 44862 1
30873 142257 1
142257 150585 1
150585 58559 1
150585 129760 1
129760 78235 1
78235 141815 1
141815 110109 1
110109 108670 1
108670 76465 1
76465 54869 1
76465 22926 1
22926 110392 1
110392 88142 1
88142 121894 1
88142 125907 1
125907 127886 1
127886 44080 1
44080 134014 1
134014 104229 1
104229 123963 1
123963 138123 1
123963 73312 1
73312 63135 1
73312 35266 1
73312 8296 1
8296 47706 1
47706 146109 1
146109 50538 1
50538 105971 1
105971 103710 1
103710 5510 1
5510 117216 1
117216 88306 1
88306 84525 1
84525 120815 1
120815 93978 1
93978 129446 1
93978 143079 1
143079 94210 1
94210 107577 1
94210 15036 1
143079 96539 1
96539 44110 1
44110 108046 1
108046 54123 1
54123 3355 1
54123 143305 1
143305 149776 1
143305 126708 1
143305 37040 1
37040 140169 1
140169 94751 1
140169 22594 1
140169 26010 1
140169 34779 1
34779 147852 1
147852 120363 1
120363 9352 1
9352 146639 1
146639 152140 1
152140 80734 1
80734 61564 1
61564 5709 1
61564 135388 1
61564 7588 1
7588 99210 1
99210 4806 1
4806 143703 1
143703 72142 1
72142 51532 1
51532 154035 1
154035 30714 1
30714 63831 1
63831 122812 1
122812 126101 1
122812 41321 1
122812 65029 1
122812 81872 1
81872 40899 1
40899 87264 1
87264 11660 1
11660 87145 1
87145 102453 1
102453 103065 1
103065 111143 1
111143 154500 1
154500 948 1
948 97603 1
97603 25437 1
97603 118283 1
118283 140752 1
140752 75167 1
140752 117340 1
118283 87287 1
87287 107667 1
87287 141665 1
87287 5695 1
87287 115754 1
87287 80945 1
80945 50747 1
50747 90892 1
90892 143894 1
143894 26121 1
143894 46492 1
46492 79984 1
79984 124031 1
79984 60399 1
60399 148162 1
148162 117022 1
117022 117259 1
117022 47897 1
47897 81416 1
81416 102600 1
102600 19564 1
19564 16800 1
16800 87279 1
87279 96386 1
96386 42985 1
42985 25625 1
25625 124163 1
124163 147916 1
147916 91427 1
91427 32691 1
32691 130017 1
130017 9725 1
9725 15128 1
9725 45601 1
45601 89704 1
89704 45061 1
45061 134972 1
134972 10768 1
134972 115811 1
134972 96873 1
134972 36144 1
36144 92840 1
92840 93509 1
92840 88043 1
88043 27727 1
27727 42985 1
42985 70221 1
70221 18275 1
18275 41005 1
41005 152005 1
152005 92222 1
92222 49655 1
49655 1462 1
1462 133454 1
133454 109030 1
109030 105024 1
105024 73211 1
105024 8385 1
105024 127321 1
105024 117402 1
117402 136755 1
117402 142155 1
142155 6480 1
6480 91640 1
91640 152329 1
152329 46460 1
46460 74992 1
74992 113004 1
113004 128998 1
128998 73207 1
73207 97993 1
128998 66777 1
128998 119311 1
119311 152898 1
152898 79920 1
152898 80644 1
80644 72240 1
72240 120734 1
120734 125536 1
125536 13860 1
13860 14450 1
14450 139212 1
139212 38606 1
38606 86227 1
38606 98412 1
98412 70057 1
98412 95908 1
95908 60587 1
95908 139166 1
95908 138525 1
138525 34738 1
34738 81872 1
81872 4076 1
4076 15928 1
4076 135488 1
135488 130891 1
130891 25782 1
25782 65400 1
65400 154686 1
154686 119230 1
119230 67382 1
67382 7272 1
7272 119126 1
7272 101239 1
101239 121298 1
101239 69378 1
69378 37977 1
37977 119205 1
37977 130320 1
130320 127819 1
127819 107018 1
107018 13860 1
13860 148280 1
13860 53868 1
13860 26890 1
26890 105422 1
105422 116327 1
105422 32489 1
32489 94137 1
94137 10559 1
10559 88230 1
88230 48373 1
48373 56994 1
56994 41046 1
56994 92892 1
56994 46402 1
56994 7535 1
7535 19144 1
19144 25073 1
25073 102326 1
102326 60977 1
102326 50981 1
50981 115008 1
115008 138612 1
138612 107339 1
107339 74140 1
74140 83479 1
83479 139113 1
139113 49501 1
49501 128808 1
128808 99777 1
99777 68917 1
99777 114479 1
99777 17090 1
99777 99851 1
99851 143703 1
143703 1624 1
143703 70983 1
143703 134443 1
134443 31752 1
31752 62726 1
62726 58992 1
58992 55397 1
55397 45306 1
45306 91197 1
91197 146146 1
146146 62861 1
62861 130437 1
130437 136515 1
130437 96086 1
96086 125287 1
125287 43679 1
43679 39135 1
39135 4366 1
39135 91257 1
39135 32506 1
32506 28776 1
28776 130407 1
130407 133202 1
133202 18937 1
18937 122169 1
18937 60884 1
114738 50247 1
50247 40006 1
40006 28010 1
28010 43983 1
43983 88241 1
43983 3579 1
3579 36293 1
36293 119678 1
119678 123720 1
123720 140685 1
123720 38379 1
38379 115867 1
115867 80858 1
80858 85368 1
85368 24482 1
24482 36618 1
36618 46120 1
46120 115108 1
46120 128992 1
128992 99261 1
99261 95569 1
95569 78080 1
95569 3036 1
95569 9759 1
9759 78789 1
78789 22698 1
22698 135044 1
135044 10594 1
10594 70296 1
70296 5988 1
70296 55823 1
55823 30987 1
30987 81751 1
81751 117860 1
117860 69392 1
69392 75094 1
75094 30504 1
30504 44749 1
44749 99454 1
99454 13262 1
13262 50545 1
13262 28287 1
28287 106073 1
106073 115105 1
106073 28060 1
106073 98162 1
98162 23347 1
98162 127566 1
127566 24787 1
24787 1741 1
24787 10625 1
10625 62597 1
62597 137514 1
137514 111418 1
137514 13363 1
137514 96386 1
96386 19822 1
19822 60555 1
60555 108950 1
108950 20865 1
20865 133983 1
133983 150880 1
133983 74046 1
74046 139604 1
139604 56650 1
56650 8156 1
8156 39435 1
39435 10941 1
39435 28305 1
39435 46761 1
46761 78013 1
78013 65354 1
78013 40910 1
40910 44029 1
44029 30796 1
30796 144629 1
144629 10690 1
10690 152119 1
152119 146552 1
152119 14577 1
14577 104835 1
104835 97137 1
104835 61959 1
104835 35486 1
152119 112020 1
112020 12234 1
12234 70026 1
70026 138639 1
138639 87612 1
87612 135195 1
135195 117177 1
135195 79141 1
135195 65015 1
65015 22498 1
22498 96458 1
22498 53675 1
53675 2356 1
2356 111658 1
111658 91427 1
91427 27146 1
91427 141815 1
141815 14877 1
14877 151848 1
151848 52308 1
52308 150094 1
52308 39910 1
52308 46450 1
46450 100903 1
100903 18057 1
18057 150249 1
150249 112183 1
112183 116980 1
116980 32957 1
32957 69316 1
69316 31121 1
69316 30700 1
69316 72305 1
69316 16800 1
16800 146499 1
146499 81872 1
81872 12416 1
12416 136397 1
136397 90119 1
90119 63655 1
63655 136928 1
136928 51784 1
51784 35357 1
51784 136816 1
136816 128277 1
128277 50283 1
50283 103710 1
103710 124217 1
124217 101956 1
101956 98194 1
98194 131920 1
131920 43455 1
43455 69826 1
69826 126493 1
126493 57304 1
57304 33468 1
33468 24352 1
24352 23120 1
24352 9759 1
9759 153281 1
153281 110342 1
110342 9308 1
9308 30648 1
30648 96410 1
30648 74254 1
30648 22647 1
22647 1466 1
1466 134976 1
134976 70713 1
70713 86233 1
86233 84174 1
84174 30076 1
30076 22184 1
22184 32959 1
32959 142432 1
142432 61619 1
61619 24109 1
24109 91772 1
91772 131538 1
131538 124913 1
124913 69482 1
124913 127291 1
127291 43913 1
43913 35030 1
35030 101788 1
101788 153487 1
101788 54925 1
54925 113153 1
113153 133466 1
113153 105658 1
105658 117012 1
105658 92065 1
92065 74140 1
74140 78887 1
78887 842 1
842 82432 1
82432 136607 1
842 133913 1
133913 51763 1
51763 3780 1
3780 60589 1
60589 138802 1
138802 141383 1
141383 14473 1
14473 34236 1
34236 117286 1
117286 46969 1
46969 93157 1
93157 39743 1
39743 41228 1
41228 66108 1
66108 123535 1
123535 131562 1
131562 40113 1
40113 92028 1
92028 143005 1
92028 92222 1
152005 111891 1
111891 135359 1
111891 12833 1
12833 1170 1
12833 137052 1
137052 93756 1
93756 103533 1
93756 143986 1
93756 54444 1
93756 33710 1
93756 76398 1
93756 98791 1
98791 12821 1
12821 135482 1
12821 132214 1
132214 85601 1
85601 63149 1
63149 134529 1
134529 99257 1
99257 4527 1
4527 121545 1
121545 49736 1
49736 146365 1
146365 88508 1
88508 25442 1
25442 154015 1
154015 20218 1
20218 88753 1
88753 15609 1
88753 13560 1
154015 108690 1
108690 28664 1
28664 42415 1
42415 32542 1
42415 50690 1
50690 77434 1
77434 54108 1
77434 94349 1
77434 76123 1
77434 57955 1
57955 122400 1
122400 33118 1
122400 25375 1
122400 99673 1
99673 12348 1
12348 49022 1
49022 27708 1
27708 88697 1
88697 60463 1
60463 135204 1
60463 142869 1
142869 44749 1
44749 122486 1
44749 26102 1
44749 12976 1
12976 54679 1
12976 116027 1
12976 34539 1
12976 34972 1
12976 13883 1
44749 71344 1
71344 45069 1
45069 97522 1
128188 3228 1
128188 135238 1
128188 5643 1
128188 124457 1
124457 50603 1
50603 76870 1
50603 14461 1
14461 117783 1
117783 91162 1
91162 116258 1
116258 55975 1
116258 56689 1
56689 69488 1
69488 100041 1
100041 76085 1
76085 142831 1
142831 44196 1
142831 60363 1
60363 145255 1
145255 98205 1
145255 134660 1
145255 67729 1
145255 95337 1
95337 43681 1
95337 60114 1
60114 22682 1
22682 105786 1
22682 48198 1
48198 17867 1
17867 1264 1
17867 36312 1
17867 100981 1
100981 79738 1
79738 105540 1
79738 79822 1
79738 91447 1
91447 141828 1
141828 127276 1
127276 28720 1
28720 30600 1
30600 103138 1
103138 107275 1
107275 47188 1
107275 124154 1
124154 22373 1
22373 60360 1
60360 107237 1
107237 130191 1
107237 153374 1
153374 82999 1
82999 6916 1
82999 123266 1
123266 14436 1
14436 96325 1
14436 50759 1
50759 87903 1
87903 100677 1
100677 127986 1
100677 24455 1
24455 95924 1
95924 110204 1
95924 98248 1
98248 70300 1
70300 74992 1
74992 80644 1
80644 92951 1
92951 14165 1
14165 87960 1
87960 2710 1
2710 151460 1
151460 18103 1
18103 94156 1
94156 71631 1
71631 50345 1
50345 64830 1
64830 138303 1
138303 64574 1
64574 4917 1
4917 114063 1
114063 66703 1
66703 73465 1
73465 102108 1
102108 125858 1
125858 106833 1
106833 113763 1
113763 32489 1
32489 37574 1
37574 9690 1
9690 128245 1
128245 5011 1
128245 8718 1
8718 10093 1
10093 52651 1
10093 71290 1
71290 30126 1
30126 152317 1
30126 108866 1
108866 37083 1
37083 40245 1
40245 80066 1
80066 49383 1
49383 108954 1
108954 135736 1
135736 130800 1
130800 90838 1
90838 59184 1
59184 89580 1
89580 103260 1
103260 96782 1
96782 58970 1
58970 117788 1
58970 43267 1
43267 125424 1
125424 109973 1
109973 30480 1
30480 7588 1
7588 118628 1
118628 986 1
986 92432 1
986 126834 1
126834 74031 1
74031 71820 1
74031 114004 1
114004 80970 1
80970 34110 1
80970 125338 1
125338 109827 1
109827 143264 1
143264 75005 1
