7616 144109 1
144109 152863 1
152863 16925 1
16925 65547 1
65547 40193 1
40193 61564 1
61564 91431 1
91431 13268 1
91431 75103 1
75103 106029 1
106029 87710 1
87710 54949 1
87710 152784 1
87710 147119 1
147119 69912 1
69912 135339 1
135339 9385 1
9385 39652 1
39652 121734 1
121734 2760 1
2760 78840 1
2760 72839 1
72839 118974 1
118974 115981 1
118974 148910 1
118974 5393 1
118974 151131 1
118974 129708 1
118974 48338 1
48338 6623 1
6623 49019 1
49019 61613 1
61613 114309 1
114309 34196 1
34196 43315 1
43315 85987 1
85987 1763 1
1763 28142 1
28142 121266 1
121266 142185 1
142185 33165 1
33165 9868 1
9868 154214 1
154214 58362 1
58362 91 1
91 111049 1
111049 62436 1
62436 96131 1
96131 87356 1
96131 85689 1
96131 147 1
62436 46306 1
46306 99056 1
99056 125891 1
125891 129028 1
129028 118791 1
118791 65237 1
65237 35281 1
35281 115570 1
115570 80130 1
80130 141882 1
80130 95311 1
95311 136816 1
136816 108400 1
108400 125891 1
125891 12078 1
12078 81908 1
81908 3059 1
3059 14063 1
3059 122356 1
3059 14239 1
3059 97131 1
3059 139870 1
3059 46301 1
3059 58570 1
58570 132693 1
132693 81869 1
132693 118351 1
118351 99628 1
99628 135060 1
99628 26760 1
26760 92643 1
92643 147487 1
92643 121639 1
121639 97397 1
97397 60561 1
60561 4744 1
4744 153979 1
153979 48870 1
48870 98598 1
98598 13377 1
13377 84192 1
84192 32514 1
84192 37709 1
84192 59178 1
59178 1273 1
1273 144777 1
1273 66030 1
66030 154421 1
66030 18879 1
18879 111539 1
111539 117031 1
117031 151261 1
151261 59111 1
59111 153006 1
153006 46960 1
46960 123395 1
46960 129760 1
129760 61231 1
61231 130508 1
130508 97348 1
97348 69292 1
69292 120457 1
69292 108024 1
69292 104324 1
69292 91322 1
69292 3053 1
3053 72749 1
3053 98881 1
3053 111189 1
111189 84092 1
84092 108758 1
108758 52163 1
52163 107740 1
107740 106097 1
106097 48450 1
106097 42427 1
42427 115275 1
42427 115574 1
42427 106663 1
42427 142528 1
42427 93370 1
93370 12200 1
12200 3525 1
3525 66362 1
66362 12804 1
12804 20955 1
20955 52895 1
52895 66226 1
66226 70791 1
66226 1939 1
66226 48712 1
66226 137967 1
66226 20787 1
66226 84175 1
84175 84184 1
84184 45373 1
84184 115627 1
115627 140169 1
140169 127194 1
127194 122188 1
122188 60679 1
60679 57448 1
57448 22449 1
22449 47869 1
47869 6516 1
47869 120121 1
120121 47899 1
47899 102385 1
102385 154598 1
102385 151697 1
151697 17313 1
17313 99917 1
99917 97974 1
99917 94361 1
99917 124936 1
124936 72181 1
72181 2279 1
2279 12465 1
12465 52993 1
12465 114369 1
12465 130435 1
12465 108643 1
12465 66551 1
66551 80130 1
80130 29129 1
29129 21266 1
21266 23434 1
23434 44000 1
44000 21972 1
21972 37323 1
21972 107970 1
21972 6060 1
6060 147282 1
6060 95562 1
95562 46403 1
46403 1617 1
1617 19270 1
19270 74380 1
74380 70661 1
70661 58823 1
58823 139418 1
139418 127128 1
127128 8453 1
8453 114683 1
8453 89010 1
89010 106442 1
106442 119637 1
119637 8453 1
8453 45453 1
45453 33174 1
33174 32404 1
33174 151974 1
33174 80569 1
33174 74819 1
74819 149123 1
149123 59849 1
149123 39496 1
39496 9349 1
9349 61037 1
9349 21601 1
21601 42448 1
42448 134935 1
134935 115008 1
115008 12078 1
12078 153824 1
153824 77755 1
77755 93498 1
93498 37694 1
37694 16945 1
16945 65997 1
16945 22141 1
22141 15567 1
15567 26957 1
15567 87810 1
87810 134224 1
134224 20145 1
20145 79172 1
79172 4076 1
4076 71558 1
71558 254 1
254 41927 1
254 10280 1
10280 119787 1
119787 90216 1
90216 47038 1
47038 52190 1
52190 80843 1
80843 109925 1
109925 60188 1
60188 106964 1
106964 95306 1
95306 124915 1
95306 21520 1
21520 20145 1
20145 71668 1
71668 40046 1
40046 141677 1
141677 90036 1
90036 139311 1
139311 146286 1
139311 111180 1
111180 106112 1
106112 46605 1
106112 124950 1
124950 7365 1
7365 142649 1
7365 32631 1
32631 138903 1
138903 61474 1
61474 75285 1
75285 78850 1
61474 5875 1
5875 103261 1
103261 88882 1
88882 114714 1
114714 38210 1
114714 101157 1
101157 114170 1
114170 65478 1
65478 98113 1
98113 29405 1
29405 38378 1
38378 58626 1
58626 29353 1
58626 104471 1
104471 87950 1
104471 111160 1
111160 30385 1
30385 1466 1
1466 145198 1
145198 134976 1
134976 17512 1
134976 93470 1
93470 135704 1
135704 27674 1
27674 51833 1
51833 88353 1
88353 99994 1
99994 9164 1
9164 23909 1
23909 78365 1
23909 91123 1
23909 23896 1
23909 27860 1
27860 132259 1
132259 763 1
763 452 1
452 129287 1
129287 92415 1
92415 55806 1
55806 32267 1
92415 23661 1
92415 114768 1
92415 146377 1
146377 24000 1
146377 123879 1
146377 16090 1
16090 103397 1
103397 74172 1
103397 110044 1
103397 95905 1
95905 92217 1
92217 15878 1
92217 7887 1
7887 73663 1
73663 21626 1
21626 111384 1
111384 49051 1
49051 74112 1
74112 5143 1
5143 154459 1
154459 13169 1
13169 106731 1
106731 113192 1
113192 111200 1
113192 142515 1
113192 48393 1
48393 122694 1
122694 40087 1
40087 28716 1
28716 113661 1
28716 53592 1
28716 55107 1
55107 59323 1
59323 109225 1
109225 6147 1
6147 86720 1
86720 79633 1
86720 117999 1
117999 49019 1
49019 10331 1
10331 19822 1
19822 10927 1
19822 82787 1
82787 43900 1
43900 87653 1
87653 115225 1
87653 116769 1
87653 42711 1
42711 106013 1
42711 46015 1
42711 79935 1
42711 67352 1
67352 147822 1
147822 136811 1
136811 116736 1
116736 66321 1
116736 75807 1
75807 109234 1
109234 12801 1
12801 35032 1
12801 58151 1
12801 78534 1
78534 69488 1
69488 136088 1
136088 136816 1
136816 91640 1
91640 132719 1
132719 127418 1
127418 91805 1
127418 95915 1
127418 50535 1
50535 97469 1
97469 99352 1
99352 61564 1
61564 93719 1
61564 23533 1
23533 57319 1
57319 145966 1
57319 124989 1
124989 49075 1
49075 3267 1
3267 86332 1
86332 111225 1
111225 95372 1
95372 40283 1
40283 12392 1
40283 71742 1
71742 84556 1
84556 95577 1
95577 101418 1
101418 40834 1
40834 60717 1
40834 45866 1
40834 131017 1
40834 17220 1
40834 79117 1
79117 84184 1
84184 18488 1
18488 116199 1
116199 54196 1
54196 45377 1
45377 39113 1
45377 88184 1
88184 107339 1
107339 107638 1
107638 27732 1
27732 111297 1
111297 101988 1
101988 70793 1
70793 91356 1
91356 13163 1
13163 51772 1
51772 93471 1
51772 38161 1
38161 118146 1
118146 39859 1
39859 139060 1
139060 71763 1
139060 113932 1
139060 72366 1
139060 12840 1
12840 121501 1
121501 98398 1
121501 154860 1
121501 66152 1
66152 138303 1
138303 132968 1
132968 136754 1
136754 20614 1
20614 33668 1
33668 13860 1
13860 114026 1
114026 73258 1
73258 67813 1
67813 89704 1
89704 19341 1
19341 138751 1
19341 113478 1
113478 3079 1
3079 144406 1
3079 87762 1
87762 114370 1
114370 5181 1
5181 140087 1
140087 10355 1
10355 89201 1
89201 138503 1
89201 60592 1
89201 84271 1
84271 3792 1
3792 26178 1
26178 23330 1
23330 123354 1
123354 38083 1
38083 116354 1
116354 6991 1
6991 4152 1
4152 103789 1
103789 136088 1
136088 62830 1
62830 20407 1
62830 831 1
831 95015 1
831 76389 1
76389 81963 1
81963 51041 1
81963 118953 1
81963 50941 1
81963 757 1
81963 42293 1
42293 52867 1
52867 107976 1
107976 105756 1
105756 6696 1
105756 153741 1
153741 53336 1
53336 65251 1
65251 27696 1
27696 127112 1
127112 140920 1
140920 92314 1
92314 51487 1
51487 135402 1
51487 143031 1
135402 150350 1
150350 130745 1
130745 139310 1
130745 95812 1
130745 29863 1
29863 86544 1
86544 40413 1
86544 111448 1
111448 123003 1
123003 150086 1
123003 139305 1
123003 99835 1
123003 16364 1
123003 114041 1
123003 133945 1
133945 145345 1
145345 49501 1
49501 56996 1
56996 77381 1
77381 125082 1
125082 61337 1
61337 69145 1
61337 48121 1
48121 65746 1
65746 61574 1
61574 154602 1
154602 95092 1
95092 77875 1
77875 129995 1
129995 76331 1
129995 79626 1
129995 94613 1
129995 256 1
256 141049 1
141049 103333 1
141049 103009 1
141049 13473 1
13473 71066 1
71066 76207 1
76207 101883 1
101883 47578 1
47578 104240 1
104240 89585 1
89585 39174 1
39174 71984 1
39174 98132 1
98132 88636 1
88636 40518 1
40518 67944 1
67944 101499 1
101499 135154 1
135154 39360 1
39360 4283 1
39360 33367 1
33367 8195 1
8195 151994 1
151994 32628 1
32628 55985 1
55985 30076 1
30076 35365 1
30076 14948 1
14948 22302 1
22302 76091 1
76091 98723 1
98723 16854 1
16854 66408 1
66408 27969 1
27969 69766 1
69766 110536 1
69766 71552 1
69766 149157 1
69766 15261 1
15261 100019 1
100019 114556 1
114556 152322 1
152322 98352 1
98352 99048 1
98352 29656 1
29656 52085 1
52085 45802 1
45802 76812 1
45802 141002 1
141002 85282 1
85282 35069 1
85282 80092 1
80092 17270 1
17270 68022 1
68022 29405 1
29405 99538 1
99538 101599 1
99538 11700 1
99538 118941 1
118941 127205 1
127205 12570 1
127205 46467 1
46467 50892 1
50892 52524 1
50892 108416 1
108416 61263 1
61263 125165 1
61263 3552 1
3552 45210 1
45210 112735 1
45210 54111 1
54111 17277 1
54111 61488 1
61488 14435 1
14435 33577 1
14435 127714 1
14435 81134 1
14435 76451 1
76451 152686 1
152686 63369 1
152686 151569 1
152686 129721 1
129721 46467 1
127205 25614 1
25614 59762 1
59762 57947 1
57947 126104 1
25614 54226 1
54226 9725 1
9725 51621 1
51621 35801 1
35801 147326 1
35801 34469 1
35801 52718 1
52718 85616 1
85616 110796 1
110796 120806 1
120806 50960 1
120806 136157 1
136157 135841 1
136157 82095 1
136157 62146 1
136157 151949 1
136157 133986 1
136157 141320 1
141320 51282 1
51282 33663 1
33663 4763 1
4763 64562 1
64562 45955 1
45955 12276 1
12276 31754 1
31754 24661 1
24661 57934 1
57934 39837 1
39837 48698 1
48698 89911 1
89911 132301 1
132301 62077 1
62077 44284 1
44284 4722 1
44284 133267 1
44284 21228 1
21228 103048 1
103048 80644 1
80644 93020 1
93020 76386 1
93020 125891 1
99056 7874 1
7874 16892 1
16892 73116 1
73116 148815 1
148815 109 1
109 144621 1
144621 149785 1
149785 9871 1
9871 117522 1
117522 135327 1
117522 130783 1
130783 32325 1
32325 8820 1
8820 57226 1
57226 74375 1
74375 13768 1
74375 18789 1
18789 136834 1
136834 69250 1
69250 30453 1
30453 149930 1
149930 20925 1
149930 46896 1
46896 81759 1
81759 17234 1
17234 106097 1
106097 36745 1
106097 92222 1
92222 1330 1
1330 104148 1
104148 63590 1
63590 152945 1
152945 62754 1
62754 146601 1
146601 4119 1
4119 48982 1
48982 115137 1
48982 133811 1
133811 105756 1
105756 108583 1
105756 106369 1
105756 145166 1
145166 25318 1
25318 56639 1
25318 113423 1
25318 5295 1
25318 75219 1
25318 60175 1
25318 136331 1
25318 43675 1
25318 77707 1
77707 53160 1
53160 130331 1
130331 17057 1
17057 41235 1
41235 134438 1
134438 87050 1
134438 99020 1
134438 62161 1
134438 81257 1
53160 132642 1
53160 41598 1
53160 83758 1
53160 146376 1
53160 123866 1
123866 96914 1
96914 142723 1
142723 138969 1
138969 81986 1
81986 128187 1
81986 96904 1
96904 122322 1
96904 64828 1
96904 66659 1
96904 29301 1
96904 13875 1
13875 124593 1
124593 109840 1
124593 83479 1
83479 10882 1
10882 131285 1
131285 19494 1
19494 71447 1
71447 150663 1
150663 36270 1
36270 131593 1
131593 26760 1
26760 49525 1
49525 11915 1
11915 862 1
862 103491 1
862 136126 1
136126 53048 1
53048 14656 1
14656 49068 1
49068 107094 1
107094 55654 1
55654 60424 1
60424 83029 1
83029 87418 1
87418 25687 1
25687 3188 1
3188 139442 1
139442 104024 1
104024 140594 1
104024 12418 1
12418 23711 1
23711 154321 1
154321 85 1
85 39174 1
85 9463 1
85 57188 1
85 43084 1
85 144477 1
144477 117690 1
144477 70346 1
70346 97652 1
97652 11645 1
11645 19901 1
19901 60562 1
60562 68477 1
68477 91182 1
91182 132615 1
132615 113891 1
113891 21781 1
21781 80644 1
80644 125447 1
125447 119435 1
119435 101551 1
101551 120199 1
120199 146254 1
146254 106123 1
106123 31307 1
31307 61000 1
61000 110720 1
110720 114334 1
114334 86694 1
86694 149664 1
149664 29417 1
29417 64201 1
29417 135008 1
29417 59142 1
29417 93555 1
29417 103047 1
103047 145679 1
145679 18313 1
18313 90098 1
90098 154866 1
90098 42259 1
42259 51758 1
51758 109575 1
51758 83773 1
83773 35265 1
35265 33337 1
35265 81686 1
81686 53026 1
53026 86215 1
53026 21036 1
21036 58964 1
58964 22302 1
22302 15157 1
22302 10676 1
10676 16154 1
10676 57077 1
57077 7626 1
7626 31783 1
7626 148049 1
148049 28721 1
28721 28659 1
28721 137998 1
28721 17423 1
17423 58369 1
58369 23761 1
23761 83328 1
83328 45395 1
45395 146358 1
146358 124919 1
146358 135251 1
146358 12277 1
146358 131684 1
131684 30861 1
30861 118955 1
30861 28090 1
28090 8099 1
30861 138447 1
138447 54288 1
54288 45266 1
45266 147147 1
147147 36179 1
36179 126205 1
126205 63228 1
126205 40415 1
40415 101265 1
101265 11324 1
101265 147198 1
101265 130904 1
101265 95495 1
95495 103558 1
103558 9952 1
9952 29025 1
29025 124056 1
124056 135865 1
124056 141103 1
141103 93419 1
93419 10266 1
10266 154469 1
10266 101847 1
10266 101865 1
10266 72673 1
72673 59162 1
59162 2258 1
59162 21840 1
21840 86996 1
86996 133151 1
133151 102600 1
102600 21030 1
21030 72668 1
72668 45200 1
45200 63686 1
45200 140695 1
140695 130878 1
130878 124832 1
124832 15317 1
15317 98166 1
98166 131239 1
98166 842 1
842 733 1
733 104985 1
104985 65514 1
65514 14652 1
14652 48309 1
48309 68145 1
48309 44709 1
48309 110707 1
48309 120523 1
48309 132973 1
48309 99854 1
44709 91315 1
91315 1034 1
91315 108312 1
91315 105727 1
91315 14522 1
91315 10651 1
91315 65874 1
65874 147301 1
147301 73258 1
73258 70207 1
70207 58722 1
70207 134866 1
70207 129120 1
129120 36233 1
36233 2750 1
2750 1862 1
1862 127494 1
127494 83874 1
127494 31650 1
127494 53846 1
127494 140213 1
127494 142044 1
142044 70220 1
70220 31610 1
31610 59958 1
59958 114805 1
114805 108888 1
108888 139008 1
108888 125241 1
125241 124219 1
124219 80965 1
124219 4453 1
4453 60608 1
60608 64081 1
60608 52135 1
60608 11221 1
60608 104138 1
60608 130073 1
52135 26578 1
26578 84156 1
26578 28473 1
28473 123399 1
123399 77032 1
77032 33335 1
33335 9593 1
9593 58132 1
58132 107112 1
58132 48256 1
48256 32693 1
32693 91771 1
91771 112876 1
112876 107237 1
107237 60360 1
60360 147686 1
147686 122635 1
122635 111728 1
111728 52914 1
52914 1377 1
1377 72329 1
72329 40599 1
40599 132573 1
132573 96397 1
96397 68777 1
96397 54123 1
54123 21794 1
54123 33655 1
33655 48897 1
48897 137990 1
137990 149571 1
149571 57170 1
57170 103834 1
103834 33180 1
103834 24796 1
103834 32822 1
103834 10109 1
103834 17060 1
103834 48471 1
48471 74372 1
48471 83735 1
83735 8099 1
8099 142434 1
142434 138190 1
138190 75153 1
138190 152609 1
138190 37694 1
37694 108400 1
108400 33323 1
33323 96096 1
96096 88086 1
88086 104384 1
104384 72334 1
72334 67839 1
67839 57496 1
67839 67681 1
67839 152215 1
67839 91412 1
67839 88123 1
88123 63313 1
63313 72426 1
72426 140931 1
140931 19098 1
19098 79769 1
79769 135138 1
135138 43850 1
43850 47275 1
47275 31971 1
31971 127704 1
127704 54604 1
54604 25136 1
25136 32267 1
32267 4743 1
4743 75867 1
75867 23549 1
23549 46520 1
23549 131087 1
131087 29267 1
29267 80625 1
29267 56521 1
29267 138692 1
29267 31440 1
29267 110444 1
131087 126005 1
126005 40520 1
40520 132668 1
132668 56648 1
132668 119672 1
119672 48862 1
119672 128571 1
128571 3672 1
128571 54962 1
128571 153880 1
128571 115602 1
128571 716 1
128571 117612 1
117612 31318 1
31318 87832 1
31318 106097 1
106097 26305 1
26305 121578 1
121578 93498 1
93498 87179 1
87179 147590 1
147590 36342 1
36342 80788 1
36342 35879 1
35879 25650 1
25650 75673 1
75673 28763 1
75673 113035 1
75673 102525 1
75673 21146 1
75673 5874 1
5874 23162 1
23162 92680 1
92680 71007 1
71007 28905 1
28905 127017 1
28905 101890 1
28905 93828 1
93828 117999 1
117999 102724 1
102724 118798 1
118798 99361 1
99361 53909 1
53909 78510 1
78510 130690 1
130690 144408 1
144408 60096 1
60096 100831 1
60096 146601 1
146601 80970 1
80970 114004 1
114004 74031 1
74031 37298 1
37298 36540 1
36540 84977 1
84977 65417 1
84977 137727 1
137727 20417 1
20417 92405 1
92405 104771 1
104771 83686 1
83686 109032 1
109032 16883 1
16883 116473 1
116473 55873 1
55873 148595 1
148595 68429 1
68429 82599 1
82599 46183 1
46183 37392 1
46183 62456 1
62456 96238 1
96238 79644 1
79644 126181 1
126181 134002 1
134002 31476 1
31476 77802 1
77802 61592 1
61592 106291 1
106291 38715 1
38715 62077 1
62077 140180 1
62077 26929 1
62077 2945 1
2945 154575 1
154575 130384 1
130384 26589 1
26589 17692 1
17692 37298 1
37298 73571 1
73571 40156 1
40156 67178 1
67178 59622 1
59622 61193 1
61193 75949 1
75949 37702 1
37702 131248 1
131248 126261 1
126261 108772 1
126261 153006 1
153006 10093 1
10093 119877 1
119877 99869 1
99869 108186 1
108186 29703 1
108186 283 1
283 18542 1
18542 141512 1
18542 16297 1
16297 99777 1
99777 121561 1
121561 73024 1
121561 92862 1
121561 149078 1
121561 127222 1
121561 106714 1
106714 103224 1
103224 24526 1
103224 55264 1
103224 142410 1
142410 105756 1
105756 110180 1
110180 19510 1
19510 113002 1
19510 142759 1
19510 143609 1
19510 89775 1
19510 3144 1
3144 133776 1
3144 107801 1
107801 81098 1
81098 152119 1
152119 39817 1
39817 116444 1
39817 41331 1
39817 617 1
617 68343 1
68343 3559 1
3559 150568 1
150568 81394 1
81394 150576 1
150576 64536 1
64536 52878 1
52878 64712 1
64712 44948 1
44948 118791 1
118791 55811 1
55811 9227 1
9227 96520 1
96520 17797 1
96520 118791 1
118791 121985 1
121985 91900 1
91900 28784 1
91900 68663 1
91900 116326 1
116326 100410 1
100410 10223 1
10223 143186 1
143186 105069 1
143186 32782 1
32782 44891 1
32782 108448 1
32782 94358 1
32782 19536 1
32782 107557 1
32782 96002 1
32782 24186 1
32782 107685 1
32782 105582 1
32782 144354 1
144354 118585 1
118585 38323 1
38323 102438 1
102438 72263 1
102438 152144 1
152144 153159 1
153159 144866 1
144866 56994 1
56994 63431 1
56994 95697 1
95697 1342 1
1342 27372 1
27372 43351 1
43351 54123 1
54123 51784 1
51784 136928 1
136928 100988 1
100988 31090 1
31090 83895 1
83895 52559 1
52559 147918 1
147918 60057 1
60057 32873 1
32873 9666 1
9666 72181 1
72181 77086 1
72181 80935 1
72181 104766 1
104766 132146 1
132146 147795 1
147795 46277 1
46277 86893 1
46277 54469 1
46277 123555 1
123555 12416 1
12416 3438 1
3438 4806 1
4806 127701 1
127701 63533 1
63533 93632 1
93632 44182 1
93632 76113 1
93632 91625 1
91625 131055 1
131055 1444 1
1444 95661 1
95661 145791 1
95661 66852 1
66852 108866 1
108866 25923 1
25923 77432 1
25923 102619 1
25923 4806 1
4806 84464 1
84464 6416 1
84464 57304 1
57304 25111 1
25111 9259 1
9259 122244 1
122244 43274 1
25111 83547 1
83547 36157 1
36157 61262 1
36157 93340 1
36157 95741 1
36157 39358 1
36157 141612 1
36157 129002 1
129002 32627 1
32627 72869 1
32627 31775 1
31775 142440 1
142440 96539 1
96539 44110 1
44110 52421 1
52421 15528 1
15528 99198 1
99198 71751 1
71751 58693 1
71751 96779 1
96779 128404 1
96779 62367 1
62367 54415 1
54415 131743 1
131743 119439 1
119439 58272 1
58272 51620 1
58272 58348 1
58272 55856 1
55856 71668 1
71668 18138 1
18138 125570 1
125570 34559 1
34559 39960 1
39960 130183 1
39960 82421 1
39960 42519 1
39960 74205 1
39960 129720 1
129720 78789 1
78789 50570 1
50570 22449 1
22449 145070 1
145070 49491 1
49491 38895 1
38895 141901 1
38895 125853 1
125853 111714 1
111714 81773 1
111714 104380 1
111714 108286 1
108286 17809 1
17809 125021 1
17809 47121 1
47121 105733 1
105733 140657 1
140657 56687 1
56687 83697 1
56687 135155 1
135155 17665 1
17665 82889 1
17665 34627 1
34627 5435 1
5435 643 1
5435 93386 1
93386 97912 1
97912 47121 1
47121 88441 1
88441 134145 1
134145 21499 1
21499 42852 1
42852 50450 1
50450 128851 1
128851 129142 1
129142 8460 1
129142 54441 1
129142 117216 1
117216 135144 1
135144 19477 1
19477 6475 1
6475 937 1
937 131152 1
131152 142569 1
142569 13860 1
13860 61058 1
61058 123390 1
123390 41373 1
41373 140614 1
140614 151932 1
140614 47750 1
47750 7365 1
7365 93847 1
138903 85672 1
138903 54357 1
138903 4426 1
4426 97652 1
144477 95289 1
144477 18713 1
144477 18111 1
97652 26057 1
97652 92770 1
92770 136523 1
136523 128277 1
128277 97548 1
128277 137420 1
137420 123713 1
123713 74992 1
74992 65593 1
65593 59065 1
59065 133651 1
133651 105342 1
105342 28142 1
28142 2307 1
105342 34998 1
34998 151429 1
34998 4937 1
4937 66514 1
66514 23430 1
23430 75965 1
75965 136679 1
136679 114420 1
114420 126469 1
126469 119342 1
126469 88783 1
88783 79430 1
79430 77833 1
77833 5143 1
5143 78876 1
5143 135001 1
135001 31430 1
31430 102825 1
102825 142449 1
102825 75861 1
75861 34862 1
34862 99841 1
99841 150913 1
150913 69815 1
150913 107976 1
107976 35823 1
35823 112511 1
112511 33661 1
112511 81676 1
112511 88640 1
112511 113612 1
113612 154200 1
154200 89691 1
154200 69974 1
154200 125104 1
154200 108395 1
108395 18542 1
18542 131772 1
131772 154747 1
154747 25951 1
154747 116118 1
116118 116326 1
116326 59508 1
59508 689 1
689 116426 1
116426 66013 1
66013 78689 1
78689 130285 1
66013 47253 1
47253 89445 1
47253 65841 1
65841 61818 1
61818 151860 1
61818 33187 1
33187 137441 1
137441 120420 1
120420 147167 1
147167 60815 1
60815 33288 1
33288 54953 1
54953 144949 1
144949 57670 1
144949 33115 1
144949 21275 1
144949 42114 1
144949 76719 1
76719 111384 1
111384 62671 1
62671 92525 1
92525 111816 1
111816 83515 1
83515 90889 1
83515 77220 1
83515 74611 1
83515 41425 1
41425 139506 1
139506 83745 1
83745 142024 1
142024 116545 1
142024 134671 1
142024 87553 1
87553 79645 1
79645 114273 1
114273 90953 1
114273 130833 1
130833 31188 1
31188 39404 1
31188 16995 1
16995 6502 1
16995 108088 1
108088 91640 1
91640 112443 1
112443 14535 1
14535 40786 1
40786 140526 1
140526 87888 1
87888 18644 1
18644 109277 1
109277 128493 1
128493 90800 1
90800 76972 1
76972 139040 1
76972 131255 1
131255 126390 1
126390 37106 1
37106 44682 1
44682 53830 1
53830 131940 1
131940 62398 1
131940 9461 1
9461 1443 1
1443 149296 1
149296 57327 1
57327 62499 1
62499 149671 1
62499 17158 1
17158 15701 1
15701 29285 1
29285 143235 1
143235 80450 1
143235 8147 1
8147 25539 1
25539 76221 1
76221 152678 1
152678 108758 1
108758 26320 1
108758 85328 1
85328 99869 1
99869 18582 1
99869 57573 1
57573 45426 1
45426 128433 1
128433 123200 1
128433 33176 1
128433 38138 1
38138 62170 1
62170 63677 1
62170 97877 1
62170 148960 1
148960 152678 1
152678 8279 1
8279 37417 1
37417 29102 1
29102 146109 1
146109 96248 1
96248 71376 1
71376 79330 1
79330 68075 1
79330 27811 1
79330 81799 1
81799 44222 1
44222 86956 1
44222 103640 1
44222 144978 1
144978 61328 1
61328 18573 1
18573 66856 1
66856 27182 1
27182 70760 1
70760 119367 1
70760 70290 1
70760 3616 1
70760 110063 1
110063 2245 1
2245 47360 1
2245 5909 1
5909 38113 1
38113 86776 1
38113 7567 1
7567 87889 1
87889 113329 1
87889 57509 1
57509 99230 1
99230 95136 1
99230 20569 1
20569 116444 1
116444 104290 1
104290 64195 1
104290 111206 1
111206 32133 1
32133 72498 1
72498 122698 1
72498 5880 1
72498 20024 1
72498 45854 1
72498 51667 1
72498 66723 1
66723 4311 1
4311 19201 1
19201 23599 1
23599 84354 1
84354 43520 1
43520 31307 1
31307 30590 1
31307 10559 1
10559 92800 1
92800 2413 1
2413 64094 1
64094 7798 1
7798 36001 1
36001 88916 1
88916 119837 1
119837 142233 1
142233 72193 1
72193 67296 1
