29810 67133 1
67133 68190 1
67133 81563 1
67133 18447 1
18447 15430 1
15430 131027 1
131027 11196 1
11196 137555 1
137555 103561 1
103561 47121 1
47121 66125 1
66125 67593 1
67593 89924 1
89924 58332 1
58332 23945 1
23945 58950 1
58950 72426 1
72426 116916 1
72426 147542 1
147542 26822 1
26822 136905 1
136905 72550 1
136905 50535 1
50535 98983 1
98983 56321 1
56321 27509 1
27509 120965 1
27509 110309 1
110309 140560 1
110309 89161 1
89161 100018 1
100018 1140 1
100018 141377 1
100018 36583 1
100018 78738 1
100018 99249 1
99249 46329 1
46329 102013 1
46329 98975 1
46329 110065 1
110065 37401 1
37401 44158 1
44158 108302 1
108302 90088 1
108302 22947 1
108302 95324 1
95324 109219 1
109219 124391 1
109219 14767 1
109219 142184 1
109219 37978 1
109219 61964 1
109219 63628 1
109219 25331 1
109219 44059 1
109219 106805 1
106805 139798 1
139798 11568 1
11568 153472 1
153472 130585 1
153472 61488 1
61488 79172 1
79172 93406 1
93406 137509 1
137509 140548 1
140548 152661 1
152661 134072 1
134072 10126 1
10126 17007 1
17007 96986 1
96986 21233 1
96986 41183 1
96986 39529 1
96986 129760 1
129760 110109 1
110109 141815 1
141815 146277 1
146277 75017 1
75017 10952 1
75017 526 1
526 96390 1
526 107781 1
526 147255 1
526 51065 1
526 103924 1
526 49473 1
49473 5684 1
5684 13805 1
13805 73236 1
73236 117657 1
73236 22234 1
22234 42266 1
42266 92078 1
92078 81075 1
92078 36270 1
36270 127832 1
127832 47652 1
47652 111117 1
111117 87235 1
87235 29781 1
29781 152945 1
152945 66172 1
152945 62754 1
62754 143674 1
143674 18057 1
143674 7026 1
7026 10690 1
10690 152329 1
152329 153968 1
153968 53868 1
53868 85729 1
85729 97458 1
97458 147636 1
85729 33251 1
53868 73364 1
73364 61712 1
61712 108044 1
108044 121964 1
121964 44029 1
44029 91048 1
91048 56529 1
56529 122782 1
122782 103710 1
103710 37009 1
37009 116612 1
116612 32506 1
32506 72489 1
72489 138295 1
138295 28300 1
138295 15669 1
138295 111644 1
138295 83790 1
138295 57053 1
57053 115500 1
57053 107709 1
107709 96263 1
96263 72090 1
96263 22735 1
96263 87967 1
96263 110712 1
110712 46758 1
46758 47002 1
47002 112818 1
112818 115590 1
115590 22257 1
22257 95629 1
95629 151261 1
151261 96914 1
96914 85079 1
85079 9759 1
9759 23945 1
23945 855 1
855 75688 1
75688 101789 1
101789 92399 1
92399 121734 1
121734 113192 1
113192 42265 1
113192 106731 1
106731 37027 1
37027 88744 1
37027 28413 1
28413 35466 1
35466 122863 1
35466 88888 1
35466 83204 1
35466 60035 1
35466 86827 1
86827 6860 1
6860 82808 1
82808 126493 1
126493 8427 1
8427 32325 1
32325 130783 1
130783 54822 1
54822 2051 1
2051 133883 1
133883 149289 1
149289 41513 1
41513 59849 1
59849 91970 1
91970 119884 1
91970 67460 1
67460 86979 1
86979 11143 1
86979 137199 1
137199 54846 1
54846 42009 1
54846 46771 1
46771 151351 1
151351 111384 1
111384 10408 1
10408 53602 1
53602 58218 1
58218 60792 1
60792 13949 1
13949 98374 1
98374 34973 1
34973 151293 1
151293 91665 1
91665 97406 1
91665 151914 1
151914 86437 1
86437 143369 1
143369 45790 1
143369 93478 1
93478 5523 1
5523 141134 1
5523 885 1
5523 89355 1
89355 146328 1
146328 90583 1
90583 2248 1
2248 99006 1
99006 54473 1
54473 58847 1
58847 72059 1
58847 104671 1
104671 55451 1
55451 67827 1
67827 126429 1
67827 90957 1
90957 110842 1
110842 89709 1
89709 7877 1
7877 126493 1
126493 82347 1
82347 57694 1
82347 36864 1
36864 52848 1
52848 129810 1
129810 10676 1
10676 47852 1
47852 39 1
39 142162 1
142162 109604 1
142162 65673 1
142162 68388 1
142162 154321 1
154321 2005 1
2005 131912 1
2005 124217 1
124217 88230 1
88230 146884 1
146884 87286 1
87286 46634 1
46634 98450 1
98450 24417 1
24417 31120 1
31120 63089 1
63089 83058 1
83058 6675 1
6675 115415 1
115415 151118 1
151118 138094 1
138094 36786 1
36786 113616 1
113616 21797 1
21797 147475 1
147475 100277 1
100277 14485 1
100277 25447 1
25447 121561 1
121561 130426 1
130426 1627 1
1627 66210 1
1627 31461 1
31461 97000 1
97000 15800 1
15800 26504 1
26504 125978 1
26504 43047 1
43047 69184 1
69184 133503 1
133503 4344 1
4344 152898 1
152898 73610 1
73610 134933 1
134933 38106 1
134933 109948 1
134933 91335 1
91335 87784 1
87784 41485 1
41485 69014 1
41485 112866 1
41485 103419 1
41485 56886 1
41485 153157 1
41485 92118 1
41485 136592 1
41485 92572 1
41485 92986 1
41485 5689 1
41485 96157 1
41485 110960 1
41485 13736 1
13736 14965 1
14965 108457 1
14965 130477 1
130477 103871 1
103871 31710 1
103871 8984 1
103871 151370 1
151370 99866 1
99866 48581 1
48581 28010 1
28010 126270 1
28010 1377 1
1377 60360 1
60360 50169 1
50169 99686 1
99686 114588 1
114588 43629 1
43629 85082 1
85082 48867 1
85082 132872 1
132872 13897 1
13897 98603 1
98603 48609 1
48609 38014 1
48609 39001 1
48609 84397 1
84397 86225 1
86225 58965 1
58965 25168 1
25168 130147 1
130147 1089 1
1089 76149 1
76149 4335 1
4335 20710 1
4335 126126 1
126126 57016 1
57016 44749 1
44749 130523 1
44749 5707 1
5707 80190 1
5707 79824 1
79824 87616 1
87616 44242 1
44242 70910 1
70910 13874 1
13874 32152 1
32152 128147 1
128147 47687 1
128147 21677 1
128147 104338 1
128147 54525 1
54525 111049 1
111049 13857 1
13857 88238 1
88238 91743 1
91743 30634 1
30634 15991 1
15991 133056 1
133056 45768 1
45768 44380 1
44380 36594 1
44380 130226 1
44380 60712 1
60712 145038 1
145038 50867 1
50867 85693 1
50867 39243 1
50867 105798 1
105798 85012 1
85012 122849 1
85012 92305 1
85012 39201 1
39201 111160 1
111160 27116 1
27116 64574 1
64574 25600 1
25600 41315 1
41315 133092 1
133092 87870 1
133092 110057 1
133092 73647 1
73647 41990 1
41990 73111 1
73111 13308 1
13308 75011 1
75011 47282 1
47282 9986 1
9986 120683 1
120683 135749 1
135749 148034 1
148034 70543 1
70543 118549 1
118549 74776 1
74776 79840 1
79840 93389 1
93389 103630 1
103630 83756 1
103630 109446 1
103630 46460 1
46460 55489 1
55489 101956 1
101956 151627 1
151627 20445 1
20445 118778 1
20445 131524 1
20445 101589 1
20445 81897 1
20445 142279 1
142279 108968 1
108968 62820 1
62820 65186 1
65186 103015 1
103015 50513 1
103015 83269 1
83269 105036 1
105036 23162 1
23162 36564 1
36564 123483 1
36564 3792 1
3792 41228 1
41228 103390 1
103390 97549 1
97549 120666 1
120666 18004 1
18004 7890 1
7890 118498 1
118498 109889 1
118498 81948 1
118498 49956 1
49956 71915 1
71915 16457 1
71915 125472 1
71915 30208 1
71915 135824 1
71915 107448 1
71915 12190 1
71915 152558 1
71915 57411 1
57411 13607 1
57411 54416 1
54416 42546 1
42546 143406 1
143406 27116 1
27116 60731 1
60731 35481 1
35481 125891 1
125891 59198 1
59198 96833 1
96833 123038 1
123038 104167 1
104167 56533 1
56533 142812 1
56533 27449 1
56533 65573 1
56533 44592 1
44592 9948 1
9948 67658 1
9948 2250 1
9948 15894 1
15894 53103 1
53103 142726 1
53103 28645 1
53103 140641 1
140641 76908 1
76908 6623 1
6623 31644 1
31644 46219 1
46219 105623 1
105623 93470 1
93470 107762 1
107762 17844 1
17844 144848 1
144848 6418 1
6418 143231 1
6418 67980 1
67980 2564 1
2564 80151 1
80151 106088 1
106088 116834 1
106088 147391 1
106088 50450 1
50450 115496 1
115496 92190 1
92190 46385 1
46385 48620 1
48620 19781 1
19781 96598 1
96598 42918 1
42918 138226 1
138226 145929 1
145929 11645 1
11645 56372 1
145929 153740 1
153740 83461 1
153740 101990 1
101990 151802 1
151802 27705 1
27705 21908 1
21908 35801 1
35801 127399 1
35801 17962 1
17962 120465 1
120465 25974 1
120465 17809 1
17809 40111 1
17809 82609 1
