29505 80402 1
80402 6294 1
80402 64594 1
80402 122912 1
80402 40094 1
40094 12102 1
12102 129220 1
12102 116872 1
12102 147599 1
12102 104011 1
12102 19443 1
12102 39385 1
12102 31946 1
31946 27598 1
31946 144175 1
144175 44069 1
144175 4255 1
144175 99903 1
144175 45983 1
144175 75124 1
144175 88969 1
144175 21379 1
144175 27979 1
27979 98122 1
98122 99087 1
99087 132756 1
132756 13875 1
13875 73691 1
73691 128407 1
128407 113623 1
113623 5236 1
113623 8502 1
113623 131384 1
113623 13297 1
113623 75372 1
113623 96610 1
96610 18224 1
18224 99947 1
99947 146116 1
146116 78385 1
146116 61558 1
146116 113840 1
113840 92968 1
92968 45453 1
92968 115949 1
92968 43375 1
92968 107069 1
107069 7365 1
7365 93847 1
7365 87555 1
87555 62499 1
62499 114466 1
114466 87149 1
87149 53677 1
53677 47433 1
47433 102794 1
102794 125182 1
102794 86493 1
102794 144106 1
102794 135686 1
102794 67166 1
67166 106145 1
106145 107619 1
107619 92918 1
92918 81425 1
92918 41016 1
92918 126426 1
92918 94778 1
94778 58414 1
58414 84098 1
58414 9725 1
9725 141272 1
141272 54080 1
54080 52 1
52 113362 1
113362 71728 1
71728 8423 1
8423 149388 1
149388 150987 1
150987 53150 1
53150 119743 1
53150 53963 1
53963 84160 1
53963 16658 1
53963 144137 1
144137 152998 1
152998 36342 1
36342 143081 1
143081 98352 1
98352 10006 1
10006 85906 1
10006 88633 1
88633 130407 1
130407 151651 1
151651 79038 1
79038 91932 1
79038 32295 1
79038 13875 1
13875 135312 1
135312 142512 1
135312 38803 1
38803 35080 1
38803 108083 1
108083 55545 1
108083 48544 1
108083 64047 1
108083 132535 1
108083 36780 1
108083 85932 1
85932 74205 1
74205 13530 1
13530 104298 1
13530 142689 1
13530 138015 1
138015 79803 1
79803 75029 1
75029 63943 1
63943 61219 1
63943 144835 1
144835 125037 1
125037 86615 1
86615 49020 1
49020 102362 1
49020 89076 1
89076 40368 1
40368 148954 1
148954 68588 1
68588 49104 1
49104 9553 1
9553 44653 1
9553 83624 1
83624 56650 1
56650 58828 1
56650 54135 1
54135 51565 1
51565 154408 1
56650 45573 1
56650 79576 1
79576 49752 1
49752 312 1
312 111441 1
111441 101718 1
101718 80223 1
101718 154225 1
154225 52878 1
52878 154259 1
154259 9010 1
9010 16666 1
16666 64891 1
64891 24791 1
24791 145255 1
145255 65315 1
65315 106967 1
106967 125880 1
125880 77656 1
77656 91772 1
91772 148034 1
148034 80768 1
80768 70303 1
70303 38378 1
38378 35896 1
38378 114474 1
114474 2885 1
2885 151874 1
151874 57726 1
57726 112817 1
112817 108120 1
108120 54415 1
54415 81858 1
81858 80873 1
81858 154551 1
154551 19722 1
19722 39070 1
39070 104063 1
104063 115174 1
115174 64215 1
64215 110521 1
110521 104319 1
104319 118650 1
104319 130246 1
104319 137116 1
137116 93305 1
93305 50935 1
93305 93370 1
93370 69742 1
69742 30740 1
30740 91226 1
91226 113066 1
113066 105815 1
105815 110478 1
110478 87587 1
110478 6692 1
110478 45867 1
110478 118828 1
118828 150861 1
150861 89519 1
150861 37426 1
37426 49036 1
49036 103032 1
49036 4896 1
49036 80424 1
80424 73442 1
73442 134373 1
73442 120697 1
73442 55890 1
55890 1441 1
1441 10545 1
10545 558 1
558 39554 1
558 54529 1
54529 85717 1
85717 65068 1
65068 2964 1
2964 109428 1
109428 4806 1
4806 112567 1
112567 115973 1
115973 5657 1
5657 147085 1
5657 77531 1
5657 152724 1
152724 8279 1
8279 28835 1
28835 145770 1
145770 76862 1
76862 26089 1
26089 138174 1
138174 117216 1
117216 52914 1
52914 119671 1
52914 75004 1
52914 97549 1
97549 127932 1
127932 16276 1
16276 145645 1
145645 114059 1
114059 113966 1
113966 120464 1
120464 33742 1
120464 84467 1
84467 127657 1
127657 146217 1
146217 63117 1
63117 22301 1
22301 124417 1
22301 149900 1
149900 15159 1
15159 2208 1
15159 153006 1
153006 32689 1
32689 109488 1
32689 53404 1
32689 84006 1
84006 153486 1
153486 115405 1
115405 75005 1
75005 52843 1
52843 48538 1
52843 125836 1
52843 28410 1
52843 69034 1
69034 122449 1
122449 25905 1
25905 13733 1
13733 107554 1
107554 118798 1
118798 14540 1
118798 144850 1
144850 18534 1
144850 132260 1
132260 23101 1
23101 31188 1
31188 138671 1
138671 89357 1
89357 151364 1
151364 16800 1
16800 41929 1
41929 98200 1
98200 146146 1
146146 123573 1
146146 46929 1
46929 14525 1
14525 122321 1
122321 143305 1
143305 67723 1
67723 3030 1
3030 93925 1
93925 18616 1
18616 52116 1
52116 68412 1
68412 68636 1
68412 74905 1
68412 95549 1
52116 45744 1
45744 66645 1
66645 103971 1
103971 65187 1
103971 79490 1
79490 90646 1
90646 64529 1
90646 100503 1
100503 48123 1
48123 30269 1
30269 130210 1
130210 55597 1
55597 128222 1
128222 110923 1
110923 21626 1
21626 10799 1
10799 33376 1
10799 52947 1
52947 59508 1
59508 77278 1
77278 95793 1
95793 91743 1
91743 92183 1
92183 116118 1
116118 1392 1
1392 49036 1
49036 27431 1
49036 89947 1
49036 84269 1
84269 9488 1
9488 22414 1
22414 134023 1
134023 28849 1
28849 73118 1
73118 144352 1
73118 138085 1
138085 122474 1
122474 72347 1
72347 85081 1
85081 30048 1
30048 56897 1
56897 8600 1
8600 35912 1
35912 91379 1
91379 4641 1
4641 23087 1
4641 100362 1
100362 27650 1
27650 137634 1
27650 153430 1
153430 29470 1
29470 2734 1
29470 131495 1
29470 144555 1
144555 74543 1
74543 26421 1
26421 97000 1
97000 119000 1
119000 69359 1
69359 44166 1
69359 60424 1
60424 146767 1
146767 107203 1
146767 2096 1
2096 53048 1
53048 135659 1
135659 98419 1
98419 125262 1
98419 23251 1
23251 146767 1
146767 47971 1
47971 91296 1
91296 16800 1
16800 111362 1
111362 51840 1
51840 83816 1
83816 27334 1
27334 125216 1
125216 58298 1
58298 19830 1
58298 36240 1
36240 150077 1
150077 111362 1
111362 104063 1
104063 118304 1
104063 122765 1
122765 58325 1
58325 84360 1
84360 3790 1
3790 71390 1
71390 46821 1
71390 125975 1
125975 62890 1
62890 19380 1
62890 134563 1
134563 22926 1
22926 13779 1
13779 73516 1
73516 27142 1
73516 146791 1
73516 57919 1
57919 127094 1
127094 153471 1
153471 54848 1
54848 90032 1
153471 23101 1
23101 24093 1
24093 6427 1
6427 36001 1
36001 23143 1
23143 36786 1
36786 20549 1
36786 18734 1
18734 128100 1
128100 68452 1
128100 145638 1
145638 149797 1
149797 104757 1
104757 146707 1
146707 22681 1
22681 112868 1
112868 148836 1
148836 103397 1
103397 96549 1
96549 27311 1
27311 10248 1
10248 93534 1
93534 126617 1
93534 154193 1
93534 31961 1
31961 88460 1
88460 18166 1
93534 52876 1
52876 114529 1
52876 83865 1
83865 97741 1
97741 60832 1
97741 30454 1
97741 15470 1
97741 19893 1
19893 60695 1
60695 150987 1
150987 19308 1
19308 63655 1
63655 147109 1
63655 66116 1
63655 125288 1
125288 135282 1
135282 21907 1
21907 103498 1
103498 109037 1
109037 75409 1
109037 47034 1
47034 119962 1
119962 151905 1
151905 26030 1
26030 28473 1
28473 9156 1
9156 93451 1
9156 47280 1
47280 41797 1
47280 72332 1
47280 147917 1
47280 18015 1
18015 30076 1
30076 32666 1
32666 93978 1
30076 35365 1
30076 112704 1
112704 9452 1
9452 94119 1
9452 8906 1
8906 115341 1
115341 97427 1
9452 63858 1
9452 152052 1
152052 125746 1
125746 152297 1
152297 41423 1
41423 97716 1
97716 85159 1
85159 100248 1
85159 81817 1
85159 70282 1
85159 86217 1
86217 124579 1
124579 119678 1
119678 123720 1
123720 84510 1
84510 56949 1
56949 33969 1
33969 68588 1
68588 22629 1
22629 75688 1
75688 70199 1
75688 113825 1
113825 13797 1
13797 76253 1
13797 149273 1
149273 127550 1
127550 7874 1
7874 113966 1
113966 103839 1
103839 44256 1
44256 45990 1
45990 87526 1
87526 114992 1
114992 71729 1
71729 103351 1
71729 101781 1
101781 110953 1
110953 100800 1
110953 71770 1
71770 122823 1
71770 27735 1
71770 7572 1
7572 69457 1
69457 67322 1
69457 125765 1
125765 85804 1
85804 128513 1
85804 143053 1
143053 60306 1
60306 21607 1
21607 52914 1
52914 62934 1
62934 115413 1
115413 23851 1
23851 27300 1
27300 92822 1
92822 90771 1
90771 4652 1
90771 2311 1
2311 143045 1
143045 143963 1
143963 136846 1
136846 123144 1
136846 115561 1
115561 55380 1
115561 27180 1
115561 18616 1
18616 88508 1
88508 105658 1
105658 60399 1
60399 6475 1
6475 103553 1
103553 124484 1
124484 137944 1
137944 152147 1
152147 73314 1
152147 121610 1
152147 102444 1
102444 13670 1
13670 148707 1
148707 98346 1
98346 19477 1
19477 141784 1
141784 151357 1
151357 48609 1
48609 121273 1
121273 50759 1
50759 76788 1
76788 76838 1
76838 937 1
937 128502 1
128502 136402 1
136402 12258 1
12258 94786 1
12258 62583 1
62583 113469 1
113469 126050 1
126050 82776 1
82776 57432 1
57432 129596 1
129596 70760 1
70760 154307 1
154307 38646 1
38646 75451 1
75451 70047 1
70047 152593 1
70047 136919 1
136919 149571 1
149571 137990 1
137990 46460 1
46460 154012 1
154012 23315 1
23315 46750 1
46750 136106 1
46750 70024 1
46750 79769 1
79769 19098 1
19098 144629 1
144629 123038 1
123038 97910 1
123038 97820 1
97820 52536 1
52536 21484 1
52536 125241 1
125241 4763 1
4763 141337 1
141337 35738 1
35738 61862 1
141337 23430 1
23430 74290 1
74290 23852 1
23852 92093 1
92093 20753 1
20753 142134 1
142134 145481 1
142134 65243 1
65243 64429 1
64429 108168 1
108168 112233 1
112233 146901 1
112233 36016 1
112233 126563 1
126563 118199 1
118199 41908 1
118199 65663 1
118199 96114 1
118199 143506 1
118199 43581 1
118199 124315 1
118199 80140 1
118199 76217 1
118199 62117 1
118199 132966 1
118199 47459 1
47459 97061 1
97061 58615 1
97061 154025 1
154025 141396 1
141396 141332 1
141396 83833 1
141396 126702 1
141396 85359 1
85359 19221 1
19221 115080 1
19221 13511 1
13511 66599 1
13511 91320 1
91320 105250 1
105250 32565 1
105250 15417 1
15417 104771 1
104771 139156 1
139156 127275 1
127275 151495 1
151495 60457 1
60457 94284 1
94284 52289 1
94284 100 1
94284 153067 1
94284 81908 1
81908 151351 1
151351 47868 1
47868 80789 1
47868 115909 1
115909 36244 1
115909 33883 1
115909 112768 1
115909 139922 1
115909 26677 1
115909 94094 1
115909 75358 1
115909 140861 1
115909 43836 1
115909 133808 1
115909 150127 1
150127 144283 1
144283 52340 1
52340 20744 1
20744 25539 1
25539 21581 1
21581 72614 1
72614 141289 1
141289 57445 1
141289 60365 1
141289 109990 1
109990 7885 1
7885 15086 1
15086 142020 1
142020 55842 1
55842 95725 1
142020 43047 1
43047 76022 1
76022 114976 1
114976 71534 1
71534 96393 1
96393 87084 1
96393 132925 1
132925 29472 1
29472 125440 1
125440 24735 1
24735 101547 1
101547 91053 1
91053 152236 1
152236 24735 1
24735 23588 1
24735 51064 1
51064 21436 1
21436 47450 1
47450 118508 1
118508 139271 1
118508 51435 1
51435 85421 1
85421 95841 1
95841 150335 1
150335 151657 1
150335 21876 1
21876 116564 1
116564 67637 1
116564 112926 1
112926 876 1
876 153746 1
153746 116796 1
116796 1845 1
1845 38061 1
38061 47122 1
47122 138789 1
47122 77291 1
47122 82321 1
82321 51932 1
51932 144985 1
51932 63192 1
63192 100988 1
100988 39900 1
39900 50459 1
50459 86049 1
86049 8820 1
8820 126745 1
8820 114893 1
114893 73270 1
73270 142792 1
73270 154834 1
154834 19992 1
19992 90438 1
19992 43643 1
43643 46288 1
46288 65625 1
65625 92521 1
65625 11361 1
11361 107908 1
107908 112186 1
112186 123354 1
123354 79746 1
79746 58280 1
79746 96820 1
79746 48291 1
79746 69694 1
79746 7449 1
79746 71338 1
79746 33252 1
33252 29295 1
29295 95220 1
29295 24214 1
29295 50944 1
50944 40006 1
40006 126473 1
126473 4943 1
4943 77641 1
77641 117036 1
117036 45044 1
45044 5910 1
5910 86390 1
86390 18384 1
18384 102135 1
102135 50905 1
50905 67622 1
67622 126374 1
126374 77330 1
126374 29867 1
29867 95577 1
95577 47540 1
47540 17579 1
17579 106874 1
106874 39623 1
39623 63739 1
63739 107354 1
107354 15528 1
15528 47127 1
47127 136204 1
136204 126951 1
126951 46823 1
46823 63199 1
63199 71909 1
71909 17665 1
17665 111160 1
111160 58712 1
58712 26952 1
26952 89594 1
89594 3256 1
3256 129720 1
129720 43597 1
43597 127230 1
43597 61275 1
43597 126493 1
126493 41860 1
41860 125944 1
41860 96086 1
96086 21684 1
21684 65716 1
65716 144690 1
144690 108458 1
108458 19406 1
108458 136451 1
136451 26353 1
136451 140194 1
136451 41769 1
136451 63512 1
63512 31995 1
31995 41727 1
31995 149612 1
149612 88183 1
88183 82417 1
88183 81872 1
81872 154015 1
154015 121695 1
154015 150806 1
154015 150913 1
150913 99660 1
99660 145110 1
145110 53150 1
53150 8205 1
53150 32415 1
32415 123410 1
123410 116741 1
116741 80182 1
116741 96722 1
116741 130876 1
130876 9654 1
9654 57066 1
57066 130721 1
130721 85046 1
130721 27653 1
27653 97170 1
97170 68262 1
97170 87911 1
87911 118127 1
118127 27355 1
27355 91370 1
91370 43899 1
91370 27676 1
91370 68251 1
68251 129679 1
129679 33884 1
129679 93305 1
93305 36744 1
93305 1817 1
1817 95105 1
95105 34953 1
34953 144768 1
144768 147150 1
147150 101832 1
101832 138679 1
138679 69796 1
69796 45848 1
45848 97305 1
45848 19627 1
19627 99297 1
99297 105315 1
105315 44749 1
44749 66495 1
66495 29085 1
29085 139912 1
139912 11727 1
11727 129233 1
129233 59589 1
129233 106798 1
129233 46963 1
129233 42706 1
42706 46587 1
46587 22926 1
22926 133335 1
133335 133945 1
133945 22770 1
133945 107135 1
107135 2390 1
107135 80269 1
80269 16443 1
16443 84919 1
16443 134446 1
16443 116810 1
16443 22752 1
22752 15827 1
15827 151679 1
151679 111714 1
111714 81773 1
111714 47500 1
47500 100906 1
100906 11541 1
100906 118313 1
100906 61210 1
61210 31003 1
31003 130017 1
130017 111114 1
130017 32691 1
32691 13805 1
13805 112148 1
112148 22612 1
22612 68545 1
68545 89437 1
89437 67444 1
67444 30780 1
67444 28420 1
67444 89641 1
89641 115122 1
115122 114531 1
114531 32590 1
114531 52941 1
52941 20892 1
20892 145369 1
20892 6459 1
6459 115633 1
115633 142675 1
115633 46675 1
115633 21260 1
21260 19339 1
19339 114419 1
114419 11903 1
11903 66086 1
66086 89045 1
89045 53999 1
89045 38549 1
38549 82343 1
82343 70496 1
82343 2413 1
2413 64094 1
64094 46893 1
46893 73118 1
73118 123850 1
123850 29235 1
29235 25139 1
25139 109990 1
109990 34384 1
109990 153772 1
153772 82978 1
82978 118126 1
82978 58048 1
58048 61390 1
61390 25049 1
25049 98070 1
98070 91431 1
91431 10381 1
10381 88184 1
88184 145512 1
88184 17579 1
17579 40755 1
17579 48112 1
17579 65286 1
65286 152833 1
152833 97549 1
97549 82120 1
82120 81947 1
81947 124242 1
124242 41313 1
41313 57831 1
57831 43479 1
43479 151226 1
151226 130219 1
130219 138094 1
138094 68313 1
68313 23701 1
23701 134579 1
23701 106000 1
23701 129003 1
23701 128809 1
23701 65297 1
23701 54461 1
54461 90354 1
90354 133483 1
90354 146916 1
90354 31416 1
90354 109514 1
90354 43176 1
90354 40065 1
40065 1238 1
40065 49545 1
49545 84435 1
84435 65190 1
49545 6399 1
6399 4238 1
4238 53026 1
53026 22212 1
22212 142431 1
142431 4078 1
142431 22926 1
22926 131611 1
131611 76444 1
76444 128080 1
131611 114988 1
114988 59909 1
59909 123164 1
123164 60868 1
60868 22862 1
22862 5711 1
5711 71538 1
71538 98737 1
71538 53059 1
53059 98606 1
98606 53857 1
53857 61337 1
61337 60006 1
60006 17530 1
17530 59031 1
59031 108175 1
108175 61399 1
108175 68242 1
68242 102679 1
68242 81986 1
81986 105518 1
105518 10408 1
10408 108580 1
10408 17004 1
17004 119711 1
119711 45527 1
45527 1620 1
1620 107812 1
107812 19872 1
19872 152724 1
152724 21626 1
21626 138085 1
138085 134068 1
134068 132517 1
132517 126210 1
126210 112827 1
126210 928 1
928 148572 1
148572 120593 1
120593 33080 1
120593 52421 1
52421 5800 1
5800 109710 1
5800 16731 1
16731 57800 1
57800 47869 1
47869 45311 1
47869 140620 1
47869 80066 1
80066 113825 1
113825 2945 1
2945 7933 1
7933 26625 1
26625 130320 1
130320 73097 1
130320 147389 1
147389 9297 1
147389 76895 1
147389 14493 1
147389 18384 1
18384 124314 1
124314 84314 1
84314 68003 1
68003 111833 1
111833 93498 1
93498 153653 1
153653 142162 1
142162 25346 1
25346 89844 1
89844 132610 1
132610 52526 1
52526 136293 1
52526 47557 1
47557 153024 1
153024 137507 1
137507 42978 1
42978 9136 1
9136 38829 1
9136 37162 1
37162 81699 1
81699 76826 1
81699 113617 1
81699 50217 1
50217 65590 1
65590 60884 1
60884 153626 1
153626 2750 1
2750 8571 1
8571 95748 1
95748 153735 1
153735 72426 1
72426 6827 1
6827 141554 1
141554 99102 1
141554 48747 1
48747 94426 1
94426 109262 1
94426 61146 1
94426 86631 1
86631 55227 1
55227 6518 1
55227 46497 1
55227 133637 1
133637 10164 1
10164 66226 1
66226 15213 1
15213 137884 1
137884 4946 1
4946 152771 1
152771 73584 1
73584 101778 1
101778 9868 1
9868 6398 1
9868 109101 1
109101 87287 1
87287 61686 1
87287 51853 1
87287 92509 1
87287 19984 1
19984 105733 1
105733 87145 1
87145 139743 1
139743 144691 1
144691 116354 1
116354 67789 1
67789 154500 1
154500 114334 1
114334 18201 1
18201 106279 1
106279 114072 1
106279 97941 1
97941 2760 1
2760 104083 1
2760 10860 1
2760 61739 1
61739 60352 1
60352 86967 1
86967 42915 1
42915 54677 1
42915 154405 1
42915 100683 1
100683 43712 1
43712 124234 1
124234 3763 1
3763 20271 1
20271 43907 1
43907 101239 1
101239 151019 1
151019 91662 1
91662 49047 1
49047 43751 1
43751 46823 1
46823 123118 1
123118 78086 1
123118 7116 1
7116 30850 1
30850 93020 1
93020 76221 1
76221 130437 1
130437 6760 1
6760 40592 1
40592 59086 1
59086 144146 1
144146 2356 1
2356 111658 1
111658 115023 1
115023 61820 1
115023 71587 1
115023 11109 1
11109 49549 1
11109 143802 1
11109 140598 1
140598 136088 1
136088 22294 1
22294 63590 1
63590 82058 1
82058 8010 1
8010 13547 1
13547 102597 1
13547 19165 1
19165 126563 1
126563 143215 1
143215 98400 1
143215 144762 1
126563 92497 1
92497 48019 1
48019 143774 1
143774 150867 1
150867 84611 1
84611 97033 1
97033 15159 1
15159 29919 1
29919 20130 1
20130 50759 1
50759 106306 1
106306 8392 1
8392 117184 1
117184 69913 1
69913 58937 1
58937 147450 1
147450 129118 1
129118 73095 1
73095 91803 1
91803 70026 1
70026 64243 1
64243 20712 1
20712 17657 1
20712 56730 1
20712 34323 1
20712 113457 1
20712 90565 1
90565 11648 1
11648 24093 1
24093 40575 1
40575 66030 1
66030 127784 1
66030 131685 1
131685 14899 1
14899 24079 1
24079 99560 1
99560 125553 1
125553 5837 1
5837 109452 1
5837 1768 1
5837 62754 1
62754 126685 1
126685 127853 1
127853 74876 1
127853 85388 1
85388 113334 1
113334 117022 1
117022 16995 1
16995 89585 1
89585 31288 1
31288 98162 1
98162 134186 1
98162 149220 1
149220 37767 1
37767 37740 1
37740 134602 1
134602 113542 1
113542 135818 1
113542 122079 1
122079 58450 1
58450 124564 1
58450 144444 1
58450 122149 1
58450 82767 1
58450 1332 1
1332 17772 1
1332 50213 1
1332 2290 1
2290 84433 1
84433 93435 1
84433 86130 1
84433 127346 1
84433 8848 1
84433 111520 1
84433 13667 1
13667 143390 1
143390 107395 1
143390 102063 1
102063 101720 1
101720 18844 1
18844 118508 1
118508 19554 1
19554 22165 1
22165 956 1
956 74205 1
74205 58399 1
58399 130384 1
130384 40023 1
40023 99992 1
99992 133195 1
133195 95337 1
95337 3687 1
3687 124484 1
124484 97070 1
97070 142975 1
142975 30634 1
30634 108614 1
30634 46355 1
46355 31752 1
31752 36753 1
31752 25022 1
25022 131390 1
131390 61231 1
61231 51621 1
51621 67643 1
67643 1798 1
1798 93201 1
93201 56695 1
56695 23049 1
23049 107701 1
107701 67508 1
67508 116007 1
67508 53144 1
53144 81783 1
53144 6709 1
53144 79018 1
79018 66514 1
66514 18675 1
18675 13885 1
13885 141297 1
13885 122073 1
13885 1664 1
13885 108195 1
13885 84321 1
13885 148943 1
13885 71368 1
71368 8073 1
8073 41999 1
41999 101526 1
41999 77889 1
77889 24277 1
24277 46813 1
46813 126005 1
126005 109322 1
126005 5944 1
5944 49068 1
49068 3634 1
3634 73442 1
73442 120663 1
120663 150446 1
120663 132597 1
120663 45396 1
120663 116619 1
116619 133972 1
133972 118284 1
118284 11925 1
11925 71212 1
71212 128333 1
128333 19788 1
128333 127639 1
127639 116081 1
116081 49144 1
49144 125899 1
125899 22010 1
22010 88248 1
22010 126577 1
22010 9755 1
9755 40474 1
40474 67770 1
67770 100983 1
100983 31245 1
31245 90488 1
90488 90876 1
90876 121903 1
121903 112539 1
121903 105523 1
105523 63460 1
63460 33807 1
33807 13026 1
13026 140991 1
140991 87257 1
87257 60709 1
87257 83385 1
83385 89070 1
89070 82106 1
82106 136397 1
136397 42389 1
42389 151106 1
151106 108291 1
108291 71368 1
71368 150249 1
150249 70800 1
150249 84612 1
84612 147680 1
147680 121255 1
147680 62154 1
62154 115070 1
62154 46279 1
46279 98450 1
46279 100503 1
100503 67178 1
67178 22077 1
22077 51402 1
51402 50867 1
50867 47187 1
47187 96767 1
96767 105327 1
105327 51108 1
51108 16573 1
16573 57068 1
57068 50839 1
57068 2004 1
57068 145751 1
57068 140021 1
140021 82599 1
82599 132716 1
132716 87653 1
87653 130456 1
130456 479 1
479 47531 1
47531 106532 1
106532 121043 1
106532 83361 1
106532 37745 1
106532 148001 1
148001 26555 1
26555 46422 1
26555 146482 1
146482 150187 1
150187 29617 1
150187 57268 1
150187 28650 1
150187 35965 1
150187 29995 1
150187 33401 1
150187 69557 1
69557 82101 1
82101 81582 1
81582 29919 1
29919 101447 1
101447 120729 1
101447 103070 1
103070 114059 1
114059 49525 1
49525 92465 1
92465 10282 1
10282 23634 1
10282 77656 1
77656 135062 1
135062 57871 1
57871 132886 1
57871 80828 1
57871 54736 1
57871 36353 1
57871 70899 1
70899 74362 1
70899 71153 1
71153 48045 1
48045 152609 1
152609 64499 1
64499 20827 1
20827 142569 1
142569 99198 1
99198 61072 1
61072 73118 1
73118 93327 1
93327 69392 1
69392 117860 1
117860 81751 1
81751 95092 1
95092 37423 1
95092 66781 1
66781 79998 1
66781 22373 1
22373 22141 1
22141 79895 1
22141 71668 1
71668 144925 1
144925 91098 1
144925 71133 1
144925 134172 1
144925 118716 1
118716 94746 1
94746 141513 1
141513 12319 1
12319 134933 1
134933 109651 1
109651 144098 1
109651 53380 1
53380 145485 1
145485 10323 1
10323 108442 1
10323 113158 1
10323 142051 1
10323 123037 1
10323 69599 1
69599 75103 1
75103 113612 1
113612 108400 1
108400 123101 1
123101 71806 1
123101 11032 1
11032 37204 1
37204 110555 1
37204 146785 1
37204 124367 1
124367 51142 1
51142 40697 1
40697 74298 1
74298 36975 1
40697 81066 1
40697 133968 1
133968 142200 1
142200 119094 1
119094 75090 1
119094 48431 1
119094 70526 1
70526 141637 1
141637 21481 1
21481 76596 1
21481 42148 1
42148 92998 1
92998 92155 1
92155 18812 1
18812 49578 1
49578 88883 1
49578 7493 1
49578 66206 1
66206 116048 1
116048 45343 1
116048 15142 1
15142 96674 1
96674 123525 1
96674 39920 1
39920 109143 1
109143 57453 1
109143 110127 1
110127 31514 1
31514 1846 1
1846 123912 1
123912 33187 1
33187 111389 1
111389 68382 1
68382 26004 1
26004 148536 1
26004 42254 1
42254 126710 1
42254 153640 1
153640 123326 1
123326 97469 1
97469 87355 1
87355 436 1
436 74211 1
74211 124242 1
81947 154374 1
154374 137231 1
137231 121451 1
137231 91077 1
137231 19495 1
137231 104454 1
137231 42527 1
42527 109655 1
109655 46897 1
46897 30714 1
30714 37980 1
37980 24359 1
24359 49087 1
49087 5936 1
5936 67525 1
49087 113362 1
113362 17785 1
113362 51789 1
51789 11903 1
11903 97644 1
97644 104866 1
104866 148041 1
104866 98110 1
98110 126050 1
126050 17383 1
17383 131603 1
131603 13163 1
13163 104115 1
104115 103714 1
103714 105054 1
105054 50828 1
50828 66771 1
66771 102329 1
102329 148141 1
148141 78887 1
78887 96082 1
96082 87083 1
87083 147805 1
147805 108979 1
147805 100201 1
100201 6124 1
6124 111358 1
111358 2526 1
111358 24878 1
24878 53517 1
53517 115576 1
115576 130765 1
115576 59732 1
115576 151211 1
115576 101744 1
115576 148078 1
115576 40520 1
40520 103561 1
103561 136520 1
136520 39174 1
39174 88790 1
88790 62583 1
62583 153547 1
153547 32698 1
153547 10212 1
10212 114988 1
114988 68299 1
68299 142834 1
142834 4763 1
4763 3798 1
4763 35521 1
4763 37440 1
4763 6961 1
4763 84469 1
84469 83985 1
83985 28484 1
28484 83328 1
83328 100981 1
100981 72874 1
72874 72860 1
72860 11354 1
11354 62583 1
62583 154782 1
154782 99917 1
99917 98263 1
98263 99538 1
99538 1553 1
99538 60962 1
99538 120738 1
98263 149063 1
149063 102398 1
102398 81146 1
102398 100607 1
102398 33890 1
33890 107973 1
107973 45108 1
45108 67719 1
45108 101464 1
45108 151835 1
151835 107740 1
107740 125941 1
125941 58002 1
58002 12136 1
12136 114695 1
114695 77124 1
77124 136088 1
136088 47434 1
47434 41231 1
47434 77849 1
77849 88783 1
88783 18806 1
88783 58665 1
88783 71772 1
71772 89898 1
71772 125310 1
71772 116588 1
71772 92852 1
71772 4142 1
71772 51371 1
71772 77997 1
71772 129389 1
71772 6148 1
71772 143931 1
71772 86461 1
71772 110240 1
110240 115515 1
115515 50852 1
115515 92540 1
115515 145456 1
115515 6723 1
6723 46467 1
46467 134821 1
134821 80950 1
134821 67335 1
134821 46141 1
134821 90980 1
134821 2024 1
2024 154598 1
154598 1543 1
1543 80533 1
80533 135700 1
80533 55584 1
80533 94096 1
80533 55165 1
80533 2200 1
80533 95876 1
1543 24924 1
24924 39483 1
39483 124261 1
39483 141482 1
39483 27887 1
39483 114695 1
114695 46631 1
46631 89234 1
46631 26317 1
46631 40224 1
114695 93975 1
93975 122885 1
93975 31849 1
31849 152615 1
152615 83467 1
83467 100019 1
100019 146601 1
146601 61490 1
61490 39540 1
146601 54416 1
54416 10207 1
10207 99866 1
99866 131711 1
131711 87614 1
87614 145500 1
87614 22056 1
87614 41150 1
99866 151486 1
151486 81784 1
151486 70817 1
81784 105458 1
105458 130544 1
130544 5157 1
130544 93488 1
130544 105584 1
105584 144178 1
144178 92941 1
92941 99198 1
99198 134360 1
134360 133511 1
133511 15086 1
15086 101186 1
15086 23101 1
23101 116498 1
116498 117022 1
117022 1089 1
1089 130400 1
130400 109236 1
109236 3559 1
3559 152628 1
3559 18148 1
18148 110986 1
18148 101309 1
101309 39417 1
39417 70725 1
39417 147924 1
147924 29329 1
29329 101145 1
29329 37667 1
37667 118146 1
118146 135241 1
118146 97975 1
97975 39323 1
39323 115447 1
39323 55107 1
39323 45796 1
39323 154727 1
154727 99261 1
99261 133723 1
99261 84628 1
99261 149085 1
149085 105733 1
105733 41902 1
41902 718 1
718 75597 1
718 49078 1
49078 57070 1
57070 150533 1
150533 1223 1
1223 3340 1
3340 71344 1
71344 153919 1
71344 101554 1
101554 136129 1
136129 100227 1
100227 97494 1
97494 121314 1
121314 68582 1
68582 22730 1
22730 53144 1
53144 20371 1
20371 50718 1
50718 32266 1
32266 27507 1
27507 115590 1
115590 61000 1
61000 21382 1
21382 57932 1
21382 25847 1
25847 66514 1
66514 85822 1
85822 136297 1
136297 132344 1
136297 109608 1
109608 80308 1
80308 14528 1
14528 105024 1
105024 76684 1
105024 78161 1
78161 114893 1
114893 104047 1
104047 135324 1
104047 148908 1
148908 97494 1
97494 138316 1
138316 97965 1
97965 18365 1
97965 43712 1
43712 59725 1
59725 28835 1
28835 4583 1
4583 73637 1
4583 24760 1
24760 81456 1
81456 8664 1
8664 102848 1
102848 45518 1
45518 5304 1
45518 75492 1
75492 55613 1
55613 134261 1
134261 22302 1
22302 147463 1
147463 29295 1
29295 14400 1
14400 136582 1
136582 55118 1
55118 6623 1
6623 48338 1
48338 64599 1
64599 38957 1
38957 21483 1
38957 83360 1
38957 22633 1
22633 84354 1
84354 8483 1
84354 33257 1
84354 24281 1
24281 41513 1
41513 21135 1
21135 132169 1
132169 107224 1
107224 44226 1
107224 40006 1
40006 111089 1
111089 154863 1
154863 72656 1
72656 141513 1
141513 104631 1
141513 130530 1
130530 49641 1
49641 138763 1
138763 95802 1
138763 50725 1
138763 130563 1
138763 46350 1
138763 26625 1
26625 30047 1
30047 80066 1
80066 40391 1
40391 80631 1
80631 19045 1
80631 24577 1
24577 53089 1
24577 137841 1
24577 44907 1
44907 94988 1
94988 94714 1
94714 93268 1
93268 73597 1
93268 68642 1
68642 98011 1
98011 115883 1
115883 141003 1
141003 26578 1
26578 62328 1
62328 81338 1
81338 6859 1
81338 102968 1
81338 127115 1
127115 15704 1
15704 32825 1
15704 108227 1
15704 65544 1
65544 90080 1
90080 74683 1
90080 83859 1
83859 41937 1
41937 132241 1
132241 36144 1
36144 127205 1
127205 123326 1
123326 49111 1
123326 114940 1
114940 40314 1
40314 87791 1
40314 130159 1
130159 127418 1
127418 126700 1
127418 133168 1
133168 23049 1
23049 75728 1
75728 67643 1
67643 39187 1
67643 153935 1
153935 98291 1
98291 144508 1
144508 15528 1
15528 54415 1
54415 86544 1
86544 79644 1
79644 119435 1
119435 69179 1
69179 137184 1
137184 73548 1
137184 36413 1
137184 20827 1
20827 126072 1
126072 146671 1
126072 104892 1
104892 55153 1
55153 25368 1
55153 8217 1
55153 17840 1
55153 66295 1
55153 32994 1
32994 54552 1
32994 90168 1
90168 60555 1
60555 66881 1
66881 50169 1
50169 67199 1
67199 17313 1
17313 17246 1
17246 52519 1
17246 130316 1
17246 136880 1
136880 122147 1
136880 23793 1
23793 73885 1
23793 79770 1
23793 126842 1
23793 22846 1
22846 50402 1
50402 37339 1
37339 99163 1
37339 66943 1
37339 46273 1
46273 20816 1
20816 110778 1
20816 110877 1
20816 38135 1
38135 12092 1
12092 85138 1
85138 97397 1
97397 149310 1
149310 143366 1
143366 41938 1
41938 21382 1
21382 152707 1
152707 108232 1
108232 45096 1
45096 125558 1
45096 37771 1
45096 118723 1
45096 122650 1
122650 115619 1
115619 98598 1
98598 101239 1
98598 12327 1
12327 112413 1
12327 97112 1
12327 142080 1
12327 86097 1
86097 75619 1
75619 97849 1
75619 15931 1
75619 105665 1
75619 107403 1
107403 28215 1
28215 46750 1
46750 74162 1
74162 37077 1
37077 67079 1
67079 29861 1
29861 111169 1
111169 109908 1
109908 15833 1
15833 84682 1
84682 48350 1
48350 61057 1
48350 7233 1
48350 28307 1
48350 837 1
48350 104991 1
48350 76506 1
48350 87799 1
87799 49821 1
49821 150273 1
150273 111244 1
150273 78004 1
78004 5003 1
78004 25600 1
25600 68564 1
25600 37717 1
25600 14289 1
25600 115586 1
115586 62927 1
62927 132475 1
132475 82899 1
82899 114059 1
114059 32618 1
32618 34927 1
34927 125382 1
125382 96804 1
125382 130777 1
130777 4435 1
4435 106539 1
106539 153646 1
153646 61861 1
61861 876 1
876 132436 1
876 103660 1
103660 77656 1
77656 112818 1
112818 132211 1
132211 92833 1
92833 3414 1
3414 42549 1
42549 89916 1
89916 35245 1
35245 140521 1
35245 126309 1
35245 35922 1
35922 3780 1
3780 44 1
44 28010 1
28010 83971 1
83971 106135 1
106135 60917 1
60917 44271 1
44271 50423 1
50423 96909 1
96909 73364 1
73364 111728 1
111728 153458 1
153458 116127 1
153458 12972 1
116127 121843 1
121843 43712 1
121843 90008 1
121843 43643 1
43643 7657 1
43643 129147 1
129147 96283 1
129147 72278 1
72278 23010 1
23010 140614 1
140614 36502 1
36502 1072 1
1072 138006 1
138006 98983 1
98983 80079 1
98983 110896 1
98983 80246 1
80246 132167 1
132167 67992 1
132167 40899 1
40899 115783 1
115783 13873 1
13873 145862 1
145862 146439 1
146439 122081 1
122081 119347 1
119347 86000 1
119347 153852 1
119347 57325 1
57325 38863 1
38863 40314 1
40314 136063 1
40314 39161 1
40314 106321 1
106321 32830 1
32830 117617 1
117617 74444 1
74444 118706 1
118706 51929 1
51929 18342 1
18342 89709 1
89709 48471 1
48471 64382 1
64382 65054 1
65054 133481 1
133481 77960 1
133481 36131 1
133481 9475 1
133481 87487 1
133481 81838 1
81838 34862 1
34862 102529 1
102529 145643 1
145643 79022 1
79022 7051 1
7051 57800 1
57800 148707 1
148707 21781 1
21781 14951 1
21781 7272 1
7272 26135 1
26135 9838 1
9838 117605 1
9838 55863 1
9838 65858 1
9838 78089 1
9838 148922 1
148922 122188 1
122188 93087 1
93087 123194 1
123194 124753 1
124753 151792 1
151792 76631 1
