14712 143620 1
143620 141420 1
143620 29550 1
143620 104677 1
143620 41932 1
41932 135145 1
41932 65069 1
65069 58538 1
58538 105594 1
58538 131371 1
131371 43900 1
43900 82787 1
82787 86996 1
86996 7383 1
7383 118936 1
7383 135544 1
7383 8801 1
8801 86771 1
86771 119424 1
86771 45089 1
86771 65538 1
65538 144384 1
144384 133883 1
133883 123211 1
133883 114570 1
114570 2051 1
2051 119889 1
2051 134010 1
134010 106890 1
134010 138730 1
138730 100740 1
100740 40199 1
40199 86833 1
86833 140253 1
86833 44681 1
44681 137700 1
137700 96025 1
96025 7096 1
7096 87509 1
87509 81338 1
87509 110601 1
87509 100264 1
87509 138525 1
138525 116620 1
116620 120667 1
120667 13745 1
13745 118659 1
13745 35733 1
35733 3331 1
3331 127624 1
3331 56843 1
56843 82109 1
82109 142770 1
82109 86806 1
86806 30740 1
30740 140634 1
140634 145440 1
145440 85141 1
85141 62859 1
62859 86339 1
62859 74356 1
74356 105733 1
105733 47121 1
47121 88230 1
88230 118059 1
118059 120458 1
120458 48013 1
48013 64418 1
64418 95749 1
95749 17231 1
17231 143203 1
143203 91970 1
91970 67460 1
67460 116177 1
116177 20500 1
20500 7920 1
7920 11675 1
7920 117490 1
7920 114313 1
114313 62170 1
62170 46652 1
46652 50149 1
50149 81558 1
81558 150816 1
150816 123954 1
123954 29720 1
29720 121196 1
121196 153822 1
153822 113404 1
113404 57219 1
57219 36866 1
36866 144231 1
36866 48775 1
48775 47653 1
47653 84695 1
84695 24248 1
24248 47653 1
47653 20428 1
20428 66013 1
66013 13547 1
13547 27574 1
27574 152329 1
152329 62583 1
62583 81493 1
62583 144629 1
144629 30796 1
30796 35905 1
35905 112018 1
112018 150012 1
150012 12547 1
150012 19933 1
150012 11532 1
11532 111625 1
111625 9690 1
9690 22234 1
22234 142948 1
142948 124440 1
142948 94452 1
142948 28471 1
142948 120563 1
142948 133256 1
142948 76862 1
76862 89510 1
89510 98375 1
89510 62012 1
62012 131252 1
131252 21684 1
21684 27705 1
27705 53559 1
53559 71668 1
71668 151210 1
151210 10799 1
10799 145035 1
10799 146254 1
146254 29846 1
29846 146682 1
146682 150013 1
146682 46183 1
146682 60006 1
60006 100063 1
60006 17773 1
17773 105584 1
105584 59020 1
59020 1265 1
1265 12465 1
12465 90944 1
90944 96914 1
96914 130852 1
130852 43583 1
43583 24932 1
43583 49598 1
49598 86771 1
86771 67587 1
49598 24277 1
24277 11196 1
11196 141982 1
11196 15651 1
15651 58793 1
58793 63150 1
58793 148722 1
58793 135477 1
58793 88714 1
88714 5800 1
5800 43983 1
43983 133502 1
43983 82294 1
43983 57528 1
43983 673 1
673 41167 1
41167 18635 1
18635 13349 1
13349 26143 1
26143 64418 1
64418 22613 1
22613 36424 1
22613 102177 1
22613 66013 1
66013 6755 1
6755 73610 1
73610 150577 1
150577 134767 1
134767 108954 1
108954 7168 1
7168 16185 1
16185 27557 1
27557 38803 1
38803 43685 1
43685 11476 1
43685 82983 1
82983 81542 1
81542 150402 1
150402 146997 1
146997 145267 1
145267 55118 1
55118 13326 1
13326 125707 1
125707 29783 1
125707 118294 1
118294 153688 1
153688 35667 1
153688 8938 1
153688 106095 1
106095 97225 1
97225 125035 1
97225 140604 1
97225 7510 1
97225 140050 1
140050 86257 1
86257 112215 1
86257 107937 1
107937 94516 1
94516 149363 1
149363 52200 1
52200 25447 1
25447 22765 1
22765 21382 1
21382 41938 1
21382 10685 1
10685 31430 1
31430 76903 1
76903 38983 1
38983 86346 1
86346 66504 1
86346 64830 1
64830 97144 1
97144 151446 1
151446 78646 1
78646 11282 1
78646 124661 1
124661 25636 1
25636 72069 1
25636 147095 1
147095 29901 1
29901 149311 1
149311 36242 1
36242 90386 1
90386 61514 1
61514 146767 1
146767 60580 1
146767 21185 1
21185 14912 1
21185 133454 1
133454 109030 1
109030 50258 1
50258 125373 1
50258 96681 1
96681 97993 1
97993 33011 1
33011 3321 1
3321 45267 1
45267 43595 1
43595 7406 1
7406 55604 1
55604 138458 1
138458 136582 1
136582 69030 1
136582 144242 1
144242 10817 1
10817 38345 1
10817 11375 1
10817 153118 1
10817 82214 1
10817 58969 1
10817 93977 1
10817 71123 1
71123 145831 1
145831 19098 1
19098 73584 1
73584 117160 1
73584 76894 1
76894 92788 1
92788 87117 1
92788 6932 1
6932 151137 1
151137 126392 1
151137 49683 1
49683 108543 1
108543 152150 1
108543 51256 1
51256 143877 1
143877 93566 1
143877 74737 1
74737 89161 1
89161 108279 1
108279 110127 1
110127 113000 1
113000 39606 1
39606 59094 1
59094 95905 1
95905 90636 1
90636 74593 1
74593 17016 1
17016 82101 1
82101 32751 1
32751 70220 1
70220 52340 1
52340 126284 1
126284 17624 1
126284 12813 1
126284 144747 1
126284 146297 1
126284 3458 1
126284 1309 1
1309 60280 1
1309 108839 1
108839 86996 1
108839 103352 1
103352 13826 1
13826 123102 1
13826 72320 1
13826 89485 1
89485 95618 1
95618 67770 1
67770 40474 1
40474 105466 1
105466 152192 1
152192 54155 1
152192 25964 1
25964 79571 1
79571 83378 1
83378 10408 1
10408 105159 1
105159 55763 1
55763 115265 1
55763 80379 1
55763 96863 1
55763 100542 1
55763 62192 1
55763 21758 1
21758 48323 1
48323 96458 1
96458 113299 1
113299 7283 1
113299 42173 1
42173 72899 1
72899 91378 1
91378 140407 1
140407 120798 1
120798 127559 1
127559 135339 1
135339 122400 1
122400 121523 1
121523 42852 1
42852 75394 1
75394 97133 1
97133 134644 1
97133 84775 1
97133 108781 1
108781 86771 1
86771 90771 1
90771 152518 1
152518 40729 1
40729 154686 1
154686 40915 1
40915 142612 1
40915 100988 1
100988 74271 1
100988 22234 1
22234 129142 1
129142 18138 1
18138 98263 1
98263 22730 1
22730 78004 1
78004 14087 1
78004 153595 1
153595 81285 1
153595 76075 1
76075 38343 1
76075 36606 1
76075 124586 1
124586 135767 1
135767 130369 1
130369 71568 1
71568 51222 1
51222 138639 1
138639 85753 1
138639 31155 1
31155 108142 1
108142 99641 1
108142 129030 1
108142 74375 1
74375 110222 1
110222 25115 1
25115 49306 1
25115 50936 1
25115 69066 1
25115 46831 1
25115 24045 1
25115 1669 1
1669 83888 1
83888 142250 1
142250 114474 1
114474 59804 1
59804 117035 1
117035 7588 1
7588 128523 1
128523 83926 1
83926 109459 1
109459 108968 1
109459 25625 1
25625 70829 1
70829 100981 1
100981 17138 1
17138 96849 1
96849 80402 1
80402 21601 1
21601 99866 1
99866 24873 1
24873 75188 1
75188 92795 1
92795 74811 1
74811 42601 1
42601 90771 1
90771 36644 1
90771 124714 1
124714 114463 1
114463 34273 1
34273 72871 1
34273 126200 1
126200 93925 1
93925 27845 1
93925 25678 1
93925 23531 1
23531 64820 1
64820 124985 1
64820 72785 1
72785 146978 1
146978 124227 1
146978 146246 1
146978 11850 1
11850 15229 1
15229 92278 1
15229 851 1
851 129109 1
851 113966 1
113966 17674 1
17674 10716 1
10716 16375 1
16375 146921 1
146921 842 1
842 36694 1
36694 7921 1
36694 120633 1
120633 11694 1
11694 91961 1
91961 2942 1
2942 51435 1
51435 4311 1
4311 137116 1
137116 13547 1
13547 113153 1
113153 139287 1
139287 5660 1
139287 12359 1
139287 108462 1
139287 122505 1
122505 107772 1
107772 95562 1
95562 108880 1
95562 64283 1
64283 48900 1
48900 108414 1
48900 1845 1
1845 150127 1
150127 42985 1
42985 144734 1
144734 101904 1
101904 79619 1
79619 147099 1
147099 5891 1
147099 153006 1
153006 113027 1
113027 7628 1
113027 53470 1
53470 53529 1
53470 59585 1
53470 141234 1
141234 47524 1
47524 138081 1
47524 140514 1
140514 82408 1
82408 26829 1
26829 153176 1
153176 52180 1
153176 117655 1
153176 64279 1
64279 107224 1
107224 125246 1
125246 112666 1
112666 13244 1
13244 143312 1
13244 78629 1
78629 33612 1
33612 151996 1
151996 3664 1
151996 106123 1
106123 7588 1
7588 102342 1
102342 95629 1
95629 59828 1
59828 48113 1
48113 138140 1
138140 15317 1
15317 5557 1
5557 4598 1
5557 1899 1
1899 86201 1
1899 123084 1
123084 38061 1
38061 110896 1
110896 65631 1
65631 114400 1
65631 77301 1
77301 126266 1
126266 27705 1
53559 21182 1
53559 153702 1
53559 105869 1
105869 55360 1
55360 58693 1
58693 144178 1
144178 92941 1
92941 15312 1
92941 123038 1
123038 11301 1
11301 108080 1
108080 121612 1
108080 25009 1
108080 126347 1
108080 67895 1
108080 131143 1
131143 126948 1
126948 57933 1
126948 107619 1
107619 66262 1
66262 43688 1
43688 114812 1
114812 95432 1
95432 88142 1
88142 28720 1
28720 127276 1
127276 24735 1
24735 54599 1
54599 151786 1
151786 5107 1
5107 151100 1
151100 110840 1
110840 112887 1
112887 19002 1
19002 80357 1
80357 120077 1
80357 24016 1
24016 44414 1
44414 23150 1
44414 112118 1
112118 47524 1
47524 136397 1
136397 78186 1
78186 101886 1
78186 62792 1
78186 120273 1
120273 122635 1
122635 50408 1
50408 69194 1
69194 129816 1
129816 85422 1
85422 17530 1
17530 116046 1
17530 112007 1
112007 135749 1
135749 150232 1
135749 94980 1
94980 98695 1
98695 134025 1
134025 118155 1
118155 34910 1
34910 92553 1
92553 95105 1
95105 57219 1
57219 21023 1
21023 21708 1
21708 23468 1
23468 50733 1
50733 128463 1
128463 37529 1
128463 143835 1
128463 73218 1
73218 10799 1
146254 56039 1
146254 136412 1
136412 46846 1
46846 129344 1
129344 124234 1
124234 41102 1
41102 138999 1
138999 119493 1
119493 34158 1
34158 92718 1
34158 127932 1
127932 129661 1
127932 104955 1
127932 5621 1
5621 141832 1
5621 90802 1
90802 94284 1
94284 43786 1
94284 24482 1
24482 72286 1
72286 92668 1
92668 145074 1
92668 27906 1
92668 4399 1
92668 139451 1
92668 115021 1
92668 33947 1
92668 105768 1
92668 152543 1
92668 68299 1
68299 11283 1
68299 142834 1
142834 130530 1
130530 141963 1
141963 103222 1
141963 115274 1
115274 64219 1
64219 115570 1
115570 50938 1
50938 68808 1
68808 149731 1
149731 17363 1
17363 13660 1
13660 137426 1
137426 1493 1
1493 119670 1
119670 18861 1
18861 98654 1
98654 72860 1
72860 29529 1
29529 33000 1
33000 16806 1
33000 50113 1
33000 120548 1
33000 40088 1
40088 106105 1
106105 96116 1
96116 8378 1
96116 314 1
314 108194 1
108194 20571 1
108194 118267 1
108194 113124 1
108194 130478 1
130478 120465 1
120465 31007 1
31007 81469 1
81469 139363 1
81469 132220 1
81469 111765 1
81469 136984 1
81469 39792 1
81469 6186 1
6186 33523 1
33523 95155 1
33523 88141 1
88141 110092 1
110092 108308 1
108308 45647 1
45647 40860 1
40860 12394 1
12394 46893 1
46893 28758 1
28758 114881 1
114881 35454 1
114881 60884 1
60884 24878 1
60884 85579 1
60884 18937 1
18937 70543 1
70543 37666 1
37666 98713 1
37666 111473 1
111473 153472 1
153472 51966 1
51966 88813 1
88813 110064 1
110064 96706 1
96706 83531 1
83531 138335 1
138335 11354 1
11354 36477 1
36477 153968 1
153968 18610 1
153968 107574 1
107574 79746 1
79746 136870 1
136870 57495 1
57495 138525 1
138525 61633 1
61633 88330 1
61633 81951 1
81951 93020 1
93020 43100 1
93020 28322 1
28322 51160 1
28322 137370 1
28322 19618 1
19618 95683 1
19618 101770 1
19618 48607 1
48607 17050 1
17050 38924 1
38924 22141 1
22141 11915 1
11915 100545 1
100545 67981 1
100545 18017 1
18017 152837 1
18017 18375 1
18017 109879 1
18017 110123 1
110123 15795 1
15795 41072 1
15795 26538 1
26538 144621 1
144621 67827 1
67827 68796 1
67827 103942 1
67827 50268 1
67827 55451 1
55451 14354 1
55451 95539 1
95539 81854 1
81854 62515 1
62515 38161 1
38161 89438 1
89438 89893 1
89893 40076 1
40076 68003 1
68003 28254 1
68003 102829 1
68003 71668 1
71668 30385 1
30385 75949 1
75949 68477 1
68477 130159 1
130159 98291 1
98291 102348 1
102348 78174 1
78174 11032 1
11032 123194 1
123194 57005 1
57005 71538 1
71538 13749 1
13749 9431 1
9431 134228 1
134228 47636 1
47636 85235 1
85235 82408 1
82408 53914 1
53914 111548 1
111548 36046 1
111548 55296 1
111548 90751 1
111548 97924 1
111548 45078 1
82408 114656 1
82408 23862 1
23862 61231 1
61231 28415 1
61231 12502 1
12502 86261 1
86261 126729 1
86261 114030 1
114030 75952 1
75952 132705 1
75952 52716 1
52716 37347 1
37347 1690 1
1690 114881 1
114881 125838 1
125838 112489 1
112489 57553 1
57553 29235 1
29235 29459 1
29235 60535 1
60535 47596 1
47596 119396 1
47596 154093 1
154093 137236 1
137236 107275 1
107275 100137 1
100137 29774 1
100137 66353 1
100137 126239 1
100137 146060 1
100137 2504 1
100137 107849 1
107849 135702 1
135702 76355 1
135702 85895 1
85895 37298 1
37298 95190 1
95190 72779 1
72779 151486 1
151486 31465 1
151486 81784 1
81784 105458 1
105458 138890 1
105458 120464 1
120464 139849 1
120464 50733 1
50733 54257 1
54257 116081 1
116081 24760 1
24760 50089 1
50089 138758 1
138758 115716 1
115716 125058 1
125058 136835 1
136835 52783 1
52783 131912 1
131912 2005 1
2005 36199 1
36199 15790 1
15790 89860 1
89860 3319 1
89860 48809 1
89860 55604 1
55604 39691 1
39691 60633 1
60633 69674 1
60633 20009 1
20009 117741 1
117741 39932 1
39932 57053 1
57053 1392 1
1392 4598 1
4598 138085 1
138085 6974 1
6974 7452 1
7452 93001 1
7452 58827 1
58827 146750 1
146750 153768 1
146750 48160 1
48160 2086 1
2086 66213 1
2086 139454 1
139454 54822 1
54822 80833 1
80833 34998 1
34998 431 1
431 103498 1
103498 101888 1
103498 131190 1
131190 145861 1
145861 147620 1
145861 43724 1
145861 84602 1
145861 123789 1
145861 110250 1
110250 29625 1
29625 55890 1
55890 131733 1
131733 152356 1
152356 10266 1
10266 15901 1
15901 104593 1
104593 92632 1
92632 143081 1
143081 83761 1
83761 3321 1
3321 78659 1
78659 3059 1
3059 111614 1
3059 151488 1
151488 117792 1
117792 1292 1
1292 139604 1
139604 135763 1
135763 28358 1
28358 150697 1
150697 58630 1
150697 145081 1
145081 82721 1
82721 27507 1
27507 153547 1
153547 49497 1
153547 143114 1
143114 41136 1
41136 147753 1
41136 101781 1
41136 98450 1
98450 29653 1
29653 26716 1
26716 73074 1
73074 79592 1
79592 89622 1
79592 65181 1
65181 38960 1
38960 84111 1
84111 41002 1
41002 114805 1
114805 150291 1
150291 134369 1
150291 83924 1
83924 64797 1
83924 60493 1
83924 36807 1
36807 9082 1
9082 52781 1
52781 67166 1
67166 48013 1
48013 42918 1
42918 24313 1
24313 47667 1
47667 48593 1
48593 131528 1
131528 86295 1
86295 9799 1
9799 9570 1
9570 84174 1
84174 45130 1
45130 62583 1
62583 25336 1
62583 122188 1
122188 40520 1
40520 115576 1
115576 7140 1
7140 13885 1
13885 55692 1
55692 75986 1
75986 90386 1
90386 77240 1
77240 49019 1
49019 146767 1
146767 135968 1
146767 14656 1
14656 10492 1
10492 68397 1
10492 145432 1
10492 27091 1
27091 146767 1
146767 47971 1
47971 22228 1
22228 87401 1
87401 115742 1
115742 149713 1
149713 68580 1
149713 132976 1
149713 113858 1
113858 115483 1
115483 149328 1
149328 128279 1
115483 23468 1
23468 62 1
62 76913 1
76913 47801 1
76913 37867 1
37867 122955 1
122955 138929 1
122955 115993 1
122955 72958 1
122955 77809 1
77809 122003 1
122003 113551 1
122003 94054 1
94054 153894 1
153894 120430 1
120430 64302 1
64302 127822 1
127822 32140 1
32140 125844 1
125844 16928 1
16928 119810 1
119810 150730 1
119810 57094 1
119810 1244 1
1244 134188 1
134188 118003 1
118003 63179 1
63179 119915 1
63179 81630 1
81630 49287 1
49287 47971 1
47971 84841 1
84841 47314 1
47314 30010 1
30010 10331 1
10331 124714 1
124714 9181 1
9181 41860 1
41860 23162 1
23162 2423 1
2423 16284 1
16284 35450 1
35450 21007 1
21007 127914 1
127914 51155 1
51155 22852 1
22852 53336 1
53336 29863 1
29863 42161 1
42161 9607 1
9607 48870 1
48870 24770 1
24770 140298 1
140298 75121 1
75121 13547 1
13547 6974 1
6974 33300 1
33300 73167 1
73167 114533 1
73167 83003 1
73167 30591 1
73167 11201 1
83003 126205 1
126205 121339 1
126205 48897 1
48897 63047 1
63047 14627 1
14627 147433 1
147433 143503 1
143503 8724 1
8724 37519 1
37519 76306 1
76306 115669 1
76306 68057 1
68057 49051 1
49051 124714 1
124714 104835 1
104835 26008 1
104835 132434 1
104835 128383 1
128383 26853 1
26853 62454 1
62454 39652 1
39652 37923 1
37923 43306 1
43306 24601 1
24601 3387 1
3387 34396 1
34396 83227 1
83227 110856 1
110856 26232 1
26232 12628 1
12628 34236 1
34236 73765 1
34236 3490 1
3490 22973 1
22973 117126 1
117126 3607 1
3607 49681 1
49681 62143 1
62143 57923 1
62143 70543 1
70543 8218 1
8218 87187 1
87187 68144 1
87187 33248 1
33248 99869 1
99869 4991 1
4991 31430 1
31430 91460 1
91460 94504 1
94504 150265 1
150265 50892 1
50892 154321 1
154321 23711 1
23711 113217 1
113217 73481 1
73481 33069 1
73481 71682 1
71682 84184 1
84184 79117 1
84184 18488 1
18488 62509 1
62509 68471 1
68471 24961 1
24961 151737 1
24961 153515 1
153515 9370 1
9370 67800 1
67800 75951 1
75951 10148 1
10148 38188 1
38188 10698 1
38188 151193 1
38188 61337 1
61337 75730 1
61337 94396 1
94396 131625 1
94396 94510 1
94510 103662 1
103662 40599 1
40599 132573 1
132573 3435 1
132573 133081 1
132573 89810 1
89810 98761 1
98761 76166 1
98761 101456 1
101456 132238 1
132238 66997 1
66997 14525 1
14525 2695 1
14525 61618 1
14525 41410 1
41410 6889 1
6889 145455 1
145455 117363 1
117363 100919 1
100919 50112 1
50112 7627 1
7627 126181 1
126181 3020 1
3020 85764 1
85764 18201 1
18201 114334 1
114334 129760 1
129760 88633 1
88633 32783 1
32783 6236 1
6236 108960 1
108960 32959 1
32959 116473 1
116473 13860 1
13860 100301 1
100301 52163 1
52163 153097 1
153097 37366 1
37366 104449 1
104449 3780 1
3780 245 1
245 19429 1
19429 36790 1
36790 67125 1
67125 127245 1
127245 47869 1
47869 78093 1
78093 22414 1
22414 105713 1
105713 42652 1
105713 98762 1
105713 39954 1
105713 19247 1
19247 72278 1
72278 44527 1
72278 129147 1
129147 76719 1
76719 46517 1
46517 27267 1
27267 9385 1
9385 7113 1
7113 120955 1
120955 40358 1
40358 35842 1
35842 72723 1
72723 91308 1
91308 130032 1
130032 123984 1
130032 67125 1
67125 154403 1
154403 42733 1
42733 50119 1
42733 149570 1
42733 75405 1
42733 54673 1
54673 113358 1
113358 124910 1
124910 55076 1
55076 110064 1
110064 60180 1
60180 23867 1
23867 18589 1
18589 91166 1
91166 63902 1
63902 66983 1
66983 25687 1
25687 104240 1
104240 73420 1
73420 29839 1
29839 53317 1
29839 59650 1
59650 69249 1
69249 116703 1
69249 20611 1
20611 73584 1
73584 68160 1
68160 90386 1
90386 98773 1
98773 26443 1
26443 104695 1
26443 72028 1
72028 110128 1
110128 27107 1
110128 21185 1
21185 77354 1
77354 3061 1
3061 123440 1
3061 38183 1
3061 123194 1
123194 52770 1
52770 9385 1
9385 70412 1
70412 95214 1
95214 73584 1
73584 32635 1
32635 42915 1
42915 68015 1
68015 134116 1
134116 40126 1
40126 101145 1
101145 29329 1
29329 37667 1
37667 123713 1
123713 20931 1
20931 66707 1
66707 122358 1
122358 95101 1
95101 92222 1
92222 49525 1
49525 1530 1
1530 41228 1
41228 53254 1
41228 151697 1
151697 20130 1
20130 60555 1
60555 52121 1
52121 144422 1
144422 40518 1
40518 147259 1
147259 105036 1
105036 52880 1
52880 50345 1
50345 139212 1
139212 4438 1
4438 19256 1
19256 107018 1
107018 7933 1
7933 11021 1
11021 16597 1
16597 75807 1
75807 130407 1
130407 24554 1
24554 118344 1
118344 39045 1
39045 118968 1
118968 88353 1
88353 74299 1
74299 143878 1
74299 43712 1
43712 106442 1
106442 96992 1
96992 96767 1
96767 38572 1
38572 98841 1
98841 95135 1
95135 23867 1
23867 48304 1
48304 108249 1
108249 107096 1
108249 20274 1
108249 2604 1
2604 19724 1
19724 108963 1
19724 55340 1
55340 124219 1
124219 12133 1
124219 56158 1
56158 132179 1
132179 40415 1
40415 101265 1
101265 71475 1
71475 110393 1
110393 48846 1
110393 42432 1
110393 151 1
110393 154058 1
110393 33448 1
110393 44237 1
110393 126325 1
110393 11793 1
110393 104095 1
110393 143619 1
110393 80721 1
110393 111958 1
110393 95856 1
110393 3433 1
3433 52533 1
52533 101068 1
52533 144691 1
144691 101696 1
144691 91905 1
91905 39695 1
39695 68231 1
68231 118258 1
118258 84535 1
84535 4875 1
4875 118468 1
118468 35636 1
118468 13178 1
118468 109637 1
109637 9385 1
9385 99444 1
99444 90434 1
99444 18939 1
18939 95135 1
95135 65315 1
65315 131192 1
131192 144439 1
144439 135815 1
135815 77990 1
77990 38554 1
77990 103070 1
103070 136673 1
136673 956 1
956 73744 1
956 32670 1
32670 46485 1
32670 15734 1
15734 49766 1
49766 35851 1
35851 103173 1
103173 60993 1
60993 19276 1
60993 32996 1
60993 124779 1
124779 5835 1
5835 49804 1
49804 26333 1
49804 117233 1
117233 111763 1
117233 131053 1
117233 110663 1
110663 86261 1
86261 114760 1
86261 136104 1
86261 35646 1
86261 71606 1
86261 27727 1
27727 46101 1
46101 123696 1
123696 109316 1
123696 60433 1
60433 71343 1
60433 35694 1
35694 39435 1
39435 136845 1
39435 114166 1
39435 42090 1
39435 104455 1
104455 49915 1
49915 130623 1
130623 113066 1
113066 97487 1
113066 23436 1
113066 92274 1
113066 50162 1
113066 1084 1
1084 71557 1
71557 140768 1
140768 101932 1
101932 38451 1
38451 84354 1
84354 20430 1
84354 94713 1
94713 32827 1
32827 138662 1
32827 116140 1
116140 130683 1
130683 81858 1
81858 18498 1
18498 144961 1
144961 52874 1
144961 111581 1
111581 81456 1
81456 43482 1
81456 4076 1
4076 153006 1
153006 95629 1
95629 119167 1
119167 2021 1
119167 70782 1
119167 40013 1
119167 127923 1
95629 13660 1
13660 136866 1
136866 42435 1
42435 137024 1
137024 9690 1
9690 107740 1
107740 46771 1
46771 15800 1
15800 73584 1
73584 76999 1
76999 122505 1
122505 133396 1
122505 135305 1
122505 64390 1
122505 2516 1
122505 120268 1
120268 83701 1
83701 19339 1
19339 25715 1
19339 36226 1
36226 101554 1
101554 81986 1
81986 1389 1
1389 76881 1
76881 91272 1
91272 69086 1
69086 12963 1
12963 53607 1
53607 69232 1
69232 88296 1
69232 104078 1
104078 109939 1
109939 143758 1
109939 11066 1
109939 53756 1
109939 64094 1
64094 29789 1
29789 148442 1
148442 92747 1
148442 83997 1
83997 47041 1
47041 81718 1
81718 72874 1
72874 104586 1
104586 528 1
528 127424 1
127424 87974 1
87974 150533 1
150533 103244 1
103244 93087 1
93087 2136 1
93087 123194 1
123194 122073 1
122073 1819 1
122073 21779 1
1819 61197 1
61197 101990 1
61197 89709 1
89709 95811 1
95811 101450 1
101450 6958 1
6958 140968 1
140968 147407 1
140968 37875 1
140968 66086 1
66086 65840 1
65840 107554 1
107554 112362 1
107554 63467 1
63467 49488 1
49488 152065 1
152065 65304 1
65304 26555 1
26555 130794 1
130794 51455 1
130794 29653 1
29653 5621 1
5621 49613 1
5621 34158 1
127932 30538 1
30538 143406 1
143406 78711 1
78711 136775 1
136775 14877 1
14877 64219 1
64219 50896 1
64219 94872 1
94872 122693 1
122693 48233 1
122693 16666 1
16666 128463 1
128463 11217 1
11217 109028 1
109028 60639 1
109028 52795 1
109028 114910 1
109028 48121 1
48121 60589 1
60589 117351 1
60589 862 1
862 117944 1
862 66385 1
66385 124113 1
124113 31691 1
31691 143045 1
143045 143963 1
143963 136846 1
136846 2100 1
136846 77540 1
136846 152065 1
152065 13733 1
13733 49752 1
49752 3790 1
3790 67382 1
67382 130740 1
67382 109309 1
109309 82101 1
82101 97016 1
97016 19618 1
101770 15312 1
15312 103710 1
103710 54136 1
54136 115744 1
115744 3030 1
3030 5029 1
3030 97926 1
97926 96778 1
96778 121513 1
121513 54512 1
54512 90800 1
90800 127414 1
127414 133166 1
127414 10006 1
10006 87145 1
87145 139743 1
139743 52780 1
139743 75468 1
75468 43751 1
43751 108400 1
108400 109143 1
109143 138523 1
109143 140749 1
109143 130573 1
130573 86707 1
130573 5739 1
5739 107681 1
107681 59295 1
59295 48974 1
59295 127259 1
59295 15465 1
107681 86455 1
86455 64666 1
86455 121016 1
86455 112926 1
112926 123776 1
123776 94371 1
94371 147433 1
147433 137312 1
137312 112852 1
112852 91470 1
91470 72286 1
72286 112310 1
112310 93511 1
93511 69926 1
93511 65009 1
65009 103224 1
103224 102903 1
102903 4753 1
4753 84461 1
84461 3838 1
3838 73182 1
3838 137218 1
3838 123917 1
3838 103558 1
103558 123961 1
103558 66327 1
66327 149273 1
149273 32939 1
