26840 25049 1
25049 91929 1
91929 19992 1
19992 109211 1
109211 28322 1
28322 48976 1
28322 136775 1
136775 16712 1
16712 37184 1
16712 44562 1
16712 141447 1
141447 108123 1
108123 66556 1
108123 8048 1
108123 149183 1
108123 36099 1
36099 53685 1
53685 83114 1
83114 78153 1
78153 21054 1
78153 18907 1
78153 62535 1
62535 87072 1
62535 15351 1
62535 105009 1
105009 42623 1
42623 44837 1
44837 37298 1
37298 117447 1
117447 11694 1
11694 100991 1
100991 5960 1
100991 123306 1
100991 86810 1
86810 105744 1
105744 154213 1
154213 49899 1
49899 29308 1
49899 127060 1
49899 231 1
231 121959 1
121959 108289 1
108289 149094 1
149094 75318 1
149094 94590 1
94590 37458 1
37458 49834 1
49834 118983 1
118983 131696 1
131696 50577 1
50577 78350 1
78350 17047 1
78350 43935 1
43935 124820 1
124820 77418 1
124820 41763 1
41763 135647 1
41763 9281 1
41763 37746 1
37746 35829 1
37746 32325 1
32325 93699 1
93699 61851 1
61851 25473 1
25473 29383 1
29383 75492 1
75492 96762 1
96762 142233 1
142233 153604 1
153604 26065 1
26065 113299 1
113299 34173 1
113299 21775 1
113299 42217 1
42217 97385 1
97385 120409 1
97385 134443 1
134443 136088 1
136088 56281 1
56281 2679 1
56281 63779 1
63779 99559 1
99559 61038 1
61038 13257 1
13257 61971 1
13257 142054 1
13257 107848 1
107848 21412 1
21412 87612 1
87612 74220 1
74220 148531 1
148531 118337 1
118337 43597 1
43597 1259 1
43597 101152 1
101152 107790 1
101152 70526 1
70526 142705 1
70526 141637 1
141637 21481 1
21481 151040 1
21481 41450 1
41450 67071 1
67071 48870 1
48870 64574 1
64574 27116 1
27116 60555 1
60555 70656 1
70656 41228 1
41228 63982 1
63982 82120 1
82120 119964 1
82120 83864 1
83864 118656 1
118656 126390 1
126390 38482 1
38482 141423 1
38482 85667 1
38482 18934 1
18934 61861 1
61861 37977 1
37977 34097 1
37977 9006 1
61861 38185 1
38185 144848 1
144848 64574 1
64574 138303 1
138303 151486 1
151486 94936 1
94936 83971 1
83971 28422 1
28422 59924 1
28422 127628 1
127628 130690 1
130690 130730 1
130730 145026 1
145026 14312 1
14312 41344 1
14312 1466 1
1466 15528 1
15528 71111 1
71111 37782 1
37782 75846 1
75846 46039 1
75846 63403 1
75846 26708 1
26708 26579 1
26579 7588 1
7588 49068 1
49068 17755 1
17755 129810 1
129810 27583 1
27583 96186 1
96186 138671 1
138671 6989 1
6989 95900 1
95900 73253 1
95900 117485 1
95900 48164 1
95900 40114 1
95900 88198 1
88198 18138 1
18138 106245 1
106245 117522 1
117522 54552 1
54552 120624 1
120624 92431 1
92431 5350 1
5350 3619 1
3619 81037 1
81037 102820 1
102820 9370 1
9370 136437 1
136437 13874 1
13874 60216 1
60216 101439 1
101439 25111 1
25111 48984 1
48984 122689 1
48984 147940 1
48984 123150 1
123150 98173 1
123150 86034 1
123150 40518 1
40518 103397 1
103397 66577 1
66577 94561 1
103397 9243 1
103397 45426 1
103397 12313 1
12313 130891 1
130891 32513 1
32513 75688 1
75688 51536 1
75688 106066 1
106066 48124 1
48124 51763 1
51763 77673 1
77673 112209 1
77673 56935 1
77673 112541 1
77673 78195 1
77673 36877 1
77673 145652 1
77673 134473 1
134473 91741 1
91741 87179 1
91741 77114 1
91741 33067 1
91741 149785 1
149785 100904 1
100904 9341 1
9341 131921 1
131921 100683 1
100683 100904 1
100904 31278 1
31278 30259 1
31278 152653 1
152653 84198 1
84198 55678 1
55678 92278 1
92278 100559 1
100559 48157 1
48157 53868 1
53868 125011 1
125011 7088 1
7088 99728 1
99728 44458 1
44458 1243 1
1243 101624 1
1243 253 1
253 141574 1
141574 45293 1
45293 146767 1
146767 111652 1
111652 101029 1
101029 147179 1
147179 48775 1
48775 131205 1
131205 56897 1
56897 106771 1
56897 137954 1
56897 37450 1
37450 78689 1
78689 68732 1
78689 148429 1
148429 36717 1
36717 40845 1
36717 7207 1
7207 41313 1
41313 135076 1
135076 27281 1
135076 97536 1
97536 50423 1
50423 115528 1
115528 138758 1
138758 83474 1
83474 85103 1
83474 64758 1
83474 124443 1
83474 100549 1
83474 3164 1
83474 152350 1
152350 37782 1
37782 83373 1
83373 18384 1
18384 66719 1
66719 75595 1
75595 43643 1
43643 31118 1
31118 96795 1
96795 72279 1
72279 129374 1
129374 123326 1
123326 87264 1
87264 119716 1
119716 50345 1
50345 95510 1
95510 39733 1
95510 73418 1
95510 151007 1
95510 62265 1
95510 144691 1
144691 30634 1
30634 6132 1
30634 74016 1
74016 129147 1
129147 86942 1
129147 63443 1
63443 119678 1
63443 95072 1
95072 140166 1
140166 118003 1
118003 48494 1
48494 131940 1
131940 111070 1
111070 37706 1
37706 129728 1
37706 121513 1
121513 123373 1
123373 92278 1
92278 68604 1
68604 6351 1
6351 53246 1
53246 98162 1
98162 86823 1
98162 154790 1
154790 35281 1
35281 115570 1
115570 50938 1
50938 37481 1
37481 51253 1
51253 132241 1
132241 22688 1
22688 116980 1
116980 35922 1
35922 77877 1
77877 103625 1
77877 36727 1
77877 131267 1
77877 59386 1
77877 129915 1
77877 149295 1
77877 49503 1
77877 13547 1
13547 52345 1
52345 107713 1
107713 101152 1
107713 137326 1
137326 103984 1
137326 145228 1
137326 97109 1
97109 149667 1
149667 60911 1
60911 35417 1
35417 51291 1
51291 131654 1
51291 125052 1
125052 98208 1
98208 84556 1
84556 108288 1
108288 131226 1
131226 127333 1
127333 128644 1
127333 40006 1
40006 122434 1
122434 45037 1
45037 38119 1
38119 40714 1
38119 4414 1
4414 61197 1
61197 122869 1
122869 44110 1
44110 110896 1
110896 108984 1
108984 86516 1
86516 51519 1
51519 135105 1
51519 150218 1
51519 103240 1
103240 43013 1
43013 1813 1
1813 38551 1
38551 64134 1
38551 36564 1
36564 32506 1
32506 5510 1
5510 11354 1
11354 92222 1
92222 22730 1
22730 19391 1
22730 93788 1
22730 7339 1
22730 67865 1
22730 53144 1
53144 93412 1
53144 99253 1
99253 107547 1
107547 33308 1
107547 118119 1
118119 19765 1
19765 7179 1
7179 26173 1
26173 25695 1
25695 61482 1
61482 150314 1
150314 23289 1
23289 117005 1
117005 136842 1
136842 13860 1
13860 25017 1
13860 91900 1
91900 56186 1
91900 116444 1
116444 114988 1
114988 111160 1
111160 86108 1
86108 114313 1
114313 142958 1
114313 30053 1
30053 74220 1
74220 66604 1
66604 123589 1
123589 130047 1
123589 99827 1
99827 107728 1
107728 147433 1
147433 78510 1
78510 95243 1
95243 99592 1
99592 151399 1
151399 91470 1
91470 119438 1
91470 50574 1
50574 111435 1
50574 101505 1
101505 137514 1
137514 91837 1
137514 104684 1
137514 13363 1
137514 117979 1
137514 54940 1
54940 7010 1
7010 113608 1
113608 61751 1
61751 88253 1
61751 122636 1
122636 125828 1
125828 32090 1
125828 136289 1
136289 118878 1
118878 83089 1
118878 76973 1
76973 45862 1
45862 137333 1
45862 75825 1
45862 81955 1
81955 5657 1
5657 100904 1
100904 35481 1
35481 5627 1
5627 62650 1
62650 149540 1
62650 119711 1
119711 23909 1
23909 61553 1
23909 154056 1
154056 83271 1
83271 103360 1
103360 90646 1
90646 79490 1
79490 34273 1
34273 116795 1
116795 145679 1
145679 4311 1
4311 150127 1
150127 28785 1
150127 138085 1
138085 122337 1
122337 149463 1
149463 109135 1
109135 22085 1
22085 17042 1
17042 112763 1
112763 114367 1
114367 79890 1
79890 105857 1
79890 38161 1
38161 36573 1
36573 132759 1
132759 48030 1
48030 148165 1
48030 34753 1
34753 133706 1
133706 104726 1
104726 60514 1
60514 34647 1
34647 81630 1
81630 16241 1
16241 118110 1
118110 83858 1
83858 114647 1
83858 84635 1
84635 92367 1
84635 78800 1
84635 58253 1
84635 84769 1
84769 94261 1
94261 82864 1
82864 18249 1
18249 144685 1
144685 7889 1
7889 107812 1
107812 50538 1
50538 12200 1
12200 134188 1
134188 131936 1
131936 70859 1
70859 150518 1
150518 19339 1
19339 106357 1
19339 146502 1
19339 62511 1
62511 51684 1
51684 62562 1
62562 54644 1
54644 148707 1
148707 46183 1
46183 143155 1
143155 47380 1
47380 66108 1
66108 129834 1
129834 139484 1
139484 41425 1
41425 95463 1
95463 96154 1
96154 73797 1
73797 113858 1
113858 129002 1
129002 154138 1
154138 64175 1
154138 26899 1
154138 44388 1
44388 87830 1
87830 92832 1
92832 7276 1
7276 2052 1
7276 37025 1
37025 66751 1
66751 128130 1
66751 134479 1
134479 31966 1
31966 68137 1
68137 126963 1
126963 54736 1
54736 57871 1
57871 14792 1
14792 129489 1
14792 134658 1
134658 62583 1
62583 46467 1
46467 127333 1
127333 98263 1
98263 17196 1
17196 121345 1
121345 136144 1
136144 73200 1
73200 2311 1
2311 82721 1
82721 59029 1
59029 16185 1
16185 105105 1
16185 41477 1
41477 45451 1
45451 145100 1
145100 11217 1
11217 31514 1
31514 26760 1
26760 38450 1
38450 52421 1
52421 60096 1
60096 39895 1
60096 116048 1
116048 122874 1
122874 73789 1
122874 82308 1
122874 114030 1
114030 141298 1
141298 146452 1
141298 9157 1
141298 93856 1
141298 143745 1
143745 86589 1
86589 16428 1
16428 91166 1
91166 139351 1
139351 8638 1
8638 37637 1
37637 128310 1
128310 89730 1
89730 17929 1
17929 129344 1
129344 136306 1
129344 105036 1
105036 69750 1
69750 13386 1
69750 39075 1
105036 66664 1
66664 49391 1
66664 84410 1
66664 9043 1
66664 62754 1
62754 94988 1
94988 22684 1
22684 113023 1
113023 1557 1
1557 102398 1
102398 44429 1
102398 104538 1
104538 52758 1
52758 18558 1
52758 134040 1
134040 123508 1
123508 45096 1
45096 118723 1
45096 145510 1
45096 3947 1
45096 28003 1
45096 142668 1
45096 90326 1
45096 16578 1
45096 125257 1
45096 89624 1
45096 38605 1
38605 142984 1
142984 1216 1
1216 72679 1
72679 51471 1
72679 146907 1
72679 53787 1
142984 101051 1
142984 89885 1
142984 117220 1
142984 128351 1
128351 141963 1
141963 7391 1
141963 146021 1
141963 134783 1
134783 22044 1
22044 13896 1
13896 13090 1
13090 13039 1
13090 139183 1
13090 127770 1
13090 53006 1
13090 58269 1
58269 128265 1
128265 76527 1
76527 114463 1
114463 133148 1
133148 108617 1
133148 88778 1
133148 74050 1
74050 34988 1
34988 78579 1
34988 52491 1
52491 28905 1
28905 108131 1
108131 73634 1
73634 116123 1
116123 96263 1
96263 77423 1
96263 34562 1
34562 6475 1
6475 108968 1
108968 43022 1
43022 134652 1
43022 131415 1
131415 64215 1
64215 22442 1
64215 52421 1
52421 59446 1
59446 50885 1
59446 92304 1
92304 70746 1
70746 67017 1
70746 26369 1
70746 143016 1
70746 144151 1
70746 63917 1
63917 29841 1
29841 71948 1
29841 138532 1
29841 85151 1
29841 69594 1
29841 50124 1
29841 78106 1
29841 89215 1
29841 88002 1
88002 21355 1
21355 132744 1
21355 148656 1
148656 87478 1
87478 47257 1
87478 99467 1
87478 35837 1
87478 110368 1
87478 78328 1
87478 46759 1
87478 111510 1
87478 111468 1
111468 55615 1
55615 102977 1
55615 52275 1
55615 123353 1
123353 9022 1
9022 56160 1
9022 31926 1
9022 8563 1
9022 149859 1
9022 573 1
9022 89504 1
9022 73606 1
73606 24352 1
24352 67247 1
24352 9759 1
9759 40860 1
9759 13949 1
13949 153006 1
153006 98750 1
98750 88154 1
98750 37298 1
37298 31982 1
31982 32702 1
32702 28849 1
28849 124666 1
28849 125046 1
28849 54347 1
54347 85680 1
85680 56794 1
56794 112169 1
112169 55601 1
112169 123049 1
123049 59508 1
59508 689 1
59508 66856 1
66856 60555 1
60555 32118 1
60555 149667 1
149667 14473 1
14473 148375 1
148375 31514 1
31514 127414 1
31514 47637 1
31514 94308 1
31514 55701 1
55701 70412 1
70412 87851 1
87851 108758 1
108758 84104 1
108758 138402 1
138402 107480 1
107480 145124 1
145124 87690 1
145124 51586 1
51586 8453 1
8453 57029 1
57029 122919 1
122919 23491 1
23491 138639 1
138639 7777 1
7777 26548 1
26548 13649 1
26548 22232 1
22232 58873 1
58873 574 1
58873 40367 1
58873 33788 1
33788 140846 1
140846 45267 1
45267 2425 1
2425 36446 1
2425 11829 1
11829 80716 1
80716 83971 1
83971 97630 1
97630 44195 1
44195 56765 1
44195 43441 1
43441 52220 1
52220 68910 1
68910 12545 1
12545 72657 1
12545 23972 1
12545 82345 1
12545 99729 1
12545 121858 1
121858 131528 1
131528 132249 1
132249 112397 1
112397 119439 1
119439 85601 1
85601 111628 1
85601 39332 1
39332 147976 1
147976 1061 1
147976 152661 1
152661 58402 1
58402 24263 1
24263 123354 1
123354 119510 1
119510 130508 1
130508 7732 1
7732 44284 1
44284 121079 1
121079 116619 1
116619 126381 1
116619 86615 1
86615 15103 1
15103 84977 1
84977 114758 1
114758 114412 1
84977 82888 1
82888 52940 1
82888 75040 1
82888 79550 1
82888 101602 1
101602 37197 1
37197 112782 1
37197 138038 1
37197 106117 1
106117 10079 1
10079 37298 1
37298 52121 1
52121 88306 1
88306 1377 1
1377 34234 1
34234 57132 1
57132 26579 1
26579 16949 1
26579 106097 1
106097 118941 1
118941 38185 1
38185 11936 1
38185 77332 1
77332 129760 1
129760 118948 1
118948 103005 1
103005 116118 1
116118 46823 1
46823 26135 1
26135 118104 1
118104 97651 1
97651 18555 1
97651 137203 1
137203 27648 1
27648 15469 1
27648 101382 1
27648 22823 1
27648 149105 1
27648 8975 1
27648 116528 1
116528 540 1
540 111160 1
111160 63634 1
63634 71336 1
71336 103786 1
103786 98263 1
98263 154024 1
154024 63277 1
154024 89704 1
89704 37575 1
37575 103922 1
103922 87974 1
87974 91358 1
91358 112514 1
112514 34849 1
34849 68751 1
34849 29096 1
29096 12833 1
12833 113627 1
12833 41032 1
41032 15667 1
15667 95602 1
95602 10351 1
95602 13014 1
95602 152280 1
95602 10478 1
95602 64468 1
10351 112774 1
112774 153106 1
112774 28231 1
112774 22169 1
22169 61848 1
61848 36233 1
36233 73275 1
73275 139192 1
73275 70079 1
73275 40493 1
73275 13610 1
73275 88519 1
73275 30694 1
73275 122106 1
122106 85313 1
85313 57903 1
57903 79534 1
79534 52274 1
79534 99493 1
99493 3163 1
3163 81215 1
3163 29142 1
29142 92702 1
92702 60094 1
92702 134801 1
92702 70428 1
92702 139814 1
139814 135168 1
135168 83153 1
83153 124922 1
124922 49047 1
49047 128119 1
128119 99947 1
99947 80118 1
80118 104252 1
80118 73992 1
80118 72686 1
80118 30733 1
80118 18671 1
80118 41573 1
80118 84957 1
80118 129157 1
80118 110141 1
80118 140191 1
80118 77924 1
77924 137884 1
137884 149371 1
137884 150496 1
137884 82965 1
137884 129208 1
129208 91959 1
91959 123149 1
123149 127206 1
91959 9215 1
9215 148279 1
9215 146216 1
9215 128444 1
9215 24252 1
9215 57880 1
9215 108855 1
9215 33874 1
33874 61390 1
61390 24910 1
24910 85601 1
85601 113891 1
113891 107740 1
107740 6974 1
6974 125891 1
125891 143114 1
143114 76006 1
76006 67923 1
67923 3321 1
3321 41884 1
3321 51686 1
51686 31473 1
31473 111130 1
31473 120554 1
31473 92455 1
92455 151802 1
151802 80843 1
80843 48748 1
48748 42480 1
48748 146254 1
146254 92007 1
92007 74423 1
92007 32001 1
92007 97710 1
92007 61942 1
92007 62705 1
62705 108888 1
108888 61829 1
108888 84334 1
84334 51789 1
51789 119053 1
119053 90838 1
90838 145512 1
145512 35195 1
35195 105856 1
105856 12459 1
12459 149378 1
149378 40480 1
40480 24490 1
24490 76041 1
76041 109447 1
109447 7509 1
109447 133163 1
109447 60545 1
109447 37713 1
109447 120680 1
109447 97537 1
97537 86363 1
86363 89296 1
86363 41425 1
41425 87516 1
87516 6480 1
6480 6924 1
6924 149404 1
6924 34634 1
34634 117783 1
117783 127225 1
117783 59438 1
59438 66080 1
66080 4806 1
4806 143131 1
143131 150335 1
150335 101867 1
150335 98421 1
98421 44142 1
44142 149232 1
149232 151395 1
149232 8104 1
149232 26579 1
26579 125804 1
26579 50528 1
57132 106097 1
106097 53909 1
53909 100605 1
100605 14359 1
14359 55434 1
55434 70638 1
55434 70811 1
55434 21568 1
55434 6616 1
6616 143305 1
143305 54123 1
54123 28804 1
28804 14794 1
14794 99592 1
95243 154552 1
95243 11122 1
11122 93370 1
93370 152320 1
152320 62055 1
62055 150012 1
150012 83965 1
83965 10492 1
10492 16536 1
10492 32552 1
32552 93975 1
93975 121999 1
121999 108196 1
108196 140243 1
140243 5883 1
5883 116663 1
116663 71889 1
116663 3648 1
116663 92661 1
92661 51264 1
51264 93370 1
93370 125828 1
125828 985 1
985 12410 1
12410 66936 1
12410 656 1
656 111225 1
656 62897 1
62897 153876 1
153876 96891 1
96891 140669 1
96891 126842 1
126842 23793 1
23793 83405 1
23793 145015 1
23793 42880 1
23793 9323 1
23793 136880 1
136880 126685 1
126685 51907 1
51907 134199 1
134199 130303 1
130303 53170 1
53170 88494 1
88494 40636 1
88494 154772 1
154772 78085 1
78085 91900 1
91900 90225 1
90225 29720 1
29720 57074 1
57074 119075 1
119075 48581 1
48581 87516 1
87516 113891 1
113891 65478 1
65478 34995 1
34995 75867 1
75867 97954 1
97954 137990 1
137990 4671 1
4671 13797 1
13797 32635 1
32635 38138 1
38138 78093 1
78093 142569 1
142569 26886 1
142569 54935 1
54935 60213 1
60213 103855 1
103855 18611 1
18611 50112 1
50112 92598 1
18611 149162 1
149162 111406 1
111406 67612 1
111406 20924 1
20924 51365 1
20924 17403 1
20924 14927 1
20924 13641 1
20924 57839 1
57839 105549 1
105549 152175 1
105549 110530 1
20924 125594 1
13641 141787 1
141787 52848 1
52848 126337 1
126337 97114 1
126337 43249 1
43249 17013 1
43249 65372 1
43249 63047 1
63047 131043 1
131043 49014 1
49014 1117 1
1117 143904 1
143904 50847 1
50847 109243 1
50847 81506 1
50847 119230 1
119230 146553 1
146553 123015 1
119230 85086 1
85086 125844 1
125844 133362 1
125844 96293 1
125844 70145 1
125844 91522 1
85086 154400 1
154400 36902 1
36902 136329 1
136329 24010 1
24010 52977 1
52977 75752 1
52977 3672 1
3672 128571 1
128571 107806 1
128571 24754 1
128571 67733 1
67733 7213 1
7213 128311 1
128311 82026 1
82026 60006 1
60006 146682 1
146682 134310 1
134310 112287 1
112287 148491 1
148491 55151 1
55151 148248 1
148248 109827 1
109827 58704 1
109827 147693 1
147693 35195 1
35195 88184 1
88184 21609 1
21609 102193 1
21609 16925 1
16925 83591 1
83591 95105 1
95105 34953 1
34953 26143 1
26143 13349 1
13349 19811 1
19811 105147 1
105147 83354 1
83354 135295 1
135295 27116 1
27116 143406 1
143406 139540 1
139540 128245 1
128245 9690 1
9690 13745 1
13745 58225 1
58225 44428 1
44428 26602 1
44428 88701 1
88701 8508 1
88701 121101 1
88701 40814 1
88701 22706 1
88701 141201 1
88701 75413 1
88701 70708 1
70708 73546 1
73546 123147 1
73546 123195 1
123195 97200 1
97200 143101 1
143101 68631 1
143101 128915 1
128915 11344 1
11344 90961 1
90961 27573 1
27573 133269 1
27573 79226 1
27573 136462 1
27573 53336 1
53336 65251 1
65251 27696 1
65251 56397 1
65251 45876 1
45876 16940 1
16940 129064 1
129064 80867 1
129064 131499 1
129064 151564 1
129064 126204 1
126204 61629 1
61629 2873 1
2873 113105 1
2873 77988 1
77988 37078 1
37078 65615 1
37078 94414 1
94414 71254 1
71254 153458 1
153458 44718 1
44718 87401 1
87401 12257 1
12257 93453 1
93453 119486 1
93453 142198 1
142198 43022 1
43022 154747 1
154747 54751 1
54751 126210 1
126210 11639 1
11639 94156 1
94156 118866 1
118866 125179 1
125179 118044 1
125179 21781 1
21781 120887 1
21781 2480 1
2480 65787 1
65787 77443 1
77443 135584 1
77443 26852 1
77443 95537 1
95537 140621 1
95537 93427 1
93427 114717 1
114717 149896 1
149896 108385 1
108385 123883 1
108385 68283 1
108385 106774 1
106774 146513 1
146513 5227 1
5227 37976 1
37976 151801 1
37976 121589 1
37976 105032 1
105032 65732 1
65732 20141 1
65732 146968 1
65732 22718 1
65732 63811 1
65732 21642 1
65732 109905 1
65732 151361 1
65732 36548 1
65732 138725 1
65732 90069 1
65732 138576 1
65732 123090 1
65732 48313 1
65732 52671 1
65732 63238 1
65732 29328 1
65732 46072 1
65732 148797 1
148797 116118 1
116118 17209 1
116118 57261 1
57261 123118 1
123118 111160 1
111160 104210 1
104210 114875 1
104210 3790 1
3790 77751 1
77751 146611 1
146611 133761 1
133761 93666 1
133761 127753 1
127753 88055 1
88055 148853 1
148853 132024 1
132024 6264 1
6264 69519 1
69519 51724 1
51724 110720 1
110720 38054 1
38054 23158 1
23158 47911 1
47911 5143 1
5143 52082 1
52082 141513 1
141513 117346 1
117346 25831 1
25831 87255 1
87255 7796 1
7796 117031 1
117031 60694 1
117031 101289 1
101289 37587 1
37587 120413 1
37587 89770 1
89770 57800 1
57800 107747 1
107747 34579 1
34579 58332 1
58332 152498 1
58332 80612 1
80612 937 1
937 109585 1
937 115191 1
115191 95577 1
95577 122703 1
122703 135877 1
135877 122099 1
122099 60590 1
60590 99310 1
99310 126469 1
126469 152976 1
152976 24079 1
24079 33912 1
33912 49300 1
33912 65015 1
65015 92654 1
92654 124163 1
124163 123688 1
123688 114426 1
114426 7973 1
7973 91033 1
91033 77122 1
91033 110595 1
110595 92800 1
92800 17209 1
17209 95229 1
95229 68299 1
68299 131432 1
68299 28689 1
28689 152907 1
152907 65616 1
65616 28825 1
28825 71294 1
28825 48987 1
28825 53238 1
28825 115007 1
115007 139156 1
139156 83505 1
83505 31120 1
31120 53128 1
31120 98285 1
31120 22179 1
22179 138085 1
138085 140140 1
140140 40006 1
40006 153503 1
153503 118121 1
118121 124740 1
124740 99640 1
99640 12136 1
12136 54463 1
12136 82771 1
82771 34118 1
34118 135597 1
135597 55795 1
135597 874 1
135597 82213 1
82213 92553 1
92553 1661 1
1661 74706 1
74706 122610 1
74706 97810 1
74706 56055 1
74706 134437 1
134437 4776 1
4776 136147 1
136147 35265 1
35265 56773 1
35265 84875 1
84875 106967 1
106967 40010 1
106967 125880 1
125880 11645 1
11645 97652 1
97652 36538 1
97652 58244 1
97652 88827 1
97652 112665 1
97652 69964 1
69964 21807 1
21807 21882 1
21807 9312 1
21807 135193 1
21807 7844 1
7844 97789 1
97789 102359 1
97789 58870 1
58870 8215 1
8215 124298 1
124298 144811 1
144811 116990 1
116990 32693 1
32693 1164 1
1164 5642 1
1164 47312 1
1164 51940 1
51940 15160 1
15160 139876 1
15160 149445 1
15160 128229 1
15160 52492 1
52492 2720 1
2720 94650 1
94650 107908 1
107908 153918 1
153918 104115 1
104115 18639 1
104115 78326 1
78326 85417 1
85417 90608 1
85417 70111 1
85417 69162 1
85417 39146 1
85417 131754 1
131754 107934 1
107934 39817 1
39817 59628 1
59628 41440 1
41440 107241 1
41440 79294 1
79294 13857 1
13857 109378 1
109378 12416 1
12416 47030 1
47030 83987 1
83987 146051 1
83987 37065 1
83987 2263 1
83987 41015 1
83987 16284 1
16284 9360 1
16284 121046 1
121046 9532 1
9532 3056 1
9532 150261 1
150261 124962 1
124962 98221 1
124962 75486 1
75486 104613 1
104613 45673 1
45673 49418 1
49418 93289 1
49418 17909 1
45673 10676 1
10676 53402 1
53402 45673 1
45673 140417 1
140417 10219 1
10219 89709 1
89709 17579 1
17579 123407 1
123407 77352 1
77352 59166 1
59166 135767 1
135767 759 1
759 149517 1
149517 100902 1
100902 93744 1
93744 84334 1
84334 40198 1
40198 113389 1
40198 123433 1
40198 10594 1
10594 70296 1
70296 41896 1
41896 150350 1
150350 4435 1
4435 15528 1
15528 69085 1
69085 148503 1
69085 146433 1
69085 86031 1
69085 151291 1
151291 9980 1
9980 150 1
150 136586 1
136586 52451 1
52451 91239 1
91239 15528 1
15528 149597 1
149597 23549 1
23549 2969 1
23549 68835 1
23549 15317 1
15317 133454 1
133454 129760 1
129760 30048 1
30048 89307 1
89307 154300 1
154300 147692 1
154300 20477 1
154300 149633 1
149633 51344 1
51344 114403 1
114403 62374 1
62374 4776 1
4776 80256 1
80256 148531 1
148531 12102 1
12102 29709 1
12102 35830 1
35830 92623 1
92623 37573 1
92623 98060 1
92623 88231 1
88231 6218 1
6218 26030 1
26030 85690 1
85690 35510 1
35510 67466 1
67466 86988 1
86988 45898 1
45898 47721 1
47721 40024 1
40024 59492 1
59492 40527 1
59492 113930 1
113930 118075 1
113930 24307 1
24307 70677 1
70677 73883 1
73883 61751 1
61751 137003 1
137003 90918 1
90918 123091 1
123091 119837 1
119837 147304 1
147304 138525 1
138525 7981 1
7981 61197 1
61197 11849 1
61197 82563 1
82563 18819 1
18819 23979 1
18819 40860 1
40860 105950 1
105950 65395 1
65395 23759 1
65395 116619 1
116619 28736 1
28736 83816 1
83816 19266 1
83816 154485 1
154485 27248 1
154485 50345 1
50345 55985 1
55985 143235 1
143235 145628 1
143235 85841 1
143235 42468 1
143235 89427 1
89427 68169 1
68169 138786 1
138786 63507 1
63507 125043 1
63507 122639 1
122639 151453 1
151453 6351 1
6351 141272 1
141272 110554 1
110554 51538 1
110554 143115 1
143115 31610 1
31610 16974 1
31610 51919 1
51919 134659 1
134659 4427 1
4427 140747 1
140747 126752 1
126752 30385 1
30385 38587 1
30385 2311 1
2311 6930 1
6930 43705 1
43705 74670 1
43705 60397 1
43705 102430 1
102430 15813 1
15813 1277 1
1277 25977 1
25977 42807 1
25977 41958 1
41958 125440 1
125440 47450 1
47450 118508 1
118508 112746 1
118508 114694 1
114694 62757 1
62757 20683 1
20683 87577 1
20683 84251 1
20683 42254 1
42254 63207 1
42254 75607 1
42254 72307 1
72307 140657 1
140657 3579 1
3579 115515 1
115515 107278 1
115515 110240 1
110240 71772 1
71772 150291 1
150291 135321 1
135321 51666 1
51666 25687 1
25687 112712 1
25687 68160 1
68160 141209 1
141209 38139 1
38139 126427 1
38139 66104 1
66104 48047 1
48047 12680 1
48047 57725 1
57725 50345 1
50345 97926 1
97926 132146 1
132146 104471 1
104471 78754 1
78754 16005 1
16005 131991 1
131991 148128 1
131991 106063 1
131991 98291 1
98291 18025 1
18025 128154 1
128154 71661 1
71661 733 1
733 76474 1
733 108325 1
733 17237 1
17237 98803 1
98803 112318 1
112318 94107 1
112318 81728 1
112318 95105 1
95105 21515 1
21515 148193 1
148193 39742 1
148193 145874 1
145874 51724 1
51724 112229 1
51724 119275 1
119275 115042 1
119275 100128 1
119275 47 1
119275 104403 1
119275 142265 1
119275 47321 1
119275 65514 1
65514 108926 1
65514 14652 1
14652 152449 1
152449 142985 1
142985 146277 1
146277 63543 1
63543 97764 1
97764 109555 1
97764 59620 1
59620 121585 1
121585 127359 1
121585 65790 1
121585 35396 1
35396 54739 1
54739 151805 1
151805 4175 1
4175 40989 1
4175 17523 1
4175 8302 1
8302 73442 1
73442 83029 1
73442 14067 1
14067 110510 1
110510 29579 1
110510 3842 1
110510 86818 1
110510 86554 1
86554 108920 1
108920 60924 1
60924 56102 1
56102 134976 1
134976 5466 1
134976 46694 1
46694 76221 1
76221 36814 1
36814 72142 1
72142 118508 1
118508 112915 1
112915 45518 1
45518 70420 1
70420 116736 1
116736 72266 1
72266 122400 1
122400 111705 1
122400 18093 1
122400 134470 1
122400 62170 1
62170 106123 1
106123 110410 1
110410 35050 1
35050 47127 1
47127 21061 1
47127 99085 1
99085 129028 1
129028 72040 1
72040 126202 1
72040 101281 1
101281 108142 1
108142 101176 1
101176 81456 1
81456 37315 1
37315 40193 1
40193 92367 1
92367 33399 1
33399 65911 1
33399 13587 1
33399 72770 1
72770 81088 1
81088 149201 1
149201 22189 1
22189 62098 1
22189 97866 1
22189 127806 1
127806 47868 1
47868 32388 1
32388 62650 1
62650 38995 1
62650 43623 1
62650 81903 1
62650 39100 1
39100 128725 1
128725 47848 1
47848 104527 1
104527 83269 1
83269 49192 1
83269 10392 1
10392 133954 1
10392 97348 1
97348 26085 1
26085 146426 1
26085 82724 1
26085 39658 1
26085 129008 1
129008 81726 1
81726 27334 1
27334 29502 1
29502 18103 1
18103 117838 1
18103 94156 1
94156 133005 1
133005 138560 1
133005 144896 1
144896 49619 1
49619 11122 1
11122 144485 1
144485 90185 1
90185 83531 1
83531 92222 1
92222 97944 1
97944 125244 1
125244 70176 1
70176 113831 1
113831 138736 1
138736 128465 1
138736 77676 1
138736 3763 1
3763 135551 1
135551 70580 1
135551 8203 1
8203 30901 1
30901 120705 1
120705 73095 1
73095 28072 1
73095 91822 1
91822 141677 1
141677 103360 1
103360 95577 1
95577 88964 1
88964 39559 1
39559 55763 1
55763 79886 1
55763 138417 1
138417 22756 1
22756 146998 1
22756 13265 1
22756 49144 1
49144 41268 1
41268 43357 1
43357 144674 1
43357 149294 1
149294 29675 1
149294 15657 1
149294 88334 1
88334 153824 1
153824 68431 1
153824 120498 1
153824 91899 1
91899 46183 1
46183 90262 1
90262 41268 1
41268 87776 1
87776 45104 1
45104 85397 1
45104 131538 1
131538 105516 1
105516 76838 1
76838 55265 1
55265 71631 1
71631 64 1
64 129208 1
129208 126261 1
126261 18454 1
18454 153472 1
126261 3790 1
3790 62944 1
62944 98132 1
98132 97965 1
97965 90068 1
97965 138316 1
97965 24563 1
97965 137897 1
97965 150987 1
150987 136041 1
136041 100810 1
136041 59029 1
59029 105118 1
105118 82120 1
82120 11497 1
11497 43363 1
43363 129753 1
43363 42401 1
42401 113113 1
113113 42970 1
42970 79877 1
79877 113113 1
113113 107245 1
113113 149173 1
113113 25926 1
113113 47622 1
47622 28010 1
28010 111783 1
28010 5439 1
28010 94521 1
28010 103255 1
28010 122177 1
122177 85550 1
85550 110766 1
110766 15639 1
15639 149728 1
149728 96878 1
96878 60411 1
96878 24052 1
96878 93942 1
93942 147004 1
147004 15315 1
15315 34597 1
15315 129944 1
129944 103311 1
103311 51779 1
51779 58698 1
58698 85869 1
85869 147677 1
147677 38641 1
147677 30355 1
30355 150816 1
150816 140920 1
140920 127112 1
127112 65939 1
127112 138758 1
138758 99198 1
99198 118325 1
99198 92355 1
92355 127599 1
127599 119777 1
119777 7276 1
119777 147738 1
147738 149785 1
149785 106066 1
106066 98166 1
98166 21380 1
98166 138525 1
138525 36287 1
36287 127133 1
36287 64323 1
64323 149972 1
149972 60800 1
60800 4882 1
4882 15816 1
15816 46467 1
46467 15436 1
15436 92465 1
92465 22243 1
22243 112963 1
22243 79840 1
79840 5621 1
5621 48170 1
48170 111160 1
111160 74987 1
74987 94746 1
94746 76014 1
76014 99107 1
99107 22077 1
22077 125891 1
125891 88633 1
88633 130438 1
130438 66971 1
66971 139560 1
139560 106112 1
106112 46332 1
106112 28556 1
106112 83233 1
83233 127414 1
127414 75429 1
75429 46171 1
46171 10799 1
10799 63824 1
63824 150816 1
63824 1683 1
63824 44420 1
63824 89540 1
63824 93964 1
93964 16072 1
16072 115183 1
115183 113000 1
113000 17530 1
17530 122014 1
122014 68825 1
68825 1164 1
1164 107122 1
107122 151982 1
151982 118111 1
151982 5861 1
5861 36321 1
36321 112544 1
112544 101447 1
101447 132888 1
132888 25776 1
25776 16546 1
16546 1342 1
1342 100988 1
100988 40518 1
40518 102177 1
102177 10799 1
10799 19232 1
10799 100432 1
100432 49096 1
100432 144590 1
144590 122188 1
122188 141003 1
141003 149515 1
149515 148757 1
148757 117252 1
148757 45426 1
45426 23162 1
23162 114793 1
114793 32215 1
32215 16310 1
16310 62084 1
62084 146029 1
146029 70789 1
70789 22687 1
22687 131936 1
131936 32818 1
32818 124056 1
124056 124762 1
124762 22669 1
22669 98498 1
98498 20029 1
98498 56319 1
56319 75755 1
75755 50375 1
50375 128725 1
128725 133136 1
104527 32854 1
104527 136191 1
136191 38551 1
38551 67367 1
38551 137223 1
38551 89397 1
38551 74992 1
74992 87707 1
74992 7887 1
7887 871 1
871 96242 1
96242 102611 1
96242 15249 1
96242 117814 1
96242 55249 1
96242 46256 1
96242 49359 1
96242 14875 1
96242 93283 1
93283 147686 1
147686 41228 1
41228 123943 1
123943 24760 1
24760 12739 1
12739 23353 1
23353 29164 1
29164 151184 1
29164 103197 1
103197 95666 1
95666 44255 1
44255 100677 1
100677 151876 1
100677 31852 1
100677 102404 1
100677 54463 1
12136 5027 1
12136 72742 1
12136 87612 1
87612 145575 1
145575 130438 1
130438 30740 1
30740 13906 1
13906 36694 1
36694 3790 1
3790 89295 1
89295 762 1
762 44013 1
44013 56834 1
44013 93256 1
93256 4946 1
4946 74049 1
74049 114988 1
114988 7933 1
7933 130488 1
130488 3790 1
3790 103630 1
103630 64711 1
103630 92908 1
103630 135704 1
135704 34784 1
135704 58964 1
58964 109489 1
58964 8306 1
58964 119678 1
119678 27803 1
27803 145854 1
27803 9751 1
27803 72484 1
27803 36293 1
36293 81397 1
81397 51016 1
51016 34669 1
34669 81397 1
81397 11138 1
11138 70283 1
70283 135320 1
135320 81558 1
81558 60433 1
60433 41982 1
60433 10282 1
10282 67673 1
67673 64430 1
67673 43751 1
43751 97965 1
150987 11411 1
11411 111139 1
11411 50326 1
50326 40518 1
40518 21786 1
21786 64574 1
64574 56114 1
56114 123025 1
123025 40193 1
40193 71373 1
71373 27727 1
27727 152322 1
152322 105998 1
152322 98352 1
98352 86455 1
86455 52536 1
52536 22509 1
22509 18579 1
18579 106108 1
18579 81736 1
18579 10034 1
18579 78923 1
18579 97769 1
18579 10052 1
18579 141398 1
18579 78768 1
78768 81468 1
81468 50376 1
