32674 815 1
815 44816 1
815 82154 1
815 136948 1
815 27763 1
27763 35553 1
35553 45415 1
35553 123237 1
35553 20400 1
20400 48775 1
48775 143582 1
143582 15118 1
15118 25913 1
15118 41254 1
41254 59519 1
59519 113891 1
113891 91959 1
91959 9215 1
9215 33874 1
9215 89585 1
89585 53761 1
9215 37829 1
37829 151840 1
37829 79860 1
79860 16945 1
16945 131103 1
131103 69177 1
69177 76824 1
69177 148169 1
69177 78960 1
69177 102609 1
102609 13805 1
13805 130530 1
130530 25447 1
25447 148242 1
25447 21633 1
21633 120430 1
120430 68466 1
120430 32119 1
32119 54292 1
54292 111803 1
111803 41268 1
41268 27438 1
27438 124185 1
124185 99866 1
124185 115525 1
124185 18894 1
18894 108623 1
18894 69795 1
69795 15639 1
15639 110708 1
110708 128223 1
128223 119439 1
119439 85601 1
85601 23609 1
23609 100225 1
100225 115454 1
115454 93756 1
93756 137052 1
137052 15315 1
15315 148017 1
148017 33971 1
148017 92764 1
148017 94121 1
94121 35556 1
35556 74774 1
35556 801 1
35556 16245 1
16245 83532 1
83532 46613 1
46613 56532 1
56532 75526 1
75526 110825 1
110825 44257 1
44257 110429 1
110429 8215 1
8215 103951 1
8215 151128 1
8215 24244 1
8215 22761 1
22761 154400 1
154400 30413 1
30413 122297 1
122297 78494 1
78494 118194 1
118194 143905 1
118194 141205 1
141205 6755 1
6755 133466 1
133466 71811 1
133466 41669 1
41669 2313 1
2313 13652 1
13652 96549 1
96549 40663 1
40663 139798 1
40663 38415 1
38415 59638 1
59638 94523 1
59638 136140 1
59638 6661 1
59638 66297 1
59638 52045 1
59638 130916 1
130916 130017 1
130017 100981 1
100981 70829 1
70829 31980 1
31980 26881 1
26881 124592 1
124592 49022 1
49022 62292 1
62292 61109 1
61109 16366 1
61109 95680 1
95680 11479 1
11479 82899 1
82899 83885 1
82899 26339 1
82899 28136 1
28136 18747 1
18747 81587 1
18747 113090 1
18747 74681 1
18747 141162 1
18747 34560 1
34560 73647 1
73647 52428 1
52428 137061 1
137061 114433 1
137061 11468 1
137061 62114 1
137061 20656 1
137061 34179 1
137061 30953 1
137061 98752 1
137061 117185 1
117185 59720 1
59720 107834 1
107834 114717 1
114717 148960 1
148960 103868 1
103868 11510 1
103868 29533 1
29533 151874 1
151874 18450 1
18450 45168 1
45168 72834 1
45168 138728 1
45168 50996 1
50996 31137 1
31137 153458 1
153458 40235 1
153458 12972 1
153458 22993 1
153458 45518 1
45518 10676 1
10676 57016 1
57016 37792 1
37792 92460 1
37792 67949 1
37792 93470 1
93470 106377 1
106377 105135 1
106377 90733 1
106377 153608 1
106377 65844 1
65844 100503 1
100503 23640 1
100503 39523 1
39523 80863 1
80863 101290 1
101290 48326 1
48326 68843 1
68843 21607 1
21607 19395 1
19395 149273 1
149273 117423 1
117423 111825 1
111825 123094 1
111825 69747 1
111825 96013 1
96013 64901 1
64901 86397 1
64901 31365 1
64901 15493 1
64901 69868 1
64901 17254 1
17254 110639 1
110639 107268 1
107268 7588 1
7588 85665 1
85665 143209 1
85665 128367 1
85665 88231 1
88231 113689 1
113689 130661 1
113689 51933 1
113689 72162 1
72162 10928 1
10928 33975 1
33975 25236 1
25236 31144 1
31144 148801 1
148801 20342 1
20342 150053 1
150053 8905 1
8905 34880 1
34880 50304 1
50304 65661 1
65661 4493 1
4493 145549 1
145549 47451 1
47451 73457 1
73457 154502 1
73457 54982 1
73457 72595 1
73457 120727 1
73457 9759 1
9759 74977 1
74977 121945 1
74977 58150 1
74977 56703 1
74977 45939 1
74977 143854 1
74977 85785 1
74977 34190 1
74977 24761 1
24761 47433 1
47433 97417 1
97417 133747 1
97417 148562 1
97417 154500 1
154500 107135 1
107135 19339 1
19339 114419 1
114419 11903 1
11903 92800 1
92800 90385 1
90385 25385 1
90385 109160 1
109160 2264 1
2264 97121 1
2264 151655 1
151655 69488 1
2264 137845 1
2264 71879 1
2264 111590 1
111590 58712 1
58712 42078 1
42078 100904 1
100904 69826 1
69826 146109 1
146109 118866 1
118866 87957 1
118866 52970 1
52970 17530 1
17530 149785 1
149785 29269 1
29269 34990 1
34990 95383 1
34990 147875 1
34990 81447 1
34990 80527 1
34990 2621 1
34990 84881 1
34990 126493 1
126493 112724 1
112724 16925 1
16925 39009 1
16925 18957 1
18957 44275 1
44275 36333 1
36333 6101 1
36333 148581 1
148581 5711 1
5711 141784 1
141784 19477 1
19477 90011 1
90011 141257 1
90011 128603 1
90011 39309 1
39309 121614 1
121614 152953 1
121614 81558 1
81558 103001 1
103001 22939 1
22939 25731 1
25731 130333 1
25731 48581 1
48581 67039 1
67039 94396 1
94396 103662 1
103662 35786 1
35786 2720 1
2720 6672 1
6672 18688 1
18688 145526 1
18688 74263 1
18688 121959 1
121959 63216 1
63216 64825 1
64825 37829 1
37829 48625 1
48625 23793 1
23793 83405 1
23793 42880 1
23793 22846 1
22846 130646 1
22846 95337 1
95337 87602 1
87602 79501 1
79501 112182 1
112182 87616 1
87616 98156 1
98156 145861 1
145861 60387 1
145861 10275 1
145861 147481 1
145861 154174 1
154174 106811 1
106811 105782 1
106811 97532 1
97532 31946 1
31946 47886 1
31946 94259 1
31946 106632 1
106632 93511 1
93511 2807 1
2807 60904 1
2807 73347 1
2807 141930 1
2807 78048 1
78048 127397 1
78048 57532 1
57532 33247 1
33247 53602 1
53602 105302 1
105302 82347 1
82347 143594 1
82347 129147 1
129147 38694 1
38694 41323 1
129147 261 1
261 20558 1
20558 115674 1
115674 80622 1
80622 113155 1
113155 124372 1
124372 137824 1
137824 104288 1
104288 72538 1
104288 59212 1
104288 88141 1
88141 82909 1
82909 851 1
851 7836 1
851 133285 1
133285 9985 1
9985 7920 1
7920 130623 1
7920 11675 1
7920 14829 1
7920 78806 1
130623 5435 1
5435 133473 1
5435 51925 1
5435 32398 1
32398 7165 1
7165 35896 1
35896 94239 1
94239 35510 1
35510 24909 1
24909 47824 1
47824 126738 1
47824 42368 1
42368 58218 1
58218 21186 1
21186 64806 1
21186 23531 1
23531 79534 1
79534 52274 1
52274 9869 1
9869 11691 1
11691 94444 1
94444 117128 1
117128 55597 1
55597 19203 1
55597 128222 1
128222 86771 1
86771 65247 1
86771 141188 1
141188 118807 1
118807 36009 1
36009 124307 1
36009 40091 1
36009 120007 1
36009 148317 1
36009 101010 1
101010 44038 1
101010 9835 1
101010 51674 1
101010 137099 1
51674 133892 1
133892 30841 1
133892 37491 1
37491 58901 1
58901 101177 1
58901 16653 1
58901 38503 1
38503 130225 1
38503 77923 1
38503 43573 1
38503 10925 1
10925 91887 1
91887 120249 1
120249 146377 1
146377 112358 1
112358 49641 1
49641 77061 1
77061 83007 1
83007 68160 1
68160 25687 1
25687 2139 1
2139 123091 1
123091 87553 1
87553 107143 1
107143 28028 1
28028 46766 1
87553 114578 1
87553 153801 1
87553 79645 1
87553 66699 1
87553 24866 1
87553 111812 1
87553 127723 1
127723 31224 1
31224 89025 1
123091 83271 1
83271 4373 1
83271 137120 1
137120 116212 1
116212 44139 1
44139 11276 1
44139 72883 1
72883 15790 1
15790 15209 1
15209 78520 1
78520 48248 1
48248 16712 1
16712 28497 1
28497 91900 1
91900 123407 1
123407 1164 1
1164 21607 1
21607 122996 1
122996 96242 1
96242 871 1
871 75807 1
75807 56289 1
56289 29637 1
56289 48121 1
48121 72329 1
72329 53314 1
53314 138612 1
138612 85764 1
85764 24760 1
24760 132487 1
24760 63982 1
63982 142279 1
142279 32258 1
32258 141289 1
141289 93171 1
93171 25923 1
25923 96101 1
25923 16666 1
16666 110386 1
110386 22454 1
22454 4752 1
4752 3144 1
4752 44308 1
44308 25600 1
25600 21347 1
21347 139743 1
139743 22891 1
139743 124713 1
139743 53675 1
53675 4020 1
4020 142304 1
53675 124112 1
124112 130433 1
124112 110512 1
110512 12136 1
12136 85382 1
85382 9868 1
9868 154420 1
9868 60729 1
60729 150077 1
150077 75459 1
75459 87315 1
87315 15976 1
87315 74832 1
87315 109209 1
87315 42464 1
42464 17465 1
17465 23888 1
23888 36892 1
23888 129261 1
129261 39383 1
39383 58288 1
39383 28225 1
39383 39603 1
39383 3766 1
39383 93920 1
93920 129118 1
129118 147185 1
129118 91951 1
91951 54598 1
54598 6617 1
6617 85242 1
85242 33651 1
85242 99044 1
85242 39717 1
39717 12218 1
12218 19144 1
19144 83411 1
83411 46224 1
46224 3559 1
3559 15567 1
15567 30250 1
15567 122026 1
122026 112318 1
112318 1634 1
1634 84604 1
84604 20661 1
84604 70196 1
70196 50444 1
50444 50585 1
50444 27886 1
50444 98979 1
50444 127053 1
50444 140909 1
140909 95666 1
95666 71076 1
95666 84029 1
95666 80531 1
95666 96084 1
95666 100856 1
95666 37885 1
37885 132283 1
132283 102168 1
102168 27961 1
27961 99660 1
99660 28382 1
28382 18138 1
18138 98263 1
98263 86263 1
86263 36694 1
36694 121070 1
121070 90919 1
90919 117742 1
117742 51841 1
117742 4404 1
117742 5317 1
5317 30480 1
30480 28020 1
28020 134224 1
134224 81780 1
81780 43363 1
43363 35879 1
35879 6478 1
6478 10900 1
10900 99260 1
99260 75951 1
75951 100474 1
75951 26362 1
26362 87747 1
87747 39934 1
39934 128969 1
128969 28246 1
128969 61769 1
128969 102175 1
102175 19339 1
19339 5393 1
19339 109735 1
19339 93211 1
19339 149501 1
19339 28100 1
28100 89929 1
89929 126488 1
89929 40390 1
40390 20210 1
20210 53230 1
53230 60532 1
53230 110510 1
110510 13047 1
110510 29579 1
110510 148560 1
110510 68765 1
110510 68487 1
110510 90368 1
110510 38548 1
110510 91533 1
91533 20712 1
20712 133404 1
133404 52383 1
52383 115531 1
52383 110855 1
110855 19417 1
19417 92703 1
19417 147587 1
19417 45601 1
45601 141513 1
141513 152424 1
152424 128097 1
128097 131387 1
128097 74356 1
74356 79184 1
79184 137599 1
79184 4563 1
79184 4343 1
4343 64891 1
64891 88576 1
88576 74176 1
74176 150135 1
74176 74461 1
74461 30126 1
30126 7588 1
7588 21520 1
21520 141894 1
141894 51763 1
51763 22524 1
22524 38924 1
38924 100868 1
100868 79554 1
79554 13734 1
13734 149612 1
149612 31995 1
31995 21939 1
31995 147864 1
147864 46609 1
46609 42148 1
42148 31422 1
31422 82446 1
31422 37277 1
31422 96479 1
31422 4380 1
31422 63797 1
31422 106 1
31422 94877 1
31422 53992 1
31422 50590 1
31422 131824 1
31422 77590 1
31422 32261 1
32261 58793 1
58793 53870 1
58793 26396 1
26396 11903 1
11903 149516 1
11903 146601 1
146601 135728 1
135728 15528 1
15528 47127 1
47127 17991 1
47127 126897 1
47127 69294 1
47127 99085 1
99085 137091 1
137091 51482 1
137091 110716 1
137091 53944 1
137091 43712 1
43712 124234 1
124234 36564 1
36564 60364 1
60364 97732 1
97732 148514 1
148514 132894 1
132894 90627 1
132894 3316 1
132894 75006 1
75006 107130 1
107130 103881 1
107130 38856 1
107130 104114 1
107130 100307 1
107130 2184 1
107130 97467 1
97467 11600 1
11600 22072 1
22072 44 1
44 122890 1
44 31971 1
31971 122431 1
31971 62650 1
62650 35619 1
35619 68385 1
68385 111717 1
111717 21617 1
111717 35351 1
35351 86724 1
86724 31154 1
31154 118491 1
118491 73472 1
118491 82606 1
118491 14603 1
14603 83924 1
83924 75345 1
83924 64401 1
64401 9725 1
9725 43306 1
43306 44914 1
44914 25923 1
25923 22698 1
22698 57965 1
57965 48897 1
48897 109719 1
109719 92399 1
92399 46950 1
46950 13310 1
13310 106037 1
106037 93239 1
106037 29533 1
151874 60673 1
151874 144374 1
151874 132007 1
132007 47261 1
47261 141515 1
47261 23912 1
47261 135989 1
47261 18655 1
47261 133310 1
47261 94439 1
47261 1520 1
47261 112734 1
47261 38614 1
38614 47296 1
47296 56546 1
47296 73225 1
47296 114483 1
114483 67079 1
67079 110885 1
67079 34763 1
67079 22669 1
22669 112296 1
112296 106365 1
112296 81175 1
112296 9928 1
9928 52914 1
52914 44008 1
44008 10423 1
10423 12559 1
12559 53206 1
53206 12293 1
12293 149597 1
149597 11568 1
11568 31754 1
31754 61584 1
61584 42275 1
42275 31126 1
42275 133991 1
42275 11970 1
42275 151498 1
151498 106632 1
106632 131758 1
131758 110100 1
110100 121962 1
110100 2569 1
2569 46476 1
2569 7158 1
2569 144052 1
144052 956 1
956 32670 1
32670 78963 1
32670 15734 1
15734 9792 1
9792 140050 1
9792 111350 1
9792 45512 1
9792 122733 1
122733 23341 1
9792 131792 1
131792 71494 1
71494 121267 1
121267 144600 1
144600 123268 1
123268 49008 1
49008 51929 1
51929 55265 1
55265 68222 1
55265 57073 1
57073 5875 1
57073 18138 1
18138 98179 1
98179 6963 1
6963 6468 1
6963 51445 1
6963 76896 1
76896 7558 1
76896 95476 1
76896 116976 1
116976 54160 1
54160 137566 1
54160 113673 1
54160 20471 1
54160 105487 1
54160 113078 1
54160 75985 1
54160 41717 1
54160 29869 1
29869 130159 1
130159 40314 1
40314 107740 1
107740 56545 1
56545 84343 1
56545 144648 1
144648 142811 1
142811 127166 1
142811 105012 1
142811 57942 1
142811 98041 1
144648 55613 1
55613 71822 1
55613 103574 1
103574 31120 1
31120 109945 1
109945 88183 1
88183 7894 1
7894 111416 1
7894 85797 1
85797 152907 1
152907 3330 1
152907 28689 1
28689 47251 1
47251 30496 1
47251 36918 1
36918 133634 1
36918 27104 1
36918 86430 1
86430 4535 1
4535 38996 1
4535 116603 1
4535 14304 1
4535 123999 1
4535 23864 1
4535 22870 1
4535 137051 1
4535 8120 1
4535 101203 1
101203 15289 1
15289 98950 1
98950 60924 1
60924 41762 1
41762 44749 1
44749 57867 1
44749 50450 1
50450 9331 1
50450 84071 1
84071 57629 1
57629 149085 1
57629 45125 1
57629 45069 1
45069 26548 1
26548 54458 1
26548 58643 1
58643 35562 1
35562 109025 1
109025 150493 1
150493 106253 1
106253 142756 1
106253 22050 1
106253 145675 1
106253 90728 1
90728 88112 1
90728 76065 1
76065 101450 1
101450 22239 1
22239 19744 1
19744 14960 1
19744 1435 1
1435 60306 1
60306 47521 1
47521 73345 1
73345 61574 1
61574 3421 1
61574 119104 1
61574 61337 1
61337 114287 1
61337 67039 1
67039 78165 1
78165 32876 1
78165 81682 1
78165 124336 1
78165 59475 1
78165 84567 1
84567 96256 1
96256 80960 1
80960 65538 1
65538 110923 1
110923 27352 1
110923 146807 1
146807 151544 1
151544 89832 1
89832 20875 1
20875 146847 1
146847 94459 1
94459 93315 1
94459 5272 1
94459 62438 1
94459 27263 1
27263 144961 1
144961 81858 1
81858 137819 1
81858 105136 1
105136 83627 1
83627 56980 1
56980 80735 1
56980 154747 1
154747 88048 1
88048 68169 1
68169 36564 1
36564 133470 1
133470 115501 1
115501 59185 1
59185 54976 1
54976 14731 1
14731 47460 1
47460 34242 1
34242 117936 1
117936 142401 1
142401 144600 1
144600 29382 1
144600 121056 1
49008 82734 1
82734 55500 1
55500 53660 1
55500 68169 1
55500 17513 1
17513 12612 1
17513 91808 1
91808 51253 1
51253 147943 1
51253 88183 1
88183 36541 1
36541 103206 1
103206 108882 1
108882 90468 1
90468 73003 1
90468 86612 1
90468 152336 1
152336 13257 1
13257 61971 1
13257 82914 1
13257 143576 1
13257 61660 1
13257 39325 1
39325 72015 1
72015 151919 1
151919 137075 1
137075 72015 1
72015 135880 1
135880 110825 1
110825 103173 1
103173 150539 1
150539 2468 1
150539 34116 1
150539 92689 1
92689 131898 1
131898 39383 1
39383 102508 1
102508 113834 1
113834 103174 1
113834 24693 1
24693 7551 1
7551 82381 1
7551 95639 1
95639 20076 1
20076 81488 1
20076 39493 1
20076 71961 1
20076 22988 1
20076 152488 1
20076 64351 1
20076 34753 1
34753 93828 1
93828 111246 1
111246 14344 1
111246 22085 1
22085 86108 1
86108 9341 1
9341 54366 1
54366 88183 1
88183 40006 1
40006 18589 1
18589 102398 1
102398 31903 1
102398 23331 1
23331 5798 1
5798 97472 1
5798 9631 1
9631 27092 1
27092 45726 1
45726 85623 1
85623 152955 1
85623 5414 1
5414 19263 1
5414 69017 1
5414 112531 1
5414 123824 1
5414 66696 1
5414 134751 1
134751 5996 1
5996 132816 1
132816 62409 1
62409 54416 1
54416 125922 1
