29042 130154 1
130154 97650 1
130154 31458 1
130154 91346 1
91346 30794 1
30794 35458 1
30794 130530 1
130530 126673 1
130530 74383 1
130530 18861 1
18861 72664 1
18861 135132 1
135132 13994 1
18861 100560 1
100560 56281 1
56281 55128 1
56281 90119 1
90119 52100 1
52100 69537 1
52100 71375 1
71375 23549 1
23549 2969 1
2969 14731 1
14731 137623 1
14731 10286 1
14731 30739 1
30739 44458 1
44458 144621 1
144621 138660 1
144621 150455 1
144621 99131 1
144621 138303 1
138303 135922 1
138303 49051 1
49051 75445 1
75445 68949 1
75445 8679 1
8679 127206 1
127206 10343 1
127206 90642 1
127206 137129 1
137129 44428 1
44428 148528 1
148528 127109 1
148528 149102 1
149102 92795 1
149102 30777 1
149102 109140 1
109140 120276 1
120276 5919 1
5919 122277 1
122277 122669 1
122669 66125 1
66125 58723 1
66125 130742 1
130742 67178 1
67178 124961 1
124961 82391 1
82391 1466 1
1466 148193 1
148193 123965 1
123965 79172 1
79172 105798 1
105798 10815 1
10815 131777 1
131777 38863 1
38863 148696 1
148696 89191 1
148696 153969 1
148696 67392 1
148696 40882 1
148696 68354 1
68354 76945 1
76945 102354 1
76945 87458 1
76945 132944 1
76945 52848 1
52848 83918 1
52848 141621 1
141621 1079 1
1079 69720 1
1079 36407 1
1079 99488 1
1079 126279 1
1079 154463 1
1079 40727 1
40727 56114 1
56114 32062 1
56114 74820 1
56114 72404 1
72404 82822 1
82822 68950 1
68950 107862 1
107862 127026 1
127026 85081 1
85081 77958 1
85081 9690 1
9690 119991 1
9690 147433 1
147433 148458 1
148458 68343 1
68343 121756 1
121756 1365 1
1365 5308 1
5308 92647 1
92647 133481 1
133481 72176 1
133481 5308 1
5308 153534 1
5308 120658 1
5308 3942 1
3942 32873 1
32873 12576 1
12576 112169 1
112169 110896 1
110896 98166 1
98166 22728 1
22728 33327 1
33327 115064 1
115064 112169 1
112169 133730 1
133730 114976 1
114976 72985 1
114976 134307 1
134307 107556 1
134307 117810 1
134307 1754 1
134307 144218 1
134307 101920 1
134307 46748 1
134307 5482 1
134307 36956 1
134307 92403 1
134307 131991 1
131991 148302 1
148302 21535 1
21535 103381 1
21535 25625 1
25625 60973 1
60973 2017 1
60973 78681 1
60973 80420 1
80420 147681 1
147681 104262 1
104262 113334 1
113334 59027 1
59027 121 1
121 82372 1
82372 35195 1
35195 90918 1
90918 66080 1
66080 4806 1
66080 134476 1
134476 113479 1
113479 86735 1
86735 6480 1
6480 19992 1
19992 115393 1
115393 13770 1
13770 88636 1
88636 125455 1
125455 24873 1
24873 114145 1
114145 121763 1
121763 46183 1
46183 39546 1
39546 74424 1
74424 31788 1
31788 79895 1
79895 60050 1
60050 137481 1
137481 135392 1
135392 119990 1
135392 38098 1
135392 114805 1
114805 100826 1
100826 21972 1
21972 77119 1
77119 119683 1
119683 20675 1
20675 56289 1
56289 53675 1
53675 149187 1
149187 26362 1
26362 21382 1
21382 124482 1
124482 100826 1
100826 144678 1
100826 99215 1
100826 84006 1
84006 128654 1
128654 10408 1
10408 140923 1
10408 127734 1
10408 70926 1
70926 16925 1
16925 6060 1
6060 108046 1
108046 116083 1
116083 50759 1
50759 29773 1
29773 153979 1
153979 99965 1
99965 43832 1
99965 136133 1
99965 8401 1
99965 123518 1
99965 120067 1
120067 116384 1
116384 130566 1
116384 99935 1
99935 11473 1
11473 108888 1
108888 79926 1
108888 46182 1
46182 100432 1
100432 24931 1
24931 51772 1
51772 115812 1
51772 27727 1
27727 56087 1
56087 96096 1
96096 51579 1
51579 63824 1
63824 46298 1
63824 107790 1
63824 139135 1
63824 4318 1
63824 81286 1
81286 114553 1
81286 49748 1
81286 20486 1
20486 153159 1
153159 131826 1
153159 25427 1
25427 81542 1
81542 84611 1
84611 4598 1
4598 146592 1
146592 58546 1
58546 9745 1
9745 31801 1
9745 52597 1
52597 65215 1
65215 121135 1
65215 27152 1
65215 67671 1
65215 151510 1
151510 6418 1
6418 150867 1
150867 43363 1
43363 80671 1
80671 73688 1
73688 12221 1
73688 121904 1
73688 3995 1
73688 51521 1
73688 32222 1
73688 130199 1
130199 104149 1
104149 111072 1
104149 112703 1
112703 87509 1
87509 46750 1
46750 92452 1
46750 128626 1
46750 128341 1
46750 78931 1
46750 97033 1
97033 31966 1
31966 29297 1
29297 34938 1
31966 69308 1
69308 11288 1
11288 55459 1
55459 47296 1
47296 122714 1
47296 96546 1
47296 7108 1
47296 42456 1
47296 109185 1
47296 41138 1
41138 124113 1
124113 100644 1
100644 67365 1
67365 8851 1
8851 35584 1
35584 15436 1
15436 62933 1
62933 78723 1
78723 82150 1
82150 97348 1
97348 145090 1
145090 66964 1
66964 3981 1
3981 126834 1
126834 27232 1
27232 24093 1
24093 40711 1
40711 68802 1
68802 47275 1
47275 97483 1
97483 54415 1
54415 80716 1
80716 75755 1
75755 30878 1
75755 122766 1
122766 55265 1
55265 40245 1
40245 97694 1
97694 69830 1
40245 59323 1
59323 85311 1
85311 131743 1
131743 98598 1
98598 4344 1
4344 152898 1
152898 82031 1
152898 139930 1
139930 123373 1
123373 92278 1
92278 15436 1
15436 154024 1
154024 91582 1
91582 85396 1
85396 98654 1
98654 72860 1
72860 20145 1
20145 3087 1
3087 99515 1
99515 7920 1
7920 114782 1
114782 65840 1
65840 140380 1
65840 39660 1
39660 140115 1
39660 126226 1
126226 135702 1
135702 137931 1
135702 96423 1
135702 111677 1
111677 53858 1
53858 138085 1
138085 55489 1
55489 109770 1
109770 108543 1
108543 141389 1
141389 140614 1
140614 21107 1
140614 91909 1
140614 134951 1
108543 124226 1
124226 99703 1
99703 85427 1
85427 47869 1
47869 25425 1
25425 43501 1
43501 110699 1
43501 65694 1
43501 110127 1
110127 125883 1
125883 59214 1
125883 54155 1
125883 121559 1
125883 62144 1
125883 43779 1
125883 88621 1
125883 126374 1
126374 135186 1
126374 119809 1
126374 48581 1
48581 9654 1
9654 96847 1
9654 75295 1
75295 41999 1
41999 46738 1
46738 16351 1
16351 82328 1
82328 61588 1
61588 3760 1
3760 30850 1
30850 70543 1
70543 118549 1
118549 12713 1
12713 34483 1
34483 21259 1
21259 154528 1
21259 90429 1
21259 47087 1
47087 103546 1
103546 74626 1
74626 6351 1
6351 24637 1
6351 27385 1
27385 49782 1
49782 97738 1
49782 28745 1
28745 97652 1
97652 89386 1
89386 76006 1
76006 99417 1
99417 153865 1
153865 31490 1
31490 85804 1
85804 137850 1
85804 138575 1
138575 60399 1
60399 7894 1
7894 136652 1
136652 152242 1
152242 35 1
35 11514 1
35 88613 1
35 60280 1
60280 118833 1
118833 24625 1
118833 146009 1
60280 119599 1
119599 76618 1
119599 154829 1
119599 1421 1
1421 135320 1
135320 140893 1
135320 113240 1
113240 70283 1
70283 47416 1
47416 119599 1
119599 112966 1
112966 851 1
851 129109 1
129109 28322 1
28322 136775 1
136775 86049 1
86049 87145 1
86049 50459 1
86049 124363 1
124363 146160 1
146160 117740 1
117740 142279 1
142279 117817 1
117817 144645 1
144645 99003 1
99003 2086 1
2086 4140 1
4140 151066 1
151066 106462 1
106462 51140 1
51140 100486 1
100486 9759 1
9759 129844 1
129844 108866 1
108866 77947 1
108866 143673 1
143673 99253 1
99253 29815 1
29815 97060 1
97060 137277 1
97060 78001 1
78001 7709 1
7709 16137 1
7709 115798 1
115798 103065 1
103065 141278 1
103065 67813 1
67813 61633 1
61633 8010 1
8010 131936 1
131936 18138 1
18138 47713 1
47713 51253 1
51253 8573 1
8573 66862 1
8573 20261 1
51253 70011 1
70011 117470 1
117470 118878 1
118878 136289 1
136289 108968 1
108968 58901 1
58901 94033 1
94033 152678 1
152678 23637 1
23637 118791 1
118791 54136 1
54136 57491 1
57491 14647 1
14647 3407 1
3407 150249 1
150249 21968 1
21968 148220 1
148220 122773 1
122773 38781 1
38781 62088 1
38781 95360 1
95360 58332 1
58332 55278 1
55278 74140 1
74140 20869 1
20869 59804 1
59804 73720 1
59804 13162 1
13162 129922 1
129922 72141 1
72141 62012 1
