28660 65598 1
65598 21927 1
65598 14029 1
65598 103197 1
103197 37458 1
37458 65706 1
65706 61633 1
61633 43908 1
43908 123912 1
123912 37280 1
123912 2103 1
123912 4652 1
4652 90771 1
90771 24085 1
24085 48673 1
24085 99248 1
99248 35553 1
35553 21698 1
35553 20400 1
20400 150117 1
150117 142634 1
142634 48046 1
48046 133654 1
133654 19168 1
19168 15567 1
15567 68405 1
15567 64108 1
64108 11033 1
11033 83007 1
83007 135555 1
83007 147877 1
147877 43815 1
43815 78829 1
78829 69250 1
69250 134783 1
134783 13511 1
13511 26502 1
13511 68021 1
68021 124725 1
124725 31691 1
31691 40006 1
40006 35671 1
35671 130334 1
130334 74573 1
74573 119702 1
74573 57147 1
57147 102177 1
102177 108904 1
108904 112661 1
112661 93262 1
93262 140614 1
140614 58892 1
140614 91909 1
91909 149761 1
149761 75103 1
75103 129374 1
129374 78235 1
78235 135282 1
135282 102510 1
102510 131033 1
131033 62154 1
62154 56388 1
56388 7113 1
7113 12886 1
12886 47023 1
47023 109384 1
109384 146750 1
146750 132658 1
132658 133466 1
133466 1296 1
1296 18683 1
18683 130947 1
130947 123346 1
123346 28736 1
28736 41425 1
41425 27235 1
27235 30277 1
27235 64816 1
27235 79456 1
79456 99660 1
99660 115501 1
115501 23682 1
23682 40518 1
40518 43705 1
43705 56116 1
56116 108064 1
108064 116791 1
108064 151173 1
151173 146064 1
146064 61523 1
61523 27914 1
27914 52783 1
52783 58520 1
58520 67574 1
67574 85338 1
85338 86559 1
86559 49275 1
49275 47296 1
47296 38614 1
47296 63466 1
47296 98590 1
47296 80254 1
80254 69086 1
69086 76296 1
76296 6338 1
76296 67371 1
76296 42357 1
76296 13905 1
76296 40697 1
40697 65732 1
65732 128536 1
128536 146750 1
146750 94362 1
94362 105109 1
105109 87810 1
87810 102187 1
87810 49525 1
49525 58618 1
58618 26253 1
26253 11873 1
11873 135604 1
11873 4516 1
4516 129444 1
129444 110127 1
110127 43501 1
43501 135497 1
135497 71605 1
71605 136665 1
136665 134988 1
134988 102335 1
102335 108308 1
108308 22318 1
108308 31966 1
31966 20242 1
20242 17725 1
17725 90410 1
90410 109939 1
109939 97585 1
109939 39695 1
39695 96557 1
39695 87810 1
39695 68231 1
68231 121337 1
121337 116118 1
116118 103005 1
116118 116326 1
116326 23330 1
23330 50512 1
50512 22498 1
22498 33187 1
33187 21686 1
21686 115654 1
21686 60702 1
60702 2088 1
2088 75946 1
2088 76075 1
76075 24630 1
24630 95908 1
95908 141275 1
95908 106852 1
106852 81034 1
81034 151960 1
151960 40518 1
40518 64261 1
64261 138730 1
138730 64088 1
64088 9641 1
9641 76674 1
76674 51492 1
76674 128292 1
128292 123716 1
123716 113244 1
123716 34736 1
76674 95758 1
95758 86446 1
86446 117683 1
117683 146659 1
117683 107094 1
107094 10492 1
10492 57906 1
10492 14656 1
14656 115899 1
115899 97058 1
115899 81630 1
81630 46450 1
46450 27732 1
27732 24747 1
27732 49020 1
49020 60555 1
60555 30667 1
30667 35155 1
35155 90468 1
90468 18531 1
90468 46534 1
90468 4852 1
4852 47287 1
4852 86696 1
4852 126401 1
4852 65147 1
65147 144285 1
144285 5948 1
5948 43493 1
5948 19996 1
5948 41235 1
41235 134438 1
134438 24312 1
134438 52834 1
134438 15291 1
134438 62161 1
134438 115368 1
134438 54020 1
134438 117140 1
134438 64521 1
134438 87050 1
134438 19939 1
134438 111702 1
134438 44221 1
134438 111858 1
134438 103330 1
134438 62393 1
62393 45935 1
62393 115318 1
62393 78922 1
62393 16552 1
16552 40592 1
40592 84159 1
40592 59086 1
59086 80997 1
80997 71466 1
80997 134478 1
134478 18644 1
18644 43712 1
43712 29781 1
29781 129083 1
129083 151066 1
151066 141373 1
141373 122534 1
122534 116741 1
116741 28834 1
116741 55225 1
55225 88523 1
88523 76659 1
88523 82575 1
82575 136738 1
136738 134969 1
134969 28010 1
28010 72269 1
28010 94521 1
28010 48581 1
48581 147656 1
147656 152946 1
147656 87830 1
87830 64565 1
64565 37450 1
37450 4058 1
4058 41024 1
4058 49108 1
4058 11020 1
11020 84911 1
84911 150117 1
150117 135076 1
135076 40018 1
40018 71729 1
71729 79318 1
71729 37694 1
37694 103710 1
103710 105347 1
103710 59315 1
59315 106245 1
106245 23570 1
23570 54056 1
54056 153503 1
153503 37298 1
37298 121975 1
37298 126497 1
126497 16611 1
16611 9869 1
9869 6900 1
9869 65652 1
65652 142557 1
142557 73033 1
142557 22904 1
22904 118605 1
118605 98199 1
118605 106628 1
22904 26579 1
26579 37627 1
37627 31286 1
37627 107853 1
107853 145911 1
107853 48965 1
107853 111484 1
107853 74643 1
74643 115371 1
115371 28773 1
115371 62458 1
62458 116085 1
116085 99087 1
99087 53287 1
53287 10249 1
10249 22239 1
22239 68633 1
68633 17530 1
17530 10399 1
10399 94892 1
94892 103947 1
103947 10423 1
10423 109827 1
109827 154686 1
154686 60637 1
60637 68435 1
60637 4968 1
60637 17595 1
60637 133121 1
60637 58233 1
58233 52181 1
52181 14590 1
52181 2121 1
52181 144399 1
52181 9467 1
52181 116184 1
52181 112098 1
52181 58755 1
52181 113559 1
113559 11222 1
11222 75613 1
11222 7058 1
11222 84681 1
84681 86714 1
86714 78148 1
86714 113879 1
113879 11222 1
11222 130161 1
11222 88913 1
11222 9113 1
130161 86714 1
86714 142721 1
86714 100155 1
100155 40599 1
40599 21555 1
40599 113955 1
113955 90588 1
90588 91335 1
91335 8038 1
91335 84324 1
84324 150 1
150 76030 1
76030 122648 1
122648 105508 1
105508 117860 1
117860 48013 1
48013 83481 1
48013 95299 1
95299 143552 1
143552 13028 1
13028 14371 1
14371 79675 1
79675 84596 1
84596 144293 1
84596 99342 1
99342 11921 1
11921 12737 1
12737 85211 1
85211 149369 1
149369 7952 1
149369 102373 1
149369 5682 1
5682 145139 1
145139 21520 1
21520 48406 1
48406 68196 1
48406 14656 1
14656 55654 1
55654 74071 1
74071 130129 1
130129 152588 1
152588 7531 1
7531 28762 1
7531 40441 1
40441 140214 1
140214 73877 1
140214 94654 1
94654 154025 1
154025 101144 1
101144 8727 1
8727 107126 1
107126 39712 1
39712 148836 1
148836 18200 1
18200 125981 1
18200 86628 1
86628 66193 1
66193 82067 1
82067 105311 1
105311 125519 1
125519 141139 1
141139 116293 1
116293 22991 1
22991 26293 1
26293 6931 1
6931 54935 1
54935 116391 1
116391 60051 1
116391 149149 1
116391 152393 1
152393 53729 1
53729 723 1
723 71290 1
723 150533 1
150533 145643 1
145643 126229 1
126229 14371 1
14371 51293 1
14371 131022 1
14371 45426 1
45426 25481 1
25481 124242 1
124242 100635 1
124242 17953 1
17953 84695 1
84695 30520 1
30520 71422 1
71422 113945 1
113945 29826 1
29826 112072 1
29826 80465 1
29826 150896 1
29826 63600 1
29826 103522 1
103522 73095 1
73095 5072 1
5072 100981 1
100981 100438 1
100438 106539 1
106539 127669 1
106539 112603 1
112603 90468 1
90468 109043 1
109043 136786 1
136786 143724 1
136786 12614 1
12614 12451 1
12451 80980 1
80980 116751 1
116751 68589 1
68589 36888 1
36888 136811 1
136811 32481 1
32481 22915 1
32481 3390 1
32481 71729 1
71729 114992 1
114992 937 1
937 127599 1
127599 3559 1
3559 138729 1
138729 114463 1
138729 33967 1
33967 81456 1
81456 52421 1
52421 32741 1
32741 139858 1
32741 70296 1
70296 4806 1
4806 12394 1
12394 6755 1
6755 98208 1
98208 78789 1
78789 113217 1
113217 64331 1
64331 129763 1
129763 789 1
789 35704 1
789 90789 1
90789 51684 1
51684 80997 1
80997 79172 1
79172 20145 1
20145 134224 1
134224 134999 1
134224 40887 1
134224 137509 1
137509 68180 1
137509 126947 1
137509 38224 1
134224 54442 1
54442 98439 1
98439 42006 1
98439 53249 1
53249 53163 1
53163 39427 1
39427 132674 1
132674 11361 1
11361 9654 1
9654 126621 1
9654 6974 1
6974 60049 1
60049 34461 1
34461 80275 1
34461 4917 1
4917 124671 1
4917 90185 1
90185 29625 1
29625 102077 1
29625 16522 1
29625 122394 1
122394 26822 1
26822 119763 1
26822 51514 1
51514 146076 1
