2913 70932 1
70932 12572 1
70932 6820 1
6820 56930 1
56930 85912 1
85912 103655 1
103655 58481 1
103655 54341 1
103655 91374 1
91374 116770 1
116770 132801 1
132801 26737 1
26737 32387 1
32387 143390 1
143390 147081 1
143390 81473 1
81473 107728 1
107728 52422 1
52422 96393 1
96393 132925 1
132925 76865 1
76865 99366 1
99366 126832 1
126832 122298 1
122298 114248 1
114248 133650 1
114248 64619 1
114248 118649 1
114248 33564 1
33564 32139 1
32139 132159 1
132159 85455 1
85455 7358 1
85455 40727 1
40727 110496 1
110496 50243 1
50243 22055 1
22055 15404 1
22055 25770 1
25770 43685 1
43685 93511 1
93511 95456 1
95456 113176 1
113176 46277 1
46277 82160 1
46277 68174 1
46277 44345 1
44345 11122 1
11122 154012 1
154012 65253 1
154012 140634 1
140634 125163 1
125163 22666 1
125163 4954 1
125163 144279 1
125163 82408 1
82408 58801 1
125163 128058 1
125163 124144 1
124144 112567 1
112567 52697 1
112567 121884 1
112567 28339 1
28339 93370 1
93370 121515 1
121515 141791 1
121515 9232 1
9232 141495 1
141495 73581 1
73581 31430 1
31430 91460 1
91460 94504 1
94504 141607 1
94504 52092 1
52092 45755 1
52092 20869 1
20869 34236 1
34236 3490 1
3490 150539 1
150539 92689 1
92689 131898 1
131898 57743 1
57743 41477 1
41477 50981 1
50981 13897 1
13897 73927 1
13897 57594 1
57594 22307 1
22307 39900 1
39900 50459 1
50459 44863 1
44863 47477 1
47477 72165 1
72165 117522 1
117522 100215 1
117522 3903 1
3903 103710 1
103710 66683 1
103710 25539 1
25539 84575 1
84575 7452 1
7452 20437 1
20437 12951 1
12951 2091 1
12951 78599 1
12951 127590 1
12951 10493 1
12951 50208 1
12951 114200 1
12951 19239 1
12951 154025 1
154025 38646 1
38646 96937 1
96937 37249 1
37249 41829 1
37249 79323 1
37249 65518 1
37249 80861 1
80861 63353 1
63353 137079 1
63353 18179 1
63353 62356 1
62356 137700 1
137700 107183 1
137700 4414 1
4414 47636 1
47636 72760 1
47636 109881 1
47636 81630 1
81630 43342 1
43342 37298 1
37298 148254 1
148254 91814 1
148254 46942 1
148254 32720 1
148254 25901 1
25901 94778 1
94778 20124 1
94778 129760 1
129760 110957 1
110957 78235 1
78235 141815 1
141815 50574 1
50574 45377 1
45377 132462 1
45377 1989 1
1989 124605 1
124605 109250 1
109250 44746 1
44746 49752 1
49752 76006 1
76006 23255 1
23255 15456 1
15456 7795 1
7795 103710 1
103710 131929 1
103710 86247 1
103710 88669 1
88669 154454 1
154454 50596 1
154454 98717 1
98717 105689 1
105689 35947 1
105689 32242 1
105689 90272 1
90272 147805 1
147805 49502 1
147805 107161 1
147805 20273 1
20273 133851 1
133851 124392 1
124392 44119 1
44119 75627 1
75627 26739 1
26739 148481 1
26739 9837 1
9837 8425 1
8425 13873 1
13873 107963 1
107963 52413 1
52413 94746 1
94746 17234 1
17234 40006 1
40006 67079 1
67079 46708 1
46708 20134 1
20134 70704 1
20134 146884 1
146884 121515 1
121515 6562 1
6562 22482 1
22482 12036 1
22482 31098 1
22482 145654 1
22482 101937 1
22482 37556 1
22482 46890 1
46890 44117 1
44117 104939 1
104939 14165 1
14165 115591 1
115591 133304 1
133304 52092 1
52092 90298 1
90298 130508 1
130508 97348 1
97348 121035 1
121035 132649 1
121035 114960 1
121035 70479 1
121035 15955 1
15955 62012 1
62012 72141 1
72141 7140 1
7140 122759 1
122759 52121 1
52121 30981 1
30981 147088 1
30981 84461 1
30981 74228 1
30981 95790 1
95790 36798 1
36798 139845 1
36798 85399 1
36798 111325 1
111325 90993 1
111325 87135 1
87135 8744 1
8744 51069 1
8744 66339 1
66339 35510 1
35510 84746 1
84746 31963 1
31963 146884 1
146884 6484 1
6484 18057 1
18057 97138 1
97138 127935 1
127935 99543 1
99543 87353 1
87353 2311 1
2311 94333 1
94333 7113 1
7113 37749 1
7113 20011 1
20011 66908 1
66908 38572 1
38572 47966 1
47966 33247 1
33247 142132 1
142132 117035 1
117035 26313 1
26313 37976 1
37976 134658 1
134658 56087 1
56087 114426 1
114426 65009 1
65009 95101 1
95101 2710 1
2710 61757 1
2710 87149 1
87149 68160 1
68160 139565 1
139565 73781 1
73781 103630 1
103630 81506 1
103630 141657 1
141657 85947 1
141657 61530 1
61530 51175 1
61530 90537 1
61530 69134 1
61530 8075 1
61530 14831 1
61530 117551 1
141657 54532 1
54532 143415 1
143415 120798 1
120798 20460 1
120798 23243 1
120798 7578 1
120798 140971 1
140971 74356 1
74356 40006 1
40006 121464 1
121464 137409 1
121464 154264 1
121464 844 1
121464 154401 1
121464 79431 1
121464 139790 1
121464 143953 1
121464 36988 1
121464 7272 1
7272 96588 1
7272 30228 1
7272 7295 1
7295 99279 1
99279 79730 1
79730 7390 1
79730 13547 1
13547 13860 1
13860 40567 1
40567 2945 1
2945 141571 1
141571 38383 1
38383 120666 1
120666 149785 1
149785 91929 1
91929 153897 1
153897 15456 1
15456 77310 1
77310 111466 1
111466 28138 1
28138 51758 1
51758 110978 1
51758 5329 1
51758 13232 1
51758 26051 1
51758 120067 1
13232 112489 1
112489 21472 1
112489 25539 1
25539 78711 1
78711 114080 1
114080 81908 1
81908 117216 1
117216 57594 1
57594 130783 1
130783 23783 1
23783 141828 1
141828 42052 1
42052 10394 1
42052 77208 1
77208 149408 1
77208 20548 1
20548 60074 1
60074 147222 1
147222 29919 1
29919 104165 1
104165 82101 1
82101 139117 1
139117 66496 1
66496 36109 1
36109 842 1
842 10900 1
10900 6131 1
6131 115843 1
115843 33440 1
115843 97425 1
97425 55035 1
55035 141750 1
55035 131646 1
55035 80386 1
80386 55842 1
55842 123462 1
123462 152192 1
152192 65892 1
65892 29417 1
29417 136049 1
136049 9431 1
9431 60884 1
60884 65590 1
65590 102932 1
102932 4961 1
4961 17322 1
17322 86721 1
86721 42147 1
42147 114832 1
114832 153230 1
114832 27082 1
114832 112252 1
112252 101144 1
101144 131351 1
131351 101447 1
101447 107945 1
107945 1342 1
1342 134272 1
134272 78257 1
78257 38136 1
38136 153296 1
153296 114594 1
153296 24525 1
153296 669 1
153296 129139 1
153296 14829 1
153296 842 1
842 41741 1
842 94734 1
94734 3792 1
3792 143081 1
143081 124163 1
124163 96890 1
96890 95236 1
96890 65890 1
65890 114473 1
114473 121903 1
121903 97811 1
121903 98012 1
121903 75584 1
121903 55220 1
121903 24642 1
121903 80853 1
80853 257 1
257 100625 1
257 75867 1
75867 23549 1
23549 129760 1
129760 148708 1
148708 80326 1
80326 103407 1
80326 105594 1
80326 148736 1
80326 5911 1
80326 37740 1
37740 10513 1
37740 52116 1
52116 68521 1
52116 2935 1
2935 143774 1
143774 4073 1
4073 49804 1
49804 93299 1
49804 89343 1
89343 54011 1
54011 14483 1
14483 87974 1
87974 115630 1
115630 989 1
989 8380 1
989 87770 1
989 119631 1
989 31252 1
989 103039 1
989 108681 1
108681 68762 1
68762 130780 1
68762 85292 1
85292 141779 1
141779 53177 1
141779 147380 1
147380 88184 1
88184 74029 1
74029 37658 1
37658 41425 1
41425 75687 1
75687 151378 1
75687 40902 1
40902 83895 1
83895 53402 1
53402 45673 1
45673 23711 1
23711 113815 1
23711 20491 1
23711 146875 1
23711 26038 1
23711 140792 1
23711 122539 1
23711 123497 1
23711 116290 1
23711 12418 1
146875 149972 1
149972 151139 1
151139 114738 1
114738 51253 1
51253 101941 1
101941 91497 1
91497 54059 1
54059 73457 1
73457 10249 1
10249 28109 1
28109 50759 1
50759 39540 1
39540 51339 1
51339 85405 1
51339 11672 1
51339 51346 1
51346 117402 1
117402 131033 1
131033 39045 1
39045 100371 1
100371 147734 1
147734 151151 1
147734 62502 1
62502 102434 1
102434 33694 1
102434 53100 1
102434 63009 1
63009 108279 1
108279 128725 1
128725 144223 1
144223 114655 1
114655 122910 1
122910 24281 1
24281 9879 1
9879 60880 1
60880 114313 1
114313 16452 1
16452 92840 1
92840 33623 1
92840 154136 1
154136 61362 1
61362 59930 1
59930 50981 1
50981 32152 1
32152 129747 1
129747 49501 1
49501 127550 1
127550 3144 1
3144 135508 1
135508 125169 1
125169 1089 1
1089 85720 1
85720 125954 1
125954 5719 1
125954 33765 1
125954 141884 1
125954 81263 1
125954 88508 1
88508 140665 1
88508 17440 1
17440 47673 1
47673 150738 1
47673 37705 1
37705 41289 1
41289 61542 1
61542 16712 1
16712 137980 1
137980 60857 1
60857 117786 1
117786 26305 1
26305 114562 1
26305 85536 1
26305 42282 1
42282 37279 1
37279 5445 1
37279 111389 1
111389 96191 1
96191 16763 1
16763 141693 1
141693 68865 1
68865 91334 1
91334 66030 1
66030 1273 1
1273 5271 1
5271 70932 1
70932 30734 1
30734 147099 1
147099 1500 1
1500 82633 1
82633 27063 1
82633 76442 1
76442 109309 1
109309 67382 1
67382 60329 1
67382 146653 1
67382 134958 1
134958 71759 1
71759 83956 1
83956 153894 1
153894 36001 1
36001 67574 1
67574 126017 1
67574 148882 1
67574 141197 1
141197 129147 1
129147 38694 1
38694 41323 1
41323 43945 1
41323 73078 1
73078 96737 1
96737 97987 1
97987 113763 1
113763 28734 1
28734 48171 1
48171 87678 1
48171 133757 1
48171 105880 1
48171 7527 1
48171 60793 1
48171 32045 1
32045 149242 1
149242 113027 1
113027 147443 1
147443 41450 1
41450 123222 1
41450 89159 1
89159 66947 1
66947 95908 1
95908 60587 1
95908 97564 1
95908 147467 1
147467 32872 1
32872 56649 1
56649 56302 1
56302 100983 1
100983 94678 1
94678 72328 1
72328 28886 1
28886 108888 1
108888 127886 1
127886 96094 1
96094 43752 1
43752 56101 1
56101 126473 1
126473 58712 1
58712 114694 1
114694 22329 1
114694 111297 1
111297 45327 1
45327 40390 1
40390 136787 1
40390 109180 1
40390 55107 1
55107 147822 1
147822 151197 1
147822 46450 1
46450 136816 1
136816 86936 1
86936 131610 1
86936 41653 1
41653 126210 1
126210 15430 1
15430 82226 1
82226 14634 1
14634 35240 1
14634 41507 1
14634 13915 1
13915 124820 1
124820 102868 1
102868 74299 1
74299 145438 1
145438 53321 1
145438 103040 1
145438 142253 1
145438 113974 1
113974 37937 1
37937 44733 1
37937 100817 1
113974 13026 1
13026 151108 1
151108 144450 1
144450 39844 1
39844 62846 1
62846 74785 1
62846 42121 1
62846 129297 1
62846 27693 1
62846 18426 1
62846 32964 1
74785 66495 1
66495 147986 1
147986 3267 1
3267 3647 1
3647 97880 1
97880 86868 1
86868 52880 1
52880 86241 1
86241 138946 1
86241 136306 1
136306 129344 1
129344 53198 1
129344 57871 1
57871 71832 1
71832 137162 1
137162 144308 1
144308 48900 1
48900 91582 1
91582 138999 1
138999 36157 1
36157 80541 1
80541 96519 1
96519 40047 1
40047 71668 1
71668 118977 1
118977 140932 1
140932 51519 1
51519 10355 1
10355 150012 1
150012 12547 1
150012 91476 1
91476 43270 1
43270 4600 1
43270 31224 1
31224 132302 1
31224 127723 1
127723 31958 1
31958 8203 1
8203 30634 1
30634 91743 1
91743 126494 1
126494 152473 1
152473 148321 1
148321 41763 1
41763 98263 1
98263 83858 1
83858 77443 1
77443 52057 1
52057 148034 1
148034 16429 1
16429 137332 1
16429 139216 1
139216 31728 1
31728 109891 1
109891 80997 1
80997 55027 1
80997 1856 1
80997 58914 1
58914 42353 1
42353 80571 1
80571 32520 1
32520 153606 1
153606 32140 1
32140 110167 1
32140 52734 1
52734 84269 1
84269 58438 1
58438 127585 1
58438 29919 1
29919 842 1
842 93664 1
93664 113639 1
113639 63485 1
63485 98964 1
98964 95105 1
95105 18644 1
18644 109394 1
18644 36774 1
18644 91346 1
91346 120313 1
120313 5018 1
5018 122693 1
122693 113406 1
122693 13789 1
122693 11219 1
122693 54206 1
122693 2879 1
122693 132448 1
132448 90606 1
132448 91859 1
91859 12983 1
12983 101778 1
101778 128969 1
128969 131596 1
131596 87509 1
87509 126262 1
126262 98026 1
98026 149571 1
149571 95690 1
149571 62390 1
62390 119279 1
119279 41958 1
41958 41823 1
41823 115840 1
115840 24992 1
24992 115806 1
115806 127131 1
127131 56175 1
127131 109013 1
109013 150497 1
150497 43398 1
43398 3907 1
43398 65323 1
65323 149274 1
149274 49006 1
149274 100446 1
100446 62456 1
62456 25385 1
25385 89285 1
25385 138167 1
138167 143587 1
143587 74273 1
143587 77348 1
77348 25235 1
25235 83367 1
83367 134686 1
134686 67601 1
67601 110525 1
67601 149607 1
67601 51599 1
51599 134958 1
134958 26352 1
26352 123540 1
26352 35048 1
26352 22234 1
22234 139134 1
139134 37212 1
139134 150400 1
150400 95456 1
95456 88917 1
95456 8093 1
8093 23226 1
23226 75492 1
75492 55613 1
55613 115455 1
55613 42888 1
42888 145058 1
145058 21403 1
145058 128336 1
145058 51164 1
145058 89578 1
145058 1972 1
145058 86940 1
145058 132110 1
132110 41282 1
41282 39039 1
39039 125723 1
125723 76017 1
76017 9010 1
9010 91605 1
91605 98554 1
98554 107951 1
98554 41777 1
98554 128572 1
128572 2849 1
2849 80390 1
80390 138802 1
138802 60589 1
60589 117071 1
117071 144961 1
144961 75681 1
144961 60074 1
60074 77208 1
77208 118526 1
118526 25393 1
25393 32045 1
32045 137734 1
137734 34669 1
34669 55393 1
55393 123606 1
123606 134199 1
134199 93956 1
134199 1179 1
134199 58668 1
134199 71787 1
134199 121959 1
121959 97926 1
97926 14647 1
14647 145440 1
145440 129197 1
145440 131008 1
131008 32325 1
32325 147916 1
147916 114370 1
114370 126469 1
126469 145031 1
145031 86170 1
86170 28736 1
28736 99332 1
28736 74949 1
28736 23871 1
23871 107224 1
107224 71290 1
71290 1377 1
1377 123943 1
123943 108954 1
108954 15611 1
108954 88306 1
88306 146884 1
146884 6974 1
6974 60049 1
60049 128596 1
128596 124512 1
124512 22141 1
22141 11915 1
11915 50669 1
50669 130692 1
130692 137225 1
137225 111057 1
137225 11122 1
11122 60924 1
60924 54079 1
54079 101986 1
101986 140158 1
140158 19291 1
19291 131847 1
131847 7462 1
7462 40271 1
40271 11735 1
40271 45518 1
45518 20643 1
45518 70420 1
70420 125300 1
125300 78412 1
125300 124714 1
124714 4076 1
4076 79172 1
79172 79663 1
79663 143045 1
143045 111921 1
143045 127073 1
143045 45903 1
45903 26579 1
26579 128945 1
128945 152287 1
152287 56971 1
152287 138743 1
152287 135533 1
135533 63240 1
63240 88830 1
63240 80830 1
63240 16268 1
16268 83532 1
83532 6795 1
6795 144949 1
144949 117601 1
144949 36642 1
144949 21275 1
144949 139418 1
139418 41185 1
41185 35954 1
35954 48205 1
48205 70381 1
70381 56897 1
56897 3876 1
56897 6124 1
6124 120544 1
120544 135877 1
135877 57565 1
57565 843 1
843 39135 1
39135 65440 1
65440 82787 1
82787 22340 1
22340 49418 1
49418 78490 1
78490 135191 1
135191 75600 1
135191 80836 1
80836 126469 1
126469 148321 1
41763 151041 1
41763 9281 1
41763 138140 1
138140 10448 1
10448 98062 1
98062 92632 1
92632 90119 1
90119 31900 1
31900 118012 1
118012 19724 1
19724 55340 1
55340 123763 1
123763 86299 1
123763 118653 1
123763 141962 1
123763 97866 1
97866 110161 1
110161 41315 1
41315 133092 1
133092 112731 1
133092 126395 1
126395 132847 1
132847 86317 1
132847 70814 1
70814 82508 1
70814 83110 1
83110 100817 1
37937 67502 1
67502 74731 1
74731 134116 1
134116 67588 1
67588 27056 1
27056 116373 1
27056 104469 1
104469 133503 1
133503 90092 1
133503 47515 1
133503 117563 1
117563 70859 1
70859 87131 1
70859 37313 1
70859 138204 1
117563 92028 1
92028 17911 1
17911 101073 1
101073 149913 1
101073 49314 1
101073 112514 1
112514 1798 1
1798 106501 1
1798 16452 1
16452 102715 1
102715 119000 1
119000 9035 1
9035 89212 1
89212 73149 1
73149 5202 1
73149 154756 1
154756 133110 1
133110 35241 1
35241 113727 1
113727 27215 1
27215 85319 1
27215 5052 1
5052 114694 1
114694 75121 1
75121 1725 1
1725 40501 1
40501 22189 1
22189 3348 1
22189 52548 1
52548 89045 1
89045 3885 1
3885 25447 1
25447 121561 1
121561 86358 1
86358 8722 1
8722 106714 1
106714 121561 1
121561 30963 1
121561 72872 1
121561 69024 1
69024 34690 1
34690 142517 1
142517 121561 1
121561 91663 1
91663 65263 1
65263 4806 1
4806 136602 1
4806 97016 1
97016 66108 1
66108 143929 1
66108 14877 1
14877 105675 1
105675 137236 1
137236 2311 1
94333 98017 1
