25511 97912 1
97912 77574 1
97912 102250 1
97912 5510 1
5510 54292 1
54292 142972 1
142972 145255 1
145255 121760 1
145255 42811 1
145255 121446 1
145255 67729 1
145255 42705 1
42705 141826 1
42705 57962 1
42705 123500 1
42705 111583 1
42705 128759 1
128759 26305 1
26305 47280 1
47280 130972 1
47280 69547 1
69547 46888 1
46888 27486 1
46888 129777 1
46888 100742 1
46888 50915 1
50915 136675 1
136675 120707 1
136675 133798 1
133798 99935 1
99935 116384 1
99935 19751 1
19751 39360 1
39360 73931 1
73931 142056 1
142056 114766 1
114766 150 1
150 33807 1
33807 63460 1
63460 101740 1
63460 1183 1
1183 29267 1
29267 80625 1
80625 101222 1
101222 42070 1
101222 15204 1
101222 110363 1
101222 62652 1
62652 297 1
297 94626 1
297 4170 1
297 71354 1
297 36688 1
297 33209 1
297 54064 1
54064 153599 1
153599 26742 1
26742 103206 1
103206 5779 1
103206 135864 1
103206 54434 1
103206 60511 1
103206 100362 1
100362 19248 1
19248 144681 1
19248 102923 1
19248 87465 1
87465 135370 1
135370 46270 1
135370 18540 1
135370 26656 1
26656 99099 1
99099 105918 1
105918 129118 1
129118 98699 1
98699 121270 1
121270 28710 1
28710 82240 1
82240 133587 1
133587 50293 1
133587 95349 1
133587 4932 1
4932 29012 1
133587 35841 1
35841 7708 1
7708 54035 1
54035 41569 1
41569 418 1
418 87478 1
87478 148656 1
148656 84354 1
84354 148035 1
84354 51426 1
51426 69670 1
69670 68937 1
69670 51044 1
51044 132024 1
132024 128620 1
128620 131043 1
131043 111701 1
111701 8638 1
8638 113584 1
113584 41986 1
41986 87255 1
87255 108758 1
108758 57766 1
57766 37694 1
37694 76233 1
76233 135195 1
135195 119514 1
135195 129703 1
135195 83824 1
135195 148414 1
135195 77239 1
135195 87612 1
87612 53736 1
53736 41932 1
41932 74906 1
41932 132015 1
41932 131454 1
41932 65069 1
41932 142923 1
142923 46442 1
46442 100862 1
46442 3963 1
3963 138802 1
138802 141383 1
141383 125844 1
125844 114395 1
125844 44778 1
44778 145349 1
145349 63824 1
63824 89540 1
63824 37999 1
63824 19730 1
19730 18527 1
18527 73493 1
73493 93511 1
93511 106632 1
93511 115875 1
93511 100432 1
100432 116118 1
116118 47886 1
47886 31946 1
31946 37068 1
47886 8147 1
8147 118133 1
8147 15488 1
8147 103465 1
103465 139942 1
103465 27481 1
103465 94425 1
103465 28941 1
103465 10154 1
103465 134920 1
103465 9888 1
103465 14839 1
103465 102741 1
103465 76416 1
103465 13832 1
13832 2720 1
2720 63279 1
2720 113033 1
2720 29834 1
29834 152026 1
152026 61748 1
61748 17816 1
61748 56655 1
56655 24330 1
24330 105836 1
24330 62322 1
62322 128969 1
128969 81797 1
81797 40915 1
40915 149422 1
40915 15899 1
40915 93644 1
93644 78118 1
78118 8325 1
8325 59009 1
59009 39229 1
59009 19617 1
59009 74870 1
59009 88620 1
59009 59184 1
59184 46219 1
46219 7272 1
7272 11322 1
11322 19751 1
19751 143101 1
143101 98236 1
98236 76642 1
76642 92734 1
92734 128569 1
128569 38163 1
128569 56312 1
128569 129652 1
128569 80614 1
128569 49042 1
128569 137276 1
129652 80025 1
80025 51092 1
51092 10541 1
10541 35195 1
35195 147693 1
147693 109827 1
109827 50169 1
50169 124113 1
124113 118941 1
118941 132241 1
132241 33000 1
33000 114548 1
33000 6774 1
33000 37483 1
37483 109161 1
109161 107873 1
107873 109758 1
109758 47156 1
47156 88123 1
88123 144152 1
88123 138515 1
138515 44117 1
44117 80139 1
44117 97592 1
44117 107681 1
107681 5739 1
5739 30191 1
30191 83916 1
30191 58323 1
58323 48589 1
48589 43193 1
48589 154651 1
48589 13303 1
48589 7272 1
7272 91640 1
91640 62944 1
62944 39041 1
39041 122561 1
122561 122523 1
122523 45391 1
45391 113943 1
113943 107120 1
107120 61696 1
61696 148234 1
61696 3163 1
3163 35251 1
35251 102326 1
102326 87012 1
102326 35930 1
35930 62154 1
62154 108142 1
108142 33930 1
108142 27204 1
108142 4365 1
108142 25860 1
108142 111160 1
111160 81627 1
81627 51788 1
51788 4438 1
4438 19256 1
19256 6861 1
6861 81181 1
6861 93043 1
93043 56949 1
56949 68746 1
68746 22756 1
22756 28473 1
28473 19595 1
28473 97608 1
97608 7762 1
7762 85288 1
7762 139987 1
7762 37510 1
7762 95501 1
95501 102472 1
102472 75438 1
102472 81064 1
102472 41274 1
102472 140379 1
140379 84269 1
84269 9690 1
9690 152322 1
152322 117920 1
117920 41055 1
41055 29947 1
29947 124002 1
124002 15955 1
15955 51724 1
51724 1862 1
1862 145593 1
145593 47421 1
47421 150779 1
47421 31261 1
31261 45075 1
31261 123025 1
123025 33288 1
33288 36269 1
33288 25637 1
33288 42935 1
42935 109124 1
42935 27337 1
42935 22165 1
22165 956 1
956 118729 1
956 43705 1
43705 95750 1
95750 153218 1
95750 63263 1
63263 14627 1
14627 88408 1
14627 38380 1
38380 43222 1
43222 123267 1
123267 123823 1
123823 112887 1
112887 98724 1
98724 2266 1
2266 138730 1
2266 110840 1
110840 112887 1
112887 25393 1
25393 48264 1
25393 101579 1
101579 105054 1
105054 42429 1
42429 60800 1
60800 25501 1
25501 44309 1
25501 137935 1
25501 129105 1
129105 21837 1
21837 5673 1
5673 37502 1
37502 132731 1
132731 146999 1
146999 97130 1
146999 87533 1
87533 39323 1
39323 90055 1
90055 54288 1
54288 89832 1
89832 20875 1
20875 150193 1
20875 109717 1
20875 36110 1
36110 64775 1
64775 90699 1
90699 75243 1
75243 51766 1
75243 93820 1
93820 135392 1
135392 27813 1
135392 113926 1
113926 114493 1
114493 57156 1
114493 90502 1
90502 154687 1
154687 136816 1
136816 25539 1
25539 10690 1
10690 63020 1
63020 26815 1
26815 18509 1
18509 92028 1
92028 117227 1
117227 9189 1
9189 59029 1
59029 63295 1
63295 129598 1
129598 115191 1
115191 126181 1
126181 26162 1
26162 153774 1
153774 95202 1
153774 66918 1
153774 28860 1
153774 46827 1
153774 73972 1
153774 135416 1
153774 79228 1
153774 100256 1
153774 52000 1
153774 81339 1
153774 84207 1
153774 151667 1
151667 54288 1
54288 38321 1
38321 40917 1
40917 144134 1
40917 154625 1
40917 102744 1
40917 91605 1
91605 42150 1
42150 54123 1
54123 96397 1
96397 46703 1
96397 48121 1
48121 123776 1
123776 46460 1
46460 87837 1
46460 48110 1
48110 11130 1
48110 91377 1
48110 60057 1
60057 123326 1
123326 151174 1
151174 67766 1
67766 118290 1
67766 101836 1
101836 53610 1
53610 42756 1
53610 120995 1
120995 61252 1
61252 85118 1
85118 8675 1
8675 87707 1
87707 148487 1
148487 14594 1
14594 118968 1
118968 5835 1
5835 62954 1
62954 7535 1
7535 128147 1
128147 64385 1
64385 911 1
911 115360 1
911 33415 1
911 32162 1
911 12823 1
911 67199 1
67199 124387 1
124387 84940 1
84940 46906 1
46906 42262 1
42262 104151 1
104151 10815 1
10815 99614 1
10815 137217 1
137217 8623 1
8623 134336 1
8623 141289 1
141289 66291 1
66291 26600 1
26600 121647 1
121647 75120 1
75120 24233 1
24233 122924 1
122924 17275 1
17275 8846 1
17275 122635 1
122635 147686 1
147686 22030 1
22030 32652 1
32652 92119 1
92119 151379 1
151379 111281 1
151379 119258 1
151379 126643 1
151379 101391 1
101391 133063 1
133063 52459 1
133063 39368 1
133063 18812 1
18812 66055 1
18812 92998 1
92998 39424 1
92998 46120 1
46120 70606 1
70606 11641 1
11641 12595 1
12595 100150 1
100150 68179 1
100150 79113 1
100150 90666 1
100150 84205 1
100150 33561 1
100150 81630 1
81630 106097 1
106097 107740 1
107740 107812 1
107812 47087 1
47087 131033 1
131033 108308 1
108308 35996 1
35996 32684 1
32684 63174 1
63174 102116 1
102116 5755 1
5755 46517 1
46517 136957 1
46517 133227 1
133227 22309 1
22309 55789 1
22309 131278 1
22309 81525 1
22309 98767 1
22309 123594 1
22309 150297 1
150297 60048 1
60048 22910 1
60048 93881 1
93881 73797 1
73797 118798 1
118798 86276 1
86276 42435 1
42435 2881 1
2881 128055 1
128055 150216 1
128055 104857 1
104857 17317 1
104857 53321 1
53321 62383 1
62383 132258 1
132258 46771 1
132258 104111 1
62383 135502 1
135502 64226 1
64226 148601 1
64226 41195 1
64226 66461 1
64226 47406 1
47406 71214 1
71214 4957 1
4957 98146 1
98146 150223 1
150223 131395 1
131395 128641 1
128641 96472 1
96472 99660 1
99660 51833 1
51833 75949 1
75949 30796 1
30796 144629 1
144629 74375 1
74375 81968 1
81968 9948 1
9948 133187 1
9948 74461 1
74461 45277 1
74461 4023 1
4023 41289 1
41289 78188 1
78188 11646 1
78188 20458 1
78188 46433 1
46433 39045 1
39045 116850 1
116850 61731 1
116850 27339 1
27339 91646 1
91646 107021 1
107021 46329 1
46329 140824 1
46329 138758 1
138758 47899 1
47899 86834 1
47899 40198 1
40198 83028 1
40198 42515 1
40198 87810 1
87810 122244 1
122244 39695 1
39695 109939 1
109939 30657 1
109939 57800 1
57800 80104 1
80104 41415 1
41415 32260 1
32260 81485 1
81485 131168 1
131168 47261 1
47261 97018 1
47261 69663 1
47261 119249 1
47261 141515 1
69663 97651 1
97651 77096 1
77096 129584 1
77096 4846 1
77096 35617 1
77096 134452 1
77096 61274 1
77096 59036 1
59036 18542 1
59036 137061 1
137061 52428 1
52428 73647 1
73647 77332 1
77332 103892 1
77332 89747 1
77332 113891 1
113891 125880 1
125880 95920 1
125880 107403 1
107403 112265 1
107403 125408 1
125408 74776 1
74776 23400 1
23400 152833 1
152833 38076 1
152833 38345 1
38345 10817 1
10817 11375 1
11375 150913 1
150913 95884 1
150913 73812 1
73812 59029 1
59029 107224 1
107224 125246 1
125246 73270 1
73270 73037 1
73037 101580 1
73037 45293 1
45293 50444 1
50444 11025 1
50444 77242 1
77242 150053 1
150053 70001 1
70001 34880 1
34880 98940 1
34880 99502 1
34880 34283 1
34283 44419 1
44419 2311 1
2311 143045 1
143045 108954 1
108954 17602 1
17602 115852 1
115852 17153 1
17153 4651 1
115852 96752 1
115852 8811 1
115852 130800 1
130800 135736 1
135736 903 1
135736 1377 1
1377 94582 1
1377 3763 1
3763 74461 1
74461 103428 1
103428 42858 1
42858 75162 1
75162 66104 1
66104 65047 1
65047 136804 1
65047 135314 1
135314 154460 1
154460 140645 1
154460 53080 1
53080 49767 1
49767 146601 1
146601 16484 1
16484 73200 1
73200 144490 1
144490 127778 1
127778 120942 1
144490 41425 1
41425 28736 1
28736 140182 1
140182 102398 1
102398 33890 1
102398 53443 1
102398 130391 1
102398 104538 1
104538 91447 1
91447 86108 1
86108 85797 1
85797 1089 1
1089 34083 1
1089 71155 1
1089 85720 1
85720 125954 1
125954 7027 1
125954 22341 1
22341 48115 1
48115 17204 1
48115 11818 1
48115 15520 1
48115 76431 1
48115 149941 1
48115 140126 1
140126 52999 1
52999 50729 1
52999 16249 1
52999 29403 1
52999 3747 1
52999 1597 1
1597 125151 1
125151 122648 1
122648 83411 1
83411 123463 1
123463 130488 1
130488 94481 1
94481 131936 1
131936 114694 1
114694 53239 1
114694 22669 1
22669 70176 1
70176 54111 1
54111 71290 1
71290 140087 1
140087 5181 1
5181 132532 1
132532 937 1
937 29554 1
29554 22610 1
29554 98321 1
29554 132272 1
132272 48775 1
48775 136940 1
136940 123657 1
123657 31461 1
31461 97000 1
97000 46073 1
46073 133454 1
133454 4335 1
4335 57012 1
4335 79315 1
79315 123118 1
123118 7116 1
7116 31165 1
7116 70015 1
7116 23087 1
23087 64775 1
64775 132296 1
132296 119683 1
119683 60060 1
60060 9534 1
9534 31185 1
31185 132250 1
31185 45313 1
45313 41423 1
41423 144921 1
144921 154223 1
154223 97533 1
154223 2967 1
154223 146558 1
154223 28674 1
154223 49429 1
154223 37803 1
37803 13163 1
13163 70932 1
70932 28604 1
28604 55384 1
28604 40095 1
40095 110953 1
110953 44874 1
44874 110128 1
110128 105025 1
105025 3061 1
3061 152661 1
152661 59111 1
59111 117344 1
117344 6777 1
6777 24044 1
24044 81872 1
81872 46077 1
46077 64325 1
46077 108630 1
46077 65280 1
46077 20744 1
20744 69237 1
20744 54405 1
54405 53026 1
53026 98900 1
53026 145028 1
145028 21786 1
21786 19308 1
19308 134138 1
134138 93777 1
134138 35769 1
134138 129266 1
134138 106632 1
106632 36992 1
36992 1845 1
1845 61231 1
61231 60260 1
60260 1950 1
60260 65400 1
65400 111466 1
111466 116048 1
116048 16597 1
16597 24760 1
24760 81456 1
81456 49515 1
81456 24693 1
24693 13457 1
13457 104598 1
104598 134158 1
134158 88636 1
88636 35884 1
35884 135801 1
135801 135370 1
135370 145373 1
145373 68092 1
68092 140852 1
68092 70182 1
70182 49104 1
49104 143101 1
143101 3201 1
143101 29754 1
143101 88941 1
88941 20875 1
20875 11177 1
11177 149874 1
149874 55218 1
149874 76014 1
76014 135704 1
135704 43928 1
43928 96865 1
43928 96985 1
96985 24789 1
24789 154184 1
154184 21185 1
21185 49019 1
49019 85987 1
85987 86208 1
86208 23124 1
23124 124714 1
124714 9879 1
9879 79688 1
9879 38799 1
38799 62933 1
62933 470 1
62933 127205 1
127205 57831 1
127205 98983 1
98983 30458 1
30458 82609 1
82609 148081 1
148081 77327 1
77327 72424 1
72424 126744 1
126744 132754 1
126744 114292 1
126744 154442 1
126744 129855 1
126744 91346 1
91346 30794 1
30794 61366 1
30794 118628 1
118628 32477 1
118628 56139 1
56139 50258 1
50258 62993 1
62993 88508 1
88508 25139 1
25139 51724 1
51724 89159 1
89159 43435 1
43435 87255 1
87255 115465 1
115465 26578 1
26578 33054 1
26578 98043 1
26578 129147 1
129147 96283 1
129147 141197 1
129147 153968 1
153968 51219 1
51219 99998 1
99998 9028 1
9028 14025 1
14025 86634 1
14025 10905 1
10905 141574 1
141574 66192 1
141574 53420 1
10905 140179 1
140179 6197 1
140179 32247 1
32247 97060 1
97060 29815 1
29815 99253 1
99253 113461 1
99253 122099 1
122099 30748 1
30748 99266 1
99266 137286 1
137286 97753 1
137286 110045 1
137286 137368 1
137368 132703 1
132703 58432 1
58432 99320 1
99320 9488 1
9488 150053 1
150053 41934 1
41934 7533 1
7533 122099 1
122099 67290 1
67290 79018 1
79018 48954 1
48954 35568 1
35568 28484 1
28484 88411 1
88411 95043 1
95043 14791 1
95043 108284 1
108284 42376 1
42376 144879 1
144879 101904 1
101904 113238 1
101904 59362 1
101904 39624 1
39624 71957 1
71957 113539 1
113539 57162 1
57162 124163 1
124163 19494 1
19494 26663 1
26663 135565 1
135565 81294 1
81294 57591 1
57591 51772 1
51772 114301 1
114301 843 1
843 24375 1
843 37601 1
37601 125103 1
125103 41412 1
41412 94956 1
94956 96170 1
96170 101932 1
101932 102403 1
101932 96808 1
96808 67827 1
67827 90957 1
90957 147361 1
147361 18404 1
147361 3660 1
147361 12953 1
12953 41674 1
41674 70975 1
41674 82254 1
41674 145209 1
41674 23540 1
41674 136968 1
136968 8257 1
8257 72087 1
8257 93582 1
8257 54304 1
8257 49621 1
136968 66664 1
66664 51929 1
51929 77656 1
77656 97367 1
97367 137664 1
137664 104538 1
104538 135551 1
135551 101534 1
101534 113973 1
113973 8145 1
8145 97954 1
97954 42429 1
60800 95661 1
95661 8729 1
95661 145791 1
95661 124105 1
95661 54174 1
54174 97060 1
97060 126322 1
97060 10828 1
97060 82326 1
82326 9515 1
9515 131154 1
9515 139126 1
9515 49954 1
9515 115514 1
9515 33854 1
9515 69278 1
9515 1579 1
49954 19717 1
19717 24470 1
24470 88012 1
88012 13417 1
24470 26952 1
26952 122635 1
122635 18200 1
18200 86628 1
86628 66193 1
66193 143081 1
143081 4427 1
4427 82146 1
82146 119599 1
119599 115693 1
119599 109020 1
109020 126005 1
126005 81775 1
126005 54111 1
54111 60601 1
60601 6172 1
6172 66495 1
66495 122518 1
122518 63371 1
122518 154531 1
122518 61617 1
61617 123575 1
123575 22055 1
22055 96502 1
22055 112566 1
22055 97536 1
97536 22682 1
22682 51959 1
51959 99877 1
99877 115655 1
99877 141899 1
141899 32139 1
32139 121647 1
121647 1975 1
1975 121345 1
121345 81558 1
81558 143600 1
143600 34236 1
34236 142887 1
142887 80612 1
80612 99926 1
99926 131930 1
131930 120693 1
120693 146592 1
146592 7973 1
7973 91033 1
91033 131095 1
131095 87509 1
87509 110601 1
87509 81630 1
81630 1044 1
81630 110694 1
106097 151773 1
106097 16452 1
16452 62933 1
62933 41653 1
41653 98439 1
98439 73270 1
73270 59068 1
59068 127958 1
59068 127587 1
127587 82871 1
82871 58992 1
58992 128120 1
128120 43259 1
43259 32961 1
32961 7943 1
32961 101432 1
101432 26890 1
26890 17643 1
26890 15233 1
15233 71640 1
71640 31754 1
31754 61584 1
61584 4076 1
4076 37106 1
37106 44682 1
44682 4598 1
4598 138736 1
138736 99004 1
99004 110451 1
110451 96733 1
110451 39844 1
39844 66710 1
66710 61628 1
66710 76166 1
76166 35255 1
35255 4237 1
35255 20186 1
35255 87145 1
87145 10006 1
10006 153255 1
153255 71289 1
153255 136397 1
136397 44499 1
44499 35119 1
44499 113338 1
44499 114399 1
44499 79728 1
44499 133637 1
44499 8245 1
44499 135981 1
135981 40126 1
40126 82145 1
82145 125658 1
125658 33612 1
33612 9969 1
33612 8608 1
8608 91000 1
91000 100150 1
100150 44999 1
100150 23345 1
23345 126483 1
126483 63590 1
63590 74643 1
74643 115371 1
115371 12311 1
115371 68255 1
68255 54386 1
54386 15103 1
15103 40006 1
40006 88183 1
88183 114698 1
114698 83411 1
83411 9011 1
83411 106462 1
83411 83739 1
83739 57432 1
57432 115007 1
115007 28825 1
28825 71294 1
28825 144334 1
28825 76055 1
76055 136738 1
136738 139631 1
136738 82575 1
82575 70026 1
70026 92886 1
92886 26760 1
26760 78789 1
78789 98208 1
98208 14473 1
14473 97632 1
97632 18200 1
18200 142246 1
18200 115999 1
115999 99992 1
99992 40040 1
99992 133561 1
133561 104593 1
104593 117669 1
104593 138111 1
104593 46597 1
104593 106196 1
104593 38017 1
38017 115561 1
115561 25633 1
115561 42918 1
42918 83757 1
83757 22446 1
22446 154015 1
154015 74808 1
74808 39499 1
39499 90119 1
90119 134240 1
134240 58876 1
58876 134074 1
134074 124596 1
134074 82624 1
82624 95798 1
95798 23602 1
95798 110911 1
95798 63191 1
23602 94734 1
94734 60006 1
60006 45503 1
45503 1992 1
1992 133750 1
133750 9999 1
9999 18018 1
18018 116048 1
116048 62859 1
62859 1679 1
1679 60006 1
60006 17971 1
17971 54261 1
54261 54813 1
54261 70105 1
54261 133778 1
133778 25687 1
25687 68160 1
68160 2700 1
68160 59903 1
59903 2710 1
2710 25236 1
25236 46685 1
46685 50094 1
50094 54225 1
50094 40518 1
40518 50698 1
50698 107122 1
107122 145125 1
145125 104538 1
104538 83857 1
104538 11713 1
104538 54345 1
54345 81696 1
54345 66013 1
66013 13547 1
13547 56319 1
56319 130701 1
130701 55263 1
130701 4598 1
4598 38383 1
38383 120464 1
120464 90838 1
120464 121634 1
120464 93974 1
120464 10328 1
120464 113966 1
113966 145744 1
113966 76792 1
76792 78125 1
78125 114722 1
114722 82380 1
82380 105713 1
105713 40693 1
105713 137665 1
137665 49024 1
137665 70412 1
70412 23226 1
23226 103505 1
103505 36199 1
36199 49578 1
36199 89860 1
89860 110520 1
110520 138190 1
138190 38128 1
38128 92291 1
92291 30215 1
92291 129756 1
129756 127276 1
127276 102545 1
102545 110840 1
110840 97838 1
97838 110122 1
110122 151100 1
151100 14314 1
14314 79934 1
14314 70376 1
14314 16998 1
14314 20357 1
20357 96642 1
96642 989 1
14314 143497 1
14314 44414 1
44414 1045 1
1045 146991 1
146991 58444 1
146991 107315 1
146991 78246 1
78246 64302 1
64302 127822 1
127822 32140 1
32140 117964 1
117964 83971 1
83971 43911 1
43911 132510 1
43911 50570 1
50570 22449 1
22449 44764 1
22449 79644 1
79644 83474 1
83474 27594 1
83474 117975 1
117975 10569 1
117975 142165 1
117975 66486 1
66486 137231 1
137231 68661 1
66486 65356 1
65356 56690 1
56690 11850 1
11850 88697 1
88697 41958 1
41958 60498 1
60498 10820 1
60498 87995 1
60498 32598 1
32598 130316 1
130316 17246 1
17246 27922 1
17246 52519 1
52519 95562 1
95562 116083 1
116083 76852 1
76852 42353 1
42353 46811 1
46811 123354 1
123354 78132 1
78132 140169 1
140169 22594 1
140169 43784 1
140169 30581 1
140169 93922 1
93922 125536 1
125536 103196 1
103196 44173 1
44173 99819 1
99819 88783 1
88783 73940 1
88783 115635 1
88783 72145 1
88783 87831 1
88783 133144 1
133144 28257 1
28257 5788 1
28257 126252 1
28257 139654 1
28257 84607 1
28257 133787 1
28257 70133 1
28257 141080 1
141080 65593 1
65593 87255 1
87255 60399 1
60399 145245 1
60399 99004 1
99004 116796 1
116796 146884 1
146884 104143 1
104143 7588 1
7588 153640 1
153640 28115 1
28115 150585 1
150585 46813 1
46813 126005 1
126005 48093 1
48093 97555 1
97555 152664 1
152664 47275 1
47275 43850 1
43850 17270 1
17270 227 1
227 61730 1
61730 145420 1
61730 106573 1
61730 88436 1
145420 68886 1
68886 6444 1
61730 68770 1
68770 48950 1
48950 62995 1
62995 376 1
376 89231 1
89231 7693 1
7693 1496 1
7693 18753 1
18753 56492 1
56492 150955 1
150955 135044 1
135044 29984 1
29984 47844 1
47844 108690 1
108690 70093 1
70093 117034 1
70093 145959 1
145959 21418 1
21418 90219 1
21418 111818 1
21418 20505 1
20505 146710 1
146710 130813 1
130813 90215 1
90215 99004 1
99004 14218 1
14218 44605 1
44605 26352 1
26352 67018 1
26352 123540 1
26352 136738 1
136738 70170 1
70170 113591 1
113591 70526 1
70526 101152 1
101152 79595 1
79595 70176 1
70176 84977 1
84977 112817 1
112817 114685 1
112817 40006 1
40006 152628 1
152628 107797 1
107797 138729 1
138729 123579 1
123579 43643 1
43643 19992 1
19992 130783 1
130783 99006 1
99006 54473 1
54473 94650 1
94650 52635 1
94650 90771 1
90771 107268 1
107268 104254 1
104254 56276 1
104254 62754 1
62754 26383 1
26383 19180 1
26383 3222 1
3222 67125 1
67125 13906 1
13906 94248 1
94248 112746 1
112746 137592 1
137592 153006 1
153006 54512 1
54512 35299 1
54512 10212 1
10212 1015 1
1015 123424 1
1015 140084 1
1015 106091 1
106091 151396 1
151396 956 1
956 52485 1
52485 140140 1
140140 63465 1
140140 32807 1
140140 115500 1
140140 55276 1
140140 154153 1
154153 85504 1
85504 57357 1
57357 23531 1
23531 142603 1
142603 147550 1
23531 126308 1
126308 123699 1
126308 71375 1
71375 35879 1
35879 145161 1
145161 93962 1
93962 842 1
842 133913 1
133913 107194 1
107194 93720 1
93720 50747 1
50747 47837 1
47837 59899 1
59899 21355 1
21355 13941 1
13941 86437 1
86437 68495 1
68495 25173 1
25173 131226 1
131226 149815 1
131226 104649 1
104649 85804 1
85804 56551 1
56551 135736 1
135736 20827 1
20827 80104 1
80104 122480 1
80104 66104 1
66104 66226 1
66226 153006 1
153006 132604 1
132604 100844 1
132604 93971 1
132604 54257 1
54257 50694 1
50694 126264 1
126264 4158 1
126264 62954 1
62954 152945 1
152945 38572 1
38572 45451 1
45451 87570 1
87570 142619 1
87570 131417 1
131417 17313 1
17313 18199 1
18199 59184 1
59184 149747 1
149747 18169 1
149747 109439 1
149747 12366 1
12366 22301 1
22301 70751 1
70751 89084 1
89084 4199 1
4199 62215 1
62215 39549 1
62215 22827 1
22827 58829 1
58829 150277 1
58829 33174 1
33174 45035 1
45035 147174 1
147174 49482 1
147174 115791 1
115791 125938 1
125938 118388 1
118388 97225 1
97225 101566 1
97225 17809 1
17809 18746 1
17809 77240 1
17809 59155 1
17809 67717 1
67717 100076 1
100076 140129 1
140129 52848 1
52848 93306 1
93306 114517 1
114517 31946 1
31946 90665 1
31946 90937 1
90937 137469 1
137469 44770 1
44770 65000 1
65000 67716 1
65000 121676 1
65000 101909 1
101909 18579 1
65000 139565 1
139565 1392 1
1392 72409 1
72409 145473 1
145473 46166 1
46166 122635 1
122635 110702 1
110702 39832 1
39832 46099 1
46099 99037 1
99037 19773 1
19773 46819 1
46819 92008 1
92008 8218 1
8218 58970 1
58970 125920 1
58970 19403 1
58970 105364 1
105364 27525 1
105364 6711 1
6711 18812 1
18812 117782 1
18812 22756 1
22756 50877 1
22756 153591 1
18812 122913 1
122913 77818 1
122913 6231 1
122913 2849 1
2849 142043 1
2849 103402 1
103402 93736 1
93736 2154 1
93736 107163 1
107163 142700 1
142700 67992 1
67992 76482 1
76482 148809 1
148809 128154 1
128154 148321 1
148321 114300 1
114300 94153 1
114300 16314 1
114300 103084 1
103084 49571 1
49571 58002 1
58002 3718 1
3718 60664 1
60664 91916 1
91916 46224 1
46224 7522 1
7522 113114 1
7522 54669 1
7522 48581 1
48581 558 1
558 106076 1
106076 118901 1
118901 6834 1
6834 122695 1
6834 145772 1
6834 12394 1
12394 93080 1
93080 71843 1
71843 32215 1
32215 92097 1
92097 145473 1
145473 53784 1
145473 12258 1
12258 70543 1
70543 86170 1
86170 28736 1
28736 145459 1
145459 75867 1
75867 38383 1
38383 5552 1
5552 18894 1
18894 47469 1
47469 64558 1
64558 95058 1
64558 2715 1
47469 131908 1
131908 101851 1
101851 116355 1
116355 82289 1
116355 56994 1
56994 9654 1
9654 69287 1
9654 126621 1
9654 71692 1
9654 20814 1
20814 99981 1
99981 17937 1
99981 65153 1
99981 92975 1
99981 135396 1
99981 5557 1
5557 18771 1
5557 119716 1
119716 135825 1
119716 131847 1
131847 89770 1
89770 46981 1
89770 37587 1
37587 7096 1
7096 11850 1
11850 32237 1
32237 87750 1
87750 77785 1
77785 84092 1
84092 110683 1
84092 134414 1
84092 39768 1
39768 49153 1
49153 14640 1
49153 68026 1
49153 100793 1
49153 45320 1
49153 112657 1
112657 90079 1
90079 149933 1
90079 63130 1
63130 132674 1
132674 130055 1
132674 81026 1
81026 90398 1
90398 75949 1
75949 148776 1
148776 7113 1
7113 8247 1
8247 120816 1
120816 78714 1
120816 70294 1
70294 30413 1
30413 154400 1
154400 119230 1
119230 133903 1
133903 20911 1
133903 39265 1
39265 124112 1
124112 58640 1
58640 122400 1
122400 148210 1
122400 134470 1
122400 128407 1
122400 85359 1
85359 135168 1
135168 121605 1
135168 17194 1
17194 36943 1
36943 99107 1
99107 83585 1
99107 84334 1
84334 48309 1
48309 87509 1
87509 151802 1
151802 132822 1
151802 62820 1
62820 113217 1
113217 58823 1
58823 51763 1
51763 11749 1
11749 154391 1
11749 25499 1
11749 29554 1
29554 122924 1
122924 47469 1
122924 56996 1
56996 140374 1
140374 95535 1
95535 52100 1
52100 99465 1
52100 22004 1
52100 69537 1
52100 71375 1
71375 86526 1
71375 122917 1
71375 30880 1
30880 149073 1
149073 109043 1
109043 68242 1
68242 81986 1
81986 110639 1
110639 129760 1
129760 10331 1
10331 39714 1
10331 63009 1
63009 64195 1
64195 25828 1
25828 101152 1
101152 107713 1
107713 14742 1
14742 148274 1
14742 151954 1
14742 114596 1
114596 24577 1
24577 60089 1
60089 120835 1
120835 36320 1
120835 33852 1
33852 102116 1
102116 121530 1
121530 51276 1
51276 134383 1
51276 152329 1
152329 23637 1
23637 106218 1
106218 59426 1
59426 42448 1
42448 107753 1
107753 118362 1
118362 121561 1
121561 126219 1
126219 150767 1
150767 29411 1
29411 17231 1
17231 90587 1
17231 44749 1
44749 57016 1
44749 82221 1
44749 122486 1
44749 12976 1
12976 21908 1
21908 27705 1
27705 72517 1
27705 59836 1
59836 69958 1
69958 140691 1
69958 60634 1
69958 101144 1
101144 116963 1
101144 112252 1
112252 114832 1
114832 143186 1
143186 96549 1
96549 81332 1
81332 74261 1
81332 17565 1
17565 96908 1
96908 2103 1
2103 7421 1
7421 79368 1
79368 51779 1
79368 65749 1
65749 131758 1
131758 44008 1
44008 132324 1
132324 60260 1
60260 103428 1
103428 143210 1
143210 116302 1
143210 48900 1
48900 11122 1
11122 56952 1
56952 130690 1
130690 146356 1
146356 55615 1
55615 50411 1
55615 41061 1
41061 71776 1
71776 131315 1
71776 154381 1
154381 56776 1
56776 13873 1
13873 45802 1
45802 76812 1
76812 153247 1
153247 99181 1
153247 143725 1
153247 42293 1
153247 22780 1
22780 52944 1
52944 42074 1
42074 94137 1
94137 117605 1
117605 20400 1
20400 41185 1
41185 7887 1
7887 105532 1
7887 79984 1
79984 32436 1
32436 87889 1
87889 481 1
87889 37099 1
37099 76450 1
76450 87889 1
87889 4677 1
87889 135220 1
135220 29305 1
29305 96100 1
29305 72592 1
72592 23158 1
23158 118787 1
118787 110510 1
110510 118149 1
110510 149290 1
110510 140027 1
140027 136945 1
136945 150850 1
150850 31946 1
31946 10282 1
10282 95714 1
95714 3957 1
3957 144299 1
3957 64368 1
64368 870 1
870 105732 1
870 125500 1
870 63471 1
63471 50770 1
50770 36614 1
36614 48045 1
48045 22085 1
22085 130888 1
130888 53150 1
53150 129299 1
129299 106994 1
106994 140010 1
106994 103337 1
103337 126473 1
126473 113891 1
113891 125844 1
125844 70145 1
125844 81245 1
125844 32140 1
32140 38924 1
38924 154796 1
38924 145643 1
145643 46341 1
46341 96096 1
96096 150117 1
150117 128156 1
150117 146884 1
146884 85396 1
85396 119279 1
119279 148037 1
119279 74573 1
74573 63183 1
74573 92910 1
74573 108917 1
108917 62167 1
62167 6049 1
62167 136739 1
62167 20509 1
62167 43680 1
62167 24952 1
62167 50606 1
62167 5773 1
5773 152599 1
152599 64705 1
64705 19165 1
19165 20854 1
20854 71359 1
71359 12078 1
12078 81908 1
81908 8078 1
8078 108909 1
108909 25104 1
108909 125946 1
108909 114574 1
114574 99254 1
114574 65330 1
114574 115843 1
115843 136841 1
136841 39777 1
136841 152824 1
136841 42148 1
42148 83213 1
83213 74793 1
74793 90630 1
90630 58698 1
58698 138970 1
138970 41821 1
41821 40518 1
40518 62420 1
62420 137665 1
137665 14652 1
14652 72874 1
72874 12644 1
72874 108060 1
72874 118983 1
118983 115166 1
118983 7446 1
118983 95228 1
95228 68747 1
95228 61960 1
61960 116327 1
116327 49255 1
116327 25086 1
116327 68642 1
116327 97752 1
116327 77694 1
116327 75121 1
75121 66707 1
66707 118104 1
118104 128998 1
128998 31791 1
31791 10989 1
10989 122975 1
122975 38863 1
38863 58999 1
58999 64215 1
64215 43360 1
64215 78809 1
64215 70505 1
43360 80622 1
80622 9414 1
80622 33897 1
33897 147147 1
147147 141657 1
141657 26526 1
26526 65787 1
65787 2480 1
65787 60677 1
65787 12282 1
12282 98798 1
98798 89560 1
89560 11975 1
11975 128409 1
11975 61779 1
61779 95212 1
95212 60038 1
60038 71183 1
71183 53624 1
71183 86277 1
86277 107135 1
107135 44083 1
44083 112942 1
112942 71731 1
71731 65324 1
71731 72744 1
71731 139095 1
71731 141815 1
141815 28815 1
28815 154374 1
154374 89641 1
89641 143567 1
143567 91772 1
91772 95687 1
95687 132445 1
95687 98240 1
98240 71141 1
98240 61348 1
98240 40193 1
40193 110127 1
110127 78048 1
78048 132689 1
78048 5266 1
5266 96737 1
96737 110157 1
96737 145659 1
145659 16443 1
16443 92547 1
16443 98136 1
98136 4335 1
4335 24093 1
24093 7551 1
7551 35610 1
7551 115641 1
115641 16925 1
16925 143096 1
143096 108866 1
108866 68951 1
108866 117088 1
108866 14436 1
14436 61985 1
61985 99548 1
99548 140350 1
140350 123912 1
123912 115092 1
115092 135339 1
135339 24150 1
24150 68859 1
68859 147167 1
147167 12755 1
147167 70348 1
147167 70474 1
70474 57594 1
57594 114655 1
114655 61844 1
61844 87257 1
87257 20469 1
20469 8218 1
8218 80832 1
8218 143494 1
143494 125891 1
125891 81208 1
81208 103710 1
103710 96386 1
96386 113966 1
113966 50094 1
50094 136816 1
136816 91743 1
91743 35996 1
35996 26579 1
26579 16949 1
26579 154259 1
154259 2750 1
2750 46055 1
2750 25402 1
25402 25418 1
25418 98629 1
25418 17216 1
17216 91715 1
91715 45509 1
91715 45081 1
91715 26349 1
91715 24740 1
91715 145748 1
91715 80999 1
80999 4492 1
80999 106245 1
106245 120458 1
120458 12078 1
12078 100432 1
100432 79076 1
79076 40927 1
79076 60911 1
60911 118850 1
60911 102453 1
102453 71631 1
71631 70203 1
70203 62860 1
62860 143305 1
143305 92539 1
92539 97926 1
97926 21624 1
21624 85614 1
85614 22777 1
22777 130219 1
130219 90131 1
130219 137937 1
137937 82978 1
82978 118135 1
118135 114498 1
118135 101347 1
101347 83367 1
83367 74237 1
74237 99981 1
99981 20760 1
20760 41164 1
20760 104740 1
104740 13733 1
13733 138944 1
138944 70664 1
70664 31958 1
31958 107812 1
107812 51784 1
51784 52386 1
52386 52536 1
52536 124143 1
52536 101550 1
101550 60043 1
60043 60050 1
60050 7902 1
60050 18103 1
18103 51697 1
51697 120708 1
120708 16767 1
16767 12485 1
12485 74480 1
74480 52970 1
52970 36233 1
36233 75949 1
75949 77656 1
77656 103660 1
77656 35963 1
35963 8725 1
8725 18589 1
18589 103632 1
18589 140789 1
140789 144691 1
144691 44110 1
44110 100994 1
100994 28776 1
28776 67125 1
67125 149875 1
67125 37694 1
37694 89256 1
89256 64995 1
64995 105172 1
64995 12729 1
12729 57066 1
57066 71290 1
71290 141051 1
141051 73647 1
