660 115899 1
115899 6443 1
6443 127643 1
127643 112196 1
127643 24802 1
127643 40556 1
40556 135848 1
135848 114722 1
114722 1655 1
1655 44142 1
44142 59049 1
59049 51772 1
51772 47578 1
47578 24077 1
24077 14849 1
24077 98598 1
98598 48870 1
48870 119350 1
119350 136880 1
136880 78887 1
78887 148141 1
78887 82213 1
82213 69104 1
69104 151376 1
69104 116855 1
69104 32520 1
32520 131747 1
32520 143568 1
32520 119099 1
119099 48609 1
48609 38617 1
48609 45230 1
48609 63295 1
63295 54123 1
54123 106066 1
106066 130488 1
130488 45124 1
45124 60911 1
60911 114988 1
114988 109039 1
109039 9745 1
9745 41075 1
9745 117079 1
117079 55561 1
55561 59211 1
55561 103215 1
55561 76801 1
76801 16126 1
16126 130294 1
130294 113623 1
113623 12739 1
12739 28664 1
12739 109641 1
109641 100027 1
100027 122735 1
100027 25574 1
109641 50574 1
50574 101505 1
101505 3957 1
3957 15434 1
15434 100432 1
100432 313 1
313 107963 1
107963 64866 1
64866 12416 1
12416 135339 1
135339 32937 1
32937 12443 1
32937 51140 1
51140 37303 1
37303 135254 1
135254 130878 1
130878 2086 1
2086 9654 1
9654 129626 1
129626 13169 1
13169 12169 1
12169 107963 1
107963 106321 1
106321 154721 1
154721 55153 1
55153 56309 1
56309 10144 1
10144 31925 1
31925 34461 1
34461 100683 1
100683 98070 1
98070 46460 1
46460 63033 1
63033 37298 1
37298 107979 1
107979 68956 1
107979 99313 1
107979 27137 1
27137 3438 1
3438 76862 1
76862 106245 1
106245 129028 1
129028 52424 1
52424 143703 1
143703 100060 1
100060 14371 1
14371 103979 1
14371 71702 1
71702 27425 1
27425 151982 1
151982 5633 1
151982 109713 1
151982 61303 1
151982 107012 1
107012 21607 1
21607 66108 1
66108 113689 1
113689 93377 1
113689 71661 1
71661 51476 1
71661 128154 1
128154 32181 1
128154 49699 1
49699 1703 1
1703 88295 1
88295 82240 1
82240 93536 1
93536 3003 1
3003 4864 1
4864 24490 1
24490 99001 1
24490 133712 1
24490 145512 1
145512 90838 1
90838 63590 1
63590 58960 1
58960 130456 1
130456 113544 1
130456 14828 1
14828 136008 1
136008 11122 1
11122 111466 1
111466 16484 1
16484 92007 1
92007 89764 1
92007 61942 1
16484 71447 1
71447 115779 1
115779 112229 1
112229 97941 1
97941 111431 1
111431 39027 1
111431 113891 1
113891 135699 1
135699 26046 1
26046 140182 1
140182 46678 1
140182 71359 1
71359 144983 1
144983 34694 1
34694 68693 1
34694 4117 1
4117 7588 1
7588 149247 1
149247 75408 1
75408 50 1
50 112296 1
112296 95122 1
112296 137796 1
112296 141263 1
141263 67829 1
67829 51936 1
51936 7212 1
7212 154895 1
154895 39636 1
39636 20593 1
39636 113192 1
113192 2366 1
113192 37797 1
113192 129651 1
129651 32684 1
32684 108254 1
108254 71631 1
71631 76002 1
76002 17440 1
17440 47673 1
47673 15317 1
15317 28691 1
28691 75665 1
15317 42135 1
42135 142383 1
142383 146232 1
146232 53854 1
53854 60280 1
60280 134963 1
134963 86833 1
86833 40199 1
40199 137360 1
137360 118966 1
118966 26781 1
26781 81933 1
118966 9545 1
9545 85020 1
85020 22044 1
22044 45802 1
45802 90918 1
90918 80708 1
80708 61000 1
61000 94441 1
94441 35858 1
35858 99404 1
99404 132823 1
132823 48133 1
132823 91997 1
132823 16233 1
132823 25356 1
132823 66035 1
132823 22963 1
22963 36781 1
36781 94382 1
94382 144178 1
144178 117635 1
117635 18199 1
18199 18534 1
18534 101260 1
101260 129806 1
101260 11350 1
101260 92120 1
101260 64459 1
101260 147220 1
101260 118948 1
118948 131538 1
131538 106253 1
106253 29335 1
106253 150493 1
150493 114714 1
114714 147450 1
147450 94488 1
94488 104068 1
94488 1539 1
94488 54288 1
54288 69746 1
54288 82511 1
82511 40213 1
40213 72952 1
40213 130510 1
130510 40263 1
130510 87434 1
130510 70814 1
70814 113256 1
113256 95590 1
70814 50874 1
50874 147427 1
147427 146673 1
146673 10408 1
10408 65493 1
65493 91665 1
91665 130538 1
130538 34938 1
34938 146884 1
146884 47673 1
47673 84911 1
84911 3525 1
3525 55493 1
3525 118012 1
118012 63996 1
63996 54926 1
63996 40314 1
40314 26336 1
40314 87889 1
87889 105658 1
105658 63005 1
63005 106267 1
106267 91905 1
91905 43751 1
43751 96381 1
43751 33327 1
33327 42254 1
42254 18103 1
18103 124373 1
124373 94681 1
124373 66415 1
124373 69246 1
69246 136197 1
136197 123900 1
123900 84106 1
84106 42377 1
42377 135173 1
135173 99915 1
135173 136343 1
136343 88111 1
88111 136258 1
136258 20634 1
20634 111638 1
111638 111095 1
111638 113610 1
111638 15588 1
15588 99471 1
99471 111722 1
111722 20130 1
20130 135736 1
135736 130800 1
130800 121583 1
121583 102172 1
130800 46101 1
46101 117227 1
117227 18425 1
117227 102749 1
117227 102439 1
117227 29245 1
46101 84211 1
46101 28031 1
46101 134026 1
134026 99310 1
99310 35460 1
99310 126469 1
126469 87509 1
87509 110601 1
87509 42427 1
42427 115574 1
42427 133848 1
42427 92222 1
92222 92028 1
92028 152583 1
92028 16394 1
92028 44907 1
44907 116619 1
116619 133972 1
133972 89084 1
89084 1470 1
89084 72885 1
89084 139404 1
89084 144414 1
144414 101398 1
101398 55831 1
55831 26728 1
101398 138817 1
101398 10854 1
10854 94488 1
94488 61943 1
94488 30947 1
94488 9316 1
94488 139034 1
94488 81756 1
94488 74568 1
94488 32431 1
32431 21355 1
21355 92218 1
92218 91166 1
91166 80236 1
80236 83895 1
83895 15449 1
15449 13733 1
13733 91115 1
91115 101718 1
101718 8847 1
101718 147916 1
147916 114370 1
114370 142884 1
142884 76216 1
76216 93389 1
93389 66453 1
66453 17949 1
17949 78945 1
78945 114596 1
114596 148246 1
114596 71 1
114596 127044 1
114596 61390 1
61390 100446 1
100446 86589 1
86589 151829 1
86589 90146 1
86589 138696 1
86589 23255 1
23255 7795 1
7795 130407 1
130407 151651 1
130407 130129 1
130129 123164 1
123164 7841 1
7841 122846 1
122846 3525 1
55493 87152 1
87152 154646 1
87152 80908 1
87152 84365 1
87152 32711 1
87152 52544 1
87152 117822 1
87152 104188 1
104188 40271 1
40271 61594 1
40271 154585 1
40271 141234 1
141234 60280 1
53854 76104 1
53854 35803 1
35803 142142 1
35803 125493 1
35803 144564 1
35803 18509 1
18509 106377 1
106377 8247 1
8247 130437 1
130437 101955 1
101955 88066 1
88066 21684 1
21684 153006 1
153006 58687 1
58687 117210 1
117210 126072 1
126072 142947 1
126072 75807 1
75807 57316 1
57316 90258 1
90258 98450 1
98450 55565 1
98450 7821 1
7821 98070 1
98070 2753 1
2753 37232 1
37232 52758 1
52758 69586 1
69586 150297 1
150297 49101 1
49101 76018 1
76018 109742 1
109742 44445 1
109742 38251 1
38251 91905 1
91905 29714 1
91905 63009 1
63009 39070 1
39070 117103 1
117103 121456 1
121456 115483 1
115483 154410 1
154410 28154 1
28154 52843 1
52843 48471 1
48471 113236 1
48471 80276 1
48471 36461 1
48471 60181 1
48471 74372 1
48471 72007 1
48471 81630 1
81630 104771 1
104771 46889 1
46889 11354 1
11354 148154 1
11354 62583 1
62583 33920 1
62583 113469 1
113469 126050 1
126050 64558 1
64558 92058 1
64558 93880 1
64558 17820 1
17820 97348 1
97348 18612 1
18612 87238 1
87238 90352 1
87238 64409 1
87238 69381 1
69381 94988 1
94988 100209 1
100209 115633 1
115633 13604 1
13604 107388 1
107388 152289 1
107388 144273 1
107388 130929 1
130929 37279 1
37279 71031 1
37279 5445 1
5445 85601 1
85601 38715 1
38715 54307 1
54307 54136 1
54136 106632 1
106632 51530 1
51530 29681 1
51530 138841 1
138841 71390 1
71390 38005 1
38005 91957 1
91957 34291 1
34291 122337 1
122337 125447 1
125447 56996 1
56996 61812 1
56996 137120 1
137120 68477 1
68477 38924 1
38924 3718 1
3718 55628 1
3718 41425 1
41425 142137 1
142137 92560 1
92560 51684 1
51684 96766 1
96766 118284 1
118284 28486 1
28486 132758 1
28486 13634 1
13634 57741 1
13634 8590 1
8590 133167 1
8590 122275 1
122275 61094 1
122275 53470 1
53470 53529 1
53470 148571 1
148571 21359 1
21359 115742 1
115742 115303 1
115303 4427 1
4427 37757 1
37757 56687 1
56687 57066 1
57066 70047 1
70047 152003 1
152003 21383 1
21383 70755 1
21383 95268 1
21383 137519 1
137519 89161 1
89161 12143 1
89161 131568 1
131568 18881 1
18881 37078 1
37078 114602 1
37078 28919 1
37078 69220 1
69220 89213 1
89213 36311 1
36311 18249 1
18249 144685 1
18249 94970 1
18249 46797 1
18249 3137 1
18249 28604 1
28604 33297 1
33297 2458 1
33297 132470 1
33297 67823 1
33297 147943 1
33297 112148 1
112148 128583 1
112148 22612 1
22612 39125 1
22612 9792 1
9792 112148 1
112148 79532 1
79532 140537 1
140537 65335 1
140537 133381 1
140537 26754 1
140537 5992 1
140537 144995 1
140537 96187 1
96187 21611 1
21611 47029 1
47029 42199 1
47029 105837 1
105837 37279 1
37279 34654 1
37279 97547 1
97547 80308 1
80308 22106 1
22106 61604 1
80308 66700 1
80308 130855 1
130855 87568 1
87568 123117 1
87568 79420 1
87568 139411 1
87568 49975 1
87568 120090 1
87568 132423 1
132423 126777 1
126777 38419 1
38419 30263 1
30263 61365 1
61365 74176 1
74176 56200 1
74176 88576 1
88576 64891 1
64891 13628 1
64891 74205 1
74205 48875 1
48875 111169 1
111169 152998 1
152998 17883 1
17883 8264 1
8264 31118 1
31118 131562 1
131562 101988 1
101988 60284 1
60284 20399 1
60284 63985 1
60284 24815 1
60284 91437 1
60284 9662 1
60284 91742 1
91742 97339 1
97339 133223 1
133223 39135 1
39135 65440 1
65440 16443 1
16443 128098 1
128098 76030 1
76030 149328 1
149328 101956 1
101956 58847 1
58847 98194 1
98194 66125 1
66125 955 1
66125 123542 1
66125 62107 1
62107 6718 1
6718 66676 1
6718 150787 1
150787 136932 1
136932 44294 1
136932 19636 1
136932 103144 1
103144 8147 1
8147 135440 1
135440 4946 1
4946 108849 1
4946 74049 1
74049 114988 1
114988 142164 1
114988 71359 1
71359 3760 1
3760 133665 1
3760 135320 1
3760 59725 1
59725 122782 1
122782 50094 1
50094 136816 1
136816 45377 1
45377 61854 1
61854 14957 1
14957 111119 1
111119 49771 1
49771 118104 1
118104 123776 1
123776 48121 1
48121 5086 1
5086 58712 1
58712 100605 1
100605 133232 1
100605 26508 1
100605 56108 1
100605 9690 1
9690 94137 1
94137 53360 1
94137 152349 1
152349 4776 1
4776 32207 1
32207 65304 1
65304 98132 1
98132 117346 1
117346 7272 1
7272 128571 1
128571 117612 1
128571 12090 1
128571 119672 1
119672 2005 1
2005 25136 1
25136 110280 1
110280 32351 1
110280 98521 1
98521 94605 1
94605 69806 1
94605 123034 1
123034 85349 1
85349 19395 1
19395 29619 1
29619 33655 1
33655 92035 1
33655 54123 1
54123 60006 1
60006 29488 1
29488 105716 1
105716 108947 1
105716 28014 1
28014 30648 1
30648 5228 1
30648 140062 1
140062 83255 1
83255 27192 1
27192 91297 1
91297 40697 1
40697 76296 1
76296 62731 1
62731 68767 1
68767 116650 1
68767 70004 1
68767 76503 1
68767 22098 1
68767 28049 1
68767 73607 1
68767 89425 1
89425 104771 1
104771 10258 1
10258 64680 1
64680 5860 1
5860 99728 1
99728 50550 1
50550 84396 1
84396 17953 1
17953 59102 1
17953 147380 1
147380 9532 1
9532 150117 1
150117 115864 1
115864 104149 1
104149 147749 1
147749 144590 1
144590 43244 1
43244 65857 1
65857 152780 1
152780 148801 1
148801 139109 1
139109 21686 1
21686 129760 1
129760 11411 1
11411 98701 1
11411 28115 1
28115 154020 1
154020 104013 1
104013 76869 1
76869 74690 1
76869 147114 1
76869 77387 1
77387 116177 1
116177 79584 1
79584 108767 1
108767 124415 1
124415 30863 1
30863 40568 1
40568 54284 1
54284 47280 1
47280 152667 1
47280 31240 1
47280 106963 1
47280 9156 1
9156 93451 1
93451 28473 1
28473 67133 1
67133 34669 1
34669 3843 1
3843 149587 1
3843 88697 1
88697 57297 1
57297 74861 1
57297 150667 1
150667 30901 1
30901 94414 1
94414 61712 1
61712 125300 1
125300 151583 1
151583 87806 1
87806 53640 1
53640 114101 1
53640 130258 1
53640 89544 1
89544 7297 1
7297 107389 1
7297 65570 1
65570 150667 1
30901 119069 1
119069 125416 1
125416 87149 1
87149 62995 1
62995 376 1
376 132476 1
376 79493 1
79493 87401 1
87401 142363 1
87401 21359 1
21359 86996 1
86996 125999 1
125999 150345 1
150345 33024 1
33024 31889 1
31889 31430 1
31430 95754 1
95754 90588 1
90588 120473 1
90588 147816 1
147816 56602 1
147816 121935 1
121935 88142 1
88142 95432 1
95432 31479 1
95432 148571 1
21359 61383 1
61383 93828 1
93828 92695 1
92695 44029 1
44029 11897 1
44029 133415 1
133415 78041 1
78041 85804 1
85804 47711 1
47711 122157 1
122157 20088 1
122157 146285 1
146285 83328 1
83328 111793 1
111793 137700 1
137700 107183 1
137700 114620 1
114620 38715 1
38715 62705 1
62705 88191 1
62705 111677 1
111677 139484 1
139484 57903 1
57903 116423 1
116423 142024 1
142024 39897 1
39897 75754 1
75754 4123 1
4123 55435 1
55435 133555 1
133555 99677 1
133555 3738 1
133555 49043 1
49043 60562 1
60562 32270 1
32270 5510 1
5510 57284 1
57284 27991 1
27991 86895 1
27991 135045 1
135045 116327 1
116327 33363 1
33363 70664 1
70664 147150 1
147150 73874 1
147150 2250 1
2250 9948 1
9948 103223 1
9948 133187 1
9948 74033 1
9948 152961 1
9948 139761 1
9948 109995 1
9948 110757 1
9948 44860 1
9948 44592 1
44592 56533 1
56533 13830 1
13830 150112 1
150112 143000 1
150112 132803 1
132803 7779 1
7779 109496 1
7779 125485 1
7779 62515 1
62515 104063 1
104063 58866 1
104063 122765 1
122765 53727 1
122765 81062 1
81062 153012 1
153012 85615 1
85615 116741 1
116741 52939 1
52939 39735 1
39735 82902 1
82902 82100 1
82100 72308 1
82100 53246 1
53246 51840 1
51840 85832 1
85832 39369 1
39369 126199 1
39369 12544 1
39369 139236 1
39369 66764 1
66764 100018 1
100018 8273 1
100018 23889 1
100018 118247 1
118247 35842 1
35842 53766 1
53766 114207 1
114207 60470 1
60470 67756 1
67756 21357 1
21357 144353 1
144353 83519 1
83519 63353 1
63353 127104 1
63353 32608 1
32608 98664 1
98664 89544 1
53640 17704 1
53640 6360 1
53640 47261 1
47261 51601 1
47261 16508 1
47261 29209 1
47261 119249 1
47261 133310 1
47261 127904 1
47261 135989 1
47261 131168 1
131168 33453 1
131168 51663 1
131168 94466 1
94466 45168 1
45168 100648 1
100648 15317 1
15317 86917 1
86917 140366 1
140366 27466 1
27466 120488 1
27466 146341 1
146341 60973 1
60973 135157 1
60973 83029 1
83029 69359 1
69359 90665 1
90665 37910 1
37910 10801 1
37910 20123 1
20123 116896 1
116896 23203 1
116896 34292 1
116896 125005 1
125005 80308 1
80308 113305 1
113305 95618 1
95618 89485 1
95618 2183 1
95618 47609 1
47609 1992 1
1992 63149 1
63149 64036 1
64036 132123 1
132123 61993 1
132123 2504 1
132123 133667 1
133667 24028 1
24028 118062 1
118062 20134 1
20134 70704 1
20134 129643 1
20134 136816 1
136816 5684 1
5684 74237 1
74237 72192 1
72192 72137 1
72137 19417 1
19417 46769 1
19417 24417 1
24417 9986 1
9986 59784 1
9986 136151 1
136151 88095 1
88095 43649 1
88095 60963 1
60963 128120 1
128120 79955 1
128120 139916 1
128120 109608 1
128120 113251 1
128120 118648 1
118648 98598 1
98598 140540 1
140540 28776 1
28776 47868 1
47868 142750 1
47868 105650 1
47868 54345 1
54345 97926 1
97926 147896 1
147896 99556 1
99556 73239 1
99556 138460 1
99556 17358 1
17358 47852 1
47852 82512 1
47852 118798 1
118798 26098 1
26098 141657 1
141657 133555 1
133555 68582 1
68582 85717 1
85717 65068 1
85717 41425 1
41425 70591 1
70591 39007 1
70591 94789 1
94789 58218 1
58218 92669 1
92669 24077 1
24077 110619 1
110619 56897 1
56897 127198 1
127198 137879 1
127198 102883 1
127198 93714 1
127198 95957 1
127198 35912 1
35912 59110 1
35912 154218 1
154218 45930 1
45930 64803 1
45930 108507 1
45930 71663 1
45930 85847 1
85847 149000 1
149000 88697 1
88697 84635 1
84635 13177 1
84635 92367 1
92367 96674 1
96674 113029 1
113029 58522 1
