13726 130745 1
130745 3355 1
3355 115321 1
115321 7110 1
7110 558 1
558 17207 1
558 75816 1
558 10545 1
10545 1441 1
1441 120236 1
1441 114666 1
1441 29237 1
29237 65000 1
65000 14021 1
14021 22414 1
22414 36321 1
36321 127414 1
127414 1330 1
1330 85159 1
85159 104945 1
104945 125163 1
125163 5686 1
125163 10229 1
10229 33126 1
33126 81580 1
81580 59556 1
59556 107126 1
107126 154742 1
154742 74461 1
74461 77788 1
77788 113553 1
113553 51476 1
51476 53414 1
53414 54690 1
54690 56087 1
56087 3579 1
3579 3559 1
3559 70913 1
3559 88232 1
88232 65250 1
65250 34528 1
65250 93002 1
65250 14648 1
65250 71368 1
71368 114762 1
114762 97869 1
114762 46656 1
46656 81759 1
81759 90832 1
90832 14478 1
14478 72022 1
72022 139593 1
72022 87431 1
87431 116199 1
116199 153430 1
153430 27650 1
27650 117500 1
27650 37768 1
37768 132045 1
132045 88521 1
88521 118983 1
118983 133907 1
118983 82274 1
82274 73037 1
73037 112567 1
112567 94778 1
94778 106145 1
106145 130079 1
130079 56859 1
56859 109742 1
109742 158 1
158 45052 1
45052 42385 1
45052 1141 1
45052 41650 1
45052 76647 1
45052 147501 1
45052 99162 1
45052 32879 1
32879 82888 1
82888 133972 1
133972 71390 1
71390 26871 1
71390 79432 1
79432 117191 1
117191 84977 1
84977 111205 1
111205 70289 1
70289 23863 1
23863 75426 1
23863 27459 1
27459 50557 1
50557 47589 1
47589 109668 1
109668 109095 1
109668 79824 1
79824 82150 1
82150 99358 1
99358 93873 1
99358 114462 1
99358 93444 1
93444 72034 1
93444 21755 1
21755 137883 1
137883 50480 1
50480 151525 1
50480 138727 1
50480 5523 1
5523 23926 1
23926 130159 1
130159 98498 1
98498 105638 1
98498 141513 1
141513 48491 1
48491 3579 1
3579 31005 1
31005 83510 1
83510 145349 1
145349 35067 1
35067 93525 1
93525 6480 1
6480 17513 1
17513 48471 1
48471 113236 1
48471 123579 1
123579 138729 1
138729 34013 1
34013 24577 1
24577 103769 1
103769 142440 1
142440 96539 1
96539 5837 1
5837 23333 1
23333 31473 1
31473 151405 1
31473 79972 1
31473 92455 1
92455 136841 1
136841 133249 1
136841 53320 1
136841 107417 1
136841 115843 1
115843 6131 1
6131 83971 1
83971 28479 1
28479 67822 1
28479 26505 1
28479 37207 1
28479 39287 1
39287 114765 1
114765 95254 1
114765 122815 1
114765 83477 1
83477 1117 1
1117 129760 1
129760 115742 1
115742 44414 1
44414 52466 1
44414 15555 1
15555 79592 1
79592 138758 1
138758 88636 1
88636 111466 1
111466 65400 1
65400 61293 1
61293 25385 1
25385 122505 1
122505 91743 1
91743 108046 1
108046 103558 1
103558 49104 1
49104 64717 1
64717 78336 1
78336 104944 1
78336 55078 1
78336 51301 1
78336 60881 1
78336 43579 1
43579 26853 1
26853 146884 1
146884 110451 1
110451 88043 1
88043 31552 1
31552 88862 1
88862 149273 1
88862 67076 1
67076 39903 1
67076 33974 1
67076 55131 1
67076 23575 1
67076 53083 1
67076 150987 1
150987 40917 1
40917 66067 1
40917 78979 1
40917 85541 1
85541 1920 1
1920 150772 1
1920 47741 1
47741 58698 1
58698 90630 1
58698 138970 1
138970 5398 1
5398 136332 1
136332 1377 1
1377 101290 1
101290 80863 1
80863 39169 1
80863 59065 1
59065 98848 1
98848 48352 1
48352 63807 1
63807 108819 1
108819 72358 1
72358 58937 1
58937 6630 1
58937 151367 1
151367 117184 1
117184 70314 1
70314 150994 1
70314 91337 1
91337 148425 1
91337 20248 1
70314 95944 1
70314 1559 1
70314 100650 1
70314 119292 1
70314 36211 1
36211 86263 1
86263 13263 1
86263 24109 1
86263 37667 1
37667 103971 1
103971 114564 1
114564 135597 1
135597 34118 1
34118 148794 1
34118 106051 1
34118 54656 1
34118 130482 1
130482 44746 1
44746 7517 1
44746 47121 1
47121 139528 1
139528 19266 1
19266 18558 1
18558 44823 1
44823 28604 1
28604 25614 1
25614 52413 1
25614 1462 1
1462 125926 1
125926 18589 1
18589 41005 1
41005 115972 1
41005 18275 1
18275 147922 1
147922 65143 1
65143 111677 1
111677 110621 1
110621 147657 1
147657 118456 1
118456 109057 1
118456 124225 1
124225 139156 1
139156 15733 1
139156 71065 1
139156 148017 1
148017 23074 1
23074 89867 1
89867 21705 1
89867 38456 1
89867 137203 1
137203 99897 1
137203 92028 1
92028 134081 1
134081 104717 1
104717 62652 1
62652 297 1
297 131138 1
297 94626 1
297 125383 1
125383 24577 1
24577 141602 1
141602 51793 1
51793 528 1
528 49733 1
49733 93174 1
93174 129844 1
129844 144520 1
144520 55763 1
55763 129720 1
129720 87864 1
87864 110063 1
110063 146590 1
146590 92222 1
92222 92028 1
92028 4898 1
92028 42534 1
42534 62215 1
62215 43110 1
62215 97219 1
97219 115576 1
115576 63034 1
115576 87149 1
87149 36203 1
87149 98617 1
87149 118798 1
118798 107554 1
107554 10209 1
10209 93511 1
93511 41254 1
41254 132024 1
132024 106855 1
106855 137507 1
137507 134306 1
134306 65787 1
65787 96377 1
65787 25606 1
65787 60677 1
60677 40650 1
40650 93087 1
93087 98194 1
98194 18025 1
18025 16372 1
18025 83768 1
18025 98598 1
98598 23309 1
98598 98263 1
98263 39817 1
39817 13860 1
13860 107403 1
107403 4744 1
4744 39118 1
39118 49145 1
49145 130497 1
49145 35835 1
35835 135731 1
35835 88276 1
88276 31980 1
31980 118780 1
31980 133570 1
31980 45426 1
45426 148757 1
148757 91228 1
148757 100851 1
100851 70220 1
70220 18138 1
18138 77656 1
77656 32963 1
32963 149785 1
149785 60562 1
60562 46460 1
46460 123776 1
123776 47653 1
47653 122910 1
122910 22963 1
22963 132823 1
132823 99404 1
99404 436 1
436 71359 1
71359 36233 1
36233 9654 1
9654 118982 1
9654 146255 1
9654 103395 1
103395 123716 1
123716 121551 1
123716 34736 1
123716 153006 1
153006 128155 1
128155 62456 1
62456 117041 1
117041 105590 1
105590 137301 1
105590 154287 1
154287 142229 1
154287 95607 1
154287 116481 1
154287 107547 1
107547 94731 1
107547 41593 1
41593 95900 1
95900 5585 1
5585 138671 1
138671 110354 1
138671 124484 1
124484 112314 1
124484 19811 1
19811 115713 1
115713 48109 1
48109 63634 1
63634 21972 1
21972 137492 1
21972 17411 1
21972 90826 1
90826 92398 1
92398 94538 1
92398 25763 1
92398 99365 1
99365 99926 1
99926 17516 1
17516 34987 1
17516 143434 1
143434 11479 1
11479 77457 1
11479 128247 1
128247 35351 1
35351 7981 1
7981 110392 1
110392 46277 1
46277 90829 1
46277 77341 1
77341 104229 1
104229 119586 1
119586 36540 1
36540 109501 1
36540 151401 1
36540 106117 1
106117 71494 1
71494 25273 1
71494 76073 1
71494 7887 1
7887 153606 1
153606 32520 1
32520 146727 1
146727 42353 1
42353 18972 1
42353 77188 1
42353 122564 1
42353 99358 1
99358 35651 1
35651 14371 1
14371 126229 1
14371 107126 1
107126 12901 1
12901 9349 1
9349 61037 1
9349 85525 1
9349 65338 1
9349 98374 1
98374 44215 1
44215 54847 1
54847 42923 1
42923 44286 1
44286 19763 1
19763 77013 1
77013 74837 1
74837 100509 1
100509 104786 1
100509 8927 1
8927 21532 1
21532 77609 1
21532 9655 1
9655 26089 1
26089 2046 1
2046 51155 1
51155 27540 1
51155 11648 1
11648 90565 1
90565 70664 1
70664 146892 1
146892 66031 1
146892 95535 1
95535 25231 1
25231 139707 1
139707 91109 1
91109 106464 1
106464 5835 1
5835 117379 1
5835 73408 1
5835 10703 1
10703 141350 1
141350 137873 1
141350 60260 1
60260 2103 1
2103 147205 1
147205 145467 1
147205 109226 1
147205 145413 1
147205 69642 1
147205 52056 1
147205 66137 1
147205 77759 1
147205 116090 1
116090 733 1
733 38240 1
733 71661 1
71661 128154 1
128154 54536 1
54536 83467 1
83467 31085 1
31085 142383 1
142383 59894 1
59894 149983 1
149983 108556 1
149983 18635 1
18635 46219 1
46219 94761 1
94761 18179 1
94761 110720 1
110720 80326 1
80326 22792 1
80326 138 1
80326 68128 1
68128 9679 1
9679 63381 1
9679 118791 1
118791 35481 1
35481 93955 1
93955 21266 1
21266 96386 1
96386 2942 1
2942 112529 1
2942 13670 1
13670 56823 1
56823 84435 1
84435 94778 1
94778 52984 1
52984 151639 1
52984 147087 1
147087 76674 1
76674 132739 1
76674 132082 1
132082 30796 1
30796 118302 1
118302 70677 1
70677 1222 1
1222 38549 1
38549 69254 1
69254 126581 1
126581 13051 1
126581 51133 1
51133 74793 1
126581 115008 1
115008 44158 1
44158 110210 1
110210 110358 1
110210 28789 1
28789 11334 1
110210 151264 1
110210 102335 1
102335 53963 1
53963 1243 1
1243 63411 1
1243 41276 1
1243 13098 1
13098 76014 1
76014 68477 1
68477 27346 1
68477 35823 1
35823 45225 1
45225 82291 1
45225 11023 1
45225 10367 1
45225 122192 1
122192 148442 1
148442 16410 1
16410 54853 1
54853 46426 1
54853 137793 1
54853 119776 1
54853 40334 1
54853 141997 1
54853 84839 1
84839 35884 1
35884 104786 1
104786 105601 1
105601 79569 1
105601 739 1
105601 131351 1
131351 81558 1
81558 79984 1
79984 54350 1
54350 54990 1
54350 137698 1
137698 118922 1
118922 116353 1
116353 7940 1
116353 27475 1
27475 121555 1
121555 12743 1
121555 55581 1
121555 83275 1
121555 43258 1
121555 100461 1
121555 48647 1
121555 54350 1
54350 136343 1
136343 89598 1
89598 50177 1
50177 40955 1
50177 74911 1
74911 148982 1
74911 135150 1
74911 64656 1
74911 83231 1
83231 57511 1
57511 139446 1
139446 34656 1
34656 121055 1
34656 35120 1
34656 7514 1
7514 40373 1
40373 132211 1
132211 97225 1
97225 140050 1
140050 153024 1
153024 115557 1
115557 92834 1
115557 44575 1
44575 122430 1
122430 125753 1
125753 49036 1
49036 79098 1
49036 136177 1
136177 66193 1
66193 28765 1
66193 63431 1
63431 53287 1
53287 97033 1
97033 101447 1
101447 39371 1
101447 130667 1
101447 12597 1
101447 107945 1
107945 76233 1
76233 67500 1
76233 100438 1
100438 141516 1
100438 103015 1
103015 127578 1
127578 93699 1
93699 85656 1
93699 154416 1
93699 113831 1
113831 6755 1
6755 73610 1
6755 87974 1
87974 20804 1
20804 117346 1
117346 144202 1
144202 29732 1
29732 26981 1
29732 57248 1
57248 33523 1
57248 114619 1
114619 119325 1
114619 73519 1
114619 115959 1
115959 53854 1
53854 44823 1
44823 102108 1
102108 73465 1
73465 38268 1
73465 83031 1
73465 8801 1
8801 129756 1
129756 68910 1
68910 41958 1
41958 121886 1
121886 88141 1
88141 38380 1
38380 64318 1
38380 49036 1
49036 53892 1
53892 148595 1
148595 109832 1
109832 2325 1
2325 83354 1
83354 57162 1
57162 149584 1
57162 88165 1
88165 146146 1
146146 22726 1
22726 83219 1
22726 84704 1
22726 31307 1
31307 8351 1
31307 147189 1
31307 120880 1
120880 15315 1
15315 3524 1
15315 136682 1
136682 77690 1
77690 144318 1
77690 34066 1
34066 28484 1
28484 3657 1
3657 133694 1
133694 39019 1
39019 64331 1
64331 88353 1
88353 90215 1
90215 90816 1
90816 129760 1
129760 61263 1
61263 7981 1
7981 68490 1
68490 30376 1
68490 53345 1
53345 25115 1
25115 139807 1
25115 46831 1
46831 134988 1
134988 115765 1
115765 84111 1
84111 88633 1
88633 149463 1
149463 55605 1
55605 19640 1
55605 63950 1
55605 13906 1
13906 25049 1
25049 19748 1
13906 95214 1
95214 70412 1
70412 109839 1
109839 66389 1
109839 15513 1
109839 24627 1
109839 83871 1
83871 70957 1
70957 32714 1
70957 125604 1
70957 144612 1
125604 45955 1
45955 146662 1
45955 98664 1
98664 128894 1
98664 88365 1
98664 53754 1
98664 130098 1
128894 29247 1
29247 83648 1
29247 63009 1
63009 10461 1
63009 116796 1
116796 86188 1
116796 16800 1
16800 18763 1
18763 46182 1
46182 85535 1
46182 18589 1
18589 40006 1
40006 105623 1
105623 24956 1
105623 151006 1
151006 101069 1
101069 142581 1
101069 112488 1
112488 5669 1
5669 114637 1
114637 147561 1
114637 144558 1
144558 78686 1
144558 14011 1
144558 101241 1
101241 104583 1
104583 58414 1
58414 94778 1
94778 65569 1
65569 113612 1
113612 154200 1
154200 102440 1
154200 2336 1
154200 44794 1
154200 82128 1
154200 144819 1
154200 13567 1
154200 2956 1
154200 134837 1
134837 33978 1
134837 37121 1
134837 118206 1
134837 39735 1
39735 149947 1
39735 109742 1
109742 24962 1
109742 26137 1
109742 38251 1
38251 91905 1
91905 43751 1
43751 72384 1
72384 64574 1
64574 25600 1
25600 39018 1
25600 45228 1
25600 79673 1
64574 140614 1
140614 134951 1
140614 55955 1
140614 83157 1
140614 23010 1
23010 104111 1
104111 26253 1
26253 126752 1
126752 13733 1
13733 19984 1
19984 109269 1
109269 105971 1
105971 15434 1
15434 142383 1
142383 137170 1
137170 46823 1
46823 43451 1
43451 119626 1
43451 42548 1
42548 49101 1
49101 21296 1
21296 95973 1
95973 43811 1
95973 90891 1
90891 69232 1
69232 73159 1
69232 35734 1
35734 145124 1
145124 32187 1
32187 130236 1
130236 124625 1
130236 3396 1
130236 121882 1
130236 110678 1
130236 9497 1
130236 92284 1
130236 139874 1
130236 87360 1
130236 88469 1
130236 30220 1
130236 4352 1
130236 134503 1
130236 121635 1
130236 62723 1
130236 135469 1
130236 19887 1
130236 690 1
690 44861 1
44861 145345 1
44861 107256 1
107256 94396 1
94396 3263 1
94396 98737 1
98737 96845 1
96845 134211 1
96845 135171 1
96845 26347 1
96845 111859 1
96845 134009 1
96845 122758 1
96845 85662 1
85662 54608 1
54608 68022 1
54608 90665 1
90665 37705 1
37705 57411 1
57411 75949 1
75949 12078 1
12078 27339 1
27339 60414 1
60414 69128 1
69128 80402 1
80402 44619 1
80402 125630 1
80402 104216 1
80402 6294 1
80402 149411 1
149411 14371 1
14371 84985 1
84985 146277 1
146277 121626 1
121626 11411 1
11411 120316 1
11411 18068 1
18068 116391 1
116391 70011 1
70011 71232 1
71232 12416 1
12416 85143 1
12416 37705 1
37705 139202 1
37705 24082 1
24082 31118 1
31118 70170 1
70170 63418 1
63418 37792 1
37792 7571 1
37792 109700 1
37792 130414 1
37792 90667 1
37792 123363 1
123363 44823 1
44823 124659 1
124659 122765 1
122765 115174 1
115174 43022 1
43022 108968 1
108968 66746 1
108968 135460 1
135460 18934 1
18934 131934 1
18934 106880 1
18934 127128 1
127128 83895 1
83895 11679 1
83895 117937 1
117937 65291 1
65291 149119 1
149119 61819 1
149119 60482 1
60482 98983 1
98983 10167 1
98983 39565 1
98983 95629 1
95629 57532 1
57532 91677 1
57532 11041 1
57532 113164 1
57532 151538 1
57532 59707 1
57532 13038 1
13038 101260 1
101260 11350 1
101260 105032 1
105032 6697 1
6697 9028 1
9028 111374 1
111374 88025 1
111374 78699 1
78699 84010 1
84010 32920 1
84010 51452 1
111374 31658 1
31658 76207 1
76207 7853 1
7853 32694 1
32694 129196 1
32694 22748 1
32694 24350 1
32694 92334 1
32694 16575 1
32694 101461 1
32694 111571 1
32694 84952 1
32694 120258 1
32694 63139 1
32694 107874 1
32694 145973 1
32694 20047 1
22748 38599 1
38599 11091 1
38599 4946 1
4946 61187 1
4946 142068 1
4946 15122 1
4946 51573 1
51573 94441 1
94441 132632 1
132632 75380 1
75380 103488 1
103488 96208 1
96208 139339 1
139339 103623 1
103623 52901 1
52901 116483 1
52901 110485 1
52901 46607 1
52901 10327 1
52901 76053 1
76053 115528 1
115528 81986 1
81986 106321 1
106321 1713 1
106321 842 1
842 98352 1
98352 57162 1
57162 67230 1
57162 146557 1
57162 83757 1
83757 131380 1
131380 14525 1
14525 22726 1
84704 153688 1
153688 152796 1
152796 40556 1
40556 33587 1
40556 97225 1
97225 103419 1
103419 41485 1
41485 9106 1
9106 140012 1
9106 38482 1
38482 95390 1
38482 126390 1
126390 56574 1
126390 70531 1
70531 42969 1
42969 119219 1
42969 524 1
524 97774 1
97774 125365 1
97774 96064 1
97774 96103 1
96103 31473 1
31473 153985 1
153985 101136 1
101136 58019 1
101136 121084 1
101136 115534 1
101136 119009 1
119009 49491 1
49491 69560 1
69560 71344 1
71344 88976 1
71344 10803 1
10803 145679 1
145679 16290 1
16290 13660 1
13660 21383 1
21383 90134 1
90134 77705 1
77705 54948 1
77705 42984 1
42984 56594 1
56594 139720 1
139720 125259 1
139720 109758 1
109758 88494 1
88494 53170 1
53170 31546 1
31546 35801 1
35801 2027 1
2027 8247 1
8247 13847 1
13847 125388 1
125388 68266 1
68266 70058 1
70058 79184 1
79184 153654 1
79184 19316 1
79184 138028 1
79184 141926 1
141926 9545 1
9545 118966 1
118966 41299 1
41299 121683 1
41299 35822 1
35822 149463 1
149463 109135 1
109135 15434 1
15434 66707 1
66707 81627 1
81627 54560 1
54560 66532 1
66532 119700 1
66532 100642 1
100642 106377 1
106377 61828 1
106377 91017 1
91017 34880 1
34880 12840 1
12840 121501 1
121501 149119 1
149119 13873 1
13873 135001 1
135001 77278 1
77278 61883 1
61883 40198 1
40198 71247 1
71247 135367 1
135367 6124 1
6124 97610 1
97610 125018 1
97610 130559 1
97610 114162 1
97610 43819 1
97610 5720 1
97610 59097 1
97610 102535 1
97610 132567 1
97610 62759 1
6124 49686 1
49686 126765 1
126765 37298 1
37298 98598 1
98598 4393 1
4393 77751 1
77751 12200 1
12200 19705 1
19705 55186 1
19705 59261 1
19705 82392 1
19705 98113 1
98113 29405 1
29405 63161 1
29405 150291 1
150291 96762 1
96762 125891 1
125891 52424 1
52424 108909 1
108909 92941 1
92941 146601 1
146601 38924 1
38924 116355 1
116355 7588 1
7588 109236 1
109236 127 1
127 101450 1
101450 24601 1
24601 94725 1
94725 93840 1
93840 41423 1
41423 144921 1
144921 61623 1
61623 135763 1
135763 74725 1
74725 67485 1
67485 92278 1
92278 100559 1
92278 13594 1
92278 142383 1
142383 109236 1
109236 62754 1
62754 64108 1
64108 9259 1
9259 32689 1
32689 44215 1
44215 36918 1
36918 15759 1
15759 18212 1
18212 41234 1
36918 25111 1
25111 44139 1
44139 7165 1
7165 104661 1
7165 145011 1
145011 124112 1
124112 67128 1
124112 39265 1
39265 153370 1
153370 130875 1
153370 113334 1
113334 105413 1
105413 5537 1
5537 87951 1
87951 17196 1
87951 149105 1
149105 63806 1
63806 136244 1
63806 105036 1
105036 101094 1
101094 884 1
101094 2945 1
2945 11563 1
11563 40518 1
40518 151960 1
151960 91109 1
91109 100270 1
91109 45317 1
91109 89704 1
89704 92137 1
92137 23626 1
23626 15436 1
15436 92278 1
92278 134140 1
134140 26915 1
26915 116850 1
116850 32987 1
116850 106305 1
116850 81118 1
116850 51501 1
116850 132778 1
116850 74536 1
116850 112404 1
116850 25926 1
116850 111504 1
111504 42705 1
42705 130797 1
42705 145255 1
145255 60363 1
145255 124360 1
145255 65315 1
65315 2977 1
65315 143894 1
143894 122099 1
122099 82347 1
82347 153006 1
153006 113027 1
113027 49695 1
49695 151139 1
151139 47776 1
151139 121956 1
121956 146590 1
146590 91859 1
91859 12983 1
12983 99374 1
12983 117634 1
12983 50796 1
50796 92099 1
92099 64180 1
64180 72840 1
72840 33131 1
33131 113361 1
113361 89000 1
89000 63015 1
89000 42286 1
89000 75829 1
89000 72273 1
72273 60769 1
60769 41412 1
41412 35680 1
35680 109099 1
60769 101602 1
101602 25137 1
25137 35971 1
35971 90168 1
90168 93226 1
90168 81397 1
81397 105054 1
105054 90928 1
105054 63188 1
63188 30335 1
63188 38953 1
63188 58606 1
63188 10800 1
10800 123763 1
123763 17224 1
17224 61530 1
61530 141657 1
141657 115515 1
115515 124714 1
124714 61676 1
124714 72329 1
72329 64452 1
64452 133886 1
133886 67378 1
133886 57619 1
57619 113027 1
113027 43306 1
43306 83485 1
83485 53860 1
53860 93724 1
53860 62944 1
62944 98132 1
98132 123579 1
123579 99559 1
99559 140821 1
99559 47657 1
47657 101788 1
47657 134187 1
134187 96044 1
96044 58873 1
58873 99947 1
99947 71850 1
71850 42163 1
71850 86536 1
71850 113241 1
113241 93453 1
93453 118884 1
93453 5031 1
5031 142762 1
142762 129760 1
129760 19651 1
19651 115742 1
115742 142762 1
142762 75444 1
142762 22688 1
22688 112636 1
112636 149119 1
149119 130250 1
130250 154863 1
154863 123326 1
123326 104730 1
104730 91048 1
91048 38188 1
38188 74268 1
74268 17194 1
17194 87974 1
87974 28482 1
28482 31946 1
31946 66908 1
66908 94734 1
94734 57665 1
57665 103390 1
103390 152623 1
152623 122913 1
122913 152600 1
152600 64891 1
64891 146011 1
146011 145645 1
145645 45631 1
45631 3705 1
45631 16453 1
45631 63971 1
45631 91163 1
45631 69171 1
69171 1189 1
1189 74226 1
74226 67413 1
67413 71825 1
67413 51959 1
51959 78197 1
78197 33552 1
78197 14606 1
51959 92911 1
92911 67943 1
67943 102329 1
102329 131673 1
102329 148141 1
148141 34155 1
34155 15593 1
34155 141495 1
141495 3723 1
141495 45839 1
141495 78688 1
78688 97944 1
97944 38341 1
97944 24599 1
24599 143369 1
143369 3790 1
3790 130437 1
130437 107713 1
107713 146892 1
146892 149483 1
149483 11102 1
11102 83631 1
11102 3771 1
3771 96605 1
96605 93597 1
96605 38392 1
96605 118277 1
3771 109655 1
109655 42527 1
109655 120962 1
120962 62652 1
62652 145624 1
145624 54745 1
54745 9431 1
9431 100486 1
100486 52748 1
52748 21607 1
21607 36050 1
36050 130745 1
130745 111394 1
111394 20665 1
111394 48438 1
111394 38159 1
111394 37345 1
130745 5997 1
5997 100026 1
100026 79621 1
79621 8423 1
8423 135044 1
135044 136986 1
136986 45426 1
45426 25124 1
25124 74507 1
74507 60641 1
60641 52838 1
60641 61542 1
60641 87694 1
60641 104026 1
60641 70745 1
60641 59355 1
60641 82472 1
82472 103390 1
152623 29271 1
29271 54660 1
29271 37694 1
37694 87526 1
87526 55684 1
87526 134209 1
87526 114992 1
114992 18092 1
18092 116176 1
116176 12451 1
12451 143011 1
12451 154521 1
12451 7370 1
12451 53349 1
53349 26031 1
26031 15795 1
15795 73515 1
15795 34408 1
26031 79330 1
79330 27811 1
27811 113861 1
113861 10 1
113861 560 1
113861 81178 1
113861 135080 1
113861 152677 1
152677 1015 1
1015 115455 1
115455 55613 1
55613 114390 1
114390 144590 1
144590 127043 1
127043 93736 1
93736 126030 1
93736 14532 1
93736 2154 1
93736 75284 1
93736 52434 1
52434 46861 1
46861 97954 1
97954 37043 1
97954 54608 1
54608 76522 1
54608 64703 1
54608 137865 1
137865 134428 1
134428 102108 1
102108 137509 1
137509 17925 1
17925 125941 1
125941 93089 1
93089 71668 1
71668 44823 1
44823 135564 1
135564 67365 1
67365 8772 1
8772 73481 1
73481 18065 1
73481 141774 1
73481 153601 1
73481 13029 1
73481 36944 1
73481 20943 1
73481 66679 1
66679 2255 1
2255 47929 1
2255 50546 1
50546 15788 1
15788 60511 1
15788 138436 1
15788 12574 1
50546 105009 1
105009 114111 1
114111 153399 1
153399 96154 1
96154 65486 1
65486 36793 1
36793 48609 1
48609 102467 1
102467 90722 1
90722 41385 1
90722 148548 1
90722 123179 1
123179 152236 1
152236 34669 1
34669 115528 1
115528 134479 1
134479 107455 1
107455 80282 1
107455 96299 1
134479 120345 1
120345 151996 1
151996 956 1
956 126812 1
126812 142745 1
142745 126386 1
142745 1046 1
142745 153523 1
142745 68715 1
142745 96519 1
96519 132152 1
96519 41492 1
41492 111700 1
111700 64044 1
111700 18790 1
18790 122434 1
122434 20060 1
122434 87192 1
122434 14997 1
122434 40006 1
40006 87365 1
87365 6015 1
6015 18990 1
18990 6859 1
18990 41406 1
18990 38154 1
38154 41423 1
41423 129020 1
41423 64851 1
41423 127258 1
127258 51788 1
51788 38323 1
38323 118585 1
118585 127914 1
127914 26089 1
26089 151477 1
26089 7031 1
7031 133886 1
133886 95284 1
95284 57162 1
57162 40784 1
40784 57219 1
57219 58873 1
58873 112303 1
58873 16731 1
58873 131808 1
131808 54598 1
54598 47668 1
54598 91951 1
91951 129118 1
129118 112003 1
129118 22738 1
129118 46860 1
129118 63089 1
63089 78048 1
78048 10475 1
10475 101287 1
101287 27044 1
101287 114059 1
114059 75188 1
75188 105478 1
105478 22679 1
22679 138169 1
138169 92680 1
92680 121045 1
121045 23637 1
23637 76221 1
76221 100503 1
76221 114379 1
114379 36843 1
36843 89913 1
36843 49324 1
36843 128310 1
128310 22599 1
22599 45349 1
45349 103645 1
103645 7999 1
103645 124803 1
124803 87951 1
5537 50669 1
50669 19676 1
19676 29181 1
29181 67480 1
67480 32140 1
32140 45334 1
45334 17530 1
17530 21586 1
17530 60006 1
60006 90474 1
90474 92519 1
92519 110953 1
110953 60712 1
60712 140366 1
140366 149296 1
149296 50574 1
50574 142160 1
142160 76788 1
76788 137426 1
137426 63952 1
63952 91556 1
91556 68092 1
