3664 151996 1
151996 126330 1
151996 31029 1
31029 17665 1
17665 96386 1
96386 7889 1
7889 132879 1
132879 66059 1
66059 104265 1
66059 64770 1
64770 134958 1
134958 2056 1
2056 59556 1
59556 129485 1
129485 65514 1
65514 115883 1
115883 18057 1
18057 98405 1
98405 41513 1
41513 130420 1
41513 94778 1
94778 42549 1
42549 76991 1
42549 111264 1
111264 11209 1
11209 7113 1
7113 3144 1
3144 122871 1
122871 110410 1
110410 58647 1
58647 51789 1
51789 91472 1
91472 48328 1
48328 115744 1
115744 84111 1
84111 119711 1
119711 72589 1
119711 95645 1
95645 58901 1
58901 5634 1
5634 106486 1
106486 113158 1
113158 10323 1
10323 89121 1
10323 19323 1
19323 125287 1
125287 41341 1
125287 122240 1
125287 46349 1
125287 57609 1
57609 111173 1
111173 74857 1
74857 20004 1
74857 152836 1
152836 47041 1
47041 97500 1
47041 440 1
440 33653 1
33653 93491 1
33653 46146 1
33653 141952 1
33653 20249 1
33653 55411 1
33653 31436 1
33653 151923 1
33653 129580 1
129580 59414 1
129580 80859 1
80859 66479 1
66479 45609 1
45609 116582 1
45609 37300 1
45609 137977 1
45609 59245 1
45609 53818 1
45609 25115 1
25115 9691 1
9691 55076 1
55076 135599 1
55076 42254 1
42254 1072 1
1072 48323 1
48323 47550 1
48323 130261 1
48323 28143 1
48323 145729 1
145729 31728 1
31728 52758 1
52758 119345 1
52758 124714 1
124714 51530 1
51530 120954 1
51530 58906 1
51530 111905 1
51530 5739 1
5739 23283 1
5739 81630 1
81630 95101 1
95101 37175 1
37175 108315 1
108315 147811 1
108315 118104 1
118104 86049 1
86049 153740 1
153740 94102 1
94102 144485 1
94102 117344 1
117344 149713 1
149713 121298 1
149713 105628 1
105628 130530 1
130530 61676 1
61676 31671 1
61676 129760 1
129760 112943 1
112943 116048 1
116048 25782 1
25782 130891 1
130891 69582 1
69582 88964 1
88964 69254 1
69254 36871 1
36871 82975 1
36871 147732 1
36871 35377 1
35377 5657 1
5657 98598 1
98598 956 1
956 69226 1
69226 39540 1
39540 40364 1
40364 39623 1
39623 41297 1
39623 54709 1
54709 109827 1
109827 79463 1
109827 14347 1
14347 15229 1
15229 152442 1
15229 119176 1
119176 119221 1
119176 128257 1
119176 106513 1
106513 35726 1
35726 122225 1
122225 47421 1
47421 62569 1
62569 12040 1
12040 40217 1
12040 43712 1
43712 48900 1
48900 58310 1
48900 45377 1
45377 4940 1
45377 132462 1
45377 20539 1
45377 6681 1
6681 54552 1
54552 78585 1
54552 98127 1
98127 1421 1
1421 41229 1
1421 64727 1
1421 128024 1
1421 376 1
376 63194 1
63194 94138 1
94138 98127 1
98127 34669 1
34669 149000 1
149000 29919 1
29919 34084 1
34084 135815 1
135815 57800 1
57800 144967 1
144967 2564 1
2564 122759 1
122759 86049 1
86049 58946 1
58946 49915 1
49915 126642 1
49915 54257 1
54257 50412 1
50412 98070 1
98070 35822 1
35822 7795 1
7795 103710 1
103710 105347 1
105347 17579 1
17579 125591 1
17579 128722 1
128722 61818 1
61818 41076 1
61818 13882 1
61818 116311 1
61818 131727 1
61818 27714 1
61818 31278 1
31278 45377 1
45377 43643 1
43643 69223 1
69223 13483 1
13483 128126 1
128126 132818 1
132818 10323 1
113158 92065 1
92065 21609 1
21609 124404 1
124404 151227 1
124404 106462 1
106462 84611 1
84611 88674 1
84611 20422 1
84611 61861 1
61861 114881 1
114881 3351 1
114881 2245 1
2245 82120 1
82120 149667 1
149667 15810 1
15810 124913 1
124913 98263 1
98263 126050 1
126050 16646 1
126050 63884 1
63884 118948 1
118948 118791 1
118791 115288 1
115288 139266 1
115288 123453 1
115288 84358 1
84358 96243 1
96243 21422 1
96243 85668 1
96243 57556 1
57556 141779 1
141779 124792 1
141779 112725 1
112725 105713 1
105713 78568 1
78568 146429 1
146429 52317 1
52317 84010 1
84010 139356 1
84010 84730 1
84730 41092 1
84730 11209 1
11209 26922 1
26922 90502 1
90502 66636 1
90502 127982 1
90502 43677 1
90502 84256 1
90502 78208 1
90502 84673 1
84673 148533 1
148533 23431 1
148533 106278 1
148533 199 1
148533 88226 1
148533 101260 1
101260 28069 1
28069 106630 1
106630 11378 1
106630 112634 1
112634 154742 1
154742 114059 1
114059 16666 1
16666 42900 1
42900 64341 1
42900 112032 1
112032 41185 1
41185 20400 1
20400 122896 1
122896 132181 1
132181 23919 1
23919 132773 1
23919 133803 1
23919 130616 1
23919 56269 1
23919 57905 1
57905 81963 1
81963 35112 1
81963 71436 1
81963 62145 1
81963 75220 1
81963 76389 1
81963 118953 1
118953 12327 1
12327 61265 1
12327 85957 1
85957 51612 1
51612 123606 1
123606 58512 1
58512 91208 1
58512 75425 1
75425 103741 1
103741 122276 1
122276 113966 1
113966 98263 1
98263 91040 1
91040 2617 1
91040 60785 1
91040 63829 1
91040 32278 1
32278 57532 1
57532 45897 1
57532 121151 1
57532 59707 1
57532 7588 1
7588 40650 1
40650 43679 1
43679 125287 1
125287 38305 1
125287 48872 1
48872 5634 1
106486 93374 1
93374 60555 1
60555 46750 1
46750 139698 1
139698 86263 1
86263 98263 1
98263 22730 1
22730 64321 1
22730 49649 1
49649 47736 1
47736 150472 1
47736 88142 1
88142 118319 1
118319 45391 1
45391 54848 1
54848 32427 1
32427 63710 1
63710 127986 1
127986 22862 1
22862 23584 1
22862 485 1
485 91276 1
485 9915 1
9915 66707 1
66707 18593 1
18593 131033 1
131033 131743 1
131743 85311 1
131743 60551 1
60551 66707 1
66707 77728 1
77728 78510 1
78510 115064 1
115064 5557 1
5557 132818 1
132818 67178 1
67178 15434 1
15434 61633 1
61633 80644 1
80644 9690 1
9690 14177 1
9690 116327 1
116327 73605 1
116327 20061 1
116327 77694 1
77694 110825 1
110825 33971 1
33971 77723 1
77723 7326 1
7326 120593 1
120593 108802 1
108802 29879 1
29879 54111 1
54111 126005 1
126005 52 1
52 113362 1
113362 68994 1
113362 152434 1
152434 152707 1
152707 47252 1
152707 19344 1
152707 102557 1
152707 123979 1
123979 100104 1
100104 19988 1
19988 51253 1
51253 123724 1
51253 126029 1
126029 52163 1
52163 125849 1
125849 52061 1
52061 6756 1
6756 88692 1
88692 70836 1
70836 2031 1
70836 90468 1
90468 76667 1
76667 27276 1
27276 103429 1
27276 120684 1
27276 101458 1
101458 36295 1
36295 94156 1
94156 129485 1
129485 56436 1
56436 123812 1
56436 136491 1
136491 73270 1
73270 11645 1
11645 40902 1
40902 154367 1
40902 139574 1
40902 25828 1
25828 105971 1
105971 72617 1
72617 124934 1
124934 111160 1
111160 106890 1
106890 134010 1
134010 64240 1
134010 93234 1
134010 101368 1
134010 134571 1
134571 112554 1
112554 103283 1
112554 70958 1
112554 112974 1
112554 103271 1
112554 25902 1
112554 29879 1
29879 148495 1
148495 2240 1
2240 20417 1
20417 92405 1
92405 29164 1
29164 24355 1
24355 77933 1
77933 124846 1
77933 89661 1
89661 85298 1
89661 56545 1
56545 71625 1
71625 131908 1
131908 103144 1
103144 6006 1
6006 9759 1
9759 133861 1
133861 31691 1
31691 100748 1
100748 132146 1
132146 104766 1
132146 31433 1
31433 2771 1
2771 76519 1
76519 103070 1
76519 43908 1
43908 56747 1
43908 60759 1
60759 48915 1
60759 118055 1
60759 102849 1
60759 123804 1
60759 19 1
60759 45783 1
45783 153472 1
153472 98156 1
153472 56319 1
56319 35229 1
35229 53072 1
53072 119167 1
119167 35051 1
119167 59656 1
35229 100138 1
35229 46467 1
46467 231 1
231 136606 1
136606 3617 1
3617 153975 1
3617 119054 1
3617 138652 1
3617 19295 1
3617 150909 1
3617 62811 1
3617 123235 1
3617 109119 1
109119 134837 1
134837 76916 1
76916 138969 1
138969 58412 1
138969 136397 1
136397 26677 1
26677 130017 1
130017 133414 1
130017 66822 1
130017 94778 1
94778 107753 1
107753 81931 1
107753 51793 1
51793 47497 1
47497 148633 1
47497 45818 1
51793 99643 1
99643 33759 1
99643 17084 1
17084 52758 1
52758 143528 1
143528 154861 1
154861 147557 1
154861 130190 1
130190 39953 1
39953 48864 1
39953 112183 1
112183 52383 1
52383 40348 1
40348 76211 1
76211 1474 1
1474 34613 1
34613 75380 1
75380 61633 1
61633 13733 1
13733 124786 1
13733 49846 1
49846 119026 1
49846 43788 1
49846 100301 1
100301 41911 1
41911 132633 1
132633 2945 1
2945 101782 1
101782 24760 1
24760 44688 1
24760 120910 1
120910 42695 1
120910 40664 1
120910 149284 1
120910 53750 1
53750 137426 1
137426 72286 1
72286 87653 1
87653 116118 1
116118 92183 1
92183 91743 1
91743 35996 1
35996 26579 1
26579 26708 1
26579 103653 1
103653 66420 1
66420 100995 1
66420 87214 1
66420 30530 1
66420 95750 1
95750 82731 1
95750 129502 1
95750 46428 1
95750 145336 1
95750 72679 1
72679 133813 1
133813 59242 1
59242 119431 1
59242 72923 1
72923 12965 1
12965 36109 1
36109 64219 1
64219 29781 1
29781 62954 1
62954 132283 1
132283 122723 1
122723 5835 1
5835 79076 1
79076 37298 1
37298 18224 1
18224 96610 1
18224 16038 1
18224 111107 1
18224 107143 1
107143 87553 1
87553 93491 1
93491 22727 1
22727 70664 1
70664 127128 1
127128 62203 1
62203 114997 1
114997 11122 1
11122 118282 1
118282 147361 1
147361 29139 1
147361 143492 1
147361 106778 1
106778 81034 1
81034 141686 1
141686 29472 1
29472 139379 1
29472 128960 1
128960 112018 1
112018 138550 1
112018 1243 1
1243 44458 1
44458 102578 1
44458 21931 1
21931 71254 1
71254 50168 1
50168 66267 1
50168 122614 1
50168 43196 1
50168 116180 1
50168 92874 1
50168 24947 1
50168 146786 1
50168 94438 1
50168 4146 1
50168 83661 1
50168 61318 1
50168 149245 1
50168 14236 1
50168 108754 1
50168 57015 1
50168 148005 1
148005 88347 1
88347 124257 1
88347 26059 1
88347 14120 1
88347 137763 1
88347 17741 1
17741 103111 1
103111 89175 1
88347 130199 1
88347 110896 1
110896 93201 1
93201 25614 1
25614 72651 1
72651 40784 1
40784 148608 1
148608 115561 1
115561 55380 1
55380 50450 1
50450 152958 1
50450 110953 1
110953 101363 1
101363 5707 1
5707 152709 1
152709 153113 1
153113 87507 1
87507 5707 1
5707 127117 1
127117 48620 1
48620 31091 1
31091 37774 1
37774 82885 1
37774 60238 1
37774 91083 1
91083 121810 1
121810 70499 1
121810 11888 1
11888 127094 1
127094 51170 1
51170 38323 1
38323 142700 1
142700 81040 1
142700 134201 1
134201 121843 1
121843 128474 1
134201 61588 1
61588 130407 1
130407 92096 1
92096 99257 1
99257 59198 1
59198 115110 1
115110 49752 1
49752 9690 1
9690 28680 1
28680 102482 1
102482 69414 1
69414 83715 1
69414 9219 1
9219 75005 1
75005 115405 1
115405 52451 1
52451 20013 1
20013 74031 1
20013 18644 1
18644 99029 1
99029 96549 1
96549 95151 1
96549 88921 1
96549 23162 1
23162 100904 1
100904 114765 1
114765 69128 1
69128 60414 1
60414 139565 1
139565 96999 1
96999 1466 1
1466 21534 1
1466 125036 1
125036 50981 1
50981 70913 1
70913 24352 1
24352 127205 1
127205 34148 1
127205 138634 1
138634 123140 1
123140 97921 1
123140 95799 1
95799 101654 1
101654 74306 1
74306 27220 1
74306 153507 1
153507 131089 1
153507 29358 1
153507 129440 1
153507 63404 1
63404 7096 1
7096 143210 1
143210 41185 1
41185 78093 1
78093 36321 1
36321 137993 1
137993 128333 1
128333 139436 1
139436 95642 1
95642 45336 1
95642 86155 1
86155 42711 1
42711 18319 1
42711 72039 1
42711 104719 1
104719 52250 1
52250 79215 1
52250 7280 1
52250 51959 1
51959 57007 1
51959 26512 1
51959 59218 1
51959 152730 1
152730 59909 1
59909 113337 1
152730 76678 1
76678 60884 1
60884 134602 1
134602 13573 1
13573 65457 1
13573 108252 1
108252 29839 1
29839 33971 1
110825 134686 1
134686 23991 1
23991 13129 1
23991 104960 1
23991 121086 1
23991 22969 1
22969 31261 1
31261 47865 1
31261 45711 1
31261 143282 1
31261 67973 1
31261 90729 1
31261 59755 1
31261 57825 1
31261 59590 1
31261 148263 1
31261 98071 1
31261 81413 1
31261 33751 1
31261 45075 1
31261 33256 1
31261 111973 1
111973 72840 1
72840 1235 1
72840 96864 1
72840 64180 1
64180 92099 1
92099 75593 1
92099 38991 1
38991 107275 1
107275 80860 1
107275 9642 1
107275 130267 1
130267 29198 1
29198 67183 1
67183 110631 1
67183 65219 1
67183 51413 1
67183 41322 1
67183 3609 1
67183 35851 1
67183 19935 1
67183 29627 1
67183 91927 1
35851 103173 1
103173 104127 1
104127 13444 1
13444 154500 1
154500 52876 1
52876 138838 1
138838 99777 1
99777 13831 1
13831 86233 1
86233 143210 1
143210 116302 1
116302 96539 1
96539 140579 1
140579 140030 1
140030 47583 1
47583 28639 1
28639 36356 1
28639 84911 1
84911 121497 1
121497 52340 1
52340 92222 1
92222 59425 1
59425 71605 1
71605 126489 1
126489 132238 1
132238 83018 1
83018 95317 1
95317 119169 1
119169 70220 1
70220 81558 1
81558 116620 1
116620 52190 1
52190 146884 1
146884 87662 1
146884 103868 1
103868 115883 1
115883 14794 1
14794 148877 1
148877 88055 1
88055 140657 1
140657 35271 1
35271 103266 1
35271 10888 1
10888 66664 1
66664 10592 1
66664 36161 1
66664 100269 1
66664 15226 1
15226 116796 1
116796 63009 1
63009 150012 1
150012 77582 1
150012 145942 1
150012 62055 1
62055 152320 1
152320 56700 1
152320 147413 1
152320 120465 1
120465 115349 1
115349 49619 1
49619 103339 1
49619 138859 1
49619 85860 1
49619 85014 1
85014 99358 1
99358 137824 1
137824 37774 1
37774 98344 1
37774 44426 1
37774 134574 1
37774 131947 1
131947 62760 1
62760 67760 1
67760 69249 1
69249 22767 1
22767 57947 1
57947 410 1
57947 143828 1
57947 100451 1
57947 17382 1
57947 150386 1
57947 61535 1
57947 123442 1
57947 79907 1
57947 71093 1
57947 39798 1
57947 22655 1
57947 39320 1
57947 141070 1
141070 23289 1
23289 86798 1
23289 24415 1
23289 74940 1
74940 132179 1
132179 38751 1
38751 99111 1
99111 125926 1
125926 119255 1
125926 153012 1
153012 108175 1
108175 5739 1
5739 41407 1
41407 132789 1
132789 153783 1
132789 74377 1
74377 114893 1
114893 67723 1
67723 124029 1
124029 93495 1
124029 18236 1
124029 15868 1
124029 22474 1
124029 62333 1
124029 88098 1
124029 38254 1
124029 94671 1
124029 152814 1
124029 141531 1
124029 126893 1
124029 78348 1
124029 33173 1
124029 72720 1
124029 41157 1
124029 4394 1
124029 134390 1
124029 79 1
124029 28390 1
124029 149001 1
124029 112452 1
124029 4737 1
4737 112233 1
112233 47721 1
47721 59356 1
59356 61751 1
61751 144694 1
61751 145892 1
61751 115969 1
115969 25731 1
25731 21243 1
25731 5279 1
25731 108690 1
108690 146328 1
146328 134021 1
146328 133374 1
133374 117233 1
117233 119803 1
119803 149720 1
149720 114104 1
149720 25780 1
25780 75807 1
75807 103302 1
75807 95455 1
95455 42802 1
42802 51733 1
51733 134339 1
134339 34687 1
34687 70451 1
70451 66520 1
66520 141963 1
141963 115274 1
115274 42276 1
42276 97250 1
42276 23330 1
23330 85304 1
85304 15043 1
15043 13557 1
15043 59979 1
59979 139060 1
139060 66283 1
139060 67076 1
67076 88603 1
67076 104553 1
104553 83373 1
83373 99161 1
99161 17194 1
17194 37746 1
37746 64401 1
64401 123326 1
123326 19494 1
19494 1899 1
1899 42374 1
42374 3262 1
3262 82566 1
3262 147845 1
147845 21361 1
21361 62878 1
21361 61698 1
61698 39330 1
39330 4573 1
39330 93278 1
93278 86149 1
93278 99801 1
99801 29305 1
29305 149588 1
29305 108653 1
108653 51527 1
51527 93465 1
51527 102153 1
102153 146365 1
146365 115044 1
146365 90900 1
90900 67829 1
67829 51936 1
67829 75121 1
75121 54482 1
54482 28143 1
28143 129118 1
129118 56843 1
56843 50258 1
50258 56139 1
56139 118628 1
118628 98240 1
98240 95092 1
95092 133466 1
133466 75673 1
75673 100432 1
100432 44405 1
44405 7434 1
44405 77717 1
44405 113561 1
44405 129028 1
129028 14214 1
129028 49209 1
49209 42276 1
42276 66535 1
42276 99257 1
99257 7795 1
7795 54136 1
54136 51221 1
51221 115006 1
115006 10695 1
115006 52190 1
52190 22730 1
22730 76103 1
22730 59367 1
22730 75359 1
22730 92222 1
92222 147734 1
147734 100981 1
100981 137934 1
137934 121711 1
121711 107853 1
107853 69 1
69 41477 1
41477 118702 1
41477 15159 1
15159 147796 1
