12739 113623 1
113623 108766 1
113623 27997 1
113623 130294 1
130294 69187 1
69187 81567 1
69187 149332 1
69187 17323 1
69187 72676 1
69187 80451 1
130294 831 1
831 55692 1
55692 13885 1
13885 30574 1
13885 53380 1
53380 94761 1
94761 122003 1
122003 70099 1
70099 14602 1
70099 127633 1
70099 153264 1
153264 134199 1
134199 69853 1
134199 147048 1
147048 101830 1
101830 92756 1
92756 58059 1
92756 96689 1
92756 14008 1
92756 88591 1
92756 141017 1
141017 85081 1
85081 104671 1
85081 125900 1
125900 51135 1
51135 88271 1
88271 46387 1
46387 31570 1
31570 123373 1
123373 121513 1
121513 49101 1
49101 136816 1
136816 14877 1
14877 96143 1
96143 116057 1
96143 41942 1
96143 99087 1
99087 14196 1
14196 75754 1
75754 542 1
542 55435 1
55435 5557 1
5557 47121 1
47121 25625 1
25625 109459 1
109459 37694 1
37694 50326 1
50326 45391 1
45391 44936 1
44936 11645 1
11645 91646 1
91646 124002 1
124002 132162 1
124002 37923 1
37923 98374 1
98374 64108 1
64108 82518 1
82518 118737 1
118737 105093 1
118737 36773 1
118737 3155 1
118737 78194 1
78194 119810 1
119810 113556 1
119810 64633 1
119810 59352 1
119810 24914 1
119810 3932 1
3932 86544 1
86544 537 1
3932 62143 1
62143 14391 1
62143 72176 1
72176 87934 1
87934 86257 1
86257 97952 1
97952 126812 1
126812 91899 1
91899 115867 1
115867 135720 1
135720 154588 1
154588 18343 1
154588 76976 1
76976 70996 1
70996 57010 1
57010 136412 1
136412 46846 1
46846 127112 1
127112 27696 1
27696 120663 1
120663 8925 1
120663 2912 1
120663 115977 1
115977 137236 1
137236 47304 1
47304 60213 1
60213 12828 1
60213 45940 1
45940 131192 1
131192 140040 1
131192 25616 1
131192 45311 1
45311 102554 1
102554 126285 1
126285 99365 1
99365 40213 1
40213 134686 1
134686 50375 1
50375 13457 1
13457 12702 1
12702 96082 1
96082 59145 1
59145 152427 1
152427 12234 1
12234 91277 1
12234 83398 1
83398 43597 1
43597 36230 1
43597 80585 1
80585 44791 1
44791 28685 1
44791 109469 1
44791 42239 1
44791 24022 1
44791 86607 1
44791 40998 1
44791 77482 1
44791 70190 1
44791 118680 1
118680 65315 1
65315 14164 1
14164 75755 1
75755 57766 1
57766 99004 1
99004 36287 1
36287 29264 1
29264 5684 1
5684 30467 1
5684 153006 1
153006 150098 1
150098 34461 1
34461 87808 1
87808 57077 1
57077 124217 1
124217 107801 1
107801 100474 1
107801 140831 1
140831 100179 1
100179 146864 1
100179 41483 1
41483 73647 1
73647 112829 1
112829 114059 1
114059 46341 1
46341 37401 1
37401 15073 1
15073 66781 1
66781 46239 1
46239 99869 1
99869 97060 1
97060 94265 1
94265 123974 1
123974 31452 1
123974 13611 1
13611 22301 1
22301 144538 1
22301 145293 1
22301 153670 1
22301 56528 1
56528 124725 1
124725 141097 1
141097 129810 1
129810 19153 1
19153 49418 1
49418 153934 1
153934 15827 1
15827 94278 1
94278 20634 1
20634 14782 1
14782 145031 1
145031 152214 1
152214 25318 1
25318 36817 1
25318 19325 1
19325 13457 1
13457 45304 1
45304 87149 1
87149 19561 1
19561 36871 1
36871 55815 1
36871 147732 1
36871 806 1
806 135962 1
135962 131192 1
131192 42546 1
42546 137184 1
137184 107598 1
107598 35094 1
107598 147925 1
147925 115528 1
115528 73364 1
73364 53868 1
53868 138763 1
138763 76631 1
76631 76869 1
76869 97155 1
76869 27296 1
27296 17231 1
17231 34337 1
34337 7728 1
7728 82472 1
82472 91115 1
91115 56897 1
56897 80494 1
80494 120816 1
120816 8247 1
8247 9432 1
9432 53396 1
53396 24599 1
24599 6087 1
6087 98145 1
98145 122337 1
122337 118442 1
122337 114379 1
114379 58901 1
58901 37491 1
37491 131033 1
131033 118508 1
118508 135597 1
135597 137116 1
137116 138671 1
138671 22302 1
22302 143704 1
143704 57129 1
57129 55445 1
57129 141073 1
141073 29919 1
29919 20764 1
20764 50423 1
50423 107126 1
107126 139272 1
107126 8878 1
107126 123943 1
123943 15089 1
15089 123356 1
123356 69224 1
123356 116941 1
116941 103390 1
103390 21607 1
21607 50089 1
50089 56043 1
56043 7887 1
7887 78247 1
78247 57800 1
57800 10586 1
10586 103390 1
103390 14473 1
14473 118137 1
118137 136899 1
118137 115518 1
115518 2792 1
115518 126769 1
126769 77788 1
77788 133341 1
133341 33327 1
33327 43751 1
43751 23909 1
23909 136246 1
23909 54117 1
54117 10381 1
10381 145810 1
10381 132545 1
10381 72912 1
10381 103739 1
10381 73182 1
73182 104857 1
104857 142195 1
142195 50303 1
50303 137426 1
137426 151544 1
151544 55161 1
151544 86010 1
86010 142137 1
142137 113723 1
113723 128100 1
128100 113072 1
128100 19479 1
19479 102116 1
102116 21535 1
21535 9631 1
9631 75380 1
75380 104542 1
75380 8834 1
8834 140704 1
140704 76316 1
76316 35899 1
35899 60911 1
60911 6060 1
6060 95629 1
95629 142834 1
142834 13873 1
13873 98291 1
98291 113860 1
113860 124509 1
124509 22243 1
22243 94870 1
94870 98439 1
94870 3795 1
3795 140807 1
3795 150761 1
3795 127427 1
127427 19339 1
19339 73464 1
19339 64329 1
64329 39483 1
39483 109530 1
39483 13510 1
13510 151287 1
151287 91772 1
91772 131528 1
131528 122059 1
122059 107728 1
107728 100222 1
107728 14730 1
107728 5336 1
5336 75688 1
75688 151370 1
151370 81332 1
81332 60275 1
60275 66908 1
66908 65612 1
66908 141287 1
141287 79109 1
141287 66644 1
141287 136088 1
136088 154575 1
154575 135736 1
135736 22373 1
22373 134558 1
134558 110203 1
110203 98439 1
98439 154207 1
154207 89201 1
89201 60592 1
89201 14877 1
14877 150249 1
150249 101718 1
101718 126493 1
126493 8427 1
8427 114426 1
114426 5910 1
5910 99616 1
99616 117447 1
117447 41005 1
41005 71368 1
71368 103868 1
103868 29533 1
29533 53336 1
53336 14785 1
53336 12855 1
53336 58717 1
53336 48775 1
48775 81128 1
81128 91771 1
91771 44253 1
44253 122910 1
122910 121427 1
121427 47312 1
47312 65902 1
65902 80570 1
65902 23460 1
65902 86457 1
86457 22414 1
22414 44384 1
44384 41007 1
41007 127198 1
127198 105570 1
127198 102883 1
127198 112970 1
112970 154410 1
154410 121427 1
121427 33131 1
33131 108279 1
108279 89161 1
89161 71538 1
71538 52770 1
52770 99998 1
99998 5510 1
5510 70716 1
70716 99037 1
99037 52055 1
52055 97712 1
52055 7019 1
7019 37666 1
37666 35996 1
35996 61193 1
61193 84111 1
84111 47060 1
47060 11334 1
11334 127494 1
127494 8685 1
127494 144181 1
144181 58538 1
58538 35137 1
35137 153872 1
153872 10767 1
10767 65840 1
65840 154277 1
65840 20775 1
20775 65486 1
65486 118552 1
65486 13797 1
13797 18277 1
18277 52526 1
52526 132610 1
52526 117643 1
52526 92477 1
52526 85601 1
85601 39332 1
39332 65478 1
65478 46066 1
65478 96999 1
96999 94 1
94 40061 1
94 30462 1
94 118635 1
94 40037 1
94 65838 1
94 61751 1
61751 91415 1
91415 52321 1
52321 84529 1
84529 143366 1
143366 125437 1
125437 66408 1
66408 149096 1
66408 149537 1
149537 56756 1
56756 37418 1
56756 135983 1
56756 11534 1
56756 50345 1
50345 61889 1
61889 81098 1
81098 152119 1
152119 129095 1
152119 135533 1
135533 152287 1
152287 113691 1
113691 26548 1
26548 52967 1
26548 24278 1
26548 149368 1
26548 98028 1
98028 98564 1
98564 60884 1
60884 24878 1
24878 48589 1
48589 987 1
987 98028 1
98028 60951 1
60951 130154 1
130154 77410 1
77410 128310 1
128310 41934 1
41934 54123 1
54123 35187 1
35187 151562 1
151562 151946 1
151946 50303 1
50303 126602 1
50303 39075 1
39075 140169 1
140169 30581 1
30581 15305 1
15305 30583 1
15305 154153 1
154153 103054 1
103054 3619 1
3619 103687 1
103687 60924 1
60924 21382 1
21382 140534 1
21382 92994 1
92994 88123 1
88123 144152 1
88123 121488 1
88123 120764 1
88123 121266 1
121266 28142 1
28142 121 1
121 101675 1
121 59027 1
59027 113334 1
113334 42409 1
42409 123255 1
123255 65810 1
65810 76628 1
76628 51193 1
76628 87874 1
87874 153547 1
153547 62583 1
62583 144629 1
144629 62891 1
62891 30076 1
30076 52684 1
30076 144250 1
30076 32666 1
32666 143288 1
143288 13611 1
13611 34585 1
34585 96034 1
96034 32139 1
32139 1879 1
32139 153674 1
32139 132159 1
32139 33564 1
32139 29069 1
32139 113245 1
32139 105085 1
105085 149294 1
149294 74604 1
149294 52121 1
52121 30981 1
30981 130905 1
130905 30842 1
30842 36600 1
36600 99534 1
36600 117264 1
36600 40370 1
36600 18291 1
36600 41425 1
41425 139506 1
139506 83745 1
83745 94571 1
94571 81069 1
81069 154882 1
81069 89661 1
89661 29854 1
89661 29863 1
29863 54598 1
54598 140097 1
140097 39827 1
39827 98138 1
39827 19077 1
39827 44464 1
39827 58751 1
58751 134068 1
134068 54415 1
54415 69123 1
69123 37694 1
37694 34440 1
34440 85797 1
85797 66262 1
85797 31430 1
31430 97354 1
31430 74220 1
74220 139244 1
74220 81128 1
81128 2245 1
2245 144943 1
144943 85012 1
85012 39201 1
39201 118012 1
118012 13873 1
13873 123515 1
123515 61676 1
61676 47030 1
61676 106542 1
106542 90939 1
106542 55186 1
106542 117352 1
106542 127269 1
106542 75307 1
117352 118204 1
118204 61428 1
61428 97467 1
97467 79567 1
97467 49771 1
49771 125156 1
125156 93115 1
93115 23330 1
23330 46417 1
46417 109309 1
109309 123343 1
109309 124550 1
109309 96333 1
96333 26155 1
26155 22973 1
22973 148836 1
148836 17565 1
17565 20827 1
20827 70760 1
20827 24468 1
24468 2771 1
2771 45071 1
2771 154579 1
154579 8780 1
8780 107224 1
107224 13318 1
13318 127206 1
127206 61395 1
61395 49020 1
49020 27732 1
27732 26767 1
26767 94609 1
94609 45236 1
45236 120440 1
120440 93920 1
120440 132215 1
120440 124285 1
124285 93975 1
93975 121999 1
93975 81599 1
93975 127580 1
127580 9189 1
9189 68841 1
9189 64270 1
64270 132136 1
64270 112026 1
112026 91921 1
91921 81091 1
81091 3647 1
3647 143045 1
143045 79663 1
79663 107370 1
107370 76956 1
76956 118284 1
118284 26325 1
118284 139205 1
118284 24470 1
24470 75541 1
75541 118344 1
118344 84111 1
84111 124234 1
124234 52190 1
52190 122102 1
122102 130530 1
130530 74480 1
74480 7219 1
74480 149247 1
149247 99703 1
99703 96903 1
99703 53316 1
53316 141677 1
141677 40046 1
40046 120751 1
120751 723 1
723 53729 1
53729 154559 1
154559 111825 1
111825 66101 1
111825 109189 1
109189 145624 1
145624 54745 1
54745 9431 1
9431 102941 1
102941 40373 1
40373 83129 1
40373 5446 1
5446 5739 1
5739 67433 1
5739 145087 1
5739 41407 1
5739 81630 1
81630 61430 1
61430 10219 1
10219 126834 1
126834 4335 1
4335 126126 1
4335 17465 1
17465 81923 1
17465 120588 1
17465 149328 1
149328 81047 1
81047 3177 1
3177 79512 1
79512 34259 1
34259 83084 1
34259 109196 1
34259 136729 1
34259 77507 1
77507 128232 1
128232 59425 1
59425 137305 1
137305 70047 1
70047 152003 1
70047 70760 1
70760 75801 1
75801 22637 1
75801 81207 1
81207 72274 1
81207 40727 1
40727 62084 1
62084 16731 1
16731 122871 1
122871 57098 1
122871 99090 1
122871 37992 1
37992 75081 1
75081 151414 1
151414 68266 1
68266 139635 1
68266 69704 1
68266 117876 1
68266 125388 1
125388 78569 1
125388 26763 1
26763 10857 1
10857 16712 1
16712 69904 1
16712 42031 1
16712 125498 1
125498 109143 1
109143 78426 1
78426 115518 1
115518 102648 1
102648 7588 1
7588 125880 1
125880 106967 1
106967 102952 1
102952 83956 1
83956 122030 1
83956 153477 1
153477 18249 1
18249 116882 1
116882 101069 1
101069 114528 1
101069 108847 1
101069 24909 1
24909 123873 1
123873 131161 1
123873 75913 1
123873 124441 1
123873 70034 1
70034 44380 1
44380 138180 1
138180 71183 1
71183 101950 1
101950 65146 1
65146 105869 1
105869 85 1
85 34753 1
34753 136816 1
136816 20134 1
20134 72032 1
72032 63179 1
63179 42372 1
42372 118791 1
118791 75445 1
75445 118146 1
118146 53452 1
53452 21943 1
21943 133057 1
133057 117742 1
117742 21087 1
21087 51514 1
51514 39188 1
51514 10209 1
10209 146884 1
146884 115200 1
115200 2910 1
115200 152310 1
152310 154434 1
154434 91249 1
91249 87516 1
87516 124714 1
124714 32782 1
32782 133875 1
32782 138183 1
138183 147186 1
138183 120693 1
120693 106942 1
120693 112943 1
112943 8377 1
8377 32863 1
32863 78901 1
32863 49829 1
32863 30796 1
30796 97114 1
97114 49029 1
49029 4965 1
49029 8973 1
8973 151066 1
151066 23805 1
23805 92713 1
92713 135295 1
135295 51699 1
135295 37055 1
37055 55766 1
37055 124995 1
124995 46960 1
46960 20401 1
46960 65858 1
46960 127578 1
127578 108080 1
108080 70897 1
108080 75316 1
108080 14082 1
108080 23989 1
108080 11301 1
11301 123038 1
123038 13546 1
13546 101241 1
101241 44047 1
101241 93842 1
93842 94013 1
94013 51882 1
94013 126784 1
126784 6135 1
6135 137061 1
137061 34179 1
137061 132731 1
132731 23293 1
23293 21597 1
23293 96325 1
96325 102329 1
102329 140781 1
102329 124515 1
102329 89252 1
102329 66544 1
66544 118807 1
118807 154670 1
118807 48748 1
48748 71836 1
71836 148702 1
148702 46153 1
148702 73544 1
148702 59394 1
148702 26 1
148702 59222 1
148702 128995 1
128995 18719 1
18719 64718 1
18719 18627 1
18719 121201 1
18719 61384 1
18719 1765 1
18719 126067 1
18719 9468 1
18719 41039 1
18719 141091 1
18719 109249 1
18719 5227 1
5227 5536 1
5536 2992 1
5536 36176 1
5536 137281 1
5536 26686 1
26686 14828 1
14828 154799 1
14828 98329 1
98329 66080 1
66080 129429 1
129429 153785 1
153785 53005 1
53005 126354 1
53005 90251 1
53005 105502 1
105502 99560 1
99560 53297 1
99560 76933 1
76933 23852 1
23852 111429 1
23852 41295 1
41295 91678 1
91678 39175 1
39175 68776 1
68776 126418 1
68776 5629 1
68776 5834 1
68776 60170 1
68776 27994 1
68776 127252 1
127252 143006 1
143006 135266 1
143006 37720 1
143006 8474 1
143006 130062 1
143006 46455 1
143006 17562 1
143006 58525 1
58525 140977 1
140977 31736 1
140977 67665 1
140977 139826 1
140977 145705 1
140977 7901 1
140977 54185 1
54185 59076 1
54185 123210 1
123210 113979 1
113979 67039 1
67039 60906 1
60906 9669 1
60906 126689 1
126689 4651 1
4651 122907 1
122907 74211 1
74211 122896 1
122896 93327 1
93327 30824 1
93327 101318 1
101318 128725 1
128725 50375 1
50375 42358 1
42358 80705 1
80705 7829 1
80705 13697 1
13697 16656 1
13697 144113 1
144113 18903 1
18903 34481 1
18903 67541 1
18903 68471 1
68471 62509 1
62509 41765 1
41765 30648 1
30648 79112 1
30648 60995 1
30648 63433 1
30648 28014 1
28014 105716 1
105716 6471 1
105716 29488 1
105716 5868 1
105716 46657 1
105716 27345 1
105716 63105 1
105716 106097 1
106097 97944 1
97944 22926 1
22926 68767 1
68767 136870 1
136870 79746 1
79746 70326 1
79746 76998 1
79746 39483 1
39483 152674 1
152674 52055 1
52055 50204 1
52055 29283 1
52055 42128 1
52055 18000 1
18000 111700 1
111700 38666 1
38666 75017 1
75017 67380 1
75017 59384 1
75017 87270 1
87270 153472 1
153472 130585 1
153472 7272 1
7272 38565 1
38565 119753 1
119753 93087 1
93087 32270 1
93087 2835 1
2835 72286 1
72286 98865 1
72286 7821 1
7821 24554 1
24554 28929 1
28929 11800 1
11800 32963 1
32963 59967 1
59967 26089 1
26089 101183 1
101183 815 1
815 131408 1
815 23365 1
23365 39817 1
39817 9690 1
9690 122187 1
122187 91961 1
91961 11694 1
11694 37549 1
37549 128277 1
128277 70110 1
128277 140293 1
128277 29235 1
29235 136324 1
136324 35823 1
35823 9666 1
9666 103001 1
103001 38383 1
38383 137156 1
38383 69685 1
69685 36933 1
36933 18721 1
18721 23330 1
23330 25594 1
25594 74397 1
25594 108144 1
108144 89867 1
89867 128596 1
128596 80863 1
80863 48984 1
48984 59065 1
59065 130420 1
130420 110478 1
110478 126709 1
110478 110833 1
110833 139912 1
139912 112532 1
112532 150097 1
112532 60660 1
60660 31120 1
31120 63089 1
63089 78048 1
78048 93633 1
93633 72329 1
72329 40599 1
40599 117042 1
40599 94396 1
94396 37305 1
37305 87259 1
87259 73931 1
73931 142056 1
142056 8315 1
8315 84433 1
84433 16040 1
84433 101328 1
84433 30955 1
84433 2290 1
2290 4752 1
4752 90992 1
4752 75481 1
4752 15825 1
4752 82864 1
82864 94261 1
94261 39135 1
39135 136373 1
136373 11804 1
136373 48555 1
136373 45419 1
45419 81416 1
81416 12914 1
12914 117999 1
117999 45296 1
117999 22212 1
22212 142431 1
142431 147652 1
142431 132123 1
132123 107736 1
107736 128011 1
128011 32941 1
32941 8987 1
8987 2265 1
8987 137986 1
137986 87710 1
87710 53997 1
53997 54284 1
54284 47280 1
47280 135700 1
47280 9156 1
9156 28473 1
28473 125799 1
125799 842 1
842 70296 1
70296 95463 1
95463 73990 1
73990 116850 1
116850 58419 1
58419 125706 1
125706 39187 1
39187 71958 1
71958 117941 1
71958 146941 1
71958 66356 1
71958 13575 1
13575 10919 1
10919 71958 1
71958 56099 1
56099 82578 1
82578 134273 1
134273 63149 1
63149 131971 1
63149 6331 1
63149 123055 1
123055 32863 1
32863 89861 1
32863 19676 1
19676 121540 1
121540 153452 1
121540 153032 1
153032 128433 1
128433 76233 1
76233 56869 1
56869 89123 1
89123 35556 1
35556 85182 1
35556 801 1
801 37574 1
37574 12905 1
12905 71123 1
71123 25022 1
25022 84376 1
25022 71589 1
25022 80945 1
80945 132905 1
132905 85967 1
85967 100081 1
100081 148339 1
148339 93174 1
93174 19018 1
19018 41425 1
41425 55597 1
55597 88401 1
88401 103224 1
103224 86170 1
86170 44419 1
44419 125109 1
44419 51873 1
44419 137374 1
137374 132207 1
132207 86405 1
132207 4918 1
132207 44670 1
132207 136865 1
132207 49707 1
132207 23333 1
23333 68266 1
68266 117077 1
117077 83956 1
83956 74780 1
74780 116239 1
116239 61285 1
61285 27732 1
27732 25158 1
25158 42970 1
42970 66053 1
42970 101019 1
42970 144085 1
144085 96230 1
96230 112915 1
112915 109363 1
112915 47477 1
47477 83888 1
83888 115192 1
115192 121123 1
121123 148683 1
121123 140129 1
140129 52848 1
52848 56182 1
56182 72109 1
72109 137190 1
72109 106422 1
106422 108208 1
108208 109084 1
108208 96698 1
96698 146116 1
146116 109247 1
146116 11594 1
146116 48624 1
146116 52338 1
52338 26548 1
26548 137158 1
137158 118150 1
137158 39432 1
137158 33163 1
137158 96000 1
96000 14794 1
14794 99592 1
99592 82773 1
82773 37056 1
82773 103534 1
103534 150431 1
103534 103718 1
103534 82347 1
82347 12394 1
12394 116064 1
12394 97630 1
97630 54415 1
54415 40861 1
40861 153477 1
153477 33288 1
33288 63295 1
63295 40518 1
40518 19618 1
19618 62245 1
19618 127213 1
127213 115400 1
115400 17149 1
17149 104302 1
104302 21421 1
21421 121802 1
115400 132644 1
115400 135947 1
135947 82109 1
82109 76877 1
82109 28618 1
82109 115947 1
82109 66122 1
82109 42455 1
82109 146516 1
82109 32463 1
32463 102438 1
102438 123785 1
123785 55959 1
55959 63453 1
63453 114507 1
114507 144105 1
114507 79650 1
114507 122449 1
122449 58910 1
58910 129057 1
58910 130133 1
58910 102401 1
58910 118062 1
118062 88130 1
88130 120313 1
120313 91346 1
91346 130154 1
130154 97650 1
130154 85890 1
130154 114280 1
130154 139515 1
130154 9869 1
9869 113540 1
9869 35593 1
9869 37350 1
37350 81690 1
81690 60206 1
60206 41999 1
41999 8073 1
41999 75295 1
75295 9654 1
9654 138685 1
9654 113891 1
113891 13547 1
13547 140182 1
140182 120624 1
120624 54284 1
54284 6639 1
6639 131577 1
131577 24242 1
24242 118450 1
131577 29586 1
131577 38336 1
131577 60421 1
131577 43207 1
131577 35839 1
35839 69316 1
69316 3477 1
3477 7295 1
7295 6718 1
6718 135321 1
135321 52116 1
52116 71845 1
52116 143634 1
52116 150292 1
52116 41993 1
41993 96094 1
96094 143145 1
96094 43027 1
96094 73177 1
73177 33470 1
73177 50649 1
50649 49871 1
49871 125216 1
125216 60188 1
60188 11853 1
11853 18996 1
18996 99328 1
18996 37206 1
18996 34196 1
34196 43315 1
43315 66193 1
66193 67365 1
67365 151106 1
151106 144859 1
151106 97610 1
97610 125018 1
97610 114162 1
97610 20226 1
97610 147450 1
147450 66680 1
66680 75526 1
75526 110825 1
110825 44257 1
110825 145852 1
110825 115520 1
115520 25920 1
25920 69965 1
25920 78907 1
25920 103915 1
103915 84796 1
84796 134755 1
84796 63441 1
63441 114379 1
114379 117216 1
117216 138174 1
138174 126497 1
138174 6986 1
6986 71631 1
71631 89709 1
89709 31278 1
31278 43579 1
43579 26853 1
43579 43451 1
43451 29018 1
43451 146884 1
146884 26853 1
26853 62454 1
62454 54604 1
54604 9221 1
54604 66475 1
54604 87509 1
87509 64374 1
87509 88035 1
88035 35605 1
88035 67522 1
88035 123080 1
123080 19098 1
19098 318 1
318 154747 1
154747 54604 1
54604 134083 1
54604 110767 1
110767 21520 1
21520 104383 1
104383 93871 1
104383 135851 1
21520 44352 1
44352 13262 1
13262 28287 1
28287 106073 1
106073 5860 1
5860 64680 1
64680 130294 1
130294 122905 1
122905 90900 1
122905 14230 1
122905 71105 1
122905 74871 1
74871 92770 1
92770 17992 1
92770 81677 1
81677 65708 1
65708 10332 1
10332 152275 1
152275 98599 1
98599 57769 1
57769 34669 1
34669 3843 1
3843 55823 1
3843 114616 1
3843 146733 1
146733 17251 1
17251 81456 1
81456 132728 1
132728 81421 1
81421 29896 1
29896 124314 1
124314 136017 1
124314 114422 1
124314 92021 1
92021 110385 1
110385 138626 1
110385 128797 1
110385 29955 1
29955 110899 1
110899 104194 1
110899 96284 1
110899 109466 1
109466 83328 1
83328 22726 1
22726 51826 1
51826 47087 1
47087 41892 1
41892 150933 1
150933 124733 1
150933 135778 1
135778 21235 1
21235 126757 1
21235 144165 1
21235 136032 1
21235 33235 1
21235 34082 1
34082 15094 1
15094 105248 1
15094 68429 1
68429 115899 1
115899 32406 1
32406 134014 1
134014 25945 1
25945 109718 1
109718 72240 1
72240 84896 1
84896 101451 1
101451 127798 1
127798 31772 1
31772 19971 1
19971 128247 1
128247 114334 1
114334 98374 1
98374 44215 1
44215 118137 1
118137 571 1
118137 74140 1
74140 20869 1
20869 31295 1
31295 1631 1
1631 19984 1
19984 12394 1
12394 47521 1
47521 65504 1
65504 871 1
871 911 1
911 67199 1
67199 45107 1
45107 54187 1
67199 83971 1
83971 7933 1
7933 49051 1
49051 2356 1
2356 98415 1
2356 53393 1
2356 150635 1
2356 31324 1
31324 144284 1
144284 96539 1
96539 118968 1
118968 147539 1
118968 22243 1
22243 27849 1
27849 145725 1
145725 93756 1
93756 76398 1
93756 89468 1
89468 118605 1
118605 68584 1
68584 81699 1
81699 105980 1
81699 123980 1
81699 17577 1
81699 105032 1
105032 83895 1
83895 85895 1
85895 13186 1
13186 131024 1
131024 44049 1
44049 24767 1
44049 84246 1
44049 8394 1
44049 143867 1
44049 145144 1
44049 89661 1
89661 42721 1
89661 18004 1
18004 46714 1
46714 89167 1
89167 52201 1
52201 69521 1
52201 138964 1
138964 61748 1
61748 48796 1
61748 28074 1
61748 154658 1
61748 80231 1
80231 124372 1
124372 23594 1
23594 63005 1
63005 90295 1
90295 117012 1
117012 136816 1
136816 43751 1
43751 449 1
449 127246 1
127246 20134 1
20134 10157 1
20134 88972 1
88972 63005 1
63005 18807 1
18807 22483 1
22483 125241 1
125241 95353 1
95353 3475 1
3475 88035 1
88035 92207 1
88035 31560 1
88035 17405 1
88035 24628 1
88035 105089 1
88035 94587 1
88035 15831 1
88035 48961 1
88035 2894 1
2894 91472 1
91472 119000 1
119000 118012 1
118012 27190 1
118012 41999 1
41999 98607 1
98607 22612 1
22612 39125 1
22612 103168 1
22612 17151 1
22612 128947 1
22612 9792 1
9792 46543 1
46543 44428 1
44428 12496 1
44428 137129 1
137129 120148 1
120148 134063 1
120148 72344 1
120148 4199 1
4199 89084 1
4199 109219 1
109219 118268 1
118268 8218 1
8218 53284 1
8218 91408 1
8218 108699 1
8218 74201 1
74201 41323 1
41323 46511 1
41323 47984 1
41323 71328 1
41323 104893 1
41323 153488 1
153488 19206 1
19206 137326 1
137326 101291 1
137326 79345 1
137326 81671 1
137326 133948 1
133948 154447 1
154447 84323 1
154447 57411 1
57411 75949 1
75949 43643 1
43643 53396 1
53396 40663 1
40663 153247 1
153247 19069 1
