15698 52220 1
52220 20188 1
52220 121545 1
121545 152015 1
121545 31844 1
31844 36564 1
36564 108772 1
108772 126261 1
126261 58712 1
58712 87324 1
87324 79750 1
87324 130961 1
87324 120387 1
120387 151802 1
151802 58712 1
58712 126473 1
126473 77332 1
77332 89747 1
89747 44110 1
44110 81872 1
81872 3438 1
3438 141657 1
141657 1991 1
1991 151135 1
1991 125063 1
125063 137660 1
137660 48283 1
137660 1370 1
1370 71776 1
71776 130437 1
130437 2325 1
2325 9496 1
2325 48034 1
2325 91635 1
2325 93121 1
93121 106965 1
106965 120564 1
106965 35677 1
106965 82969 1
106965 133322 1
106965 145630 1
106965 3124 1
106965 124481 1
106965 97562 1
106965 964 1
106965 31711 1
106965 147468 1
106965 148550 1
106965 2974 1
106965 113195 1
106965 21553 1
106965 116785 1
106965 2391 1
106965 63704 1
106965 128355 1
106965 62997 1
106965 93784 1
106965 35161 1
106965 228 1
106965 14700 1
106965 127254 1
127254 34513 1
34513 136767 1
34513 17479 1
34513 41933 1
41933 71538 1
41933 98606 1
98606 63909 1
98606 35152 1
98606 2103 1
2103 77068 1
77068 28255 1
28255 143369 1
143369 4099 1
4099 89523 1
89523 50353 1
89523 119683 1
89523 31750 1
89523 13475 1
89523 144281 1
144281 104730 1
104730 74907 1
74907 131285 1
131285 75784 1
75784 133818 1
133818 142235 1
133818 62393 1
62393 116601 1
62393 88080 1
62393 61224 1
61224 109029 1
61224 45563 1
61224 6264 1
6264 75380 1
75380 136514 1
75380 62580 1
62580 128786 1
128786 12638 1
12638 30740 1
30740 13906 1
13906 25049 1
25049 36695 1
36695 125849 1
125849 58902 1
58902 149217 1
149217 134217 1
134217 27339 1
27339 91646 1
91646 23109 1
23109 107130 1
107130 2184 1
107130 75006 1
107130 148563 1
107130 31956 1
31956 32809 1
32809 145286 1
145286 41986 1
41986 142167 1
41986 104985 1
104985 83269 1
83269 2709 1
2709 37523 1
37523 115424 1
37523 48646 1
37523 54488 1
54488 4076 1
4076 117447 1
117447 42275 1
42275 40703 1
42275 61584 1
61584 4076 1
4076 24760 1
24760 141894 1
141894 67039 1
67039 94988 1
94988 78368 1
94988 72868 1
72868 126581 1
126581 94162 1
94162 151460 1
151460 124308 1
151460 31752 1
31752 64638 1
31752 43289 1
43289 35896 1
35896 94239 1
94239 35510 1
35510 53693 1
35510 85690 1
85690 11497 1
11497 43363 1
43363 38588 1
11497 6131 1
6131 85252 1
85252 99869 1
99869 56319 1
56319 137426 1
137426 22234 1
22234 40953 1
40953 122588 1
122588 49058 1
49058 7281 1
49058 6161 1
6161 130407 1
130407 97732 1
97732 5557 1
5557 4776 1
4776 21815 1
21815 71631 1
21815 28178 1
28178 136530 1
28178 12745 1
21815 100301 1
100301 101458 1
101458 91916 1
91916 5159 1
91916 61861 1
61861 11508 1
11508 135314 1
135314 70674 1
135314 3760 1
3760 100683 1
100683 133422 1
133422 114152 1
133422 27012 1
133422 108727 1
133422 134970 1
133422 139767 1
133422 24909 1
24909 51985 1
51985 66144 1
66144 133454 1
133454 1462 1
1462 98668 1
133454 88877 1
88877 50657 1
50657 90832 1
90832 138767 1
90832 112787 1
112787 95072 1
95072 107134 1
107134 37829 1
37829 141831 1
141831 103307 1
103307 98577 1
98577 49333 1
49333 137329 1
137329 88367 1
137329 2088 1
2088 149271 1
149271 12890 1
12890 34282 1
34282 119213 1
119213 54183 1
119213 91256 1
119213 51243 1
119213 142723 1
119213 78110 1
78110 53406 1
53406 153802 1
53406 42535 1
42535 152628 1
152628 112514 1
112514 137012 1
137012 37262 1
37262 123763 1
123763 97866 1
97866 72723 1
72723 34881 1
34881 31011 1
31011 138230 1
31011 126798 1
126798 144000 1
144000 112486 1
144000 108241 1
144000 92596 1
144000 111656 1
144000 113493 1
113493 124185 1
124185 99866 1
99866 28039 1
28039 44067 1
44067 2311 1
2311 85362 1
2311 50036 1
50036 150636 1
150636 43363 1
43363 51941 1
51941 94382 1
94382 3700 1
3700 137286 1
137286 71350 1
71350 80500 1
80500 141894 1
141894 60306 1
60306 81476 1
81476 41710 1
81476 2157 1
81476 154410 1
154410 26760 1
26760 47164 1
47164 153159 1
153159 117738 1
153159 78093 1
78093 67133 1
67133 95248 1
67133 111169 1
111169 11969 1
111169 31052 1
31052 121070 1
121070 34243 1
34243 1072 1
1072 70335 1
70335 136652 1
136652 152242 1
152242 35 1
136652 13457 1
13457 19325 1
13457 30048 1
30048 139484 1
139484 1377 1
1377 80104 1
80104 27367 1
27367 122014 1
122014 33550 1
33550 82096 1
82096 91172 1
91172 98766 1
91172 53597 1
53597 128090 1
128090 54900 1
128090 75976 1
75976 44055 1
44055 64938 1
64938 106073 1
106073 149328 1
149328 93233 1
149328 100024 1
100024 7629 1
7629 33631 1
33631 144422 1
144422 99764 1
144422 46183 1
46183 37694 1
37694 128523 1
128523 55298 1
55298 12702 1
12702 64163 1
64163 27132 1
27132 121734 1
121734 74869 1
74869 23794 1
23794 133092 1
133092 99012 1
99012 22201 1
99012 14352 1
99012 99694 1
99012 77598 1
99012 128601 1
99012 68197 1
99012 63830 1
99012 41342 1
99012 121031 1
121031 123887 1
121031 113639 1
113639 63485 1
63485 124857 1
124857 11196 1
11196 77774 1
11196 107926 1
11196 16315 1
11196 139183 1
139183 1925 1
1925 59508 1
59508 45771 1
45771 21418 1
21418 86121 1
21418 45858 1
21418 67221 1
21418 70550 1
21418 127940 1
21418 130750 1
130750 98419 1
98419 34393 1
34393 57016 1
57016 106145 1
106145 37792 1
37792 130414 1
130414 152979 1
152979 92912 1
152979 104640 1
104640 104767 1
104767 33102 1
104767 104307 1
104767 57066 1
57066 116796 1
116796 63009 1
63009 20152 1
20152 79436 1
20152 73091 1
20152 14727 1
14727 54292 1
54292 57573 1
57573 44212 1
44212 43658 1
44212 87697 1
44212 130336 1
130336 90318 1
130336 151299 1
130336 90961 1
90961 81963 1
81963 51041 1
81963 33559 1
81963 37766 1
90961 22301 1
22301 13611 1
13611 123974 1
123974 40291 1
123974 87465 1
87465 146999 1
146999 25487 1
146999 87533 1
87533 39323 1
39323 109105 1
39323 70504 1
39323 100454 1
39323 66740 1
39323 35421 1
39323 97975 1
97975 154200 1
154200 134090 1
134090 100343 1
100343 11678 1
11678 66816 1
66816 120465 1
120465 58366 1
120465 121425 1
121425 149220 1
149220 89766 1
149220 98162 1
98162 86823 1
98162 1271 1
1271 48113 1
48113 14754 1
14754 42368 1
42368 47824 1
47824 131079 1
47824 152276 1
47824 36601 1
47824 56023 1
56023 27334 1
27334 126236 1
27334 137496 1
137496 1994 1
137496 79047 1
137496 114612 1
137496 101968 1
137496 13387 1
13387 98761 1
98761 68760 1
68760 130610 1
68760 15436 1
15436 54608 1
54608 34315 1
54608 15094 1
15094 12527 1
15094 132369 1
132369 69519 1
69519 153732 1
69519 95600 1
69519 43716 1
69519 53144 1
53144 96315 1
96315 84703 1
84703 9555 1
84703 10581 1
84703 84300 1
84703 61912 1
84703 151794 1
151794 100991 1
100991 8780 1
8780 134090 1
134090 74871 1
74871 130783 1
130783 13254 1
13254 77314 1
77314 1189 1
13254 74142 1
13254 24554 1
13254 81128 1
81128 98419 1
98419 77777 1
77777 52308 1
52308 21418 1
21418 27795 1
27795 144691 1
144691 17678 1
17678 104772 1
104772 41277 1
41277 146714 1
146714 27705 1
27705 36736 1
36736 14611 1
36736 111051 1
36736 69733 1
69733 14965 1
14965 52115 1
52115 7304 1
7304 126906 1
126906 90520 1
126906 147384 1
126906 112001 1
112001 39070 1
39070 95729 1
39070 14497 1
39070 147209 1
39070 18138 1
18138 43643 1
43643 136816 1
136816 142211 1
142211 28792 1
28792 91352 1
28792 88162 1
28792 122029 1
28792 90539 1
28792 114861 1
114861 34669 1
34669 63216 1
63216 113351 1
113351 72707 1
72707 52279 1
52279 121714 1
121714 14828 1
14828 135436 1
135436 13169 1
13169 151673 1
13169 71776 1
71776 100932 1
71776 131315 1
71776 119532 1
71776 97483 1
97483 47275 1
47275 17138 1
17138 93687 1
93687 106606 1
106606 18817 1
106606 138384 1
138384 20271 1
20271 125907 1
125907 29430 1
125907 97417 1
97417 36564 1
36564 121064 1
121064 142700 1
142700 79941 1
79941 11334 1
11334 97603 1
97603 101161 1
97603 145619 1
97603 148632 1
97603 9363 1
97603 105718 1
97603 63202 1
63202 46171 1
46171 99003 1
99003 99728 1
99728 142550 1
142550 82700 1
82700 144490 1
144490 33455 1
144490 101067 1
101067 9782 1
101067 131907 1
101067 74461 1
74461 150212 1
74461 66908 1
74461 3763 1
3763 31278 1
31278 91899 1
91899 60555 1
60555 113362 1
113362 122460 1
113362 76413 1
113362 81858 1
81858 47706 1
47706 42541 1
42541 62460 1
42541 58326 1
42541 72335 1
42541 111337 1
42541 66428 1
42541 145785 1
145785 104283 1
145785 19427 1
19427 120988 1
120988 26579 1
26579 127609 1
26579 149232 1
149232 56595 1
149232 124962 1
124962 108561 1
124962 30659 1
108561 111394 1
111394 14804 1
14804 83210 1
83210 81088 1
81088 22288 1
81088 130852 1
130852 149138 1
149138 96607 1
96607 143199 1
143199 30013 1
30013 99981 1
99981 130097 1
99981 40860 1
40860 21908 1
21908 47251 1
47251 30496 1
47251 66632 1
47251 37201 1
47251 119672 1
119672 74117 1
74117 101885 1
119672 73688 1
73688 80671 1
73688 32222 1
73688 40522 1
73688 69380 1
73688 25376 1
73688 67906 1
73688 121904 1
73688 23594 1
23594 86735 1
86735 147171 1
86735 153926 1
86735 48934 1
48934 113479 1
113479 118901 1
118901 21397 1
21397 74076 1
74076 3877 1
74076 46450 1
46450 144490 1
144490 84966 1
144490 133483 1
133483 90354 1
90354 39940 1
133483 70099 1
70099 144629 1
144629 139050 1
144629 71540 1
144629 5148 1
5148 51435 1
51435 119746 1
119746 51758 1
51758 28138 1
51758 5329 1
51758 109575 1
109575 40592 1
40592 78190 1
40592 20738 1
40592 141809 1
40592 108196 1
108196 36731 1
36731 15790 1
15790 83465 1
15790 40025 1
15790 111687 1
15790 93273 1
15790 68527 1
68527 147150 1
147150 85821 1
85821 135620 1
135620 75029 1
75029 53206 1
53206 92971 1
53206 22875 1
75029 52172 1
52172 81334 1
81334 62927 1
62927 4790 1
62927 120434 1
62927 97887 1
97887 90160 1
90160 84213 1
90160 91772 1
91772 16931 1
16931 29813 1
29813 9759 1
9759 112386 1
9759 95605 1
9759 85040 1
85040 138639 1
138639 20485 1
138639 4477 1
4477 40576 1
40576 80479 1
40576 31509 1
40576 145985 1
40576 15424 1
40576 37199 1
40576 152615 1
152615 83467 1
83467 153370 1
153370 38034 1
153370 108553 1
108553 19111 1
108553 28138 1
28138 111466 1
111466 31430 1
31430 125320 1
31430 74220 1
74220 91536 1
74220 139244 1
74220 62716 1
74220 30053 1
30053 94169 1
94169 124714 1
124714 20357 1
124714 123713 1
123713 100904 1
100904 97732 1
97732 91402 1
91402 60562 1
60562 135564 1
135564 128998 1
128998 66777 1
128998 93744 1
93744 81208 1
81208 125891 1
125891 97467 1
97467 144728 1
144728 17327 1
144728 23392 1
23392 102274 1
102274 95493 1
102274 73220 1
73220 96049 1
96049 47433 1
47433 45448 1
45448 133511 1
133511 37553 1
133511 18633 1
133511 1006 1
133511 141381 1
133511 63241 1
133511 22344 1
133511 134360 1
133511 38803 1
38803 7993 1
38803 83345 1
38803 92314 1
92314 75293 1
92314 84198 1
84198 55727 1
84198 121119 1
84198 104766 1
104766 72181 1
72181 59944 1
59944 101144 1
101144 116963 1
101144 58347 1
101144 35127 1
101144 153117 1
101144 19302 1
101144 146844 1
146844 100677 1
100677 151876 1
100677 31852 1
100677 24136 1
100677 54463 1
54463 12136 1
12136 110512 1
110512 143660 1
110512 119047 1
119047 98146 1
98146 29726 1
98146 14465 1
98146 97476 1
97476 133903 1
133903 20911 1
20911 119230 1
119230 121555 1
121555 147309 1
121555 80340 1
121555 13037 1
13037 79721 1
79721 151839 1
151839 56594 1
56594 144506 1
56594 153209 1
153209 79721 1
79721 125641 1
125641 59455 1
125641 95972 1
95972 108666 1
108666 96208 1
96208 131991 1
96208 74277 1
74277 134187 1
134187 73565 1
134187 26943 1
134187 88095 1
88095 131622 1
88095 53963 1
53963 44759 1
53963 96319 1
96319 87342 1
96319 83787 1
96319 117701 1
117701 117630 1
117630 29281 1
117630 8450 1
117630 120374 1
117630 60451 1
117630 64020 1
117630 77576 1
117630 53696 1
53696 71375 1
71375 18789 1
18789 4335 1
4335 116825 1
116825 116549 1
116825 137660 1
137660 140715 1
140715 142024 1
142024 83745 1
83745 132430 1
132430 150867 1
150867 57382 1
57382 85629 1
85629 122188 1
122188 119974 1
119974 93833 1
93833 145422 1
93833 71287 1
93833 71729 1
71729 104927 1
104927 79368 1
79368 71623 1
71623 99444 1
99444 32260 1
32260 123650 1
123650 71201 1
123650 46694 1
46694 76221 1
76221 144254 1
144254 3790 1
3790 26952 1
26952 65454 1
65454 45220 1
45220 125858 1
125858 48033 1
48033 22085 1
22085 117605 1
117605 43813 1
117605 36714 1
117605 107753 1
107753 137895 1
107753 49494 1
107753 15160 1
15160 77443 1
77443 145178 1
145178 17725 1
17725 11209 1
11209 125010 1
125010 95463 1
95463 16368 1
16368 69593 1
69593 75757 1
69593 6751 1
6751 136816 1
136816 5557 1
5557 3613 1
3613 30029 1
30029 27574 1
27574 96485 1
96485 34751 1
96485 145700 1
96485 86203 1
96485 591 1
96485 28657 1
96485 143252 1
96485 131931 1
96485 119133 1
96485 25345 1
96485 111605 1
96485 77183 1
96485 92255 1
96485 148735 1
96485 76065 1
76065 49534 1
49534 143954 1
49534 89709 1
89709 48145 1
48145 115791 1
115791 147174 1
147174 51803 1
147174 141606 1
141606 27500 1
27500 124676 1
27500 49483 1
27500 121640 1
121640 147174 1
147174 61696 1
147174 75609 1
75609 128075 1
75609 21481 1
21481 147560 1
21481 9137 1
21481 52354 1
21481 84265 1
84265 133005 1
133005 130950 1
133005 49912 1
133005 63479 1
133005 140435 1
140435 135367 1
135367 11155 1
11155 143101 1
143101 135418 1
135418 129426 1
135418 26737 1
26737 1549 1
26737 74288 1
26737 69446 1
26737 5100 1
26737 145025 1
26737 9728 1
9728 99615 1
99615 86689 1
99615 63135 1
63135 73312 1
73312 15386 1
15386 123974 1
123974 100362 1
100362 4175 1
4175 151805 1
4175 17523 1
4175 97134 1
4175 40989 1
40989 135409 1
40989 7870 1
7870 19206 1
19206 8603 1
19206 135706 1
19206 36238 1
36238 47721 1
47721 22720 1
22720 25202 1
25202 145358 1
25202 18756 1
25202 2259 1
25202 99577 1
99577 92918 1
99577 99777 1
99777 116840 1
116840 40042 1
40042 62889 1
62889 110899 1
110899 81456 1
81456 19342 1
81456 31487 1
31487 85242 1
85242 79969 1
85242 134685 1
134685 90174 1
90174 153006 1
153006 123716 1
123716 6827 1
6827 32818 1
32818 86615 1
86615 52164 1
52164 153613 1
153613 77281 1
77281 81690 1
81690 116694 1
81690 27671 1
27671 2313 1
2313 124113 1
124113 41138 1
41138 118968 1
118968 135314 1
135314 14318 1
135314 137091 1
137091 149056 1
137091 43643 1
43643 19332 1
43643 1439 1
1439 85329 1
1439 106066 1
106066 67199 1
67199 138758 1
138758 46950 1
46950 99236 1
99236 58687 1
58687 74949 1
74949 28736 1
28736 8487 1
28736 13436 1
13436 53206 1
53206 11903 1
11903 143264 1
143264 74031 1
74031 105502 1
105502 65395 1
65395 23759 1
65395 126685 1
126685 35842 1
35842 109076 1
109076 91887 1
91887 10925 1
91887 124508 1
124508 44738 1
44738 1488 1
1488 66954 1
66954 76263 1
76263 118456 1
118456 112847 1
112847 82432 1
82432 81872 1
81872 5798 1
5798 141979 1
5798 116680 1
116680 21947 1
21947 33962 1
21947 149262 1
21947 11874 1
21947 29078 1
21947 32841 1
21947 21420 1
21420 70899 1
70899 95682 1
70899 86897 1
86897 114273 1
114273 113565 1
113565 96598 1
96598 21706 1
96598 120843 1
120843 56327 1
56327 37289 1
37289 45283 1
56327 71909 1
71909 68160 1
68160 90386 1
90386 131938 1
90386 94796 1
94796 18980 1
18980 112095 1
18980 41588 1
18980 39636 1
39636 42254 1
42254 36933 1
36933 151467 1
151467 60660 1
60660 23570 1
23570 57633 1
57633 24789 1
24789 67082 1
24789 75565 1
75565 107554 1
107554 102244 1
102244 62273 1
62273 147362 1
147362 22538 1
22538 2603 1
22538 107126 1
107126 119053 1
119053 85280 1
85280 31430 1
85280 105562 1
85280 127971 1
85280 17260 1
17260 18092 1
18092 937 1
937 107949 1
107949 140598 1
140598 2297 1
140598 52190 1
52190 54276 1
52190 146884 1
146884 61210 1
61210 83745 1
83745 32872 1
32872 79473 1
79473 55107 1
55107 62487 1
62487 9035 1
9035 33733 1
33733 30648 1
30648 138103 1
138103 39660 1
39660 79583 1
39660 64690 1
64690 7841 1
7841 29359 1
7841 145679 1
145679 43398 1
43398 31411 1
31411 75755 1
75755 123912 1
123912 89964 1
123912 107394 1
123912 130024 1
123912 31982 1
31982 127550 1
127550 98494 1
98494 42435 1
42435 95306 1
95306 106649 1
95306 52797 1
52797 108690 1
108690 36786 1
36786 101232 1
36786 120929 1
36786 50304 1
50304 3792 1
3792 34849 1
34849 98263 1
98263 122187 1
122187 3790 1
3790 72617 1
72617 15303 1
15303 13634 1
13634 119578 1
119578 106462 1
106462 45106 1
45106 82109 1
82109 28618 1
82109 146516 1
82109 27493 1
82109 37157 1
82109 29 1
82109 86806 1
82109 134158 1
134158 103558 1
103558 37298 1
37298 28422 1
28422 116012 1
28422 129589 1
28422 65407 1
28422 127628 1
28422 13410 1
28422 59924 1
28422 100832 1
28422 33194 1
28422 83971 1
83971 119877 1
119877 82472 1
82472 138826 1
138826 135044 1
135044 47899 1
47899 2482 1
2482 17530 1
17530 137642 1
17530 44256 1
44256 21633 1
44256 20320 1
20320 18812 1
18812 131396 1
131396 62705 1
62705 63659 1
63659 115321 1
115321 115501 1
115501 62821 1
62821 130745 1
130745 24569 1
130745 37616 1
130745 152863 1
152863 144178 1
144178 74140 1
74140 146601 1
146601 92941 1
92941 67178 1
67178 104357 1
104357 71640 1
71640 102316 1
71640 88238 1
88238 40834 1
40834 74875 1
74875 124484 1
124484 39422 1
124484 6961 1
6961 61509 1
61509 10053 1
61509 38945 1
61509 137797 1
61509 124236 1
61509 9865 1
61509 25976 1
25976 41133 1
41133 111597 1
41133 102122 1
102122 63753 1
102122 118322 1
118322 2245 1
2245 154776 1
2245 127836 1
2245 26423 1
2245 5909 1
5909 143369 1
143369 544 1
143369 74292 1
74292 25687 1
25687 53022 1
25687 110344 1
25687 89047 1
89047 58538 1
58538 71092 1
71092 118983 1
118983 61362 1
61362 131742 1
131742 60528 1
60528 133173 1
133173 125831 1
125831 102848 1
102848 87614 1
87614 11004 1
87614 82080 1
82080 125643 1
125643 148234 1
148234 153822 1
148234 94500 1
94500 86988 1
86988 125005 1
125005 143253 1
143253 127390 1
143253 8096 1
143253 133220 1
133220 49491 1
49491 104294 1
104294 17516 1
17516 16741 1
17516 50387 1
17516 117185 1
117185 59720 1
59720 74388 1
59720 13279 1
59720 39255 1
39255 113770 1
39255 5214 1
5214 27111 1
5214 146983 1
146983 49871 1
49871 60975 1
60975 76908 1
76908 70902 1
70902 107120 1
107120 10228 1
10228 133285 1
133285 33402 1
33402 38957 1
38957 59486 1
59486 126497 1
126497 115765 1
115765 109092 1
115765 25541 1
25541 35139 1
35139 1617 1
1617 5218 1
1617 128223 1
128223 35988 1
128223 4619 1
4619 103048 1
103048 104347 1
104347 86455 1
86455 6681 1
6681 53876 1
53876 34379 1
34379 36466 1
36466 102149 1
36466 4574 1
4574 89523 1
89523 131021 1
89523 134331 1
89523 36293 1
36293 61691 1
61691 65460 1
65460 106009 1
106009 149571 1
149571 62390 1
149571 139860 1
149571 9584 1
149571 66013 1
66013 116426 1
116426 3645 1
116426 19308 1
19308 19165 1
19165 100571 1
19165 82856 1
82856 87287 1
87287 133535 1
87287 85758 1
85758 64429 1
64429 19101 1
19101 106539 1
106539 54912 1
106539 87652 1
106539 52743 1
106539 76874 1
76874 89510 1
89510 49880 1
49880 60679 1
60679 27867 1
27867 101450 1
101450 76065 1
27574 4119 1
27574 113533 1
113533 19949 1
19949 108458 1
108458 120872 1
120872 80420 1
80420 60973 1
60973 125288 1
125288 27627 1
125288 108968 1
108968 87528 1
108968 133651 1
133651 137847 1
137847 52361 1
52361 44997 1
52361 105028 1
52361 51763 1
51763 11749 1
11749 125844 1
125844 35717 1
125844 85914 1
125844 124176 1
124176 72561 1
72561 47385 1
72561 50444 1
50444 63199 1
63199 135564 1
135564 70412 1
70412 55701 1
70412 103561 1
103561 51763 1
51763 120417 1
51763 85623 1
85623 705 1
705 126210 1
126210 5510 1
5510 125210 1
125210 123317 1
125210 114112 1
125210 59804 1
59804 40927 1
40927 134040 1
134040 140445 1
140445 24379 1
24379 76707 1
76707 136835 1
136835 36616 1
136835 44696 1
136835 74857 1
74857 80560 1
74857 139705 1
74857 64524 1
64524 116534 1
116534 152323 1
152323 107224 1
107224 116473 1
116473 99343 1
99343 56996 1
56996 61812 1
56996 77381 1
77381 86363 1
86363 132211 1
132211 127544 1
127544 52687 1
52687 95922 1
95922 117190 1
95922 127544 1
127544 42044 1
127544 119696 1
127544 34831 1
127544 140561 1
140561 136814 1
136814 125858 1
125858 76010 1
125858 24039 1
125858 49904 1
49904 39837 1
39837 145550 1
145550 112532 1
112532 154655 1
112532 17883 1
17883 38710 1
17883 134558 1
134558 81566 1
134558 37841 1
134558 111517 1
134558 91495 1
91495 59004 1
59004 153388 1
153388 132693 1
132693 65869 1
65869 130530 1
130530 149757 1
149757 72266 1
72266 41561 1
72266 132514 1
72266 131721 1
72266 26952 1
26952 57382 1
57382 18215 1
57382 34307 1
57382 95598 1
57382 45353 1
45353 144848 1
144848 123255 1
123255 42409 1
42409 113334 1
113334 54011 1
54011 81872 1
81872 15726 1
15726 83895 1
83895 118706 1
118706 40801 1
118706 95687 1
95687 98240 1
98240 91290 1
98240 41313 1
41313 29863 1
29863 152927 1
152927 36600 1
36600 66080 1
66080 150497 1
150497 53351 1
53351 107224 1
107224 57431 1
57431 5181 1
5181 146131 1
146131 51621 1
51621 38061 1
38061 93191 1
93191 9799 1
9799 105911 1
9799 52491 1
9799 148044 1
9799 31727 1
9799 122407 1
122407 78578 1
78578 112548 1
78578 138193 1
78578 126968 1
78578 97787 1
78578 32442 1
32442 108385 1
108385 124527 1
108385 68283 1
108385 33465 1
108385 57357 1
57357 9594 1
57357 115184 1
115184 75546 1
75546 99099 1
99099 38962 1
38962 96623 1
96623 59356 1
59356 23760 1
23760 96623 1
96623 54017 1
96623 25110 1
25110 152979 1
152979 74467 1
25110 71748 1
152979 51931 1
152979 121031 1
121031 1716 1
121031 84198 1
84198 82051 1
84198 75849 1
84198 61063 1
92314 83383 1
83383 143906 1
83383 91549 1
83383 87386 1
87386 139912 1
139912 140283 1
139912 11727 1
11727 129233 1
129233 42706 1
42706 56930 1
56930 85450 1
85450 7439 1
85450 61568 1
85450 25304 1
25304 67183 1
67183 29198 1
29198 45769 1
45769 103225 1
45769 151579 1
151579 70957 1
70957 33028 1
70957 62861 1
62861 126493 1
126493 50550 1
50550 99728 1
99728 126505 1
126505 66577 1
66577 150987 1
150987 125938 1
125938 4671 1
4671 7887 1
7887 15504 1
15504 22524 1
22524 49525 1
49525 116359 1
49525 1530 1
1530 80390 1
80390 27900 1
27900 49564 1
49564 37437 1
49564 44961 1
44961 28473 1
28473 92511 1
92511 142819 1
142819 77922 1
142819 154555 1
142819 148553 1
148553 107973 1
107973 4769 1
4769 30269 1
30269 71048 1
30269 62432 1
62432 105906 1
105906 132894 1
132894 102782 1
132894 138813 1
138813 30861 1
30861 9349 1
9349 148597 1
9349 27495 1
27495 64094 1
64094 147768 1
64094 16427 1
16427 29181 1
29181 98759 1
29181 19676 1
19676 123339 1
19676 62682 1
19676 146601 1
74140 120398 1
120398 77434 1
77434 22861 1
77434 61861 1
61861 114881 1
114881 154060 1
114881 69750 1
69750 37940 1
69750 31726 1
69750 73264 1
69750 13386 1
114881 52561 1
114881 2865 1
114881 88184 1
88184 36270 1
36270 92078 1
92078 35015 1
35015 49880 1
49880 123560 1
123560 50944 1
50944 69488 1
69488 52121 1
52121 144422 1
144422 137320 1
144422 17746 1
17746 52758 1
52758 58773 1
58773 118997 1
118997 30600 1
30600 128845 1
128845 153820 1
128845 151100 1
151100 77412 1
77412 51064 1
51064 125440 1
125440 91346 1
91346 88108 1
88108 72779 1
72779 41843 1
72779 115744 1
115744 47677 1
