31341 127333 1
127333 146884 1
146884 48900 1
48900 107910 1
48900 13733 1
13733 71373 1
13733 44732 1
13733 115883 1
115883 6236 1
6236 150533 1
150533 122250 1
122250 64913 1
64913 126473 1
126473 46467 1
46467 62583 1
62583 127043 1
127043 118948 1
118948 9817 1
9817 83367 1
83367 25235 1
25235 111304 1
25235 123380 1
25235 125975 1
125975 62890 1
62890 116697 1
116697 110852 1
116697 115742 1
115742 115303 1
115303 97144 1
97144 139158 1
139158 44858 1
44858 50480 1
50480 29589 1
29589 132789 1
132789 129261 1
129261 39383 1
39383 136582 1
136582 83233 1
83233 127414 1
127414 143845 1
127414 106167 1
106167 62859 1
106167 48205 1
48205 19277 1
48205 72093 1
48205 116661 1
48205 75807 1
75807 51767 1
51767 842 1
842 134188 1
134188 62705 1
62705 137990 1
137990 27367 1
27367 38304 1
38304 39743 1
39743 150413 1
39743 81985 1
81985 95750 1
95750 34669 1
34669 65248 1
65248 119100 1
119100 60917 1
60917 32784 1
60917 50160 1
60917 146411 1
60917 89594 1
89594 113973 1
113973 50036 1
50036 35803 1
35803 92623 1
92623 33523 1
33523 85274 1
33523 12298 1
12298 151792 1
151792 88409 1
88409 86984 1
86984 79290 1
79290 71850 1
71850 45586 1
45586 106994 1
106994 115999 1
115999 54292 1
54292 37857 1
54292 132298 1
54292 125681 1
125681 106994 1
106994 82575 1
82575 34128 1
34128 107268 1
107268 66856 1
66856 29271 1
29271 6401 1
6401 120292 1
120292 7666 1
120292 106290 1
120292 61084 1
61084 105601 1
105601 69383 1
105601 149106 1
105601 48897 1
48897 131582 1
131582 64499 1
64499 129991 1
129991 54292 1
54292 60381 1
54292 120496 1
54292 1037 1
1037 61818 1
61818 132186 1
61818 151860 1
61818 153850 1
153850 97764 1
97764 97032 1
97764 107306 1
107306 105188 1
105188 54157 1
105188 66395 1
66395 125849 1
125849 42363 1
125849 5144 1
125849 149650 1
149650 17552 1
17552 34948 1
17552 7248 1
7248 8392 1
8392 47976 1
47976 70996 1
70996 57010 1
57010 2750 1
2750 123554 1
123554 64302 1
64302 62699 1
64302 21483 1
64302 134171 1
64302 30754 1
64302 133969 1
21483 93305 1
93305 106206 1
106206 123873 1
123873 98122 1
98122 28040 1
98122 99087 1
99087 123555 1
123555 12416 1
12416 88232 1
88232 11768 1
88232 90161 1
90161 24715 1
90161 9442 1
90161 6030 1
6030 97339 1
97339 15468 1
97339 145214 1
97339 141972 1
97339 108648 1
108648 95978 1
95978 113541 1
95978 133996 1
95978 122725 1
95978 53675 1
53675 28895 1
28895 129221 1
129221 152287 1
152287 146375 1
152287 39646 1
152287 83871 1
83871 109839 1
109839 57459 1
57459 16411 1
16411 135755 1
57459 99560 1
99560 13452 1
13452 3674 1
3674 68069 1
68069 100310 1
100310 132283 1
132283 51350 1
132283 102168 1
102168 150350 1
150350 139699 1
139699 70836 1
70836 125210 1
125210 24077 1
24077 98598 1
98598 18025 1
18025 116048 1
116048 73457 1
73457 72595 1
73457 9759 1
9759 88023 1
88023 65716 1
65716 11109 1
11109 114195 1
114195 71729 1
71729 38715 1
38715 84650 1
84650 147099 1
147099 55580 1
55580 118866 1
118866 53026 1
53026 68113 1
68113 13064 1
68113 92051 1
92051 21686 1
21686 133637 1
133637 43386 1
43386 135044 1
135044 131192 1
135044 103855 1
103855 18017 1
18017 94604 1
94604 75243 1
75243 77969 1
75243 34389 1
34389 110404 1
110404 126423 1
126423 66990 1
66990 143186 1
143186 35553 1
35553 99248 1
99248 24085 1
24085 12217 1
24085 40450 1
40450 108302 1
108302 36144 1
36144 87944 1
87944 873 1
873 73853 1
73853 123101 1
123101 143366 1
143366 1711 1
143366 151126 1
151126 74380 1
74380 148545 1
74380 84980 1
74380 92250 1
92250 17910 1
17910 16417 1
74380 73853 1
73853 126918 1
126918 77751 1
77751 142285 1
142285 54690 1
54690 114765 1
114765 139527 1
114765 98070 1
98070 113018 1
98070 121044 1
121044 72498 1
72498 71631 1
71631 125431 1
125431 36764 1
125431 42251 1
125431 142590 1
142590 9285 1
9285 18715 1
18715 55618 1
18715 83708 1
18715 135636 1
18715 744 1
18715 43621 1
18715 98290 1
18715 114995 1
18715 29404 1
18715 15313 1
18715 85005 1
18715 153786 1
18715 58028 1
58028 18957 1
18957 84136 1
84136 124100 1
124100 36227 1
36227 71751 1
71751 96779 1
96779 105654 1
96779 86725 1
96779 84892 1
96779 132759 1
132759 36573 1
36573 93855 1
36573 125030 1
125030 103370 1
103370 93855 1
103370 31436 1
31436 43911 1
43911 34694 1
34694 111160 1
111160 70859 1
70859 87851 1
87851 108758 1
108758 48998 1
108758 131192 1
131192 83033 1
83033 18957 1
18957 7535 1
7535 149900 1
149900 40217 1
40217 86170 1
86170 130794 1
130794 58622 1
130794 85743 1
85743 49129 1
49129 64360 1
49129 60976 1
49129 117911 1
117911 94396 1
94396 3608 1
94396 33596 1
33596 153646 1
153646 124831 1
124831 61328 1
61328 107788 1
61328 85600 1
85600 48020 1
48020 82120 1
48020 38863 1
38863 124995 1
124995 94778 1
94778 130017 1
130017 119544 1
130017 133099 1
130017 61514 1
130017 30014 1
130017 123049 1
123049 118948 1
118948 13547 1
13547 30358 1
30358 116580 1
116580 47929 1
47929 38599 1
38599 80719 1
80719 154484 1
154484 20604 1
20604 64539 1
64539 13629 1
13629 122759 1
122759 100017 1
122759 10321 1
122759 46753 1
46753 121773 1
121773 102550 1
102550 44458 1
44458 113780 1
44458 1243 1
1243 16429 1
16429 50472 1
16429 22587 1
22587 135767 1
135767 74204 1
74204 95972 1
95972 120251 1
120251 91582 1
91582 6570 1
6570 124725 1
124725 129658 1
124725 45254 1
45254 75867 1
75867 65604 1
65604 56327 1
56327 94778 1
94778 117605 1
117605 43813 1
117605 231 1
231 18200 1
18200 142569 1
142569 32908 1
32908 17014 1
17014 92150 1
92150 90669 1
90669 144159 1
90669 56155 1
90669 96203 1
90669 42503 1
90669 71105 1
71105 125382 1
125382 151306 1
125382 51674 1
51674 101010 1
101010 73678 1
73678 86714 1
86714 78148 1
86714 68788 1
68788 109642 1
109642 54379 1
54379 18939 1
18939 99444 1
99444 71623 1
71623 99560 1
99560 35510 1
35510 55463 1
55463 71850 1
71850 143597 1
71850 145770 1
145770 148960 1
148960 114717 1
114717 135248 1
135248 14515 1
14515 1713 1
1713 135430 1
135430 77034 1
135430 152563 1
152563 16484 1
16484 124113 1
124113 143447 1
143447 22698 1
22698 1439 1
1439 38120 1
38120 89681 1
38120 26760 1
26760 153742 1
153742 109149 1
109149 67125 1
67125 96236 1
96236 92718 1
92718 34158 1
34158 119493 1
119493 113946 1
119493 102739 1
102739 40861 1
40861 154838 1
154838 149232 1
149232 122306 1
122306 42935 1
42935 9575 1
42935 103463 1
103463 47652 1
47652 106599 1
106599 51841 1
51841 79147 1
51841 53665 1
53665 3656 1
3656 131055 1
131055 68050 1
68050 106462 1
106462 74793 1
74793 74624 1
74793 77090 1
77090 126497 1
126497 84397 1
84397 109384 1
109384 4806 1
4806 14074 1
4806 139681 1
139681 147789 1
139681 11171 1
139681 16931 1
16931 19270 1
19270 144582 1
144582 43213 1
144582 142708 1
142708 63938 1
63938 27443 1
27443 139069 1
139069 22422 1
22422 78689 1
78689 132865 1
78689 30610 1
78689 85895 1
85895 154756 1
154756 26713 1
154756 18401 1
154756 62687 1
62687 123077 1
123077 51285 1
51285 44889 1
44889 2432 1
44889 13665 1
44889 139940 1
139940 131040 1
139940 98530 1
98530 17809 1
17809 125021 1
125021 118974 1
118974 115981 1
118974 25411 1
25411 37706 1
37706 64745 1
64745 140030 1
140030 71491 1
71491 58772 1
58772 13423 1
58772 112715 1
58772 29517 1
71491 35912 1
71491 103336 1
103336 95577 1
95577 12492 1
95577 77728 1
77728 43815 1
43815 133931 1
43815 109277 1
109277 28680 1
28680 120440 1
120440 123255 1
123255 147300 1
123255 93294 1
93294 150078 1
150078 17809 1
17809 53438 1
53438 146358 1
146358 5735 1
5735 130878 1
130878 17279 1
17279 105713 1
105713 21643 1
21643 139108 1
139108 55480 1
55480 101447 1
101447 76289 1
76289 18599 1
