8716 34231 1
34231 53479 1
34231 118997 1
118997 30600 1
30600 15666 1
15666 86960 1
86960 68910 1
68910 117417 1
117417 65570 1
65570 80615 1
65570 64942 1
65570 7297 1
7297 149523 1
7297 15565 1
7297 100983 1
100983 124135 1
100983 124595 1
100983 133208 1
100983 71387 1
100983 140161 1
100983 67770 1
67770 60463 1
60463 10313 1
60463 116535 1
116535 95135 1
95135 69527 1
95135 70284 1
95135 41129 1
95135 16298 1
16298 26737 1
26737 54171 1
26737 5100 1
26737 132439 1
132439 46448 1
26737 69446 1
26737 127472 1
26737 145169 1
26737 145025 1
26737 68493 1
26737 121257 1
26737 29636 1
26737 132801 1
132801 116770 1
116770 44036 1
116770 46844 1
116770 91374 1
116770 80552 1
116770 69428 1
69428 108952 1
108952 21090 1
108952 44439 1
108952 60912 1
108952 56328 1
108952 64163 1
64163 27132 1
27132 92822 1
92822 36798 1
36798 26333 1
26333 49804 1
49804 81319 1
49804 44242 1
44242 133017 1
133017 37694 1
37694 57902 1
37694 106066 1
106066 1439 1
1439 34084 1
34084 135815 1
135815 93082 1
135815 135576 1
135576 91396 1
91396 64755 1
91396 138268 1
91396 118985 1
91396 113426 1
91396 56306 1
91396 117802 1
135815 140407 1
140407 58438 1
58438 95204 1
95204 118127 1
118127 52421 1
52421 59029 1
59029 152628 1
152628 36233 1
36233 116101 1
116101 39652 1
39652 26863 1
39652 132065 1
39652 151370 1
151370 65625 1
65625 100017 1
65625 61971 1
65625 133819 1
65625 112186 1
112186 64572 1
64572 34470 1
64572 104963 1
64572 41415 1
41415 32260 1
32260 13906 1
13906 132643 1
13906 48045 1
48045 51356 1
48045 106833 1
106833 47450 1
47450 68910 1
68910 45152 1
45152 38128 1
38128 92291 1
92291 66940 1
92291 80644 1
80644 103048 1
103048 38493 1
38493 141003 1
141003 122648 1
122648 55271 1
55271 12078 1
12078 98194 1
98194 24931 1
24931 147740 1
147740 85 1
85 111670 1
85 102416 1
85 57188 1
85 138671 1
138671 46536 1
138671 57591 1
57591 81294 1
81294 47980 1
57591 61192 1
61192 23268 1
61192 151106 1
151106 51852 1
151106 105225 1
105225 74130 1
105225 116006 1
105225 104919 1
104919 11109 1
11109 5918 1
11109 30416 1
30416 10857 1
10857 105973 1
10857 31307 1
31307 92399 1
92399 107169 1
92399 8841 1
8841 28036 1
28036 75312 1
75312 43959 1
75312 68801 1
68801 136002 1
136002 30820 1
30820 133945 1
133945 17976 1
133945 107135 1
107135 69362 1
107135 47897 1
47897 25750 1
25750 26147 1
25750 58949 1
25750 117999 1
117999 82146 1
82146 33650 1
33650 107226 1
107226 61604 1
61604 17532 1
61604 68789 1
61604 67010 1
61604 145440 1
145440 94162 1
94162 62418 1
94162 100880 1
100880 96623 1
96623 72457 1
72457 38781 1
38781 33929 1
33929 34862 1
34862 75799 1
34862 43901 1
43901 39045 1
39045 51135 1
51135 71605 1
71605 112057 1
112057 22726 1
22726 25377 1
25377 67717 1
67717 78932 1
78932 66924 1
66924 17374 1
17374 47122 1
47122 60924 1
60924 62260 1
60924 116391 1
116391 71470 1
71470 137225 1
137225 146884 1
146884 93744 1
93744 19266 1
19266 42852 1
42852 1221 1
1221 146146 1
146146 129575 1
146146 140561 1
140561 127544 1
140561 132302 1
140561 73186 1
140561 57392 1
140561 139232 1
139232 14840 1
14840 82445 1
82445 142383 1
142383 118344 1
118344 57495 1
57495 29830 1
57495 80628 1
57495 118511 1
118511 133028 1
133028 150543 1
150543 16462 1
16462 130355 1
16462 2711 1
2711 119230 1
119230 34743 1
119230 120698 1
120698 128159 1
120698 98004 1
120698 55246 1
120698 40281 1
120698 129743 1
120698 111476 1
120698 81844 1
119230 20287 1
20287 105311 1
105311 36918 1
36918 92364 1
36918 126465 1
36918 140968 1
140968 8910 1
140968 141536 1
140968 113639 1
113639 54851 1
54851 28010 1
28010 83971 1
83971 35884 1
35884 64710 1
64710 1164 1
1164 65502 1
1164 7887 1
7887 97033 1
97033 8780 1
8780 140187 1
8780 46652 1
46652 25124 1
25124 113772 1
113772 33550 1
33550 116081 1
116081 85075 1
116081 117216 1
117216 138174 1
138174 126497 1
126497 5634 1
126497 130004 1
126497 46219 1
46219 42376 1
42376 93061 1
93061 106253 1
93061 27809 1
27809 140995 1
140995 117987 1
117987 42078 1
42078 105539 1
42078 58992 1
58992 150913 1
150913 92698 1
92698 100081 1
100081 25117 1
150913 129760 1
129760 83179 1
83179 38863 1
38863 45285 1
45285 126210 1
126210 82201 1
82201 146131 1
146131 32643 1
146131 11074 1
11074 128433 1
128433 112061 1
128433 18288 1
128433 104796 1
104796 105707 1
105707 94341 1
105707 51941 1
105707 77749 1
105707 46876 1
105707 55140 1
55140 12416 1
12416 50535 1
50535 104074 1
104074 25881 1
104074 89056 1
104074 22141 1
22141 71668 1
71668 91048 1
91048 63179 1
63179 27569 1
27569 123515 1
123515 134620 1
123515 13873 1
13873 49880 1
13873 76465 1
76465 137273 1
76465 68107 1
76465 130423 1
130423 23983 1
23983 48396 1
48396 111367 1
48396 79534 1
79534 46912 1
46912 112636 1
112636 67022 1
112636 143217 1
143217 146829 1
146829 104136 1
146829 101980 1
146829 44483 1
146829 24205 1
146829 4749 1
4749 112817 1
112817 6679 1
112817 111070 1
111070 46771 1
46771 21908 1
21908 47251 1
47251 30496 1
47251 108622 1
47251 140766 1
47251 66632 1
47251 70030 1
47251 28689 1
47251 78641 1
47251 143107 1
47251 36918 1
36918 90349 1
36918 154701 1
36918 34031 1
36918 26526 1
26526 34128 1
34128 81858 1
81858 18498 1
18498 46417 1
46417 14813 1
46417 138169 1
138169 132671 1
132671 58415 1
132671 27210 1
132671 29836 1
29836 139484 1
139484 38340 1
139484 33309 1
33309 5440 1
5440 78823 1
78823 95750 1
95750 43705 1
43705 148426 1
148426 88111 1
88111 63633 1
88111 30673 1
88111 151457 1
151457 65514 1
65514 108926 1
65514 119275 1
119275 115042 1
115042 64820 1
64820 18156 1
18156 93207 1
93207 97144 1
97144 117841 1
97144 75310 1
75310 123101 1
123101 3340 1
3340 131033 1
131033 103741 1
103741 9871 1
9871 117216 1
117216 103941 1
103941 83479 1
83479 123066 1
123066 13873 1
13873 154828 1
154828 27670 1
27670 49489 1
49489 148793 1
49489 43974 1
49489 130597 1
49489 111496 1
49489 77745 1
49489 71897 1
49489 106803 1
49489 21289 1
49489 37570 1
49489 9731 1
49489 138102 1
49489 139156 1
139156 42935 1
42935 10395 1
42935 142965 1
42935 124882 1
124882 66059 1
66059 99087 1
99087 14332 1
99087 9432 1
9432 118866 1
118866 143347 1
143347 72617 1
72617 23162 1
23162 93008 1
93008 152327 1
152327 43983 1
43983 110332 1
110332 32106 1
110332 123667 1
123667 149930 1
149930 137426 1
137426 78646 1
78646 26115 1
26115 12983 1
12983 37705 1
37705 121045 1
121045 91472 1
91472 112346 1
112346 4776 1
4776 68983 1
68983 17591 1
17591 94162 1
94162 105147 1
105147 8715 1
105147 112475 1
105147 149156 1
149156 129760 1
129760 17275 1
17275 82391 1
82391 130320 1
130320 35370 1
130320 8279 1
8279 121763 1
121763 24873 1
24873 111830 1
111830 33550 1
33550 60589 1
60589 32863 1
32863 144756 1
144756 100509 1
100509 114145 1
114145 153388 1
153388 51291 1
51291 83219 1
83219 148034 1
148034 126029 1
126029 42726 1
42726 87279 1
87279 68343 1
68343 27918 1
27918 106097 1
106097 127273 1
127273 41723 1
127273 42792 1
127273 19308 1
127273 149919 1
127273 44530 1
44530 63414 1
63414 62456 1
62456 78887 1
78887 91771 1
91771 18018 1
18018 37694 1
37694 21607 1
21607 48326 1
48326 23754 1
23754 140598 1
140598 95360 1
95360 44136 1
44136 53898 1
44136 105643 1
44136 90900 1
90900 22309 1
22309 60006 1
60006 54123 1
54123 3355 1
3355 115321 1
115321 58332 1
58332 103390 1
103390 79984 1
79984 39609 1
79984 4769 1
4769 30269 1
30269 61335 1
61335 114403 1
114403 5510 1
5510 59184 1
59184 109459 1
109459 31090 1
31090 100988 1
100988 62465 1
100988 13725 1
13725 68299 1
68299 131432 1
68299 80671 1
68299 36216 1
36216 84198 1
84198 110993 1
84198 150060 1
84198 9689 1
84198 24808 1
84198 126609 1
126609 118737 1
118737 27413 1
27413 132573 1
132573 99218 1
132573 58692 1
58692 58027 1
58027 18593 1
18593 66707 1
66707 140831 1
140831 8147 1
8147 130742 1
130742 76412 1
76412 11294 1
130742 67178 1
67178 3030 1
3030 36077 1
36077 21418 1
21418 126177 1
126177 52308 1
52308 151848 1
151848 33327 1
33327 150867 1
150867 114970 1
114970 151838 1
151838 128557 1
128557 51724 1
51724 114735 1
114735 42900 1
42900 132180 1
42900 63949 1
63949 22698 1
22698 127755 1
127755 84211 1
84211 73200 1
73200 22097 1
22097 72540 1
72540 124385 1
72540 39588 1
72540 41538 1
41538 151835 1
151835 141731 1
151835 88238 1
88238 167 1
167 37339 1
37339 19733 1
37339 51216 1
37339 11228 1
37339 11880 1
37339 26383 1
26383 81496 1
81496 83700 1
83700 50806 1
50806 115742 1
115742 19651 1
19651 66193 1
66193 72025 1
72025 96539 1
96539 61101 1
61101 66908 1
66908 73853 1
73853 52345 1
52345 124199 1
52345 87974 1
87974 126996 1
87974 67813 1
67813 71443 1
71443 118791 1
118791 32325 1
32325 47403 1
47403 25539 1
25539 10334 1
10334 19992 1
19992 69128 1
69128 70656 1
70656 130129 1
130129 17591 1
17591 11334 1
11334 111374 1
111374 114379 1
114379 74425 1
74425 114556 1
114556 16310 1
16310 12394 1
12394 3559 1
3559 75061 1
75061 112943 1
75061 103654 1
103654 67125 1
67125 58418 1
58418 88111 1
88111 136258 1
88111 136343 1
136343 135173 1
135173 1473 1
135173 322 1
135173 118964 1
136343 63634 1
63634 117741 1
117741 114330 1
114330 33174 1
33174 79746 1
79746 122993 1
79746 126933 1
79746 70326 1
79746 15874 1
79746 48291 1
79746 142764 1
79746 37990 1
79746 121004 1
79746 116062 1
79746 109682 1
109682 76455 1
76455 120663 1
120663 50721 1
120663 63935 1
63935 94650 1
94650 107976 1
107976 123548 1
123548 15674 1
123548 152948 1
123548 117347 1
117347 74140 1
74140 78737 1
78737 135345 1
78737 128147 1
128147 106483 1
128147 23188 1
23188 112008 1
23188 123579 1
123579 87974 1
87974 124217 1
124217 132465 1
132465 31232 1
132465 134443 1
134443 143703 1
143703 33753 1
33753 51514 1
51514 146076 1
51514 122084 1
122084 39953 1
39953 146683 1
39953 23530 1
23530 1474 1
1474 5827 1
5827 93415 1
93415 95370 1
95370 40348 1
40348 59190 1
59190 137158 1
137158 144958 1
144958 65248 1
65248 69944 1
65248 17993 1
17993 19477 1
19477 132927 1
132927 18957 1
18957 108349 1
108349 77068 1
77068 28255 1
28255 145624 1
145624 148978 1
145624 82285 1
145624 66262 1
66262 114762 1
114762 125739 1
114762 11262 1
114762 17424 1
114762 131048 1
114762 54872 1
114762 97869 1
97869 50177 1
50177 14322 1
50177 137261 1
50177 74911 1
74911 107872 1
107872 109389 1
109389 47620 1
109389 49209 1
49209 44 1
44 28010 1
28010 120106 1
28010 120995 1
120995 45498 1
120995 112727 1
120995 42249 1
120995 37083 1
37083 91187 1
91187 44013 1
44013 121066 1
121066 25557 1
25557 53380 1
53380 112961 1
112961 93020 1
93020 76221 1
76221 114793 1
114793 110066 1
110066 727 1
727 77278 1
77278 67003 1
67003 100503 1
100503 142279 1
142279 106338 1
106338 134837 1
134837 25855 1
134837 132740 1
134837 109284 1
134837 76916 1
134837 87664 1
134837 67748 1
76916 138969 1
138969 136880 1
136880 12031 1
136880 96539 1
96539 26684 1
96539 106317 1
106317 109507 1
106317 119628 1
106317 153505 1
106317 106570 1
106570 57970 1
57970 70777 1
70777 5292 1
5292 111741 1
111741 10685 1
10685 94606 1
94606 44733 1
94606 99361 1
99361 145900 1
145900 43008 1
43008 137955 1
43008 45124 1
45124 26625 1
26625 152029 1
152029 53863 1
152029 69005 1
69005 44428 1
44428 145641 1
145641 132334 1
145641 22153 1
145641 55247 1
145641 87413 1
87413 140770 1
140770 48280 1
48280 9211 1
9211 121 1
121 22114 1
121 38596 1
121 38865 1
38865 22682 1
38865 132758 1
132758 54387 1
54387 79330 1
79330 96482 1
96482 52121 1
52121 97630 1
97630 43914 1
43914 78186 1
78186 48550 1
78186 133268 1
78186 15641 1
78186 29251 1
78186 33418 1
78186 31497 1
78186 33030 1
78186 52886 1
78186 104208 1
78186 42714 1
78186 6735 1
78186 136397 1
136397 30981 1
30981 116048 1
116048 72266 1
72266 113891 1
113891 141142 1
141142 112636 1
112636 11128 1
11128 42951 1
42951 11526 1
11526 120440 1
120440 42135 1
42135 99003 1
99003 61633 1
61633 36933 1
36933 69685 1
69685 2356 1
2356 37026 1
2356 27674 1
27674 71458 1
71458 75506 1
71458 83134 1
83134 142557 1
142557 65652 1
65652 140030 1
140030 101783 1
140030 122864 1
140030 5088 1
140030 108448 1
108448 32782 1
32782 52668 1
32782 19536 1
19536 25600 1
25600 42788 1
42788 103548 1
103548 141566 1
103548 148458 1
148458 71290 1
71290 45210 1
45210 81416 1
81416 107134 1
107134 125151 1
125151 34605 1
125151 34114 1
125151 140987 1
125151 31149 1
31149 79172 1
79172 5874 1
5874 74987 1
74987 95260 1
95260 20712 1
20712 117213 1
20712 134807 1
20712 6225 1
20712 39303 1
20712 74229 1
20712 122534 1
122534 116741 1
116741 81457 1
116741 57145 1
116741 129928 1
116741 130876 1
116741 9285 1
9285 40641 1
9285 317 1
317 33749 1
33749 88362 1
88362 140335 1
140335 58414 1
58414 144848 1
144848 19840 1
19840 73270 1
73270 132668 1
132668 113785 1
132668 136397 1
136397 78510 1
78510 150533 1
150533 6974 1
6974 61217 1
61217 70026 1
70026 30027 1
61217 119811 1
119811 65165 1
65165 52878 1
52878 114420 1
114420 67178 1
67178 95363 1
95363 91900 1
91900 90225 1
91900 103165 1
103165 88908 1
88908 82533 1
88908 29198 1
88908 103448 1
103448 94504 1
94504 4427 1
4427 119599 1
119599 19875 1
119599 82146 1
82146 86996 1
86996 73118 1
73118 154460 1
154460 53080 1
154460 114054 1
114054 74461 1
74461 144499 1
74461 49837 1
49837 110005 1
49837 110063 1
110063 86735 1
86735 76789 1
76789 87889 1
87889 116600 1
87889 93394 1
93394 90174 1
90174 82068 1
82068 69112 1
82068 28163 1
28163 99107 1
99107 72779 1
72779 96549 1
96549 39638 1
96549 842 1
842 152998 1
152998 111169 1
111169 60060 1
111169 62600 1
62600 130721 1
130721 107275 1
107275 154025 1
154025 119027 1
119027 60319 1
60319 101750 1
101750 148781 1
101750 12627 1
12627 75801 1
75801 25652 1
25652 17246 1
17246 100019 1
100019 41918 1
100019 135381 1
135381 152324 1
135381 10415 1
135381 7997 1
135381 22876 1
22876 16126 1
16126 43519 1
16126 91172 1
91172 135815 1
135815 82796 1
82796 60360 1
60360 81558 1
81558 107403 1
107403 28215 1
28215 95550 1
95550 126913 1
126913 57192 1
57192 143186 1
143186 16597 1
16597 8486 1
16597 11021 1
11021 24044 1
24044 26124 1
26124 13754 1
13754 119727 1
13754 48825 1
13754 133038 1
13754 30354 1
13754 76250 1
76250 154020 1
154020 87979 1
154020 46718 1
46718 130753 1
130753 117064 1
130753 75295 1
130753 29109 1
130753 98087 1
130753 60831 1
60831 128248 1
128248 50535 1
50535 75498 1
75498 93660 1
93660 122874 1
122874 99087 1
9432 53396 1
53396 40663 1
40663 38572 1
38572 117393 1
38572 88023 1
88023 88494 1
88494 40636 1
88494 121708 1
121708 10857 1
10857 94774 1
94774 127947 1
94774 55240 1
94774 7795 1
7795 39045 1
39045 41860 1
41860 46685 1
46685 142383 1
142383 151421 1
151421 78754 1
78754 145982 1
145982 139339 1
139339 7432 1
7432 101241 1
101241 133530 1
101241 60809 1
101241 54415 1
54415 56016 1
56016 81498 1
56016 140148 1
56016 135875 1
56016 131788 1
56016 130842 1
56016 112249 1
56016 123826 1
123826 100906 1
100906 10087 1
10087 46203 1
46203 103173 1
103173 62806 1
62806 26909 1
62806 51412 1
51412 149311 1
149311 29901 1
29901 133914 1
133914 129213 1
129213 23649 1
23649 37091 1
37091 132692 1
37091 65098 1
37091 127871 1
37091 120921 1
37091 138981 1
37091 61294 1
37091 153747 1
37091 97954 1
97954 84271 1
97954 67508 1
67508 68695 1
67508 121983 1
121983 132301 1
132301 105457 1
105457 26394 1
26394 13897 1
13897 5763 1
5763 40047 1
40047 14967 1
40047 145643 1
145643 12744 1
12744 107194 1
107194 20877 1
20877 47521 1
47521 12394 1
12394 152998 1
152998 65661 1
65661 29263 1
65661 117882 1
117882 53398 1
53398 87187 1
87187 141537 1
87187 56065 1
87187 50911 1
87187 14330 1
87187 48094 1
87187 139549 1
139549 88530 1
88530 131283 1
88530 57000 1
88530 8726 1
57000 83282 1
83282 26642 1
83282 31983 1
31983 51788 1
51788 101606 1
51788 128316 1
31983 94 1
94 138670 1
138670 42415 1
42415 136869 1
136869 94 1
94 17363 1
94 140622 1
94 61751 1
61751 54414 1
54414 66807 1
66807 39769 1
39769 121196 1
121196 47558 1
121196 65243 1
65243 77512 1
77512 108075 1
77512 62277 1
77512 10667 1
10667 63207 1
63207 127642 1
127642 93632 1
93632 152404 1
93632 58226 1
93632 1380 1
93632 61683 1
93632 44268 1
93632 79530 1
93632 91625 1
91625 49641 1
49641 67425 1
49641 13547 1
13547 8567 1
8567 60963 1
60963 65598 1
65598 3431 1
65598 59265 1
65598 96835 1
65598 22282 1
65598 59972 1
59972 137778 1
137778 81858 1
81858 91640 1
91640 152329 1
152329 10690 1
10690 58712 1
58712 13906 1
13906 133888 1
133888 12078 1
12078 27339 1
27339 7630 1
27339 98617 1
98617 86256 1
86256 51155 1
51155 78969 1
78969 69742 1
69742 75373 1
69742 102725 1
69742 40606 1
69742 41502 1
69742 101289 1
69742 130604 1
130604 55271 1
55271 21624 1
21624 122612 1
122612 31164 1
122612 64163 1
64163 35651 1
35651 55597 1
55597 52121 1
52121 17530 1
17530 125210 1
125210 22849 1
22849 130766 1
22849 195 1
22849 128622 1
125210 154166 1
125210 144982 1
125210 30474 1
30474 6968 1
6968 11460 1
6968 30212 1
6968 130137 1
6968 123356 1
123356 23156 1
123356 56035 1
123356 7845 1
7845 128493 1
128493 41481 1
128493 12394 1
12394 136041 1
136041 137107 1
136041 59029 1
59029 79967 1
79967 10968 1
79967 35082 1
79967 115950 1
79967 26187 1
79967 55830 1
55830 125151 1
125151 110489 1
125151 80843 1
80843 138085 1
138085 30353 1
30353 47220 1
47220 118450 1
118450 81473 1
81473 123657 1
123657 136940 1
136940 77352 1
77352 151991 1
77352 103949 1
77352 150262 1
150262 11446 1
11446 139 1
11446 117024 1
117024 92217 1
92217 53136 1
92217 90862 1
90862 99992 1
99992 133561 1
99992 79501 1
79501 130398 1
79501 95228 1
95228 137382 1
95228 93813 1
93813 3321 1
3321 229 1
3321 2023 1
2023 52163 1
52163 153235 1
153235 107324 1
107324 81050 1
107324 32695 1
107324 137329 1
137329 104140 1
137329 10817 1
10817 103818 1
103818 82728 1
103818 124785 1
103818 37907 1
103818 48166 1
48166 91315 1
91315 65874 1
65874 147301 1
147301 135076 1
135076 63067 1
63067 64539 1
64539 85380 1
85380 46662 1
85380 45387 1
85380 40952 1
85380 85857 1
85380 29170 1
85380 96154 1
96154 73797 1
73797 20373 1
20373 140129 1
140129 11288 1
11288 55451 1
55451 113454 1
113454 100896 1
100896 55451 1
55451 302 1
302 69274 1
302 144137 1
144137 62777 1
144137 125790 1
144137 104471 1
104471 85068 1
104471 106681 1
104471 101988 1
101988 53354 1
53354 77068 1
77068 110102 1
110102 112252 1
112252 28852 1
28852 134558 1
134558 123662 1
134558 59510 1
59510 15231 1
59510 85280 1
85280 134958 1
134958 48045 1
48045 13860 1
13860 138999 1
138999 111587 1
138999 142801 1
142801 9332 1
9332 18413 1
18413 152026 1
152026 106796 1
106796 152254 1
152254 121734 1
121734 92399 1
92399 109719 1
92399 111017 1
111017 22524 1
22524 17032 1
17032 937 1
937 107126 1
107126 26331 1
107126 77068 1
77068 15947 1
77068 136765 1
136765 145645 1
145645 108195 1
145645 77705 1
77705 57859 1
77705 104627 1
104627 136945 1
136945 23763 1
77705 32751 1
32751 72307 1
72307 50905 1
50905 84171 1
50905 6497 1
50905 51000 1
50905 32360 1
50905 104066 1
50905 537 1
537 65902 1
65902 103353 1
65902 47421 1
47421 136450 1
47421 116397 1
47421 95537 1
95537 11617 1
95537 86563 1
95537 119599 1
119599 60280 1
60280 148 1
148 144961 1
144961 85776 1
85776 122615 1
122615 9430 1
85776 153399 1
153399 40851 1
153399 504 1
504 150279 1
150279 55198 1
55198 47280 1
47280 7468 1
7468 95750 1
95750 145641 1
95750 134956 1
134956 82959 1
82959 56676 1
82959 138011 1
138011 5143 1
5143 131149 1
131149 3438 1
3438 141802 1
141802 16767 1
16767 99869 1
99869 43386 1
43386 16666 1
16666 16072 1
16072 133765 1
16072 55510 1
16072 83733 1
83733 13874 1
13874 151161 1
13874 41286 1
13874 60216 1
60216 16148 1
16148 138847 1
16148 33580 1
16148 103211 1
16148 85902 1
85902 85242 1
85242 25998 1
85242 101260 1
101260 150098 1
150098 88238 1
167 68021 1
68021 83531 1
83531 94746 1
94746 59828 1
59828 55897 1
55897 146035 1
55897 113612 1
113612 12739 1
12739 85639 1
12739 23353 1
12739 151223 1
12739 5523 1
5523 87937 1
87937 81986 1
81986 142692 1
142692 109309 1
109309 41014 1
109309 95198 1
95198 78013 1
78013 58713 1
78013 97561 1
97561 56687 1
56687 27727 1
27727 114370 1
114370 18734 1
18734 64094 1
64094 17725 1
17725 147271 1
17725 59020 1
59020 96096 1
96096 38493 1
38493 29735 1
29735 139866 1
29735 68079 1
68079 80029 1
80029 148429 1
148429 141849 1
141849 46708 1
46708 26135 1
26135 21516 1
21516 63485 1
63485 125440 1
125440 2266 1
2266 74363 1
2266 127276 1
127276 19310 1
127276 153273 1
153273 5107 1
5107 149616 1
149616 45927 1
45927 110720 1
110720 12410 1
12410 71368 1
71368 81522 1
71368 94675 1
71368 133058 1
133058 117642 1
117642 63196 1
63196 81034 1
81034 112018 1
112018 134319 1
134319 138525 1
138525 33848 1
33848 122917 1
122917 126752 1
126752 103065 1
103065 84111 1
84111 82445 1
82445 109269 1
109269 26952 1
26952 3790 1
3790 27395 1
27395 53868 1
53868 36252 1
36252 19980 1
19980 87974 1
87974 56087 1
56087 13925 1
56087 72563 1
56087 4277 1
4277 46861 1
46861 31244 1
46861 100707 1
46861 86208 1
86208 130508 1
130508 10421 1
130508 108208 1
108208 11258 1
108208 64261 1
64261 135282 1
135282 136397 1
136397 76482 1
76482 148809 1
148809 128154 1
128154 84111 1
84111 67514 1
67514 51221 1
51221 104890 1
104890 15434 1
15434 80420 1
80420 25567 1
80420 65828 1
65828 124989 1
124989 49075 1
124989 19360 1
19360 91340 1
91340 72567 1
72567 54185 1
54185 106074 1
54185 101020 1
54185 148219 1
54185 119672 1
119672 64060 1
64060 46171 1
46171 75429 1
75429 78887 1
78887 136393 1
78887 842 1
842 148162 1
148162 128247 1
128247 22926 1
22926 13680 1
22926 64964 1
64964 49813 1
49813 73401 1
49813 118119 1
118119 19765 1
19765 29129 1
29129 80130 1
80130 24775 1
80130 20559 1
80130 56781 1
80130 28776 1
28776 78013 1
78013 29322 1
78013 89948 1
89948 124714 1
124714 49821 1
49821 56870 1
49821 154410 1
154410 21108 1
154410 113000 1
113000 871 1
871 24760 1
24760 120199 1
120199 31591 1
31591 69751 1
69751 94421 1
69751 119051 1
119051 99037 1
99037 41147 1
41147 81419 1
41147 105571 1
105571 5698 1
5698 147979 1
147979 41147 1
99037 23489 1
23489 87793 1
23489 41540 1
23489 121928 1
23489 97022 1
23489 127715 1
127715 89295 1
89295 64036 1
64036 77904 1
77904 63203 1
63203 134969 1
134969 130159 1
130159 124314 1
124314 49619 1
49619 146375 1
146375 142984 1
142984 61536 1
61536 111548 1
111548 43021 1
111548 62230 1
62230 2425 1
2425 98560 1
2425 45331 1
2425 37518 1
37518 108249 1
108249 82518 1
82518 64261 1
64261 86808 1
86808 150077 1
150077 15268 1
15268 64977 1
64977 12038 1
64977 19706 1
19706 17675 1
17675 35910 1
17675 10320 1
17675 57051 1
17675 76896 1
76896 17690 1
17690 39085 1
17690 95595 1
95595 72826 1
72826 70669 1
72826 13562 1
72826 117122 1
117122 126204 1
126204 93364 1
126204 97581 1
126204 6787 1
6787 82978 1
82978 118135 1
118135 9438 1
118135 149103 1
118135 2557 1
2557 111186 1
111186 9871 1
9871 38168 1
38168 29553 1
29553 13660 1
13660 16680 1
16680 43685 1
43685 63540 1
43685 49197 1
