110563 5268 1
5268 110563 1
5268 94153 1
5268 84823 1
5268 148321 1
5268 146618 1
148321 132447 1
148321 126469 1
148321 96706 1
148321 102409 1
148321 57070 1
84823 5268 1
84823 110109 1
84823 105941 1
84823 3615 1
84823 47029 1
94153 114300 1
94153 5268 1
146618 140846 1
146618 5268 1
146618 152287 1
47029 81003 1
47029 92314 1
47029 62705 1
47029 70059 1
47029 152065 1
140846 129722 1
140846 113781 1
140846 71522 1
140846 75485 1
140846 48188 1
57070 74987 1
57070 78804 1
57070 67365 1
57070 153006 1
57070 53240 1
126469 107224 1
126469 72726 1
126469 47786 1
126469 49036 1
126469 35255 1
110109 136816 1
110109 137684 1
110109 108670 1
110109 111112 1
110109 62502 1
96706 133686 1
96706 68770 1
96706 48533 1
96706 51621 1
96706 31263 1
114300 133454 1
114300 108510 1
114300 85710 1
114300 86601 1
114300 46334 1
102409 148321 1
102409 129595 1
102409 97181 1
102409 120065 1
102409 65936 1
132447 121629 1
132447 115669 1
132447 67659 1
132447 76792 1
132447 50032 1
3615 106994 1
3615 152932 1
3615 88523 1
3615 118097 1
3615 143788 1
152287 149699 1
152287 138743 1
152287 116631 1
152287 120296 1
152287 72660 1
105941 7466 1
105941 113235 1
105941 128856 1
105941 111142 1
105941 84823 1
50032 132447 1
50032 31085 1
86601 114300 1
111142 48432 1
111142 105623 1
111142 145909 1
111142 35884 1
111142 95043 1
67659 91497 1
67659 57629 1
67659 132447 1
121629 116187 1
121629 104935 1
121629 80836 1
121629 86049 1
121629 44080 1
65936 102409 1
72726 49491 1
72726 112532 1
72726 149240 1
72726 12092 1
72726 123939 1
129595 102409 1
106994 132324 1
106994 103337 1
106994 73118 1
106994 77810 1
106994 45636 1
120065 102409 1
48188 140846 1
48188 97789 1
31263 96706 1
31263 112817 1
31263 141815 1
31263 93201 1
70059 75055 1
70059 47029 1
81003 47029 1
74987 93008 1
74987 152588 1
74987 67813 1
74987 68169 1
74987 46417 1
85710 9879 1
85710 62933 1
85710 116391 1
85710 2211 1
85710 58180 1
88523 117993 1
88523 101942 1
88523 101909 1
88523 119962 1
88523 55231 1
62705 115288 1
62705 121096 1
62705 49266 1
62705 50878 1
62705 28736 1
133454 116391 1
133454 75498 1
133454 49463 1
133454 52125 1
133454 31288 1
137684 2132 1
137684 7212 1
137684 90160 1
137684 1725 1
137684 130129 1
107224 87558 1
107224 57431 1
107224 42427 1
107224 45138 1
107224 23871 1
153006 65263 1
153006 150933 1
153006 84839 1
153006 12983 1
153006 6931 1
116631 152287 1
35255 118510 1
35255 135262 1
35255 89257 1
35255 52797 1
35255 76166 1
152932 3615 1
113781 140846 1
113781 97225 1
118097 3615 1
149699 49771 1
149699 68865 1
149699 100981 1
149699 44863 1
149699 50450 1
72660 82841 1
72660 30667 1
72660 152287 1
53240 21786 1
53240 47038 1
53240 149747 1
53240 13547 1
53240 61588 1
97181 63557 1
97181 61760 1
97181 102409 1
128856 105941 1
128856 65857 1
78804 57070 1
120296 152287 1
113235 105941 1
113235 49489 1
47786 74992 1
47786 61883 1
47786 111297 1
47786 61633 1
47786 130113 1
108510 137426 1
108510 135564 1
108510 85980 1
108510 96738 1
108510 53909 1
92314 93420 1
92314 113108 1
92314 78400 1
92314 83383 1
92314 53103 1
108670 76465 1
108670 34862 1
108670 110109 1
136816 106123 1
136816 40902 1
136816 150127 1
136816 21924 1
136816 14435 1
48533 96706 1
48533 101374 1
48533 118012 1
48533 129008 1
48533 123939 1
138743 152287 1
71522 140846 1
129722 132998 1
129722 108997 1
129722 75683 1
129722 82122 1
129722 47626 1
115669 143260 1
115669 103071 1
115669 83595 1
115669 85694 1
115669 45689 1
152065 7531 1
152065 18342 1
152065 145125 1
152065 125926 1
152065 107243 1
49036 136177 1
49036 63843 1
49036 131772 1
49036 68160 1
49036 89479 1
51621 10266 1
51621 67643 1
51621 123326 1
51621 130017 1
51621 50247 1
75485 14792 1
75485 33399 1
75485 120440 1
75485 5666 1
75485 151697 1
111112 110109 1
111112 9189 1
67365 153894 1
67365 106066 1
67365 53394 1
67365 56958 1
67365 27490 1
143788 5762 1
143788 41133 1
143788 61574 1
143788 3615 1
143788 7635 1
62502 145124 1
62502 138295 1
62502 137880 1
62502 102434 1
62502 42318 1
76792 7113 1
76792 40126 1
76792 154828 1
76792 5435 1
76792 78125 1
46334 114300 1
46334 69232 1
133686 96706 1
133686 47306 1
7466 105941 1
68770 9461 1
68770 21807 1
68770 86211 1
68770 88783 1
68770 108819 1
61760 89050 1
61760 97181 1
61760 154901 1
61760 22969 1
130017 119544 1
130017 98062 1
130017 69718 1
130017 70714 1
130017 34801 1
63557 127072 1
63557 116561 1
63557 134686 1
63557 146011 1
63557 51086 1
113108 74996 1
113108 92314 1
113108 127983 1
113108 32364 1
113108 137436 1
21786 76014 1
21786 40518 1
21786 140103 1
21786 125938 1
21786 92944 1
30667 18373 1
30667 83688 1
30667 92494 1
30667 101879 1
30667 105558 1
101909 65000 1
101909 18579 1
101909 88523 1
49771 82583 1
49771 117578 1
49771 98263 1
49771 101654 1
49771 45158 1
82841 84336 1
82841 143186 1
82841 82211 1
82841 93702 1
82841 42644 1
44863 89580 1
44863 146117 1
44863 86827 1
44863 78125 1
44863 65162 1
100981 134659 1
100981 61361 1
100981 41513 1
100981 44110 1
100981 15899 1
97225 125938 1
97225 100280 1
97225 140050 1
97225 148631 1
97225 49960 1
49266 141944 1
49266 145100 1
49266 84132 1
49266 130856 1
49266 46484 1
7635 153704 1
7635 115008 1
7635 143788 1
7635 26672 1
7635 63120 1
89257 35255 1
89257 20683 1
118510 103248 1
118510 35255 1
118510 110621 1
135262 110656 1
135262 35255 1
135262 139572 1
6931 88515 1
6931 55176 1
6931 82326 1
6931 45437 1
6931 31025 1
108819 4379 1
108819 123844 1
108819 93779 1
108819 102387 1
108819 63983 1
84839 54853 1
84839 73995 1
84839 87810 1
84839 35884 1
84839 60770 1
45636 106994 1
45636 55511 1
45636 52878 1
45636 120464 1
45636 122725 1
47626 129722 1
65263 125373 1
65263 139965 1
65263 91663 1
65263 134686 1
65263 47275 1
23871 28736 1
23871 99173 1
23871 146872 1
23871 675 1
23871 60604 1
5762 103662 1
5762 40921 1
5762 21562 1
5762 40894 1
5762 101406 1
45138 107224 1
45138 15118 1
119962 112965 1
119962 103339 1
119962 78785 1
119962 80644 1
119962 51966 1
149747 142233 1
149747 115229 1
149747 82448 1
149747 85426 1
149747 52386 1
50247 6887 1
50247 50657 1
50247 137642 1
50247 114738 1
50247 41087 1
1725 25456 1
1725 61919 1
1725 69187 1
1725 125002 1
1725 6827 1
50878 62705 1
90160 133975 1
90160 102026 1
90160 123139 1
90160 97926 1
90160 67039 1
2132 94510 1
2132 44771 1
2132 95688 1
2132 122634 1
2132 94535 1
61633 76221 1
61633 108044 1
61633 40403 1
61633 43908 1
61633 16241 1
52125 123588 1
52125 126266 1
52125 133454 1
61588 138085 1
61588 117321 1
61588 134201 1
61588 82328 1
61588 44852 1
112532 153334 1
112532 89585 1
112532 57945 1
112532 61922 1
112532 41106 1
47038 69114 1
47038 121963 1
47038 47798 1
47038 107403 1
47038 40871 1
49463 133454 1
68169 106696 1
68169 96812 1
68169 52340 1
68169 55500 1
68169 21095 1
28736 96010 1
28736 97221 1
28736 74949 1
28736 47014 1
28736 28716 1
97789 99316 1
97789 133466 1
97789 149285 1
97789 98343 1
97789 66396 1
121096 37224 1
121096 62705 1
121096 132693 1
121096 26822 1
121096 48563 1
130129 154773 1
130129 112983 1
130129 87903 1
130129 89561 1
130129 42135 1
67643 104149 1
67643 78398 1
67643 120384 1
67643 74897 1
67643 28242 1
115288 133454 1
115288 143904 1
115288 84358 1
115288 88238 1
115288 64992 1
153894 15968 1
153894 30796 1
153894 129670 1
153894 120430 1
153894 91489 1
42427 52190 1
42427 87509 1
42427 93370 1
42427 78154 1
42427 68767 1
55231 14647 1
55231 148193 1
55231 62899 1
55231 937 1
55231 139028 1
9461 71290 1
9461 140059 1
9461 90160 1
9461 63538 1
9461 31001 1
116391 152393 1
116391 149149 1
116391 76648 1
116391 84573 1
116391 50600 1
123939 154288 1
123939 107462 1
123939 80675 1
123939 84562 1
123939 43349 1
31288 89585 1
31288 49029 1
31288 92713 1
31288 54608 1
31288 133454 1
135564 35132 1
135564 44823 1
135564 67365 1
135564 4311 1
135564 126752 1
120440 138335 1
120440 75718 1
120440 45236 1
120440 52340 1
120440 28109 1
149240 139527 1
149240 121868 1
149240 92361 1
149240 97057 1
149240 51269 1
138295 117130 1
138295 107789 1
138295 83663 1
138295 87853 1
138295 53119 1
105623 112847 1
105623 154540 1
105623 90598 1
105623 93534 1
105623 47993 1
67813 131936 1
67813 105032 1
67813 87974 1
67813 118791 1
67813 57553 1
50450 152958 1
50450 149699 1
50450 72855 1
50450 57629 1
50450 42852 1
86049 87145 1
86049 91033 1
86049 77261 1
86049 81188 1
86049 49771 1
150127 115909 1
150127 68495 1
150127 42985 1
150127 49254 1
150127 24313 1
75498 89704 1
75498 88282 1
75498 75547 1
75498 138798 1
75498 42535 1
103337 126473 1
103337 129008 1
103337 106994 1
111297 99728 1
111297 64195 1
111297 42542 1
111297 47786 1
111297 25234 1
106123 117817 1
106123 100988 1
106123 60006 1
106123 65088 1
106123 18775 1
129008 154500 1
129008 123314 1
129008 94778 1
129008 96609 1
129008 48533 1
31085 50032 1
31085 77654 1
31085 87860 1
31085 126522 1
31085 108553 1
13547 84174 1
13547 64574 1
13547 22309 1
13547 60973 1
13547 17674 1
83595 115669 1
83595 32872 1
87558 90230 1
87558 89178 1
87558 119185 1
87558 139673 1
87558 66040 1
12092 47736 1
12092 34669 1
12092 95821 1
12092 152657 1
12092 60074 1
88783 99819 1
88783 111297 1
88783 115720 1
88783 115864 1
88783 71772 1
47306 97519 1
47306 125185 1
47306 115179 1
47306 127979 1
47306 54785 1
154828 137883 1
154828 121575 1
154828 76792 1
154828 80126 1
154828 53322 1
77810 106994 1
77810 98761 1
42318 62502 1
42318 132604 1
91497 149702 1
91497 125815 1
91497 68063 1
91497 73797 1
91497 40188 1
137880 124163 1
137880 109668 1
137880 75316 1
137880 79769 1
137880 44874 1
85694 115669 1
145124 5731 1
145124 88679 1
145124 89129 1
145124 101000 1
145124 45890 1
27490 67365 1
123326 114940 1
123326 84830 1
123326 49111 1
123326 51621 1
123326 19494 1
34862 8072 1
34862 121196 1
34862 89939 1
34862 62171 1
34862 58006 1
86211 92783 1
86211 153417 1
86211 96149 1
86211 99621 1
86211 52433 1
56958 57519 1
56958 67365 1
49489 130597 1
49489 128841 1
49489 128168 1
49489 145323 1
49489 121605 1
106066 134240 1
106066 100310 1
106066 67365 1
106066 75688 1
106066 42391 1
9189 25675 1
9189 144753 1
9189 30642 1
9189 51573 1
9189 58200 1
151697 141894 1
151697 111677 1
151697 87609 1
151697 89704 1
151697 58792 1
136177 44575 1
136177 66193 1
136177 119118 1
136177 33679 1
136177 49036 1
5666 150644 1
5666 15451 1
5666 85057 1
5666 25799 1
5666 75867 1
78125 91530 1
78125 130862 1
78125 68160 1
78125 70957 1
78125 30976 1
10266 46700 1
10266 130530 1
10266 76094 1
10266 49846 1
10266 68767 1
93201 137426 1
93201 108984 1
93201 68021 1
93201 75728 1
93201 28101 1
68160 132464 1
68160 86917 1
68160 46699 1
68160 48620 1
68160 25103 1
108997 129722 1
108997 121545 1
63843 49036 1
107243 109490 1
107243 118791 1
107243 80863 1
107243 81872 1
107243 37694 1
125926 6052 1
125926 154558 1
125926 107761 1
125926 113553 1
125926 57295 1
82122 129722 1
118012 148272 1
118012 90996 1
118012 59685 1
118012 66458 1
118012 35217 1
83383 13534 1
83383 35955 1
83383 92314 1
83383 11550 1
83383 121788 1
75683 129722 1
14792 94368 1
14792 116540 1
14792 46865 1
14792 97275 1
14792 21081 1
132998 129722 1
61574 95347 1
61574 109487 1
61574 143788 1
61574 83971 1
61574 43068 1
101374 136816 1
101374 146884 1
101374 88593 1
101374 94125 1
101374 42983 1
93420 53204 1
93420 120753 1
93420 96995 1
93420 40686 1
93420 92314 1
18342 56432 1
18342 52448 1
18342 80715 1
18342 80843 1
18342 129441 1
131772 18542 1
131772 30740 1
131772 134933 1
131772 8793 1
131772 154747 1
21924 136816 1
21924 111684 1
21924 22726 1
21924 13826 1
21924 140561 1
57629 132447 1
57629 67659 1
57629 99616 1
57629 130724 1
57629 40545 1
45689 115669 1
45689 49722 1
14435 56569 1
14435 136816 1
14435 111673 1
14435 111055 1
14435 91123 1
40902 96021 1
40902 125241 1
40902 137990 1
40902 153824 1
40902 20795 1
53103 12296 1
53103 85987 1
53103 142726 1
53103 120040 1
53103 154626 1
69232 127217 1
69232 145502 1
69232 73379 1
69232 79121 1
69232 90891 1
143260 115669 1
143260 150533 1
143260 124373 1
143260 58647 1
53909 124217 1
53909 94728 1
53909 35015 1
53909 37959 1
53909 21026 1
21807 37208 1
21807 68770 1
21807 113734 1
21807 91564 1
21807 118410 1
137426 67079 1
137426 146999 1
137426 89948 1
137426 17068 1
137426 12258 1
75055 6407 1
75055 78708 1
75055 111222 1
75055 147858 1
75055 73800 1
96738 13734 1
96738 76973 1
96738 149209 1
96738 2833 1
96738 41803 1
85980 26716 1
85980 56529 1
85980 108510 1
85980 23162 1
85980 43342 1
33399 103660 1
33399 144600 1
33399 104835 1
33399 37298 1
33399 147200 1
130113 47786 1
130113 10815 1
130113 73236 1
78400 108866 1
78400 87085 1
78400 107268 1
78400 96908 1
78400 40679 1
61883 21369 1
61883 40198 1
61883 70207 1
61883 8247 1
61883 77278 1
74992 106245 1
74992 48870 1
74992 31849 1
74992 35281 1
74992 16800 1
7531 98931 1
7531 98655 1
7531 85950 1
7531 45561 1
7531 78916 1
65857 152220 1
65857 146259 1
65857 106034 1
65857 139067 1
65857 61197 1
35884 84839 1
35884 89429 1
35884 111142 1
35884 132523 1
35884 122635 1
2211 147952 1
2211 114248 1
2211 49744 1
2211 63315 1
2211 60072 1
73118 76586 1
73118 60555 1
73118 42938 1
73118 47091 1
73118 29750 1
58180 5708 1
58180 85710 1
58180 116150 1
58180 129760 1
58180 85786 1
76465 117099 1
76465 116138 1
76465 154509 1
76465 125465 1
76465 42367 1
62933 62939 1
62933 70217 1
62933 136065 1
62933 106757 1
62933 36794 1
46417 140916 1
46417 127205 1
46417 47540 1
46417 138169 1
46417 40902 1
152588 9341 1
152588 137469 1
152588 142472 1
152588 106245 1
152588 89709 1
57431 9082 1
57431 107224 1
57431 54289 1
57431 5181 1
89479 18542 1
89479 12928 1
89479 49036 1
9879 15208 1
9879 64215 1
9879 46143 1
9879 123587 1
9879 102160 1
48432 118871 1
48432 128862 1
48432 75047 1
48432 131884 1
48432 147495 1
93008 1377 1
93008 148034 1
93008 99673 1
93008 99998 1
93008 80970 1
40126 52096 1
40126 149555 1
40126 105733 1
40126 125858 1
40126 140747 1
141815 139028 1
141815 39652 1
141815 31263 1
141815 31691 1
141815 21193 1
150933 140742 1
150933 123716 1
150933 72270 1
150933 81858 1
150933 41892 1
112817 148393 1
112817 104209 1
112817 81872 1
112817 83592 1
112817 42368 1
145125 129239 1
145125 111684 1
145125 76433 1
145125 81485 1
145125 37562 1
101942 88523 1
68865 153963 1
68865 150861 1
68865 63781 1
68865 64737 1
68865 42814 1
132324 144281 1
132324 120464 1
132324 83971 1
132324 103390 1
132324 45526 1
103071 115669 1
116187 34998 1
116187 121629 1
116187 125843 1
116187 30863 1
95043 17350 1
95043 128189 1
95043 111142 1
95043 154630 1
95043 46875 1
117993 108142 1
117993 88523 1
41133 151277 1
41133 101971 1
41133 75165 1
41133 74054 1
41133 36294 1
49491 104294 1
49491 89813 1
49491 134826 1
49491 143279 1
49491 88977 1
102434 31922 1
102434 50753 1
102434 103177 1
102434 17219 1
102434 116246 1
76166 35255 1
76166 66710 1
76166 129534 1
76166 28776 1
76166 79501 1
7113 38572 1
7113 46271 1
7113 9385 1
7113 18103 1
7113 121237 1
44080 14336 1
44080 134014 1
44080 121629 1
44080 10492 1
44080 69316 1
145909 12804 1
145909 32707 1
145909 91988 1
145909 146448 1
145909 121253 1
80836 121629 1
80836 126469 1
80836 135191 1
12983 79600 1
12983 118628 1
12983 134549 1
12983 37705 1
12983 152305 1
7212 31002 1
7212 40520 1
7212 94248 1
7212 91196 1
7212 115742 1
52797 4427 1
52797 69692 1
52797 105707 1
52797 116619 1
52797 126473 1
104935 121629 1
53394 67365 1
53394 101716 1
5435 114807 1
5435 34666 1
5435 93386 1
5435 15566 1
5435 13873 1
75728 67643 1
75728 93201 1
75728 23049 1
75728 72540 1
68021 91940 1
68021 55265 1
68021 40902 1
68021 43061 1
68021 16545 1
93534 143800 1
93534 145056 1
93534 86290 1
93534 87824 1
93534 43249 1
54853 105451 1
54853 117083 1
54853 141997 1
54853 56973 1
54853 68483 1
130530 61676 1
130530 46054 1
130530 47314 1
130530 22248 1
46700 10266 1
63983 108819 1
70957 144612 1
70957 147575 1
70957 78882 1
70957 52848 1
91530 78125 1
154901 108909 1
154901 61760 1
101406 32783 1
101406 59510 1
101406 5762 1
101406 47824 1
88238 108984 1
88238 67365 1
88238 40834 1
88238 42923 1
88238 25539 1
75867 65359 1
75867 49474 1
75867 51724 1
15451 146963 1
15451 127094 1
15451 60408 1
15451 5666 1
15451 87365 1
66193 101950 1
66193 123838 1
66193 67365 1
66193 102454 1
66193 78981 1
95821 12092 1
58792 151697 1
55500 131940 1
55500 74064 1
55500 147951 1
55500 104744 1
55500 40239 1
40686 107946 1
40686 93420 1
118871 74543 1
118871 48432 1
87609 25738 1
87609 62273 1
87609 151697 1
87609 11747 1
87609 54644 1
93370 151351 1
93370 65454 1
93370 42427 1
93370 48775 1
93370 28203 1
76094 122816 1
76094 10266 1
76094 100740 1
146872 154150 1
146872 137426 1
146872 104363 1
146872 55983 1
111677 6175 1
111677 139484 1
111677 94481 1
111677 110621 1
87810 147656 1
87810 136397 1
87810 86735 1
87810 41440 1
63120 7635 1
58200 9189 1
58200 9082 1
58200 152327 1
106757 62933 1
106757 10381 1
106757 128094 1
25675 9189 1
25675 129844 1
42135 120440 1
42135 68689 1
42135 66721 1
42135 41860 1
42391 149569 1
42391 85459 1
42391 74663 1
42391 134958 1
42391 31243 1
127983 113108 1
100310 124714 1
100310 76719 1
100310 65000 1
128168 49489 1
126522 69457 1
126522 31085 1
130597 49489 1
8793 57073 1
8793 98263 1
8793 131772 1
8793 67394 1
8793 137012 1
57519 22306 1
57519 90221 1
57519 107168 1
99621 70200 1
99621 67829 1
99621 86211 1
153417 86211 1
110621 130530 1
110621 130501 1
110621 98598 1
110621 143268 1
110621 52848 1
58006 152199 1
58006 34862 1
46484 103307 1
46484 49266 1
62171 2564 1
62171 18103 1
62171 65143 1
62171 1089 1
62171 137028 1
24313 130037 1
24313 90854 1
24313 118329 1
24313 130437 1
146117 122490 1
146117 91931 1
146117 67071 1
146117 47578 1
84830 92783 1
84830 115783 1
84830 125705 1
80715 18342 1
80715 37702 1
80715 148 1
80715 140243 1
101000 145124 1
40921 6006 1
40921 5762 1
121575 154828 1
30642 9189 1
40518 77278 1
40518 80644 1
40518 27961 1
40518 10900 1
144753 142767 1
144753 131567 1
144753 87287 1
144753 99288 1
144753 52226 1
138169 1089 1
138169 150012 1
138169 64626 1
89129 145124 1
89129 116580 1
88679 25259 1
88679 57497 1
88679 107354 1
88679 140315 1
66458 118012 1
21193 58626 1
21193 43270 1
21193 70716 1
21193 63009 1
21193 130756 1
68063 91497 1
134240 143186 1
134240 117605 1
134240 83971 1
134240 86269 1
134240 40006 1
132604 39386 1
132604 54257 1
132604 93971 1
132604 18860 1
132604 115658 1
37959 118104 1
37959 111684 1
37959 136816 1
37959 119716 1
37959 34734 1
148393 67638 1
148393 114300 1
148393 112817 1
148393 37792 1
71772 93040 1
71772 96987 1
71772 77997 1
71772 72243 1
71772 150291 1
98931 128223 1
98931 7531 1
115720 2211 1
115720 89510 1
115720 92373 1
115720 61889 1
60074 41583 1
60074 41958 1
60074 20367 1
137436 113108 1
152657 85417 1
152657 12092 1
34669 103138 1
34669 151093 1
34669 76569 1
34669 154400 1
34669 28716 1
74996 113108 1
47014 13090 1
47014 28736 1
47014 16109 1
47014 3387 1
119185 56545 1
119185 87558 1
119185 76002 1
119185 32032 1
89178 43351 1
89178 149874 1
89178 136846 1
89178 23796 1
89178 87558 1
115179 47306 1
90230 87558 1
78708 75055 1
53322 127559 1
53322 154828 1
101879 11844 1
101879 10381 1
101879 30667 1
32872 136674 1
32872 66228 1
32872 41603 1
35015 121454 1
35015 61735 1
35015 35241 1
35015 32489 1
25799 5666 1
60973 90598 1
60973 97348 1
60973 109956 1
60973 116524 1
65088 97880 1
65088 106123 1
65088 132986 1
65088 35271 1
138335 144425 1
138335 100228 1
138335 83531 1
138335 88012 1
138335 51160 1
22309 81525 1
22309 26596 1
22309 111169 1
22309 122806 1
22309 142359 1
64574 69826 1
64574 152898 1
26716 36233 1
26716 111684 1
26716 124762 1
26716 51488 1
26716 25137 1
33679 146663 1
33679 37426 1
33679 59790 1
70714 71772 1
70714 130017 1
17219 136002 1
17219 102434 1
46865 14792 1
146448 145909 1
87860 33749 1
87860 74220 1
87860 31085 1
87860 96539 1
77654 31085 1
96609 2023 1
96609 114694 1
96609 111590 1
96609 108690 1
96609 82871 1
92494 30667 1
123314 48157 1
123314 129008 1
123314 8987 1
154500 123820 1
154500 78447 1
154500 90677 1
154500 42376 1
52448 18342 1
52448 4636 1
47736 4455 1
47736 87893 1
47736 83735 1
47736 38760 1
75718 8177 1
75718 88012 1
75718 111684 1
89709 125245 1
89709 36694 1
89709 24379 1
89709 14436 1
60006 40861 1
60006 22309 1
134201 121843 1
134201 146011 1
134201 142700 1
134201 61588 1
99728 149808 1
99728 88987 1
99728 96230 1
99728 50550 1
65162 44863 1
125241 123873 1
125241 108130 1
125241 39330 1
126473 55435 1
126473 58712 1
49111 31752 1
49111 123326 1
49111 94746 1
49111 1774 1
1377 72329 1
1377 8420 1
1377 38715 1
1377 113472 1
1377 33881 1
42535 13754 1
42535 122612 1
42535 60770 1
75547 75498 1
145502 69232 1
89704 112817 1
89704 48581 1
89704 35671 1
89704 37575 1
89704 19341 1
18103 42353 1
18103 138295 1
18103 26915 1
18103 134443 1
42985 49771 1
42985 100394 1
42985 98194 1
42985 24554 1
37224 80490 1
37224 99793 1
37224 142279 1
37224 121096 1
80843 131758 1
80843 150127 1
80843 74305 1
98761 137868 1
98761 68381 1
98761 68760 1
98761 40476 1
64195 104290 1
64195 149155 1
64195 151447 1
64195 88231 1
68495 85609 1
68495 92695 1
68495 61604 1
68495 62705 1
68495 36933 1
149149 116391 1
84132 34609 1
84132 49266 1
84132 24760 1
84132 39743 1
115909 26677 1
115909 32754 1
115909 123996 1
115909 102600 1
91033 141784 1
91033 59184 1
91033 63982 1
91033 38924 1
87145 10006 1
87145 11660 1
87145 110332 1
87145 115619 1
87145 147734 1
42852 98263 1
42852 142383 1
42852 121523 1
42852 90891 1
74949 39712 1
74949 58687 1
74949 28736 1
74949 40576 1
77261 86049 1
125938 138758 1
125938 113553 1
125938 85895 1
125938 88957 1
125938 34234 1
152958 50450 1
93702 82841 1
51573 9189 1
51573 94441 1
51573 4946 1
51573 23293 1
87974 54426 1
87974 40721 1
87974 43751 1
87974 20804 1
12258 94814 1
12258 63179 1
12258 52190 1
12258 19491 1
105032 82804 1
105032 61950 1
105032 52197 1
105032 53665 1
105032 26915 1
104209 112817 1
47993 51985 1
47993 105623 1
47993 106073 1
47993 32067 1
90598 47667 1
90598 144549 1
90598 3340 1
90598 112489 1
87853 34273 1
87853 138295 1
83663 138295 1
117130 138295 1
4379 108819 1
51269 29839 1
51269 41823 1
51269 149240 1
51269 26663 1
51269 31473 1
6827 12270 1
6827 30396 1
6827 117575 1
6827 80050 1
6827 21909 1
5181 33131 1
5181 9532 1
5181 46918 1
5181 132383 1
92361 149240 1
92361 81690 1
121868 149240 1
47798 114517 1
47798 74461 1
47798 55485 1
47798 47038 1
139527 26663 1
139527 14594 1
45236 3780 1
45236 9882 1
45236 94609 1
45236 91900 1
21369 52595 1
21369 145595 1
21369 61883 1
21369 39182 1
54289 143070 1
54289 82617 1
54289 87960 1
54289 56102 1
54289 46403 1
28776 78013 1
28776 120292 1
28776 67125 1
28776 35899 1
28776 80130 1
80126 154828 1
61197 88643 1
61197 152588 1
61197 115006 1
61197 43509 1
127979 47306 1
127979 11497 1
127979 147433 1
126752 104550 1
126752 71359 1
126752 43455 1
126752 46587 1
126752 15800 1
4311 44136 1
4311 142383 1
4311 118327 1
4311 140831 1
44823 57726 1
44823 94956 1
44823 152255 1
44823 106442 1
44823 67717 1
81858 32818 1
81858 22234 1
35132 62194 1
35132 49380 1
35132 47038 1
35132 58820 1
35132 135564 1
35955 31261 1
35955 83383 1
35955 72636 1
13734 96738 1
13734 57048 1
13734 56223 1
13734 116285 1
13734 66565 1
54608 116567 1
54608 138970 1
54608 57507 1
54608 92582 1
54608 44070 1
53119 138295 1
49029 104790 1
49029 147523 1
49029 59804 1
49029 114463 1
49029 44861 1
107462 123939 1
43349 75445 1
43349 123939 1
43349 103741 1
96021 40902 1
73800 75055 1
84562 11844 1
84562 34829 1
84562 71494 1
84562 11747 1
84562 27849 1
10492 70777 1
10492 14056 1
10492 84177 1
10492 27091 1
10492 57906 1
154288 123939 1
93386 97912 1
93386 5435 1
44874 22612 1
44874 110128 1
44874 110953 1
44874 16712 1
44874 38380 1
34998 134130 1
34998 116187 1
34998 82986 1
34998 147401 1
34998 97168 1
57553 79608 1
57553 101941 1
57553 118541 1
57553 152770 1
57553 45058 1
97057 113096 1
97057 84192 1
97057 58807 1
97057 61880 1
97057 43858 1
25456 1725 1
50600 29557 1
50600 101239 1
50600 111225 1
50600 38482 1
84573 150585 1
84573 116391 1
84573 130753 1
84573 37055 1
76648 119962 1
76648 105361 1
76648 116391 1
63538 37746 1
63538 56101 1
63538 65777 1
63538 9461 1
63538 148595 1
118791 65237 1
118791 48145 1
118791 54136 1
118791 23637 1
140059 9461 1
71290 95571 1
71290 69070 1
71290 52308 1
71290 30126 1
123139 90825 1
123139 90160 1
62899 145363 1
62899 116304 1
62899 64808 1
62899 75696 1
62899 45532 1
148193 127686 1
148193 107517 1
148193 62859 1
148193 76223 1
148193 37259 1
14647 18290 1
14647 48123 1
14647 25539 1
14647 80969 1
14647 122648 1
68767 147657 1
68767 111793 1
68767 87568 1
68767 29712 1
78154 15704 1
78154 42427 1
78154 13575 1
78154 119716 1
87509 84773 1
87509 52201 1
87509 40217 1
87509 42427 1
87509 19822 1
52190 120593 1
52190 44405 1
52190 53150 1
52190 28736 1
52190 10767 1
114738 23309 1
114738 51253 1
114738 151139 1
114738 1920 1
114738 50247 1
120430 150078 1
120430 81485 1
120430 83971 1
120430 48373 1
43068 61574 1
43068 114145 1
43068 72329 1
75165 41133 1
121253 145909 1
117817 92190 1
117817 106123 1
117817 144645 1
117817 39924 1
117817 96248 1
122725 130641 1
122725 105364 1
122725 74004 1
122725 83426 1
122725 52215 1
114940 40314 1
114940 120988 1
114940 123326 1
114940 14754 1
114940 50922 1
64737 11645 1
64737 68865 1
61361 10006 1
61361 80394 1
61361 83531 1
129670 139156 1
129670 114045 1
129670 69150 1
129670 71534 1
129670 35914 1
12804 42342 1
12804 138492 1
12804 63149 1
12804 18612 1
12804 110996 1
17350 95043 1
69718 74305 1
69718 146365 1
69718 83757 1
69718 44432 1
139673 87558 1
128841 49489 1
103248 106082 1
103248 128799 1
103248 83522 1
131936 8010 1
131936 123894 1
131936 67813 1
153334 112532 1
144281 53973 1
144281 59804 1
144281 133028 1
144281 132324 1
121237 7113 1
60770 133602 1
60770 118811 1
60770 127264 1
60770 41987 1
43908 57511 1
43908 60759 1
43908 80414 1
43908 127932 1
43908 150261 1
30740 131772 1
30740 108315 1
30740 45726 1
30740 26815 1
89939 34862 1
89939 7574 1
89939 118199 1
112983 130129 1
112983 99006 1
112983 115023 1
45890 145124 1
84336 82841 1
146884 41266 1
146884 32684 1
146884 34748 1
146884 15226 1
73797 91497 1
73797 91477 1
73797 95343 1
73797 117022 1
73797 51985 1
31001 9461 1
50753 102434 1
97519 11660 1
97519 47306 1
97519 149667 1
97519 3079 1
97519 14828 1
132693 131936 1
132693 121096 1
132693 65869 1
132693 68243 1
132693 50251 1
137883 9679 1
137883 99358 1
137883 9308 1
137883 108690 1
74897 103922 1
74897 67643 1
110656 6488 1
110656 123750 1
110656 152588 1
110656 67629 1
66040 4776 1
66040 30600 1
66040 90215 1
66040 831 1
66040 124725 1
106696 68169 1
115864 71772 1
115864 122964 1
115864 121545 1
138085 80843 1
138085 52345 1
138085 37667 1
138085 40902 1
52878 112306 1
52878 86544 1
52878 75807 1
52878 46183 1
82326 126285 1
82326 92928 1
82326 116500 1
82326 50215 1
98343 97789 1
98343 42391 1
17674 114420 1
17674 63020 1
17674 113966 1
17674 42254 1
62939 58180 1
62939 112817 1
62939 24277 1
62939 146131 1
91489 2490 1
91489 132657 1
91489 95760 1
91489 126382 1
127072 63557 1
84174 151447 1
153704 7635 1
141894 123776 1
141894 39499 1
141894 28109 1
141894 29879 1
40871 47038 1
25234 111297 1
42542 111297 1
88282 15632 1
88282 119898 1
88282 75498 1
154540 105623 1
117321 61588 1
78398 67643 1
99316 97789 1
66396 97789 1
120384 15118 1
120384 68021 1
120384 107224 1
120384 67643 1
91564 21807 1
132464 33749 1
132464 68160 1
132464 539 1
67039 114145 1
67039 92830 1
67039 125987 1
67039 54416 1
112847 105623 1
121545 138291 1
152220 65857 1
57295 125926 1
13534 83383 1
116540 14792 1
96908 78400 1
96908 130513 1
97275 14792 1
97275 129429 1
97275 10676 1
21081 14792 1
101654 129076 1
101654 111559 1
101654 95799 1
101654 83029 1
107789 100343 1
107789 103977 1
94728 126398 1
94728 109718 1
108866 35884 1
129441 63443 1
129441 18342 1
129441 148573 1
18542 42726 1
18542 107224 1
18542 141630 1
18542 97221 1
114248 99969 1
154747 52848 1
129534 121036 1
129534 102442 1
129534 107681 1
129534 72270 1
16241 104290 1
16241 110656 1
16241 143044 1
99673 93008 1
124217 68730 1
124217 49846 1
63315 2211 1
13826 136122 1
119118 150295 1
119118 90735 1
119118 93884 1
99616 78125 1
99616 52152 1
99616 55500 1
98263 61848 1
98263 19822 1
139572 113542 1
139572 39844 1
139572 135262 1
49722 7815 1
49722 133637 1
51086 63557 1
64992 115288 1
72270 150933 1
72270 11645 1
72270 129534 1
18775 106123 1
18775 51966 1
56569 14435 1
45526 119755 1
45526 78510 1
45526 135436 1
111673 14435 1
153824 107949 1
153824 79576 1
153824 46604 1
120040 53103 1
13873 40784 1
13873 104111 1
13873 31752 1
154626 53103 1
15566 5435 1
79121 69232 1
45158 127911 1
45158 49771 1
108553 67827 1
108553 42376 1
90891 69232 1
90891 42852 1
28242 67643 1
28242 110896 1
141944 49266 1
150533 66457 1
150533 53272 1
150533 57070 1
150533 34122 1
125843 116187 1
125843 67459 1
109490 107243 1
124373 85098 1
124373 38179 1
34666 5435 1
113734 21807 1
128189 95043 1
121605 49489 1
55176 86263 1
55176 6931 1
150644 146963 1
150644 5666 1
121196 146830 1
121196 119425 1
140050 86257 1
140050 9082 1
140050 12804 1
133466 53351 1
67079 129760 1
67079 110885 1
67079 64626 1
6407 74329 1
6407 75055 1
6407 137496 1
147858 75055 1
86917 99365 1
86917 34284 1
118410 71463 1
118410 21807 1
80970 75005 1
80970 39540 1
134549 12983 1
76973 57117 1
121963 47038 1
52433 86211 1
149209 43152 1
111055 14435 1
41803 71918 1
41803 50142 1
81872 109428 1
81872 38941 1
81872 98598 1
81872 29405 1
81872 16452 1
85987 71770 1
42368 21943 1
42368 14754 1
42368 58077 1
106034 65857 1
106034 60408 1
130724 42985 1
130724 22726 1
130724 57629 1
91123 14435 1
103660 33399 1
103660 876 1
31849 131538 1
31849 43192 1
31849 40520 1
31849 80644 1
151277 41133 1
104835 46458 1
37298 139506 1
147200 47038 1
147200 33399 1
89948 113831 1
89948 78013 1
139028 82030 1
139028 87504 1
107268 65143 1
107268 39652 1
37208 21807 1
91196 81374 1
91196 87509 1
8247 154773 1
8247 54851 1
8247 121523 1
56432 18342 1
56432 139311 1
48870 119350 1
48870 124056 1
35281 74992 1
35281 69180 1
35281 133812 1
85950 101374 1
85950 7531 1
75316 137880 1
45561 7531 1
69692 71733 1
78916 7531 1
54785 47306 1
140561 134140 1
140561 91033 1
35217 118012 1
66710 136816 1
66710 124714 1
146259 65857 1
23162 151351 1
23162 41277 1
23162 92680 1
89429 35884 1
89429 18384 1
132523 7874 1
87085 40217 1
37705 94488 1
37705 94746 1
122635 94766 1
122635 20428 1
81485 154485 1
81485 150297 1
81485 46460 1
111684 152588 1
111684 101174 1
111684 87903 1
111684 46460 1
128862 48432 1
60555 90832 1
99819 88783 1
99819 31062 1
154509 76465 1
154509 55118 1
17068 137426 1
17068 91033 1
17068 132283 1
17068 150 1
42938 73118 1
42938 62456 1
69114 47038 1
29750 154747 1
36294 41133 1
117099 25655 1
117099 87238 1
117099 8357 1
40545 126469 1
40545 22307 1
116619 113891 1
116619 52797 1
136065 96986 1
136065 62933 1
106245 20744 1
47540 35912 1
47091 73118 1
47091 121031 1
9082 138515 1
9082 19758 1
83971 43447 1
83971 34813 1
38572 40663 1
38572 134806 1
38572 150031 1
38572 24867 1
123587 9879 1
10815 81642 1
10815 111235 1
118628 59029 1
46271 14111 1
46271 40520 1
46271 7113 1
46271 80863 1
140916 46417 1
140916 108984 1
142472 113966 1
142472 54136 1
88977 49491 1
75047 48432 1
131884 48432 1
147495 114596 1
147495 48432 1
130856 96096 1
130856 49266 1
130856 75807 1
73379 46460 1
73379 111169 1
73379 69232 1
148272 150920 1
148272 118012 1
148034 98263 1
148034 34533 1
76433 145125 1
60072 46387 1
60072 2211 1
48620 148943 1
40198 53841 1
40198 61883 1
80863 97467 1
80863 73691 1
109668 3706 1
109668 83701 1
119544 130017 1
149555 75459 1
149555 40663 1
79600 12983 1
125858 118555 1
123716 130314 1
49846 107812 1
49846 124714 1
49846 37746 1
90996 27509 1
90996 84830 1
90996 123326 1
90996 8177 1
90996 113023 1
80675 39185 1
64215 143494 1
64215 97563 1
107761 125926 1
18579 97769 1
37694 108802 1
129760 66080 1
129760 130159 1
129760 8147 1
137990 118059 1
137990 68021 1
137990 68495 1
152305 12983 1
40679 78400 1
41892 119402 1
41892 150933 1
101971 41133 1
83592 112817 1
154773 51221 1
154773 8247 1
30796 49655 1
30796 114507 1
30796 52003 1
30796 153894 1
98655 68021 1
98655 74076 1
98655 7531 1
82211 82841 1
28716 5936 1
28716 54257 1
37562 56511 1
122634 2132 1
5708 24277 1
5708 65181 1
5708 58180 1
5708 51519 1
116138 76465 1
130862 78125 1
153963 25557 1
153963 124163 1
153963 14594 1
42814 141784 1
42814 68865 1
15899 86049 1
15899 137012 1
70217 62933 1
103390 43082 1
6052 135763 1
6052 125926 1
6052 104332 1
6052 137012 1
96995 93420 1
49960 97225 1
31922 102434 1
31922 66030 1
104294 49491 1
42983 101374 1
45437 7010 1
45437 6931 1
45437 19221 1
143279 49491 1
91988 145909 1
147952 98450 1
147952 2211 1
125465 76465 1
98062 10448 1
103177 102434 1
116246 114370 1
116246 102434 1
59685 59198 1
59685 118012 1
99998 67104 1
79501 136928 1
79501 154145 1
79501 57511 1
9385 120430 1
9385 52190 1
9385 80670 1
105733 83569 1
105733 40156 1
89813 13885 1
89813 92190 1
89813 49491 1
69316 133201 1
69316 117685 1
69316 30700 1
117578 18103 1
117578 34273 1
117578 145440 1
117578 14594 1
88593 101374 1
88593 13866 1
53204 95043 1
53204 113858 1
53204 101950 1
96149 147279 1
92713 41228 1
134686 50759 1
134686 40217 1
52386 52536 1
52386 149747 1
52386 73995 1
52386 51784 1
32707 145909 1
135191 129617 1
12296 53103 1
52096 40126 1
52096 937 1
31002 7212 1
94248 115376 1
94248 77270 1
94248 79576 1
140747 4427 1
140747 146170 1
140747 63009 1
113553 135471 1
113553 125938 1
115742 74356 1
115742 29912 1
4427 107224 1
4427 12092 1
4427 15893 1
43342 4598 1
43342 50108 1
94368 14792 1
94368 8147 1
101716 9089 1
101716 123412 1
40894 5762 1
94778 20124 1
44575 150078 1
44575 39312 1
116150 58180 1
116150 128094 1
116150 9879 1
97221 4309 1
97221 28736 1
97221 3903 1
97221 18542 1
96812 120807 1
96812 120869 1
96812 79622 1
96010 28736 1
96010 39540 1
96010 53206 1
154558 125926 1
85426 149747 1
61922 112532 1
149285 97789 1
89585 113472 1
79769 9180 1
79769 108968 1
79769 137880 1
114807 5435 1
63781 68865 1
44852 61588 1
103339 42852 1
103339 119962 1
15118 46417 1
15118 80416 1
15118 93511 1
15118 76334 1
9341 23783 1
9341 27380 1
85057 66856 1
85057 5666 1
85057 93444 1
142726 53103 1
126266 121508 1
126266 77301 1
126266 80003 1
126266 40006 1
21562 5762 1
146999 132776 1
146999 100663 1
22726 78698 1
22726 36914 1
22726 68482 1
73236 137136 1
73236 53909 1
97926 92840 1
97926 26716 1
97926 21624 1
97926 14647 1
102026 82120 1
46875 95043 1
103662 120666 1
15968 43313 1
15968 137259 1
15968 36001 1
15968 153894 1
133975 90160 1
127217 69232 1
145323 49489 1
41087 50247 1
137642 50247 1
120464 99869 1
120464 47869 1
120464 50733 1
120464 29879 1
88515 6931 1
31025 6931 1
39652 114420 1
39652 132065 1
39652 40113 1
39652 107268 1
82448 149747 1
140742 14828 1
140742 99820 1
140742 150933 1
140742 89309 1
115229 149747 1
51966 134490 1
111222 66193 1
111222 75055 1
675 9341 1
675 148173 1
675 66479 1
40188 93061 1
40188 91497 1
41106 112532 1
138798 11411 1
138798 131696 1
138798 126266 1
81188 13547 1
81188 86049 1
49744 2211 1
49744 32032 1
2833 50290 1
2833 81096 1
2833 136397 1
47275 152664 1
47275 99080 1
47275 96914 1
48563 59184 1
48563 2297 1
48563 77166 1
87903 19822 1
87903 40663 1
87903 111684 1
87903 111389 1
8072 34862 1
60604 23871 1
30976 78125 1
30976 48620 1
30976 29041 1
40520 4917 1
40520 134138 1
40520 59455 1
40520 46271 1
40520 144848 1
140103 102270 1
140103 144485 1
140103 21786 1
140103 117031 1
74054 129142 1
74054 41133 1
121788 83383 1
143186 47956 1
143186 53396 1
143186 30882 1
34801 146365 1
34801 149311 1
34801 75950 1
34801 130017 1
112965 119962 1
105558 9341 1
105558 28322 1
105558 60783 1
105558 150297 1
105558 102309 1
58647 31591 1
58647 34122 1
58647 147943 1
58647 98463 1
95688 2132 1
20795 33270 1
20795 146424 1
20795 108282 1
21095 31788 1
21095 68169 1
21095 114133 1
94535 37705 1
94535 111825 1
94535 71494 1
94535 2132 1
124163 96812 1
124163 63903 1
124163 33776 1
124163 37224 1
124163 23826 1
143904 5910 1
143904 149123 1
143904 147205 1
143904 147433 1
143904 84611 1
95347 72329 1
95347 103662 1
95347 78004 1
95347 61574 1
28101 93201 1
30863 51317 1
30863 118883 1
30863 106928 1
30863 87477 1
30863 57107 1
84358 96243 1
84358 115288 1
86827 6860 1
86827 32325 1
86827 83282 1
86827 1250 1
86827 131395 1
937 49139 1
937 42694 1
937 44213 1
937 59418 1
129239 145125 1
109487 12142 1
109487 61574 1
109487 104932 1
109487 10475 1
109487 117911 1
82328 61588 1
82328 16351 1
82328 67827 1
137469 117920 1
137469 73724 1
137469 76073 1
137469 44231 1
11550 83383 1
134659 134826 1
134659 90810 1
134659 67667 1
134659 73797 1
134659 44728 1
120753 82376 1
120753 136412 1
120753 93420 1
120753 72636 1
134014 107042 1
134014 96379 1
134014 76473 1
134014 79383 1
134014 31861 1
94510 14793 1
94510 68633 1
94510 103662 1
94510 2132 1
94510 40599 1
125185 47306 1
91663 30842 1
91663 65263 1
91663 121561 1
91663 48634 1
21026 63149 1
21026 53909 1
21026 149156 1
21026 3613 1
104149 30290 1
104149 112703 1
104149 124341 1
104149 116449 1
102387 108819 1
57945 73376 1
57945 33255 1
57945 122750 1
154630 95043 1
125002 1725 1
78785 12911 1
78785 150913 1
78785 154756 1
61919 96230 1
61919 1725 1
85786 58180 1
85786 73111 1
85786 111169 1
85786 67079 1
89580 132294 1
89580 96386 1
89580 67200 1
89580 70664 1
89580 31729 1
125373 65263 1
77278 103005 1
77278 78223 1
77278 63840 1
77278 34745 1
149702 91497 1
116561 70760 1
116561 101067 1
116561 17246 1
116561 63557 1
99173 70093 1
99173 143390 1
99173 23871 1
99173 94340 1
25103 103355 1
25103 72509 1
25103 138900 1
107403 120372 1
107403 115393 1
107403 87183 1
107403 42736 1
152393 11411 1
152393 147389 1
152393 152322 1
123588 27732 1
123588 151637 1
123588 151554 1
123588 90551 1
123844 29295 1
123844 108819 1
42367 76465 1
15208 9879 1
49254 72430 1
49254 52190 1
49254 133492 1
49254 97097 1
49254 117511 1
100280 97225 1
89050 133466 1
89050 61760 1
28109 126181 1
28109 49501 1
28109 74593 1
28109 50759 1
26822 76521 1
26822 73270 1
26822 29852 1
26822 91166 1
26822 107021 1
73995 149731 1
73995 150425 1
73995 97313 1
73995 55396 1
22969 36717 1
22969 30037 1
22969 23991 1
22969 122413 1
22969 31261 1
6887 124961 1
6887 50247 1
6887 137024 1
6887 123390 1
94125 154460 1
94125 101374 1
93779 108819 1
82583 28479 1
82583 51276 1
82583 103019 1
82583 17194 1
82583 49771 1
100988 139533 1
100988 58647 1
36794 2227 1
36794 121496 1
36794 62933 1
36794 1225 1
36794 14794 1
16800 102187 1
16800 74992 1
16800 43908 1
16800 149187 1
146011 134201 1
146011 104847 1
146011 62348 1
26672 7635 1
19494 131285 1
19494 123326 1
19494 1899 1
56529 132925 1
56529 152285 1
56529 100672 1
56529 107224 1
83688 30667 1
83688 48897 1
83688 59556 1
83688 42852 1
125815 87568 1
125815 3188 1
125815 91497 1
65000 71519 1
65000 110475 1
65000 104981 1
65000 140699 1
18373 30667 1
32364 113108 1
72855 50450 1
108142 8078 1
108142 129030 1
108142 128121 1
108142 74375 1
44771 10144 1
44771 2132 1
44771 89309 1
108984 10448 1
108984 140916 1
108984 90996 1
108984 93201 1
108984 58616 1
76014 121935 1
76014 62457 1
92783 1798 1
92783 7920 1
92783 51253 1
92783 127205 1
115008 124593 1
115008 89182 1
115008 65340 1
46699 51985 1
46699 76030 1
46699 68160 1
46699 28680 1
42644 82841 1
108044 7144 1
108044 18025 1
108044 61712 1
108044 127448 1
108044 142279 1
20683 24571 1
20683 113856 1
20683 154586 1
102160 9879 1
105707 121941 1
105707 137012 1
105707 93820 1
105707 51936 1
41513 130420 1
41513 64616 1
41513 102975 1
41513 127815 1
41513 74243 1
40403 80420 1
40403 61633 1
69187 147929 1
69187 102209 1
69187 138512 1
69187 140179 1
69187 33382 1
139965 12410 1
139965 25202 1
139965 49641 1
139965 9198 1
46143 61588 1
46143 9879 1
55511 64335 1
55511 148541 1
55511 106303 1
55511 87235 1
142233 6718 1
142233 16800 1
142233 150784 1
142233 124234 1
142233 100310 1
89561 36694 1
89561 130129 1
89561 142388 1
89561 23783 1
89561 49752 1
134826 140960 1
134826 100533 1
134826 71770 1
134826 74981 1
134826 37472 1
5731 145124 1
92944 63033 1
92944 128969 1
92944 124002 1
92944 21786 1
145100 143494 1
145100 78698 1
145100 84324 1
145100 47023 1
150861 117860 1
150861 89519 1
150861 95184 1
150861 64737 1
70207 90594 1
70207 91048 1
70207 57038 1
44110 81872 1
44110 46697 1
44110 98983 1
44110 127917 1
52340 124714 1
52340 121497 1
52340 154012 1
52340 48145 1
148631 97225 1
148631 11226 1
