142514 121196 1
121196 4461 1
121196 130573 1
121196 38161 1
121196 83686 1
121196 125005 1
130573 6738 1
130573 150493 1
130573 35835 1
130573 50981 1
130573 90261 1
125005 7010 1
125005 98122 1
125005 37105 1
125005 61034 1
125005 121426 1
4461 13349 1
4461 84063 1
4461 110953 1
4461 121196 1
38161 5214 1
38161 86833 1
38161 33126 1
38161 38957 1
38161 83029 1
83686 34953 1
83686 37740 1
83686 92553 1
83686 109032 1
83686 147918 1
33126 5262 1
33126 135221 1
33126 25625 1
33126 113539 1
33126 38161 1
37105 11195 1
37105 125005 1
37105 77702 1
37105 79308 1
37105 72679 1
121426 73853 1
121426 85797 1
121426 34863 1
121426 72919 1
121426 92750 1
13349 4461 1
13349 110928 1
13349 51870 1
13349 71344 1
13349 129770 1
6738 50905 1
6738 130573 1
61034 21648 1
61034 22509 1
61034 148203 1
61034 110143 1
61034 145983 1
38957 14552 1
38957 76725 1
38957 30757 1
38957 154434 1
38957 59486 1
7010 152066 1
7010 70475 1
7010 151313 1
7010 11813 1
7010 136365 1
109032 12173 1
109032 91681 1
109032 30348 1
109032 48735 1
109032 145425 1
147918 6618 1
147918 111539 1
147918 43951 1
147918 58300 1
147918 129579 1
90261 130573 1
35835 13860 1
35835 39636 1
35835 145031 1
35835 135731 1
35835 53868 1
92553 3963 1
92553 95105 1
92553 27671 1
92553 45504 1
92553 121927 1
37740 10513 1
37740 80326 1
37740 37689 1
37740 40727 1
37740 83686 1
150493 12635 1
150493 98255 1
150493 40829 1
150493 52933 1
150493 137012 1
110953 4461 1
110953 100800 1
110953 44874 1
110953 61259 1
110953 140587 1
98122 27979 1
98122 28040 1
98122 102375 1
98122 112198 1
98122 37639 1
50981 12394 1
50981 153006 1
50981 70913 1
50981 99221 1
50981 130573 1
83029 5292 1
83029 121903 1
83029 49493 1
83029 67244 1
83029 142196 1
84063 8320 1
84063 111852 1
84063 33116 1
84063 59443 1
84063 125277 1
5214 92929 1
5214 115270 1
5214 121745 1
5214 54573 1
5214 32859 1
34953 25847 1
34953 26143 1
34953 47884 1
34953 83799 1
34953 48691 1
86833 14670 1
86833 134826 1
86833 57486 1
86833 83467 1
86833 68441 1
32859 5214 1
73853 52345 1
73853 62685 1
73853 123101 1
73853 121426 1
73853 66908 1
113539 57162 1
113539 71957 1
113539 108680 1
113539 54829 1
113539 93632 1
71344 5446 1
71344 153919 1
71344 23936 1
71344 39510 1
71344 82621 1
43951 90900 1
43951 65810 1
43951 20892 1
43951 29731 1
43951 147918 1
129770 13349 1
22509 19201 1
22509 52536 1
22509 9352 1
22509 18579 1
22509 61034 1
77702 37105 1
48735 109032 1
154434 9165 1
154434 80389 1
154434 27583 1
154434 51557 1
154434 107217 1
27671 80105 1
27671 88103 1
27671 63207 1
27671 79239 1
27671 64435 1
72679 5710 1
72679 132100 1
72679 31422 1
72679 42148 1
72679 141642 1
11813 7010 1
121745 5214 1
121745 78125 1
21648 61034 1
25625 141802 1
25625 78174 1
25625 132690 1
25625 85384 1
25625 130488 1
125277 84063 1
79308 114606 1
79308 37105 1
79308 15340 1
100800 21382 1
100800 110953 1
145983 61034 1
121927 92553 1
121927 81207 1
121927 44458 1
152066 103248 1
152066 124913 1
152066 7010 1
152066 32489 1
129579 118866 1
129579 142884 1
129579 66707 1
129579 94609 1
129579 147918 1
40727 44158 1
40727 107229 1
40727 26030 1
40727 115713 1
40727 123904 1
148203 61034 1
85797 154772 1
85797 121196 1
85797 153494 1
85797 34440 1
85797 79890 1
37639 98122 1
37639 87190 1
92929 151019 1
92929 20467 1
92929 5214 1
58300 30048 1
58300 92788 1
58300 5523 1
58300 30017 1
58300 147918 1
12635 67444 1
12635 60006 1
12635 32266 1
12635 61343 1
12635 134806 1
102375 50747 1
102375 53665 1
102375 98122 1
102375 111325 1
102375 79534 1
34863 121426 1
59486 126497 1
59486 98146 1
59486 13257 1
59486 38957 1
59486 82408 1
68441 86833 1
145031 8270 1
145031 99195 1
145031 38863 1
145031 71282 1
145031 154758 1
151313 4307 1
151313 106012 1
151313 34988 1
151313 58136 1
151313 135057 1
136365 7010 1
136365 116741 1
110143 61034 1
30348 95043 1
30348 109032 1
30348 100720 1
30348 99616 1
30348 106486 1
135221 33126 1
137012 137226 1
137012 127917 1
137012 141122 1
137012 37262 1
137012 102088 1
145425 109032 1
145425 120148 1
11195 37105 1
11195 63507 1
6618 17956 1
6618 41929 1
6618 135138 1
6618 146146 1
6618 30504 1
26143 13349 1
26143 21382 1
26143 51985 1
26143 131055 1
26143 25655 1
47884 34953 1
47884 83799 1
83799 34953 1
83799 47884 1
83799 122348 1
83799 143090 1
83799 52086 1
48691 138679 1
48691 147150 1
48691 34953 1
14670 20445 1
14670 86833 1
14670 76465 1
14670 124242 1
67244 12634 1
67244 90421 1
67244 37329 1
67244 99333 1
67244 125283 1
134826 4335 1
134826 137080 1
134826 31495 1
134826 47971 1
134826 108252 1
80326 2564 1
80326 126277 1
80326 22792 1
80326 67523 1
80326 152554 1
13860 116473 1
13860 143452 1
13860 93889 1
13860 143806 1
13860 30153 1
83467 141985 1
83467 101239 1
83467 131236 1
83467 32778 1
83467 78711 1
37689 34990 1
37689 44284 1
37689 13670 1
37689 31120 1
37689 37740 1
70475 47721 1
70475 146673 1
70475 99358 1
70475 7010 1
70475 87190 1
110928 13349 1
110928 93534 1
72919 106155 1
72919 121426 1
72919 33679 1
51870 13349 1
30757 38957 1
54573 5214 1
54573 124112 1
92750 121426 1
14552 34753 1
14552 97764 1
14552 148173 1
14552 101904 1
14552 110309 1
5262 33126 1
5262 91725 1
5262 93296 1
50905 6738 1
50905 124991 1
50905 35067 1
50905 151575 1
50905 96082 1
45504 40047 1
45504 44110 1
45504 106967 1
45504 140598 1
45504 66881 1
111852 84063 1
39636 2203 1
39636 111728 1
39636 13575 1
39636 30645 1
39636 75587 1
111539 10871 1
111539 91734 1
111539 34621 1
111539 64570 1
111539 103450 1
44874 38380 1
44874 110128 1
44874 105716 1
44874 22612 1
44874 137880 1
135731 35835 1
53868 78737 1
53868 153458 1
53868 73364 1
53868 32032 1
53868 90168 1
3963 49484 1
3963 138802 1
3963 92553 1
3963 46442 1
95105 2177 1
95105 112318 1
95105 34953 1
95105 51841 1
95105 138634 1
25847 48870 1
25847 66514 1
25847 34953 1
25847 21382 1
25847 58564 1
10513 32782 1
10513 25447 1
10513 37740 1
10513 95661 1
153006 143703 1
153006 40065 1
153006 70836 1
153006 68582 1
153006 103741 1
57486 86833 1
98255 150493 1
76725 38957 1
142196 50892 1
142196 75160 1
142196 126411 1
142196 49402 1
142196 83029 1
12173 109032 1
12173 22926 1
40829 65631 1
40829 150493 1
40829 75619 1
52933 76945 1
52933 73995 1
52933 68730 1
52933 73894 1
52933 125926 1
61259 65857 1
61259 137236 1
61259 139454 1
61259 26890 1
61259 102438 1
140587 110953 1
115270 17956 1
115270 71390 1
115270 5214 1
115270 11645 1
115270 139940 1
28040 98122 1
12394 116064 1
12394 132716 1
12394 21797 1
12394 82721 1
12394 61362 1
8320 84063 1
8320 13607 1
112198 98122 1
70913 9871 1
70913 84596 1
70913 55489 1
70913 78174 1
70913 153613 1
27979 86988 1
27979 144175 1
27979 98122 1
27979 122639 1
99221 50981 1
99221 109384 1
99221 4152 1
99221 47023 1
99221 132604 1
5292 1884 1
5292 36170 1
5292 55451 1
5292 41009 1
5292 146657 1
121903 18112 1
121903 105523 1
121903 46327 1
121903 75584 1
121903 142499 1
33116 113066 1
33116 84063 1
91681 26698 1
91681 125364 1
91681 57068 1
91681 129044 1
91681 87558 1
49493 7705 1
49493 74406 1
49493 26465 1
49493 42157 1
49493 129350 1
59443 84063 1
2203 70829 1
2203 48191 1
2203 153458 1
2203 39636 1
44110 14738 1
44110 90547 1
44110 38451 1
44110 89747 1
44110 69214 1
151575 50905 1
151575 87235 1
134806 9759 1
134806 151185 1
134806 49020 1
134806 108644 1
134806 79002 1
4335 133162 1
4335 76149 1
4335 126126 1
4335 10331 1
4335 79315 1
13575 120705 1
13575 78139 1
13575 125327 1
13575 143452 1
13575 31980 1
35067 17565 1
35067 19395 1
35067 145349 1
35067 84467 1
35067 61328 1
143452 10919 1
143452 125327 1
143452 53868 1
143452 94414 1
143452 73258 1
79239 27671 1
79239 95043 1
124991 50905 1
39510 71344 1
105716 5868 1
105716 71318 1
105716 24265 1
105716 43203 1
105716 150203 1
96082 124323 1
96082 148593 1
96082 133540 1
96082 28483 1
96082 82796 1
93296 2564 1
93296 142337 1
93296 20603 1
93296 54543 1
93296 97317 1
91725 6954 1
91725 103574 1
91725 26609 1
91725 62635 1
91725 103648 1
41009 5292 1
41009 67166 1
97764 13923 1
97764 124306 1
97764 34549 1
97764 59620 1
97764 117884 1
40047 9759 1
40047 69076 1
40047 36030 1
40047 52121 1
40047 65661 1
33679 8838 1
33679 123066 1
33679 49446 1
33679 61464 1
33679 98791 1
106155 41812 1
106155 47017 1
106155 87653 1
106155 109843 1
106155 105494 1
71390 4691 1
71390 87531 1
71390 25137 1
71390 40754 1
71390 104801 1
93534 10961 1
93534 111238 1
93534 30599 1
93534 48970 1
93534 143664 1
146673 8213 1
146673 112603 1
146673 51139 1
146673 70475 1
146673 146145 1
44284 5453 1
44284 69663 1
44284 34459 1
44284 151553 1
44284 118104 1
63507 7240 1
63507 150297 1
63507 31080 1
63507 52588 1
63507 153940 1
31120 13591 1
31120 112318 1
31120 116736 1
31120 62349 1
31120 98285 1
34990 2621 1
34990 43586 1
34990 29269 1
34990 88987 1
34990 144621 1
80389 154434 1
81207 8530 1
81207 152683 1
81207 24180 1
81207 52843 1
81207 108498 1
46442 3251 1
46442 149537 1
46442 38889 1
46442 122390 1
46442 102385 1
32778 83467 1
58136 151313 1
131236 22727 1
131236 83467 1
141985 9469 1
141985 143794 1
141985 28486 1
141985 52944 1
141985 100573 1
32782 6964 1
32782 67649 1
32782 96002 1
32782 147353 1
32782 143186 1
139940 9128 1
139940 95095 1
139940 30231 1
139940 48121 1
139940 123491 1
4152 3559 1
4152 69665 1
4152 59804 1
4152 63020 1
4152 136050 1
67523 93296 1
67523 80326 1
78711 3945 1
78711 114080 1
78711 37366 1
78711 62433 1
78711 104798 1
22792 80326 1
22792 70126 1
22792 9868 1
25655 10683 1
25655 138763 1
25655 38161 1
25655 106145 1
25655 144997 1
2564 27137 1
2564 9406 1
2564 9618 1
2564 36315 1
2564 86996 1
37329 67244 1
13607 7930 1
13607 40142 1
13607 15002 1
13607 20544 1
13607 108014 1
46327 121903 1
46327 76313 1
46327 65088 1
108252 58847 1
108252 101239 1
108252 13573 1
108252 29839 1
108252 125707 1
47971 3061 1
47971 145186 1
47971 25280 1
47971 150533 1
47971 117195 1
91734 111539 1
31495 134826 1
31495 82310 1
137080 134826 1
125283 67244 1
5446 35015 1
5446 115561 1
5446 13805 1
5446 40373 1
5446 5739 1
99333 67244 1
90421 130530 1
90421 153234 1
90421 122014 1
90421 67244 1
90421 136834 1
87558 7468 1
87558 91681 1
87558 53728 1
87558 68214 1
87558 120828 1
124242 120053 1
124242 102566 1
124242 146688 1
124242 26459 1
124242 52170 1
138679 3413 1
138679 88966 1
138679 22947 1
138679 57539 1
138679 119581 1
101239 5964 1
101239 91300 1
101239 33621 1
101239 57726 1
101239 121298 1
20445 2710 1
20445 49350 1
20445 48136 1
20445 154404 1
20445 35941 1
49484 1037 1
49484 86320 1
49484 44296 1
49484 112494 1
49484 150423 1
52086 83799 1
142884 9286 1
142884 96215 1
142884 38793 1
142884 70543 1
142884 125470 1
143090 48485 1
143090 83799 1
143090 7450 1
143090 28484 1
143090 103639 1
122348 35868 1
122348 83799 1
75619 5807 1
75619 104100 1
75619 30404 1
75619 60393 1
75619 152153 1
125926 10125 1
125926 119255 1
125926 39821 1
125926 62736 1
125926 57295 1
131055 4457 1
131055 91937 1
131055 26143 1
131055 63734 1
131055 151464 1
99358 18188 1
99358 93444 1
99358 38098 1
99358 58343 1
99358 114462 1
93632 6476 1
93632 113539 1
93632 50444 1
93632 64221 1
93632 123347 1
30504 4561 1
30504 86346 1
30504 142214 1
30504 134568 1
30504 152463 1
153613 7272 1
153613 95661 1
153613 39310 1
153613 59137 1
153613 125169 1
26465 49493 1
74406 49493 1
31422 10409 1
31422 86979 1
31422 141830 1
31422 76835 1
31422 53992 1
125364 6076 1
125364 102467 1
125364 29557 1
125364 56001 1
125364 125864 1
146657 81686 1
146657 146767 1
146657 5292 1
146657 53048 1
26698 7062 1
26698 54608 1
26698 130949 1
26698 91681 1
26698 38003 1
113066 7422 1
113066 90598 1
113066 29557 1
113066 50162 1
113066 132113 1
75584 121903 1
34988 7584 1
34988 118201 1
34988 147850 1
34988 125360 1
34988 120283 1
105523 63460 1
105523 121903 1
55451 4598 1
55451 72631 1
55451 32215 1
55451 137120 1
55451 136338 1
1884 89759 1
1884 83029 1
1884 115899 1
1884 117683 1
1884 49068 1
132604 42318 1
132604 54257 1
132604 99221 1
132604 93971 1
132604 115658 1
61362 13097 1
61362 130159 1
61362 59930 1
61362 154136 1
61362 150987 1
109384 1701 1
109384 87570 1
109384 35156 1
109384 54847 1
109384 136088 1
122639 638 1
122639 66895 1
122639 14272 1
122639 42415 1
122639 104383 1
86988 14583 1
86988 137635 1
86988 45898 1
86988 68499 1
86988 125005 1
143703 12287 1
143703 86108 1
143703 48055 1
143703 63660 1
143703 117578 1
84596 16236 1
84596 99342 1
84596 38571 1
84596 57390 1
84596 96249 1
106486 5634 1
106486 90565 1
106486 30348 1
106486 51789 1
106486 130852 1
82721 2729 1
82721 124461 1
82721 19476 1
82721 44496 1
82721 145612 1
21797 1900 1
21797 109499 1
21797 91665 1
21797 48037 1
21797 81391 1
132716 2035 1
132716 60912 1
132716 14173 1
132716 24693 1
132716 92160 1
67444 11791 1
67444 92061 1
67444 30463 1
67444 65088 1
67444 99523 1
11645 6457 1
11645 43983 1
11645 40902 1
11645 56372 1
11645 119784 1
139454 104662 1
139454 85117 1
139454 107740 1
139454 25137 1
139454 49068 1
30017 6076 1
30017 73656 1
30017 27466 1
30017 81667 1
30017 37049 1
55489 16318 1
55489 136250 1
55489 41958 1
55489 70543 1
55489 138085 1
73894 9080 1
73894 78350 1
73894 47953 1
73894 61603 1
73894 145085 1
153494 57162 1
153494 60188 1
153494 119608 1
153494 19266 1
153494 85797 1
68730 8247 1
68730 145440 1
68730 32247 1
68730 41299 1
68730 130530 1
76945 9759 1
76945 127532 1
76945 40148 1
76945 52848 1
76945 149477 1
22926 4911 1
22926 73270 1
22926 15434 1
22926 88761 1
22926 147916 1
49402 142196 1
42157 49493 1
42157 57877 1
42157 91489 1
42157 124404 1
126411 142196 1
17956 9283 1
17956 137934 1
17956 123034 1
17956 81707 1
17956 89885 1
51985 3267 1
51985 110123 1
51985 27663 1
51985 95105 1
51985 107321 1
75160 142196 1
103741 11639 1
103741 92278 1
103741 43349 1
103741 68285 1
103741 118576 1
68582 149388 1
68582 134266 1
68582 130456 1
68582 22907 1
68582 137236 1
123904 13498 1
123904 39536 1
123904 107135 1
123904 85358 1
123904 40154 1
70836 3280 1
70836 126790 1
70836 58015 1
70836 149400 1
70836 89714 1
25447 8722 1
25447 100277 1
25447 24093 1
25447 137491 1
25447 97875 1
40065 4238 1
40065 152891 1
40065 24482 1
40065 75266 1
40065 97512 1
138634 20712 1
138634 23244 1
138634 74424 1
138634 149731 1
138634 100277 1
51841 1932 1
51841 144676 1
51841 27823 1
51841 47179 1
51841 86049 1
138802 5285 1
138802 87508 1
138802 27158 1
138802 58870 1
138802 138000 1
73364 13163 1
73364 96909 1
73364 39636 1
73364 122694 1
73364 61712 1
153458 14299 1
153458 149197 1
153458 45518 1
153458 73364 1
153458 61058 1
78737 6345 1
78737 122911 1
78737 35050 1
78737 53868 1
78737 148830 1
129044 2247 1
129044 82094 1
129044 34337 1
129044 53169 1
129044 136722 1
112318 8820 1
112318 82621 1
112318 28604 1
112318 42207 1
112318 138525 1
137880 5602 1
137880 87722 1
137880 29939 1
137880 53858 1
137880 118188 1
22612 7639 1
22612 83025 1
22612 88450 1
22612 92846 1
22612 25854 1
10871 77443 1
10871 111539 1
10871 24633 1
10871 56842 1
10871 144558 1
110128 4009 1
110128 115929 1
110128 41988 1
110128 79290 1
110128 70644 1
44458 4437 1
44458 73647 1
44458 28982 1
44458 45959 1
44458 66908 1
38380 10743 1
38380 119985 1
38380 32767 1
38380 49036 1
38380 96724 1
7705 33399 1
7705 125179 1
7705 49493 1
7705 116118 1
7705 14828 1
64570 78257 1
64570 111539 1
64570 27627 1
64570 40661 1
64570 145380 1
34621 111539 1
34621 53854 1
75587 9099 1
75587 109577 1
75587 34138 1
75587 53868 1
75587 117586 1
115713 2884 1
115713 99258 1
115713 39844 1
115713 62535 1
115713 126563 1
73995 9028 1
73995 152999 1
73995 42260 1
73995 69703 1
73995 94546 1
30645 118899 1
30645 39636 1
13257 108358 1
13257 124464 1
13257 53907 1
13257 19150 1
13257 39325 1
58564 9484 1
58564 97820 1
58564 25847 1
58564 42341 1
58564 127196 1
111325 8001 1
111325 90993 1
111325 34426 1
111325 48870 1
111325 125874 1
94609 10065 1
94609 86233 1
94609 27830 1
94609 44294 1
94609 121137 1
32032 4451 1
32032 91923 1
32032 24379 1
32032 88790 1
32032 62273 1
34440 127758 1
34440 50739 1
34440 139560 1
34440 110440 1
34440 85797 1
85384 94728 1
85384 40006 1
85384 25625 1
2177 99310 1
2177 97944 1
2177 9999 1
2177 95105 1
2177 120440 1
38863 121462 1
38863 83179 1
38863 58999 1
38863 113027 1
38863 77757 1
65857 3144 1
65857 111297 1
65857 40883 1
65857 101649 1
65857 68069 1
154772 15835 1
154772 91313 1
154772 36816 1
154772 52190 1
154772 123346 1
26030 7588 1
26030 154678 1
26030 22261 1
26030 126357 1
26030 108888 1
93889 18957 1
93889 21755 1
93889 92718 1
93889 13860 1
93889 43751 1
47721 15791 1
47721 125791 1
47721 40024 1
47721 141486 1
47721 99431 1
30048 13457 1
30048 140140 1
30048 46120 1
30048 48581 1
30048 139484 1
65631 11122 1
65631 134969 1
65631 46070 1
65631 64895 1
65631 123993 1
66707 3790 1
66707 129579 1
66707 32489 1
66707 106245 1
66707 149463 1
66514 5523 1
66514 144353 1
66514 15726 1
66514 27232 1
66514 106780 1
118866 125179 1
118866 147006 1
118866 20424 1
118866 41843 1
118866 95214 1
21382 119423 1
21382 100981 1
21382 140534 1
21382 116882 1
21382 53446 1
147150 12610 1
147150 95105 1
147150 29652 1
147150 48691 1
147150 125011 1
107229 20687 1
107229 25870 1
107229 83720 1
107229 81414 1
107229 30017 1
111728 11305 1
111728 150738 1
111728 34629 1
111728 52914 1
111728 104401 1
78174 4522 1
78174 129067 1
78174 37214 1
78174 64283 1
78174 118628 1
9871 3613 1
9871 141802 1
9871 21132 1
9871 129028 1
9871 141495 1
95043 18774 1
95043 129760 1
95043 34721 1
95043 62334 1
95043 46875 1
152554 80326 1
110309 37683 1
110309 46319 1
110309 140560 1
110309 131565 1
110309 78715 1
141802 3802 1
141802 76261 1
141802 27727 1
141802 35132 1
141802 96882 1
29731 2629 1
29731 128979 1
29731 112514 1
29731 133703 1
29731 62958 1
146146 6618 1
146146 88165 1
146146 29041 1
146146 46929 1
146146 129059 1
9352 9318 1
9352 151106 1
9352 57295 1
9352 22509 1
9352 26471 1
92788 10653 1
92788 112514 1
92788 47673 1
92788 62939 1
92788 119000 1
66908 87287 1
66908 74461 1
66908 89581 1
66908 37694 1
66908 138520 1
114606 18061 1
114606 110331 1
114606 41228 1
114606 65858 1
114606 137934 1
53665 3656 1
53665 68545 1
53665 33964 1
53665 97927 1
53665 61416 1
30153 11747 1
30153 110544 1
30153 27367 1
30153 148426 1
30153 148707 1
106967 1626 1
106967 123508 1
106967 21023 1
106967 39403 1
106967 93268 1
20892 6459 1
20892 104273 1
20892 120202 1
20892 134933 1
20892 81630 1
144175 9606 1
144175 88969 1
144175 30060 1
144175 48468 1
144175 130189 1
15340 2281 1
15340 28865 1
15340 118798 1
15340 41629 1
15340 141289 1
103248 23805 1
103248 146622 1
103248 61442 1
103248 93753 1
103248 121578 1
27583 5315 1
27583 154434 1
27583 21388 1
27583 38161 1
27583 84067 1
123101 10621 1
123101 95067 1
123101 48823 1
123101 71806 1
123101 124195 1
151019 9982 1
151019 92929 1
151019 28729 1
151019 54964 1
151019 121650 1
65810 5436 1
65810 109988 1
65810 38494 1
65810 57016 1
65810 104410 1
66881 5562 1
66881 120229 1
66881 44225 1
66881 57316 1
66881 106967 1
23936 15168 1
23936 23158 1
23936 61751 1
23936 87190 1
23936 25510 1
82621 71344 1
82621 125058 1
82621 32267 1
82621 51282 1
82621 112318 1
62685 112068 1
62685 135497 1
62685 19270 1
62685 43367 1
62685 73853 1
52536 10293 1
52536 86455 1
52536 44380 1
52536 97944 1
52536 152653 1
87190 16290 1
87190 86761 1
87190 42435 1
87190 49105 1
87190 111590 1
132100 72679 1
61343 5830 1
61343 106932 1
61343 40653 1
61343 82518 1
61343 91874 1
52345 11122 1
52345 135282 1
52345 40759 1
52345 70412 1
52345 126305 1
44158 110210 1
44158 130407 1
44158 104326 1
44158 19018 1
44158 117012 1
98146 4957 1
98146 147078 1
98146 39265 1
98146 58640 1
98146 150223 1
19201 15321 1
19201 102862 1
19201 23599 1
19201 62637 1
19201 105971 1
32266 6974 1
32266 152945 1
32266 16778 1
32266 48015 1
32266 136280 1
12634 67244 1
95661 2697 1
95661 88232 1
95661 36431 1
95661 58170 1
95661 152129 1
37262 112514 1
37262 124219 1
37262 67643 1
37262 107801 1
37262 112169 1
76465 7920 1
76465 115141 1
76465 22926 1
76465 53243 1
76465 94178 1
107217 154434 1
107217 142700 1
142499 93881 1
142499 121903 1
142499 37125 1
142499 88294 1
9165 154434 1
153919 71344 1
79890 6858 1
79890 151460 1
79890 28604 1
79890 69302 1
79890 128087 1
90900 2005 1
90900 78662 1
90900 26383 1
90900 44136 1
90900 150297 1
132690 28322 1
132690 101782 1
132690 13547 1
132690 25625 1
18579 14783 1
18579 118104 1
18579 62996 1
18579 38775 1
18579 22509 1
60006 82026 1
60006 133752 1
60006 94734 1
60006 26881 1
60006 116239 1
80105 93305 1
80105 49058 1
80105 27671 1
54829 4868 1
54829 68298 1
54829 49107 1
54829 81679 1
54829 77163 1
51557 154434 1
51557 140129 1
51557 110512 1
101904 5092 1
101904 124957 1
101904 27532 1
101904 70368 1
101904 59410 1
137236 9666 1
137236 91916 1
137236 24368 1
137236 47304 1
137236 120593 1
63207 5449 1
63207 107443 1
63207 31875 1
63207 45717 1
63207 131149 1
50747 17259 1
50747 127399 1
50747 30871 1
50747 146439 1
50747 54233 1
126497 8767 1
126497 99024 1
126497 33753 1
126497 50540 1
126497 134589 1
18112 121903 1
18112 152140 1
18112 116770 1
71282 72015 1
71282 145031 1
135138 6592 1
135138 93398 1
135138 31174 1
135138 58369 1
135138 127828 1
124913 6869 1
124913 107126 1
124913 36233 1
124913 62889 1
124913 126264 1
88103 27671 1
64435 27671 1
64435 45848 1
103450 143369 1
103450 111539 1
71957 39624 1
71957 43860 1
71957 140077 1
71957 152301 1
71957 100893 1
5710 72679 1
13670 122014 1
13670 106123 1
13670 39695 1
13670 116355 1
13670 59725 1
5523 4335 1
5523 46136 1
5523 41999 1
5523 5531 1
5523 45453 1
140598 3818 1
140598 146254 1
140598 15226 1
140598 31982 1
140598 74265 1
57162 125770 1
57162 95284 1
57162 132328 1
57162 145275 1
57162 150257 1
120148 4199 1
120148 144900 1
120148 42699 1
120148 63969 1
120148 136782 1
36170 5292 1
32489 47087 1
32489 66532 1
32489 40126 1
32489 107272 1
32489 121718 1
42148 13806 1
42148 101837 1
42148 35738 1
42148 66220 1
42148 50922 1
127917 10989 1
127917 134972 1
127917 44110 1
127917 89704 1
127917 68412 1
141642 2884 1
141642 67076 1
141642 19171 1
141642 42244 1
141642 91995 1
108680 5404 1
108680 88294 1
108680 19580 1
108680 34513 1
108680 110758 1
129350 10989 1
129350 151261 1
129350 46410 1
129350 102026 1
129350 97469 1
100720 3194 1
100720 92783 1
100720 34461 1
100720 62613 1
100720 151459 1
78125 8604 1
78125 121745 1
78125 24014 1
78125 33478 1
78125 148764 1
148173 3687 1
148173 130803 1
148173 43687 1
148173 72965 1
148173 64291 1
41929 4106 1
41929 67052 1
41929 35466 1
41929 85138 1
41929 136775 1
137226 137012 1
48870 4598 1
48870 61601 1
48870 25304 1
48870 42254 1
48870 92278 1
82408 6352 1
82408 90658 1
82408 23862 1
82408 53724 1
82408 146531 1
8270 145031 1
26890 140140 1
26890 139863 1
26890 116450 1
26890 84703 1
26890 121464 1
126277 80326 1
126277 110128 1
116473 7821 1
116473 87286 1
116473 25407 1
116473 52197 1
116473 146098 1
116064 122099 1
116064 59969 1
116064 12394 1
154758 141289 1
154758 145031 1
154758 39956 1
154758 97494 1
135057 151313 1
124112 8780 1
124112 111615 1
124112 37866 1
124112 56714 1
124112 139956 1
99195 146884 1
99195 145031 1
57068 2004 1
57068 140066 1
57068 27671 1
57068 43320 1
57068 97113 1
4307 99673 1
4307 100041 1
4307 80663 1
4307 151313 1
4307 128155 1
79534 4522 1
79534 81690 1
79534 46912 1
79534 60271 1
79534 136278 1
90168 11062 1
90168 141194 1
90168 34247 1
90168 55153 1
90168 104565 1
102438 8215 1
102438 89789 1
102438 32463 1
102438 56022 1
102438 114114 1
106012 151313 1
50892 1462 1
50892 52156 1
50892 32283 1
50892 81416 1
50892 94059 1
116741 11054 1
116741 122003 1
116741 53428 1
116741 79703 1
116741 67082 1
34753 8445 1
34753 126262 1
34753 81416 1
34753 144477 1
34753 129810 1
47023 1631 1
47023 135497 1
47023 27339 1
47023 89487 1
47023 52901 1
99616 147916 1
99616 124000 1
99616 21147 1
99616 37460 1
99616 91232 1
130488 145770 1
130488 128433 1
130488 23682 1
130488 38138 1
130488 81207 1
20467 4238 1
20467 57016 1
20467 59786 1
20467 30877 1
20467 21211 1
141122 148292 1
141122 137012 1
141122 127220 1
143806 13860 1
102088 65393 1
102088 137012 1
67643 37262 1
124219 52536 1
148593 96082 1
11054 116741 1
58170 95661 1
4199 120148 1
2697 95661 1
89747 150987 1
89747 44110 1
16778 32266 1
147353 32782 1
145612 82721 1
23599 19201 1
7930 13607 1
15321 19201 1
20544 13607 1
39695 13670 1
4957 98146 1
64283 25137 1
82518 30871 1
40653 61343 1
5830 61343 1
5830 120593 1
143369 3790 1
136280 32266 1
86761 87190 1
20603 93296 1
112068 54847 1
112068 62685 1
103648 91725 1
61751 25510 1
57016 5214 1
57016 65810 1
57016 20467 1
121650 151019 1
54964 151019 1
115899 81630 1
48823 65810 1
48823 123101 1
124195 123101 1
5807 75619 1
88966 138679 1
146622 103248 1
28865 15340 1
2281 15340 1
136338 55451 1
48468 144175 1
30060 144175 1
3945 78711 1
88969 144175 1
116450 26890 1
54847 91665 1
6459 20892 1
39403 106967 1
21023 35050 1
123508 106967 1
1626 106967 1
10331 9484 1
148707 30153 1
21388 61712 1
97927 53665 1
124404 24693 1
138520 66908 1
152129 95661 1
110331 68285 1
110331 119608 1
10683 25655 1
119000 8780 1
74461 66908 1
2004 57068 1
26471 9352 1
46929 146146 1
106123 27367 1
68545 31120 1
62958 29731 1
5315 27583 1
133703 29731 1
2629 29731 1
128979 29731 1
96882 89704 1
96882 82721 1
96882 141802 1
27727 35132 1
27727 154772 1
3802 47673 1
3802 141802 1
62996 18579 1
78715 110309 1
37683 110309 1
6345 78737 1
46875 95043 1
62334 95043 1
130189 144175 1
34721 95043 1
146145 4152 1
146145 146673 1
18774 95043 1
37214 78174 1
34629 111728 1
150738 47673 1
106932 61343 1
44225 19018 1
44225 27727 1
91232 99616 1
81414 107229 1
88450 22612 1
59137 153613 1
59137 139454 1
9318 9352 1
52843 152683 1
52843 66881 1
12610 147150 1
42207 11639 1
42207 112318 1
9128 139940 1
152683 38138 1
152683 52843 1
116882 21382 1
115141 76465 1
119423 21382 1
95214 118866 1
95214 70412 1
20424 118866 1
106780 66514 1
106245 26383 1
46070 65631 1
41988 21147 1
41988 34337 1
29652 147150 1
144558 10871 1
48581 134266 1
48581 53169 1
141486 73995 1
141486 47721 1
125791 47721 1
127532 76945 1
15791 47721 1
25870 107229 1
21755 93889 1
47953 73894 1
7588 134806 1
4106 41929 1
123346 154772 1
123346 113027 1
36816 154772 1
25510 74424 1
114462 99358 1
58847 9868 1
7468 93268 1
7468 87558 1
63460 105523 1
62637 19201 1
15726 40006 1
44294 94609 1
44296 49484 1
36030 40047 1
108014 13607 1
120828 87558 1
120828 29839 1
92846 22612 1
10653 92788 1
78139 13575 1
150203 105716 1
28729 151019 1
14738 44110 1
96215 142884 1
42244 141642 1
36431 97764 1
140129 28604 1
140129 53446 1
73258 126305 1
38889 46442 1
152463 30504 1
3559 48581 1
7240 63507 1
54543 35466 1
54543 93296 1
43586 34990 1
129067 78174 1
61442 103248 1
114114 102438 1
117884 97764 1
62635 91725 1
86455 5523 1
109499 21797 1
22261 26030 1
6592 135138 1
108644 134806 1
96002 32782 1
49446 33679 1
116736 31120 1
116736 138763 1
41843 118866 1
69663 44284 1
127758 34440 1
69076 46410 1
69076 40047 1
8838 33679 1
122003 25510 1
8530 81207 1
28982 94609 1
28982 44458 1
7584 34988 1
29269 34990 1
10961 93534 1
110544 30153 1
43860 71957 1
73270 22926 1
146098 116473 1
137120 52345 1
39624 71957 1
39624 101904 1
8213 146673 1
154678 44158 1
34549 97764 1
13805 147916 1
150423 49484 1
126357 47673 1
115658 132604 1
68214 87558 1
86320 49484 1
149477 76945 1
10293 52536 1
87531 71390 1
87531 66881 1
61416 53665 1
141830 31422 1
71806 123101 1
137635 61751 1
137635 104383 1
137635 86988 1
146688 124242 1
126264 137236 1
24014 78125 1
98791 33679 1
84067 27583 1
22947 138679 1
123347 93632 1
9406 2564 1
117586 75587 1
53169 9666 1
49350 20445 1
60393 75619 1
35941 20445 1
58999 38863 1
112494 49484 1
8215 112514 1
1631 54847 1
104410 65810 1
117578 143703 1
117578 145440 1
117578 41299 1
70543 120440 1
108498 81207 1
91937 33679 1
91937 131055 1
58640 98146 1
58640 124112 1
72631 55451 1
72631 52190 1
126126 4335 1
126126 57016 1
147078 98146 1
152301 52536 1
152301 71957 1
9099 75587 1
9099 93305 1
40373 5446 1
11791 67444 1
63734 21382 1
11062 90168 1
56372 28484 1
56372 11645 1
38098 99358 1
6476 93632 1
130949 26698 1
9080 73894 1
31080 63507 1
31080 40373 1
125169 11645 1
125169 62273 1
125169 107135 1
27232 24093 1
27232 66514 1
27232 86979 1
51139 146673 1
118104 86049 1
87653 145770 1
87653 25447 1
74265 140598 1
125864 125364 1
15434 150987 1
105494 106155 1
32247 15168 1
32247 68730 1
107135 93444 1
38003 26698 1
90598 113066 1
43687 148173 1
76149 4335 1
132113 113066 1
147006 118866 1
97317 93296 1
69665 4152 1
147850 34988 1
10409 31422 1
120283 34988 1
130159 87653 1
30231 139940 1
62613 100720 1
71318 105716 1
57390 84596 1
89487 47023 1
6858 79890 1
109577 75587 1
4457 131055 1
16318 55489 1
118201 34988 1
104273 20892 1
128087 79890 1
128087 115561 1
79002 134806 1
150297 3790 1
99523 67444 1
111238 93534 1
2035 132716 1
67052 41929 1
41299 8247 1
41299 117578 1
93971 132604 1
93971 66514 1
138085 55489 1
99342 25625 1
104565 90168 1
40148 9868 1
40148 76945 1
9286 142884 1
9286 39636 1
109988 65810 1
48970 93534 1
70368 101904 1
94059 50892 1
57316 52843 1
57316 66881 1
40142 13607 1
638 122639 1
23682 35050 1
64895 65631 1
33621 101239 1
19476 82721 1
120705 13575 1
44496 82721 1
33753 11122 1
5634 106486 1
5634 126497 1
3656 53665 1
3656 131055 1
59620 97764 1
35015 3790 1
119784 117683 1
119784 11645 1
119784 21388 1
13923 97764 1
13923 3144 1
98285 31120 1
85117 139454 1
79315 4335 1
81667 30017 1
68499 86988 1
90547 44110 1
8247 68730 1
8247 91725 1
94414 35835 1
94414 86996 1
94178 57016 1
94178 41929 1
94178 76465 1
151460 35015 1
151460 115561 1
82026 37694 1
82026 60006 1
13097 61362 1
57539 138679 1
24368 137236 1
28483 96082 1
124000 99616 1
120202 20892 1
81679 54829 1
77163 54829 1
140534 21382 1
5562 66881 1
47673 4691 1
61601 48870 1
110512 51557 1
9283 17956 1
48037 21797 1
5092 101904 1
59410 78350 1
59410 101904 1
124957 101904 1
9666 53169 1
43320 57068 1
20687 107229 1
38793 142884 1
120593 137236 1
107443 63207 1
2247 129044 1
45717 63207 1
127399 71344 1
127399 50747 1
30871 82518 1
99024 126497 1
125360 34988 1
50540 126497 1
53728 87558 1
62433 78711 1
28322 118104 1
28322 25625 1
104801 71390 1
58369 52848 1
127828 135138 1
56001 125364 1
146531 82408 1
140077 71957 1
100893 71957 1
6964 32782 1
59725 4598 1
59725 24693 1
59725 66881 1
41999 5523 1
45453 5523 1
124461 82721 1
15002 13607 1
95095 138679 1
95095 139940 1
59930 50981 1
132328 57162 1
63969 120148 1
63969 90900 1
63969 78662 1
61464 33679 1
144900 120148 1
107272 32489 1
54233 50747 1
121718 32489 1
37866 124112 1
81391 57316 1
10125 125926 1
35738 42148 1
91995 141642 1
5404 108680 1
91300 101239 1
46136 119608 1
46136 5523 1
126790 70836 1
126790 143703 1
110758 108680 1
46410 129350 1
4437 44458 1
3194 100720 1
92783 7920 1
143664 93534 1
120053 124242 1
3687 148173 1
34138 75587 1
77757 38863 1
130803 148173 1
56714 124112 1
30599 93534 1
72965 148173 1
64291 148173 1
123993 65631 1
150987 89747 1
85138 41929 1
85138 7450 1
25304 48870 1
97469 129350 1
131149 10989 1
131149 63207 1
131149 81630 1
90658 82408 1
23862 82408 1
53724 82408 1
7062 26698 1
36315 2564 1
88987 44458 1
88987 34990 1
139863 26890 1
30404 75619 1
145085 73894 1
45848 64435 1
56842 10871 1
121464 73258 1
136278 79534 1
4598 65088 1
25407 116473 1
48136 20445 1
6352 82408 1
38571 84596 1
38571 24379 1
93398 135138 1
32463 96082 1
32463 102438 1
136250 55489 1
143794 141985 1
140066 57068 1
27158 138802 1
19171 141642 1
19580 108680 1
97113 57068 1
79703 116741 1
38138 60006 1
31174 135138 1
25280 47971 1
19266 138525 1
39821 125926 1
121298 101239 1
121298 37740 1
17259 108680 1
68285 3097 1
68285 126494 1
68285 44254 1
68285 55722 1
68285 133210 1
91916 5159 1
91916 32140 1
34247 90168 1
28486 27259 1
28486 141985 1
28486 118284 1
28486 152407 1
28486 83255 1
27663 130891 1
27663 51985 1
27663 57766 1
86108 3613 1
86108 120440 1
89789 102438 1
18188 99358 1
69214 35671 1
69214 44110 1
69214 147561 1
69214 55897 1
32767 86833 1
32767 38380 1
4911 22926 1
1462 75498 1
1462 44863 1
49058 7281 1
49058 36109 1
49058 140174 1
49058 83153 1
56022 13644 1
56022 120907 1
56022 35309 1
56022 59271 1
56022 56680 1
8445 53026 1
8445 34753 1
8445 107134 1
8445 154321 1
33478 114370 1
33478 78125 1
33478 20467 1
68298 54829 1
46912 79534 1
46912 112636 1
6869 124913 1
53243 76465 1
69703 68730 1
69703 73995 1
145770 130488 1
145770 100683 1
145770 130800 1
128433 91503 1
128433 52604 1
128433 121540 1
2005 67667 1
2005 15176 1
2005 25136 1
2005 134014 1
53854 139592 1
53854 35803 1
53854 118020 1
53854 131050 1
59786 85987 1
59786 125707 1
59786 20467 1
148292 16670 1
148292 47987 1
148292 138966 1
2621 34990 1
27137 7588 1
27137 107979 1
27137 97797 1
27137 61467 1
27137 143072 1
106145 31085 1
106145 37792 1
5739 93691 1
5739 108175 1
5739 130573 1
5739 30191 1
48191 13575 1
48191 61712 1
48191 122694 1
86049 8820 1
86049 40311 1
86049 51841 1
145275 122434 1
145275 76115 1
145275 57162 1
70412 94317 1
70412 113966 1
70412 95214 1
70412 35706 1
70412 143703 1
42415 104383 1
42415 28664 1
42415 64148 1
86996 88697 1
86996 127061 1
86996 149247 1
70829 4140 1
70829 43712 1
70829 105799 1
40024 47721 1
97512 151050 1
97512 40065 1
152653 31278 1
152653 52536 1
152653 4852 1
152653 8562 1
109843 106155 1
152891 40065 1
38494 65810 1
38494 137507 1
38494 115291 1
38494 42145 1
38494 142485 1
21211 47126 1
21211 49619 1
21211 109668 1
21211 123080 1
24693 149294 1
24693 93630 1
24693 82633 1
93444 86698 1
93444 37223 1
4691 145090 1
4691 86936 1
4691 26098 1
151185 133892 1
151185 134806 1
49020 121667 1
49020 40990 1
49020 134806 1
49020 83831 1
154136 61362 1
76835 31422 1
9759 76945 1
9759 140315 1
31980 10919 1
31980 26972 1
31980 125327 1
31980 129897 1
97820 87149 1
97820 123038 1
97820 52536 1
97820 58564 1
5449 5420 1
5449 63207 1
5449 40084 1
5449 10274 1
5449 61162 1
43751 75468 1
65393 14113 1
65393 20207 1
65393 66866 1
65393 72300 1
13163 15437 1
13163 35858 1
13163 113192 1
13163 122730 1
129810 5523 1
129810 145877 1
129810 38957 1
16236 84596 1
3413 138679 1
147916 1478 1
147916 91033 1
147916 63982 1
147916 112865 1
48055 81908 1
48055 70859 1
102026 11405 1
102026 41607 1
102026 129350 1
35868 10289 1
35868 149006 1
35868 135182 1
35868 97825 1
35868 100735 1
49036 4896 1
49036 58947 1
49036 152576 1
49036 126469 1
49036 53746 1
41629 15340 1
38775 18579 1
10919 122694 1
10919 73364 1
10919 104115 1
10919 125327 1
37460 99616 1
37460 73581 1
84467 2527 1
84467 84211 1
84467 50169 1
91874 7154 1
91874 31691 1
91874 49564 1
42699 120148 1
134972 90776 1
134972 34552 1
134972 49493 1
114080 78711 1
114080 81908 1
114080 8247 1
114080 94137 1
22727 146817 1
22727 141896 1
22727 154210 1
153940 63507 1
124323 110919 1
124323 31691 1
124323 55354 1
137491 25447 1
8604 78125 1
125470 142884 1
125470 66664 1
144621 124396 1
144621 107598 1
144621 125110 1
144621 36683 1
6954 91725 1
67649 32782 1
35156 6060 1
35156 109384 1
35156 59029 1
3818 140598 1
9982 151019 1
146254 122099 1
146254 107117 1
146254 37688 1
6974 2606 1
6974 138736 1
6974 38415 1
6974 146884 1
6974 60700 1
47017 106155 1
79290 71850 1
79290 76908 1
79290 139973 1
32283 50892 1
5868 105716 1
149537 122277 1
149537 56756 1
149537 111206 1
75266 4991 1
75266 40065 1
130407 4776 1
130407 151651 1
130407 19992 1
130407 94137 1
125707 11184 1
125707 90731 1
125707 27397 1
125707 41895 1
74424 113639 1
74424 96750 1
15168 23936 1
15168 151457 1
15168 126834 1
15168 136191 1
15168 93183 1
145349 89808 1
145349 44778 1
133162 4335 1
24265 70210 1
24265 105716 1
24265 96049 1
52121 42951 1
52121 75687 1
124306 97764 1
144997 6418 1
144997 25655 1
26609 91725 1
96249 84596 1
96249 71640 1
96249 40011 1
142337 93296 1
151464 131055 1
6457 11645 1
39536 108002 1
39536 123904 1
39536 25202 1
46120 5049 1
46120 119346 1
46120 31069 1
46120 132488 1
46120 122964 1
152153 75619 1
152153 117605 1
152153 147852 1
38451 44110 1
38451 101932 1
119255 125926 1
52588 63507 1
43203 142531 1
43203 105716 1
123034 18199 1
123034 114762 1
123034 148638 1
123034 138999 1
151106 95941 1
151106 38961 1
34459 44284 1
112514 137012 1
112514 148363 1
112514 90547 1
7450 48384 1
7450 135100 1
7450 102111 1
70126 21118 1
70126 78781 1
70126 118533 1
55153 7212 1
55153 127176 1
55153 154446 1
88232 37623 1
88232 144084 1
3251 46442 1
62349 31120 1
62349 137507 1
62349 41167 1
50162 113066 1
4868 54829 1
13573 7992 1
13573 32751 1
58015 70836 1
4561 30504 1
9469 141985 1
42318 132604 1
73656 30017 1
57877 98506 1
57877 139973 1
57877 36155 1
143186 140197 1
143186 142181 1
143186 35842 1
143186 76799 1
53858 115006 1
53858 113171 1
53858 118371 1
92160 132716 1
92160 62154 1
102385 46442 1
102385 47899 1
102385 88306 1
102385 132977 1
102385 122561 1
57726 11096 1
57726 151874 1
57726 107801 1
12287 143703 1
12287 84703 1
120229 99581 1
120229 66881 1
101649 65857 1
52901 5422 1
52901 143418 1
52901 23029 1
52901 78976 1
52901 148199 1
65088 139156 1
65088 23312 1
65088 43214 1
65088 136918 1
45898 47721 1
45898 86988 1
123066 153904 1
123066 72894 1
154404 109682 1
154404 20445 1
39310 153613 1
48015 32266 1
121137 152140 1
121137 90882 1
121137 94609 1
67166 104725 1
67166 48013 1
67166 97121 1
62273 37483 1
62273 61768 1
62273 122730 1
49105 50303 1
49105 81690 1
26459 124242 1
14272 143366 1
14272 122639 1
14272 153131 1
63020 58897 1
63020 20669 1
63020 34277 1
63020 104616 1
37694 150380 1
37694 37303 1
37694 60096 1
37694 100026 1
37694 79738 1
91665 76096 1
91665 29879 1
91665 57304 1
18957 26890 1
18957 60819 1
24180 81207 1
24180 72613 1
24180 129429 1
24180 51733 1
15226 150987 1
15226 140598 1
15226 115570 1
53907 13257 1
122390 1622 1
87570 7401 1
87570 77090 1
87570 87748 1
1900 21797 1
16290 87190 1
16290 111590 1
37366 7889 1
37366 104449 1
37366 112721 1
107321 51985 1
107321 134946 1
136782 120148 1
63660 83479 1
63660 57594 1
95284 57162 1
95284 85396 1
95284 93881 1
95284 19201 1
13457 89045 1
13457 114881 1
13457 40663 1
13457 152327 1
13457 126592 1
58343 99358 1
9868 4581 1
9868 33483 1
9868 33165 1
27339 80991 1
27339 27015 1
27339 98617 1
133540 82068 1
133540 96082 1
133540 1377 1
133540 34234 1
138763 9654 1
138763 86996 1
138763 53868 1
118188 104024 1
118188 108940 1
118188 118468 1
89704 92632 1
89704 92137 1
9618 47126 1
9618 49129 1
9618 37740 1
9618 112076 1
41812 106155 1
13591 31120 1
13591 126610 1
139956 79018 1
139956 5523 1
139956 124112 1
11122 134188 1
11122 104319 1
11122 45456 1
104798 117871 1
104798 43688 1
104798 78711 1
145186 47971 1
37049 30017 1
14828 7705 1
14828 86670 1
14828 90025 1
14828 85864 1
76313 99006 1
76313 39589 1
76313 65661 1
76313 59077 1
83720 115899 1
83720 95871 1
83720 51488 1
83720 107229 1
116355 6181 1
116355 38433 1
116355 57594 1
121578 71422 1
121578 103248 1
121578 45283 1
121578 93327 1
90565 20712 1
90565 21369 1
90565 114970 1
90565 121070 1
117195 47971 1
117195 122430 1
14583 132905 1
14583 86988 1
115561 28940 1
115561 46918 1
115561 140993 1
29557 89665 1
29557 81924 1
1701 54379 1
1701 137880 1
1701 49501 1
52190 94414 1
52190 130128 1
52190 115006 1
52190 145770 1
19270 129497 1
25854 22612 1
93753 103248 1
48121 133752 1
48121 68947 1
48121 148865 1
118899 10531 1
118899 32501 1
118899 61058 1
118899 56523 1
134568 30504 1
61058 153458 1
61058 34669 1
61058 70829 1
116770 5164 1
116770 135050 1
116770 44036 1
116770 80552 1
122014 27367 1
66895 127853 1
66895 122639 1
66895 85455 1
7639 22612 1
117683 3932 1
117683 32406 1
117683 145856 1
136834 13670 1
136834 36866 1
136834 66177 1
88761 34753 1
88761 113858 1
88761 22926 1
81707 17956 1
123491 139940 1
137934 35732 1
137934 138544 1
89885 140971 1
89885 17956 1
89885 54288 1
89885 119118 1
3267 65538 1
3267 63160 1
3267 51985 1
9028 4598 1
9028 128265 1
9028 44948 1
110123 18611 1
110123 51985 1
110123 121181 1
110123 18017 1
52197 12078 1
52197 92278 1
27823 51841 1
119581 138679 1
142214 30504 1
11639 133064 1
11639 117216 1
134266 6480 1
134266 81858 1
134266 18237 1
134266 50759 1
134266 114556 1
29839 59650 1
29839 58427 1
29839 120828 1
149731 9766 1
149731 85149 1
149731 29194 1
149731 137153 1
24379 17725 1
24379 119610 1
24379 32032 1
78350 8061 1
78350 39080 1
78350 69073 1
92278 103741 1
92278 20914 1
92278 44600 1
92278 81696 1
43349 103741 1
43349 123939 1
9606 144175 1
118576 28178 1
118576 103741 1
3144 148121 1
3144 49571 1
3144 135508 1
149388 15835 1
149388 38715 1
149388 52970 1
149388 127198 1
69302 79890 1
130456 4522 1
130456 100347 1
130456 129261 1
46319 110309 1
46319 78871 1
95067 123101 1
22907 68582 1
96909 13697 1
96909 122694 1
96909 118899 1
96909 100827 1
13498 123904 1
13498 80970 1
13498 17725 1
13498 154300 1
13498 149597 1
85358 123904 1
85358 143909 1
85358 35481 1
40154 123904 1
119985 38380 1
119985 19992 1
30877 20467 1
30877 112642 1
140560 123195 1
140560 110309 1
107740 126469 1
107740 94728 1
107740 118791 1
107740 67813 1
3280 70836 1
3280 92217 1
3280 114832 1
149400 70836 1
27532 101904 1
58870 40217 1
58870 138802 1
58870 30575 1
58870 74793 1
150223 56624 1
150223 57162 1
89714 71729 1
89714 11648 1
89714 70836 1
8722 8149 1
8722 26998 1
8722 119523 1
4522 42276 1
4522 81414 1
4522 85796 1
4522 101750 1
100277 9498 1
100277 66510 1
100277 130538 1
45959 44458 1
24093 28517 1
24093 121975 1
24093 80402 1
24093 113639 1
5602 153113 1
5602 137880 1
5602 43768 1
97875 25447 1
23805 151066 1
23805 92713 1
23805 103248 1
103574 91725 1
103574 31120 1
44380 31120 1
44380 86277 1
44380 121999 1
14783 18579 1
24482 51985 1
24482 145440 1
20712 83013 1
20712 67442 1
44136 16692 1
44136 57609 1
23244 81858 1
23244 32161 1
111615 124112 1
1932 63460 1
1932 51841 1
1932 49418 1
148426 151982 1
148426 71729 1
148426 114775 1
148426 99673 1
118798 152322 1
118798 26098 1
118798 81027 1
144676 5384 1
144676 82545 1
144676 24601 1
141194 90168 1
47179 51841 1
66220 42148 1
8767 27671 1
8767 151313 1
8767 126497 1
5285 138802 1
5285 136846 1
5285 41185 1
43983 106135 1
43983 133502 1
43983 133784 1
43983 22698 1
43983 47789 1
7422 113066 1
87508 62859 1
87508 74140 1
87508 147686 1
87508 138802 1
90993 27671 1
90993 1991 1
90993 111325 1
138000 12099 1
138000 73108 1
138000 28852 1
138000 48095 1
122694 97275 1
122694 35835 1
61712 5523 1
61712 111274 1
61712 39636 1
61712 94414 1
61712 97348 1
102862 19201 1
102862 89661 1
107801 3144 1
107801 88353 1
107801 30350 1
107801 57726 1
107801 117421 1
62535 2819 1
62535 34574 1
81686 2695 1
81686 50450 1
81686 86055 1
14299 153458 1
149197 153458 1
136050 82347 1
136050 4152 1
45518 2351 1
45518 13966 1
45518 31980 1
45518 70829 1
122911 78737 1
122911 21140 1
5453 44284 1
35050 12945 1
35050 23682 1
35050 59184 1
87722 137880 1
148830 81294 1
148830 78737 1
82094 129044 1
34337 2238 1
34337 16776 1
34337 41988 1
34337 137934 1
1037 111384 1
1037 65514 1
86346 12696 1
86346 74565 1
86346 29160 1
86346 53854 1
86346 117999 1
8001 111325 1
86233 98521 1
86233 22595 1
86233 50512 1
67082 95642 1
67082 116741 1
136722 129044 1
88165 57162 1
88165 102848 1
88165 47314 1
88165 146146 1
138525 109269 1
138525 95908 1
138525 30211 1
29939 152323 1
29939 137880 1
29939 28281 1
83025 22612 1
53428 116741 1
77443 1796 1
77443 148198 1
77443 30896 1
24633 92408 1
24633 10871 1
24633 70814 1
4009 123066 1
4009 28142 1
4009 110128 1
4009 90386 1
110210 7768 1
110210 51881 1
110210 75806 1
39325 72015 1
39325 13257 1
39325 20152 1
115929 77690 1
115929 84464 1
70644 110128 1
10743 38380 1
10743 154747 1
47304 137236 1
125179 83375 1
52944 91822 1
94728 15436 1
94728 107740 1
94728 40006 1
94728 80689 1
78257 17407 1
78257 53693 1
27627 79055 1
27627 33929 1
27627 107172 1
52848 97896 1
52848 95317 1
52848 94724 1
40661 7272 1
40661 124511 1
40661 84481 1
145380 7408 1
145380 61695 1
53992 31422 1
99258 115713 1
62889 81947 1
62889 85280 1
62889 104419 1
62889 95455 1
62889 154604 1
5436 65810 1
5436 57532 1
5531 100981 1
5531 124432 1
5531 5523 1
3790 130437 1
3790 28311 1
3790 150297 1
7272 42549 1
7272 32485 1
7272 61588 1
7272 118003 1
152999 73995 1
42260 73995 1
43367 62685 1
57295 9352 1
57295 125926 1
134589 113223 1
134589 117346 1
134589 18138 1
134589 126497 1
94546 73995 1
108358 13257 1
108358 104024 1
76261 9532 1
76261 7010 1
6076 67717 1
6076 41262 1
6076 92454 1
6076 59854 1
124464 13257 1
88790 32032 1
88790 125388 1
88790 62583 1
19150 13257 1
33964 53665 1
148764 93415 1
148764 78125 1
148764 116083 1
9484 132260 1
9484 145877 1
9484 10331 1
9484 136373 1
42341 64270 1
42341 58564 1
127196 58564 1
34426 111325 1
125874 111325 1
42435 98240 1
42435 48154 1
42435 119468 1
42435 137024 1
18061 114606 1
13547 134266 1
13547 132716 1
13547 102108 1
10065 94609 1
144477 15293 1
144477 142022 1
27830 94609 1
129059 98761 1
129059 146767 1
129059 128245 1
99431 47721 1
129028 32247 1
2710 136775 1
2710 113565 1
2710 153006 1
2710 21856 1
82796 34234 1
82796 47652 1
82796 147686 1
82796 120798 1
82796 101398 1
96724 64843 1
96724 77833 1
96724 38380 1
4451 32032 1
91923 32032 1
50739 34440 1
139560 34440 1
139560 34559 1
139560 84600 1
110440 34440 1
110440 12911 1
110440 22507 1
110440 96440 1
116239 99441 1
116239 57304 1
116239 69246 1
121462 3079 1
121462 38863 1
83179 38863 1
83179 129760 1
113027 12036 1
113027 30908 1
40883 65857 1
40883 126525 1
40883 17665 1
141289 2926 1
141289 140570 1
141289 15561 1
141289 46530 1
26383 12394 1
26383 32199 1
91313 152236 1
91313 154772 1
91313 99994 1
