118162 66908 1
66908 9180 1
66908 73853 1
66908 108693 1
66908 31946 1
66908 97299 1
97299 66908 1
9180 123912 1
9180 132927 1
9180 81126 1
9180 43038 1
9180 135652 1
73853 126918 1
73853 873 1
73853 99917 1
73853 114193 1
73853 121426 1
31946 19656 1
31946 89983 1
31946 97532 1
31946 120210 1
31946 92178 1
108693 66908 1
108693 30796 1
114193 78945 1
114193 16597 1
114193 88230 1
114193 110015 1
114193 113795 1
135652 81476 1
135652 9180 1
99917 38924 1
99917 13790 1
99917 87219 1
99917 73853 1
99917 48148 1
43038 25103 1
43038 9180 1
43038 18990 1
43038 49571 1
81126 9180 1
92178 31946 1
92178 35 1
92178 6494 1
92178 15430 1
92178 11921 1
120210 31946 1
97532 122073 1
97532 31946 1
97532 83531 1
97532 106811 1
89983 106820 1
89983 12737 1
89983 31946 1
89983 87937 1
89983 54604 1
132927 19477 1
132927 312 1
132927 134806 1
132927 92065 1
132927 38138 1
19656 66807 1
19656 1430 1
19656 109691 1
19656 53602 1
19656 90385 1
121426 125005 1
121426 34863 1
121426 72919 1
121426 85797 1
121426 73853 1
123912 4652 1
123912 104963 1
123912 90795 1
123912 30261 1
123912 89964 1
126918 73853 1
126918 4132 1
126918 118680 1
126918 140256 1
126918 40127 1
873 21768 1
873 50429 1
873 121836 1
873 51118 1
873 93052 1
30796 28921 1
30796 35813 1
30796 140117 1
30796 73230 1
30796 149751 1
90795 17867 1
90795 44 1
90795 154439 1
90795 37811 1
90795 125881 1
4652 90771 1
4652 123912 1
4652 112554 1
4652 135223 1
81476 7095 1
81476 144407 1
81476 87570 1
81476 98173 1
81476 75688 1
90385 14140 1
90385 130160 1
90385 134540 1
90385 33929 1
90385 143418 1
85797 7894 1
85797 94451 1
85797 106393 1
85797 102396 1
85797 87579 1
118680 65315 1
118680 17591 1
118680 126918 1
118680 48396 1
118680 44791 1
140117 30796 1
72919 106155 1
72919 33679 1
72919 121426 1
1430 43983 1
1430 314 1
1430 153006 1
1430 35560 1
1430 97756 1
53602 17126 1
53602 58619 1
53602 63166 1
53602 32147 1
53602 152628 1
4132 126918 1
125005 21152 1
125005 128055 1
125005 121196 1
125005 54125 1
125005 115713 1
78945 15243 1
78945 6119 1
78945 127456 1
78945 34295 1
78945 140243 1
48148 18342 1
48148 95 1
48148 125011 1
48148 99917 1
48148 38061 1
66807 19656 1
66807 44 1
66807 79336 1
66807 56802 1
66807 139230 1
49571 4715 1
49571 194 1
49571 146681 1
49571 76293 1
49571 139245 1
121836 873 1
104963 123912 1
104963 53963 1
104963 64572 1
15430 110978 1
15430 1466 1
15430 80107 1
15430 153874 1
15430 15435 1
122073 21779 1
122073 134253 1
122073 132542 1
122073 65509 1
122073 123194 1
11921 9679 1
11921 3322 1
11921 117103 1
11921 24097 1
11921 92178 1
312 55691 1
312 146664 1
312 62937 1
312 133784 1
312 104022 1
18990 125632 1
18990 3905 1
18990 90118 1
18990 79140 1
18990 38423 1
40127 126918 1
106820 17209 1
106820 149490 1
106820 125234 1
106820 49525 1
106820 124714 1
50429 873 1
35 81812 1
35 18431 1
35 97393 1
35 31658 1
35 135405 1
51118 125052 1
51118 873 1
93052 873 1
92065 13165 1
92065 125036 1
92065 144705 1
92065 36564 1
92065 132927 1
28921 30796 1
28921 51435 1
88230 10559 1
88230 121463 1
88230 147916 1
88230 36653 1
88230 101955 1
140256 126918 1
140256 23608 1
140256 79016 1
38924 17050 1
38924 52421 1
38924 74140 1
38924 51966 1
38924 149747 1
35813 141003 1
35813 30796 1
35813 45426 1
149751 30796 1
16597 12682 1
16597 986 1
16597 114018 1
16597 114193 1
16597 82212 1
89964 123912 1
6494 153349 1
6494 677 1
6494 91032 1
6494 92178 1
6494 124620 1
73230 127932 1
73230 5621 1
73230 30796 1
73230 126752 1
73230 49474 1
87219 99917 1
87219 36466 1
87219 75498 1
87219 96891 1
87219 153203 1
13790 99917 1
19477 13353 1
19477 71883 1
19477 118135 1
19477 58218 1
19477 105733 1
25103 17426 1
25103 64118 1
25103 36067 1
25103 107666 1
25103 102106 1
83531 9913 1
83531 96882 1
83531 99660 1
83531 40050 1
83531 96706 1
113795 88633 1
113795 9219 1
113795 148458 1
113795 114193 1
113795 138525 1
106811 25208 1
106811 9042 1
106811 141545 1
106811 41123 1
106811 154174 1
34863 121426 1
21768 873 1
12737 15488 1
12737 3362 1
12737 50288 1
12737 150299 1
12737 13032 1
87937 12804 1
87937 2292 1
87937 142035 1
87937 29702 1
87937 89983 1
54604 18286 1
54604 1392 1
54604 67290 1
54604 35732 1
54604 62037 1
134806 19619 1
134806 4806 1
134806 99660 1
134806 72601 1
134806 45374 1
110015 114193 1
38138 10799 1
38138 80510 1
38138 62170 1
38138 32635 1
38138 131158 1
109691 30237 1
109691 1222 1
109691 84361 1
109691 134517 1
109691 100639 1
30261 123912 1
3905 18990 1
139245 49571 1
100639 3258 1
133784 312 1
133784 53144 1
141545 106811 1
141545 64572 1
55691 10559 1
55691 95562 1
90118 18990 1
24097 11921 1
146681 49571 1
117103 117012 1
117103 11921 1
117103 46450 1
3322 11921 1
4715 74837 1
4715 153472 1
4715 49571 1
35560 1430 1
143418 90385 1
143418 6494 1
123194 120458 1
79016 25904 1
15435 15430 1
153874 15430 1
97756 1430 1
80107 15430 1
38423 7450 1
38423 18990 1
134540 90385 1
134540 28142 1
1466 68538 1
1466 65486 1
121463 88230 1
110978 11800 1
110978 119117 1
17050 38924 1
17050 99109 1
64572 14793 1
64572 141545 1
64572 70751 1
127456 78945 1
127456 96096 1
21779 122073 1
106155 67700 1
106155 122068 1
106155 102313 1
76293 49571 1
125632 18990 1
125234 106820 1
125234 558 1
125234 23244 1
146664 312 1
146664 37627 1
37811 90795 1
75498 1462 1
75498 129760 1
75498 93660 1
194 49571 1
152628 31691 1
139230 116672 1
139230 114063 1
41123 106811 1
56802 66807 1
9042 106811 1
79336 66807 1
25208 106811 1
87579 19773 1
87579 136675 1
87579 41221 1
102106 25103 1
95 63485 1
95 3760 1
17209 87937 1
6119 78945 1
115713 132731 1
115713 125241 1
115713 51339 1
54125 15448 1
54125 135528 1
54125 52724 1
54125 139877 1
15243 78945 1
112554 118295 1
153349 6494 1
7095 81476 1
130160 26763 1
130160 154208 1
130160 123515 1
130160 119067 1
62937 312 1
10799 54523 1
10799 117605 1
106393 85242 1
106393 82472 1
9679 126358 1
134253 122073 1
314 1430 1
314 94 1
314 122639 1
314 85455 1
125011 15640 1
125011 137426 1
48396 7120 1
48396 104187 1
14140 90385 1
149490 84146 1
149490 106820 1
79140 12804 1
79140 19773 1
79140 18990 1
34295 78945 1
101955 27729 1
101955 124326 1
101955 54604 1
17126 53602 1
10559 114426 1
10559 120458 1
53963 96319 1
98173 81476 1
98173 36321 1
98173 69123 1
140243 113967 1
144407 81476 1
71883 19477 1
33929 57965 1
149747 6730 1
134517 109691 1
45374 134806 1
84361 109691 1
80510 32481 1
80510 38138 1
4806 96539 1
82212 16597 1
51435 137785 1
1222 109691 1
1222 70677 1
67290 54604 1
32635 57766 1
13032 12737 1
17591 116850 1
17591 42535 1
65509 122073 1
2292 87937 1
3362 12737 1
13353 19477 1
72601 134806 1
15488 12737 1
62037 15430 1
142035 87937 1
142035 83328 1
154174 106811 1
99660 23608 1
99660 134806 1
99660 99267 1
81812 35 1
49474 9812 1
88633 129760 1
124620 6494 1
12682 16597 1
96706 114119 1
29702 87937 1
40050 4806 1
40050 83531 1
118135 122533 1
96882 31552 1
96882 89704 1
96882 83531 1
9913 18589 1
9913 83531 1
9913 137012 1
9913 67717 1
17867 108522 1
17867 69349 1
63166 53602 1
63166 10408 1
63166 122244 1
107666 25103 1
64118 25103 1
64118 8054 1
64118 77506 1
64118 60007 1
18431 131638 1
18431 35 1
153203 8313 1
153203 1386 1
153203 148255 1
153203 41958 1
32147 144629 1
32147 61224 1
32147 53602 1
132542 122073 1
18286 24814 1
18286 54604 1
18286 154015 1
96891 17376 1
96891 5385 1
96891 105038 1
96891 61306 1
30237 109691 1
126752 140747 1
126752 122917 1
126752 130525 1
13165 84006 1
13165 4152 1
13165 35050 1
36466 34379 1
36466 901 1
36466 86690 1
36466 143695 1
5621 10863 1
5621 79840 1
5621 127578 1
91032 6494 1
114018 38803 1
114018 6968 1
114018 122014 1
114018 73457 1
986 11528 1
986 61346 1
986 107295 1
986 62175 1
150299 112489 1
150299 12737 1
150299 57162 1
45426 11218 1
45426 50169 1
45426 80031 1
35732 109389 1
35732 54604 1
35732 72409 1
141003 9432 1
141003 124774 1
141003 38493 1
141003 95753 1
23608 8561 1
23608 112765 1
23608 32783 1
23608 63460 1
127932 148345 1
127932 125616 1
127932 42900 1
127932 120666 1
153006 74857 1
153006 135865 1
153006 46157 1
153006 149232 1
7894 30662 1
7894 137028 1
38061 11800 1
38061 150760 1
38061 135282 1
36653 118791 1
36653 21662 1
36653 137170 1
147916 10676 1
147916 128262 1
147916 109945 1
147916 45627 1
147916 107021 1
144705 92065 1
144705 34938 1
144705 137788 1
144705 68343 1
105733 16704 1
105733 124961 1
105733 108310 1
125036 92606 1
125036 1466 1
125036 150535 1
125036 131898 1
125036 50981 1
125052 10408 1
125052 119614 1
125052 105518 1
125052 25996 1
677 6494 1
135405 15194 1
135405 35 1
31658 25418 1
31658 35 1
31658 76207 1
31658 132694 1
131158 38138 1
131158 46183 1
62170 7933 1
62170 140727 1
62170 145770 1
62170 103070 1
97393 35 1
135223 19781 1
135223 701 1
135223 121906 1
135223 49518 1
135223 119369 1
124714 91640 1
124714 52172 1
124714 123515 1
50288 66710 1
50288 12737 1
50288 33945 1
50288 110006 1
50288 47115 1
49525 50169 1
49525 133694 1
21152 125005 1
43983 3579 1
43983 121034 1
43983 95642 1
43983 116980 1
43983 130669 1
148458 253 1
148458 55736 1
148458 130330 1
128055 2881 1
128055 50836 1
128055 154303 1
154439 72466 1
154439 90795 1
154439 152213 1
33679 18761 1
33679 126585 1
33679 94309 1
33679 36108 1
33679 100189 1
36067 25103 1
102396 89431 1
102396 24077 1
102396 26209 1
102396 50375 1
58218 15532 1
58218 92669 1
58218 112361 1
125881 90795 1
17426 44749 1
17426 9180 1
17426 124962 1
17426 135137 1
58619 135815 1
58619 53602 1
90771 136744 1
90771 86771 1
90771 25501 1
90771 80556 1
51966 28107 1
51966 81630 1
51966 79945 1
51966 45504 1
51966 148960 1
