69502 18025 1
69502 39953 1
69502 148186 1
69502 139720 1
69502 11660 1
148186 136183 1
148186 46741 1
148186 105103 1
148186 60963 1
148186 82196 1
11660 140004 1
11660 85024 1
11660 87264 1
11660 110386 1
11660 20163 1
18025 103868 1
18025 37856 1
18025 98291 1
18025 63092 1
18025 45220 1
139720 124499 1
139720 56594 1
139720 117964 1
139720 81034 1
139720 94284 1
39953 113939 1
39953 60702 1
39953 79595 1
39953 153787 1
39953 51276 1
94284 102116 1
94284 44161 1
94284 98598 1
94284 74000 1
94284 93601 1
113939 39953 1
113939 109990 1
113939 75380 1
113939 59519 1
113939 2088 1
105103 153176 1
105103 148186 1
105103 2088 1
103868 142200 1
103868 45268 1
103868 152119 1
103868 82400 1
103868 98598 1
124499 138299 1
124499 68685 1
124499 145430 1
124499 85248 1
124499 104457 1
136183 36455 1
136183 43639 1
136183 148186 1
136183 134751 1
136183 12800 1
79595 70176 1
79595 39953 1
79595 101152 1
79595 15086 1
79595 111169 1
20163 129076 1
20163 11660 1
82196 90728 1
82196 148186 1
82196 21007 1
63092 9136 1
63092 18025 1
63092 2088 1
140004 11660 1
153787 41934 1
153787 101252 1
153787 144600 1
153787 103015 1
153787 39953 1
51276 76726 1
51276 54136 1
51276 87974 1
51276 50094 1
51276 73233 1
110386 124083 1
110386 35801 1
110386 117527 1
110386 67488 1
110386 80438 1
85024 11660 1
87264 56687 1
87264 120988 1
87264 90601 1
87264 123326 1
87264 56776 1
60963 81641 1
60963 55842 1
60963 141796 1
60963 148186 1
60963 102116 1
46741 111169 1
46741 59455 1
46741 148186 1
46741 139940 1
46741 7709 1
60702 45744 1
60702 114775 1
60702 55029 1
60702 119094 1
60702 51476 1
37856 40780 1
37856 104319 1
37856 18025 1
98291 126488 1
98291 149119 1
98291 127917 1
98291 69766 1
98291 83095 1
45220 33377 1
45220 95228 1
45220 150117 1
45220 126610 1
45220 34005 1
81034 93064 1
81034 144619 1
81034 148132 1
81034 73270 1
81034 151960 1
56594 50669 1
56594 143674 1
56594 101118 1
56594 98542 1
56594 153209 1
117964 83971 1
117964 98598 1
117964 139720 1
117964 115398 1
117964 32140 1
35801 112858 1
35801 68967 1
35801 115774 1
35801 118165 1
35801 90151 1
103015 101841 1
103015 108637 1
103015 95138 1
103015 154358 1
103015 78366 1
21007 64501 1
21007 70318 1
21007 49771 1
21007 120385 1
21007 34808 1
34005 125668 1
34005 59967 1
34005 70729 1
34005 148856 1
34005 86327 1
124083 110386 1
101252 148949 1
101252 44720 1
101252 152500 1
101252 71429 1
101252 97891 1
129076 137449 1
129076 37261 1
129076 126063 1
129076 72435 1
129076 93037 1
45268 103868 1
139940 123491 1
139940 45082 1
139940 117556 1
139940 78647 1
139940 95095 1
51476 99444 1
51476 55823 1
51476 73198 1
51476 59556 1
51476 97438 1
83971 101617 1
83971 64837 1
83971 133466 1
83971 122999 1
83971 35884 1
111169 108512 1
111169 47652 1
111169 102108 1
111169 61079 1
111169 73379 1
15086 128620 1
15086 19742 1
15086 26473 1
15086 137659 1
15086 147657 1
2088 58643 1
2088 75946 1
2088 128620 1
2088 108868 1
2088 66005 1
101152 107790 1
101152 118012 1
101152 129174 1
101152 67534 1
101152 84105 1
70176 116697 1
70176 39205 1
70176 125612 1
70176 67741 1
70176 75917 1
12800 122003 1
12800 37214 1
12800 126103 1
12800 136183 1
12800 77809 1
93601 120835 1
93601 94284 1
93601 107324 1
93601 126029 1
93601 30353 1
134751 152852 1
134751 37471 1
134751 132871 1
134751 58392 1
134751 71591 1
9136 46460 1
9136 37330 1
9136 104061 1
9136 76866 1
9136 51924 1
59519 97622 1
59519 42978 1
59519 153954 1
59519 113939 1
59519 93741 1
150117 109234 1
150117 52673 1
150117 96779 1
150117 64539 1
150117 72008 1
151960 147433 1
151960 53559 1
151960 134188 1
151960 81034 1
151960 95577 1
76726 51276 1
76726 71185 1
76726 147448 1
76726 111091 1
76726 85214 1
74000 112186 1
74000 93415 1
74000 98598 1
74000 108291 1
74000 94284 1
43639 40331 1
43639 122226 1
43639 45834 1
43639 113584 1
43639 95959 1
41934 49748 1
41934 51465 1
41934 144230 1
41934 101673 1
41934 76740 1
55029 143081 1
55029 99592 1
55029 108516 1
55029 70967 1
55029 106929 1
149119 127333 1
149119 52013 1
149119 117817 1
149119 76306 1
149119 96706 1
109990 153772 1
109990 46218 1
109990 113939 1
109990 73470 1
109990 95138 1
144619 70526 1
144619 81034 1
144619 44156 1
73233 50094 1
73233 51276 1
73233 132293 1
73233 119716 1
73233 43451 1
142200 85778 1
142200 147259 1
142200 119094 1
142200 60924 1
142200 100438 1
36455 136183 1
36455 80591 1
36455 87780 1
36455 105652 1
36455 76211 1
82400 120666 1
82400 79861 1
82400 140362 1
82400 102178 1
82400 137259 1
104457 124499 1
144600 121267 1
144600 40348 1
144600 112569 1
144600 62010 1
144600 87424 1
44161 105024 1
44161 94284 1
44161 18527 1
145430 100081 1
145430 107324 1
145430 81468 1
145430 124499 1
50094 79621 1
50094 94156 1
50094 83402 1
50094 51276 1
50094 54225 1
115398 148674 1
115398 59202 1
115398 111265 1
115398 79667 1
115398 97953 1
45744 42253 1
45744 52116 1
45744 141080 1
45744 91580 1
45744 104471 1
98542 56594 1
143674 77332 1
143674 118628 1
143674 74037 1
143674 150622 1
143674 61345 1
50669 60006 1
50669 56594 1
50669 152673 1
50669 60589 1
50669 100545 1
73270 112169 1
73270 94471 1
73270 86478 1
73270 127333 1
73270 41186 1
141796 60963 1
141796 97228 1
141796 48432 1
93064 63795 1
93064 79948 1
93064 56529 1
93064 81034 1
83095 126800 1
83095 73111 1
83095 131930 1
83095 41005 1
83095 98291 1
127917 33003 1
127917 73894 1
127917 137012 1
127917 100981 1
127917 134972 1
95228 97170 1
95228 150735 1
95228 96513 1
95228 141544 1
95228 74211 1
55842 69184 1
55842 95725 1
55842 136192 1
55842 140753 1
55842 80386 1
126488 86061 1
126488 99037 1
126488 96889 1
126488 101615 1
126488 89929 1
101118 56594 1
101118 22189 1
104319 111297 1
104319 39462 1
104319 111160 1
104319 82452 1
104319 143114 1
40780 149468 1
40780 123906 1
40780 85078 1
40780 71068 1
40780 79170 1
119094 128557 1
119094 54164 1
119094 122016 1
119094 74870 1
119094 97107 1
67488 110386 1
67488 69359 1
67488 4335 1
114775 152366 1
114775 43705 1
114775 128793 1
114775 70170 1
114775 94441 1
59455 89704 1
59455 52383 1
59455 68455 1
59455 145556 1
59455 93484 1
56776 100432 1
56776 101619 1
56776 105406 1
56776 96248 1
56776 99004 1
81641 86615 1
81641 48110 1
81641 126398 1
81641 73490 1
81641 81693 1
90601 147916 1
90601 52238 1
90601 97469 1
90601 85682 1
90601 133216 1
102116 98284 1
102116 150249 1
102116 88176 1
102116 54121 1
102116 60963 1
120988 114940 1
120988 42667 1
120988 108283 1
120988 76788 1
120988 92645 1
123326 89270 1
123326 114940 1
123326 87264 1
123326 154863 1
123326 57113 1
56687 57066 1
56687 50535 1
56687 84826 1
56687 130250 1
56687 83697 1
80438 40028 1
80438 99935 1
80438 101946 1
80438 110386 1
80438 39483 1
126610 106120 1
126610 58712 1
126610 101956 1
126610 75639 1
126610 80476 1
75380 148444 1
75380 56774 1
75380 91335 1
75380 107155 1
75380 116903 1
54136 92941 1
54136 100446 1
54136 72453 1
54136 60589 1
54136 48121 1
117527 110386 1
85248 26089 1
85248 55489 1
85248 125900 1
85248 124499 1
85248 18688 1
87974 61098 1
87974 99107 1
87974 56087 1
87974 94883 1
87974 44893 1
33377 27557 1
33377 68572 1
33377 140542 1
33377 96688 1
33377 85396 1
68685 51314 1
68685 72439 1
68685 81034 1
68685 83985 1
68685 37249 1
32140 62012 1
32140 110702 1
32140 150778 1
32140 101782 1
32140 45334 1
90728 131936 1
90728 43557 1
90728 94379 1
90728 67806 1
90728 86636 1
152119 95550 1
152119 127438 1
152119 92315 1
152119 129177 1
152119 81630 1
69766 148954 1
69766 42781 1
69766 149619 1
69766 134976 1
69766 128686 1
138299 23307 1
138299 124499 1
138299 14731 1
153176 121349 1
153176 41235 1
153176 112367 1
153176 58707 1
153176 95934 1
148132 75380 1
148132 81034 1
148132 140704 1
148132 101841 1
148132 2227 1
7709 141163 1
7709 41254 1
7709 91363 1
7709 53183 1
7709 33365 1
98598 101239 1
98598 75755 1
98598 131743 1
98598 94156 1
98598 38551 1
153209 64820 1
153209 79721 1
153209 56594 1
153209 105424 1
97228 128713 1
97228 120485 1
97228 83951 1
97228 94468 1
152852 103505 1
152852 132503 1
152852 45769 1
152852 134751 1
52238 90601 1
41186 73270 1
112169 51062 1
112169 123049 1
22189 64324 1
22189 114473 1
22189 36200 1
22189 60622 1
60006 116239 1
60006 90455 1
60006 94734 1
60006 45850 1
61345 44634 1
61345 62754 1
61345 153006 1
37214 12800 1
37214 70859 1
136192 55842 1
94883 19595 1
94883 49851 1
94883 60688 1
150622 85044 1
150622 125265 1
150622 146692 1
19742 15086 1
77332 117035 1
77332 111466 1
77332 143894 1
77332 153785 1
109234 123194 1
109234 89709 1
109234 120667 1
109234 76788 1
52383 110855 1
52383 69184 1
52383 115620 1
52383 75143 1
68455 59455 1
97953 133466 1
97953 115398 1
97953 77705 1
118628 153995 1
118628 140209 1
118628 59891 1
80591 38606 1
80591 36455 1
80591 132301 1
111265 115398 1
126398 58272 1
126398 103111 1
126398 148708 1
126398 94728 1
126398 74375 1
94156 80917 1
94156 138525 1
94156 75093 1
94156 137334 1
94156 50094 1
81468 52237 1
81468 95753 1
81468 134958 1
105024 150907 1
105024 113585 1
105024 97167 1
62010 40592 1
62010 144600 1
59556 133017 1
59556 98546 1
112569 100179 1
112569 132024 1
112569 70526 1
112569 144600 1
121267 144600 1
121267 71494 1
43557 90728 1
93415 95070 1
93415 47187 1
93415 76316 1
84826 56687 1
84826 79592 1
84826 40738 1
137259 95642 1
120666 122917 1
120666 124704 1
120666 111830 1
114940 123326 1
114940 134972 1
114940 120988 1
114940 14754 1
104471 58626 1
104471 109827 1
54164 119094 1
54164 18025 1
60924 99728 1
94471 51276 1
94471 123650 1
52116 51325 1
52116 117078 1
52116 68412 1
117556 139940 1
117556 44566 1
44156 143909 1
70526 56526 1
70526 141637 1
70526 87974 1
73470 109990 1
49748 145226 1
49748 119279 1
49748 64891 1
51465 41934 1
51465 67125 1
51465 34880 1
143081 136761 1
46218 91772 1
46218 109990 1
46218 56567 1
46218 111684 1
96706 79501 1
96706 133686 1
96706 70501 1
96706 120988 1
74211 47029 1
74211 124242 1
74211 102566 1
74211 119755 1
2227 109892 1
2227 26208 1
2227 112186 1
2227 105288 1
76306 80644 1
76306 136811 1
76306 104129 1
76306 54822 1
131930 126019 1
131930 133624 1
131930 120693 1
131930 74165 1
131930 95092 1
93484 59455 1
93484 36455 1
74037 66807 1
74037 138745 1
74037 147822 1
74037 143674 1
74037 56594 1
147657 118456 1
147657 49525 1
140704 67097 1
140704 136389 1
140704 132268 1
85778 100969 1
85778 114761 1
26473 15086 1
117817 116083 1
117817 106123 1
117817 149119 1
137449 129076 1
52013 86272 1
52013 123326 1
52013 152655 1
108516 55029 1
108516 9582 1
126103 106105 1
126103 25202 1
128557 21358 1
128557 151838 1
128557 119094 1
42667 31963 1
42667 123326 1
42667 120988 1
42667 32818 1
140362 82400 1
99592 98439 1
99592 83924 1
99592 151399 1
99592 78235 1
76740 41934 1
48110 125151 1
48110 57366 1
48110 50512 1
48110 152287 1
70967 55029 1
144230 41934 1
144230 126550 1
144230 911 1
57113 154863 1
57113 118012 1
57113 87255 1
57113 123326 1
113584 41986 1
113584 43639 1
133216 99668 1
133216 135031 1
133216 57021 1
152673 23682 1
152673 50669 1
152673 2051 1
91580 45744 1
91580 99267 1
91580 24044 1
118165 146579 1
118165 53281 1
118165 73537 1
143114 41136 1
143114 94789 1
143114 140361 1
143114 70303 1
122226 43639 1
45334 32140 1
108291 106245 1
108291 75541 1
108291 91902 1
112186 125849 1
112186 74000 1
112186 99869 1
111091 76726 1
108637 45134 1
108637 144286 1
75917 44460 1
75917 132629 1
75917 47450 1
37471 123242 1
37471 134751 1
37471 80427 1
37471 150092 1
141080 45744 1
141080 123194 1
141080 65593 1
147448 76726 1
147448 87614 1
47652 65765 1
47652 41226 1
47652 104713 1
47652 56994 1
47652 49909 1
100438 70104 1
100438 149207 1
100438 121617 1
79170 40780 1
71185 54080 1
71185 104771 1
71185 154447 1
71185 76726 1
71185 34829 1
147259 20474 1
147259 80875 1
147259 130488 1
147259 144297 1
95725 55842 1
53559 18845 1
53559 74952 1
53559 151960 1
53559 71668 1
148856 34005 1
147433 103248 1
147433 136397 1
147433 94371 1
147433 140598 1
79948 83878 1
79948 83734 1
79948 78723 1
72008 99116 1
72008 150117 1
72008 108914 1
72008 130721 1
42253 117522 1
42253 45744 1
96779 149564 1
96779 82289 1
96779 123025 1
68967 35801 1
140542 33377 1
122999 106291 1
122999 40018 1
122999 60191 1
153772 109990 1
153772 82978 1
44720 101252 1
120385 21007 1
99935 154144 1
99935 63043 1
99935 127275 1
99935 98972 1
99935 100362 1
45834 43639 1
45834 70170 1
99004 67813 1
99004 142211 1
35884 99415 1
35884 88636 1
112367 153176 1
73198 55823 1
126063 129076 1
126063 20428 1
118012 96706 1
118012 148272 1
118012 125241 1
118012 74088 1
58707 153176 1
55823 114145 1
122016 119094 1
95095 139940 1
95095 138335 1
148674 115398 1
67741 28825 1
67741 4776 1
67741 70176 1
18527 60963 1
100081 123697 1
100081 64860 1
100081 152714 1
121349 153176 1
101673 107595 1
101673 69586 1
88176 102116 1
100446 89309 1
104061 34155 1
104061 80997 1
104061 9136 1
64837 83971 1
57066 95577 1
57066 147369 1
57066 151697 1
93037 129076 1
128620 59519 1
30353 34454 1
45082 139940 1
96889 126488 1
71429 75541 1
71429 101252 1
71429 41934 1
70729 34005 1
86327 34005 1
125612 70176 1
125612 154485 1
67534 101152 1
111297 99728 1
60589 92941 1
60589 95092 1
126029 80366 1
140753 55842 1
99037 123657 1
99037 126488 1
137012 102088 1
137012 71731 1
107155 75380 1
43705 102430 1
70170 114775 1
39462 104319 1
64820 56510 1
69184 55842 1
152366 114775 1
149468 83554 1
149468 59009 1
149468 40780 1
101615 121070 1
101615 126488 1
101615 96706 1
145556 59455 1
123906 40780 1
100432 149156 1
100432 96343 1
100432 49096 1
94441 107003 1
94441 144137 1
94441 72293 1
63795 24088 1
63795 105944 1
63795 70526 1
101619 56776 1
105424 87131 1
71068 40780 1
85396 151960 1
85396 96386 1
105406 56776 1
75755 57766 1
75755 135551 1
81693 81641 1
85682 105222 1
86478 81189 1
18688 101094 1
33003 25614 1
56087 71684 1
56087 113183 1
98284 81034 1
98284 117741 1
98284 102116 1
73490 120531 1
73490 150249 1
73490 81641 1
56774 75380 1
56774 40348 1
76788 143347 1
76788 106245 1
96688 33377 1
89270 90601 1
89270 123326 1
74870 59009 1
74870 100173 1
74870 99116 1
74870 88347 1
74870 48020 1
154863 152655 1
154863 86046 1
83697 56687 1
37330 9136 1
37330 148186 1
37330 2088 1
64501 21007 1
119716 106833 1
119716 76961 1
119716 56529 1
128793 114775 1
100981 64599 1
131936 70859 1
131936 134188 1
69359 111297 1
4335 30062 1
42781 69766 1
39483 124261 1
95138 103015 1
95138 75011 1
95138 40348 1
122003 122645 1
122003 115713 1
122003 96116 1
106120 100310 1
51314 106749 1
51314 43849 1
44893 131538 1
44893 91196 1
80476 99668 1
80476 126610 1
148444 75380 1
80386 55842 1
80386 49771 1
91335 142640 1
42978 59519 1
42978 9136 1
76211 36455 1
76211 40348 1
76211 75380 1
76211 51314 1
116903 75380 1
116903 35801 1
92941 74871 1
92941 93881 1
86615 69733 1
86615 104835 1
134972 123326 1
134972 114940 1
53183 9136 1
53183 139720 1
53183 7709 1
53183 134138 1
72453 54136 1
150249 129222 1
150249 114795 1
86061 126488 1
90151 35801 1
26089 137684 1
61098 91196 1
61098 87974 1
61098 38565 1
99107 67625 1
14731 47460 1
131743 118810 1
131743 75755 1
37249 120941 1
37249 95594 1
141544 95228 1
134976 106185 1
134976 69766 1
85078 40780 1
101956 140140 1
48121 109236 1
48121 60589 1
48121 68947 1
27557 33377 1
68572 33377 1
96248 128828 1
54121 102116 1
89704 151697 1
89704 74495 1
130250 56687 1
130250 149119 1
130250 94728 1
110702 131329 1
110702 61123 1
110702 74791 1
55489 112852 1
73894 71212 1
72439 71776 1
81630 75093 1
81630 131149 1
81630 100471 1
81630 53997 1
127438 100720 1
127438 152119 1
127438 143081 1
127438 100486 1
94379 90728 1
73111 113860 1
73111 146782 1
73111 92097 1
129177 152119 1
148954 40368 1
148954 119075 1
148954 100019 1
148954 69766 1
149619 69766 1
149619 120844 1
149619 2266 1
89929 126488 1
97107 119094 1
92645 120988 1
92645 54386 1
41235 82740 1
41235 68524 1
41235 122426 1
41235 127490 1
41235 56534 1
78647 99855 1
78647 139940 1
85214 51532 1
85214 76726 1
85214 149369 1
85214 79091 1
85214 9322 1
141163 125828 1
141163 130154 1
141163 7709 1
41254 152005 1
41254 132024 1
41254 59519 1
58712 115518 1
58712 68343 1
58712 111160 1
58712 53517 1
58712 132510 1
23307 108751 1
23307 58642 1
23307 85613 1
23307 28588 1
23307 71070 1
33365 7709 1
92315 152119 1
101239 121298 1
101239 136121 1
101239 91300 1
73379 46460 1
73379 69232 1
73379 87255 1
73379 111169 1
96513 38781 1
96513 44432 1
96513 99703 1
96513 95228 1
96513 31318 1
95934 153176 1
95934 52072 1
50535 94728 1
50535 108002 1
50535 137012 1
50535 118012 1
126800 53088 1
126800 105496 1
126800 67683 1
126800 81321 1
93741 59519 1
123491 139940 1
71591 139506 1
71591 134751 1
71591 128569 1
71591 88199 1
137659 15086 1
137659 41986 1
137659 7709 1
150778 134951 1
150778 46157 1
150778 127205 1
150778 80107 1
150778 99589 1
40348 154714 1
40348 95518 1
40348 64225 1
40348 76211 1
40348 124225 1
51924 9136 1
134188 131936 1
134188 46115 1
134188 125715 1
134188 74992 1
134188 91772 1
79861 82400 1
79861 149073 1
79861 75951 1
79861 104538 1
107324 145430 1
107324 35647 1
107324 105177 1
107324 81050 1
64539 107871 1
64539 47653 1
64539 85380 1
64539 102705 1
87424 144600 1
108283 120988 1
48432 74067 1
48432 135533 1
48432 82120 1
48432 138788 1
48432 87752 1
153954 59519 1
153954 114574 1
153954 13949 1
153954 154447 1
128686 69766 1
84105 101152 1
75946 2088 1
97438 153131 1
97438 51476 1
101617 83971 1
101617 34687 1
77809 143669 1
77809 121184 1
77809 152964 1
101782 127550 1
101782 126423 1
101782 79049 1
101782 125423 1
39205 70176 1
129174 51253 1
129174 101152 1
133466 75783 1
133466 120153 1
133466 73465 1
133466 132658 1
116697 122201 1
116697 91601 1
116697 143218 1
116697 75207 1
108868 2088 1
66005 33027 1
66005 134187 1
66005 2088 1
66005 126029 1
91363 75011 1
91363 7709 1
58643 26548 1
58643 2088 1
111160 119837 1
111160 66532 1
111160 108940 1
111160 29235 1
52673 84695 1
52673 68588 1
52673 15973 1
52673 150117 1
67806 90728 1
79667 64558 1
79667 115398 1
79667 49837 1
79667 125037 1
107790 101152 1
107790 63824 1
150735 95228 1
150735 84830 1
147916 112865 1
147916 51784 1
147916 107021 1
147916 79534 1
102108 118003 1
102108 93305 1
102108 74375 1
49771 132949 1
49771 82583 1
49771 126029 1
49771 144065 1
49771 67361 1
87780 111169 1
87780 36455 1
79621 131638 1
79621 106994 1
79621 110454 1
83402 50094 1
79721 36613 1
79721 137930 1
79721 98729 1
79721 89704 1
79721 50282 1
70318 16875 1
70318 149388 1
125900 86724 1
125900 85248 1
125900 121810 1
86636 90728 1
86636 94637 1
86636 68903 1
102178 46351 1
102178 82400 1
102178 16753 1
102178 143909 1
61079 96782 1
61079 53489 1
61079 105933 1
61079 79392 1
97469 50535 1
97469 91063 1
108512 111169 1
97622 59519 1
95577 84556 1
95577 130891 1
95577 77877 1
95577 68495 1
148949 49641 1
148949 87649 1
148949 101252 1
148949 8099 1
97170 34252 1
97170 68262 1
97170 135112 1
97170 124242 1
97170 129760 1
54225 50094 1
58392 134751 1
152500 101252 1
152500 48830 1
120835 118878 1
120835 101435 1
120835 55728 1
106929 55029 1
46460 48110 1
46460 54482 1
82452 104319 1
95959 43639 1
59967 32963 1
59967 63566 1
59967 95918 1
59967 122389 1
95550 140556 1
95550 43712 1
95550 151944 1
95550 67822 1
95550 83717 1
62012 131930 1
62012 38549 1
62012 129356 1
83985 132115 1
83985 124887 1
97891 26522 1
97891 101252 1
97891 85380 1
97891 78474 1
97891 21132 1
34808 21007 1
105652 89641 1
105652 139720 1
105652 36455 1
72435 129076 1
37261 129076 1
75639 79840 1
75639 126610 1
75639 79948 1
75639 107030 1
75639 146439 1
112858 66413 1
112858 35801 1
112858 30504 1
112858 66495 1
76866 95815 1
76866 52881 1
76866 106144 1
76866 69403 1
76866 139672 1
78366 23491 1
78366 103015 1
78366 1225 1
101946 145995 1
101946 56421 1
101946 152998 1
101946 146817 1
38551 94156 1
38551 150533 1
38551 97467 1
38551 137223 1
41005 111616 1
125668 34005 1
59202 123560 1
59202 115398 1
59202 56114 1
115774 35801 1
40028 85981 1
40028 72326 1
40028 80471 1
40028 48285 1
40028 70237 1
132871 46467 1
132871 97546 1
132871 74597 1
132871 84277 1
154358 73647 1
154358 103015 1
154358 37519 1
40331 148220 1
40331 73516 1
40331 43639 1
40331 15086 1
101841 116980 1
101841 44339 1
101841 148132 1
101841 73065 1
101841 89641 1
