120718 79051 1
120718 24693 1
120718 89438 1
79051 50163 1
79051 857 1
79051 23470 1
79051 97651 1
79051 78329 1
24693 86954 1
24693 85349 1
24693 1747 1
24693 136750 1
24693 67365 1
89438 134014 1
89438 98221 1
89438 7981 1
89438 122617 1
89438 152796 1
67365 121353 1
67365 64709 1
67365 2835 1
67365 121070 1
67365 121926 1
85349 109487 1
85349 54709 1
85349 5655 1
85349 125338 1
85349 85764 1
136750 124593 1
136750 87707 1
136750 3945 1
136750 124217 1
136750 115008 1
1747 24693 1
1747 99267 1
1747 142279 1
122617 89438 1
98221 124962 1
98221 89438 1
152796 153688 1
152796 40556 1
152796 89438 1
152796 53640 1
152796 117709 1
134014 119347 1
134014 84865 1
134014 5292 1
134014 113677 1
134014 106737 1
97651 113366 1
97651 87186 1
97651 3615 1
97651 110803 1
97651 118308 1
23470 38599 1
23470 121270 1
23470 47837 1
23470 79051 1
23470 119118 1
857 79051 1
857 49491 1
78329 44791 1
78329 26663 1
78329 37548 1
78329 35308 1
78329 81294 1
86954 88697 1
86954 82287 1
86954 8637 1
86954 114665 1
86954 101189 1
7981 122759 1
7981 38184 1
7981 125891 1
7981 62944 1
7981 61197 1
50163 79051 1
35308 94980 1
35308 64960 1
35308 55617 1
35308 78329 1
35308 109010 1
119118 147450 1
119118 95753 1
119118 17234 1
119118 145901 1
119118 154035 1
47837 101854 1
47837 90550 1
47837 4598 1
47837 71281 1
47837 113376 1
85764 91899 1
85764 85349 1
85764 3020 1
85764 138612 1
85764 114998 1
38599 23470 1
38599 4946 1
38599 15256 1
38599 131664 1
38599 144755 1
113677 47768 1
113677 5246 1
113677 15876 1
113677 148180 1
113677 75742 1
8637 41739 1
8637 86954 1
125338 80970 1
125338 150 1
125338 63943 1
125338 3559 1
125338 154447 1
121070 141513 1
121070 96529 1
121070 9948 1
121070 144308 1
121070 117930 1
153688 142598 1
153688 117677 1
153688 13531 1
153688 152796 1
153688 144010 1
101189 86954 1
109487 63583 1
109487 10475 1
109487 14021 1
109487 131758 1
109487 102460 1
121353 101499 1
121353 27918 1
121353 52200 1
121353 51966 1
121353 152819 1
87707 152678 1
87707 86233 1
87707 11841 1
87707 134116 1
87707 88441 1
124962 153497 1
124962 97445 1
124962 2689 1
124962 150261 1
124962 130344 1
3615 67452 1
3615 97806 1
3615 133120 1
3615 70907 1
3615 106862 1
124593 135979 1
124593 114998 1
124593 13875 1
124593 129744 1
124593 153006 1
124217 101956 1
124217 132465 1
124217 6974 1
124217 100310 1
124217 89911 1
115008 101562 1
115008 80863 1
115008 6475 1
115008 101009 1
115008 94156 1
38184 89585 1
38184 7981 1
38184 23863 1
38184 22926 1
38184 61263 1
99267 99660 1
99267 95135 1
99267 1747 1
99267 116472 1
99267 100176 1
121270 150254 1
121270 95055 1
121270 7861 1
121270 135227 1
121270 135565 1
142279 110256 1
142279 75486 1
142279 4008 1
142279 108968 1
142279 102296 1
114665 93798 1
114665 86954 1
37548 138735 1
37548 94007 1
37548 17750 1
37548 116095 1
37548 124016 1
125891 132465 1
125891 91929 1
125891 6974 1
125891 59967 1
125891 55271 1
82287 90079 1
82287 13634 1
82287 86954 1
82287 63197 1
40556 107984 1
40556 62502 1
40556 4427 1
40556 97356 1
40556 116290 1
64709 67365 1
62944 103710 1
62944 54278 1
62944 2380 1
62944 135860 1
62944 68385 1
2835 12040 1
2835 28849 1
2835 121540 1
2835 93087 1
2835 116118 1
110803 100545 1
110803 28422 1
110803 95363 1
110803 68160 1
110803 151459 1
5655 85349 1
121926 67365 1
88697 109365 1
88697 61474 1
88697 2849 1
88697 104115 1
88697 144285 1
54709 85349 1
54709 28736 1
54709 53206 1
54709 39623 1
54709 121614 1
87186 97651 1
53640 137064 1
53640 87491 1
53640 6301 1
53640 87806 1
53640 152817 1
117709 147068 1
117709 109570 1
117709 4081 1
117709 128786 1
117709 145613 1
26663 78329 1
26663 52046 1
26663 12451 1
26663 122611 1
26663 69733 1
61197 133730 1
61197 146714 1
61197 7841 1
61197 64224 1
61197 123858 1
84865 84215 1
84865 4409 1
84865 134014 1
122759 136984 1
122759 86049 1
122759 5523 1
122759 121734 1
122759 105336 1
5292 56301 1
5292 49099 1
5292 1884 1
5292 95212 1
5292 146657 1
81294 37298 1
81294 8548 1
81294 22887 1
81294 78329 1
81294 57591 1
119347 134014 1
119347 100580 1
119347 4597 1
119347 153852 1
119347 122943 1
106737 131991 1
106737 69593 1
106737 131043 1
106737 121496 1
106737 134014 1
49491 147986 1
49491 147771 1
49491 5858 1
49491 134123 1
49491 72931 1
44791 62587 1
44791 137924 1
44791 18210 1
44791 128634 1
44791 80235 1
113366 97651 1
113366 47253 1
113366 61854 1
113366 50847 1
113366 130721 1
3945 92606 1
3945 143406 1
3945 78711 1
3945 5910 1
3945 136750 1
118308 97651 1
134123 49491 1
100176 99267 1
3020 85764 1
3020 23570 1
117930 121070 1
75742 113677 1
67452 3615 1
8548 81294 1
147450 94488 1
102460 109487 1
102460 72840 1
5523 114273 1
114998 9612 1
114998 16185 1
131664 49491 1
131664 38599 1
100580 119347 1
109010 35308 1
6301 53640 1
95055 121270 1
15256 38599 1
90550 47837 1
116472 99267 1
94980 135749 1
49099 5292 1
113376 47837 1
54278 6974 1
54278 62944 1
80863 5510 1
80863 115008 1
80863 80644 1
144010 153688 1
134116 136750 1
134116 122928 1
4597 119347 1
131758 85349 1
131758 109487 1
151459 146327 1
72931 49491 1
97806 3615 1
97806 115867 1
97806 83474 1
55617 139069 1
55617 35308 1
133120 3615 1
101009 115008 1
2849 41739 1
2849 80390 1
150 120183 1
150 135126 1
150 12293 1
150 14961 1
70907 154168 1
70907 3615 1
150254 121270 1
101499 21695 1
101499 59997 1
154035 49104 1
154035 153336 1
154035 110621 1
152678 133501 1
89585 16995 1
89585 112532 1
89585 7981 1
89585 89438 1
97356 40556 1
86233 102507 1
86233 113817 1
86233 114766 1
101854 86261 1
101854 47837 1
101854 97138 1
7861 47414 1
7861 95940 1
11841 87707 1
12040 36990 1
12040 2835 1
93798 114665 1
63583 14021 1
50847 98803 1
97445 124962 1
13531 153688 1
130344 124962 1
106862 3615 1
129744 124593 1
137924 44791 1
59967 80991 1
117677 153688 1
87491 53640 1
132465 136750 1
132465 6724 1
122611 26663 1
61474 140249 1
130721 8815 1
61263 66296 1
122943 119347 1
62587 44791 1
18210 44791 1
116118 1893 1
4081 117709 1
100310 5963 1
96529 121070 1
128634 44791 1
7841 131588 1
57591 81294 1
145613 117709 1
80235 44791 1
104115 7383 1
104115 103714 1
94007 37548 1
92606 124155 1
92606 3945 1
143406 91033 1
143406 5910 1
107984 40556 1
152819 104123 1
78711 3945 1
51966 116444 1
51966 59184 1
51966 18775 1
121496 127578 1
121496 133730 1
145901 119118 1
101956 121734 1
101956 106245 1
14021 131758 1
14021 63583 1
71281 47837 1
124016 37548 1
131043 146158 1
17750 37548 1
136984 122759 1
13875 94156 1
144755 38599 1
109570 117709 1
135979 124593 1
135979 20924 1
135979 141779 1
135227 121270 1
52200 72816 1
52200 120238 1
52200 121693 1
6974 131538 1
6974 46417 1
6974 60700 1
41739 71607 1
41739 2849 1
41739 141203 1
41739 95323 1
17234 75867 1
17234 119118 1
55271 108052 1
55271 88633 1
63943 88542 1
63943 70178 1
63943 106365 1
5246 113677 1
64960 35308 1
141513 124740 1
141513 94746 1
141513 2023 1
141513 52345 1
141513 50574 1
128786 110917 1
128786 8465 1
128786 143841 1
95135 70284 1
95135 91255 1
150261 53855 1
150261 42549 1
150261 124962 1
62502 14500 1
62502 110454 1
15876 113677 1
68160 100836 1
68160 152945 1
68160 2734 1
68160 73584 1
68160 145038 1
142598 153688 1
142598 79368 1
63197 82287 1
109365 1845 1
109365 117036 1
109365 35028 1
135565 61617 1
135565 26663 1
135565 44791 1
135565 125660 1
102296 142279 1
102296 67673 1
102296 129213 1
144285 85896 1
144285 143846 1
144285 114086 1
75486 142279 1
75486 47667 1
75486 70957 1
75486 124962 1
105336 122759 1
4008 142279 1
4008 54914 1
4008 70425 1
4008 98723 1
108968 88957 1
108968 76611 1
138735 26663 1
138735 79197 1
138735 37548 1
116095 37548 1
4598 1466 1
4598 29781 1
4598 8780 1
90079 153447 1
90079 22698 1
90079 116056 1
90079 115888 1
116290 40556 1
116290 23711 1
103710 136816 1
103710 100446 1
103710 130407 1
103710 115276 1
4409 129823 1
4409 83584 1
4409 44158 1
4409 97012 1
2380 52842 1
2380 64071 1
2380 16261 1
2380 126824 1
2380 62944 1
135860 62944 1
69593 73715 1
69593 133940 1
69593 106737 1
69593 128100 1
68385 144855 1
68385 7841 1
68385 137334 1
68385 149683 1
28849 5162 1
28849 48121 1
28849 54930 1
2689 124962 1
2689 106245 1
2689 129118 1
2689 137136 1
110256 135138 1
110256 2710 1
110256 95535 1
110256 47667 1
110256 142279 1
146657 146767 1
146657 5292 1
146657 81686 1
146657 53048 1
93087 124961 1
93087 134988 1
95363 136151 1
95363 132995 1
95363 110803 1
95363 132034 1
84215 19091 1
84215 145886 1
84215 17203 1
84215 77079 1
138612 9623 1
138612 154410 1
28736 53592 1
28736 72279 1
27918 75917 1
27918 68343 1
6475 42985 1
6475 1466 1
6475 69204 1
123858 61197 1
144308 53559 1
144308 8177 1
144308 42389 1
144308 121070 1
89911 98538 1
89911 96679 1
89911 17084 1
89911 120294 1
100545 154025 1
100545 3256 1
100545 71422 1
53206 120183 1
53206 8549 1
53206 71797 1
53206 97105 1
39623 140017 1
39623 54709 1
39623 8549 1
39623 61167 1
23863 30079 1
23863 89585 1
121614 7295 1
121614 150987 1
153852 119347 1
137064 53640 1
87806 109541 1
87806 3980 1
87806 139105 1
87806 89228 1
152817 53640 1
147068 22301 1
147068 17516 1
147068 117709 1
12451 53658 1
12451 2699 1
12451 135541 1
12451 58858 1
153497 124962 1
147771 49491 1
147771 44749 1
148180 113677 1
69733 20761 1
69733 14965 1
69733 116391 1
69733 35084 1
133730 77798 1
133730 48406 1
133730 31318 1
22887 81294 1
146714 120159 1
146714 27705 1
146714 59890 1
64224 61197 1
9948 37422 1
9948 113489 1
9948 152961 1
9948 84728 1
9948 121070 1
5858 49491 1
86049 136692 1
86049 92800 1
86049 8820 1
86049 89784 1
86049 92200 1
56301 5292 1
1884 117683 1
1884 122157 1
95212 85932 1
95212 7923 1
95212 130760 1
47768 113677 1
47768 149633 1
131991 147657 1
131991 101827 1
131991 145009 1
131991 127578 1
147986 49491 1
147986 31473 1
147986 21147 1
147986 66495 1
4427 134382 1
4427 3796 1
4427 40556 1
4427 133219 1
