30345 91315 1
30345 103434 1
30345 83110 1
91315 5729 1
91315 86631 1
91315 108312 1
91315 7308 1
91315 99473 1
83110 12510 1
83110 128739 1
83110 32943 1
83110 18898 1
83110 37157 1
103434 19251 1
103434 112444 1
103434 39344 1
103434 22307 1
103434 56833 1
37157 72899 1
37157 18103 1
37157 82109 1
37157 118878 1
37157 83110 1
12510 83110 1
99473 68090 1
99473 60906 1
99473 91315 1
18898 80533 1
18898 11153 1
18898 147590 1
18898 83110 1
18898 97751 1
32943 83110 1
32943 79501 1
22307 3081 1
22307 123548 1
22307 48442 1
22307 3725 1
22307 153329 1
112444 63353 1
112444 59198 1
112444 103434 1
39344 103434 1
56833 103434 1
19251 103434 1
7308 91315 1
7308 26698 1
7308 10126 1
7308 122878 1
108312 91315 1
86631 94426 1
86631 55227 1
86631 91315 1
86631 88204 1
128739 83110 1
5729 91315 1
94426 33658 1
94426 61146 1
94426 58933 1
94426 39844 1
94426 72280 1
63353 2875 1
63353 129445 1
63353 136876 1
63353 5900 1
63353 122397 1
122878 3511 1
122878 93919 1
122878 105331 1
122878 4704 1
122878 113464 1
10126 2467 1
10126 15282 1
10126 130370 1
10126 3700 1
10126 50759 1
60906 4220 1
60906 144956 1
60906 18742 1
60906 4960 1
60906 24723 1
18103 96230 1
18103 31849 1
18103 26915 1
18103 1990 1
18103 134946 1
80533 1123 1
80533 113880 1
80533 128109 1
80533 1543 1
80533 122404 1
68090 12980 1
68090 95252 1
68090 75993 1
68090 15528 1
68090 92129 1
11153 2144 1
11153 98874 1
11153 63038 1
11153 7237 1
11153 107713 1
82109 6909 1
82109 80255 1
82109 123658 1
82109 9064 1
82109 86806 1
147590 1761 1
147590 58236 1
147590 62498 1
147590 1788 1
147590 63494 1
3081 75713 1
3081 57557 1
3081 34139 1
3081 28168 1
3081 74083 1
3725 22307 1
3725 131696 1
153329 22307 1
118878 4335 1
118878 75776 1
118878 81094 1
118878 7975 1
118878 83089 1
97751 4556 1
97751 111929 1
97751 25503 1
97751 14072 1
97751 28440 1
79501 3799 1
79501 99992 1
79501 154145 1
79501 5835 1
79501 124326 1
88204 56793 1
88204 129720 1
88204 149044 1
88204 59318 1
88204 141820 1
123548 10666 1
123548 90276 1
123548 97132 1
123548 11691 1
123548 99866 1
48442 31788 1
48442 22307 1
48442 139454 1
48442 83328 1
48442 137012 1
26698 6419 1
26698 137801 1
26698 141005 1
26698 7062 1
26698 54608 1
72899 6909 1
72899 61861 1
72899 122756 1
72899 7045 1
72899 127753 1
55227 7496 1
55227 133637 1
55227 86631 1
55227 12235 1
55227 75755 1
59198 7236 1
59198 92067 1
59198 115110 1
59198 7255 1
59198 92213 1
7062 26698 1
141005 141642 1
141005 26698 1
96230 2645 1
96230 108208 1
96230 56947 1
96230 6724 1
96230 60576 1
137801 26698 1
75713 23158 1
75713 3081 1
6419 26698 1
6419 147048 1
6419 100018 1
6419 50550 1
6419 25022 1
83328 9446 1
83328 74425 1
83328 154756 1
83328 13873 1
83328 116498 1
139454 2086 1
139454 71359 1
139454 36295 1
139454 3525 1
139454 137136 1
2144 11153 1
63038 11153 1
97132 123548 1
93919 122878 1
93919 84435 1
98874 11153 1
39844 8623 1
39844 144450 1
39844 82633 1
39844 9387 1
39844 111181 1
63494 11508 1
63494 66807 1
63494 61345 1
63494 28792 1
63494 147590 1
56793 88204 1
4704 122878 1
137012 8793 1
137012 119711 1
137012 54415 1
137012 9913 1
137012 71731 1
105331 122878 1
4960 27181 1
4960 60906 1
12235 55227 1
12235 35899 1
12235 19822 1
12235 53349 1
12235 56879 1
136876 63353 1
1761 147590 1
72280 94426 1
5835 1508 1
5835 88413 1
5835 94248 1
5835 3081 1
5835 84650 1
1788 147590 1
75993 68090 1
28440 42969 1
28440 12136 1
28440 117149 1
28440 123107 1
28440 97751 1
134946 6889 1
134946 89635 1
134946 94156 1
134946 10559 1
134946 104857 1
129720 3256 1
129720 60917 1
129720 63949 1
129720 9010 1
129720 78789 1
61861 1466 1
61861 114881 1
61861 153646 1
61861 8180 1
61861 135736 1
74083 20373 1
74083 128247 1
74083 89510 1
74083 70859 1
74083 85082 1
92129 68090 1
7975 13734 1
7975 118878 1
18742 134133 1
18742 135699 1
18742 79967 1
18742 60906 1
18742 26698 1
107713 312 1
107713 126055 1
107713 94451 1
107713 4932 1
107713 95889 1
141820 5652 1
141820 132089 1
141820 61505 1
141820 7211 1
141820 65111 1
31849 1419 1
31849 117422 1
31849 40520 1
31849 3471 1
31849 91447 1
95252 68090 1
95252 52903 1
75755 95199 1
75755 77352 1
75755 46101 1
75755 2103 1
75755 94913 1
26915 4851 1
26915 140581 1
26915 134956 1
26915 6397 1
26915 109234 1
15528 855 1
15528 20869 1
15528 128055 1
15528 937 1
15528 35057 1
2467 34231 1
2467 10126 1
123658 82109 1
123658 33247 1
123658 141820 1
24723 60906 1
24723 4651 1
24723 117149 1
24723 89860 1
6909 82109 1
6909 72899 1
122756 72899 1
59318 88204 1
11691 9869 1
11691 44458 1
11691 94444 1
11691 44256 1
11691 138892 1
58933 94426 1
7045 6718 1
7045 100683 1
7045 12488 1
7045 123713 1
7045 53058 1
7496 55227 1
1990 18103 1
1990 20634 1
133637 144007 1
133637 94651 1
133637 44499 1
133637 1543 1
133637 131743 1
115110 49752 1
115110 119902 1
115110 109135 1
115110 59198 1
115110 128007 1
7236 59198 1
7236 54851 1
7236 92399 1
15282 10126 1
99866 9262 1
99866 123623 1
99866 80394 1
99866 9349 1
99866 85427 1
129445 88508 1
129445 63353 1
129445 144655 1
127753 5682 1
127753 150636 1
127753 65631 1
127753 19122 1
127753 71568 1
92213 59198 1
12980 68090 1
2875 63353 1
144956 60906 1
9064 4235 1
9064 35265 1
9064 95816 1
9064 4522 1
9064 67788 1
28168 6968 1
28168 104626 1
28168 74633 1
28168 7110 1
28168 111930 1
33658 95013 1
33658 94426 1
113464 152845 1
113464 34231 1
113464 122878 1
86806 7015 1
86806 108637 1
86806 82109 1
86806 8638 1
86806 30740 1
111929 97751 1
7255 59198 1
130370 70093 1
130370 10126 1
113880 80533 1
81094 9725 1
81094 46467 1
81094 44156 1
81094 15436 1
81094 51788 1
128109 80533 1
128109 2569 1
1543 115713 1
1543 25033 1
1543 52279 1
1543 106253 1
1543 53206 1
124326 79501 1
124326 22858 1
124326 101955 1
124326 100104 1
31788 4809 1
31788 137012 1
31788 74424 1
31788 5801 1
31788 48442 1
3700 137286 1
3700 17854 1
3700 70716 1
3700 141350 1
3700 71350 1
90276 123548 1
5900 63353 1
92067 103706 1
92067 59198 1
7237 11153 1
61146 94426 1
61146 65896 1
80255 75755 1
80255 91902 1
80255 82109 1
80255 77864 1
80255 138758 1
1123 37505 1
1123 152976 1
1123 27961 1
1123 87810 1
1123 102075 1
3511 94734 1
3511 122878 1
58236 147590 1
57557 126501 1
57557 3081 1
50759 78754 1
50759 71463 1
50759 35255 1
50759 1798 1
50759 116083 1
4220 60906 1
122397 63353 1
62498 147590 1
34139 3081 1
122404 80533 1
4556 16322 1
4556 101374 1
4556 97751 1
4556 147147 1
4556 119516 1
54608 7882 1
54608 57507 1
54608 92582 1
54608 8394 1
54608 84295 1
131696 4093 1
131696 71570 1
131696 81858 1
131696 4725 1
131696 104401 1
75776 118878 1
75776 29822 1
75776 87262 1
4335 98136 1
4335 125646 1
4335 17465 1
4335 133162 1
4335 81726 1
83089 118878 1
25503 97751 1
25503 140442 1
14072 97751 1
14072 143186 1
3799 79501 1
3799 97240 1
99992 5586 1
99992 91529 1
99992 39107 1
99992 16666 1
99992 40040 1
149044 88204 1
154145 79501 1
10666 85118 1
10666 123548 1
101955 9074 1
101955 79490 1
101955 84286 1
101955 17988 1
101955 88066 1
22858 1348 1
22858 105304 1
22858 89697 1
22858 1920 1
22858 126406 1
25033 16357 1
25033 1543 1
25033 127100 1
25033 87315 1
44256 9010 1
44256 48307 1
44256 56759 1
44256 11691 1
44256 77889 1
44156 3242 1
44156 108230 1
44156 143400 1
44156 4786 1
44156 80048 1
3256 150987 1
3256 133811 1
3256 99987 1
3256 99851 1
3256 77719 1
70093 10381 1
70093 81424 1
70093 150045 1
70093 12501 1
70093 140575 1
154756 6697 1
154756 82980 1
154756 85895 1
154756 9352 1
154756 92941 1
77864 3559 1
77864 66080 1
77864 70105 1
77864 3579 1
77864 97536 1
115713 1543 1
115713 90961 1
115713 94980 1
115713 2884 1
115713 99258 1
30740 3081 1
30740 147680 1
30740 45726 1
30740 6480 1
30740 59425 1
119902 8912 1
119902 96679 1
119902 98070 1
119902 12098 1
119902 99624 1
152845 1543 1
152845 94778 1
152845 99520 1
152845 4763 1
152845 104464 1
95013 3373 1
95013 91544 1
95013 102529 1
95013 11915 1
95013 121734 1
111930 28168 1
7110 90722 1
7110 10541 1
7110 135292 1
7110 132324 1
7110 107438 1
74633 28168 1
74633 4093 1
123713 2753 1
123713 74992 1
123713 75949 1
123713 3763 1
123713 79576 1
67788 124002 1
67788 9064 1
15436 137664 1
15436 28776 1
15436 63529 1
15436 3438 1
15436 88689 1
36295 11520 1
36295 151597 1
36295 136507 1
36295 12078 1
36295 64705 1
4522 137136 1
4522 79534 1
4522 85623 1
4522 42276 1
4522 146160 1
95816 9064 1
71568 2600 1
71568 94086 1
71568 126231 1
71568 7193 1
71568 148111 1
65631 9461 1
65631 118699 1
65631 102237 1
65631 11122 1
65631 134969 1
2645 96230 1
150636 5125 1
150636 79658 1
150636 85928 1
150636 8724 1
150636 87037 1
5682 2807 1
5682 145139 1
5682 27574 1
5682 3456 1
5682 60089 1
2569 100480 1
2569 110868 1
2569 22588 1
2569 136397 1
2569 31295 1
85118 2582 1
85118 74052 1
85118 79391 1
85118 3354 1
85118 81990 1
97240 4324 1
97240 76462 1
97240 84334 1
97240 5624 1
97240 85356 1
17465 4556 1
17465 106297 1
17465 77109 1
17465 5281 1
17465 137542 1
132089 141820 1
132089 7090 1
88508 13250 1
88508 116901 1
88508 136615 1
88508 17440 1
88508 99117 1
104401 2849 1
104401 120849 1
104401 132120 1
104401 2964 1
104401 108866 1
123107 32609 1
123107 124616 1
123107 93509 1
123107 38658 1
123107 139630 1
94451 4384 1
94451 83931 1
94451 85797 1
94451 4449 1
94451 140811 1
4093 103042 1
4093 60589 1
4093 83385 1
4093 110470 1
4093 5181 1
312 8194 1
312 116212 1
312 46387 1
312 33646 1
312 73461 1
8394 44049 1
8394 54608 1
92582 40006 1
92582 88689 1
92582 72279 1
92582 54608 1
92582 128097 1
7211 141820 1
57507 54608 1
7882 54608 1
19822 3244 1
19822 145900 1
19822 121640 1
19822 3796 1
19822 99004 1
94248 4995 1
94248 154739 1
94248 79576 1
94248 5835 1
94248 84575 1
119516 19955 1
119516 97954 1
119516 99364 1
119516 20617 1
119516 106563 1
16322 1914 1
16322 113612 1
16322 126155 1
16322 4556 1
16322 17361 1
50550 4636 1
50550 98675 1
50550 127131 1
50550 5926 1
50550 108888 1
35255 9189 1
35255 89257 1
35255 52797 1
35255 14750 1
35255 152772 1
4725 89906 1
4725 131696 1
4725 9343 1
78754 4239 1
78754 78259 1
78754 110601 1
78754 8193 1
78754 112663 1
16666 9010 1
16666 107243 1
16666 110386 1
16666 9759 1
16666 136945 1
126501 3172 1
126501 70852 1
126501 74438 1
126501 6395 1
126501 77307 1
94734 3511 1
94734 66908 1
94734 74140 1
94734 3792 1
94734 77059 1
102075 1123 1
27961 1123 1
27961 30748 1
27961 144581 1
27961 4583 1
27961 60006 1
65896 6011 1
65896 149152 1
65896 119225 1
65896 11060 1
65896 71050 1
103706 11105 1
103706 133603 1
103706 50048 1
103706 27600 1
103706 63890 1
141350 5241 1
141350 68495 1
141350 79555 1
141350 5506 1
141350 83411 1
70716 3700 1
70716 144655 1
70716 87586 1
70716 5510 1
70716 135339 1
17854 1377 1
17854 63796 1
17854 76989 1
17854 3700 1
17854 98240 1
5801 103729 1
5801 87568 1
5801 62515 1
5801 138892 1
5801 31788 1
95199 89187 1
95199 75755 1
125646 109219 1
125646 4335 1
126055 86363 1
126055 53314 1
126055 134978 1
126055 97618 1
126055 144962 1
54415 71668 1
54415 55897 1
54415 49771 1
54415 2750 1
54415 56016 1
3471 31849 1
3471 52944 1
3471 148034 1
79967 1710 1
79967 69488 1
79967 77678 1
79967 5926 1
79967 131981 1
52903 5086 1
52903 136329 1
52903 73380 1
52903 7874 1
52903 63931 1
134133 10282 1
134133 96937 1
134133 99003 1
134133 11913 1
134133 104104 1
28792 14444 1
28792 122029 1
28792 114861 1
28792 14534 1
28792 149267 1
1798 22403 1
1798 123326 1
1798 96706 1
1798 106501 1
1798 50759 1
133162 4335 1
13734 7951 1
13734 58620 1
13734 116285 1
13734 7975 1
13734 133877 1
34231 3109 1
34231 110269 1
34231 139328 1
34231 7120 1
34231 63561 1
87810 1123 1
87810 76450 1
87810 86735 1
87810 4152 1
87810 117288 1
20373 3297 1
20373 88673 1
20373 115006 1
20373 6396 1
20373 154434 1
4851 125058 1
4851 127205 1
4851 26296 1
4851 26915 1
4851 71957 1
78789 8697 1
78789 123150 1
78789 85912 1
78789 9091 1
78789 98208 1
42969 524 1
42969 101034 1
42969 133557 1
42969 1785 1
42969 97854 1
4932 107713 1
4932 28486 1
4932 44623 1
4932 114824 1
4932 133587 1
104857 9108 1
104857 101593 1
104857 52345 1
104857 17317 1
104857 54822 1
10559 6889 1
10559 54136 1
10559 53946 1
10559 8427 1
10559 11903 1
33247 3887 1
33247 112361 1
33247 62380 1
33247 6475 1
33247 89798 1
5586 99992 1
5586 1189 1
5586 112642 1
89635 13897 1
89635 117860 1
89635 134946 1
89635 48984 1
89635 130437 1
117149 13127 1
117149 93597 1
117149 98154 1
117149 16484 1
117149 143513 1
20634 220 1
20634 105764 1
20634 113582 1
20634 1990 1
20634 46901 1
71350 5106 1
71350 102841 1
71350 125263 1
71350 6827 1
71350 120227 1
9262 99866 1
9262 8279 1
94156 3790 1
94156 98598 1
94156 48109 1
94156 3903 1
94156 50094 1
6397 26915 1
6397 3780 1
6397 115765 1
40040 99992 1
53349 12451 1
53349 149813 1
53349 91836 1
53349 22669 1
53349 117260 1
135736 316 1
135736 74140 1
135736 81041 1
135736 871 1
135736 88294 1
100104 10055 1
100104 84334 1
100104 88316 1
100104 12109 1
100104 91214 1
19122 9549 1
19122 147130 1
19122 103488 1
19122 10505 1
19122 44614 1
153646 1777 1
153646 154403 1
153646 76350 1
153646 7588 1
153646 81558 1
137286 3700 1
137286 57032 1
137286 62704 1
137286 4056 1
137286 71350 1
114881 2245 1
114881 154060 1
114881 63009 1
114881 2813 1
114881 66807 1
3525 100225 1
3525 13169 1
3525 151989 1
3525 114819 1
3525 92654 1
13873 8425 1
13873 87516 1
13873 31752 1
13873 9725 1
13873 35637 1
66807 2300 1
66807 153006 1
66807 74037 1
66807 4806 1
66807 69574 1
71359 2297 1
71359 140598 1
71359 66108 1
71359 3760 1
71359 69414 1
27181 4960 1
27181 43441 1
27181 23316 1
27181 6059 1
27181 149061 1
98136 16443 1
98136 4335 1
60917 10802 1
60917 122634 1
60917 73198 1
60917 12099 1
60917 138519 1
109135 3613 1
109135 128436 1
109135 68343 1
109135 3957 1
109135 76862 1
9349 7136 1
9349 39496 1
9349 31564 1
9349 7289 1
9349 28247 1
101374 4556 1
101374 88593 1
101374 94125 1
101374 11146 1
101374 97049 1
6889 33856 1
6889 122669 1
6889 145455 1
6889 41410 1
6889 151282 1
40520 4917 1
40520 59455 1
40520 46271 1
40520 7212 1
40520 31430 1
135699 5515 1
135699 118881 1
135699 60562 1
135699 8168 1
135699 61430 1
147048 2958 1
147048 137755 1
147048 75619 1
147048 3359 1
147048 76930 1
106253 7552 1
106253 134874 1
106253 91080 1
106253 17649 1
106253 93061 1
91529 99992 1
70859 10209 1
70859 150297 1
70859 97436 1
70859 11473 1
70859 87851 1
9869 4793 1
9869 114379 1
9869 143563 1
9869 6900 1
9869 38157 1
84295 54608 1
84295 47084 1
84295 135699 1
84295 90601 1
2086 74626 1
2086 111160 1
2086 37562 1
2086 29316 1
2086 42556 1
1466 125036 1
1466 147433 1
1466 92833 1
1466 117975 1
1466 26555 1
53206 6972 1
53206 75029 1
53206 91033 1
53206 8549 1
53206 84006 1
143186 3983 1
143186 105069 1
143186 53396 1
143186 7040 1
143186 55188 1
12136 3705 1
12136 55360 1
12136 144836 1
12136 4664 1
12136 45130 1
100018 1140 1
100018 99404 1
100018 120023 1
100018 5566 1
100018 106347 1
71731 3718 1
71731 96600 1
71731 65324 1
71731 3874 1
71731 93820 1
119711 2311 1
119711 78094 1
119711 80644 1
119711 10989 1
119711 84111 1
56879 7272 1
56879 91698 1
56879 73375 1
56879 9284 1
56879 112289 1
56947 145440 1
56947 69742 1
56947 90715 1
56947 132465 1
56947 124432 1
35057 72022 1
35057 15528 1
4809 127853 1
4809 31788 1
141642 1914 1
141642 61346 1
141642 63149 1
141642 2884 1
141642 67076 1
6724 96230 1
6724 132465 1
81726 27334 1
81726 4335 1
81726 116697 1
81726 129008 1
81726 122812 1
5652 69123 1
5652 70576 1
5652 71123 1
5652 52867 1
5652 141820 1
60576 96230 1
84650 11915 1
84650 130017 1
84650 82101 1
84650 38715 1
84650 132905 1
74425 6971 1
74425 141815 1
74425 55140 1
74425 9690 1
74425 71668 1
8180 146592 1
8180 141618 1
8180 69942 1
8180 84549 1
8180 124884 1
35265 8447 1
35265 64448 1
35265 56387 1
35265 9064 1
35265 76742 1
4651 140162 1
4651 85543 1
4651 80009 1
4651 87235 1
4651 24723 1
11508 6492 1
11508 113095 1
11508 52046 1
11508 7132 1
11508 28884 1
9387 31493 1
9387 112381 1
9387 129151 1
9387 24088 1
9387 108221 1
137136 3685 1
137136 139961 1
137136 70210 1
137136 4522 1
137136 73236 1
89510 10676 1
89510 76874 1
89510 79018 1
89510 11520 1
89510 88083 1
46467 1713 1
46467 93820 1
46467 132871 1
46467 2330 1
46467 50922 1
61505 54598 1
61505 49501 1
61505 141820 1
61505 120544 1
140442 8504 1
140442 86367 1
140442 92099 1
140442 9185 1
140442 99471 1
144450 8951 1
144450 111379 1
144450 118999 1
144450 14154 1
144450 121313 1
25022 12728 1
25022 31752 1
25022 80990 1
25022 16126 1
25022 128954 1
84435 6260 1
84435 87692 1
84435 135314 1
84435 6480 1
84435 100503 1
855 5698 1
855 149517 1
855 15627 1
855 60555 1
855 31278 1
9010 1439 1
9010 91605 1
9010 34111 1
9010 113984 1
9010 149185 1
138758 2945 1
138758 104302 1
138758 59725 1
138758 10799 1
138758 61058 1
6968 30212 1
6968 9659 1
6968 33609 1
6968 86919 1
6968 121427 1
82633 1805 1
82633 122979 1
82633 132568 1
82633 6057 1
82633 135267 1
23158 2488 1
23158 30017 1
23158 139126 1
23158 2855 1
23158 88396 1
51788 4438 1
51788 79534 1
51788 75594 1
51788 8854 1
51788 107531 1
71570 131696 1
61345 9259 1
61345 136420 1
61345 42448 1
61345 9759 1
61345 45397 1
95889 2722 1
95889 82397 1
95889 86914 1
95889 3596 1
95889 125440 1
1508 75457 1
1508 142535 1
1508 5835 1
1508 23049 1
1508 10448 1
108208 7795 1
108208 78512 1
108208 82274 1
108208 11258 1
108208 89838 1
6718 3030 1
6718 43712 1
6718 54856 1
6718 87808 1
6718 7295 1
104626 28168 1
8793 3647 1
8793 131772 1
8793 67394 1
8793 4679 1
8793 72646 1
116498 2851 1
116498 83328 1
116498 92895 1
116498 3267 1
116498 98245 1
111181 29500 1
111181 119195 1
111181 42932 1
111181 32539 1
111181 62709 1
2103 143873 1
2103 135195 1
2103 35912 1
2103 138539 1
2103 130891 1
81858 150933 1
81858 70515 1
81858 36109 1
81858 1493 1
81858 113891 1
8623 3958 1
8623 107976 1
8623 12983 1
8623 152961 1
8623 38330 1
65111 117605 1
65111 141820 1
1419 47837 1
1419 31849 1
1419 62927 1
1419 76014 1
91447 125574 1
91447 66707 1
91447 32783 1
91447 6236 1
91447 122623 1
77352 5794 1
77352 130800 1
77352 148638 1
77352 6131 1
77352 126906 1
46101 4583 1
46101 55852 1
46101 123696 1
46101 6161 1
46101 84029 1
94913 75755 1
138892 5381 1
138892 75094 1
138892 82080 1
138892 5801 1
138892 84444 1
140581 91640 1
140581 26915 1
140581 106088 1
109234 8185 1
109234 130721 1
109234 66375 1
109234 10008 1
109234 76788 1
108637 2884 1
108637 86806 1
108637 88752 1
108637 6796 1
108637 95745 1
39107 151066 1
39107 99992 1
152976 4912 1
152976 68861 1
152976 75839 1
152976 9420 1
152976 84543 1
85082 3792 1
85082 143312 1
85082 118973 1
85082 8641 1
85082 141994 1
20869 10799 1
20869 59804 1
20869 60096 1
20869 14546 1
20869 152005 1
9725 3579 1
9725 130017 1
9725 73309 1
9725 8219 1
9725 13873 1
128055 7588 1
128055 86170 1
128055 97040 1
128055 9176 1
128055 102247 1
937 18689 1
937 127599 1
937 44213 1
937 141571 1
937 80825 1
116083 2213 1
116083 85291 1
116083 100631 1
116083 2867 1
116083 108046 1
52279 1543 1
52279 146400 1
52279 74686 1
52279 4446 1
52279 63699 1
89860 3319 1
89860 104366 1
89860 117783 1
89860 4537 1
89860 100839 1
9913 137012 1
9913 83531 1
9913 67717 1
9913 18589 1
37505 1123 1
91902 8326 1
91902 80255 1
91902 91679 1
91902 9552 1
91902 105731 1
44458 3774 1
44458 122914 1
44458 75556 1
44458 4437 1
44458 73647 1
8638 975 1
8638 112830 1
8638 106560 1
8638 2165 1
8638 150087 1
100683 2411 1
100683 106442 1
100683 75639 1
100683 3760 1
100683 77278 1
88413 5835 1
12488 7268 1
12488 66350 1
12488 91066 1
12488 7416 1
12488 91582 1
147147 7607 1
147147 130158 1
147147 135512 1
147147 8045 1
147147 140854 1
35899 6037 1
35899 123367 1
35899 102313 1
35899 8526 1
35899 134829 1
71463 5941 1
71463 99905 1
71463 135011 1
71463 13457 1
71463 90961 1
53058 7045 1
53058 128508 1
53058 31894 1
53058 19270 1
53058 81858 1
117422 31849 1
9446 145641 1
9446 83328 1
9446 136157 1
9446 77106 1
144007 133637 1
144007 4946 1
94651 39844 1
94651 21259 1
94651 133637 1
44499 6509 1
44499 113338 1
44499 54851 1
44499 8245 1
44499 45129 1
54851 7236 1
54851 126939 1
54851 121810 1
54851 8247 1
54851 150922 1
131743 1045 1
131743 78786 1
131743 79621 1
131743 3030 1
131743 93975 1
49752 3760 1
49752 132158 1
49752 73790 1
49752 3790 1
49752 100683 1
128007 23004 1
128007 129088 1
128007 152154 1
128007 23255 1
128007 131349 1
7015 5132 1
7015 72246 1
7015 47116 1
7015 127237 1
7015 128076 1
94444 5125 1
94444 78877 1
94444 135381 1
94444 5414 1
94444 114308 1
29822 5827 1
29822 147657 1
29822 51042 1
29822 13348 1
29822 74294 1
92399 7236 1
92399 86964 1
92399 112388 1
92399 8841 1
92399 109719 1
123623 2103 1
123623 147714 1
123623 71202 1
123623 12489 1
123623 74579 1
128247 842 1
128247 130857 1
128247 76457 1
128247 7551 1
128247 81318 1
80394 2683 1
80394 110957 1
80394 77124 1
80394 3525 1
80394 149761 1
134956 2425 1
134956 82959 1
134956 88864 1
134956 6230 1
134956 95750 1
74424 661 1
74424 82362 1
74424 49534 1
74424 1229 1
74424 50867 1
85427 47869 1
85427 92622 1
85427 122188 1
85427 50669 1
85427 147314 1
87262 2934 1
87262 114587 1
87262 26382 1
87262 9244 1
87262 58177 1
4235 9064 1
63949 5125 1
63949 98597 1
63949 131638 1
63949 7051 1
63949 114059 1
144655 9402 1
144655 87788 1
144655 96663 1
144655 11597 1
144655 103751 1
135512 147147 1
24088 9387 1
24088 63795 1
7607 147147 1
7607 17854 1
7416 12488 1
975 8638 1
84543 109219 1
84543 152976 1
75556 44458 1
91679 91902 1
136945 8549 1
8326 91902 1
63699 52279 1
49771 74992 1
4446 52279 1
112388 92399 1
2867 116083 1
85291 42448 1
85291 116083 1
2213 116083 1
44213 1493 1
44213 937 1
16357 127100 1
16357 136397 1
97040 128055 1
77889 23101 1
77889 128094 1
77889 44256 1
86170 8623 1
14546 127599 1
14546 98601 1
8641 114881 1
8641 85082 1
6900 9869 1
143312 85082 1
141571 937 1
141571 2945 1
9176 128055 1
75839 152976 1
6796 108637 1
66375 4438 1
130721 109234 1
130721 2955 1
106347 100018 1
8185 109234 1
8185 123701 1
17988 89906 1
17988 101955 1
17988 154434 1
75094 138892 1
5381 138892 1
84029 46101 1
6161 46101 1
123696 109316 1
96663 144655 1
96663 119516 1
122623 91447 1
122623 146160 1
49501 871 1
5106 137286 1
5106 71350 1
142535 1508 1
61058 8724 1
31430 40520 1
86919 6968 1
10541 54415 1
140575 70093 1
79658 150636 1
79658 58509 1
93820 3579 1
11520 36295 1
77678 79967 1
133811 3256 1
114059 113612 1
114059 104401 1
117860 101955 1
80825 141299 1
1348 22858 1
11915 91715 1
3685 70210 1
3685 137136 1
3685 108400 1
88066 101955 1
23049 1798 1
83931 94451 1
91582 94226 1
91582 139051 1
145900 3796 1
81424 70093 1
44614 19122 1
10381 6475 1
70105 77864 1
3438 150987 1
6475 33247 1
76874 2103 1
76874 66908 1
50094 94156 1
88396 23158 1
37562 2086 1
37562 90646 1
4995 94248 1
33856 6889 1
2582 85118 1
6697 9690 1
79490 90646 1
100225 3525 1
143873 2103 1
7795 69414 1
7795 3903 1
7795 153646 1
63796 17854 1
147657 131991 1
118699 65631 1
5125 89431 1
3957 3792 1
87808 6718 1
87808 7295 1
77109 17465 1
6972 53206 1
132324 3579 1
132324 49501 1
123326 1713 1
102237 65631 1
90715 56947 1
90715 135209 1
73461 312 1
46387 75639 1
38157 9869 1
9284 56879 1
9284 92399 1
133557 42969 1
67717 116498 1
2813 59547 1
113095 44156 1
113095 11508 1
150045 70093 1
89697 22858 1
5181 107243 1
15627 1736 1
26296 127318 1
23004 128007 1
12501 70093 1
3796 125987 1
3796 57077 1
85623 137402 1
85623 36711 1
85623 4522 1
103729 48300 1
103729 5801 1
103729 50459 1
103729 46307 1
105304 137660 1
105304 22858 1
9549 17552 1
9549 19122 1
2165 8638 1
2165 45052 1
116212 32443 1
116212 365 1
26555 6208 1
55360 2329 1
55360 117347 1
31493 9387 1
31493 31318 1
10055 100104 1
12728 25022 1
12728 25557 1
79391 85118 1
19955 119516 1
76742 35265 1
8912 103084 1
8912 2320 1
128436 109135 1
128436 95 1
128436 7151 1
871 16484 1
9074 111741 1
9074 526 1
9074 38984 1
31295 2569 1
31295 125841 1
108230 131033 1
108230 154163 1
108230 86686 1
29316 92654 1
29316 2086 1
29316 2245 1
128076 7015 1
56387 35265 1
11122 137665 1
11122 124725 1
11122 111466 1
147680 119605 1
147680 68955 1
152005 88184 1
152005 5125 1
152005 36531 1
151597 153203 1
151597 36295 1
16126 91172 1
16126 25510 1
16126 44410 1
99851 3256 1
99851 80394 1
11060 65896 1
100631 842 1
122029 28792 1
18689 937 1
18689 72826 1
109219 125646 1
109219 4199 1
109219 60245 1
99624 99660 1
99624 154870 1
9244 138679 1
9244 87262 1
83385 1095 1
83385 51629 1
83385 42370 1
56759 44256 1
89838 107030 1
89838 108208 1
102529 2815 1
102529 15559 1
102529 94426 1
102529 106291 1
94125 101374 1
98240 128262 1
42276 80917 1
42276 5163 1
66080 89494 1
66080 91000 1
12109 100104 1
85356 97240 1
1914 55604 1
113338 44499 1
110269 34231 1
4324 97240 1
842 17674 1
842 40934 1
842 10799 1
2488 123560 1
2488 23158 1
6396 20373 1
104464 124793 1
104464 152845 1
130800 84003 1
130800 77352 1
74992 133694 1
74992 106632 1
74992 151447 1
74992 64450 1
110470 4093 1
110470 138802 1
110868 2103 1
110868 2569 1
661 74424 1
126155 16322 1
17361 16322 1
52944 126050 1
52944 50232 1
52944 6485 1
52944 50507 1
52944 65621 1
23316 103568 1
23316 57218 1
23316 27181 1
71050 65896 1
7136 46631 1
7136 3760 1
7136 37401 1
68861 152976 1
45726 139339 1
45726 85623 1
118973 152979 1
118973 85082 1
63529 20134 1
63529 5835 1
63529 15436 1
63529 151562 1
133877 129679 1
133877 13734 1
133877 97138 1
112663 78754 1
84286 18103 1
84286 101955 1
5941 71463 1
13348 29822 1
152772 35255 1
70852 126501 1
100480 1342 1
100480 2569 1
98598 151467 1
98598 99003 1
98598 128620 1
98598 21119 1
98598 60555 1
48109 96343 1
48109 5113 1
48109 7276 1
48109 94156 1
78259 78754 1
86964 92399 1
86964 59426 1
107243 37923 1
107243 109135 1
3172 126501 1
132871 46467 1
74438 126501 1
84111 74098 1
84111 38960 1
84111 132633 1
10989 136151 1
10989 44055 1
10989 1713 1
10989 136197 1
10989 130530 1
143400 44156 1
9343 93164 1
9343 4725 1
3760 114379 1
3760 153006 1
3760 30029 1
4583 108866 1
4583 73637 1
4583 46101 1
98597 63949 1
143563 59652 1
143563 9869 1
143563 94571 1
87851 70859 1
103488 19122 1
103488 46307 1
104104 134133 1
11105 103706 1
133603 103706 1
95745 108637 1
48307 44256 1
104366 53206 1
149517 855 1
68495 1530 1
79576 49752 1
99520 152845 1
5506 141350 1
83411 37627 1
127853 1543 1
108221 9387 1
83531 99660 1
40006 123326 1
154403 7588 1
154403 153646 1
87586 70716 1
106563 119516 1
10448 1713 1
9420 152976 1
135339 141994 1
135339 1377 1
135339 22759 1
149267 28792 1
62515 111736 1
74037 66807 1
150987 67076 1
4239 78754 1
1785 85082 1
1785 95013 1
139126 4353 1
139126 131424 1
126939 7304 1
126939 54851 1
52046 105733 1
144962 126055 1
148034 3471 1
4912 152976 1
99404 100018 1
78512 108208 1
150087 8638 1
8697 78789 1
11913 134133 1
76930 147048 1
56016 96136 1
7268 12488 1
91214 150297 1
21259 1479 1
112381 9387 1
14444 28792 1
116285 118878 1
139630 123107 1
14534 28792 1
114308 94444 1
114308 80825 1
2884 41934 1
27600 151562 1
27600 103706 1
97618 126055 1
102841 71350 1
58620 13734 1
149152 65896 1
76350 153646 1
144581 27961 1
7951 3957 1
7951 94778 1
4786 44156 1
105764 20634 1
91836 53349 1
69942 8180 1
12489 123623 1
42556 2086 1
134829 35803 1
134829 35899 1
82980 154756 1
139328 34231 1
91544 95013 1
147130 19122 1
147130 129679 1
114819 3525 1
4537 89860 1
7193 71568 1
115006 4683 1
125058 3941 1
53946 10559 1
71957 4851 1
88673 20373 1
35912 2103 1
123150 116083 1
123150 7272 1
123150 63931 1
86735 81886 1
85912 115006 1
98208 6755 1
5566 100018 1
88689 136397 1
101034 42969 1
6395 126501 1
74294 29822 1
114824 4932 1
9108 104857 1
97854 42969 1
123367 35899 1
70515 81858 1
17649 106253 1
13127 117149 1
80048 122812 1
80048 44156 1
98154 117149 1
143513 117149 1
220 20634 1
113582 20634 1
120227 153486 1
120227 71350 1
5086 49183 1
45129 44499 1
124884 8180 1
3903 635 1
8841 92399 1
127100 25033 1
127100 1543 1
127100 16357 1
127100 87315 1
6971 74425 1
2600 71568 1
2600 17552 1
57032 137286 1
12451 1543 1
149813 53349 1
3319 89860 1
107438 110668 1
109719 92399 1
109719 55360 1
41410 6889 1
74579 123623 1
11903 53206 1
44623 4932 1
34111 22588 1
34111 9010 1
34111 20634 1
103751 144655 1
8045 147147 1
140854 147147 1
6037 35899 1
102313 38715 1
6057 82633 1
8526 139454 1
8526 35899 1
71202 129679 1
71202 123623 1
106560 8638 1
8549 91033 1
8549 60096 1
13457 2103 1
128508 53058 1
77106 9446 1
58177 87262 1
6509 44499 1
150922 54851 1
1045 61633 1
149185 9010 1
72646 8793 1
72646 126906 1
78786 131743 1
5926 50550 1
5926 62509 1
77307 126501 1
152154 128007 1
5132 7015 1
47116 7015 1
85797 31430 1
127237 7015 1
78877 94444 1
76989 17854 1
5414 1383 1
5414 85623 1
60555 90168 1
134978 21259 1
134978 126055 1
51042 29822 1
8245 44499 1
140811 94451 1
140811 58298 1
154739 94248 1
147714 123623 1
130857 128247 1
76457 128247 1
76457 113891 1
129088 2929 1
129088 128007 1
116901 88508 1
81318 128247 1
50867 2081 1
137542 17465 1
110957 84830 1
110957 3579 1
77124 114695 1
77124 153066 1
2425 134956 1
3792 22307 1
3792 8724 1
88864 134956 1
69414 7795 1
82362 74424 1
3354 85118 1
141618 128245 1
141618 8180 1
49534 71123 1
49534 3763 1
94086 71568 1
47869 74140 1
47869 6516 1
122188 46221 1
122188 3780 1
13897 312 1
1710 79967 1
147314 7045 1
134969 65631 1
2934 87262 1
97954 9349 1
3267 116498 1
50922 812 1
119225 85082 1
119225 65896 1
3887 33247 1
26382 87262 1
26382 70576 1
60562 1377 1
3109 34231 1
3780 60589 1
152961 9948 1
152961 8623 1
9402 144655 1
112289 56879 1
112289 136945 1
72246 7015 1
43441 27181 1
43441 103568 1
87788 144655 1
91080 106253 1
9759 16666 1
86363 153006 1
126406 22858 1
118999 5435 1
118999 144450 1
118999 119502 1
81041 4917 1
81041 54415 1
4437 44458 1
73790 49752 1
73790 78754 1
73790 137136 1
4152 1123 1
96679 7151 1
96679 92788 1
96679 119902 1
108866 2945 1
126231 71568 1
135195 2103 1
145641 60377 1
85928 150636 1
80990 25022 1
103042 4093 1
125263 71350 1
12098 119902 1
87037 150636 1
145139 5682 1
3456 5682 1
126906 77352 1
126906 7304 1
130437 37089 1
60089 5682 1
75949 90174 1
88294 135736 1
88294 1920 1
8504 140442 1
9091 78789 1
82274 9869 1
82274 108208 1
113612 121031 1
5510 57077 1
5510 7295 1
71668 74425 1
3359 147048 1
1713 132241 1
89906 4725 1
77719 3256 1
99117 88508 1
14750 35255 1
136397 147433 1
136397 16357 1
122914 44458 1
5624 97240 1
62380 66108 1
10676 3267 1
74052 85118 1
63890 94459 1
63890 103706 1
114379 74626 1
3763 540 1
3763 8623 1
93061 137590 1
6011 65896 1
98675 50550 1
81990 85118 1
76462 97240 1
12078 19491 1
3373 95013 1
66350 12488 1
106297 17465 1
5281 17465 1
131638 7051 1
13250 66589 1
13250 88508 1
17440 88184 1
17317 104857 1
38715 97933 1
38715 67199 1
38715 118145 1
38715 8420 1
38715 38627 1
316 142211 1
316 129844 1
130891 117347 1
130891 1960 1
127599 119777 1
127599 50169 1
127599 1466 1
52797 116619 1
52797 95306 1
52797 4427 1
52797 107728 1
52797 126473 1
33646 81904 1
33646 53845 1
33646 98263 1
33646 114379 1
9461 152297 1
9461 98263 1
9461 131033 1
9461 65631 1
75619 51709 1
75619 1407 1
75619 50929 1
91640 95212 1
91640 6480 1
91640 62944 1
91640 52046 1
2849 140407 1
2849 99463 1
2849 142043 1
99364 119516 1
104302 110127 1
104302 50759 1
104302 51404 1
104302 121952 1
132158 52279 1
132158 3019 1
132158 3525 1
132158 53160 1
92654 50922 1
92654 2187 1
92654 54674 1
31752 63020 1
31752 8453 1
31752 38794 1
125574 91447 1
120849 2615 1
120849 64473 1
120849 136415 1
130158 147147 1
4806 154290 1
4806 77905 1
135381 46949 1
135381 8780 1
135381 50596 1
93597 117149 1
93597 44013 1
93597 59323 1
88752 111169 1
88752 108637 1
88752 132024 1
93975 108690 1
93975 3861 1
1229 74424 1
8193 131168 1
8193 78754 1
8193 122955 1
132120 4162 1
132120 94980 1
132120 141945 1
105731 91902 1
133587 92852 1
133587 4932 1
32609 123107 1
10505 19122 1
10505 43047 1
84575 107243 1
84575 99087 1
84575 2380 1
84575 95363 1
84575 95714 1
6230 134956 1
89798 152653 1
89798 58362 1
89798 250 1
89798 64283 1
89798 49228 1
99258 115713 1
99258 130336 1
148638 123034 1
148638 47950 1
148638 48996 1
148638 44902 1
84444 138892 1
100839 89860 1
72279 5443 1
4793 53973 1
4793 9869 1
106501 1798 1
4449 34687 1
4449 35510 1
4449 94451 1
60096 143723 1
60096 54173 1
60096 4769 1
60096 80510 1
4384 94451 1
3242 44156 1
87235 92099 1
87235 44977 1
87235 4651 1
87235 142281 1
55897 4428 1
55897 128645 1
55897 54415 1
90722 63805 1
90722 73198 1
90722 58659 1
8194 99998 1
8194 312 1
8194 806 1
8194 104024 1
8194 42353 1
108888 105831 1
108888 2086 1
108888 46182 1
108888 137249 1
140162 4651 1
140162 67440 1
140162 78324 1
91605 9010 1
91605 11925 1
91605 70026 1
66908 108693 1
66908 3331 1
66908 34700 1
99987 3256 1
99987 59094 1
99987 128003 1
9189 51573 1
9189 83353 1
75029 52172 1
75029 53206 1
42932 68495 1
42932 43008 1
42932 111181 1
117260 53349 1
524 42969 1
44049 66144 1
44049 141717 1
44049 84246 1
44049 95187 1
128097 127395 1
128097 39518 1
128097 2745 1
128097 41634 1
88593 101374 1
88593 13866 1
88593 131733 1
138519 60917 1
3244 92702 1
3244 47314 1
3244 127886 1
3244 45391 1
3244 19822 1
86367 140442 1
146400 146513 1
146400 52279 1
146400 74329 1
7120 34231 1
7120 48396 1
91066 12488 1
77059 91771 1
77059 937 1
77059 74140 1
77059 62859 1
20617 75005 1
20617 119516 1
20617 45454 1
122669 126812 1
122669 6889 1
121640 103662 1
121640 19822 1
121640 61000 1
121640 147174 1
22403 68588 1
22403 1798 1
148111 123238 1
148111 3718 1
148111 84467 1
148111 71568 1
7090 132089 1
7090 134159 1
4636 50278 1
4636 77736 1
4636 46467 1
4636 98729 1
22588 83391 1
22588 4694 1
22588 141266 1
111379 122878 1
111379 109219 1
114861 153968 1
114861 6336 1
114861 72954 1
127131 123333 1
127131 46939 1
127131 807 1
127131 50550 1
127131 135314 1
30017 66646 1
30017 53094 1
98070 102236 1
98070 25049 1
98070 66956 1
4056 137286 1
2245 37605 1
2245 9636 1
2245 131329 1
2245 24873 1
154060 114881 1
124432 42135 1
124432 5531 1
124432 44043 1
124432 131322 1
1805 82633 1
13169 93820 1
13169 119716 1
13169 4865 1
13169 151673 1
151989 3525 1
8425 9837 1
8425 46012 1
8425 33149 1
52867 97093 1
52867 44411 1
89257 35255 1
89257 20683 1
87516 113891 1
87516 64524 1
87516 6480 1
87516 66109 1
87516 51197 1
2300 152945 1
2300 146601 1
116697 47084 1
116697 12344 1
116697 48751 1
153006 58687 1
153006 52758 1
153006 118997 1
153006 28895 1
69574 120369 1
69574 3838 1
69574 6861 1
69574 81294 1
69574 112642 1
32539 111181 1
129008 52114 1
129008 48533 1
31894 53058 1
2297 120458 1
2297 96343 1
2297 18103 1
140598 71463 1
140598 27411 1
140598 3003 1
140598 30048 1
46901 20634 1
120023 100018 1
3790 103630 1
3790 140789 1
3790 61633 1
3790 107030 1
3790 67116 1
7272 47275 1
7272 73630 1
7272 98971 1
7272 95363 1
7272 95306 1
88083 89510 1
6059 27181 1
76014 141003 1
76014 94482 1
11597 144655 1
30748 34609 1
30748 27961 1
149061 27181 1
146592 116269 1
146592 53420 1
146592 58397 1
131349 32915 1
131349 24931 1
131349 128007 1
16443 128098 1
16443 55832 1
16443 12018 1
16443 18715 1
16443 97138 1
130017 102727 1
130017 1293 1
130017 38957 1
130017 149456 1
38658 134319 1
38658 123107 1
38658 82988 1
10802 46203 1
10802 806 1
10802 60917 1
47837 69855 1
47837 47582 1
47837 70272 1
47837 101854 1
94778 85932 1
94778 23323 1
122634 60917 1
122634 2132 1
11473 84525 1
11473 11354 1
11473 74992 1
11473 62634 1
12099 60917 1
12099 47521 1
3774 140995 1
3774 44458 1
3774 68049 1
5515 57635 1
5515 43135 1
73380 103662 1
73380 52903 1
76862 91447 1
76862 105516 1
76862 257 1
76862 109135 1
4438 11046 1
4438 66375 1
4438 16519 1
39496 149123 1
39496 9349 1
124002 38154 1
124002 1466 1
28247 139511 1
28247 9349 1
28247 17565 1
11146 92713 1
11146 6020 1
11146 15697 1
97049 101374 1
145455 116353 1
145455 6889 1
145455 117363 1
3297 97144 1
3297 153968 1
3297 104115 1
3297 143452 1
3297 45673 1
151282 150576 1
151282 6889 1
151282 124113 1
4917 54123 1
4917 153006 1
4917 50944 1
4917 34461 1
4917 64574 1
124616 123107 1
124616 47394 1
46271 7113 1
46271 14111 1
118881 134646 1
118881 10266 1
118881 135699 1
118881 46467 1
61430 71776 1
61430 43983 1
61430 7017 1
61430 44772 1
61430 131704 1
137755 147048 1
7552 9343 1
7552 106253 1
136615 88508 1
35637 13873 1
35637 46120 1
35637 97446 1
35637 87516 1
134874 106253 1
74626 146592 1
74626 28804 1
74626 29626 1
74626 121907 1
10209 49047 1
10209 107554 1
10209 81908 1
10209 39070 1
3559 130032 1
3559 152628 1
47084 148708 1
47084 51970 1
47084 3833 1
47084 63236 1
47084 77181 1
90601 8929 1
90601 57113 1
90601 129534 1
125036 92606 1
125036 1466 1
125036 13874 1
125036 150535 1
129151 9387 1
129151 58672 1
1189 101486 1
1189 36782 1
1189 20145 1
79534 57162 1
79534 899 1
79534 57903 1
79534 117737 1
147433 100736 1
147433 38514 1
147433 4806 1
147433 113217 1
92833 835 1
92833 52442 1
117975 132887 1
117975 66486 1
117975 9198 1
117975 68318 1
117975 135144 1
3983 103401 1
3983 104041 1
3983 151537 1
3983 143186 1
3983 104808 1
91033 89844 1
91033 39076 1
91033 5167 1
91033 131095 1
84006 23434 1
84006 1466 1
84006 150716 1
105069 143186 1
7132 11508 1
7132 131898 1
59804 65832 1
59804 4152 1
73198 96674 1
73198 88494 1
73198 127755 1
7040 143186 1
7040 50759 1
7040 58823 1
2958 147048 1
55188 143186 1
3705 45631 1
3705 12136 1
110601 87509 1
110601 78754 1
67076 74452 1
67076 55131 1
63009 145749 1
63009 94516 1
63009 13660 1
63009 44432 1
144836 12136 1
144836 16666 1
144836 110512 1
144836 151937 1
4664 37523 1
4664 12136 1
96937 2356 1
96937 134133 1
96937 109250 1
1140 100018 1
113891 97966 1
113891 20848 1
48984 40924 1
48984 457 1
48984 146910 1
3718 21438 1
3718 120832 1
3718 14940 1
96600 68843 1
96600 44156 1
96600 64368 1
96600 135292 1
96600 71731 1
65324 72279 1
65324 71731 1
3874 71731 1
3874 153370 1
78094 91900 1
78094 93833 1
78094 5682 1
78094 137225 1
78094 137990 1
53396 143186 1
53396 43643 1
53396 9432 1
53396 44411 1
91698 2942 1
91698 14106 1
91698 41709 1
91698 56879 1
8447 35265 1
71123 98914 1
71123 3990 1
112361 122936 1
112361 9343 1
112361 13949 1
112361 99543 1
112361 69204 1
145440 117578 1
145440 52274 1
145440 1029 1
145440 53865 1
69742 57219 1
69742 3790 1
69742 57712 1
69742 142335 1
117288 112318 1
117288 69765 1
72022 77166 1
72022 87581 1
72022 7248 1
72022 97698 1
61346 147167 1
61346 986 1
61346 141642 1
27334 139608 1
27334 5417 1
27334 124206 1
27334 43966 1
69123 118969 1
69123 38769 1
69123 93525 1
70576 97644 1
70576 52719 1
70576 12257 1
70576 53520 1
70576 50717 1
82101 97109 1
82101 56429 1
82101 15039 1
82101 60359 1
82101 97016 1
132465 132449 1
132465 45647 1
132465 6150 1
8854 129679 1
8854 98690 1
8854 51788 1
8854 29443 1
2330 22520 1
2330 1243 1
2330 89704 1
2330 105532 1
132905 84650 1
132905 114851 1
132905 12723 1
132905 146638 1
55140 74425 1
55140 6124 1
55140 89906 1
9690 146649 1
9690 98284 1
9690 107243 1
2722 95228 1
2722 56529 1
2722 8218 1
84549 8180 1
82080 45609 1
82080 52331 1
82080 137435 1
73375 56879 1
64448 90447 1
64448 35265 1
80009 4651 1
92622 85427 1
92622 116197 1
92622 66938 1
121427 102760 1
121427 26988 1
121427 2082 1
121427 27627 1
150297 84079 1
5794 77352 1
102247 45052 1
102247 79890 1
102247 112318 1
6492 11508 1
6492 48466 1
93509 144803 1
93509 1485 1
67394 31610 1
67394 8793 1
28884 95642 1
28884 11508 1
28884 100472 1
131981 79967 1
112830 123894 1
112830 8638 1
112830 110138 1
112830 60769 1
139961 52057 1
139961 7151 1
139961 7821 1
139961 137136 1
3596 95889 1
73236 148647 1
73236 37667 1
73236 6986 1
63931 52321 1
63931 123150 1
63931 19744 1
63931 99866 1
63931 120199 1
8219 9725 1
54598 101075 1
54598 1876 1
54598 34252 1
120544 102295 1
120544 29751 1
120544 30869 1
120544 135877 1
2855 23158 1
2855 6448 1
2855 33237 1
9185 140442 1
10008 109234 1
45397 61345 1
3613 86257 1
3613 60676 1
3613 131954 1
85543 4651 1
85543 25481 1
85543 73312 1
99471 119629 1
99471 33599 1
99471 4804 1
99471 36004 1
7295 17138 1
7295 151037 1
7295 70425 1
7295 80040 1
55852 46101 1
55852 41803 1
8951 144450 1
31564 9349 1
14154 144450 1
14154 90882 1
14154 39483 1
107976 94650 1
107976 35823 1
107976 2313 1
107976 36694 1
121313 144450 1
128954 5515 1
128954 43735 1
128954 136362 1
6260 84435 1
9552 91902 1
9552 44156 1
45130 64977 1
45130 12136 1
45130 123373 1
45130 82013 1
86914 95889 1
121734 101956 1
121734 44369 1
87692 84435 1
6480 104598 1
6480 6175 1
6480 74706 1
135314 99087 1
135314 122089 1
88316 100104 1
88316 61530 1
100503 115610 1
100503 46279 1
100503 4088 1
100503 139529 1
2311 49637 1
2311 61676 1
2311 100400 1
2311 59004 1
70210 79796 1
70210 35822 1
70210 3685 1
70210 37489 1
82397 107339 1
82397 1989 1
82397 95889 1
2945 100545 1
2945 57800 1
2945 110109 1
8168 83271 1
8168 135699 1
121810 61788 1
121810 128627 1
97436 8793 1
97436 70859 1
31278 138085 1
31278 147646 1
31278 3763 1
31278 34849 1
1439 86255 1
1439 31792 1
1439 133380 1
1439 9010 1
1439 52734 1
74686 52279 1
113984 25857 1
113984 9010 1
113984 17953 1
59725 50169 1
59725 3760 1
136329 97536 1
136329 47871 1
136329 5000 1
136329 48748 1
136329 119435 1
10799 117605 1
10799 60695 1
10799 75801 1
10799 38138 1
101593 104857 1
30212 6968 1
135011 71463 1
9659 6968 1
9659 81353 1
9659 17014 1
33609 6968 1
122979 153472 1
122979 12122 1
122979 36009 1
122979 108315 1
122979 138335 1
132568 82633 1
132568 140526 1
79555 148 1
79555 32683 1
79555 141350 1
135267 40029 1
135267 89924 1
135267 84596 1
75594 51788 1
107531 51788 1
107531 41323 1
9259 13660 1
9259 89187 1
9259 34973 1
92895 116498 1
23255 119962 1
23255 103741 1
136420 110899 1
136420 61345 1
136420 136041 1
42448 59426 1
42448 27952 1
6236 73571 1
6236 128414 1
6236 3760 1
6236 79621 1
6236 76021 1
75457 84596 1
75457 1508 1
75457 149785 1
60006 115064 1
60006 117975 1
60006 100063 1
60006 24411 1
60006 106632 1
11258 108208 1
36109 76788 1
36109 27443 1
36109 22973 1
3030 2543 1
3030 122128 1
73309 4917 1
43712 61193 1
43712 137091 1
43712 5557 1
43712 145796 1
43712 119711 1
63561 34231 1
54856 55500 1
54856 113027 1
54856 6718 1
54856 149995 1
54136 153006 1
54136 3613 1
3647 89709 1
3647 97880 1
3647 18688 1
3647 8793 1
4679 69187 1
4679 8793 1
4679 117709 1
4679 10093 1
131772 8793 1
131772 18542 1
131772 94137 1
2851 116498 1
98245 116498 1
29500 111181 1
119195 111181 1
62709 112839 1
62709 111181 1
138539 2103 1
106442 96992 1
106442 44823 1
150933 42401 1
150933 44970 1
150933 41892 1
1493 44213 1
1493 63199 1
1493 123638 1
1493 130530 1
1493 42378 1
3958 8623 1
62704 137286 1
38330 131930 1
38330 8279 1
38330 8623 1
117605 134240 1
117605 116048 1
117605 146710 1
117605 65111 1
77278 91182 1
77278 40518 1
62927 149769 1
62927 40916 1
62927 42034 1
