146729 19951 1
146729 7415 1
146729 83199 1
146729 104330 1
146729 136330 1
136330 146729 1
7415 53230 1
7415 4485 1
7415 146729 1
7415 146991 1
7415 99589 1
83199 140129 1
83199 146729 1
104330 146729 1
19951 146729 1
146991 91466 1
146991 93490 1
146991 14665 1
146991 18644 1
146991 101619 1
4485 31036 1
4485 146776 1
4485 95449 1
4485 131357 1
4485 66394 1
53230 105767 1
53230 99616 1
53230 19811 1
53230 21259 1
53230 105389 1
140129 68499 1
140129 112076 1
140129 20373 1
140129 24880 1
140129 72775 1
99589 82060 1
99589 117360 1
99589 30836 1
99589 33604 1
99589 89531 1
82060 99589 1
24880 140129 1
105767 53230 1
93490 146991 1
93490 130384 1
20373 88673 1
20373 52156 1
20373 14470 1
20373 73473 1
20373 139199 1
101619 23549 1
101619 100991 1
101619 38608 1
101619 56776 1
101619 105623 1
68499 8425 1
68499 99261 1
68499 57304 1
68499 119877 1
68499 86988 1
31036 107388 1
31036 4485 1
31036 87553 1
91466 146991 1
30836 99589 1
30836 52880 1
30836 91446 1
30836 136675 1
66394 4485 1
146776 4485 1
33604 99589 1
33604 1439 1
33604 135320 1
33604 82109 1
33604 126550 1
89531 150533 1
89531 3402 1
89531 99589 1
131357 4485 1
95449 4485 1
18644 146991 1
18644 109277 1
18644 15758 1
18644 49771 1
18644 144896 1
14665 74660 1
14665 79317 1
14665 146590 1
14665 49493 1
14665 141802 1
117360 99589 1
99616 52152 1
99616 147734 1
99616 15187 1
99616 18368 1
99616 56327 1
72775 108553 1
72775 52116 1
72775 140129 1
72775 98352 1
72775 82871 1
19811 87710 1
19811 76896 1
19811 14899 1
19811 18612 1
19811 33480 1
105389 102187 1
105389 53230 1
21259 111275 1
21259 47087 1
21259 16550 1
21259 33664 1
21259 34483 1
112076 62253 1
112076 131028 1
112076 13895 1
112076 17506 1
112076 81359 1
141802 64705 1
141802 112567 1
141802 14665 1
141802 23329 1
141802 74424 1
18612 19811 1
18612 71447 1
18612 115415 1
18612 125005 1
18612 123153 1
79317 15357 1
79317 141713 1
79317 48724 1
79317 56126 1
79317 118866 1
74660 100096 1
74660 93205 1
74660 21370 1
74660 22182 1
74660 148624 1
52156 26745 1
52156 7551 1
52156 99361 1
52156 53707 1
52156 39174 1
56327 65317 1
56327 111741 1
56327 15107 1
56327 21497 1
56327 143406 1
144896 49619 1
144896 18644 1
144896 133005 1
144896 126728 1
144896 114606 1
23549 26814 1
23549 72618 1
23549 115843 1
23549 90633 1
23549 149316 1
49771 98263 1
49771 123872 1
49771 125891 1
49771 23226 1
49771 104730 1
108553 42376 1
108553 87259 1
108553 119786 1
108553 16699 1
108553 51435 1
147734 75021 1
147734 142608 1
147734 16800 1
147734 19619 1
147734 89438 1
15758 14899 1
15758 92500 1
15758 56842 1
15758 19341 1
15758 18644 1
73473 153543 1
73473 20373 1
73473 153012 1
3402 6602 1
3402 48205 1
3402 5162 1
3402 67076 1
3402 9812 1
81359 152880 1
81359 23979 1
81359 112076 1
81359 55654 1
81359 95900 1
13895 112076 1
131028 112076 1
87553 88088 1
87553 154393 1
87553 29143 1
87553 47085 1
87553 114599 1
150533 53272 1
150533 79811 1
150533 111362 1
150533 10184 1
150533 57132 1
34483 12713 1
34483 4932 1
34483 147805 1
34483 141820 1
34483 141049 1
139199 20373 1
16550 21259 1
109277 28680 1
109277 18644 1
109277 112397 1
109277 128493 1
109277 70859 1
15187 151996 1
15187 99616 1
15187 102794 1
15187 84730 1
15187 61263 1
47087 153894 1
47087 103546 1
47087 18103 1
47087 19266 1
47087 53553 1
52116 72775 1
52116 94698 1
52116 21202 1
52116 22483 1
52116 82871 1
107388 76893 1
107388 121726 1
107388 15795 1
107388 21737 1
107388 89499 1
17506 112076 1
102187 138056 1
102187 107213 1
102187 27509 1
102187 35673 1
102187 141657 1
14899 66118 1
14899 144511 1
14899 19206 1
14899 24713 1
14899 125005 1
56776 107029 1
56776 87264 1
56776 13873 1
56776 18789 1
56776 106889 1
82109 80255 1
82109 80392 1
82109 21609 1
82109 27694 1
82109 134158 1
87710 19811 1
87710 145045 1
87710 53997 1
87710 60120 1
87710 147119 1
82871 74424 1
82871 81718 1
82871 22169 1
82871 28604 1
82871 109068 1
98352 71448 1
98352 126398 1
98352 18342 1
98352 22234 1
98352 75595 1
62253 112076 1
86988 96539 1
86988 110333 1
86988 36212 1
86988 41789 1
86988 139981 1
18368 99616 1
119877 55584 1
119877 99869 1
119877 130905 1
119877 16072 1
119877 64219 1
99261 90834 1
99261 92151 1
99261 21759 1
99261 23348 1
99261 95569 1
49493 57923 1
49493 139109 1
49493 16376 1
49493 23867 1
49493 145571 1
146590 91859 1
146590 143186 1
146590 36270 1
146590 38820 1
146590 100545 1
8425 20298 1
8425 83455 1
8425 68499 1
8425 116825 1
8425 22243 1
135320 75293 1
135320 131538 1
135320 25782 1
135320 32140 1
135320 81981 1
33664 21259 1
105623 90598 1
105623 135282 1
105623 26711 1
105623 38161 1
105623 94778 1
100991 39636 1
100991 70209 1
100991 151794 1
100991 8147 1
100991 151802 1
130384 72487 1
130384 120355 1
130384 22849 1
130384 25111 1
130384 79826 1
111275 71365 1
111275 21259 1
126550 75987 1
126550 118493 1
126550 12449 1
126550 21198 1
126550 79384 1
76896 55759 1
76896 107749 1
76896 9353 1
76896 13361 1
76896 67143 1
91446 153006 1
91446 151958 1
91446 36978 1
91446 45743 1
91446 92826 1
14470 20373 1
14470 56842 1
57304 47034 1
57304 78093 1
57304 7588 1
57304 10491 1
57304 52526 1
88673 20373 1
33480 70701 1
33480 80468 1
33480 17642 1
33480 19811 1
33480 122682 1
52880 104906 1
52880 80999 1
52880 19509 1
52880 22922 1
52880 67008 1
38608 26716 1
38608 71215 1
38608 106245 1
38608 119176 1
38608 101988 1
136675 77453 1
136675 146513 1
136675 22967 1
136675 26673 1
136675 80430 1
1439 85329 1
1439 106066 1
1439 17298 1
1439 70934 1
1439 57614 1
52152 98927 1
52152 99616 1
79826 130384 1
41789 86988 1
22849 84550 1
22849 151370 1
22849 19162 1
22849 41985 1
22849 58625 1
123872 29235 1
123872 138226 1
123872 65514 1
123872 110478 1
123872 134145 1
57614 77322 1
57614 114538 1
57614 11218 1
57614 18589 1
57614 153112 1
72487 130384 1
72487 16443 1
72487 150643 1
72487 57363 1
94778 36128 1
94778 95013 1
94778 91039 1
94778 9724 1
94778 92918 1
90598 32809 1
90598 121614 1
90598 140129 1
90598 91931 1
90598 94778 1
81981 135320 1
81981 43815 1
81981 145770 1
81981 51902 1
32140 99866 1
32140 60237 1
32140 58469 1
32140 9593 1
32140 124961 1
12449 126550 1
25782 63414 1
25782 59802 1
25782 129933 1
25782 65400 1
25782 84918 1
96539 49198 1
96539 83379 1
96539 148874 1
96539 21520 1
96539 52258 1
75293 119117 1
75293 135320 1
75293 106486 1
75293 92314 1
22243 92653 1
22243 98062 1
22243 49101 1
22243 13163 1
22243 33359 1
148624 74660 1
119176 78754 1
119176 119599 1
119176 17932 1
119176 19018 1
119176 90397 1
20298 8425 1
151996 57924 1
151996 120345 1
151996 5312 1
151996 15187 1
151996 76258 1
23979 107491 1
23979 71650 1
23979 153360 1
23979 147491 1
23979 105132 1
85329 1439 1
143186 47956 1
143186 89684 1
143186 145640 1
143186 16597 1
143186 54117 1
90834 99261 1
90834 136835 1
91859 41821 1
91859 806 1
91859 119810 1
91859 130756 1
91859 97536 1
23867 152380 1
23867 133624 1
23867 19949 1
23867 21607 1
23867 100673 1
95569 78080 1
95569 144123 1
95569 9759 1
95569 21399 1
95569 86870 1
23348 99261 1
23348 8912 1
23348 104022 1
23348 85682 1
57923 62143 1
57923 49493 1
5162 106291 1
5162 3402 1
5162 37694 1
5162 28849 1
92151 122612 1
92151 42852 1
92151 99261 1
92151 132447 1
92151 132510 1
26711 22862 1
26711 1668 1
26711 105623 1
26711 72117 1
26711 116896 1
133005 53858 1
133005 130950 1
133005 12645 1
133005 19509 1
133005 63479 1
93205 112915 1
93205 74660 1
74424 45031 1
74424 124432 1
74424 97907 1
74424 10978 1
74424 50503 1
51435 121743 1
51435 59448 1
51435 9690 1
51435 28921 1
51435 123416 1
115843 80714 1
115843 116215 1
115843 18828 1
115843 23549 1
115843 89286 1
22182 49813 1
22182 74660 1
19619 118657 1
19619 150257 1
19619 85012 1
19619 120988 1
19619 53876 1
26745 119924 1
26745 46975 1
26745 10302 1
26745 22001 1
26745 40386 1
76893 107388 1
90633 70899 1
90633 23549 1
90633 30048 1
118493 126550 1
118493 21198 1
118493 82400 1
18342 80715 1
18342 64458 1
18342 18002 1
18342 151944 1
18342 82132 1
15357 87707 1
15357 7113 1
15357 154012 1
15357 44284 1
15357 79317 1
154393 87553 1
141657 23306 1
141657 115515 1
141657 84690 1
141657 6448 1
141657 86979 1
48724 102848 1
48724 9180 1
48724 121270 1
48724 107388 1
48724 79317 1
153012 87395 1
153012 151463 1
153012 26733 1
153012 36448 1
153012 100502 1
29143 87553 1
27509 29300 1
27509 70757 1
27509 140930 1
27509 120965 1
27509 97479 1
48205 101022 1
48205 84170 1
48205 16484 1
48205 20400 1
48205 123356 1
55584 80533 1
55584 1684 1
55584 119877 1
39174 71984 1
39174 89585 1
39174 22433 1
39174 23979 1
39174 89120 1
75987 126550 1
23226 114090 1
23226 114793 1
23226 18976 1
23226 70656 1
23226 154808 1
61263 69002 1
61263 90621 1
61263 15187 1
61263 21377 1
61263 147376 1
99869 29896 1
99869 108186 1
99869 134413 1
99869 9719 1
99869 103548 1
27694 82109 1
27694 99107 1
104906 52880 1
126398 26030 1
126398 95577 1
126398 57614 1
126398 74375 1
126398 113612 1
80999 55688 1
80999 100904 1
80999 118003 1
80999 18844 1
80999 60284 1
53707 150055 1
53707 152172 1
53707 14449 1
53707 19142 1
53707 108458 1
12713 127241 1
12713 106426 1
12713 62851 1
12713 32897 1
12713 109631 1
72618 23549 1
79384 89661 1
79384 29781 1
79384 126550 1
79384 127701 1
145045 87710 1
126728 88215 1
126728 89111 1
126728 13835 1
126728 21261 1
126728 98618 1
92500 21619 1
92500 111297 1
92500 51072 1
92500 58489 1
92500 146884 1
151802 85513 1
151802 151105 1
151802 23162 1
151802 27705 1
151802 88633 1
22967 136675 1
56842 78257 1
56842 91477 1
56842 17106 1
56842 20117 1
56842 68748 1
98927 90995 1
98927 95170 1
98927 20774 1
98927 24172 1
98927 98204 1
119786 114379 1
119786 66514 1
119786 108553 1
152880 74356 1
152880 154808 1
152880 15268 1
152880 21036 1
152880 81359 1
55654 72225 1
55654 118445 1
55654 14338 1
55654 15449 1
55654 124352 1
110333 22302 1
110333 126812 1
110333 64568 1
110333 69123 1
110333 92606 1
135282 35896 1
135282 68730 1
135282 137334 1
135282 7841 1
135282 140789 1
70209 103048 1
70209 118344 1
70209 18644 1
70209 28149 1
70209 128653 1
112397 83109 1
112397 136575 1
112397 19182 1
112397 26030 1
112397 98586 1
95900 134659 1
95900 152385 1
95900 24189 1
95900 26173 1
95900 129168 1
114606 99003 1
114606 145683 1
114606 31199 1
114606 35896 1
114606 109366 1
88088 87553 1
79811 150533 1
79811 47971 1
125005 89045 1
125005 128055 1
125005 23430 1
125005 25906 1
125005 97057 1
116825 106630 1
116825 108624 1
116825 17138 1
116825 30017 1
116825 113428 1
39636 61712 1
39636 93532 1
39636 7224 1
39636 9286 1
39636 109718 1
6602 3402 1
10184 92291 1
10184 108920 1
10184 150533 1
10184 59163 1
111362 16800 1
111362 135295 1
111362 58847 1
111362 62273 1
111362 150077 1
94698 52116 1
151958 116083 1
151958 42923 1
151958 91446 1
28680 129737 1
28680 137136 1
28680 9797 1
28680 22748 1
28680 81858 1
47085 87553 1
47085 22727 1
141820 60849 1
141820 113232 1
141820 15697 1
141820 21655 1
141820 62273 1
112567 121884 1
112567 138085 1
112567 31430 1
112567 34782 1
112567 126376 1
71447 150663 1
71447 86771 1
71447 12394 1
71447 13887 1
71447 84632 1
57132 26579 1
57132 89086 1
57132 132977 1
57132 111017 1
57132 97630 1
141049 133589 1
141049 136829 1
141049 17739 1
141049 34093 1
141049 145385 1
70701 33480 1
104730 76894 1
104730 123326 1
104730 20931 1
104730 33753 1
104730 86651 1
21609 124404 1
21609 131898 1
21609 16925 1
21609 19144 1
21609 81468 1
67008 52880 1
102794 77573 1
102794 145386 1
102794 20973 1
102794 26086 1
102794 86493 1
55759 112774 1
55759 76896 1
106066 67365 1
106066 114334 1
106066 29181 1
106066 30153 1
106066 75807 1
100096 74660 1
19341 66225 1
19341 55548 1
19341 11588 1
19341 14766 1
19341 126469 1
107749 78628 1
107749 76896 1
70934 2964 1
70934 81332 1
70934 32333 1
70934 46239 1
70934 149209 1
13361 76896 1
153006 11925 1
153006 82347 1
153006 107438 1
153006 4507 1
153006 61193 1
114599 87553 1
87259 136329 1
87259 121999 1
87259 33742 1
87259 37305 1
87259 125600 1
45743 91446 1
45743 38895 1
47034 34748 1
47034 153640 1
47034 97536 1
47034 141287 1
47034 84170 1
7588 153640 1
7588 152945 1
7588 10503 1
7588 5478 1
7588 92291 1
106889 56776 1
9812 27739 1
9812 143483 1
9812 102739 1
9812 39976 1
9812 97193 1
80430 100740 1
80430 136675 1
10491 92222 1
10491 59329 1
10491 52611 1
10491 96386 1
10491 22858 1
80468 33480 1
147805 89917 1
147805 90272 1
147805 20043 1
147805 21841 1
147805 100201 1
122682 33480 1
75021 147734 1
52526 123548 1
52526 148900 1
52526 18277 1
52526 20378 1
52526 80931 1
9353 76896 1
26716 124762 1
26716 138085 1
26716 88494 1
26716 11122 1
26716 95793 1
66118 34273 1
66118 13090 1
66118 69195 1
66118 14899 1
100545 46183 1
100545 76945 1
100545 120798 1
100545 11915 1
100545 50887 1
22922 86261 1
22922 52880 1
22922 94605 1
22922 73465 1
144511 90011 1
144511 14899 1
144511 85797 1
24713 145645 1
24713 14828 1
24713 14899 1
25111 98374 1
25111 135640 1
25111 153858 1
25111 62735 1
25111 130384 1
106245 38608 1
106245 76698 1
106245 120458 1
106245 9341 1
106245 128120 1
77453 136675 1
77453 18249 1
77453 145861 1
77453 140442 1
26673 136675 1
26673 1164 1
26673 103558 1
26673 120544 1
26673 54123 1
71448 98352 1
17298 81020 1
17298 71998 1
17298 73612 1
17298 45421 1
17298 83172 1
36978 91446 1
153543 82730 1
153543 154084 1
153543 34183 1
153543 36547 1
153543 98214 1
139981 64429 1
139981 23852 1
139981 149731 1
139981 106105 1
139981 104383 1
98263 18934 1
98263 150493 1
98263 130891 1
98263 6657 1
98263 56022 1
4932 28486 1
4932 130253 1
4932 116383 1
4932 12907 1
4932 20177 1
16699 108553 1
75595 62859 1
75595 107339 1
75595 12744 1
75595 17838 1
75595 66719 1
21198 23800 1
21198 126550 1
21198 10254 1
21198 116620 1
21198 27443 1
89499 107388 1
19509 133005 1
19509 52880 1
65317 74593 1
65317 22730 1
65317 132573 1
65317 56327 1
65317 96397 1
49619 62502 1
49619 130420 1
49619 17370 1
49619 20467 1
49619 127148 1
53997 96782 1
53997 104593 1
53997 87710 1
53997 89167 1
53997 54284 1
21759 99261 1
21759 18403 1
21759 74857 1
21759 65657 1
120355 130384 1
120355 69750 1
111741 81280 1
111741 140942 1
111741 19038 1
111741 29520 1
111741 85365 1
13873 104111 1
13873 136397 1
13873 118012 1
13873 64524 1
13873 14515 1
8147 142884 1
8147 83531 1
8147 41458 1
8147 118764 1
8147 103465 1
145571 40283 1
145571 121515 1
145571 83271 1
145571 89709 1
145571 107021 1
19206 106038 1
19206 123831 1
19206 14899 1
19206 25350 1
19206 66368 1
92826 91446 1
92826 19949 1
92826 55561 1
87264 11660 1
87264 112915 1
87264 40899 1
87264 56776 1
87264 151261 1
101988 42254 1
101988 76862 1
101988 124774 1
101988 13293 1
101988 47786 1
67143 76896 1
67143 6016 1
128493 70353 1
128493 134217 1
128493 9690 1
128493 17313 1
128493 81986 1
84730 132695 1
84730 149476 1
84730 17449 1
84730 24790 1
84730 150678 1
53272 150533 1
21370 74660 1
70859 150297 1
70859 90215 1
70859 19947 1
70859 25164 1
70859 84002 1
38820 146590 1
38820 84596 1
67076 88603 1
67076 136211 1
67076 22068 1
67076 24760 1
67076 101287 1
21737 107388 1
21737 2813 1
21737 142811 1
21737 41005 1
21737 82700 1
56126 79317 1
71215 38608 1
139109 49493 1
139109 19412 1
139109 106248 1
139109 148801 1
139109 128223 1
123153 24560 1
123153 127658 1
123153 72466 1
123153 96337 1
123153 101561 1
26814 31523 1
26814 9021 1
26814 23549 1
21497 56327 1
21497 75310 1
118866 62652 1
118866 110554 1
118866 12078 1
118866 17396 1
118866 66852 1
143406 60213 1
143406 91599 1
143406 145473 1
143406 15913 1
143406 69781 1
89438 101407 1
89438 91519 1
89438 21455 1
89438 37954 1
89438 89893 1
142608 147734 1
142608 55942 1
16800 44823 1
16800 74987 1
16800 137116 1
16800 8562 1
16800 130209 1
149316 21023 1
149316 140182 1
149316 68021 1
149316 83271 1
149316 99538 1
103546 6060 1
103546 116355 1
103546 69889 1
103546 78174 1
103546 143674 1
7551 26693 1
7551 119110 1
7551 100545 1
7551 152322 1
7551 82381 1
131538 31849 1
131538 62105 1
131538 123164 1
131538 11694 1
131538 125849 1
42376 83627 1
42376 144879 1
42376 18383 1
42376 37792 1
42376 108553 1
115415 90099 1
115415 137329 1
115415 9432 1
115415 22252 1
115415 103549 1
125891 38244 1
125891 60555 1
125891 122693 1
125891 11971 1
125891 149555 1
141713 79317 1
71365 32655 1
71365 71290 1
71365 40567 1
71365 46460 1
71365 154575 1
153894 19490 1
153894 83895 1
153894 39769 1
153894 49474 1
153894 94054 1
18103 32285 1
18103 125771 1
18103 26089 1
18103 7113 1
18103 131538 1
36212 86988 1
19266 75949 1
19266 103561 1
19266 154497 1
19266 130155 1
19266 69175 1
130905 21786 1
130905 99107 1
130905 47253 1
130905 60188 1
130905 120531 1
15107 56327 1
28604 107021 1
28604 154684 1
28604 29561 1
28604 13262 1
28604 141802 1
78093 24468 1
78093 149388 1
78093 38138 1
78093 47869 1
78093 120199 1
99361 130893 1
99361 138125 1
99361 23158 1
99361 42376 1
99361 100825 1
53553 47087 1
60120 87710 1
21202 52116 1
22483 142383 1
22483 120666 1
22483 19687 1
22483 20271 1
22483 60855 1
80392 82109 1
80392 50733 1
80392 117975 1
121726 107388 1
121726 75383 1
121726 154400 1
121726 119213 1
121726 117860 1
15795 50759 1
15795 15997 1
15795 82962 1
15795 28783 1
15795 96337 1
83455 31963 1
83455 8425 1
83455 110064 1
83455 19705 1
138056 102187 1
17642 33480 1
151794 24077 1
151794 84703 1
151794 47253 1
151794 49254 1
151794 112765 1
107213 154732 1
107213 102187 1
35673 46771 1
35673 97000 1
35673 102187 1
36270 95753 1
36270 111972 1
36270 127414 1
36270 13164 1
36270 52878 1
107029 56776 1
18789 136834 1
18789 127205 1
18789 47306 1
18789 124113 1
18789 85298 1
146513 77381 1
146513 133863 1
146513 13461 1
146513 25103 1
146513 84453 1
80255 77864 1
80255 55823 1
80255 82109 1
80255 89581 1
80255 138758 1
147119 101837 1
147119 69912 1
147119 87710 1
23329 82710 1
23329 12512 1
23329 141802 1
23329 30463 1
23329 61592 1
16376 152370 1
16376 11799 1
16376 49493 1
16376 90961 1
16376 23502 1
81718 9593 1
81718 128898 1
81718 47041 1
81718 50833 1
81718 133216 1
22169 82871 1
22169 61848 1
22169 112774 1
64705 36295 1
64705 97880 1
64705 95611 1
64705 152407 1
64705 104244 1
109068 56327 1
109068 26763 1
109068 79018 1
109068 95210 1
109068 82871 1
22234 107681 1
22234 123255 1
22234 23944 1
22234 118284 1
22234 52944 1
16072 56254 1
16072 56057 1
16072 15865 1
16072 120708 1
16072 108866 1
38161 83367 1
38161 69359 1
38161 21355 1
38161 25655 1
38161 70957 1
134158 80402 1
134158 33024 1
134158 90636 1
134158 104598 1
134158 82109 1
64219 59508 1
64219 74992 1
64219 14877 1
64219 23162 1
64219 143750 1
153640 67365 1
12907 4932 1
12907 102848 1
125600 87259 1
21841 147805 1
66225 19341 1
77573 102794 1
136829 141049 1
19144 10503 1
73465 9759 1
33753 134413 1
20931 104730 1
123326 13873 1
145385 141049 1
123164 47786 1
133863 146513 1
17739 141049 1
114334 24760 1
114334 89661 1
111017 52878 1
22748 28680 1
13887 71447 1
18002 18342 1
9797 132510 1
9797 28680 1
85513 150533 1
85513 151802 1
21655 141820 1
42923 29781 1
98204 98927 1
150077 15268 1
20043 147805 1
143750 64219 1
152370 16376 1
106426 12713 1
97630 149316 1
97630 7588 1
114090 23226 1
9286 124113 1
9286 39636 1
19162 22849 1
61712 22483 1
11915 95013 1
121999 87259 1
38244 125891 1
75383 121726 1
109366 114606 1
59163 10184 1
59163 33024 1
31199 114606 1
145683 114606 1
41985 22849 1
30463 23329 1
85012 19619 1
25350 19206 1
123831 19206 1
44823 114379 1
24189 95900 1
34782 112567 1
98586 112397 1
21261 126728 1
103561 75949 1
103561 118003 1
136575 112397 1
129168 95900 1
153858 25111 1
83109 112397 1
128653 53230 1
128653 103048 1
128653 117860 1
39769 153894 1
130950 133005 1
127658 14828 1
127658 123153 1
56057 16072 1
108624 116825 1
145386 102794 1
92606 19144 1
82730 153543 1
5312 151996 1
86651 104730 1
89120 39174 1
36448 153012 1
126812 137334 1
24760 65400 1
24760 60555 1
124352 55654 1
97193 9812 1
14338 55654 1
118445 55654 1
23800 21198 1
29561 28604 1
113428 116825 1
15268 152880 1
15268 150077 1
15268 54284 1
152172 53707 1
66514 94778 1
103549 115415 1
95170 98927 1
30153 24760 1
90995 98927 1
20117 56842 1
97479 27509 1
73612 17298 1
17106 56842 1
21455 89438 1
27705 19182 1
59802 99869 1
59802 22243 1
146884 153006 1
76894 104730 1
121884 112567 1
69123 24468 1
69123 95753 1
81468 21609 1
58489 92500 1
140789 153360 1
140789 99869 1
42852 142383 1
66719 75595 1
84002 70859 1
51072 92500 1
92222 60284 1
92222 104593 1
92222 18589 1
96337 123153 1
96337 15795 1
21619 92500 1
58625 22849 1
59448 108553 1
59448 51435 1
132695 84730 1
98618 118284 1
98618 126728 1
13835 126728 1
13835 84703 1
89111 126728 1
69359 20271 1
89661 5478 1
62851 12713 1
37305 87259 1
14766 19341 1
127241 12713 1
19142 53707 1
14449 53707 1
23502 16376 1
150055 53707 1
18844 80999 1
118003 80999 1
57924 151996 1
26086 102794 1
113612 151370 1
24172 98927 1
26030 135282 1
26030 85682 1
9719 99869 1
21377 61263 1
70757 27509 1
152385 95900 1
84453 136675 1
84453 146513 1
86493 102794 1
153360 23979 1
153360 140789 1
69002 61263 1
24560 123153 1
133624 23867 1
32897 12713 1
89684 143186 1
126376 112567 1
107491 23979 1
120345 151996 1
62735 25111 1
78754 119176 1
150257 19619 1
22727 118012 1
90621 61263 1
75807 62859 1
75807 16597 1
75807 100545 1
152380 23867 1
98062 22243 1
13293 101988 1
13293 7841 1
13293 89709 1
22433 39174 1
90099 115415 1
152945 10503 1
19018 98374 1
19018 119176 1
68730 98263 1
119599 149209 1
134413 33753 1
64458 18342 1
81332 70934 1
17138 145473 1
41005 18589 1
82381 7551 1
124961 14877 1
40386 26745 1
147376 61263 1
119924 26745 1
45031 18103 1
45031 84703 1
45031 74424 1
132977 18934 1
25164 70859 1
43815 81981 1
18828 115843 1
67365 136329 1
67365 16484 1
15449 123326 1
15449 24077 1
26733 153012 1
83379 96539 1
129737 28680 1
63479 133005 1
34093 141049 1
153112 57614 1
150643 102187 1
154012 146884 1
154012 11122 1
116383 4932 1
78080 95569 1
106291 61592 1
14515 68021 1
14515 13873 1
132447 92151 1
56254 16072 1
36295 16800 1
104598 12394 1
104598 81858 1
61848 94778 1
80402 75310 1
80402 29181 1
28921 51435 1
50833 81718 1
50833 82871 1
106038 19206 1
13461 146513 1
47306 18789 1
86979 74356 1
95753 27443 1
97000 135282 1
74857 21759 1
74857 136835 1
49254 26716 1
152322 98352 1
31963 146884 1
82962 15795 1
32655 71365 1
32655 87707 1
10978 74424 1
15997 15795 1
60855 22483 1
72466 154684 1
72466 119213 1
19687 22483 1
23158 30017 1
120199 21607 1
47869 24760 1
21786 130905 1
125771 18103 1
19490 153894 1
40567 71365 1
149555 75949 1
52611 10491 1
121743 51435 1
66368 19206 1
60555 116355 1
62105 131538 1
1164 9593 1
31849 16800 1
31849 18589 1
119110 7551 1
84703 9759 1
2813 50759 1
99538 18589 1
68021 75949 1
130209 16800 1
49474 153894 1
28783 15795 1
89893 89438 1
101407 89438 1
15913 143406 1
10503 7588 1
10503 77864 1
87395 153012 1
66852 102739 1
66852 108866 1
16484 124113 1
89286 115843 1
33024 59163 1
101561 123153 1
154808 152880 1
154808 23226 1
82700 97536 1
82700 100991 1
22068 67076 1
136211 67076 1
47786 111297 1
47786 28680 1
150678 84730 1
17449 84730 1
91519 89438 1
149476 84730 1
130253 4932 1
134217 128493 1
12744 95577 1
85682 23348 1
118764 8147 1
77864 80255 1
41458 8147 1
41458 75949 1
154497 19266 1
154497 69912 1
85365 111741 1
18403 21759 1
18403 75842 1
18403 62212 1
18403 116697 1
96782 107126 1
96782 28988 1
96782 93676 1
29520 111741 1
20467 30127 1
20467 119922 1
20467 15254 1
20467 108702 1
124762 43903 1
124762 70952 1
124762 147778 1
17370 84035 1
17370 101252 1
17370 49619 1
17370 83895 1
123356 56035 1
123356 60878 1
123356 80013 1
90636 29919 1
90636 95905 1
90636 57769 1
90636 74593 1
90636 92022 1
96397 70333 1
96397 15697 1
62859 93596 1
62859 19194 1
62859 24468 1
74593 17724 1
74593 90636 1
140442 86367 1
140442 150259 1
123548 90276 1
123548 94299 1
123548 99710 1
144123 95569 1
10254 46969 1
10254 68633 1
10254 21198 1
10254 80747 1
107339 138612 1
107339 23123 1
107339 97536 1
87707 30740 1
87707 32655 1
87707 81686 1
47956 143186 1
47956 1439 1
26089 44905 1
26089 18103 1
26089 69826 1
57363 124538 1
57363 17963 1
57363 24034 1
57363 91572 1
149388 78093 1
149388 151151 1
149388 25914 1
149388 27780 1
149388 84653 1
20177 4932 1
104022 57852 1
36128 94778 1
36128 124219 1
36128 16409 1
36128 29807 1
101287 63414 1
101287 13849 1
101287 75366 1
56022 83372 1
56022 105532 1
56022 30009 1
56022 104008 1
150493 22243 1
150493 92712 1
18934 148346 1
18934 98183 1
18934 55597 1
104383 125475 1
104383 20870 1
104383 93871 1
149731 73995 1
149731 154154 1
64429 65243 1
64429 16861 1
36547 153543 1
34183 153543 1
154084 153543 1
81020 38207 1
81020 17298 1
81020 79644 1
81020 78225 1
123255 17684 1
123255 22234 1
123255 78488 1
54123 46460 1
54123 126550 1
54123 19807 1
12394 34128 1
12394 2300 1
71650 127694 1
71650 23979 1
83172 118734 1
83172 117349 1
145770 75755 1
145770 131562 1
145770 42254 1
74992 31849 1
74992 133694 1
74992 79984 1
46771 153006 1
46771 148020 1
103558 87864 1
103558 105906 1
103558 17530 1
103558 26673 1
145861 86639 1
145861 154174 1
145861 98156 1
95611 64705 1
95611 24583 1
95611 27902 1
18249 80704 1
18249 67848 1
18249 46797 1
128120 95086 1
128120 101811 1
128120 43419 1
128120 106245 1
17838 6834 1
17838 93525 1
17838 136484 1
17838 80747 1
17838 134958 1
147491 23979 1
9341 27380 1
9341 40126 1
9341 118020 1
9341 88198 1
9341 55873 1
135640 25111 1
2964 154174 1
2964 105271 1
2964 152721 1
29300 98369 1
29300 130476 1
29300 99209 1
98374 133259 1
98374 109885 1
98374 47386 1
112765 138361 1
112765 23162 1
112765 80485 1
14828 84541 1
14828 33906 1
14828 80066 1
145645 115268 1
145645 70760 1
90011 102912 1
90011 33247 1
90011 137635 1
95210 13574 1
95210 85303 1
95210 29095 1
95210 32316 1
95210 151562 1
90272 147805 1
90272 105689 1
138125 145877 1
138125 15678 1
138125 21030 1
50887 100545 1
127148 49619 1
76945 75643 1
76945 98548 1
76945 112598 1
126469 47786 1
126469 118605 1
126469 19341 1
120708 50865 1
120708 117210 1
120708 124961 1
14877 111067 1
14877 100060 1
14877 40198 1
69195 104850 1
69195 120306 1
69195 31307 1
69195 35967 1
65514 104985 1
13090 79666 1
13090 24812 1
13090 92858 1
50733 100274 1
50733 108400 1
50733 21876 1
34273 116795 1
34273 87160 1
34273 19670 1
34273 66118 1
100502 153012 1
100502 17591 1
37954 24814 1
37954 27339 1
37954 89438 1
95793 144629 1
95793 67667 1
95793 28815 1
95793 37705 1
95793 91196 1
11122 44345 1
11122 71789 1
11122 49619 1
11122 118282 1
80931 35466 1
80931 52526 1
11799 16376 1
18383 42376 1
18383 29557 1
98214 153543 1
75310 83799 1
20378 52526 1
81280 107000 1
81280 24674 1
81280 92955 1
78257 124484 1
78257 25370 1
78257 29859 1
78257 78246 1
104593 87054 1
104593 26169 1
104593 30754 1
104593 92222 1
117860 137696 1
117860 23542 1
117860 72363 1
18277 52526 1
18277 134958 1
100201 147805 1
100201 6124 1
69750 83000 1
69750 105036 1
69750 48633 1
89917 147805 1
24077 98598 1
24077 17334 1
24077 22457 1
96386 44414 1
96386 74425 1
96386 98598 1
96386 45104 1
46183 90838 1
6657 106245 1
6657 98263 1
6657 36293 1
59329 10491 1
100740 80430 1
100740 34497 1
100740 88141 1
42254 26004 1
42254 123943 1
42254 7667 1
143483 9812 1
29781 82013 1
29781 46750 1
29781 10093 1
29781 112915 1
89086 74812 1
89086 92225 1
55548 31278 1
141287 19270 1
141287 117981 1
141287 66908 1
141287 145100 1
86870 95569 1
82347 73095 1
82347 34392 1
82347 79621 1
18976 74305 1
18976 51276 1
18976 111384 1
114793 121756 1
114793 25418 1
114793 32506 1
22252 143699 1
22252 115415 1
22252 27056 1
144879 46336 1
144879 125156 1
107021 58992 1
107021 104480 1
107021 66165 1
151463 153012 1
102848 61383 1
102848 153449 1
102848 10676 1
102848 66183 1
7224 66108 1
7224 39636 1
7224 66577 1
65657 114139 1
65657 28699 1
65657 31150 1
65657 121260 1
120798 142434 1
120798 20460 1
120798 28546 1
23306 141657 1
23306 89924 1
23306 123003 1
23306 125103 1
23306 99869 1
13164 150816 1
13164 76444 1
13164 43501 1
134145 88438 1
134145 88441 1
134145 29345 1
134145 90132 1
11588 19341 1
11588 66453 1
122693 100552 1
122693 132448 1
122693 23367 1
122693 110524 1
85298 132829 1
85298 26982 1
85298 41806 1
7113 13096 1
7113 94333 1
7113 88494 1
30017 137904 1
30017 147559 1
30017 18103 1
30017 23158 1
71290 45210 1
71290 102181 1
71290 10093 1
71290 54111 1
151944 25600 1
151944 124154 1
82400 32140 1
82400 36326 1
82400 90410 1
24790 84730 1
21607 118322 1
21607 25970 1
21607 36050 1
21607 94734 1
22001 35671 1
22001 26745 1
20774 98927 1
49813 107787 1
49813 22182 1
88494 37706 1
88494 70176 1
88494 88698 1
88494 7588 1
46975 49525 1
46975 26745 1
84550 47521 1
84550 22849 1
84550 154575 1
54284 113891 1
54284 15268 1
123416 51435 1
123416 23701 1
123416 108940 1
123416 62456 1
97907 82804 1
97907 74424 1
76698 44948 1
124432 74424 1
124432 22471 1
27739 9812 1
10302 26745 1
1668 26711 1
1668 20570 1
1668 83349 1
91931 67178 1
91931 71557 1
52258 96539 1
111972 48205 1
111972 36270 1
28849 53571 1
28849 104957 1
28849 19525 1
28849 26029 1
28849 143307 1
92653 149138 1
92653 22243 1
17313 24583 1
116896 143563 1
116896 21854 1
116896 26711 1
37694 15627 1
37694 44284 1
37694 60055 1
37694 106066 1
26693 75595 1
26693 7551 1
130155 4776 1
130155 14792 1
130155 68169 1
70899 128027 1
70899 87452 1
70899 21420 1
70899 26062 1
70899 75516 1
80715 23692 1
80715 151137 1
29181 125744 1
29181 19676 1
65400 72689 1
65400 17918 1
65400 23850 1
65400 76679 1
71984 112076 1
71984 39174 1
12645 154346 1
12645 72418 1
120458 83808 1
120458 154225 1
120458 18103 1
120458 20131 1
50503 74424 1
50503 94789 1
50503 118012 1
44284 26002 1
44284 110243 1
21399 50850 1
21399 89661 1
21399 95569 1
21399 40065 1
22862 86462 1
22862 103811 1
22862 50821 1
49198 96539 1
47971 151066 1
47971 100594 1
47971 18593 1
47971 91296 1
49101 146302 1
49101 22243 1
49101 139174 1
154684 62543 1
154684 153415 1
154684 7413 1
154684 74486 1
94605 71272 1
94605 110333 1
94605 22922 1
94605 83644 1
77322 60188 1
77322 11109 1
77322 144109 1
118344 69128 1
118344 19266 1
82132 18342 1
82132 17144 1
84918 21808 1
84918 83735 1
133589 141049 1
145640 143186 1
145640 69123 1
68748 56842 1
33359 137128 1
33359 19882 1
33359 22243 1
95013 91544 1
95013 32954 1
95013 34712 1
69175 26815 1
69175 19266 1
63414 123776 1
63414 105347 1
105132 23979 1
109631 12713 1
11694 105036 1
11694 148364 1
11694 91929 1
11694 131538 1
116215 115843 1
120965 27509 1
140930 27509 1
19949 95918 1
19949 10857 1
19949 13324 1
19949 43313 1
60849 141820 1
41821 149171 1
41821 71423 1
41821 25237 1
41821 28640 1
9724 91039 1
9724 153024 1
9724 94778 1
81986 69195 1
81986 118322 1
81986 17246 1
22730 134592 1
22730 94321 1
22730 8628 1
22730 76103 1
91039 145046 1
72225 10676 1
72225 55654 1
99866 75033 1
99866 129547 1
99866 84397 1
89167 65249 1
89167 120335 1
89167 22642 1
89167 23981 1
20973 102794 1
70353 128493 1
70353 130544 1
113232 141820 1
58847 100636 1
121614 69297 1
15697 105562 1
15697 80039 1
80714 115843 1
60188 84066 1
60188 16307 1
60188 21407 1
60188 116388 1
19038 111741 1
95577 122910 1
95577 12744 1
95577 62987 1
88215 126728 1
93532 39636 1
93532 11122 1
93532 45518 1
93532 125300 1
21023 56132 1
21023 16118 1
107438 87088 1
107438 89654 1
107438 97455 1
20271 134826 1
20271 18103 1
11218 57614 1
11218 57316 1
58469 66108 1
58469 32140 1
58469 72279 1
130893 24577 1
130893 99361 1
51902 37371 1
51902 134821 1
51902 60263 1
51902 83891 1
51902 81981 1
19182 112397 1
19182 27705 1
120988 87264 1
120988 131902 1
120988 19427 1
120988 22688 1
120988 90996 1
132510 9797 1
132510 14957 1
149209 151447 1
149209 10080 1
149209 15640 1
149209 89704 1
91599 143406 1
91599 122913 1
101022 100150 1
101022 48205 1
9593 145345 1
9593 74246 1
9593 32140 1
9593 106440 1
5478 10900 1
88603 67076 1
76258 151996 1
19412 145332 1
19412 16367 1
19412 37694 1
18589 146590 1
151105 151802 1
151105 131538 1
39976 9812 1
143674 54257 1
143674 13660 1
143674 60260 1
84170 124285 1
84170 27443 1
84170 78978 1
118012 68021 1
135295 124714 1
135295 37055 1
76862 97480 1
76862 26853 1
76862 109135 1
110064 24599 1
110064 32696 1
119117 114596 1
119117 41225 1
119117 147639 1
134659 67667 1
134659 22645 1
134659 74083 1
128898 87538 1
128898 88427 1
128898 32647 1
128898 46460 1
128898 92770 1
