71473 132629 1
71473 142507 1
132629 66013 1
132629 141513 1
132629 13246 1
132629 76482 1
132629 105870 1
142507 79716 1
142507 81640 1
142507 25050 1
142507 96729 1
142507 125731 1
76482 136397 1
76482 80246 1
76482 42427 1
76482 115311 1
76482 29561 1
79716 142507 1
13246 132629 1
66013 48870 1
66013 80113 1
66013 6755 1
66013 60562 1
66013 152898 1
141513 106321 1
141513 126525 1
141513 9431 1
141513 32519 1
141513 115515 1
81640 142507 1
125731 142507 1
125731 110135 1
25050 142507 1
105870 149799 1
105870 132629 1
96729 142507 1
110135 97255 1
110135 99137 1
110135 16764 1
110135 114201 1
110135 141978 1
80246 80631 1
80246 112169 1
80246 72540 1
80246 129213 1
80246 40899 1
29561 130536 1
29561 83888 1
29561 23054 1
29561 41012 1
29561 83560 1
48870 43712 1
48870 78829 1
48870 9495 1
48870 61827 1
48870 119350 1
136397 88282 1
136397 119962 1
136397 2833 1
136397 144691 1
136397 98983 1
80113 63005 1
80113 67673 1
80113 16545 1
80113 71668 1
80113 95793 1
149799 79686 1
149799 83700 1
149799 11215 1
149799 88905 1
149799 118735 1
6755 113831 1
6755 57901 1
6755 73610 1
6755 99004 1
6755 133466 1
115515 59181 1
115515 63435 1
115515 6723 1
115515 76934 1
115515 125993 1
9431 136049 1
9431 110384 1
9431 10219 1
9431 41275 1
9431 98910 1
32519 114313 1
32519 141513 1
32519 154678 1
126525 59184 1
126525 66375 1
126525 12813 1
126525 68545 1
126525 112397 1
152898 72851 1
152898 76183 1
152898 12741 1
152898 82031 1
152898 122073 1
115311 62864 1
115311 76482 1
115311 4670 1
115311 82612 1
115311 152274 1
60562 51276 1
60562 121045 1
60562 16429 1
60562 115203 1
60562 86688 1
42427 106663 1
42427 123306 1
42427 19135 1
42427 105692 1
42427 87509 1
106321 52164 1
106321 154721 1
106321 7624 1
106321 68633 1
106321 126473 1
136049 42312 1
136049 46758 1
136049 29417 1
136049 9431 1
16545 68021 1
16545 133454 1
16545 104546 1
16545 80113 1
76934 30560 1
76934 61430 1
76934 84146 1
76934 9799 1
76934 20760 1
125993 115515 1
133466 45153 1
133466 98864 1
133466 13678 1
133466 51507 1
133466 71811 1
59181 115515 1
73610 134933 1
73610 150577 1
73610 53160 1
73610 107126 1
73610 26625 1
57901 35823 1
57901 103871 1
57901 77864 1
57901 6755 1
57901 13670 1
113831 105032 1
113831 150778 1
113831 33327 1
113831 111374 1
113831 6755 1
41275 95666 1
41275 9431 1
11215 149799 1
11215 83700 1
154678 79004 1
154678 81872 1
154678 28927 1
154678 100299 1
154678 133447 1
51276 44284 1
51276 73691 1
51276 9028 1
51276 49047 1
51276 94883 1
106663 42427 1
79686 149799 1
95793 131538 1
95793 103134 1
95793 26716 1
95793 101932 1
95793 135551 1
68633 106321 1
68633 85459 1
68633 17530 1
68633 113488 1
68633 104932 1
63005 80173 1
63005 88972 1
63005 13941 1
63005 144490 1
63005 134224 1
144691 44110 1
144691 124715 1
144691 5536 1
144691 54117 1
144691 100717 1
67673 52051 1
67673 79100 1
67673 9639 1
67673 134658 1
67673 149690 1
99004 152449 1
99004 76014 1
99004 6755 1
99004 43050 1
99004 147681 1
115203 125799 1
115203 60562 1
115203 66815 1
118735 149799 1
2833 119224 1
2833 142394 1
2833 23173 1
2833 97739 1
2833 67686 1
72540 63867 1
72540 66775 1
72540 13873 1
72540 142700 1
72540 150867 1
152274 69245 1
152274 73413 1
152274 17724 1
152274 78523 1
152274 116805 1
112169 55601 1
112169 57509 1
112169 12576 1
112169 63256 1
112169 123425 1
40899 48144 1
40899 59395 1
40899 11714 1
40899 62120 1
40899 69863 1
43712 60679 1
43712 79948 1
43712 12040 1
43712 51219 1
43712 71668 1
80631 46611 1
80631 152803 1
80631 17554 1
80631 61999 1
80631 90394 1
97255 145473 1
97255 105628 1
97255 110135 1
97255 18057 1
97255 114976 1
99137 110135 1
83700 96386 1
83700 154174 1
83700 26890 1
83700 108120 1
83700 148175 1
9495 48870 1
121045 43342 1
121045 133651 1
121045 9553 1
121045 49846 1
121045 91472 1
119350 98598 1
119350 107812 1
119350 22698 1
119350 139720 1
119350 136880 1
66375 54604 1
66375 57316 1
66375 13511 1
66375 60562 1
66375 80863 1
4670 115311 1
59184 91033 1
59184 122907 1
59184 3438 1
59184 27339 1
59184 131008 1
72851 152898 1
72851 65460 1
82031 62897 1
82031 98291 1
82031 99361 1
82031 6623 1
82031 18249 1
88282 81599 1
88282 87629 1
88282 27065 1
88282 136714 1
88282 112732 1
68545 46086 1
68545 131041 1
68545 16800 1
68545 53665 1
68545 123295 1
62864 115311 1
62864 97632 1
123306 100991 1
123306 3438 1
123306 42427 1
122073 76024 1
122073 86179 1
122073 15954 1
122073 97532 1
122073 126940 1
114313 47253 1
114313 89201 1
114313 9828 1
114313 51664 1
114313 154507 1
19135 42427 1
19135 58618 1
19135 47306 1
19135 40899 1
19135 15704 1
6723 115515 1
6723 123326 1
6723 52013 1
6723 120988 1
6723 46467 1
110384 21535 1
110384 9431 1
41012 102181 1
41012 29561 1
88905 149799 1
88905 36717 1
88905 103370 1
12741 80997 1
12741 152898 1
12741 66954 1
10219 132633 1
10219 109135 1
10219 7981 1
10219 153113 1
10219 24599 1
130536 40471 1
130536 12258 1
130536 29561 1
112397 57162 1
112397 58471 1
112397 13259 1
112397 69718 1
112397 142383 1
16429 149938 1
16429 28978 1
16429 7777 1
16429 112825 1
16429 148186 1
105692 42427 1
119962 56794 1
119962 136397 1
119962 15679 1
119962 65082 1
119962 103339 1
87509 109682 1
87509 78060 1
87509 7096 1
87509 32489 1
87509 91346 1
52164 25418 1
52164 86615 1
52164 106321 1
52164 18937 1
52164 22044 1
98983 56321 1
98983 153714 1
98983 7588 1
98983 70311 1
98983 110896 1
83560 45802 1
83560 95571 1
83560 115502 1
83560 29561 1
83560 40471 1
154721 55153 1
154721 104111 1
154721 106321 1
154721 23307 1
154721 31318 1
7624 71242 1
7624 95105 1
7624 106321 1
7624 15544 1
76183 117175 1
76183 42254 1
76183 152898 1
61827 48870 1
129213 115557 1
129213 135853 1
129213 30049 1
129213 133031 1
129213 12269 1
12813 126525 1
12813 126284 1
78829 104835 1
78829 144645 1
78829 32684 1
78829 125858 1
78829 106245 1
82612 115311 1
82612 55774 1
82612 152274 1
23054 29561 1
114201 142507 1
114201 70303 1
114201 110135 1
86688 111741 1
86688 60562 1
98910 9431 1
141978 110135 1
141978 32673 1
63435 115515 1
16764 110135 1
83888 47477 1
83888 49773 1
83888 9221 1
83888 63300 1
83888 125990 1
126473 151537 1
126473 107963 1
126473 9250 1
126473 50217 1
126473 138827 1
71668 128402 1
71668 68003 1
71668 7096 1
71668 36882 1
71668 98011 1
153113 67899 1
153113 68601 1
153113 10414 1
153113 75578 1
153113 118521 1
60679 53144 1
60679 66514 1
60679 7328 1
60679 122759 1
60679 148300 1
7981 39174 1
7981 10219 1
7981 122759 1
7981 89585 1
7981 29683 1
36717 131111 1
36717 99631 1
36717 13204 1
36717 92978 1
36717 46687 1
123425 112169 1
86615 137426 1
86615 143668 1
86615 3477 1
86615 36358 1
86615 104835 1
21535 110384 1
21535 57652 1
21535 10444 1
21535 92599 1
21535 36318 1
40471 154018 1
40471 106535 1
40471 20264 1
40471 97966 1
40471 130536 1
52013 71702 1
52013 118441 1
52013 16452 1
52013 97469 1
52013 64401 1
109682 66080 1
109682 70891 1
109682 14347 1
109682 78084 1
109682 105229 1
123326 32346 1
123326 97469 1
123326 6723 1
123326 45601 1
123326 154863 1
95105 51985 1
95105 129969 1
95105 59422 1
95105 89045 1
15704 32825 1
15704 78154 1
15704 8743 1
15704 144197 1
15704 57066 1
12269 79948 1
12269 129213 1
12269 49655 1
12269 70793 1
47306 68368 1
47306 127762 1
47306 74139 1
47306 125185 1
96386 131940 1
96386 82871 1
96386 7889 1
96386 42372 1
96386 133883 1
103339 49619 1
103339 119962 1
103339 13349 1
103339 42852 1
51664 131410 1
51664 103173 1
51664 142485 1
51664 62944 1
51664 114313 1
9828 114313 1
9828 47673 1
57162 126525 1
57162 100723 1
57162 10076 1
57162 101363 1
57162 131216 1
89201 73571 1
89201 78931 1
89201 16726 1
89201 83477 1
89201 101428 1
126940 122073 1
55774 151537 1
55774 120763 1
55774 79094 1
55774 29105 1
55774 33425 1
15954 122073 1
76024 122073 1
123295 142700 1
123295 68545 1
123295 140243 1
16800 54405 1
16800 153458 1
16800 3188 1
16800 95190 1
16800 142233 1
132633 46915 1
132633 3834 1
132633 111197 1
148175 83700 1
131041 68545 1
81599 93975 1
81599 88282 1
18249 82864 1
18249 136397 1
18249 78912 1
18249 58426 1
18249 81630 1
6623 79287 1
6623 151283 1
6623 34412 1
6623 37055 1
6623 19705 1
99361 88441 1
99361 91447 1
99361 21030 1
99361 97348 1
99361 111186 1
98291 52768 1
98291 153935 1
98291 3932 1
98291 131991 1
26716 51929 1
26716 103786 1
26716 7272 1
26716 148757 1
26716 99581 1
58618 57221 1
58618 62465 1
58618 19368 1
58618 154897 1
104835 56898 1
104835 67430 1
104835 14577 1
104835 86615 1
104835 118986 1
66954 59284 1
66954 14463 1
66954 84230 1
66954 124225 1
47253 86049 1
47253 119721 1
47253 11175 1
47253 102579 1
47253 89445 1
91033 39877 1
91033 145459 1
91033 7559 1
91033 52451 1
91033 77122 1
51507 124367 1
51507 137305 1
51507 44882 1
51507 137426 1
51507 29879 1
87629 88282 1
100717 117560 1
100717 29705 1
100717 76233 1
100717 4779 1
80863 86960 1
80863 11354 1
80863 50625 1
80863 107243 1
97632 41228 1
97632 97536 1
13511 47415 1
13511 34235 1
13511 149642 1
13511 131936 1
13511 68710 1
136880 121035 1
136880 17246 1
136880 66030 1
136880 145955 1
95571 71713 1
95571 76166 1
95571 24691 1
95571 78334 1
97532 122073 1
97532 106811 1
97532 83531 1
97532 31946 1
133454 38284 1
133454 105250 1
133454 7588 1
133454 46073 1
133454 75498 1
42312 111745 1
42312 47753 1
42312 7147 1
42312 92048 1
42312 117823 1
138827 74907 1
138827 77146 1
138827 16053 1
138827 81872 1
61430 56236 1
61430 76934 1
61430 13854 1
61430 149521 1
13670 13783 1
13670 116081 1
13670 2945 1
13670 102444 1
13670 56823 1
20760 104740 1
20760 131623 1
20760 14985 1
20760 50099 1
20760 135013 1
45153 86544 1
45153 46329 1
45153 1992 1
45153 38646 1
79100 67673 1
58471 112397 1
58471 129142 1
58471 24313 1
29417 115364 1
29417 64113 1
29417 14651 1
29417 66226 1
111374 55688 1
111374 62203 1
111374 71631 1
111374 105501 1
150577 46438 1
150577 48044 1
150577 7653 1
150577 54944 1
150577 113525 1
135853 34337 1
135853 129213 1
135853 18996 1
150778 57460 1
150778 69493 1
150778 7093 1
150778 76306 1
150778 120705 1
107126 39540 1
107126 88404 1
107126 8878 1
107126 39712 1
107126 108950 1
100991 110491 1
100991 78723 1
100991 5969 1
100991 36992 1
100991 103639 1
112732 88282 1
103134 60790 1
103134 72250 1
103134 7272 1
103134 80394 1
103134 119321 1
32489 124432 1
32489 40520 1
32489 12078 1
32489 53841 1
32489 40126 1
101932 64938 1
101932 153854 1
101932 7981 1
101932 88262 1
101932 129931 1
62120 40899 1
135551 50169 1
135551 60555 1
135551 8108 1
135551 70543 1
135551 115144 1
18937 88271 1
18937 38779 1
18937 12078 1
18937 89906 1
18937 52164 1
3438 144848 1
3438 90800 1
3438 53160 1
3438 146377 1
77864 40965 1
77864 49501 1
77864 6480 1
77864 57901 1
77864 112189 1
7777 16429 1
7777 11102 1
7777 138639 1
7777 139720 1
7777 26548 1
113488 68633 1
142394 54472 1
142394 2833 1
80173 37919 1
80173 96852 1
80173 8427 1
80173 49468 1
80173 76800 1
9639 67673 1
149690 67673 1
76014 99004 1
76014 122931 1
76014 42915 1
76014 134133 1
103370 72416 1
103370 78781 1
103370 12696 1
103370 87466 1
103370 123228 1
23173 2833 1
43050 64658 1
43050 136622 1
43050 15084 1
43050 103971 1
43050 49753 1
26625 145451 1
26625 104877 1
26625 22652 1
26625 37683 1
26625 30047 1
147681 53240 1
147681 136008 1
147681 14792 1
147681 57934 1
147681 104262 1
119224 79056 1
119224 106321 1
119224 56101 1
119224 2833 1
49773 64418 1
49773 83888 1
125990 83888 1
142700 67992 1
142700 143907 1
142700 16596 1
142700 79941 1
142700 123295 1
26890 76233 1
26890 32189 1
26890 36001 1
150867 43363 1
150867 114493 1
150867 154168 1
131008 88198 1
131008 90715 1
131008 12078 1
131008 93389 1
148186 51095 1
148186 9668 1
148186 102538 1
13259 112397 1
13259 129670 1
13259 5435 1
13259 152407 1
149938 16429 1
78060 87509 1
112825 16429 1
7096 135984 1
7096 73258 1
7096 8321 1
7096 101289 1
7096 81485 1
91472 61740 1
91472 124906 1
91472 12200 1
91472 73270 1
91472 112346 1
91346 115720 1
91346 119716 1
91346 3792 1
91346 22671 1
91346 130154 1
46758 47002 1
46758 99569 1
46758 16736 1
46758 48053 1
46758 135904 1
69245 152274 1
25418 105764 1
25418 88231 1
25418 12500 1
25418 31658 1
25418 27727 1
56321 98983 1
56321 27509 1
56321 50247 1
57316 53240 1
57316 57828 1
57316 60555 1
57316 101988 1
80997 108900 1
80997 8834 1
80997 58914 1
80997 110533 1
153714 136197 1
153714 98983 1
153714 37706 1
134658 31552 1
134658 67673 1
134658 49051 1
134658 14792 1
134658 30634 1
53665 97295 1
53665 97057 1
53665 9155 1
53665 139564 1
53665 154205 1
7588 13753 1
7588 114170 1
7588 3262 1
7588 26579 1
22044 135772 1
22044 126124 1
22044 13896 1
22044 134969 1
22044 27881 1
110896 42308 1
110896 134040 1
110896 11714 1
110896 46467 1
110896 149119 1
45802 79620 1
45802 125281 1
45802 23285 1
45802 145679 1
45802 116740 1
23307 132509 1
23307 23921 1
23307 18918 1
23307 135339 1
144490 43983 1
144490 129601 1
144490 17603 1
144490 54080 1
144490 91665 1
133447 154678 1
145473 43623 1
145473 5763 1
145473 53356 1
145473 86625 1
46086 68545 1
46086 31971 1
69718 50538 1
69718 83554 1
69718 10323 1
69718 60973 1
69718 105311 1
28978 70829 1
28978 16429 1
28978 27056 1
115502 82353 1
115502 83814 1
115502 18887 1
115502 118077 1
115502 137116 1
104111 52351 1
104111 13873 1
104111 81026 1
104111 132515 1
15544 146019 1
15544 54077 1
15544 71741 1
15544 44082 1
30049 129213 1
30049 122635 1
71242 10587 1
71242 81986 1
71242 134230 1
90394 80631 1
90394 89704 1
90394 25614 1
32684 68395 1
32684 129651 1
32684 62944 1
9799 105911 1
9799 46434 1
126284 95367 1
144645 77821 1
144645 149737 1
144645 92308 1
142383 8427 1
142383 151421 1
65082 119962 1
104932 61574 1
70303 50237 1
70303 128960 1
70303 88766 1
111741 121127 1
111741 10685 1
32673 137203 1
32673 77653 1
105628 86758 1
105628 97255 1
133031 106967 1
133031 54284 1
133031 31752 1
47477 89163 1
31318 13547 1
85459 68633 1
85459 136679 1
85459 22973 1
85459 42391 1
107963 80631 1
107963 13873 1
9250 126473 1
49846 47275 1
50217 39474 1
50217 81431 1
55601 112169 1
128402 71668 1
128402 144490 1
128402 41821 1
9221 54604 1
9221 83888 1
68003 66256 1
63867 72540 1
98011 62950 1
98011 13547 1
122907 59184 1
122907 60843 1
151537 9461 1
54604 52455 1
54604 14664 1
54604 111827 1
57509 112169 1
57509 60562 1
131538 107134 1
131538 119716 1
70311 98983 1
134933 68655 1
134933 20892 1
134933 109651 1
13941 63005 1
13941 18807 1
13941 80969 1
73413 152274 1
13678 37077 1
13678 133466 1
13678 144691 1
95666 87450 1
42254 21786 1
42254 51519 1
68021 88198 1
68021 3790 1
67686 2833 1
117175 53481 1
117175 60690 1
30560 73270 1
30560 76411 1
30560 93992 1
30560 53144 1
71811 133466 1
125799 137411 1
125799 77332 1
125799 115203 1
44284 81686 1
44284 51276 1
54117 46545 1
54117 49546 1
54117 10381 1
65460 59256 1
65460 99307 1
65460 16641 1
65460 92681 1
65460 153107 1
15679 119962 1
15679 7964 1
17724 115619 1
17724 10917 1
17724 131168 1
62897 82031 1
124715 127092 1
124715 148184 1
56794 119962 1
56794 85680 1
56794 112169 1
17530 96256 1
105032 6697 1
105032 48328 1
105032 101447 1
78523 152274 1
94883 6085 1
94883 48769 1
33327 99365 1
33327 119000 1
102181 153646 1
102181 23541 1
102181 71978 1
88972 58272 1
88972 63005 1
88972 43751 1
9028 19992 1
9028 6697 1
9028 93087 1
9028 91743 1
79004 154678 1
9553 48174 1
9553 99003 1
27065 36100 1
27065 154861 1
27065 1273 1
27065 111539 1
73691 51276 1
73691 9591 1
136714 88282 1
136714 105424 1
136714 122297 1
136714 86544 1
66775 72540 1
52051 67673 1
53160 68492 1
53160 18057 1
134224 55785 1
134224 14956 1
81872 116740 1
81872 83531 1
81872 154678 1
109135 31676 1
109135 5626 1
109135 92293 1
63300 83888 1
63300 105147 1
154507 115633 1
154507 114313 1
106245 37455 1
125858 68069 1
125858 78829 1
98864 25058 1
28927 154678 1
44110 45504 1
44110 100981 1
44110 16452 1
44110 94746 1
55153 8605 1
84146 66332 1
84146 70543 1
84146 105901 1
152449 43712 1
152449 11782 1
152449 60422 1
152449 112532 1
17554 80631 1
17554 117031 1
13873 120988 1
13873 149156 1
13873 112514 1
13873 72540 1
13873 123515 1
49047 102915 1
49047 126331 1
49047 10667 1
49047 51276 1
59395 68760 1
59395 40899 1
59395 47306 1
98598 119350 1
98598 116444 1
98598 5657 1
98598 28577 1
98598 137850 1
116805 152274 1
116805 31552 1
116805 132448 1
61999 80631 1
35823 37746 1
35823 45225 1
35823 4093 1
35823 98166 1
35823 103307 1
12576 112169 1
12576 127205 1
12576 112774 1
12576 137880 1
12576 3525 1
63256 112169 1
103871 91026 1
103871 92140 1
103871 26066 1
103871 102450 1
46611 71731 1
46611 63199 1
46611 72279 1
46611 5798 1
46611 33003 1
48144 40899 1
11714 40899 1
11714 123326 1
11714 15436 1
11714 94169 1
11714 31552 1
120988 50763 1
120988 142943 1
120988 16452 1
120988 64081 1
69863 77209 1
69863 74573 1
69863 45955 1
69863 40899 1
79948 47351 1
79948 89709 1
79948 9871 1
79948 64553 1
79948 94735 1
12040 85550 1
12040 154321 1
12040 5874 1
12040 154181 1
12040 105832 1
46467 83186 1
46467 78698 1
46467 4636 1
46467 41999 1
46467 81094 1
100299 154678 1
100299 70104 1
51219 102420 1
51219 21781 1
51219 99107 1
51219 117860 1
27339 139799 1
27339 62457 1
27339 7630 1
27339 134217 1
152803 104771 1
152803 141802 1
152803 77327 1
152803 105250 1
152803 3087 1
18057 57304 1
18057 104143 1
18057 6484 1
18057 147641 1
114976 67124 1
114976 112026 1
107812 142480 1
107812 76124 1
107812 2462 1
107812 39071 1
154174 122725 1
154174 145861 1
154174 47041 1
154174 125707 1
154174 11800 1
108120 54415 1
108120 129049 1
108120 5557 1
108120 22727 1
43342 66013 1
43342 69733 1
43342 10212 1
43342 88494 1
43342 98415 1
97739 32462 1
97739 2833 1
12258 89704 1
12258 131847 1
12258 133888 1
12258 81460 1
133651 137243 1
133651 28768 1
133651 80509 1
133651 108968 1
24599 25594 1
24599 10219 1
24599 104796 1
22698 51342 1
22698 98127 1
22698 135044 1
22698 122274 1
86179 122073 1
86179 122765 1
86179 72498 1
86179 54472 1
139720 61307 1
139720 146611 1
139720 16012 1
139720 73407 1
139720 117366 1
104546 50490 1
104546 63283 1
104546 16545 1
104546 78094 1
104546 108178 1
