47102 92465 1
92465 64915 1
92465 6700 1
92465 149639 1
92465 80760 1
92465 110896 1
149639 92465 1
110896 37746 1
110896 141677 1
110896 130773 1
110896 42048 1
110896 130251 1
64915 92465 1
6700 92465 1
80760 92465 1
80760 145785 1
130773 149311 1
130773 19705 1
130773 29781 1
130773 62380 1
130773 110896 1
37746 35829 1
37746 253 1
37746 117595 1
37746 133645 1
37746 53866 1
141677 38804 1
141677 1713 1
141677 133950 1
141677 49546 1
141677 142811 1
42048 78723 1
42048 657 1
42048 121698 1
42048 82700 1
42048 141677 1
130251 110896 1
130251 18723 1
130251 94826 1
130251 117191 1
130251 154588 1
145785 46806 1
145785 1807 1
145785 129050 1
145785 61960 1
145785 137660 1
18723 90924 1
18723 17996 1
18723 150816 1
18723 147922 1
18723 30992 1
94826 58733 1
94826 4671 1
94826 124511 1
94826 72779 1
94826 108542 1
82700 34151 1
82700 3155 1
82700 136420 1
82700 53675 1
82700 88043 1
121698 42048 1
121698 1189 1
35829 37746 1
53866 90415 1
53866 8341 1
53866 37746 1
253 103868 1
253 150 1
253 153640 1
253 80970 1
253 148458 1
154588 45347 1
154588 7322 1
154588 140657 1
154588 75907 1
154588 120628 1
137660 25561 1
137660 916 1
137660 133359 1
137660 40095 1
137660 137774 1
46806 145785 1
46806 22044 1
129050 145785 1
149311 29901 1
149311 2882 1
149311 126682 1
149311 41249 1
149311 136121 1
117191 24224 1
117191 2385 1
117191 128792 1
117191 38998 1
117191 122869 1
61960 95228 1
61960 38863 1
61960 48113 1
61960 145785 1
61960 120988 1
133950 71668 1
133950 31318 1
133950 42048 1
133950 140361 1
133950 141677 1
133645 98291 1
133645 9725 1
133645 15436 1
133645 37746 1
133645 108984 1
117595 86478 1
117595 37746 1
29781 16452 1
29781 113689 1
29781 79055 1
29781 23244 1
29781 149378 1
657 98983 1
657 42048 1
657 36287 1
657 82822 1
657 9879 1
19705 124314 1
19705 181 1
19705 82215 1
19705 101029 1
19705 146294 1
78723 78235 1
78723 876 1
78723 140182 1
78723 85012 1
78723 62933 1
62380 25790 1
62380 71365 1
62380 136008 1
62380 35050 1
62380 154537 1
49546 30873 1
49546 127007 1
49546 91829 1
49546 42767 1
49546 82350 1
142811 31066 1
142811 2328 1
142811 130009 1
142811 52695 1
142811 141677 1
38804 120751 1
38804 35584 1
38804 141677 1
1807 27671 1
1807 145785 1
1713 136606 1
1713 81091 1
1713 100720 1
1713 141677 1
1713 55897 1
120751 34325 1
120751 723 1
120751 91582 1
120751 41463 1
120751 103639 1
27671 23867 1
27671 80105 1
27671 92553 1
27671 52867 1
27671 88103 1
31066 151996 1
31066 94481 1
31066 142811 1
31066 97764 1
42767 49546 1
42767 21947 1
42767 130129 1
42767 96549 1
30873 33029 1
30873 842 1
30873 49546 1
30873 128591 1
30873 142257 1
82215 71214 1
82215 19705 1
82215 53222 1
154537 62380 1
154537 34196 1
154537 49019 1
15436 40314 1
15436 79501 1
15436 53621 1
15436 93201 1
15436 74356 1
35050 13783 1
35050 13 1
35050 102648 1
35050 22969 1
35050 46450 1
136008 107134 1
136008 8445 1
136008 154181 1
136008 125887 1
136008 103437 1
71365 67667 1
71365 7951 1
71365 79738 1
71365 154575 1
71365 66786 1
25790 62380 1
25790 151066 1
62933 29405 1
62933 470 1
62933 80505 1
62933 38863 1
62933 127205 1
85012 51929 1
85012 2300 1
85012 98781 1
85012 71735 1
85012 122344 1
128792 126744 1
128792 117191 1
140182 28736 1
140182 842 1
140182 111186 1
140182 49369 1
140182 123018 1
876 112926 1
876 37761 1
876 136816 1
876 17670 1
876 32509 1
146294 71214 1
146294 17809 1
146294 19705 1
146294 101950 1
101029 33439 1
101029 3430 1
101029 133082 1
101029 43244 1
101029 134001 1
124511 104730 1
124511 3780 1
124511 3983 1
124511 93020 1
124511 94826 1
36287 21105 1
36287 657 1
36287 64323 1
36287 31188 1
36287 68958 1
90415 48160 1
90415 2555 1
90415 128722 1
90415 55669 1
90415 101094 1
149378 88908 1
149378 12459 1
149378 15226 1
149378 70412 1
149378 88198 1
23244 53257 1
23244 770 1
23244 112352 1
23244 126959 1
23244 84459 1
113689 49929 1
113689 6280 1
113689 115900 1
113689 63693 1
113689 130661 1
16452 94746 1
16452 1798 1
16452 97000 1
16452 92840 1
16452 98291 1
140361 25831 1
140361 3790 1
140361 107134 1
140361 37959 1
140361 123164 1
181 3796 1
181 93296 1
181 17922 1
181 82609 1
181 112942 1
31318 119405 1
31318 313 1
31318 110311 1
31318 105118 1
31318 106097 1
71668 116212 1
71668 80968 1
71668 133605 1
71668 28815 1
71668 90415 1
9879 54213 1
9879 657 1
9879 29200 1
9879 73258 1
9879 47215 1
35584 78222 1
35584 3192 1
35584 79086 1
35584 131448 1
35584 71668 1
48113 24412 1
48113 1271 1
48113 130017 1
48113 35272 1
48113 63865 1
38863 28895 1
38863 121462 1
38863 151792 1
38863 82688 1
38863 83179 1
122869 137170 1
122869 3525 1
122869 8147 1
122869 117191 1
122869 140417 1
91829 49546 1
88043 67638 1
88043 558 1
88043 108984 1
88043 137225 1
88043 65291 1
52695 129580 1
52695 142811 1
41249 149311 1
82350 42369 1
82350 2262 1
82350 152282 1
82350 72548 1
82350 137057 1
147922 141003 1
147922 17579 1
147922 18275 1
147922 84170 1
147922 96143 1
38998 117191 1
136420 110899 1
136420 61345 1
136420 82700 1
136420 136041 1
90924 93914 1
90924 18723 1
90924 52718 1
90924 69750 1
90924 148573 1
2385 83367 1
2385 231 1
2385 62890 1
2385 117191 1
120628 154588 1
120628 49237 1
124314 29488 1
124314 2125 1
124314 114422 1
124314 41513 1
124314 133914 1
126682 76908 1
126682 3061 1
126682 19705 1
126682 149311 1
79055 27627 1
79055 6218 1
79055 23175 1
79055 29781 1
79055 71772 1
2328 154756 1
2328 142811 1
2882 149311 1
2882 21185 1
100720 44922 1
100720 1087 1
100720 151459 1
100720 59946 1
100720 111297 1
137774 137660 1
53675 102274 1
53675 2356 1
53675 140657 1
53675 82700 1
53675 149555 1
40095 61848 1
40095 1466 1
40095 17963 1
40095 86996 1
40095 110953 1
127007 64118 1
127007 23549 1
127007 49546 1
127007 94954 1
133359 137660 1
133359 116085 1
133359 152147 1
82822 64151 1
82822 657 1
82822 92822 1
82822 68950 1
82822 133624 1
98291 17552 1
98291 313 1
98291 126488 1
98291 36138 1
98291 111780 1
136606 18838 1
136606 231 1
136606 120942 1
136606 40314 1
136606 129670 1
136121 85987 1
136121 3188 1
136121 9082 1
136121 149311 1
136121 153024 1
78235 134680 1
78235 31691 1
78235 38863 1
78235 135282 1
78235 110957 1
75907 154588 1
75907 97555 1
150 12443 1
150 109827 1
150 30570 1
150 119409 1
150 253 1
108984 45288 1
108984 2807 1
108984 130813 1
108984 72540 1
108984 93201 1
140657 35271 1
140657 202 1
140657 141894 1
140657 42254 1
140657 152724 1
34151 82700 1
34151 26625 1
34151 134188 1
7322 154588 1
58733 94826 1
45347 154588 1
45347 137696 1
45347 112642 1
148458 46790 1
148458 253 1
148458 136714 1
148458 68343 1
148458 146979 1
80970 28736 1
80970 253 1
80970 133795 1
80970 48581 1
80970 84060 1
153640 31730 1
153640 253 1
153640 105302 1
153640 42254 1
153640 123573 1
98983 30458 1
98983 657 1
98983 142454 1
98983 44110 1
98983 154683 1
916 137660 1
72779 42161 1
72779 1084 1
72779 95190 1
72779 56649 1
72779 94826 1
120988 31181 1
120988 6723 1
120988 114940 1
120988 43499 1
120988 138525 1
130009 142811 1
4671 149273 1
4671 19618 1
4671 107403 1
4671 48020 1
4671 93109 1
25561 137660 1
25561 16858 1
22044 77972 1
22044 5181 1
22044 127981 1
22044 90800 1
22044 59561 1
55897 48581 1
55897 1713 1
55897 154863 1
55897 128645 1
55897 112377 1
1189 119588 1
1189 146386 1
1189 64381 1
1189 20145 1
1189 87283 1
29901 63109 1
29901 4140 1
29901 77541 1
29901 90386 1
29901 89844 1
9725 64401 1
9725 313 1
9725 83186 1
9725 57113 1
9725 135020 1
150816 63824 1
150816 1195 1
150816 143278 1
150816 82455 1
150816 119865 1
103868 34923 1
103868 253 1
103868 142200 1
103868 46460 1
103868 148960 1
17996 18723 1
86478 23594 1
86478 4274 1
86478 113511 1
86478 56520 1
86478 125679 1
3155 54933 1
3155 701 1
3155 129681 1
3155 128666 1
3155 103660 1
95228 27569 1
95228 2139 1
95228 97170 1
95228 44687 1
95228 121841 1
24224 117191 1
30992 18723 1
81091 15564 1
81091 106887 1
81091 141422 1
81091 23309 1
81091 124774 1
108542 84830 1
108542 45426 1
108542 61231 1
108542 94826 1
108542 124484 1
8341 53866 1
8341 3662 1
8341 30192 1
8341 105630 1
8341 45210 1
154756 2328 1
154756 130460 1
154756 54690 1
41463 128463 1
41463 870 1
41463 84703 1
41463 90011 1
23175 119908 1
23175 42355 1
133605 44432 1
133605 10093 1
133605 30480 1
133605 71668 1
133605 125424 1
76908 49019 1
76908 4349 1
76908 107226 1
76908 70034 1
2125 140182 1
2125 124314 1
2125 49139 1
62890 2385 1
62890 139747 1
62890 152836 1
62890 127987 1
313 38863 1
313 231 1
313 60973 1
313 33003 1
313 94746 1
231 23810 1
231 129760 1
61345 2311 1
61345 63494 1
61345 136420 1
61345 146888 1
84170 118467 1
84170 47034 1
3188 16800 1
3188 2139 1
3188 49835 1
3188 125815 1
18275 7933 1
18275 126072 1
18275 63895 1
18275 81476 1
17579 85009 1
17579 2510 1
17579 64678 1
17579 125880 1
72548 82350 1
137170 2835 1
137170 124960 1
137170 153767 1
79501 45421 1
79501 91078 1
79501 141272 1
88908 49935 1
88908 93605 1
88908 136048 1
2262 82350 1
42369 82350 1
129580 47870 1
129580 8406 1
129580 126732 1
129580 59414 1
129580 148037 1
65291 44734 1
65291 6452 1
65291 88043 1
65291 64401 1
65291 149119 1
130661 113689 1
67638 27709 1
115900 113689 1
140417 108458 1
8147 135440 1
8147 129760 1
17963 181 1
17963 70820 1
3525 57113 1
3525 42254 1
3525 48113 1
93914 69617 1
93914 106717 1
136041 137107 1
136041 100810 1
28895 71668 1
8445 107134 1
8445 86720 1
8445 136008 1
83367 231 1
83367 93881 1
63865 48113 1
63865 117344 1
63865 124740 1
63865 98983 1
470 62933 1
6218 21363 1
17670 876 1
35272 48113 1
130017 104622 1
130017 124714 1
24412 23049 1
24412 48113 1
23594 526 1
23594 108085 1
23594 82350 1
23594 73688 1
15226 56087 1
131448 91905 1
131448 35584 1
83186 9725 1
83186 145785 1
83186 99361 1
3192 154012 1
3192 35584 1
3192 10690 1
3192 81630 1
119865 150816 1
129681 3155 1
73258 125938 1
73258 134240 1
73258 32628 1
73258 148321 1
29200 9879 1
54213 9879 1
3061 38183 1
3061 128522 1
3061 29991 1
3061 148656 1
3061 56359 1
32509 95871 1
32509 876 1
32509 23909 1
32509 91916 1
32509 70026 1
31691 148220 1
31691 28736 1
80968 73309 1
80968 120806 1
80968 120734 1
80968 71668 1
51929 18342 1
51929 108940 1
51929 128666 1
51929 31742 1
51929 154772 1
19618 57335 1
19618 359 1
19618 75026 1
19618 138348 1
116212 24554 1
116212 312 1
116212 104436 1
116212 32691 1
116212 154782 1
106097 108458 1
106097 26305 1
87283 1189 1
27569 83864 1
27569 1123 1
27569 31752 1
27569 135001 1
137225 418 1
137225 151972 1
137225 51656 1
137225 143421 1
136816 150095 1
136816 154687 1
136816 15226 1
119405 44242 1
119405 31318 1
82609 31096 1
82609 181 1
82609 115689 1
82609 54638 1
82609 105591 1
17922 107673 1
17922 181 1
17922 66034 1
17922 116904 1
30192 138099 1
30192 8341 1
30192 135370 1
93296 32827 1
93296 97317 1
93296 118502 1
1271 8573 1
1271 48113 1
1271 116663 1
78222 141677 1
78222 35584 1
78222 42048 1
3796 47897 1
3796 181 1
3796 125987 1
3796 19822 1
37959 27179 1
37959 635 1
37959 36128 1
37959 80861 1
3790 82145 1
3790 69742 1
3790 107030 1
3790 130437 1
101950 1497 1
101950 113612 1
558 1244 1
558 54529 1
558 88043 1
558 125234 1
79086 35584 1
25831 26716 1
25831 436 1
25831 123373 1
25831 79596 1
25831 125849 1
70412 80861 1
70412 35468 1
70412 113966 1
92840 46532 1
92840 5094 1
92840 130530 1
92840 141038 1
90386 109730 1
90386 42150 1
94746 23049 1
94746 313 1
114422 124314 1
2356 55322 1
2356 1225 1
2356 98415 1
2356 35748 1
2356 110079 1
112377 55897 1
83179 129760 1
83179 38863 1
126959 85366 1
126959 23244 1
770 23244 1
53257 23244 1
88198 129760 1
88198 47121 1
88198 139760 1
69750 85515 1
69750 12876 1
69750 110430 1
69750 125569 1
45210 112735 1
45210 125987 1
17809 120465 1
17809 5823 1
17809 130764 1
17809 67717 1
17809 23292 1
103437 136008 1
98781 34251 1
98781 1408 1
98781 147079 1
98781 50847 1
152282 82350 1
3430 101029 1
3430 153024 1
3430 85987 1
3430 149311 1
34923 103868 1
3983 113992 1
3983 152942 1
3983 143186 1
3983 124511 1
95190 41425 1
95190 16800 1
95190 37298 1
95190 72779 1
148573 40047 1
148573 11725 1
148573 111400 1
148573 58609 1
148573 130530 1
52867 530 1
52867 78522 1
28736 1930 1
28736 114063 1
28736 99332 1
28736 52848 1
44687 97333 1
44687 114370 1
44687 95228 1
125887 136008 1
82688 38863 1
84459 23244 1
46450 37976 1
46450 1774 1
46450 53963 1
46450 48897 1
46450 101718 1
34325 83227 1
34325 57432 1
34325 124715 1
34325 93525 1
34325 120751 1
63693 113689 1
45288 108984 1
13 35050 1
97764 4481 1
97764 128591 1
74356 128097 1
74356 79184 1
154575 142910 1
102648 7588 1
102648 35050 1
121462 40314 1
121462 38863 1
121462 97555 1
29488 124314 1
29488 31752 1
26625 69651 1
26625 7933 1
26625 34151 1
26625 104224 1
68343 152810 1
68343 74356 1
123018 140182 1
123018 14106 1
123018 78868 1
104730 61428 1
104730 124511 1
93201 313 1
53621 33003 1
53621 14515 1
53621 15436 1
53621 40729 1
137057 82350 1
112926 876 1
112926 17922 1
112926 118878 1
110953 50450 1
110953 129269 1
125679 86478 1
94954 43548 1
36138 98291 1
129670 1466 1
129670 49793 1
41513 2139 1
41513 87280 1
97555 202 1
97555 55048 1
97555 131814 1
12443 150 1
12443 9980 1
12443 114197 1
30570 34743 1
30570 150 1
30570 114823 1
126488 98291 1
2807 78048 1
138525 138099 1
130813 91582 1
130813 90215 1
202 118997 1
202 140657 1
202 97555 1
202 33003 1
202 31691 1
68950 82822 1
120942 455 1
120942 126649 1
120942 127205 1
2139 29991 1
141894 109428 1
141894 66736 1
33439 101029 1
33439 151066 1
67667 92643 1
23309 89373 1
54933 3155 1
42254 116528 1
128645 55897 1
21185 2882 1
21185 43244 1
111297 27732 1
110899 62889 1
110899 79904 1
134188 842 1
134188 47090 1
137696 41478 1
137696 124714 1
63109 29901 1
111780 98291 1
111780 82972 1
46790 148458 1
48581 126374 1
48581 75103 1
1195 84556 1
1195 150816 1
1466 129670 1
1466 22647 1
1466 74118 1
116085 9229 1
119409 114197 1
119409 150 1
3662 8341 1
31730 6218 1
31730 153640 1
97170 701 1
97170 138584 1
30458 82609 1
30458 98983 1
142454 92137 1
142454 44110 1
142454 98983 1
9082 145882 1
154683 98983 1
59561 32139 1
59561 22044 1
42161 114799 1
110957 94728 1
142200 133968 1
1084 72779 1
93109 78723 1
56649 7819 1
56649 85895 1
114940 50922 1
114940 40314 1
114940 120988 1
124484 39422 1
146979 148458 1
61848 117605 1
16858 136812 1
16858 26740 1
701 21418 1
701 54080 1
701 3155 1
701 90215 1
57113 3525 1
57113 9725 1
57113 94746 1
152147 45657 1
152147 73314 1
154863 313 1
154863 48113 1
154863 129735 1
84060 80970 1
109827 150 1
146386 1189 1
127981 22044 1
106887 91196 1
106887 23162 1
136714 87401 1
136714 105424 1
136714 122297 1
105630 8341 1
46460 128998 1
4274 86478 1
4274 40899 1
113511 86478 1
56520 86478 1
135282 97000 1
135282 135865 1
103660 876 1
112642 45347 1
84830 72540 1
84830 115579 1
48020 24760 1
48020 121639 1
43244 21185 1
143278 150816 1
121841 94728 1
121841 95228 1
121841 123763 1
35271 154764 1
35271 6508 1
35271 103266 1
35271 84078 1
31181 120988 1
77541 141298 1
77541 4311 1
77541 18996 1
77541 31523 1
77541 149311 1
128666 59184 1
128666 137045 1
15564 81091 1
91582 32998 1
91582 131699 1
91582 150249 1
91582 54345 1
91582 135865 1
92822 23157 1
92822 138588 1
92822 29919 1
92822 111925 1
64401 94746 1
64401 6623 1
64401 9725 1
64401 83924 1
64401 92632 1
4140 47837 1
4140 71290 1
4140 151066 1
135020 9725 1
135020 38863 1
135020 99668 1
135020 132301 1
141422 81091 1
71772 60277 1
71772 842 1
71772 129389 1
71772 115864 1
71772 74356 1
6723 46467 1
6723 120988 1
45426 15267 1
45426 79592 1
45426 124253 1
45426 25481 1
45426 79704 1
23549 125846 1
23549 2969 1
23549 132716 1
23549 75867 1
53222 64270 1
53222 129531 1
53222 124322 1
53222 125449 1
133795 80970 1
151459 30021 1
151459 227 1
151459 128714 1
151459 44443 1
1087 100720 1
27627 92941 1
27627 316 1
27627 125288 1
27627 86490 1
27627 28532 1
101094 16767 1
101094 134240 1
101094 30080 1
101094 131112 1
141003 34849 1
141003 617 1
141003 113966 1
141003 43712 1
141003 141282 1
48160 113479 1
48160 146750 1
48160 90415 1
2555 54482 1
2555 124234 1
2555 90415 1
34196 89893 1
34196 18996 1
34196 146240 1
34196 49019 1
34196 70812 1
55669 90415 1
31188 126475 1
31188 7781 1
31188 130833 1
31188 139158 1
31188 115006 1
20145 231 1
20145 72860 1
20145 88347 1
20145 21520 1
64323 1250 1
64323 90728 1
64323 149972 1
102274 25864 1
102274 1566 1
102274 45377 1
102274 139343 1
18838 111379 1
18838 508 1
18838 124144 1
18838 79777 1
18838 33529 1
842 146921 1
842 29458 1
842 1439 1
105118 47138 1
105118 18018 1
105118 113974 1
105118 52848 1
21105 36287 1
21105 100081 1
21105 35884 1
68958 36287 1
82455 150816 1
64151 82822 1
111186 37594 1
111186 2557 1
111186 133048 1
111186 47677 1
111186 117860 1
44110 100994 1
44110 6080 1
44110 69214 1
44110 68580 1
37761 14897 1
37761 876 1
49237 27087 1
49237 3557 1
49237 74089 1
49237 45442 1
133082 101029 1
133082 62380 1
49369 140182 1
127205 25703 1
127205 1798 1
127205 132285 1
127205 37706 1
80505 62933 1
44922 100720 1
112942 21030 1
112942 181 1
112942 111717 1
112942 126262 1
153024 33495 1
153024 3430 1
153024 123080 1
153024 136121 1
107134 50892 1
107134 8445 1
107134 149794 1
107134 60355 1
107134 136008 1
142257 58180 1
142257 30873 1
142257 56217 1
142257 87612 1
71214 3061 1
71214 149311 1
71214 36061 1
71214 140983 1
33029 108954 1
33029 30873 1
59946 100720 1
40314 33279 1
40314 1713 1
40314 82169 1
40314 38863 1
40314 121462 1
128722 113153 1
128722 17579 1
128722 34849 1
128722 149517 1
90800 68767 1
90800 128493 1
90800 100509 1
90800 54512 1
94481 36638 1
94481 56723 1
154181 12040 1
154181 154772 1
154181 112296 1
149273 21626 1
149273 1129 1
149273 150350 1
149273 31476 1
149273 138036 1
149555 34122 1
149555 3487 1
149555 128769 1
149555 47139 1
149555 148346 1
21947 136455 1
21947 10006 1
21947 133225 1
96549 32121 1
96549 842 1
96549 40727 1
96549 103397 1
49019 40076 1
49019 3796 1
49019 146767 1
49019 54011 1
133624 131930 1
133624 23867 1
133624 82822 1
133624 133555 1
110311 66710 1
110311 31318 1
61231 23564 1
61231 129760 1
61231 35823 1
79738 43712 1
79738 3295 1
79738 105540 1
79738 95189 1
1798 53026 1
1798 154897 1
1798 105031 1
103639 24265 1
103639 3579 1
103639 153640 1
103639 113217 1
151996 304 1
151996 31066 1
151996 104508 1
28815 36233 1
28815 6161 1
28815 71668 1
28815 81951 1
28815 95228 1
93020 41901 1
93020 2325 1
93020 122541 1
93020 53026 1
93020 124511 1
3780 81570 1
3780 73579 1
3780 60589 1
3780 31857 1
122344 85012 1
122344 32129 1
122344 50480 1
151792 36635 1
151792 124753 1
151792 147576 1
64381 3087 1
64381 1189 1
88103 27671 1
134001 101029 1
134001 115827 1
134001 149311 1
64118 54880 1
64118 92439 1
64118 77506 1
64118 127007 1
723 53729 1
723 71290 1
723 120751 1
128591 121614 1
128591 30873 1
128591 75055 1
128591 97764 1
128591 105941 1
151066 683 1
151066 114660 1
151066 54011 1
151066 127128 1
43499 45377 1
43499 66710 1
43499 120988 1
6280 105590 1
6280 14525 1
6280 113116 1
23867 1335 1
23867 147100 1
23867 54257 1
133914 29901 1
133914 18996 1
133914 27334 1
133914 124314 1
133914 129213 1
80105 93305 1
80105 27671 1
80105 49058 1
49929 61810 1
49929 186 1
49929 113689 1
66786 71365 1
66786 53772 1
134680 107339 1
134680 95714 1
134680 78235 1
92553 36009 1
92553 945 1
92553 121927 1
92553 41655 1
92553 103257 1
112352 23244 1
13783 19618 1
13783 13670 1
13783 132665 1
13783 35050 1
47215 88441 1
47215 9879 1
47215 16310 1
47215 29405 1
47215 104111 1
7951 13734 1
7951 97732 1
7951 26253 1
71735 151835 1
71735 85012 1
119588 1189 1
97000 30719 1
97000 3769 1
130129 39045 1
130129 3903 1
130129 152588 1
130129 50523 1
130129 130783 1
123164 117346 1
123164 106097 1
123573 146146 1
123573 8725 1
123573 31610 1
123573 51291 1
123573 153640 1
52718 547 1
52718 54378 1
52718 80003 1
29405 30317 1
29405 96229 1
29405 56087 1
22969 150568 1
22969 1021 1
22969 55151 1
