112297 113362 1
113362 8724 1
113362 85722 1
113362 3074 1
113362 37683 1
113362 144358 1
37683 132756 1
37683 48872 1
37683 25022 1
37683 62509 1
37683 15194 1
8724 4139 1
8724 148395 1
8724 110550 1
8724 123224 1
8724 120398 1
3074 113362 1
144358 113362 1
85722 113362 1
85722 70919 1
123224 8724 1
70919 19120 1
70919 107686 1
70919 12088 1
70919 43192 1
70919 91346 1
62509 37683 1
62509 151634 1
62509 18488 1
62509 59538 1
62509 5926 1
25022 61698 1
25022 37683 1
25022 65305 1
25022 118063 1
25022 80991 1
132756 12394 1
132756 98914 1
132756 154838 1
132756 152191 1
132756 132211 1
48872 27436 1
48872 91697 1
48872 5634 1
48872 119510 1
48872 3647 1
15194 15021 1
15194 68385 1
15194 6491 1
15194 91916 1
15194 105971 1
120398 77434 1
120398 4991 1
120398 9010 1
120398 74140 1
120398 8724 1
4139 35879 1
4139 8724 1
4139 8180 1
4139 137990 1
4139 149156 1
148395 29899 1
148395 8724 1
148395 45056 1
148395 107681 1
110550 8724 1
154838 54847 1
154838 40861 1
154838 132756 1
154838 149232 1
27436 130571 1
27436 6693 1
27436 54386 1
27436 48872 1
27436 15790 1
12394 13797 1
12394 70664 1
12394 152482 1
12394 96762 1
12394 95753 1
105971 19201 1
105971 84111 1
105971 151802 1
105971 144254 1
105971 140942 1
9010 34439 1
9010 12348 1
9010 41228 1
9010 83065 1
9010 149736 1
118063 25022 1
43192 92788 1
43192 31849 1
43192 118498 1
43192 70919 1
43192 106105 1
80991 124432 1
80991 25022 1
80991 59967 1
80991 78969 1
80991 27339 1
65305 80025 1
65305 25022 1
61698 127333 1
61698 21361 1
61698 39330 1
61698 80745 1
61698 25022 1
5926 107388 1
5926 31476 1
5926 25481 1
5926 84796 1
5926 50550 1
107681 22234 1
107681 89155 1
107681 8469 1
107681 31752 1
107681 112076 1
151634 62509 1
152191 132756 1
152191 82721 1
152191 95353 1
152191 119117 1
152191 84693 1
6491 15194 1
6491 136088 1
6491 41964 1
6491 99310 1
45056 148395 1
29899 148395 1
35879 13733 1
35879 81627 1
35879 71375 1
35879 123194 1
35879 109005 1
5634 126497 1
5634 48872 1
5634 58901 1
5634 106486 1
137990 23682 1
137990 68169 1
137990 151944 1
137990 153746 1
137990 118059 1
8180 104780 1
8180 49139 1
8180 84549 1
8180 16660 1
8180 146592 1
74140 92065 1
74140 43351 1
74140 116426 1
74140 77833 1
74140 63414 1
91916 12136 1
91916 77395 1
91916 107371 1
91916 101487 1
91916 101458 1
3647 57766 1
3647 142700 1
3647 145473 1
3647 100301 1
3647 18688 1
15021 43768 1
15021 3650 1
15021 15194 1
15021 81069 1
18488 118795 1
18488 110513 1
18488 153547 1
18488 116199 1
18488 106306 1
119510 102177 1
119510 130508 1
119510 48872 1
119510 75949 1
119510 43451 1
59538 62509 1
98914 71123 1
98914 151982 1
98914 44029 1
98914 48017 1
98914 36871 1
19120 70919 1
19120 539 1
91697 80999 1
91697 138085 1
91697 46784 1
91697 48872 1
91697 32959 1
132211 7762 1
132211 81207 1
132211 121115 1
132211 126834 1
132211 110210 1
68385 14668 1
68385 152322 1
68385 136973 1
68385 113149 1
68385 126904 1
91346 154485 1
91346 24391 1
91346 119716 1
91346 56650 1
91346 45304 1
149156 18615 1
149156 90598 1
149156 137116 1
149156 140831 1
149156 121454 1
77434 35422 1
77434 136880 1
77434 139028 1
77434 98173 1
77434 124155 1
107686 70919 1
12088 109316 1
12088 17465 1
12088 70919 1
4991 82120 1
4991 154292 1
4991 75266 1
4991 120464 1
4991 97536 1
18688 11032 1
18688 57066 1
18688 4273 1
18688 85248 1
18688 3647 1
149232 7933 1
149232 63438 1
149232 124962 1
149232 129934 1
149232 114170 1
145473 12258 1
145473 55271 1
145473 106619 1
145473 109420 1
145473 96568 1
50550 10000 1
50550 110618 1
50550 107102 1
50550 71014 1
50550 71375 1
57766 20744 1
57766 88238 1
57766 7110 1
57766 27953 1
57766 75755 1
36871 13695 1
36871 56114 1
36871 66812 1
36871 33494 1
36871 111336 1
77395 28262 1
77395 133237 1
77395 16041 1
77395 61339 1
77395 12866 1
77833 5761 1
77833 73860 1
77833 2824 1
77833 34669 1
77833 82769 1
116426 11122 1
116426 78969 1
116426 3613 1
116426 27674 1
116426 120303 1
107371 132238 1
107371 91916 1
43351 16767 1
43351 79644 1
43351 60124 1
43351 132283 1
43351 65485 1
101487 106508 1
101487 2380 1
101487 81690 1
101487 91916 1
101487 68299 1
58901 16653 1
58901 68004 1
58901 111354 1
58901 31510 1
58901 135517 1
12136 68992 1
12136 44225 1
12136 4664 1
12136 41099 1
12136 114024 1
146592 8078 1
146592 78758 1
146592 140864 1
146592 152832 1
146592 121711 1
63414 16484 1
63414 105347 1
63414 7887 1
63414 26504 1
63414 103638 1
126497 16611 1
126497 84397 1
126497 8767 1
126497 31381 1
126497 143563 1
82120 126661 1
82120 46302 1
82120 105118 1
82120 80178 1
82120 67199 1
16660 8180 1
49139 2245 1
49139 43942 1
49139 92606 1
49139 63682 1
49139 91582 1
104780 8180 1
118059 88230 1
118059 20131 1
118059 120458 1
118059 137990 1
68169 11122 1
68169 54307 1
68169 88756 1
68169 74987 1
68169 138786 1
8469 30281 1
8469 147369 1
8469 31211 1
8469 43604 1
8469 39104 1
31752 21128 1
31752 94761 1
31752 40968 1
31752 118651 1
31752 134443 1
81069 12394 1
81069 98051 1
81069 3801 1
81069 26760 1
81069 94571 1
27339 9690 1
27339 118344 1
27339 116850 1
27339 62457 1
27339 73691 1
109005 123356 1
109005 35879 1
109005 95337 1
109005 126266 1
109005 36227 1
17465 8616 1
17465 124219 1
17465 107135 1
17465 63234 1
17465 123760 1
71375 9725 1
71375 45195 1
71375 70176 1
71375 76801 1
71375 64195 1
84111 9869 1
84111 52163 1
84111 115744 1
84111 142383 1
84111 82445 1
81627 10439 1
81627 81034 1
81627 4438 1
81627 28969 1
81627 140776 1
99310 20420 1
99310 134026 1
99310 9372 1
99310 46824 1
99310 6491 1
25481 14316 1
25481 69566 1
25481 3491 1
25481 102529 1
25481 45426 1
31849 14810 1
31849 136880 1
31849 3471 1
31849 22613 1
31849 131538 1
84549 8180 1
95353 10753 1
95353 95243 1
95353 3475 1
95353 29085 1
95353 114531 1
106486 18506 1
106486 83341 1
106486 5634 1
106486 29879 1
106486 113612 1
82721 4703 1
82721 107423 1
82721 125694 1
82721 15344 1
82721 97894 1
153746 23434 1
153746 116796 1
153746 14218 1
153746 92840 1
153746 6351 1
84693 27161 1
84693 79076 1
84693 115828 1
84693 104442 1
84693 119117 1
153547 19308 1
153547 75031 1
153547 16426 1
153547 27885 1
153547 141205 1
119117 22524 1
119117 117024 1
119117 12394 1
119117 54449 1
119117 10503 1
84796 11762 1
84796 76926 1
84796 137203 1
84796 22253 1
84796 146268 1
81207 17194 1
81207 70885 1
81207 8530 1
81207 23829 1
81207 127061 1
106306 45349 1
106306 119731 1
106306 16368 1
106306 70254 1
106306 15230 1
75266 40065 1
75266 4991 1
80745 119192 1
80745 21318 1
80745 61698 1
80745 71541 1
80745 26487 1
112076 10676 1
112076 69180 1
112076 115429 1
112076 126056 1
112076 115365 1
102177 9230 1
102177 58834 1
102177 119510 1
102177 116326 1
102177 153370 1
110210 15707 1
110210 102335 1
110210 7768 1
110210 44778 1
110210 151264 1
130508 7295 1
130508 73236 1
130508 116327 1
130508 119510 1
130508 109730 1
75949 146277 1
75949 31849 1
75949 104845 1
75949 51422 1
75949 43643 1
48017 19328 1
48017 131223 1
48017 4495 1
48017 23963 1
48017 58357 1
56650 15326 1
56650 73270 1
56650 8156 1
56650 30902 1
56650 143528 1
43768 7648 1
43768 56234 1
43768 96504 1
43768 133116 1
43768 48869 1
539 32399 1
539 18246 1
539 69254 1
539 59439 1
539 141033 1
14668 52308 1
14668 68385 1
126904 68385 1
80999 11782 1
80999 57934 1
80999 107433 1
80999 105892 1
80999 104210 1
34439 104857 1
34439 9010 1
34439 35968 1
34439 66781 1
34439 129816 1
123194 20251 1
123194 72874 1
123194 120554 1
123194 123049 1
123194 111225 1
71123 12522 1
71123 71830 1
71123 4375 1
71123 22259 1
71123 128492 1
32959 16241 1
32959 50345 1
32959 142432 1
32959 50916 1
32959 38776 1
126834 9565 1
126834 53144 1
126834 111869 1
126834 115009 1
126834 95666 1
152322 27727 1
152322 100019 1
152322 12635 1
152322 40960 1
152322 137426 1
24391 91346 1
116199 12109 1
116199 87431 1
116199 3734 1
116199 22669 1
116199 123870 1
89155 107681 1
121115 139426 1
121115 44453 1
121115 132211 1
136973 73894 1
136973 2964 1
136973 68385 1
136973 69766 1
136973 45306 1
154485 24216 1
154485 87771 1
154485 150563 1
154485 154835 1
154485 125612 1
118498 19824 1
118498 70036 1
118498 9578 1
118498 29777 1
118498 145615 1
45304 91346 1
45304 13457 1
45304 87149 1
18615 149156 1
18615 100825 1
18615 127273 1
90598 77512 1
90598 121614 1
90598 32809 1
90598 144549 1
90598 25120 1
130571 9305 1
130571 81122 1
130571 6131 1
130571 18045 1
130571 133049 1
80025 15491 1
80025 119174 1
80025 100844 1
80025 31369 1
80025 151241 1
139028 15913 1
139028 85284 1
139028 135697 1
139028 151994 1
139028 123548 1
6693 66631 1
6693 62800 1
6693 55107 1
6693 68756 1
6693 54850 1
121454 35015 1
121454 9690 1
121454 44746 1
121454 149156 1
22234 36871 1
22234 104269 1
22234 46329 1
22234 100988 1
22234 30191 1
151982 7443 1
151982 93174 1
151982 147215 1
151982 148426 1
151982 124813 1
35422 79368 1
35422 16462 1
35422 77434 1
35422 147301 1
109316 16556 1
109316 94761 1
109316 138873 1
109316 39095 1
109316 125107 1
151802 22880 1
151802 87509 1
151802 151447 1
151802 28929 1
151802 135282 1
136088 9621 1
136088 47569 1
136088 90474 1
136088 91970 1
136088 77124 1
107388 15539 1
107388 86070 1
107388 13604 1
107388 27241 1
107388 147807 1
92065 13165 1
92065 81041 1
92065 112246 1
92065 21609 1
92065 97109 1
39330 46180 1
39330 120851 1
39330 53249 1
39330 117711 1
39330 131104 1
154292 90447 1
154292 4991 1
154292 116199 1
154292 121959 1
70664 118974 1
70664 32333 1
70664 103639 1
70664 67611 1
70664 56740 1
46784 19748 1
46784 73516 1
46784 6978 1
46784 28484 1
46784 89585 1
59967 29569 1
59967 86857 1
59967 25541 1
59967 36619 1
59967 9219 1
21361 66566 1
21361 138314 1
21361 61698 1
21361 121734 1
21361 67441 1
3650 146290 1
3650 111218 1
3650 53604 1
3650 39641 1
3650 65219 1
110513 11915 1
110513 81340 1
110513 140273 1
110513 116094 1
110513 145723 1
140831 32215 1
140831 149156 1
140831 13733 1
140831 76221 1
140831 8147 1
106105 25687 1
106105 92369 1
106105 127452 1
106105 44615 1
106105 118710 1
97536 6845 1
97536 46697 1
97536 142840 1
97536 84918 1
97536 74971 1
83065 54292 1
83065 9010 1
83065 63949 1
127333 19808 1
127333 95558 1
127333 15592 1
127333 28776 1
127333 135742 1
92788 17097 1
92788 82834 1
92788 10653 1
92788 43192 1
92788 133216 1
13733 31958 1
13733 138525 1
13733 43986 1
13733 140140 1
13733 96086 1
149736 18004 1
149736 9010 1
12348 52903 1
12348 30582 1
12348 14371 1
12348 138000 1
12348 9612 1
78969 5415 1
78969 61542 1
78969 100394 1
78969 136750 1
78969 119067 1
41228 4598 1
41228 33297 1
41228 98284 1
41228 96091 1
41228 92713 1
137116 17674 1
137116 115006 1
137116 13547 1
137116 47087 1
137116 11354 1
100301 6974 1
100301 38757 1
100301 114403 1
100301 80768 1
100301 68343 1
41964 10625 1
41964 57831 1
41964 3040 1
41964 27341 1
41964 2318 1
15790 139648 1
15790 69695 1
15790 9925 1
15790 83465 1
15790 36731 1
120464 4991 1
120464 49217 1
120464 90727 1
120464 93905 1
120464 83479 1
43451 14877 1
43451 78132 1
43451 7851 1
43451 35875 1
43451 140657 1
19201 63236 1
19201 126659 1
19201 15321 1
19201 95284 1
19201 71379 1
54847 9759 1
54847 129929 1
54847 118849 1
54847 141507 1
54847 125880 1
151944 24379 1
151944 116151 1
151944 11109 1
151944 41964 1
151944 8010 1
118795 76286 1
118795 92408 1
118795 55339 1
118795 132731 1
118795 51613 1
54386 25552 1
54386 144805 1
54386 148859 1
54386 41228 1
54386 64865 1
124432 22327 1
124432 80991 1
124432 7472 1
124432 26822 1
124432 135241 1
142700 16800 1
142700 85519 1
142700 150297 1
142700 143907 1
142700 137426 1
136880 18542 1
136880 74220 1
136880 119877 1
136880 121035 1
136880 100720 1
101458 87255 1
101458 100301 1
101458 27276 1
101458 36295 1
101458 20744 1
98173 81476 1
98173 103311 1
98173 69123 1
98173 74927 1
98173 58332 1
13797 12394 1
13797 74992 1
13797 129147 1
13797 52878 1
13797 138480 1
40861 9759 1
40861 58672 1
40861 8042 1
40861 37187 1
40861 150262 1
31476 25440 1
31476 129991 1
31476 6874 1
31476 71439 1
31476 5926 1
95753 19763 1
95753 106632 1
95753 8427 1
95753 36270 1
95753 4806 1
7762 37510 1
7762 68170 1
7762 139454 1
7762 62969 1
7762 28138 1
23682 7874 1
23682 102168 1
23682 123463 1
23682 74958 1
23682 152863 1
119716 13873 1
119716 52190 1
119716 94786 1
119716 96278 1
119716 81551 1
113149 51532 1
113149 3019 1
113149 68385 1
113149 109642 1
138085 149519 1
138085 38021 1
138085 140445 1
138085 71668 1
138085 58312 1
124155 100026 1
124155 23983 1
124155 77434 1
124155 92606 1
124155 49915 1
144254 14680 1
144254 56914 1
144254 106171 1
144254 110348 1
144254 88308 1
152482 13606 1
152482 81485 1
152482 1655 1
152482 30631 1
152482 141807 1
96762 18509 1
96762 63587 1
96762 150736 1
96762 106215 1
96762 99107 1
44029 14478 1
44029 59804 1
44029 128216 1
44029 154460 1
44029 129350 1
140942 14367 1
140942 89210 1
140942 9078 1
140942 25774 1
140942 135992 1
73516 89585 1
135241 57934 1
67611 70664 1
67611 54011 1
8147 57766 1
8147 140831 1
126659 19201 1
131104 39330 1
131104 124762 1
88308 144254 1
88308 114379 1
46180 39330 1
13165 76306 1
112246 92065 1
112246 149232 1
86070 107388 1
91970 6480 1
47569 136088 1
125107 109316 1
44453 121115 1
138873 109316 1
120851 39330 1
16556 109316 1
23963 48017 1
27161 84693 1
148426 18004 1
147215 151982 1
30191 22234 1
10439 81627 1
69695 15790 1
46329 22234 1
7648 43768 1
116850 58419 1
22880 151802 1
55107 59323 1
16426 153547 1
66631 6693 1
15913 114403 1
151241 80025 1
119174 80025 1
119174 9759 1
15491 80025 1
32809 126009 1
29777 48872 1
29777 118498 1
66812 36871 1
19824 118498 1
18045 130571 1
125612 70176 1
125612 154485 1
154835 154485 1
154835 119877 1
154835 118974 1
87771 154485 1
139426 121115 1
123870 116199 1
137426 152482 1
137426 26504 1
43604 8469 1
40960 152322 1
121614 7295 1
62800 6693 1
9305 130571 1
100019 99548 1
13604 107388 1
18542 131644 1
18542 42726 1
95666 36488 1
118710 106105 1
55339 118795 1
104269 22234 1
3040 41964 1
53144 138525 1
147807 107388 1
9565 126834 1
15326 7629 1
12522 71123 1
9230 102177 1
123049 123194 1
51422 75949 1
119731 106306 1
114024 12136 1
129816 129991 1
66781 119877 1
97894 82721 1
144805 54386 1
129991 3650 1
129991 119117 1
104857 96762 1
110618 50550 1
110618 103645 1
9621 136088 1
38776 32959 1
31369 80025 1
11782 80999 1
4375 71123 1
141033 539 1
8530 81207 1
120458 84111 1
120458 150297 1
59439 539 1
3475 95353 1
3475 88035 1
133116 48017 1
133116 43768 1
73860 77833 1
96504 43768 1
56234 43768 1
89210 140942 1
30902 97467 1
84397 58965 1
8156 56650 1
19328 48017 1
19328 24760 1
25120 23839 1
92606 18509 1
92606 132238 1
9578 118498 1
6978 46784 1
73236 82201 1
54307 134040 1
54307 74992 1
7295 91970 1
131223 48017 1
151264 110210 1
11354 114379 1
11354 74992 1
102335 108308 1
102335 53963 1
102335 110210 1
102335 134988 1
102335 99107 1
38757 100301 1
58834 106442 1
58834 18937 1
58834 33736 1
58834 48110 1
77124 138424 1
77124 88429 1
137203 147450 1
126056 112076 1
39641 3650 1
115429 112076 1
10676 102848 1
10676 26098 1
10676 33208 1
26487 80745 1
16611 9869 1
16611 75587 1
16611 126497 1
22259 71123 1
113612 41513 1
119192 80745 1
142432 32959 1
142432 1015 1
109730 21185 1
109730 21155 1
40065 91440 1
40065 21399 1
40065 131538 1
139648 15790 1
70036 118498 1
15230 106306 1
70254 106306 1
16368 9370 1
16368 53640 1
16368 6861 1
45349 10549 1
45349 63506 1
45349 137213 1
70885 81207 1
31381 126497 1
3801 81069 1
3801 46203 1
3801 79197 1
3801 100026 1
73691 11637 1
73691 97348 1
7851 43451 1
9078 38061 1
9078 129044 1
9078 140942 1
140776 136171 1
140776 81627 1
115009 126834 1
69766 99220 1
13695 36871 1
48869 44575 1
48869 43768 1
48869 133216 1
95558 127333 1
95558 106508 1
70176 9690 1
70176 105971 1
70176 95228 1
70176 140243 1
57831 41964 1
57831 14436 1
39095 109316 1
28969 81627 1
134026 99310 1
100988 7887 1
100988 152214 1
111354 58901 1
60124 52977 1
60124 119877 1
60124 43351 1
14316 25481 1
3491 25481 1
8616 17465 1
45426 11218 1
45426 50345 1
41099 12136 1
3471 31849 1
128216 44029 1
2964 17551 1
2964 105271 1
2964 72328 1
2964 24693 1
18506 106486 1
18506 23341 1
131538 151105 1
96086 23109 1
96086 125287 1
96086 13733 1
96086 84111 1
96086 7574 1
83341 149073 1
83341 12122 1
83341 106486 1
79368 94980 1
79368 6292 1
79368 26662 1
79368 82573 1
106171 144254 1
142383 9074 1
142383 109236 1
29879 118997 1
29879 15059 1
29879 50698 1
141807 152482 1
14218 78723 1
129147 13797 1
129147 100394 1
129147 104546 1
7443 151982 1
115828 133434 1
115828 84693 1
152863 19763 1
152863 119877 1
10503 19144 1
36270 80747 1
89585 17925 1
89585 7981 1
36619 86686 1
36619 19949 1
36619 59967 1
138314 21361 1
30631 152482 1
52308 97068 1
52308 36077 1
53604 3650 1
53604 139156 1
53604 1914 1
65219 3650 1
15321 19201 1
15321 122187 1
11915 4718 1
11915 140070 1
11915 126795 1
11915 66165 1
76221 9080 1
76221 114379 1
76221 137116 1
104442 77124 1
95337 122588 1
74927 41665 1
74927 151145 1
68343 5766 1
68343 129776 1
68343 130129 1
68343 73018 1
119877 10716 1
119877 60124 1
119877 100350 1
119877 109335 1
119877 85427 1
127452 24301 1
127452 146135 1
127452 36343 1
142840 97536 1
4598 47837 1
74971 53349 1
74971 91715 1
133049 130571 1
19808 127333 1
85248 18688 1
97109 35137 1
97109 8724 1
135742 127333 1
78132 129147 1
78132 43451 1
82834 92788 1
6351 32850 1
55271 131538 1
68170 139655 1
68170 7762 1
129929 54847 1
140140 65929 1
61542 78969 1
9219 76014 1
119067 19949 1
27241 107388 1
123356 14913 1
140273 46203 1
140273 110513 1
114403 15913 1
114403 7933 1
35875 43451 1
106632 7629 1
27341 41964 1
116094 110513 1
69566 79738 1
69566 25481 1
36731 15790 1
12635 152322 1
6874 31476 1
52190 152322 1
49217 120464 1
45195 71375 1
121734 11109 1
116796 6480 1
116796 153746 1
9690 70176 1
9690 116327 1
17097 92788 1
26504 137426 1
26504 147301 1
117711 39330 1
8427 95753 1
90727 9733 1
135992 140942 1
4703 58965 1
111218 3650 1
20420 99310 1
93905 120464 1
6974 51932 1
14877 13797 1
63236 19201 1
18246 539 1
35015 6666 1
35015 81627 1
35015 80273 1
17674 10716 1
95284 19201 1
128492 71123 1
11109 3647 1
24216 154485 1
46302 82120 1
71379 19201 1
75031 153547 1
135282 151802 1
123760 17465 1
118849 54847 1
8010 13547 1
22253 84796 1
9612 94980 1
138000 18200 1
25541 129991 1
76286 118795 1
103639 121599 1
29569 59967 1
111869 126834 1
12109 116199 1
51613 118795 1
39104 129049 1
39104 8469 1
92408 118795 1
92408 113889 1
121035 16484 1
121035 137426 1
10753 95353 1
139454 35015 1
43986 13733 1
148859 54386 1
62969 7762 1
68004 58901 1
7472 38565 1
7472 124432 1
74958 23682 1
83465 15790 1
63234 17465 1
81340 110513 1
143907 142700 1
13873 149156 1
13873 56776 1
138525 41897 1
138525 70176 1
6845 97536 1
27276 5597 1
100720 136880 1
52163 22669 1
66566 21361 1
27885 153547 1
21318 80745 1
67441 21361 1
15592 127333 1
146290 3650 1
74992 32959 1
63949 29867 1
52878 154225 1
63587 96762 1
138480 131538 1
121711 146592 1
121711 142185 1
10653 92788 1
1655 152482 1
58672 73497 1
9372 99310 1
9372 46203 1
85284 139028 1
96091 41228 1
37187 40861 1
150262 40861 1
57066 116796 1
71439 31476 1
71439 53963 1
85519 142700 1
25440 31476 1
150297 15326 1
37510 7762 1
134443 136088 1
134443 31752 1
94786 12258 1
96278 119716 1
14478 44029 1
81551 119716 1
21128 31752 1
69123 18200 1
149519 138085 1
38021 9690 1
135517 58901 1
56914 144254 1
150736 96762 1
132238 92606 1
110348 144254 1
102168 4991 1
81485 91346 1
81485 97503 1
18509 96762 1
140445 32959 1
140445 138085 1
140445 91715 1
140445 4438 1
44615 106105 1
47087 137116 1
73894 97348 1
31211 8469 1
145723 110513 1
147369 24760 1
30281 8469 1
16041 77395 1
25552 54386 1
13547 68169 1
20131 72040 1
59804 117024 1
2824 77833 1
82769 77833 1
125694 82721 1
95243 11122 1
46824 99310 1
12258 131538 1
12258 136402 1
145615 118498 1
138786 68169 1
129350 44029 1
118651 31752 1
52903 12348 1
111336 36871 1
32399 539 1
7933 33736 1
7933 100394 1
7933 58332 1
126661 82120 1
68992 12136 1
74987 148757 1
80768 19122 1
80768 1899 1
98051 81069 1
76926 84796 1
81041 4991 1
81041 35137 1
69180 112076 1
106215 17465 1
106215 96762 1
106215 112817 1
107423 82721 1
4438 57934 1
43942 48017 1
43942 49139 1
80178 82120 1
99107 8147 1
99107 115791 1
99107 87255 1
99107 76014 1
126266 9759 1
12866 77395 1
27953 57766 1
27953 23570 1
63438 149232 1
63438 49139 1
28138 7762 1
2318 41964 1
15539 107388 1
135697 139028 1
129934 123463 1
129934 149232 1
22613 8078 1
22613 86686 1
22613 114379 1
62457 76014 1
62457 27339 1
62457 99107 1
16484 81207 1
43643 93498 1
43643 75949 1
81122 130571 1
65485 43351 1
31510 58901 1
71014 50550 1
28262 77395 1
28262 73251 1
29085 95353 1
3613 115744 1
21609 49139 1
106619 18506 1
58357 48017 1
102529 105892 1
5415 10381 1
5415 78969 1
10000 50550 1
28929 151802 1
96568 145473 1
68756 6693 1
54850 6693 1
107102 50550 1
9925 15790 1
2245 114170 1
2245 5909 1
2245 144621 1
50916 32959 1
68299 78711 1
14371 99961 1
4495 38572 1
4495 48017 1
6131 7933 1
109420 132238 1
109420 91916 1
109420 145473 1
109420 86686 1
14680 144254 1
14680 114379 1
86857 59967 1
3734 116199 1
9869 84111 1
8078 117216 1
64865 54386 1
5761 77833 1
40968 31752 1
124813 151982 1
53249 39330 1
152832 146592 1
107433 80999 1
107433 122187 1
100026 97536 1
100026 113278 1
100026 150335 1
78758 1899 1
13606 152482 1
82445 142383 1
82445 132633 1
115365 112076 1
120303 116426 1
107135 127273 1
111225 24693 1
111225 9962 1
20744 101458 1
20744 144254 1
88230 10559 1
88230 21920 1
79644 19763 1
79644 11915 1
79644 43351 1
79644 7933 1
56740 70664 1
140864 146592 1
54449 119117 1
54449 100394 1
30582 12348 1
30582 49139 1
11032 18688 1
61339 77395 1
4664 12136 1
15707 110210 1
144549 23109 1
144549 144621 1
144549 37350 1
71541 125746 1
71541 80745 1
103638 63414 1
103638 8725 1
92713 101295 1
92713 95306 1
8767 126497 1
8767 151313 1
8767 48145 1
88756 68169 1
88756 91725 1
88756 116177 1
63682 49139 1
19748 46784 1
14810 123255 1
14810 25687 1
7768 110210 1
143563 59652 1
143563 94571 1
143563 126497 1
87431 22482 1
87431 116199 1
16653 58901 1
92369 4742 1
92369 106105 1
92369 135282 1
67199 17313 1
67199 81558 1
67199 121959 1
67199 27443 1
67199 143977 1
11762 30435 1
11762 46115 1
15344 82721 1
100825 14395 1
100825 7165 1
100825 149345 1
56114 36871 1
77512 18589 1
77512 154500 1
77512 23323 1
77512 139479 1
74220 12394 1
74220 115108 1
74220 4395 1
105118 32661 1
105118 125036 1
105118 119806 1
105118 110537 1
146268 84796 1
91582 16109 1
91582 71653 1
91582 120751 1
91582 111817 1
71830 71123 1
151994 126050 1
151994 18014 1
151994 85912 1
151994 14218 1
17194 12200 1
17194 30527 1
17194 84360 1
17194 54415 1
17194 52341 1
2380 5515 1
2380 14647 1
2380 121170 1
2380 101487 1
133237 77395 1
87149 24670 1
87149 95212 1
87149 152115 1
