22318 48189 1
22318 108308 1
22318 23175 1
48189 104739 1
48189 142067 1
48189 136243 1
48189 28205 1
48189 129921 1
108308 102335 1
108308 75949 1
108308 100301 1
108308 45647 1
108308 66513 1
23175 30497 1
23175 23760 1
23175 122269 1
23175 65025 1
23175 138763 1
66513 108308 1
104739 105733 1
104739 48189 1
100301 27732 1
100301 49982 1
100301 98263 1
100301 11520 1
100301 14312 1
75949 23570 1
75949 131285 1
75949 64195 1
75949 7295 1
75949 13090 1
129921 48189 1
122269 23175 1
122269 12410 1
122269 137028 1
23760 35038 1
23760 105141 1
23760 117085 1
23760 37900 1
23760 38865 1
65025 23175 1
138763 61232 1
138763 95148 1
138763 135846 1
138763 28157 1
138763 47673 1
30497 23175 1
30497 14634 1
30497 108553 1
30497 66291 1
28205 52055 1
28205 48189 1
136243 48189 1
45647 62889 1
45647 53144 1
45647 62143 1
45647 121515 1
45647 63414 1
142067 48189 1
102335 108308 1
102335 53963 1
102335 110210 1
102335 134988 1
102335 99107 1
37900 23760 1
117085 23760 1
105141 23760 1
12410 18612 1
12410 132814 1
12410 53298 1
12410 108175 1
12410 141985 1
27732 29077 1
27732 81091 1
27732 123383 1
27732 23796 1
27732 27178 1
35038 27181 1
35038 23760 1
35038 140846 1
137028 60153 1
137028 106049 1
137028 54233 1
137028 17509 1
137028 28142 1
23570 27953 1
23570 138182 1
23570 99361 1
23570 22179 1
23570 114700 1
28157 138763 1
134988 70209 1
134988 97912 1
134988 69596 1
134988 17194 1
134988 41901 1
64195 125572 1
64195 93389 1
64195 63009 1
64195 25828 1
64195 48373 1
105733 63539 1
105733 104100 1
105733 58055 1
105733 19984 1
105733 40126 1
108553 30497 1
108553 64251 1
108553 145787 1
108553 17820 1
108553 23175 1
61232 138763 1
61232 43066 1
99107 36943 1
99107 62457 1
99107 96762 1
99107 13797 1
99107 23063 1
110210 98263 1
110210 125830 1
110210 95074 1
110210 44158 1
110210 61930 1
47673 138763 1
47673 129715 1
47673 126357 1
47673 15317 1
47673 28142 1
53963 53602 1
53963 99113 1
53963 61810 1
53963 33612 1
53963 43412 1
63414 59359 1
63414 130474 1
63414 59228 1
63414 25782 1
63414 36270 1
66291 121734 1
66291 102715 1
66291 99204 1
66291 26600 1
66291 42276 1
49982 100301 1
49982 76913 1
49982 143774 1
62143 57923 1
62143 124982 1
62143 53683 1
62143 17033 1
62143 33723 1
11520 44863 1
11520 49068 1
11520 92918 1
11520 81686 1
11520 91166 1
53144 34121 1
53144 52340 1
53144 141894 1
53144 9968 1
53144 20645 1
62889 30486 1
62889 91808 1
62889 85252 1
62889 16185 1
62889 18689 1
98263 17196 1
98263 79076 1
98263 39817 1
98263 146787 1
98263 9817 1
52055 69869 1
52055 133134 1
52055 139918 1
52055 27422 1
52055 33509 1
14634 123959 1
14634 103132 1
14634 145718 1
14634 149139 1
14634 35240 1
95148 105831 1
95148 138763 1
121515 67449 1
121515 108767 1
121515 62908 1
121515 34194 1
121515 44998 1
13090 47014 1
13090 30661 1
13090 66118 1
13090 36109 1
13090 53956 1
14312 88612 1
14312 136655 1
14312 64163 1
14312 11915 1
14312 103303 1
135846 138763 1
38865 58743 1
38865 50700 1
38865 108085 1
38865 120175 1
38865 22682 1
131285 75784 1
131285 113876 1
131285 74907 1
131285 31017 1
131285 52819 1
7295 143404 1
7295 80569 1
7295 88230 1
7295 124163 1
7295 115502 1
141894 24732 1
141894 147686 1
141894 65194 1
141894 8839 1
141894 14793 1
52340 143114 1
52340 74024 1
52340 151802 1
52340 17313 1
52340 46115 1
125572 21786 1
125572 128262 1
125572 101956 1
125572 49418 1
125572 92399 1
123383 40217 1
123383 152613 1
123383 145862 1
123383 87509 1
123383 119837 1
133134 63650 1
133134 52055 1
133134 146592 1
33723 46434 1
33723 129008 1
33723 62143 1
34121 53144 1
34121 9812 1
34121 87570 1
34121 126501 1
53683 70160 1
53683 62143 1
53683 67983 1
53683 30358 1
53683 52198 1
20645 82472 1
20645 53144 1
20645 66781 1
42276 124961 1
42276 107713 1
42276 66291 1
42276 153472 1
42276 93015 1
44863 101808 1
44863 90391 1
44863 50459 1
44863 37860 1
44863 106377 1
149139 14634 1
26600 66291 1
26600 110840 1
26600 131940 1
26600 29111 1
26600 17847 1
99204 113889 1
99204 133572 1
99204 131743 1
99204 41986 1
99204 95013 1
25782 130891 1
25782 63199 1
25782 126592 1
25782 69812 1
25782 93723 1
41901 105118 1
41901 56371 1
41901 106729 1
41901 24133 1
41901 33170 1
130474 137800 1
130474 16484 1
130474 63414 1
130474 108954 1
130474 27961 1
33612 111398 1
33612 53963 1
33612 78629 1
33612 36864 1
33612 58773 1
99113 53963 1
99113 23434 1
17033 62143 1
108175 74707 1
108175 105145 1
108175 73878 1
108175 26098 1
108175 58992 1
59228 89395 1
59228 72426 1
59228 60096 1
59228 146131 1
59228 49525 1
63009 20152 1
63009 136157 1
63009 58180 1
63009 7629 1
63009 11096 1
53602 42416 1
53602 115117 1
53602 83182 1
53602 25111 1
53602 32147 1
15317 112943 1
15317 51287 1
15317 124832 1
15317 11645 1
15317 28691 1
61930 110210 1
57923 62143 1
57923 49493 1
95074 83987 1
95074 8780 1
95074 110210 1
44158 26030 1
44158 41513 1
44158 150625 1
44158 4152 1
44158 12040 1
13797 98994 1
13797 154207 1
13797 72840 1
13797 115338 1
13797 145349 1
16185 23594 1
16185 123034 1
16185 62889 1
16185 79593 1
16185 80021 1
9817 150778 1
9817 41999 1
9817 83367 1
9817 75498 1
9817 58414 1
85252 41425 1
85252 109827 1
85252 123390 1
85252 19566 1
85252 35726 1
17194 81460 1
17194 18781 1
17194 28363 1
17194 24834 1
17194 90900 1
62457 76014 1
62457 5510 1
62457 27339 1
62457 99107 1
62457 15233 1
64251 65304 1
64251 114574 1
64251 17690 1
64251 29802 1
64251 17591 1
80569 46306 1
80569 57053 1
80569 65263 1
80569 66193 1
80569 96345 1
81686 58422 1
81686 84334 1
81686 135792 1
81686 22614 1
81686 41057 1
143774 63215 1
143774 94778 1
143774 49982 1
143774 15955 1
143774 34846 1
17509 133407 1
17509 137028 1
58055 105733 1
48373 48950 1
48373 88230 1
48373 65395 1
48373 127499 1
48373 101718 1
53956 112274 1
53956 106937 1
53956 153872 1
53956 36109 1
53956 41866 1
132814 16800 1
132814 12410 1
132814 87238 1
27181 151996 1
27181 154028 1
27181 34555 1
27181 80266 1
27181 82022 1
125830 147174 1
125830 110210 1
61810 146965 1
61810 116675 1
61810 75949 1
61810 41030 1
61810 60759 1
50700 153749 1
50700 90078 1
50700 148370 1
50700 34538 1
50700 59883 1
36270 31514 1
36270 103390 1
36270 54930 1
36270 13670 1
36270 22021 1
92918 56425 1
92918 82401 1
92918 107766 1
92918 19030 1
92918 28920 1
76913 61697 1
76913 108228 1
76913 59621 1
76913 25111 1
76913 36158 1
102715 50550 1
102715 75498 1
102715 110896 1
102715 22669 1
102715 35775 1
36943 88441 1
36943 17194 1
36943 99107 1
91166 73151 1
91166 134040 1
91166 72160 1
91166 18589 1
91166 46502 1
44998 123164 1
44998 18937 1
44998 106442 1
44998 121515 1
44998 57304 1
62908 118456 1
62908 72192 1
62908 121515 1
62908 88095 1
97912 68710 1
97912 117688 1
97912 67723 1
97912 25511 1
97912 47121 1
79076 54644 1
79076 114588 1
79076 52190 1
79076 11516 1
79076 33131 1
88230 62861 1
88230 153006 1
88230 54257 1
88230 21151 1
88230 36653 1
69869 92451 1
69869 52055 1
25828 53163 1
25828 111297 1
25828 92783 1
25828 36233 1
25828 35823 1
129715 66710 1
129715 47673 1
129715 107243 1
17820 103484 1
17820 27487 1
17820 75831 1
17820 129809 1
17820 56488 1
146787 130159 1
146787 146884 1
146787 98263 1
146787 107224 1
146787 57609 1
143404 7295 1
143404 2023 1
143404 52190 1
139918 99668 1
139918 52055 1
33509 52055 1
33509 54345 1
27422 52055 1
67449 121515 1
67449 65514 1
52819 131285 1
19984 19018 1
19984 142708 1
19984 45183 1
19984 25539 1
19984 50538 1
140846 65090 1
140846 94714 1
140846 64830 1
140846 34806 1
140846 45267 1
108767 69048 1
108767 141748 1
108767 62711 1
108767 25818 1
108767 40095 1
30661 123820 1
30661 13090 1
136655 89581 1
136655 119488 1
136655 37401 1
136655 56994 1
136655 29271 1
35240 14634 1
39817 53144 1
39817 71368 1
39817 75281 1
39817 15540 1
39817 34729 1
64163 36540 1
64163 50906 1
64163 126685 1
64163 23257 1
64163 27132 1
124982 47023 1
124982 13573 1
124982 62143 1
124982 133017 1
91808 58710 1
91808 148776 1
91808 57726 1
91808 26100 1
91808 37690 1
11915 119579 1
11915 131247 1
11915 33126 1
11915 23682 1
11915 86544 1
22682 48198 1
22682 60114 1
22682 38865 1
22682 42578 1
22682 146303 1
58743 93959 1
58743 99646 1
58743 149510 1
58743 30038 1
58743 42508 1
105831 42448 1
105831 64838 1
105831 67444 1
105831 69414 1
105831 108888 1
108085 55231 1
108085 101715 1
108085 49518 1
108085 19246 1
108085 27779 1
75784 133818 1
75784 3278 1
75784 30861 1
75784 131285 1
75784 15900 1
103303 14312 1
31017 131285 1
120175 88767 1
120175 151447 1
120175 86008 1
120175 38715 1
120175 60563 1
23063 110554 1
23063 130155 1
23063 142211 1
23063 99107 1
23063 68160 1
9968 110210 1
9968 53144 1
9968 46676 1
9968 64558 1
145718 14634 1
103132 14634 1
47014 13090 1
47014 3387 1
47014 16109 1
47014 28736 1
66118 14899 1
66118 13090 1
66118 34273 1
66118 69195 1
124163 29738 1
124163 57162 1
124163 100738 1
124163 11109 1
124163 23705 1
70209 68084 1
70209 151066 1
70209 124409 1
70209 30029 1
70209 42135 1
113876 131285 1
113876 167 1
113876 63033 1
113876 108839 1
113876 39712 1
96762 51789 1
96762 98194 1
96762 151133 1
96762 26763 1
96762 44119 1
43412 83373 1
43412 149973 1
43412 118535 1
43412 28115 1
43412 83860 1
141985 59497 1
141985 87401 1
141985 152661 1
141985 19062 1
141985 42559 1
81091 36888 1
81091 56581 1
81091 84324 1
81091 9690 1
81091 17409 1
69596 134988 1
121734 60213 1
121734 91887 1
121734 126685 1
121734 24614 1
121734 41425 1
88612 14312 1
59359 60006 1
59359 21383 1
59359 81286 1
59359 63414 1
59359 55151 1
99361 94414 1
99361 145900 1
99361 91447 1
99361 45391 1
99361 70011 1
17196 41821 1
17196 121345 1
17196 82101 1
17196 98263 1
17196 33523 1
43066 98329 1
43066 70591 1
43066 151699 1
43066 24093 1
43066 40727 1
115502 95571 1
115502 55319 1
115502 83814 1
115502 34098 1
115502 49915 1
23796 111029 1
23796 93823 1
23796 69555 1
23796 18702 1
23796 142865 1
34194 125907 1
34194 101239 1
34194 153113 1
34194 93467 1
34194 20370 1
53298 12410 1
49068 53048 1
49068 139454 1
49068 89224 1
49068 22726 1
49068 45077 1
27178 27732 1
145787 108553 1
60153 137028 1
40126 79641 1
40126 75183 1
40126 96230 1
40126 23308 1
40126 40086 1
18689 149944 1
18689 74593 1
18689 19744 1
18689 67125 1
18689 11584 1
114700 23570 1
138182 23570 1
27953 64382 1
27953 9064 1
27953 126210 1
27953 57766 1
27953 23570 1
123959 45518 1
123959 14634 1
123959 87568 1
106049 137028 1
30486 147112 1
30486 42858 1
30486 47630 1
30486 61199 1
30486 24693 1
29077 43306 1
29077 27732 1
29077 63207 1
104100 110389 1
104100 120988 1
104100 131528 1
104100 52537 1
104100 143045 1
63539 101252 1
63539 77497 1
63539 75214 1
63539 36455 1
63539 52262 1
93389 66453 1
93389 88198 1
93389 123993 1
93389 28776 1
93389 49473 1
36109 46231 1
36109 56571 1
36109 128896 1
36109 8554 1
36109 22588 1
22179 99888 1
22179 140872 1
22179 144254 1
22179 31120 1
22179 58911 1
126357 71183 1
126357 74220 1
126357 89844 1
126357 144000 1
126357 26030 1
18612 98122 1
18612 121196 1
18612 125005 1
18612 83312 1
18612 12804 1
54233 54482 1
54233 50747 1
54233 137028 1
54233 94571 1
28142 57240 1
28142 137028 1
28142 68989 1
28142 22134 1
28142 119402 1
74907 98498 1
74907 118901 1
74907 88716 1
74907 19434 1
74907 57894 1
40727 95750 1
40727 90918 1
40727 97603 1
40727 17513 1
40727 31691 1
20152 76195 1
20152 117459 1
20152 105250 1
20152 80640 1
20152 85517 1
24093 46001 1
24093 71242 1
24093 17933 1
33523 52427 1
33523 119829 1
33523 17689 1
33523 59393 1
82101 143019 1
82101 75068 1
82101 37016 1
82101 53223 1
105145 108175 1
45391 44936 1
45391 108893 1
45391 82146 1
45391 27091 1
17409 81091 1
17409 11196 1
17409 96406 1
17409 73118 1
145900 52092 1
145900 99361 1
145900 50326 1
145900 17171 1
145900 30010 1
144254 45456 1
144254 71776 1
144254 130437 1
144254 19491 1
144254 26793 1
91887 85724 1
91887 131920 1
91887 83338 1
91887 28874 1
91887 69187 1
60213 54935 1
60213 101426 1
60213 52141 1
60213 22150 1
60213 45412 1
93015 31120 1
93015 18403 1
93015 42276 1
150625 57723 1
150625 135884 1
150625 48470 1
150625 26760 1
84324 106245 1
84324 88141 1
84324 91419 1
84324 40126 1
84324 80420 1
65395 102912 1
65395 76833 1
65395 117370 1
65395 28036 1
65395 36864 1
36888 117146 1
36888 43983 1
36888 58775 1
36888 30749 1
36888 57857 1
19062 141985 1
28115 150585 1
28115 46771 1
28115 130159 1
28115 14515 1
94778 31005 1
94778 152845 1
94778 61676 1
94778 9745 1
94778 19098 1
152661 67451 1
152661 123143 1
152661 59111 1
152661 29630 1
152661 49089 1
83860 43412 1
83860 8605 1
83373 40198 1
83373 104553 1
83373 16126 1
83373 33596 1
33170 131863 1
33170 98502 1
33170 116118 1
33170 22080 1
33170 72204 1
44119 69616 1
44119 132211 1
26763 133936 1
26763 47198 1
26763 50222 1
26763 69254 1
26763 124308 1
151133 77864 1
151133 146131 1
151133 24277 1
151133 29896 1
151133 17138 1
56488 17820 1
98194 60562 1
98194 89249 1
98194 98291 1
98194 24931 1
98194 42733 1
39712 62780 1
39712 65749 1
39712 142897 1
39712 67712 1
39712 118546 1
63033 91280 1
63033 66747 1
63033 76289 1
63033 25070 1
63033 40796 1
167 22858 1
167 2411 1
167 147020 1
167 37339 1
167 66362 1
42135 124432 1
42135 79038 1
42135 133886 1
42135 24265 1
42135 41299 1
151066 64318 1
151066 105383 1
151066 150533 1
151066 23805 1
151066 44028 1
57162 29735 1
57162 71637 1
57162 77106 1
57162 14525 1
57162 20445 1
34273 77484 1
34273 131920 1
34273 154207 1
34273 28295 1
34273 114463 1
14899 34357 1
14899 38241 1
14899 91440 1
14899 67466 1
14899 126103 1
99668 57137 1
99668 91889 1
99668 152945 1
99668 23700 1
99668 42401 1
28736 77327 1
28736 124217 1
28736 75005 1
28736 16657 1
28736 28577 1
16109 111780 1
16109 51268 1
16109 91582 1
16109 51724 1
16109 66325 1
46676 126371 1
46676 139145 1
46676 139037 1
46676 55152 1
46676 40232 1
142211 63327 1
142211 107973 1
142211 144882 1
142211 23063 1
37690 12983 1
37690 7964 1
37690 91808 1
37690 124308 1
88716 132086 1
88716 74907 1
88716 112514 1
88716 24412 1
88716 60683 1
130155 43059 1
130155 73571 1
130155 137418 1
130155 19266 1
130155 29614 1
15900 86577 1
15900 35244 1
15900 19725 1
15900 128544 1
30861 129944 1
30861 42549 1
30861 41332 1
30861 13022 1
30861 27671 1
30038 58672 1
30038 13132 1
30038 58743 1
11109 122549 1
11109 101988 1
11109 65716 1
11109 151944 1
11109 99869 1
3278 62774 1
3278 15707 1
3278 52292 1
3278 12250 1
3278 75784 1
133818 93629 1
133818 140579 1
133818 146469 1
133818 147437 1
133818 44242 1
42559 141985 1
42559 147976 1
42559 111274 1
19246 108085 1
49518 73442 1
49518 23944 1
49518 108085 1
49518 135223 1
9690 32266 1
9690 129886 1
9690 80917 1
9690 134116 1
9690 7841 1
74707 117856 1
74707 115716 1
74707 86277 1
74707 132103 1
74707 18403 1
19566 113000 1
19566 103548 1
19566 53772 1
19566 40047 1
19566 91874 1
101715 108085 1
142865 134751 1
142865 23796 1
142865 55613 1
142865 96878 1
142865 41136 1
108888 62705 1
108888 94471 1
108888 114893 1
108888 13250 1
108888 32571 1
69414 150535 1
69414 150586 1
69414 114330 1
69414 30043 1
69414 48785 1
67444 130348 1
67444 145963 1
67444 117750 1
67444 29291 1
67444 43022 1
107713 71344 1
107713 105024 1
107713 120440 1
107713 28100 1
107713 47275 1
146131 60260 1
146131 88390 1
146131 59228 1
146131 51621 1
106729 41901 1
57240 54416 1
57240 28142 1
57240 122078 1
107766 92918 1
146592 63327 1
146592 98239 1
146592 147174 1
146592 31971 1
146592 47495 1
93467 62306 1
93467 134826 1
93467 15562 1
93467 34194 1
70160 62705 1
70160 53683 1
63207 114059 1
63207 146109 1
63207 60105 1
63207 27671 1
63207 39274 1
50459 44863 1
50459 39900 1
50459 86049 1
50459 103729 1
48198 73095 1
48198 22682 1
48198 82432 1
48198 17867 1
27339 126493 1
27339 33734 1
27339 108924 1
27339 23341 1
27339 149847 1
150778 71232 1
150778 113404 1
150778 69493 1
150778 23121 1
150778 41644 1
68160 35627 1
68160 62899 1
68160 139339 1
68160 16322 1
68160 23063 1
80021 17811 1
80021 16185 1
133017 59556 1
133017 113529 1
133017 52976 1
133017 24693 1
133017 36945 1
94571 54233 1
94571 129219 1
94571 52848 1
94571 19284 1
94571 41364 1
63650 153121 1
63650 133134 1
63650 33312 1
63650 57490 1
52198 53683 1
52198 17685 1
118456 76263 1
118456 112847 1
118456 71368 1
118456 41254 1
118456 55688 1
49418 81416 1
49418 146485 1
49418 100487 1
49418 17881 1
49418 31886 1
98498 74907 1
98498 130159 1
98498 66541 1
98498 27534 1
98498 49493 1
49525 39178 1
49525 12459 1
49525 17440 1
31120 83368 1
31120 128335 1
31120 54705 1
31120 148494 1
52537 95481 1
52537 70559 1
52537 124898 1
52537 104100 1
52537 27091 1
124961 55217 1
124961 93913 1
124961 141373 1
124961 15724 1
124961 42276 1
55151 125954 1
55151 131517 1
55151 137344 1
55151 31477 1
55151 41669 1
101239 69057 1
101239 99107 1
101239 63463 1
101239 26085 1
101239 43907 1
64838 95841 1
64838 105831 1
64838 87149 1
64838 65598 1
64838 42312 1
37401 106908 1
37401 55691 1
37401 80408 1
37401 152835 1
86544 54415 1
86544 136714 1
86544 117605 1
86544 16367 1
86544 29863 1
32147 144629 1
32147 88055 1
32147 61224 1
32147 53602 1
32147 31691 1
25111 122936 1
25111 148573 1
25111 36918 1
25111 28048 1
51287 33872 1
51287 94778 1
51287 110634 1
51287 125954 1
51287 101781 1
93823 23796 1
88767 806 1
88767 479 1
88767 73584 1
88767 120175 1
46231 36109 1
93723 25782 1
93723 151811 1
93723 104817 1
93723 52121 1
93723 150329 1
4152 77746 1
4152 41425 1
4152 92594 1
4152 99221 1
4152 52385 1
12040 121756 1
12040 144691 1
12040 22367 1
12040 9838 1
12040 49101 1
55231 96263 1
55231 88523 1
55231 143406 1
55231 130160 1
55231 14647 1
16484 129844 1
16484 24419 1
16484 63414 1
16484 7588 1
16484 36866 1
54930 144178 1
54930 28849 1
54930 36270 1
54930 24244 1
110554 84525 1
110554 106967 1
110554 83381 1
110554 44134 1
110554 57261 1
87570 56413 1
87570 116999 1
87570 98784 1
87570 32783 1
87570 45451 1
100738 124163 1
86008 120175 1
72840 152833 1
72840 95698 1
72840 67801 1
72840 24211 1
72840 48038 1
56371 41901 1
56371 7212 1
17690 126451 1
17690 64251 1
17690 87001 1
17690 76896 1
123034 62583 1
123034 146707 1
123034 103558 1
123034 148801 1
52190 18199 1
52190 136582 1
52190 54345 1
52190 6418 1
52190 10164 1
54644 82058 1
54644 134138 1
54644 16185 1
54644 28318 1
131940 49619 1
131940 91334 1
131940 136886 1
131940 19082 1
131940 37009 1
124409 70209 1
124409 30634 1
124409 91196 1
133407 120636 1
133407 97057 1
133407 111647 1
133407 33109 1
118901 83200 1
118901 113479 1
118901 141815 1
118901 45556 1
118901 61970 1
56994 57345 1
56994 63431 1
56994 90366 1
56994 27106 1
56994 47097 1
35726 142099 1
35726 89422 1
35726 106513 1
35726 25579 1
35726 109827 1
83987 58736 1
83987 115720 1
83987 56688 1
83987 18589 1
83987 37086 1
28363 17194 1
137800 62139 1
137800 118263 1
137800 60074 1
137800 47736 1
101808 109945 1
101808 19949 1
101808 74424 1
101808 103048 1
101808 44863 1
18781 152449 1
18781 17194 1
142708 44878 1
142708 104544 1
142708 40006 1
142708 18701 1
142708 27443 1
24834 17194 1
51789 20445 1
51789 114420 1
51789 97033 1
51789 8793 1
51789 14877 1
123390 46652 1
123390 97916 1
123390 46222 1
123390 13956 1
123390 36831 1
64558 149249 1
64558 65079 1
64558 60404 1
64558 32309 1
121345 74444 1
121345 111332 1
121345 70607 1
121345 25708 1
121345 42148 1
45183 111043 1
45183 150280 1
45183 16857 1
45183 30988 1
5510 128559 1
5510 11354 1
5510 118948 1
5510 12040 1
5510 32783 1
11645 97209 1
11645 148822 1
11645 125880 1
11645 91447 1
11645 109484 1
147686 78389 1
147686 103470 1
147686 78187 1
147686 23040 1
147686 54292 1
126592 73518 1
126592 100902 1
126592 70608 1
126592 17313 1
126592 25782 1
65304 65147 1
65304 134195 1
65304 64574 1
65304 26555 1
65304 46263 1
56571 69671 1
56571 116620 1
56571 101542 1
56571 32697 1
56571 57985 1
92783 25828 1
92783 147822 1
92783 125052 1
92783 40006 1
92783 154863 1
76014 36564 1
76014 60097 1
76014 154207 1
76014 15118 1
76014 23549 1
36864 57877 1
36864 126423 1
36864 14128 1
36864 90134 1
36455 102969 1
36455 93484 1
36455 28181 1
36455 132763 1
119837 68169 1
119837 114766 1
119837 66502 1
119837 42433 1
13670 13860 1
13670 26698 1
13670 11997 1
13670 32524 1
27779 108085 1
129008 76338 1
129008 73732 1
129008 31602 1
129008 47152 1
46306 103525 1
46306 102392 1
46306 149156 1
46306 37694 1
46306 100674 1
149973 94606 1
149973 43412 1
71368 25614 1
71368 57495 1
71368 81522 1
71368 10825 1
71368 16464 1
29271 83971 1
29271 105018 1
29271 126965 1
29271 96256 1
29271 146827 1
34555 27181 1
58422 81686 1
58422 45306 1
94414 46073 1
94414 69057 1
94414 136373 1
94414 18980 1
94414 31137 1
66193 106651 1
66193 99129 1
66193 124314 1
66193 39823 1
66193 64556 1
125907 69461 1
125907 97348 1
125907 67398 1
125907 29430 1
125907 46024 1
22021 75595 1
22021 9219 1
22021 74380 1
22021 36270 1
148370 50700 1
49493 99462 1
49493 149577 1
49493 118941 1
49493 23998 1
49493 38681 1
17591 110018 1
17591 130783 1
17591 67765 1
17591 100502 1
17591 42535 1
135792 40126 1
135792 58829 1
135792 65263 1
135792 75867 1
135792 154747 1
145349 68825 1
145349 94668 1
145349 68151 1
145349 34019 1
145349 53286 1
106937 53956 1
115117 4152 1
115117 1123 1
115117 53602 1
34846 143774 1
7629 15326 1
7629 45918 1
7629 62514 1
7629 98450 1
7629 130252 1
60563 120175 1
50747 63921 1
50747 103646 1
50747 81986 1
50747 30191 1
50747 39954 1
62861 62154 1
62861 68160 1
62861 100981 1
62861 25120 1
62861 47023 1
98329 122099 1
98329 14828 1
98329 66080 1
98329 87235 1
98329 43066 1
59883 50700 1
64382 60278 1
64382 125880 1
64382 153322 1
64382 25231 1
64382 48471 1
28691 75665 1
28691 149063 1
28691 80805 1
28691 112530 1
28691 127061 1
128896 118258 1
128896 36109 1
83814 115502 1
69555 21755 1
69555 12913 1
69555 23796 1
69555 47706 1
127499 110896 1
127499 108209 1
127499 37298 1
127499 60260 1
58180 145265 1
58180 62939 1
58180 70501 1
58180 82752 1
58180 75673 1
80266 27181 1
147112 142887 1
147112 30486 1
147112 66589 1
147112 128861 1
147112 60360 1
20370 94778 1
20370 84822 1
20370 51641 1
20370 77061 1
20370 24599 1
95571 115502 1
95571 76166 1
95571 37959 1
95571 55855 1
53048 55191 1
53048 107094 1
53048 107203 1
53048 12954 1
53048 32406 1
35775 102715 1
24732 141894 1
24732 77434 1
59497 147976 1
59497 11479 1
59497 141985 1
59497 153012 1
19030 50733 1
19030 33288 1
19030 92918 1
82401 92918 1
82401 52085 1
82401 73236 1
82401 74822 1
82401 53380 1
139454 28604 1
139454 42161 1
139454 83700 1
139454 11126 1
139454 21355 1
22588 59319 1
22588 52347 1
22588 130554 1
22588 53520 1
19434 77982 1
19434 54618 1
19434 121012 1
19434 97038 1
19434 74907 1
22726 62502 1
22726 110733 1
22726 25377 1
22726 83328 1
22726 29324 1
50538 63300 1
50538 68164 1
50538 150318 1
50538 25651 1
146965 61810 1
45077 57382 1
45077 79018 1
45077 49068 1
45077 144621 1
45077 27671 1
79641 49804 1
79641 40126 1
79641 149232 1
79641 86446 1
57304 33247 1
57304 56911 1
57304 91855 1
57304 10879 1
57304 22444 1
26030 107036 1
26030 149311 1
26030 104326 1
26030 15039 1
26030 93451 1
82472 80577 1
82472 117685 1
82472 75755 1
82472 46450 1
82472 59510 1
118535 135336 1
118535 16597 1
118535 95337 1
118535 43412 1
101252 64189 1
101252 145441 1
101252 63672 1
101252 23332 1
101252 34569 1
63215 63179 1
63215 86257 1
63215 124740 1
63215 90398 1
63215 4943 1
75183 44746 1
75183 40126 1
58414 132995 1
58414 124333 1
58414 73342 1
58414 35226 1
58414 46853 1
69048 108767 1
23308 40126 1
74024 52340 1
74024 127552 1
74024 50464 1
74024 23462 1
74024 34461 1
149944 90317 1
149944 128762 1
149944 81558 1
149944 46749 1
149944 67010 1
74593 54416 1
74593 94396 1
74593 125052 1
74593 24233 1
74593 32942 1
83182 53602 1
19744 104932 1
19744 70345 1
19744 61335 1
19744 20675 1
19744 92941 1
67125 44531 1
67125 65661 1
67125 95692 1
67125 23335 1
67125 36140 1
121196 95105 1
121196 93470 1
121196 36863 1
121196 54497 1
11584 66995 1
11584 111580 1
11584 27952 1
11584 73198 1
11584 21061 1
42858 75162 1
42858 146399 1
42858 76296 1
42858 99297 1
103390 37491 1
103390 57965 1
103390 99673 1
103390 18384 1
103390 22278 1
15233 46460 1
15233 131033 1
15233 20271 1
15233 26890 1
15233 120597 1
9064 127666 1
9064 83151 1
9064 27953 1
9064 139882 1
9064 115997 1
123993 93389 1
123993 107801 1
123993 31552 1
123993 46417 1
123993 25231 1
98994 122635 1
98994 13797 1
98994 75595 1
98994 136484 1
98994 60306 1
107224 38983 1
107224 52013 1
107224 15118 1
107224 23309 1
126210 39817 1
126210 60589 1
126210 117860 1
126210 10673 1
126210 17152 1
65263 59029 1
65263 96563 1
65263 54940 1
65263 19811 1
65263 38034 1
133572 85318 1
133572 99204 1
133572 103360 1
133572 103490 1
133572 34461 1
67723 91267 1
67723 97467 1
67723 141373 1
67723 23711 1
67723 53892 1
57766 70412 1
57766 123346 1
57766 92162 1
57766 27663 1
57766 39313 1
153472 87270 1
153472 123949 1
153472 64048 1
153472 23827 1
153472 46382 1
88441 46306 1
88441 81627 1
88441 96509 1
88441 22077 1
88441 32325 1
130159 35671 1
130159 47673 1
130159 85298 1
130159 13396 1
130159 22669 1
87568 83612 1
87568 141233 1
87568 79420 1
87568 44628 1
87568 66171 1
75498 62037 1
75498 133454 1
75498 57219 1
75498 22141 1
75498 41431 1
42578 22682 1
81460 53396 1
81460 80644 1
81460 136816 1
81460 17194 1
81460 38188 1
34098 115502 1
47630 30486 1
47630 28382 1
61199 30486 1
73878 97417 1
73878 101900 1
73878 81416 1
73878 21943 1
65090 140846 1
65090 88890 1
24693 23867 1
24693 37115 1
24693 59725 1
24693 7551 1
24693 12702 1
25511 97912 1
18702 23796 1
18702 54848 1
134040 40567 1
134040 57934 1
134040 85396 1
134040 25420 1
134040 32142 1
120988 61858 1
120988 103360 1
120988 154863 1
120988 22858 1
120988 38061 1
26100 86225 1
26100 91808 1
26100 57495 1
143045 71895 1
143045 108954 1
143045 59689 1
143045 21454 1
143045 42684 1
126685 77032 1
126685 126239 1
126685 65395 1
126685 35842 1
126685 46613 1
77497 63539 1
46434 86295 1
46434 107586 1
46434 49813 1
46434 64134 1
112274 53956 1
52262 63539 1
66453 132098 1
66453 124358 1
66453 65777 1
66453 26890 1
66453 48148 1
41821 67344 1
41821 74837 1
41821 105242 1
41821 35020 1
41821 111489 1
131528 81485 1
131528 126752 1
131528 24758 1
131528 52864 1
153749 50700 1
92399 60136 1
92399 121734 1
92399 56610 1
92399 31971 1
92399 46950 1
8554 10548 1
8554 84832 1
8554 71217 1
8554 67732 1
8554 97437 1
49473 11411 1
49473 48020 1
49473 131696 1
49473 123238 1
49473 139230 1
30358 116580 1
30358 100605 1
30358 91900 1
30358 89906 1
30358 103065 1
41057 81686 1
110389 71631 1
110389 128986 1
110389 71013 1
110389 19656 1
110389 42866 1
55319 115502 1
152613 106133 1
152613 124599 1
152613 63497 1
152613 93881 1
140872 22179 1
41866 53956 1
87238 75678 1
87238 115387 1
87238 143033 1
87238 113005 1
58911 48323 1
58911 153792 1
58911 116426 1
58911 100639 1
43306 104348 1
43306 44914 1
43306 79782 1
43306 18852 1
43306 37923 1
144000 86095 1
144000 114313 1
144000 83773 1
144000 43082 1
144000 63203 1
98122 58417 1
98122 91625 1
98122 110720 1
98122 123873 1
98122 21714 1
125005 80308 1
125005 106105 1
125005 127614 1
125005 31910 1
125005 54125 1
90078 50700 1
83312 62393 1
83312 133669 1
83312 94055 1
83312 29732 1
83312 33484 1
46502 91166 1
46502 101956 1
12804 125125 1
12804 147449 1
12804 134835 1
12804 140050 1
109827 50169 1
109827 79803 1
109827 122725 1
109827 13670 1
109827 24760 1
95013 78336 1
95013 144175 1
95013 74838 1
95013 39844 1
95013 60415 1
54482 49866 1
54482 138158 1
54482 49210 1
54482 19322 1
54482 35041 1
48950 48373 1
48950 65074 1
48950 46112 1
48950 17903 1
48950 34636 1
22614 136750 1
22614 81686 1
22614 89295 1
107243 70829 1
107243 100301 1
107243 58712 1
107243 14647 1
107243 36689 1
45518 35835 1
45518 148207 1
45518 125300 1
45518 13163 1
45518 20643 1
22134 28142 1
154028 27181 1
119402 22066 1
119402 151432 1
119402 123689 1
119402 49525 1
119402 118729 1
74220 126357 1
74220 87612 1
74220 111376 1
74220 42445 1
23594 105109 1
23594 48171 1
23594 112765 1
23594 86735 1
8780 88494 1
8780 154579 1
8780 87974 1
8780 97033 1
8780 123025 1
57894 114840 1
57894 101320 1
57894 65300 1
57894 34735 1
57894 55547 1
149510 41299 1
149510 27339 1
149510 58743 1
149510 152976 1
28776 36570 1
28776 36191 1
28776 141513 1
28776 15436 1
28776 24770 1
153872 27215 1
153872 81947 1
153872 154447 1
153872 43913 1
153872 63982 1
90391 44863 1
90391 8573 1
90391 101932 1
57053 148121 1
57053 70252 1
57053 139540 1
57053 37389 1
57053 51710 1
24133 38565 1
24133 36564 1
24133 41901 1
24133 35281 1
24133 13547 1
33131 121427 1
33131 62754 1
33131 29863 1
33131 68495 1
111398 33612 1
41513 47779 1
41513 57698 1
41513 86049 1
41513 24281 1
41513 39826 1
19018 111677 1
19018 30047 1
19018 101023 1
19018 19984 1
19018 48581 1
114574 144645 1
114574 20564 1
114574 50464 1
65194 82565 1
65194 142287 1
65194 74628 1
65194 43556 1
89395 59228 1
89395 119188 1
89395 55360 1
89395 24468 1
89395 35501 1
143114 145862 1
143114 94789 1
143114 140361 1
143114 49752 1
143114 76006 1
87401 79729 1
87401 124714 1
87401 148607 1
87401 27757 1
87401 44133 1
62711 108767 1
34729 39817 1
40217 64951 1
40217 103651 1
40217 58672 1
40217 35485 1
40217 74776 1
17313 80420 1
17313 67199 1
17313 110621 1
17313 70793 1
17313 41299 1
78629 126181 1
78629 1925 1
78629 33612 1
78629 91129 1
78629 13244 1
72192 70637 1
72192 96564 1
72192 69184 1
72192 28804 1
72192 58277 1
40095 108920 1
40095 60712 1
40095 137660 1
40095 95212 1
40095 108767 1
115338 49012 1
115338 93628 1
115338 117134 1
115338 13797 1
66781 57965 1
66781 117035 1
66781 106994 1
66781 22373 1
63199 62456 1
63199 150568 1
63199 71909 1
63199 23124 1
63199 33159 1
136157 69970 1
136157 98903 1
136157 63009 1
136157 22141 1
136157 44514 1
23682 101095 1
23682 72199 1
23682 50666 1
23682 12040 1
23682 126210 1
151699 43066 1
154207 70543 1
154207 125891 1
154207 123579 1
154207 91346 1
154207 106377 1
29111 101556 1
29111 87120 1
29111 37298 1
29111 28973 1
29111 139417 1
70011 122511 1
70011 86445 1
70011 119932 1
70011 23261 1
70011 51253 1
9812 68921 1
9812 98101 1
9812 103135 1
9812 11786 1
9812 39059 1
113889 124053 1
113889 93570 1
113889 115597 1
113889 61562 1
113889 92408 1
108839 75755 1
108839 33610 1
108839 44031 1
110840 140053 1
110840 74168 1
110840 26600 1
110840 51064 1
41986 137329 1
41986 105702 1
41986 113584 1
41986 142167 1
41986 62754 1
151447 37574 1
151447 55867 1
151447 102026 1
151447 13860 1
151447 23101 1
87509 30066 1
87509 48309 1
87509 126469 1
87509 10014 1
87509 19677 1
56425 93467 1
56425 8912 1
56425 95212 1
56425 92918 1
23705 117860 1
23705 124163 1
68989 31011 1
68989 28142 1
68989 43595 1
147174 67723 1
147174 114893 1
147174 45035 1
147174 51803 1
60759 49345 1
60759 118055 1
60759 48915 1
60759 15434 1
105118 105757 1
105118 147107 1
40086 40126 1
40086 23078 1
40086 78969 1
40086 24554 1
126501 57557 1
126501 56896 1
126501 31275 1
17847 28464 1
17847 36782 1
17847 66667 1
17847 73118 1
151996 88406 1
151996 15600 1
151996 27181 1
31514 52121 1
31514 49501 1
34806 140846 1
73151 117856 1
73151 91166 1
101956 51221 1
101956 81188 1
101956 145100 1
101956 23330 1
101956 32489 1
3387 83227 1
3387 24601 1
21383 108039 1
96230 49209 1
96230 72474 1
96230 101945 1
96230 15456 1
54257 20756 1
54257 87570 1
14793 102451 1
14793 148323 1
27961 64498 1
27961 24760 1
15955 35823 1
15955 143774 1
15955 65614 1
15955 115288 1
108954 35137 1
108954 57573 1
108954 97632 1
108954 16666 1
108954 23762 1
38715 17110 1
38715 111868 1
38715 4003 1
88095 92166 1
88095 61392 1
130891 65338 1
130891 98761 1
130891 13103 1
82022 27181 1
89224 139230 1
89224 58992 1
89224 92918 1
89224 49068 1
16800 19058 1
16800 9656 1
58773 51140 1
58773 118997 1
101718 59029 1
101718 29863 1
101718 47340 1
29802 103264 1
29802 122783 1
29802 33667 1
11096 91821 1
11096 152866 1
11096 115291 1
11096 140428 1
11096 149781 1
60096 116048 1
60096 46950 1
96345 80569 1
96345 14427 1
79593 8453 1
26098 43306 1
26098 56217 1
26098 41377 1
26098 120975 1
42416 53602 1
29738 91033 1
29738 124163 1
29738 130437 1
34538 71365 1
34538 50700 1
61697 76913 1
108228 76913 1
36653 118791 1
36653 140298 1
36653 120440 1
36653 84334 1
36653 62583 1
59621 76913 1
36158 76913 1
28920 92918 1
75831 66408 1
75831 17820 1
75831 51767 1
75831 16241 1
50550 102189 1
50550 110184 1
50550 32863 1
110896 90731 1
110896 126545 1
110896 31233 1
110896 40006 1
57726 44823 1
57726 146590 1
57726 140087 1
57726 59145 1
57726 58647 1
22669 27137 1
22669 86261 1
22669 37977 1
22669 8909 1
124832 130878 1
124832 15317 1
72160 91166 1
58992 26890 1
18589 82700 1
18589 132169 1
18589 18688 1
123164 35227 1
123164 56567 1
123164 101988 1
123164 23309 1
18937 148780 1
18937 32036 1
18937 105733 1
30029 88198 1
30029 7212 1
30029 20287 1
68710 13511 1
68710 97912 1
15540 39817 1
57609 154773 1
57609 67987 1
117688 97912 1
117688 11344 1
117688 14594 1
106377 71991 1
106377 105135 1
106377 18509 1
106377 44863 1
47121 11354 1
47121 14647 1
145862 51111 1
145862 125926 1
145862 23531 1
114588 24876 1
11516 91024 1
11516 33596 1
153006 146399 1
153006 6834 1
21151 88230 1
60006 30575 1
60006 123173 1
60006 14021 1
60006 20428 1
106442 109135 1
41425 108839 1
41425 48045 1
41425 63952 1
92451 76588 1
53163 108057 1
53163 107670 1
53163 26973 1
53163 42006 1
36233 57382 1
36233 91582 1
36233 13654 1
35823 22727 1
35823 71915 1
35823 96060 1
35823 14647 1
91447 26367 1
91447 37350 1
91447 8793 1
91447 13254 1
66710 61628 1
66710 25899 1
8839 15697 1
8839 82068 1
103484 17820 1
103484 3019 1
103484 116663 1
2023 52163 1
2023 124714 1
46115 52340 1
46115 19829 1
46115 140416 1
54345 97433 1
54345 105798 1
54345 47868 1
67983 8820 1
67983 6827 1
67983 53683 1
65514 121985 1
65514 62170 1
65514 38493 1
24614 103712 1
24614 37676 1
111029 23796 1
111029 25473 1
41999 46738 1
41999 66362 1
41999 107224 1
41999 13860 1
41999 30017 1
25539 118791 1
25539 38188 1
25539 11459 1
25539 19984 1
94714 94988 1
94714 136835 1
94714 140846 1
37860 41513 1
37860 115502 1
37860 44863 1
37860 134659 1
45267 131743 1
45267 43595 1
45267 86346 1
72426 153735 1
72426 107126 1
72426 13783 1
72426 36657 1
111297 102069 1
111297 18199 1
112943 73118 1
112943 126210 1
112943 37118 1
141748 108767 1
99888 22179 1
25818 108767 1
25818 152140 1
90900 113027 1
90900 24554 1
90900 38139 1
151802 67667 1
151802 102845 1
151802 28776 1
151802 52340 1
123820 47297 1
123820 91443 1
128262 86010 1
128262 122258 1
128262 60657 1
89581 100610 1
89581 101712 1
89581 89125 1
89581 48581 1
119488 80821 1
119488 54464 1
75281 39817 1
84334 46139 1
84334 81908 1
84334 19491 1
21786 24770 1
21786 53240 1
21786 19308 1
27487 17820 1
36540 151401 1
36540 37298 1
36540 112636 1
56581 81091 1
50906 64163 1
50906 46950 1
41030 61810 1
68084 70209 1
129809 17820 1
129809 17552 1
81286 63824 1
81286 128049 1
81286 128883 1
81286 23285 1
81286 38803 1
146303 149617 1
146303 22682 1
116675 61810 1
23257 64163 1
27132 121734 1
27132 39769 1
47023 96767 1
47023 26306 1
47023 105516 1
71183 86277 1
13573 29405 1
13573 36233 1
13573 126812 1
58710 33749 1
58710 50480 1
58710 91808 1
64830 140846 1
64830 116085 1
64830 97144 1
64830 33523 1
70591 108866 1
70591 54415 1
148776 75595 1
148776 91808 1
148776 150505 1
148776 13530 1
119579 11915 1
83367 41307 1
83367 142439 1
83367 22220 1
23434 99113 1
23434 74395 1
146884 27918 1
146884 146787 1
146884 14218 1
131247 47521 1
131247 63949 1
131247 21686 1
75214 63539 1
33126 126158 1
33126 23386 1
153113 110418 1
153113 68601 1
153113 26128 1
153113 47498 1
60114 45421 1
60114 22682 1
60114 95337 1
89844 59141 1
89844 141959 1
89844 90865 1
89844 29953 1
88198 146952 1
88198 30029 1
93959 58743 1
131743 60911 1
131743 107268 1
131743 60551 1
131743 15434 1
69195 67704 1
69195 66514 1
69195 51939 1
99646 126948 1
49915 88524 1
49915 83479 1
49915 42985 1
49915 102915 1
42508 58743 1
42448 70656 1
42448 125210 1
42448 135314 1
42448 18957 1
42448 25773 1
