137079 63353 1
63353 137880 1
63353 36661 1
63353 96760 1
63353 136876 1
63353 135574 1
136876 63353 1
135574 62499 1
135574 107332 1
135574 63353 1
137880 65657 1
137880 29939 1
137880 138437 1
137880 79769 1
137880 63353 1
96760 63353 1
36661 63353 1
65657 136835 1
65657 34142 1
65657 116543 1
65657 103465 1
65657 98543 1
107332 84410 1
107332 44074 1
107332 37917 1
107332 96320 1
107332 81872 1
62499 126981 1
62499 55431 1
62499 99960 1
62499 92332 1
62499 71770 1
29939 28281 1
29939 152323 1
29939 137880 1
79769 3579 1
79769 137880 1
79769 58829 1
79769 105508 1
79769 108968 1
138437 71770 1
138437 18684 1
138437 152121 1
138437 91039 1
138437 70919 1
105508 78094 1
105508 37458 1
105508 146884 1
105508 93389 1
105508 69756 1
58829 52421 1
58829 25058 1
58829 113639 1
58829 109834 1
58829 46505 1
152121 138437 1
92332 62499 1
34142 65657 1
34142 136835 1
71770 141579 1
71770 51733 1
71770 153575 1
71770 111526 1
71770 148234 1
81872 145031 1
81872 13693 1
81872 154015 1
81872 102715 1
81872 64221 1
84410 66664 1
84410 107332 1
98543 65657 1
44074 107332 1
37917 107332 1
96320 107332 1
18684 138437 1
91039 132747 1
91039 39275 1
91039 27811 1
91039 111270 1
91039 94353 1
116543 65657 1
99960 62499 1
103465 76188 1
103465 37385 1
103465 28941 1
103465 87369 1
103465 65942 1
136835 90853 1
136835 52783 1
136835 36616 1
136835 96233 1
136835 90834 1
55431 62499 1
126981 62499 1
28281 29939 1
3579 94384 1
3579 56087 1
3579 52773 1
3579 115515 1
3579 48491 1
70919 114586 1
70919 45665 1
70919 29371 1
70919 146541 1
70919 98831 1
152323 61597 1
152323 23760 1
152323 105413 1
152323 69052 1
152323 140346 1
108968 46460 1
108968 32067 1
108968 88957 1
108968 56562 1
108968 135460 1
52773 3579 1
52773 110404 1
52773 103428 1
52773 102026 1
52773 65614 1
36616 136835 1
52783 38387 1
52783 25473 1
52783 93492 1
52783 50522 1
52783 124344 1
90853 16995 1
90853 112318 1
90853 102848 1
90853 97057 1
90853 136835 1
65942 103465 1
76188 103465 1
96233 13897 1
96233 136835 1
78094 95276 1
78094 60973 1
78094 54123 1
78094 119711 1
78094 105508 1
135460 3903 1
135460 143703 1
135460 18934 1
135460 27339 1
135460 108968 1
88957 60555 1
88957 108968 1
88957 97467 1
88957 111374 1
88957 125938 1
32067 108968 1
32067 70656 1
32067 107130 1
32067 45236 1
32067 49182 1
46460 124961 1
46460 13857 1
46460 128998 1
46460 72353 1
46460 49209 1
140346 9145 1
140346 152323 1
140346 59162 1
140346 66103 1
23760 39248 1
23760 141585 1
23760 132549 1
23760 97099 1
23760 83971 1
61597 152323 1
105413 63806 1
105413 24583 1
105413 131812 1
105413 88636 1
105413 63056 1
146541 28905 1
146541 70919 1
109834 58829 1
111526 71770 1
29371 124774 1
29371 70919 1
154015 74808 1
154015 25442 1
154015 134990 1
154015 81872 1
154015 71704 1
148234 84729 1
148234 46105 1
148234 147751 1
148234 96408 1
148234 73382 1
94353 33912 1
94353 141298 1
94353 96890 1
94353 91039 1
94353 96248 1
27811 79330 1
27811 91039 1
27811 113861 1
87369 103465 1
114586 11975 1
114586 98798 1
114586 61192 1
114586 70919 1
48491 3579 1
48491 141513 1
48491 69913 1
28941 103465 1
146884 99195 1
146884 10209 1
146884 104890 1
146884 114988 1
146884 66108 1
115515 76934 1
115515 25828 1
115515 143733 1
115515 92540 1
115515 67640 1
69052 152323 1
98831 70919 1
52421 98743 1
52421 13797 1
52421 118476 1
52421 73200 1
52421 116561 1
56087 125200 1
56087 27727 1
56087 95577 1
56087 111173 1
56087 81164 1
66664 141062 1
66664 23339 1
66664 141950 1
66664 154374 1
66664 75268 1
141579 71770 1
145031 84286 1
145031 38863 1
145031 152393 1
145031 97199 1
145031 82119 1
13693 131460 1
13693 30604 1
13693 105342 1
13693 139331 1
13693 134834 1
37458 129395 1
37458 34693 1
37458 65706 1
37458 126525 1
37458 57162 1
93389 70543 1
93389 35823 1
93389 114370 1
93389 76674 1
93389 68343 1
45665 22612 1
45665 70919 1
69756 6475 1
69756 71605 1
69756 57077 1
69756 78698 1
69756 105508 1
94384 2945 1
94384 83439 1
94384 103070 1
94384 106462 1
94384 60800 1
153575 37740 1
153575 71770 1
51733 124845 1
51733 33583 1
51733 84339 1
51733 52412 1
51733 112039 1
25058 2532 1
25058 139028 1
25058 126116 1
25058 110063 1
25058 146750 1
113639 130530 1
113639 54851 1
113639 47275 1
113639 148220 1
113639 121031 1
102715 55195 1
102715 24352 1
102715 93281 1
102715 64968 1
102715 126005 1
37385 103465 1
64221 99565 1
64221 40815 1
64221 121513 1
64221 123296 1
64221 104334 1
132747 47871 1
132747 128357 1
132747 140417 1
132747 91039 1
132747 113023 1
39275 54851 1
39275 91039 1
39275 101716 1
90834 136835 1
90834 99261 1
46505 58829 1
46505 140942 1
56562 7894 1
56562 108968 1
56562 143406 1
56562 108189 1
56562 32809 1
111270 91039 1
118476 52421 1
105342 85987 1
67640 115515 1
38387 52783 1
143733 115515 1
114988 74049 1
114988 61633 1
99195 146884 1
99195 145031 1
147751 148234 1
78698 69826 1
78698 46035 1
78698 40225 1
78698 84642 1
78698 69756 1
69913 48491 1
69913 24649 1
69913 108206 1
71704 154015 1
98798 1234 1
98798 41532 1
98798 66911 1
64968 80631 1
64968 102715 1
113861 89961 1
96248 40556 1
111173 33024 1
111173 73200 1
111173 74857 1
82119 145031 1
141585 23760 1
73382 148234 1
84729 148234 1
95276 55778 1
74808 31889 1
74808 154015 1
74808 39499 1
74808 130525 1
74808 82150 1
52412 47084 1
52412 51733 1
28905 25346 1
28905 43463 1
28905 119267 1
140942 148607 1
140942 91214 1
140942 80917 1
63056 34743 1
63056 65248 1
63056 105413 1
88636 73389 1
88636 117605 1
131812 35786 1
131812 147898 1
24352 105266 1
24352 107268 1
24352 38715 1
24352 67247 1
63806 131593 1
63806 29879 1
63806 27667 1
63806 145185 1
63806 105478 1
13857 29993 1
13857 146981 1
139028 72899 1
139028 130538 1
139028 87504 1
54851 22517 1
143406 30538 1
143406 91033 1
143406 127206 1
141298 29801 1
141298 94353 1
83971 120430 1
83971 12702 1
83971 113353 1
83971 70296 1
92540 36459 1
92540 115515 1
97099 23760 1
97099 122964 1
132549 23760 1
126005 69665 1
18934 130294 1
18934 134217 1
18934 127159 1
49182 32067 1
125200 56087 1
76934 9799 1
76934 115515 1
76934 30560 1
76934 61430 1
131460 13693 1
119711 71731 1
119711 36144 1
119711 121456 1
119711 80644 1
47275 116444 1
47275 14899 1
3903 62973 1
3903 47554 1
134990 13885 1
134990 154015 1
107130 82492 1
25442 154015 1
96408 4763 1
96408 148234 1
108189 87470 1
101716 39275 1
40815 64221 1
99565 64221 1
103428 66338 1
103428 149111 1
112039 51733 1
84339 51733 1
33583 51733 1
55195 102715 1
124845 51733 1
37740 142581 1
60800 29604 1
60800 90588 1
103070 119488 1
35823 101295 1
46105 148234 1
99261 92791 1
2945 125221 1
6475 141574 1
22612 150605 1
70543 46634 1
65706 97732 1
65706 61633 1
34693 37458 1
134834 13693 1
139331 13693 1
45236 1701 1
45236 115573 1
141950 66664 1
97199 27500 1
97199 145031 1
97199 113351 1
49209 57382 1
49209 130407 1
23339 66664 1
104334 64221 1
83439 96016 1
38863 104845 1
38863 24277 1
38863 152655 1
38863 58180 1
38863 83179 1
84286 18103 1
84286 141630 1
84286 145031 1
93281 48113 1
93281 102715 1
93281 151697 1
126116 78748 1
126116 25058 1
154374 89676 1
154374 118968 1
154374 122011 1
81164 56087 1
81164 58672 1
95577 29867 1
95577 100683 1
95577 62705 1
95577 97109 1
141062 52758 1
141062 106112 1
141062 66664 1
141062 89309 1
125938 78110 1
125938 24760 1
125938 128406 1
125938 88957 1
125938 73258 1
25473 137392 1
25473 92162 1
25473 57459 1
25473 120767 1
25473 31916 1
124774 75949 1
124774 38675 1
124774 147061 1
124774 71005 1
39248 23760 1
129395 37458 1
54123 41934 1
54123 23682 1
54123 35930 1
121031 81638 1
121031 136754 1
121031 89250 1
98743 34862 1
98743 124612 1
98743 67236 1
73200 44671 1
73200 28503 1
73200 93881 1
73200 101901 1
104890 122800 1
104890 61889 1
104890 42372 1
104890 53170 1
7894 150570 1
7894 115613 1
7894 24909 1
111374 147824 1
111374 78699 1
152393 134266 1
152393 29470 1
152393 152322 1
110404 68050 1
110404 37298 1
110404 147433 1
110404 85879 1
113023 87013 1
113023 37563 1
113023 145529 1
113023 96837 1
9145 110658 1
9145 56534 1
9145 136190 1
75268 66664 1
128998 68158 1
128998 146800 1
128998 80870 1
72353 46460 1
72353 134145 1
65614 96674 1
65614 52121 1
65614 82103 1
65614 117024 1
24583 48680 1
24583 27785 1
24583 89510 1
70656 33736 1
70656 18807 1
70656 120667 1
70656 44948 1
70656 102767 1
123296 64221 1
93492 126262 1
93492 52783 1
93492 55118 1
79330 61889 1
79330 26031 1
79330 20683 1
79330 56264 1
50522 52783 1
27339 134116 1
27339 46902 1
61192 77289 1
61192 57591 1
61192 121346 1
61192 64511 1
60973 56023 1
60973 13805 1
60973 100988 1
60973 116524 1
60973 53909 1
114370 18734 1
114370 73230 1
114370 44687 1
97057 53665 1
97057 29215 1
97057 61880 1
2532 78915 1
2532 88338 1
2532 131370 1
2532 124875 1
60555 148544 1
60555 11487 1
60555 133761 1
60555 78004 1
60555 46750 1
76674 95758 1
76674 48471 1
59162 52783 1
59162 28720 1
59162 145728 1
59162 73349 1
59162 82787 1
33912 61889 1
33912 95247 1
33912 24398 1
33912 125011 1
33912 36159 1
112318 58402 1
112318 140229 1
112318 54690 1
97467 80843 1
97467 38551 1
97467 152407 1
97467 85427 1
102026 151421 1
25828 95309 1
25828 133645 1
25828 92632 1
25828 29111 1
30604 13693 1
16995 26791 1
16995 64086 1
16995 114722 1
124344 52783 1
106462 68050 1
106462 36270 1
106462 110649 1
106462 66013 1
