8415 112774 1
112774 31161 1
112774 81290 1
112774 58712 1
112774 22169 1
112774 75352 1
22169 82871 1
22169 61848 1
22169 112774 1
75352 112774 1
58712 19018 1
58712 132510 1
58712 52984 1
58712 15194 1
58712 126610 1
31161 112774 1
31161 133587 1
31161 42541 1
81290 112774 1
19018 149209 1
19018 137426 1
19018 44225 1
19018 146701 1
19018 25442 1
61848 51929 1
61848 102715 1
61848 124714 1
61848 36233 1
61848 150585 1
82871 43790 1
82871 136463 1
82871 67228 1
82871 25687 1
82871 96386 1
52984 23181 1
52984 143537 1
52984 71702 1
52984 17626 1
52984 78124 1
132510 20514 1
132510 72409 1
132510 57316 1
132510 10049 1
132510 69330 1
42541 33496 1
42541 58465 1
42541 62460 1
42541 22877 1
42541 60223 1
15194 135405 1
15194 85706 1
15194 142010 1
15194 25228 1
15194 83784 1
133587 47326 1
133587 95349 1
133587 132382 1
133587 32169 1
133587 54568 1
126610 36824 1
126610 80476 1
126610 74916 1
126610 29329 1
126610 79840 1
72409 18664 1
72409 153237 1
72409 68369 1
72409 7635 1
72409 108175 1
71702 14473 1
71702 54379 1
71702 46845 1
71702 121959 1
71702 53707 1
143537 52984 1
78124 78118 1
78124 52984 1
23181 91278 1
23181 50628 1
23181 113197 1
23181 145539 1
23181 24126 1
96386 131940 1
96386 45306 1
96386 42372 1
96386 107812 1
96386 112514 1
25228 122800 1
25228 8147 1
25228 15194 1
67228 82871 1
67228 60188 1
20514 132510 1
20514 59708 1
136463 82871 1
136463 31800 1
136463 73275 1
43790 85797 1
43790 82871 1
43790 7964 1
43790 107135 1
43790 59295 1
95349 133587 1
25687 57481 1
25687 144313 1
25687 104240 1
25687 70208 1
25687 28854 1
85706 15194 1
44225 150739 1
44225 99869 1
44225 132326 1
44225 66881 1
44225 77723 1
137426 63443 1
137426 89086 1
137426 14653 1
137426 154024 1
137426 124579 1
135405 15194 1
135405 35 1
74916 126610 1
146701 19018 1
51929 15194 1
51929 85012 1
51929 42161 1
51929 69826 1
51929 132301 1
102715 24352 1
102715 65797 1
102715 55195 1
102715 127883 1
102715 137664 1
10049 65810 1
10049 72523 1
10049 73270 1
10049 98057 1
10049 95307 1
33496 42541 1
69330 132510 1
36233 126943 1
36233 56087 1
36233 34809 1
36233 116101 1
36233 135626 1
149209 29571 1
149209 91664 1
149209 70934 1
149209 14627 1
149209 88494 1
60223 17897 1
60223 42541 1
60223 15833 1
60223 5557 1
60223 108839 1
22877 42541 1
32169 60260 1
32169 41313 1
32169 133587 1
83784 29164 1
83784 15194 1
132382 126005 1
132382 133587 1
132382 72193 1
132382 9545 1
80476 99668 1
80476 126610 1
79840 44539 1
79840 124805 1
79840 75639 1
79840 25036 1
79840 126610 1
47326 133587 1
47326 65306 1
62460 42541 1
62460 9868 1
58465 42541 1
150585 46813 1
150585 110720 1
150585 95890 1
150585 28115 1
150585 107226 1
25442 88508 1
25442 154015 1
25442 111548 1
25442 19018 1
17626 52984 1
54568 145090 1
54568 62077 1
54568 67508 1
54568 47394 1
54568 77904 1
29329 59917 1
29329 73681 1
29329 108080 1
29329 21964 1
29329 71032 1
142010 102116 1
142010 91640 1
142010 15194 1
142010 72347 1
142010 134116 1
124714 75011 1
124714 101374 1
124714 15159 1
124714 109742 1
124714 125300 1
36824 126610 1
57316 30217 1
57316 119279 1
57316 60555 1
57316 23801 1
57316 60312 1
9868 33165 1
9868 33483 1
9868 55817 1
9868 85382 1
9868 131527 1
75639 114669 1
75639 100683 1
75639 108202 1
75639 79840 1
75639 107030 1
145090 54568 1
145090 108553 1
145090 81986 1
145090 33753 1
145090 104888 1
44539 79840 1
44539 29329 1
60260 120693 1
60260 38383 1
60260 28895 1
60260 78177 1
60260 115613 1
41313 32169 1
41313 85425 1
41313 92439 1
41313 23400 1
41313 86060 1
23801 58772 1
23801 35842 1
23801 26890 1
23801 57316 1
70934 58656 1
70934 149209 1
70934 82194 1
70934 34579 1
70934 119877 1
60188 33563 1
60188 122533 1
60188 90386 1
60188 20744 1
60188 118945 1
116101 39652 1
116101 36233 1
126943 68021 1
126943 112169 1
126943 40834 1
126943 36233 1
126943 115371 1
98057 10049 1
29164 50628 1
29164 90735 1
29164 48540 1
29164 23353 1
29164 80168 1
78118 37562 1
78118 138785 1
78118 99585 1
78118 32520 1
78118 131614 1
72347 25124 1
72347 119201 1
72347 63467 1
72347 20542 1
72347 128408 1
72523 10049 1
65810 38494 1
65810 109988 1
65810 133397 1
65810 20686 1
65810 138799 1
56087 27727 1
56087 92964 1
56087 125200 1
56087 15226 1
56087 111173 1
99668 31889 1
99668 83746 1
99668 58584 1
99668 21381 1
99668 80476 1
30217 57316 1
137664 41567 1
137664 104471 1
137664 89243 1
137664 21141 1
137664 102715 1
72193 43874 1
72193 135589 1
72193 150741 1
72193 36121 1
72193 144855 1
127883 102715 1
54379 32741 1
54379 71702 1
54379 133555 1
54379 26253 1
54379 140942 1
46813 88689 1
46813 62933 1
46813 128094 1
46813 78235 1
46813 96539 1
57481 76465 1
57481 25687 1
108175 44487 1
108175 95206 1
108175 83627 1
108175 19253 1
108175 87696 1
14473 78187 1
14473 97190 1
14473 73118 1
14473 63982 1
14473 134774 1
131940 26600 1
131940 77106 1
131940 54321 1
131940 16800 1
131940 71966 1
135626 144098 1
135626 116354 1
135626 23637 1
135626 92078 1
135626 143452 1
31800 145412 1
31800 46558 1
31800 145733 1
31800 31428 1
31800 51153 1
91664 98450 1
91664 149209 1
8147 114370 1
8147 47275 1
8147 94368 1
8147 49685 1
8147 17270 1
75011 44765 1
75011 95138 1
75011 86401 1
75011 21686 1
75011 97235 1
88494 119746 1
88494 42276 1
88494 29802 1
88494 132719 1
88494 91772 1
104240 31958 1
104240 85730 1
104240 61263 1
104240 23979 1
104240 77660 1
134116 27339 1
134116 96627 1
134116 68015 1
134116 19992 1
134116 90900 1
132326 18208 1
132326 83137 1
132326 56343 1
132326 11566 1
132326 78154 1
91278 23181 1
150739 90718 1
150739 115266 1
150739 100398 1
150739 55644 1
150739 97536 1
59708 136440 1
59708 67667 1
59708 20514 1
59708 92203 1
59708 119529 1
66881 44225 1
66881 120229 1
66881 130320 1
66881 24760 1
66881 129307 1
122800 27125 1
122800 80644 1
122800 62170 1
122800 11903 1
122800 78829 1
111548 36046 1
111548 90373 1
111548 64930 1
111548 25442 1
111548 87571 1
85012 37298 1
85012 145424 1
85012 89997 1
85012 22243 1
85012 100254 1
18664 98723 1
18664 72409 1
73275 40493 1
73275 139192 1
73275 116356 1
73275 31344 1
73275 93235 1
85797 111355 1
85797 53540 1
85797 43907 1
85797 153494 1
85797 89529 1
17897 54307 1
17897 141679 1
17897 140491 1
17897 150934 1
17897 63947 1
70208 66924 1
70208 5214 1
70208 25687 1
110720 152792 1
110720 61000 1
110720 50880 1
110720 153672 1
110720 119902 1
28115 25828 1
28115 153255 1
28115 42135 1
28115 11411 1
28115 71458 1
88508 54487 1
88508 99117 1
88508 153006 1
88508 29241 1
88508 136615 1
14627 63747 1
14627 110122 1
14627 114334 1
14627 12983 1
14627 126321 1
91640 46650 1
91640 103664 1
91640 81858 1
91640 40198 1
91640 135564 1
102116 28295 1
102116 60963 1
102116 52526 1
102116 19479 1
102116 57482 1
154015 25442 1
154015 89045 1
154015 74808 1
154015 18792 1
154015 81872 1
62077 26929 1
62077 91929 1
62077 88704 1
62077 20493 1
62077 98070 1
71032 29329 1
153237 72409 1
59917 50345 1
59917 12410 1
59917 29329 1
108080 29329 1
108080 102066 1
108080 87159 1
108080 25009 1
108080 97306 1
68369 72409 1
68369 78125 1
68369 95841 1
68369 37366 1
68369 150861 1
15833 109908 1
15833 79996 1
15833 98094 1
15833 89161 1
15833 51705 1
73681 29329 1
73681 5292 1
77904 32231 1
77904 128392 1
77904 63203 1
77904 30321 1
77904 105347 1
101374 37923 1
101374 97049 1
101374 69675 1
101374 24600 1
101374 94125 1
109742 36186 1
109742 105215 1
109742 81608 1
109742 24962 1
109742 99899 1
126005 26345 1
126005 104880 1
126005 74430 1
126005 16707 1
126005 102454 1
144313 150335 1
144313 25687 1
73270 108458 1
73270 41186 1
73270 30560 1
73270 127333 1
73270 154834 1
125300 30901 1
125300 84334 1
125300 61712 1
125300 27311 1
125300 78412 1
119279 21131 1
119279 76285 1
119279 57316 1
119279 12394 1
119279 74573 1
107226 131080 1
107226 76908 1
107226 150585 1
107226 57016 1
107226 149156 1
60555 140942 1
60555 107332 1
60555 21662 1
60555 130407 1
60555 132088 1
35 103331 1
35 110675 1
35 114678 1
35 89500 1
35 41425 1
15159 149515 1
15159 115008 1
15159 101447 1
15159 45451 1
15159 97033 1
60312 35553 1
60312 100272 1
60312 25750 1
60312 23095 1
60312 57316 1
5557 55435 1
5557 60223 1
5557 135314 1
5557 93479 1
5557 95542 1
42372 70657 1
42372 95555 1
42372 118791 1
42372 38984 1
42372 104890 1
99869 109939 1
99869 36285 1
99869 23682 1
99869 85252 1
99869 150350 1
121959 139798 1
121959 37519 1
121959 29838 1
121959 92241 1
121959 118791 1
95890 150585 1
107812 142480 1
107812 46144 1
107812 39071 1
107812 107740 1
107812 128300 1
28854 62745 1
28854 25687 1
46845 71702 1
46845 1106 1
50628 29164 1
50628 23181 1
112514 118518 1
112514 67366 1
112514 54191 1
112514 148363 1
112514 130159 1
67508 43313 1
67508 107701 1
67508 107035 1
67508 25706 1
67508 69043 1
24126 23181 1
24126 17825 1
7964 118296 1
7964 147916 1
7964 15679 1
7964 105222 1
7964 142794 1
107135 28752 1
107135 62132 1
107135 50747 1
107135 22612 1
107135 58167 1
7635 114199 1
7635 62554 1
7635 99085 1
7635 20744 1
7635 26672 1
145539 23181 1
59295 43790 1
59295 127259 1
59295 38420 1
59295 15465 1
59295 107681 1
9545 143511 1
9545 136866 1
9545 70830 1
9545 54606 1
9545 143671 1
89086 32635 1
89086 85856 1
89086 66040 1
89086 28187 1
89086 79076 1
45306 45125 1
45306 58422 1
45306 86108 1
45306 23193 1
45306 134319 1
25036 79840 1
63443 63257 1
63443 137426 1
63443 148810 1
63443 43339 1
63443 95586 1
95307 87568 1
95307 70303 1
95307 138335 1
95307 52718 1
95307 140942 1
108839 37358 1
108839 102398 1
108839 79888 1
108839 29196 1
108839 87750 1
24352 107268 1
24352 98240 1
24352 105266 1
24352 20931 1
24352 38715 1
21964 13906 1
21964 32959 1
21964 2425 1
21964 50345 1
21964 98450 1
14653 152465 1
14653 109874 1
14653 79232 1
14653 93509 1
14653 108604 1
77723 26238 1
77723 52694 1
77723 44225 1
77723 12195 1
77723 51793 1
154024 40006 1
154024 91582 1
154024 75590 1
154024 22669 1
154024 87145 1
124579 65716 1
124579 131538 1
124579 118910 1
124579 46304 1
124579 127578 1
65797 102715 1
65306 27727 1
65306 115934 1
65306 84441 1
65306 20644 1
65306 153006 1
42161 25024 1
42161 101176 1
42161 60687 1
42161 13860 1
42161 105501 1
47394 82450 1
47394 54568 1
47394 128221 1
47394 70537 1
47394 105273 1
124805 79840 1
53707 23162 1
53707 81460 1
53707 71702 1
53707 17069 1
53707 88238 1
69826 19221 1
69826 84111 1
69826 54760 1
69826 12590 1
69826 146109 1
34809 65593 1
34809 99598 1
34809 104210 1
34809 10625 1
34809 36233 1
29571 135984 1
29571 84092 1
29571 151093 1
29571 72389 1
29571 126483 1
113197 23181 1
132301 68194 1
132301 121983 1
132301 94099 1
132301 51929 1
132301 114242 1
55195 102715 1
105266 24352 1
87750 108839 1
79888 108839 1
115266 150739 1
63257 63443 1
143671 9545 1
143511 82194 1
143511 52718 1
23353 29164 1
15465 59295 1
38420 59295 1
46650 91640 1
62554 7635 1
118518 112514 1
58167 107135 1
29196 108839 1
28752 107135 1
105222 7964 1
15679 7964 1
118296 7964 1
69043 67508 1
25706 67508 1
89243 137664 1
104880 126005 1
18208 132326 1
23095 60312 1
21141 137664 1
11903 122800 1
87159 108080 1
97235 75011 1
94368 8147 1
104888 145090 1
136615 88508 1
26345 126005 1
30901 26890 1
26890 30901 1
104890 122800 1
104890 42372 1
79996 15833 1
82450 47394 1
78829 52526 1
78829 122800 1
51705 15833 1
90386 60188 1
28895 98240 1
49685 8147 1
27339 19992 1
55817 9868 1
100398 150739 1
40834 88238 1
131527 9868 1
148810 63443 1
38494 65810 1
77660 104240 1
122533 60188 1
83746 81314 1
85382 9868 1
56343 132326 1
87571 111548 1
36186 109742 1
142794 7964 1
109874 14653 1
118945 60188 1
81608 109742 1
63203 77904 1
63203 108553 1
105273 47394 1
16800 154024 1
19992 118791 1
19992 131538 1
86060 41313 1
87696 108175 1
87696 111548 1
99585 78118 1
11566 132326 1
136866 9545 1
24760 30153 1
31344 87649 1
31344 47084 1
71966 131940 1
128408 131517 1
128408 72347 1
76465 68107 1
76465 125465 1
54606 9545 1
148363 112514 1
148363 55435 1
92203 59708 1
36121 72193 1
145733 31800 1
51153 31800 1
67366 112514 1
98450 29329 1
114370 12394 1
51793 41425 1
26672 7635 1
96627 134116 1
99899 109742 1
112169 73270 1
47275 8147 1
20542 72347 1
98094 15833 1
105501 42161 1
109988 65810 1
68015 134116 1
92964 56087 1
86401 75011 1
95206 108175 1
119746 88494 1
33483 9868 1
93235 73275 1
131614 78118 1
119529 31958 1
119529 59708 1
121983 67508 1
31958 107812 1
85730 104240 1
78154 114669 1
32231 77904 1
41567 137664 1
95555 42372 1
36046 111548 1
90373 111548 1
127578 108080 1
127578 42372 1
127578 124579 1
98723 18664 1
74808 31889 1
74808 154015 1
2425 21964 1
79232 14653 1
97190 14473 1
64930 111548 1
75590 154024 1
22669 81858 1
65716 124579 1
118910 124579 1
17069 53707 1
68194 132301 1
115934 65306 1
84441 65306 1
85425 41313 1
128221 47394 1
140491 17897 1
153494 85797 1
19253 108175 1
108604 14653 1
46558 31800 1
60687 42161 1
54760 69826 1
70537 47394 1
52694 77723 1
22243 79840 1
22243 85012 1
146109 69826 1
150741 72193 1
76285 119279 1
138335 88238 1
120229 66881 1
133397 65810 1
111355 85797 1
145412 31800 1
126483 29571 1
126483 60555 1
95138 35562 1
95138 75011 1
95138 70209 1
114242 132301 1
114242 34998 1
103664 91640 1
27125 135076 1
27125 101788 1
27125 122800 1
27125 131930 1
50345 73481 1
50345 106903 1
38383 141571 1
38383 112032 1
38383 31430 1
38383 69685 1
61263 63014 1
61263 133251 1
61263 16604 1
61263 104240 1
80168 104771 1
80168 29164 1
62170 125880 1
62170 41313 1
62170 143977 1
62170 141280 1
40493 73275 1
138785 118146 1
138785 78118 1
127333 100780 1
127333 80879 1
127333 97570 1
139798 21131 1
139798 68495 1
139798 11568 1
139798 58988 1
107701 82181 1
107701 23049 1
107701 9725 1
107701 72614 1
92439 90795 1
92439 64118 1
92439 41313 1
37298 135314 1
37298 63216 1
37298 95190 1
37298 68477 1
63982 62889 1
63982 47824 1
63982 7887 1
63982 60555 1
115008 59725 1
115008 11508 1
46304 124579 1
132719 41485 1
132719 88494 1
54191 112514 1
31428 61844 1
31428 31800 1
31428 58698 1
23637 143820 1
23637 36782 1
23637 40006 1
23637 131078 1
26929 106105 1
26929 154684 1
26929 55035 1
107332 106682 1
107332 84410 1
107332 96320 1
135314 14318 1
135314 10408 1
135314 52550 1
129307 66881 1
63467 103786 1
63467 116995 1
63467 19872 1
63467 72347 1
81872 26238 1
81872 149983 1
23400 45488 1
23400 114073 1
23400 19913 1
20931 68021 1
20931 131920 1
20931 40126 1
20931 100683 1
20931 124217 1
89997 85012 1
89997 56650 1
80644 40650 1
80644 33170 1
80644 91931 1
31889 135727 1
31889 89439 1
31889 74808 1
31889 35398 1
31889 87300 1
62933 28115 1
62933 59307 1
62933 18204 1
62933 106757 1
120693 103571 1
120693 25222 1
68021 91582 1
68021 38113 1
138799 120835 1
138799 26739 1
138799 76628 1
142480 27196 1
142480 63694 1
142480 22179 1
142480 80464 1
102398 31903 1
102398 81872 1
125200 56087 1
88704 62077 1
33563 60188 1
12590 86686 1
12590 69826 1
12590 57553 1
12590 105508 1
33165 142185 1
33165 9868 1
33165 32689 1
115371 100019 1
115371 83919 1
115371 93625 1
58584 99668 1
130159 145749 1
130159 41978 1
130159 37298 1
130159 148321 1
81460 53707 1
81460 12394 1
81460 58712 1
48540 29164 1
48540 60608 1
21381 99668 1
104471 43926 1
104471 33288 1
139192 73275 1
26253 11873 1
26253 40861 1
26253 129299 1
26253 70011 1
108553 56624 1
108553 34905 1
108553 150993 1
62745 138407 1
62745 109964 1
62745 20465 1
43874 105311 1
43874 9349 1
43874 3760 1
43874 68343 1
135589 72193 1
135589 69232 1
78235 136397 1
78235 129374 1
78235 141815 1
97049 101374 1
41425 127830 1
105215 109742 1
40198 26040 1
40198 123433 1
73118 145900 1
73118 86996 1
58422 81686 1
58422 45306 1
54307 17897 1
54307 57635 1
54307 13234 1
54307 60712 1
98070 129714 1
98070 44726 1
98070 35822 1
98070 88633 1
141679 17897 1
128392 77904 1
128392 11648 1
26600 102848 1
26600 29111 1
26600 121647 1
21662 107554 1
21662 130794 1
21662 74992 1
85856 89086 1
85856 7626 1
85856 119117 1
85856 105628 1
90735 123066 1
90735 29164 1
90735 132169 1
28187 60103 1
28187 89086 1
57016 20467 1
57016 65810 1
57016 56779 1
57016 11999 1
57016 76908 1
91582 32957 1
91582 68021 1
91582 112636 1
133555 84350 1
133555 65510 1
133555 73894 1
99085 137091 1
99085 129028 1
99085 7635 1
150934 17897 1
24962 109742 1
5214 121745 1
5214 115270 1
152792 110720 1
61000 23620 1
61000 46790 1
61000 14121 1
61000 53963 1
153672 110720 1
77106 36609 1
77106 97755 1
77106 76227 1
77106 28115 1
77106 147863 1
119902 88634 1
119902 98070 1
25828 133645 1
25828 115515 1
25828 29111 1
88238 108315 1
88238 98761 1
153255 66178 1
153255 23829 1
153255 71541 1
23193 45306 1
23193 143081 1
23162 111684 1
23162 151802 1
95586 63443 1
95586 85 1
42135 28115 1
42135 88238 1
42135 118948 1
11411 57219 1
11411 98701 1
71458 31735 1
71458 132216 1
71458 88593 1
71458 25541 1
89045 89096 1
89045 15233 1
89045 118912 1
20744 76014 1
20744 114379 1
20744 71640 1
54487 88508 1
99117 151486 1
99117 23549 1
99117 88508 1
111173 90168 1
111173 107762 1
79076 12394 1
79076 73612 1
79076 59029 1
79076 10381 1
79076 65886 1
44765 75011 1
44765 72439 1
44765 148034 1
44765 42372 1
44765 135767 1
37358 129429 1
37358 108839 1
29241 88508 1
29241 9679 1
63747 84796 1
63747 14627 1
102454 126005 1
102454 66193 1
102454 134531 1
126321 89522 1
126321 19691 1
126321 80771 1
150861 33424 1
150861 26164 1
150861 95184 1
135564 70412 1
135564 108315 1
116356 73275 1
28295 84435 1
28295 64088 1
28295 34273 1
28295 89086 1
28295 64599 1
60963 45955 1
60963 102116 1
60963 117783 1
52526 24478 1
52526 81686 1
50880 81690 1
50880 110720 1
50880 3267 1
19479 56150 1
19479 137259 1
19479 74927 1
19479 102116 1
57482 31777 1
57482 102116 1
57482 21684 1
57482 154012 1
57482 46387 1
18792 110796 1
18792 128265 1
18792 95276 1
18792 93833 1
145424 85012 1
65593 117916 1
65593 80644 1
65593 20196 1
63947 135173 1
63947 109742 1
63947 131898 1
63947 17897 1
63947 92833 1
91929 25049 1
91929 62077 1
91929 19992 1
91929 75910 1
20493 62077 1
83137 153281 1
83137 45183 1
83137 106622 1
83137 149120 1
102066 108080 1
25009 108080 1
24600 101374 1
24600 65840 1
43313 58950 1
43313 137259 1
43313 36001 1
127259 59295 1
97306 108080 1
62132 107135 1
78125 24014 1
78125 65239 1
78125 70957 1
130407 19992 1
130407 11901 1
95841 46306 1
95841 130483 1
95841 32067 1
95841 141085 1
45125 57629 1
45125 45306 1
74573 128951 1
74573 32540 1
74573 101798 1
55644 93351 1
55644 114145 1
55644 150739 1
37366 28768 1
37366 89256 1
37366 22859 1
37366 81317 1
109908 15833 1
100683 20931 1
100683 77278 1
100683 62322 1
100683 11504 1
100683 75639 1
94099 132301 1
89161 118692 1
89161 26728 1
89161 112926 1
5292 90440 1
30321 108553 1
30321 33288 1
30321 77904 1
54321 131940 1
105347 133851 1
105347 130721 1
43339 63443 1
69675 93925 1
69675 101374 1
69675 102434 1
69675 47721 1
74430 126005 1
74430 53956 1
16707 126005 1
150335 26537 1
150335 100759 1
150335 98421 1
154834 73270 1
154834 148034 1
154834 19992 1
154834 8147 1
89529 32462 1
89529 129645 1
89529 87287 1
89529 23204 1
136440 59708 1
108458 73270 1
108458 53707 1
108458 6443 1
70830 9545 1
41186 73270 1
53540 85797 1
53540 53640 1
107035 67508 1
44487 108175 1
44487 58992 1
84334 57411 1
84334 48309 1
38984 24343 1
38984 104508 1
38984 108191 1
38984 9482 1
42276 75561 1
42276 30987 1
42276 49139 1
94125 101374 1
94125 105109 1
98240 132383 1
98240 26124 1
98240 70956 1
17270 55435 1
17270 127054 1
61712 39636 1
61712 108044 1
27311 125300 1
27311 130552 1
27311 10248 1
27311 96549 1
78412 125300 1
36285 149328 1
36285 99869 1
36285 11516 1
36285 3177 1
144098 92000 1
144098 20054 1
21131 84092 1
21131 59802 1
21131 47029 1
21131 35899 1
12394 35156 1
12394 11508 1
12394 50538 1
12394 53406 1
132088 60555 1
152465 53559 1
152465 51519 1
152465 14653 1
29838 121959 1
103331 35 1
115613 47087 1
115613 84631 1
110675 35 1
95542 91931 1
95542 5557 1
95542 150867 1
114678 35 1
89500 43983 1
89500 35 1
149515 16880 1
149515 141003 1
149515 15159 1
149515 148757 1
45451 145100 1
45451 48965 1
45451 54257 1
97033 73909 1
97033 105584 1
97033 135815 1
119201 72347 1
100272 45303 1
100272 61178 1
100272 90359 1
70657 42372 1
118791 55811 1
118791 115288 1
93479 5557 1
109939 90410 1
109939 71550 1
109939 26958 1
109939 84397 1
12983 153006 1
12983 25677 1
12983 67857 1
23682 20869 1
23682 99869 1
23682 61072 1
23682 132484 1
85252 45486 1
85252 19199 1
85252 63953 1
37519 37694 1
151093 102992 1
151093 101730 1
151093 143876 1
151093 97594 1
37923 111888 1
37923 70716 1
37923 83439 1
12410 26005 1
12410 67012 1
12410 113334 1
12410 108553 1
12410 140350 1
92241 25782 1
92241 118281 1
92241 80451 1
92241 16580 1
39071 107812 1
46144 107812 1
46144 83058 1
107740 52013 1
107740 38863 1
107740 118791 1
107740 151835 1
128300 107812 1
