112132 37694 1
112132 52361 1
37694 3019 1
37694 102505 1
37694 14436 1
37694 101256 1
37694 131285 1
52361 17470 1
52361 30850 1
52361 112132 1
52361 124816 1
52361 113635 1
101256 37694 1
14436 13670 1
14436 138758 1
14436 66485 1
14436 117024 1
14436 130207 1
102505 18275 1
102505 24760 1
102505 64555 1
102505 45593 1
102505 71574 1
3019 8194 1
3019 114059 1
3019 5557 1
3019 134182 1
3019 19265 1
113635 52361 1
124816 52361 1
124816 138570 1
124816 82145 1
30850 111684 1
30850 40682 1
30850 149555 1
30850 7116 1
30850 36252 1
17470 52361 1
131285 22669 1
131285 30851 1
131285 81759 1
131285 66080 1
131285 95871 1
149555 10383 1
149555 30055 1
149555 62944 1
149555 49585 1
149555 75459 1
111684 21924 1
111684 26716 1
111684 69586 1
111684 53217 1
111684 87903 1
40682 9408 1
40682 16400 1
40682 53827 1
40682 32296 1
40682 41002 1
66485 12737 1
66485 14436 1
82145 10111 1
82145 23078 1
82145 50412 1
82145 42228 1
82145 70983 1
24760 1123 1
24760 140407 1
24760 16597 1
24760 33655 1
24760 88023 1
95871 19893 1
95871 137851 1
95871 83415 1
95871 52694 1
95871 112296 1
45593 149187 1
45593 131920 1
45593 47029 1
45593 144629 1
45593 46460 1
5557 4598 1
5557 80644 1
5557 114988 1
5557 14617 1
5557 15317 1
19265 3019 1
19265 46634 1
19265 41860 1
19265 12928 1
64555 88633 1
64555 102505 1
64555 88294 1
81759 14754 1
81759 90832 1
81759 78118 1
81759 64192 1
81759 103902 1
7116 38530 1
7116 26890 1
7116 23087 1
7116 114211 1
7116 115167 1
30851 16753 1
30851 131285 1
22669 4827 1
22669 32240 1
22669 114694 1
22669 128154 1
22669 100432 1
36252 15991 1
36252 22360 1
36252 123696 1
36252 134040 1
36252 52163 1
130207 14436 1
66080 4736 1
66080 96847 1
66080 36335 1
66080 109682 1
66080 60213 1
117024 3438 1
117024 145557 1
117024 17579 1
117024 85280 1
117024 134558 1
134182 3019 1
134182 29443 1
18275 13860 1
18275 51940 1
18275 41005 1
18275 147738 1
18275 48611 1
13670 2945 1
13670 60360 1
13670 46893 1
13670 148707 1
13670 154742 1
71574 102505 1
8194 25236 1
8194 104024 1
8194 66408 1
8194 806 1
8194 99998 1
114059 3019 1
114059 125880 1
114059 26760 1
114059 100418 1
114059 54379 1
138570 14977 1
138570 22027 1
138570 77414 1
138570 53159 1
138570 82833 1
138758 13860 1
138758 153742 1
138758 47869 1
138758 42923 1
138758 102418 1
66408 8194 1
66408 17423 1
66408 55118 1
66408 41762 1
66408 65842 1
25236 10567 1
25236 25111 1
25236 36926 1
25236 94762 1
25236 71480 1
148707 36227 1
148707 57800 1
148707 98346 1
148707 145643 1
148707 123939 1
60360 13412 1
60360 17856 1
60360 135965 1
60360 56203 1
60360 144808 1
2945 2309 1
2945 43061 1
2945 98617 1
2945 152174 1
4736 66080 1
41005 13568 1
41005 100991 1
41005 111616 1
41005 60555 1
41005 152907 1
51940 30582 1
51940 67199 1
51940 19893 1
51940 15160 1
51940 34579 1
12737 12266 1
12737 64900 1
12737 146884 1
12737 60847 1
12737 45265 1
13860 2945 1
13860 100301 1
13860 81409 1
13860 29819 1
13860 151537 1
38530 7116 1
87903 46631 1
87903 68343 1
87903 111684 1
87903 118003 1
87903 130129 1
53217 11641 1
53217 111684 1
70983 143703 1
70983 147680 1
70983 82145 1
70983 61390 1
70983 150763 1
14617 53517 1
14617 91470 1
14617 110842 1
14617 135763 1
14617 82899 1
112296 6393 1
112296 31928 1
112296 81175 1
112296 67705 1
112296 95280 1
62944 4776 1
62944 63451 1
62944 28150 1
62944 149555 1
99998 9028 1
99998 13547 1
99998 59184 1
99998 51219 1
99998 67104 1
96847 9654 1
96847 66080 1
96847 24789 1
26716 7272 1
26716 68343 1
26716 135241 1
26716 147681 1
26716 101750 1
10383 43656 1
10383 94992 1
10383 149555 1
10383 85297 1
10383 54859 1
16753 148097 1
16753 65504 1
16753 59434 1
16753 40264 1
75459 87315 1
75459 130753 1
75459 149555 1
75459 122765 1
46460 7272 1
46460 149187 1
46460 31742 1
46460 67829 1
46460 123713 1
125880 7933 1
125880 114059 1
125880 54690 1
125880 40441 1
125880 113891 1
140407 2945 1
140407 121079 1
140407 49821 1
140407 40229 1
140407 120798 1
47869 20130 1
47869 24760 1
47869 66104 1
47869 120464 1
47869 129720 1
154742 13670 1
154742 21520 1
154742 100293 1
154742 81041 1
154742 108726 1
26890 2132 1
26890 62705 1
26890 25594 1
26890 64195 1
26890 91206 1
52163 13873 1
52163 129834 1
52163 117284 1
52163 131216 1
52163 152724 1
4827 22669 1
46634 7738 1
46634 20431 1
46634 72498 1
46634 98450 1
46634 135229 1
69586 111684 1
69586 32032 1
69586 52758 1
69586 24330 1
69586 101673 1
100432 3462 1
100432 104226 1
100432 41440 1
100432 130160 1
100432 72723 1
149187 13483 1
149187 15449 1
149187 46460 1
149187 73571 1
4598 2945 1
4598 39070 1
4598 48045 1
4598 60399 1
80644 6718 1
80644 81460 1
80644 35271 1
80644 104022 1
80644 62380 1
82833 97494 1
82833 131528 1
82833 138570 1
32296 40682 1
806 99590 1
806 141329 1
806 131004 1
806 79534 1
806 127559 1
131920 20931 1
131920 143703 1
131920 70755 1
131920 65577 1
131920 153740 1
144629 103005 1
144629 45593 1
144629 32147 1
144629 101986 1
50412 7588 1
50412 53528 1
50412 83971 1
50412 82978 1
88023 14367 1
88023 24760 1
88023 84111 1
88023 74140 1
88023 125451 1
47029 18201 1
47029 22996 1
47029 120133 1
26760 92886 1
26760 33655 1
26760 46969 1
114988 9690 1
114988 124872 1
114988 63020 1
114988 52172 1
114988 131611 1
100418 114059 1
100418 149785 1
100418 114401 1
100418 76972 1
100418 43351 1
52694 146121 1
52694 95871 1
52694 77723 1
10111 82145 1
10111 150763 1
10111 28479 1
10111 82978 1
137851 95871 1
137851 141507 1
14977 138570 1
54379 18939 1
54379 86239 1
54379 78341 1
54379 45118 1
54379 142282 1
53159 138570 1
42923 20853 1
42923 56319 1
42923 51951 1
42923 95753 1
42923 44286 1
23087 64775 1
23087 22482 1
23087 50592 1
23087 7116 1
23087 150279 1
77414 49655 1
77414 138570 1
77414 148442 1
12928 132737 1
12928 113547 1
12928 21031 1
12928 109809 1
19893 13552 1
19893 146703 1
19893 85949 1
19893 41669 1
19893 77381 1
102418 138758 1
15991 149187 1
15991 72603 1
15991 77278 1
15991 153472 1
15991 40661 1
134040 2822 1
134040 119755 1
134040 43096 1
134040 125891 1
134040 75904 1
41002 114805 1
41002 40682 1
41002 126494 1
41002 21355 1
41002 81854 1
3438 90800 1
3438 141657 1
3438 62889 1
3438 62754 1
3438 74276 1
48611 18275 1
48611 44194 1
9408 40682 1
16400 7964 1
16400 40682 1
53827 40682 1
15317 3838 1
15317 53729 1
15317 120885 1
15317 23549 1
15317 96706 1
23078 11067 1
23078 30740 1
23078 52526 1
23078 120480 1
23078 74871 1
147738 17971 1
147738 32910 1
147738 107267 1
147738 92022 1
147738 127563 1
16597 11021 1
16597 97926 1
16597 122924 1
16597 75807 1
16597 51763 1
14754 130690 1
14754 17042 1
14754 154863 1
14754 59828 1
14754 93132 1
30055 101883 1
30055 53396 1
30055 46532 1
30055 149555 1
30055 93534 1
42228 9882 1
42228 139940 1
42228 82145 1
78118 20958 1
78118 33792 1
78118 133382 1
78118 56428 1
78118 131614 1
88633 7151 1
88633 151802 1
88633 55271 1
88633 40126 1
88633 98127 1
109682 14347 1
109682 25588 1
109682 79746 1
109682 66080 1
109682 90902 1
60213 12828 1
60213 21872 1
60213 87307 1
60213 50292 1
60213 96413 1
22027 138570 1
88294 6401 1
88294 93552 1
88294 64555 1
88294 42250 1
88294 145643 1
41860 11473 1
41860 52947 1
41860 70412 1
41860 125312 1
41860 150127 1
114694 12664 1
114694 16945 1
114694 62757 1
114694 54855 1
114694 75121 1
104024 9954 1
104024 13236 1
104024 63192 1
104024 47812 1
104024 84671 1
153742 36270 1
153742 104729 1
153742 114207 1
153742 146254 1
153742 138758 1
64192 96706 1
64192 81759 1
33655 22444 1
33655 29619 1
33655 129720 1
33655 81558 1
33655 63931 1
103902 81759 1
103902 108839 1
103902 102715 1
114211 7116 1
46893 16527 1
46893 29554 1
46893 81456 1
46893 73118 1
46893 134686 1
1123 120708 1
1123 152976 1
1123 147187 1
1123 122274 1
1123 137184 1
115167 7116 1
115167 124372 1
115167 93914 1
32240 22669 1
32240 25481 1
128154 16956 1
128154 139233 1
128154 78461 1
128154 64574 1
128154 129103 1
85280 16753 1
85280 31430 1
85280 152074 1
85280 74650 1
85280 110100 1
22360 36252 1
123696 56319 1
123696 109316 1
123696 141161 1
123696 36252 1
123696 130756 1
36335 66080 1
36335 43066 1
90832 15901 1
90832 26690 1
90832 89704 1
90832 71368 1
90832 130826 1
145557 106994 1
145557 63949 1
145557 103001 1
145557 32937 1
145557 114059 1
17579 15089 1
17579 65286 1
17579 65332 1
17579 154410 1
17579 89709 1
83415 95871 1
21924 49813 1
21924 140561 1
21924 111684 1
21924 136816 1
21924 22726 1
49585 149555 1
134558 16597 1
134558 24712 1
134558 81566 1
134558 54863 1
134558 95304 1
29443 14037 1
29443 76161 1
29443 94403 1
29443 118186 1
29443 50512 1
