14567 56511 1
14567 65306 1
56511 153362 1
56511 40157 1
56511 54772 1
56511 4919 1
56511 46366 1
65306 88353 1
65306 49104 1
65306 59529 1
65306 6124 1
65306 54890 1
4919 56511 1
54772 56511 1
54772 30901 1
40157 56511 1
153362 56511 1
153362 50444 1
49104 58369 1
49104 19670 1
49104 34231 1
49104 118228 1
49104 23288 1
54890 99935 1
54890 65306 1
6124 94275 1
6124 67746 1
6124 9181 1
6124 1627 1
6124 32961 1
59529 104254 1
59529 65306 1
88353 132716 1
88353 99994 1
88353 149713 1
88353 23124 1
88353 143045 1
46366 56511 1
46366 479 1
46366 59519 1
46366 34505 1
479 33468 1
479 46366 1
479 25510 1
479 145643 1
479 150050 1
99994 114766 1
99994 115952 1
99994 9812 1
99994 9164 1
99994 91313 1
149713 81887 1
149713 45254 1
149713 64331 1
149713 4139 1
149713 57756 1
132716 45254 1
132716 20275 1
132716 24853 1
132716 1575 1
132716 23549 1
32961 142775 1
32961 123414 1
32961 34336 1
32961 7943 1
32961 65435 1
1627 10473 1
1627 108331 1
1627 21104 1
1627 82503 1
1627 32941 1
9181 109119 1
9181 139300 1
9181 54195 1
9181 2924 1
9181 82091 1
67746 122907 1
67746 6124 1
67746 65697 1
67746 7109 1
94275 50156 1
94275 6124 1
104254 78929 1
104254 41730 1
104254 52421 1
104254 7307 1
104254 43382 1
58369 102801 1
58369 47971 1
58369 54043 1
58369 5180 1
58369 49871 1
59519 130196 1
59519 41254 1
59519 46887 1
59519 2822 1
59519 43758 1
23124 134686 1
23124 43677 1
23124 62754 1
23124 10503 1
23124 54560 1
50444 70575 1
50444 140909 1
50444 107801 1
50444 2371 1
50444 50585 1
34505 117607 1
34505 137513 1
34505 128636 1
34505 18529 1
34505 126066 1
19670 65194 1
19670 50450 1
19670 146146 1
19670 34273 1
19670 99990 1
30901 59101 1
30901 53868 1
30901 97175 1
30901 11819 1
30901 61712 1
23288 72347 1
23288 49104 1
23288 128075 1
23288 68978 1
143045 88655 1
143045 43363 1
143045 52460 1
143045 3647 1
143045 45903 1
118228 82978 1
118228 3903 1
118228 49104 1
118228 7574 1
118228 54482 1
99935 99259 1
99935 62678 1
99935 83995 1
99935 9614 1
99935 78482 1
34231 141242 1
34231 141328 1
34231 102935 1
34231 3109 1
34231 54659 1
83995 99935 1
83995 148054 1
140909 93534 1
140909 50444 1
140909 95666 1
62678 83255 1
62678 28680 1
62678 114588 1
62678 54540 1
62678 99935 1
4139 62806 1
4139 122187 1
4139 8180 1
4139 149156 1
4139 8724 1
115952 99994 1
145643 59840 1
145643 37694 1
145643 46780 1
145643 1377 1
145643 40047 1
81887 149713 1
88655 103639 1
88655 147099 1
88655 92840 1
88655 5557 1
88655 129760 1
9164 41190 1
9164 16462 1
9164 28577 1
9164 4058 1
9164 99994 1
21104 112839 1
21104 1627 1
25510 45996 1
25510 93975 1
25510 108194 1
25510 3779 1
25510 148508 1
141328 130891 1
141328 34231 1
141328 50666 1
141328 35245 1
141328 72909 1
102935 34231 1
54560 66532 1
54560 132478 1
54560 32818 1
54560 29025 1
54560 93699 1
123414 32961 1
91313 136754 1
91313 154772 1
91313 152236 1
91313 99994 1
3903 52424 1
3903 8740 1
3903 30666 1
3903 635 1
3903 23341 1
46887 59519 1
46887 8638 1
43382 104254 1
139300 9181 1
47971 149143 1
47971 39130 1
47971 58369 1
47971 1655 1
47971 44572 1
7574 95535 1
7574 118228 1
7574 35619 1
7574 24674 1
7574 152859 1
78482 99935 1
7307 104254 1
34273 83642 1
34273 101282 1
34273 108968 1
34273 3030 1
34273 42918 1
141242 34231 1
50156 48906 1
50156 94275 1
50156 145175 1
50156 5243 1
50156 136334 1
45254 99365 1
45254 132716 1
45254 130721 1
45254 38185 1
45254 54644 1
54043 101788 1
54043 528 1
54043 31963 1
54043 8042 1
54043 58369 1
128636 34505 1
57756 47706 1
57756 121034 1
57756 18025 1
57756 14165 1
57756 110109 1
52421 69618 1
52421 19018 1
52421 26383 1
52421 81069 1
52421 21383 1
10473 1627 1
78929 104254 1
78929 68961 1
20275 135736 1
20275 53287 1
20275 103070 1
20275 7051 1
20275 47164 1
7109 145986 1
7109 42536 1
7109 143793 1
7109 83714 1
7109 118573 1
99259 22756 1
99259 20131 1
99259 99935 1
65697 67746 1
65697 58187 1
65697 131723 1
65697 6656 1
65697 138755 1
82503 1627 1
102801 58369 1
102801 50412 1
102801 104771 1
97175 125300 1
97175 7551 1
97175 143288 1
97175 30901 1
9812 107554 1
9812 51476 1
9812 99994 1
9812 64239 1
9812 29335 1
41254 98412 1
41254 131538 1
41254 118456 1
41254 15086 1
41254 75380 1
50450 81686 1
50450 42852 1
50450 49896 1
50450 4449 1
50450 46532 1
82091 9181 1
82091 3674 1
82091 52441 1
64331 80174 1
64331 64081 1
64331 153006 1
64331 7588 1
64331 68495 1
41730 96539 1
41730 118866 1
41730 104254 1
18529 34505 1
18529 14025 1
18529 65143 1
18529 62170 1
61712 104771 1
61712 97348 1
61712 73364 1
61712 4427 1
61712 108044 1
65435 32961 1
32941 128011 1
32941 1627 1
32941 104536 1
32941 8987 1
3647 72617 1
3647 87255 1
3647 93370 1
3647 18688 1
3647 8793 1
108331 131568 1
108331 1627 1
109119 9181 1
109119 3617 1
109119 134837 1
54195 9181 1
23549 46520 1
23549 127007 1
23549 129959 1
23549 5678 1
23549 60963 1
34336 32961 1
5180 63149 1
5180 58369 1
130196 98412 1
130196 16109 1
130196 52383 1
130196 35562 1
130196 59519 1
45903 151364 1
45903 26579 1
45903 38185 1
45903 36573 1
45903 66193 1
54659 34231 1
50585 50444 1
2822 44460 1
2822 134040 1
2822 59519 1
33468 87570 1
33468 479 1
33468 33000 1
33468 24352 1
33468 57304 1
24853 132716 1
24853 31552 1
43758 59519 1
9614 99935 1
9614 43928 1
9614 82013 1
9614 74024 1
122907 69127 1
122907 45829 1
122907 59184 1
122907 1573 1
122907 58135 1
68978 101458 1
68978 47388 1
68978 53700 1
68978 6242 1
68978 52490 1
3109 34231 1
134686 143894 1
134686 24234 1
134686 147372 1
134686 103138 1
134686 25235 1
43677 149273 1
43677 23124 1
43677 90502 1
54482 149258 1
54482 35846 1
54482 46460 1
54482 2555 1
54482 37284 1
10503 80173 1
10503 73200 1
10503 24693 1
10503 4485 1
10503 110066 1
62754 56649 1
62754 34128 1
62754 41986 1
62754 100173 1
62754 39526 1
70575 50444 1
114766 94214 1
114766 60604 1
114766 79803 1
114766 4093 1
114766 68961 1
107801 81098 1
107801 50444 1
107801 57743 1
107801 2943 1
107801 57066 1
1575 132716 1
7943 32961 1
2371 50444 1
2371 7272 1
2371 138679 1
59101 70932 1
59101 143452 1
59101 153968 1
59101 30901 1
59101 112942 1
117607 45968 1
117607 34505 1
117607 134413 1
82978 114048 1
82978 50412 1
82978 58383 1
82978 6787 1
82978 56302 1
150050 38675 1
150050 479 1
137513 34505 1
146146 67346 1
146146 44749 1
146146 54339 1
146146 1947 1
146146 46889 1
126066 34505 1
65194 76586 1
65194 47105 1
65194 61495 1
65194 3507 1
65194 58609 1
49871 125464 1
49871 58369 1
49871 120334 1
49871 2272 1
49871 125961 1
142775 32961 1
99990 67172 1
99990 35622 1
99990 49920 1
99990 1992 1
99990 38776 1
52460 143045 1
52460 22243 1
52460 134826 1
52460 37339 1
2924 3079 1
2924 97555 1
2924 153543 1
2924 149667 1
2924 111274 1
53868 48862 1
53868 27395 1
53868 35835 1
53868 141289 1
53868 31980 1
11819 30901 1
72347 130700 1
72347 42538 1
72347 55985 1
72347 3210 1
72347 50572 1
128075 74382 1
128075 75609 1
128075 98183 1
128075 7626 1
128075 78267 1
43363 129753 1
43363 35879 1
43363 42401 1
43363 2049 1
43363 38588 1
1573 122907 1
114048 82978 1
45829 122907 1
82013 9614 1
31552 7588 1
69127 122907 1
97348 25510 1
151364 45903 1
46520 23549 1
52490 68978 1
18688 3647 1
18688 22243 1
73364 61712 1
528 62754 1
47388 68978 1
74382 128075 1
7588 59184 1
7588 31552 1
153006 64331 1
4449 50450 1
4449 81686 1
42852 50450 1
64239 9812 1
101458 68978 1
111274 2924 1
138755 65697 1
6656 65697 1
58187 65697 1
125961 49871 1
118573 7109 1
54339 146146 1
83714 7109 1
38588 43363 1
2049 43363 1
129753 43363 1
99365 45254 1
98183 128075 1
81069 59184 1
81069 52421 1
3210 72347 1
27395 143452 1
3079 2924 1
125464 49871 1
39130 47971 1
50572 72347 1
58609 65194 1
22243 18688 1
53287 47164 1
38776 99990 1
29025 54560 1
35622 99990 1
58383 82978 1
67172 99990 1
2272 49871 1
37694 81069 1
61495 65194 1
1947 146146 1
153543 2924 1
56302 82978 1
131723 65697 1
2943 107801 1
57743 107801 1
57743 23549 1
60604 114766 1
136334 50156 1
37284 54482 1
2555 54482 1
6787 82978 1
46460 18025 1
46889 104771 1
149273 1377 1
147372 134686 1
76586 65194 1
24234 134686 1
18025 108044 1
143793 7109 1
26383 62754 1
100173 62754 1
54644 45254 1
127007 23549 1
24674 7574 1
35619 7574 1
118866 41730 1
1655 47971 1
83642 34273 1
149143 47971 1
145175 50156 1
152859 7574 1
45996 25510 1
58135 122907 1
130721 45254 1
130721 57066 1
5243 50156 1
49920 99990 1
8638 46887 1
44460 2822 1
59184 14165 1
47105 65194 1
103138 62754 1
138679 2371 1
41986 62754 1
101282 34273 1
1377 135736 1
1377 149273 1
154772 57756 1
42536 7109 1
93699 54560 1
53700 68978 1
92840 88655 1
46780 145643 1
63149 51476 1
8042 54043 1
29335 9812 1
43928 9614 1
81686 42852 1
80174 64331 1
49896 50450 1
69618 68231 1
69618 19165 1
69618 25418 1
69618 52421 1
110109 83323 1
110109 7392 1
110109 66569 1
120334 49871 1
121034 88353 1
121034 58992 1
121034 10680 1
121034 63276 1
44572 47971 1
30666 3903 1
30666 99006 1
3617 42178 1
54540 104607 1
54540 46219 1
54540 71695 1
54540 6979 1
54540 52463 1
66532 39527 1
66532 46460 1
66532 40916 1
42401 43363 1
42401 99668 1
42401 114976 1
42401 20634 1
42401 101883 1
130700 72347 1
38675 61343 1
38675 73610 1
62806 103173 1
62806 4139 1
16462 60067 1
16462 2711 1
16462 72606 1
6242 68978 1
129760 130159 1
129760 67667 1
129760 147976 1
129760 83179 1
72909 149928 1
72909 49146 1
72909 64715 1
72909 60006 1
101788 57965 1
101788 40216 1
1992 137411 1
1992 12321 1
1992 63149 1
1992 52393 1
28577 151370 1
28577 88861 1
28577 528 1
28577 40727 1
38185 65539 1
38185 36625 1
38185 5499 1
38185 77571 1
78267 128075 1
136754 68696 1
136754 11648 1
136754 65314 1
112839 48020 1
112839 49526 1
3507 65194 1
48906 50156 1
39526 11983 1
39526 62754 1
47706 105504 1
47706 36972 1
47706 69555 1
47706 427 1
47706 45137 1
93975 39081 1
148508 89943 1
148508 62151 1
148508 4937 1
148508 66387 1
64081 64331 1
64081 3061 1
64081 60608 1
64081 49029 1
132478 54560 1
132478 104156 1
132478 19589 1
132478 147048 1
19018 93174 1
8793 3647 1
21383 105269 1
21383 52421 1
21383 127642 1
62170 38675 1
62170 26522 1
62170 24767 1
42538 78765 1
42538 28680 1
42538 72347 1
42538 90767 1
103070 67814 1
103070 44008 1
103070 2945 1
103070 50169 1
3779 25510 1
3779 48396 1
32818 45872 1
32818 86615 1
32818 147860 1
32818 1340 1
7051 59145 1
7051 56734 1
7051 14762 1
7051 123943 1
149667 80268 1
149667 4632 1
149667 50618 1
42918 34273 1
42918 48013 1
149258 54482 1
149258 38740 1
145986 7109 1
