117904 134199 1
134199 11751 1
134199 147048 1
134199 121959 1
134199 56770 1
134199 14389 1
56770 134199 1
14389 134199 1
121959 11780 1
121959 130721 1
121959 91743 1
121959 123943 1
121959 116523 1
11751 134199 1
147048 9540 1
147048 123019 1
147048 95463 1
147048 137313 1
147048 14631 1
95463 19322 1
95463 107713 1
95463 108553 1
95463 154410 1
95463 22457 1
14631 147048 1
137313 147048 1
116523 121959 1
116523 90925 1
123019 147048 1
123019 6924 1
123943 14473 1
123943 153872 1
123943 101094 1
123943 41228 1
123943 15073 1
11780 90380 1
11780 54265 1
11780 22243 1
11780 58035 1
11780 140557 1
130721 28289 1
130721 122447 1
130721 98148 1
130721 147380 1
130721 30520 1
91743 13906 1
91743 129781 1
91743 106097 1
91743 60364 1
91743 15317 1
9540 147048 1
98148 146755 1
98148 39622 1
98148 130721 1
98148 78520 1
98148 102566 1
122447 130721 1
122447 84695 1
22243 11780 1
22243 24811 1
22243 100991 1
22243 25828 1
22243 79046 1
28289 130721 1
15317 6850 1
15317 131955 1
15317 21686 1
15317 23719 1
15317 8766 1
58035 76642 1
58035 4651 1
58035 35273 1
58035 11780 1
14473 10586 1
14473 146759 1
14473 52844 1
14473 127047 1
14473 13670 1
101094 11259 1
101094 90185 1
101094 107862 1
101094 114988 1
101094 11459 1
22457 95463 1
22457 11153 1
22457 96319 1
22457 17246 1
22457 123399 1
90380 11780 1
90380 8361 1
90380 135137 1
30520 84695 1
30520 24248 1
30520 71422 1
30520 130721 1
129781 80113 1
129781 44786 1
129781 91743 1
147380 88184 1
147380 141986 1
147380 141779 1
147380 118127 1
147380 97170 1
106097 15436 1
106097 87944 1
106097 132241 1
106097 126821 1
106097 16452 1
60364 97732 1
60364 153613 1
60364 108758 1
60364 28776 1
60364 91743 1
41228 6756 1
41228 153646 1
41228 150325 1
41228 133861 1
41228 6986 1
19322 84184 1
19322 32489 1
19322 89709 1
19322 27574 1
19322 86233 1
153872 35137 1
153872 62084 1
153872 65047 1
153872 106123 1
153872 40193 1
13906 7758 1
13906 77394 1
13906 125891 1
13906 130438 1
13906 84449 1
107713 22810 1
107713 145396 1
107713 106037 1
107713 152186 1
107713 24913 1
108553 15900 1
108553 81790 1
108553 151370 1
108553 115492 1
108553 16699 1
6924 88160 1
6924 28776 1
6924 46548 1
6924 90614 1
6924 123019 1
154410 17674 1
154410 80416 1
154410 120732 1
154410 113000 1
154410 17692 1
15073 107403 1
15073 71702 1
15073 57717 1
15073 37401 1
15073 99990 1
90925 148160 1
90925 7511 1
90925 116523 1
90925 8028 1
90925 112966 1
140557 21103 1
140557 11780 1
54265 11780 1
107403 13860 1
107403 114116 1
107403 138480 1
107403 130905 1
107403 15073 1
17692 94475 1
17692 27553 1
17692 111975 1
17692 144013 1
71422 28986 1
71422 141662 1
71422 146355 1
71422 80510 1
71422 29863 1
79046 83070 1
79046 19221 1
79046 136738 1
79046 22243 1
150325 53729 1
150325 41228 1
150325 58670 1
6850 15317 1
6850 74776 1
100991 7272 1
100991 65810 1
100991 107535 1
100991 96560 1
100991 139484 1
32489 19322 1
32489 39747 1
32489 135440 1
32489 72165 1
32489 24313 1
146755 39749 1
146755 137768 1
146755 113973 1
146755 71437 1
146755 47654 1
99990 10731 1
99990 101328 1
99990 139033 1
99990 41648 1
99990 15073 1
90614 6924 1
135137 32913 1
135137 83371 1
135137 88305 1
135137 98663 1
135137 39423 1
106037 24881 1
106037 136816 1
106037 135555 1
106037 50420 1
106037 26476 1
24248 16503 1
24248 42474 1
24248 59840 1
24248 87939 1
24248 21881 1
7758 64532 1
7758 105288 1
7758 39132 1
7758 71903 1
7758 77336 1
146759 14473 1
107862 28864 1
107862 123623 1
107862 127026 1
107862 77328 1
107862 33543 1
102566 26475 1
102566 53790 1
102566 143028 1
102566 81886 1
102566 30783 1
52844 27367 1
52844 14473 1
52844 112868 1
24811 126266 1
24811 22243 1
24811 26004 1
81790 108553 1
71702 7051 1
71702 110429 1
71702 133480 1
71702 108392 1
71702 7468 1
44786 42445 1
44786 122642 1
44786 48340 1
44786 46364 1
44786 101320 1
10586 14473 1
10586 66165 1
10586 103390 1
10586 27367 1
10586 101447 1
11459 15103 1
11459 57070 1
11459 130794 1
11459 144285 1
80113 22243 1
80113 89709 1
80113 60608 1
80113 23022 1
11259 97676 1
11259 95550 1
11259 135551 1
11259 109234 1
11259 31278 1
153646 18506 1
153646 124831 1
153646 94572 1
153646 153196 1
153646 21023 1
131955 111246 1
131955 130160 1
131955 91427 1
131955 19341 1
131955 126266 1
114988 22085 1
114988 125470 1
114988 104995 1
114988 131611 1
114988 29625 1
127047 99198 1
127047 124281 1
127047 92706 1
127047 132146 1
127047 120666 1
8028 90925 1
8028 150112 1
22810 98443 1
22810 37649 1
22810 122847 1
22810 103716 1
123399 38643 1
123399 56247 1
123399 96468 1
123399 99782 1
123399 39546 1
145396 94054 1
145396 115713 1
145396 89045 1
145396 143079 1
145396 107713 1
152186 107713 1
152186 47314 1
152186 65657 1
152186 49927 1
11153 92162 1
11153 73588 1
11153 92243 1
11153 122666 1
11153 153614 1
21103 14761 1
21103 154152 1
21103 94799 1
21103 76943 1
21103 17576 1
17246 15528 1
17246 146131 1
17246 22457 1
17246 37694 1
17246 17138 1
78520 22565 1
78520 147179 1
78520 114878 1
78520 48411 1
78520 23552 1
132241 19437 1
132241 130832 1
132241 113392 1
132241 51253 1
132241 22688 1
141986 68582 1
141986 124242 1
141986 140407 1
141986 147380 1
141986 82068 1
115492 108553 1
153613 18138 1
153613 137509 1
153613 107976 1
153613 59137 1
153613 21624 1
87944 22858 1
87944 130159 1
87944 98263 1
87944 53170 1
87944 23049 1
35273 17813 1
35273 141666 1
35273 140694 1
35273 19751 1
141779 32393 1
141779 147380 1
141779 117460 1
141779 60028 1
141779 33824 1
37401 14049 1
37401 89213 1
37401 144690 1
37401 15048 1
7511 90925 1
25828 105707 1
25828 53327 1
25828 64195 1
25828 75121 1
25828 94728 1
27574 13586 1
27574 143164 1
27574 118791 1
27574 13745 1
40193 13631 1
40193 102508 1
40193 83910 1
40193 65547 1
40193 15252 1
21686 82432 1
21686 33359 1
21686 54645 1
21686 37074 1
21686 110337 1
88184 7874 1
88184 55278 1
88184 99866 1
88184 89333 1
88184 92606 1
76642 43151 1
76642 113063 1
76642 98674 1
76642 98236 1
76642 49315 1
8766 15317 1
4651 16208 1
4651 63648 1
4651 74211 1
4651 154858 1
4651 24723 1
113000 41637 1
113000 105868 1
113000 107486 1
113000 114018 1
113000 48696 1
126821 106097 1
126821 22243 1
126821 63009 1
126821 22669 1
97170 34252 1
97170 62600 1
97170 68021 1
97170 77755 1
97170 35548 1
16452 114313 1
16452 98291 1
16452 124113 1
16452 31900 1
16452 104074 1
84449 31430 1
84449 81519 1
84449 136193 1
84449 103776 1
84449 36653 1
97732 14873 1
97732 117860 1
97732 125597 1
97732 48862 1
97732 16500 1
148160 90925 1
108758 20134 1
108758 63199 1
108758 101956 1
108758 93699 1
108758 134116 1
84695 24248 1
84695 154218 1
84695 85046 1
84695 67610 1
84695 30520 1
118127 26532 1
118127 154218 1
118127 130721 1
118127 52421 1
118127 27355 1
28776 13733 1
28776 100994 1
28776 148162 1
28776 80843 1
28776 13797 1
13670 134240 1
13670 100509 1
13670 116620 1
13670 38138 1
120732 59426 1
120732 85 1
120732 154410 1
6756 93192 1
6756 76181 1
6756 33325 1
6756 124891 1
6756 56140 1
112966 27956 1
112966 53470 1
112966 56765 1
112966 61383 1
112966 30970 1
133861 29965 1
133861 114805 1
133861 96314 1
133861 52121 1
133861 31691 1
39622 64705 1
39622 97686 1
39622 59675 1
39622 75478 1
6986 54536 1
6986 94137 1
6986 125891 1
6986 93048 1
6986 44043 1
57717 37590 1
57717 108392 1
57717 112335 1
57717 76306 1
57717 38863 1
84184 19969 1
84184 153595 1
84184 86721 1
84184 57111 1
84184 30287 1
16699 108553 1
77394 13906 1
46548 6924 1
89709 9553 1
89709 143485 1
89709 57070 1
89709 118491 1
89709 85572 1
90185 115591 1
90185 103336 1
90185 144811 1
90185 144485 1
90185 101094 1
24913 15416 1
24913 47964 1
24913 106314 1
24913 64899 1
24913 15748 1
23719 23590 1
23719 115914 1
23719 96539 1
23719 72844 1
23719 145589 1
86233 15347 1
86233 92392 1
86233 149273 1
86233 50512 1
86233 17725 1
15436 13693 1
15436 130530 1
15436 89906 1
15436 53621 1
35137 20130 1
35137 114556 1
35137 97109 1
35137 81558 1
35137 22373 1
62084 17246 1
62084 108758 1
62084 150262 1
65047 61401 1
65047 63874 1
65047 111562 1
106123 136484 1
106123 96999 1
106123 108392 1
125891 84506 1
125891 153065 1
130438 13906 1
130438 114453 1
130438 40193 1
130438 15326 1
15900 37130 1
15900 63097 1
15900 34392 1
15900 19111 1
15900 40727 1
151370 150860 1
151370 91039 1
151370 146755 1
151370 132615 1
96319 112985 1
96319 70115 1
8361 122639 1
8361 134230 1
8361 21361 1
8361 152336 1
88160 6924 1
17674 147962 1
17674 86615 1
17674 61335 1
17674 15449 1
80416 154410 1
80416 13860 1
80416 94414 1
