130830 140488 1
140488 1336 1
140488 150877 1
140488 109661 1
140488 69036 1
140488 105003 1
150877 140488 1
105003 140488 1
1336 40193 1
1336 13860 1
1336 153865 1
1336 140488 1
1336 98803 1
109661 140488 1
109661 115590 1
69036 140488 1
153865 1336 1
153865 129938 1
153865 108954 1
153865 54257 1
153865 99417 1
13860 1336 1
13860 56952 1
13860 100173 1
13860 26890 1
13860 23468 1
40193 44 1
40193 93174 1
40193 98240 1
40193 123025 1
40193 124084 1
98803 1336 1
98803 101398 1
98803 112318 1
98803 37921 1
98803 71759 1
115590 769 1
115590 119528 1
115590 105530 1
115590 57362 1
115590 93418 1
105530 37523 1
105530 97912 1
105530 115590 1
119528 87579 1
119528 95871 1
119528 115590 1
119528 127544 1
769 436 1
769 36866 1
769 41450 1
769 152199 1
769 149597 1
37921 35879 1
37921 98803 1
37921 63590 1
112318 1634 1
112318 140229 1
112318 90853 1
112318 51156 1
112318 83367 1
56952 4746 1
56952 125011 1
56952 126930 1
56952 114063 1
56952 104255 1
101398 131 1
101398 137397 1
101398 135497 1
101398 52121 1
101398 99660 1
71759 18057 1
71759 18275 1
71759 83956 1
71759 136738 1
71759 98803 1
124084 1039 1
124084 114766 1
124084 136985 1
124084 40193 1
124084 68232 1
98240 257 1
98240 149388 1
98240 57934 1
98240 22451 1
98240 99905 1
93418 82026 1
93418 134659 1
93418 114805 1
93418 115590 1
44 40193 1
44 3780 1
44 16767 1
44 40198 1
44 54847 1
123025 1072 1
123025 8780 1
123025 25418 1
123025 114493 1
123025 29247 1
23468 62 1
23468 146559 1
23468 140488 1
23468 109466 1
23468 122635 1
100173 13860 1
100173 144848 1
100173 144012 1
100173 71631 1
100173 91470 1
26890 436 1
26890 125938 1
26890 137536 1
26890 18957 1
26890 109131 1
108954 231 1
108954 149667 1
108954 96082 1
108954 33187 1
108954 48311 1
129938 10799 1
129938 48020 1
129938 88636 1
129938 83373 1
129938 153865 1
99417 29025 1
99417 76006 1
99417 100605 1
99417 153865 1
54257 37 1
54257 65661 1
54257 153865 1
54257 18384 1
54257 34867 1
57362 115590 1
93174 3256 1
93174 152278 1
93174 102409 1
93174 30882 1
93174 49733 1
114805 188 1
114805 132861 1
114805 108888 1
114805 69053 1
114805 100826 1
126930 56952 1
134659 2010 1
134659 113858 1
134659 147373 1
134659 58964 1
134659 82243 1
149597 769 1
149597 134813 1
149597 75949 1
149597 39076 1
149597 73216 1
22451 98240 1
22451 58218 1
83367 231 1
83367 139480 1
83367 83156 1
83367 40006 1
83367 74237 1
34867 54257 1
149388 3699 1
149388 150987 1
149388 100545 1
149388 58063 1
149388 96082 1
257 110976 1
257 59732 1
257 52057 1
257 71867 1
257 145874 1
68232 64450 1
68232 124084 1
99660 13874 1
99660 125536 1
99660 80402 1
99660 51833 1
99660 78177 1
95871 9697 1
95871 104546 1
95871 145749 1
95871 61020 1
95871 135699 1
136985 124084 1
1039 124084 1
49733 528 1
49733 93174 1
136738 7486 1
136738 132283 1
136738 114556 1
136738 78886 1
136738 108336 1
83956 5480 1
83956 138964 1
83956 122030 1
83956 72043 1
83956 102952 1
18384 1296 1
18384 103390 1
18384 101782 1
18384 52914 1
18384 65351 1
114766 150 1
114766 115023 1
114766 102865 1
114766 82989 1
114766 99926 1
18057 1847 1
18057 150867 1
18057 150249 1
18057 86931 1
18057 38572 1
18275 7933 1
18275 71512 1
18275 68586 1
18275 76719 1
18275 20926 1
97912 221 1
97912 114420 1
97912 115767 1
97912 63199 1
97912 134658 1
52121 663 1
52121 72389 1
52121 40047 1
52121 18199 1
52121 140422 1
125938 1377 1
125938 128406 1
125938 100889 1
125938 49546 1
125938 95841 1
10799 842 1
10799 38138 1
10799 86872 1
10799 102177 1
10799 71762 1
137397 101398 1
137397 111394 1
137397 121810 1
71631 64 1
71631 89709 1
71631 148001 1
71631 26383 1
71631 152588 1
131 147314 1
131 118003 1
131 89676 1
131 107030 1
131 42078 1
114063 1342 1
114063 100988 1
114063 146570 1
114063 43848 1
114063 72557 1
152199 32 1
152199 151722 1
152199 116732 1
152199 62954 1
152199 109288 1
36866 769 1
36866 90867 1
36866 37694 1
36866 104395 1
36866 148662 1
109131 26890 1
436 413 1
436 47223 1
436 13906 1
436 18589 1
436 114638 1
127544 10763 1
127544 32444 1
127544 42568 1
127544 150263 1
127544 61418 1
35879 4139 1
35879 43363 1
35879 141808 1
35879 122819 1
35879 67887 1
82026 1992 1
82026 93418 1
82026 113334 1
82026 62456 1
82026 82984 1
90853 16995 1
90853 102848 1
90853 112318 1
90853 136835 1
90853 97057 1
40198 44 1
40198 69488 1
40198 74706 1
40198 76239 1
40198 114379 1
30882 11209 1
30882 44256 1
30882 63460 1
30882 119683 1
30882 92822 1
25418 4598 1
25418 134385 1
25418 98629 1
25418 40006 1
25418 41149 1
125011 3619 1
125011 147150 1
125011 110681 1
125011 63415 1
125011 99023 1
88636 316 1
88636 101105 1
88636 148141 1
88636 40518 1
88636 77310 1
146559 23468 1
65661 2442 1
65661 88023 1
65661 143674 1
65661 40861 1
65661 53351 1
137536 26890 1
137536 131565 1
96082 750 1
96082 90079 1
96082 132949 1
96082 29923 1
96082 53855 1
149667 2924 1
149667 154075 1
149667 105897 1
149667 52878 1
149667 97519 1
1072 36502 1
1072 119787 1
1072 39752 1
1072 96935 1
1072 154056 1
48020 2945 1
48020 67925 1
48020 143069 1
48020 41425 1
48020 87612 1
48311 108954 1
29247 4773 1
29247 93038 1
29247 71895 1
29247 90119 1
29247 41424 1
109466 18057 1
109466 23468 1
109466 38139 1
109466 30385 1
109466 74024 1
8780 2807 1
8780 150867 1
8780 124112 1
8780 79648 1
8780 138057 1
83373 842 1
83373 99161 1
83373 134093 1
83373 37934 1
83373 59227 1
33187 16351 1
33187 17530 1
33187 22498 1
33187 108954 1
33187 73665 1
114493 561 1
114493 149713 1
114493 90502 1
114493 67570 1
114493 89476 1
144848 3438 1
144848 73037 1
144848 100173 1
144848 36933 1
144848 52995 1
122635 1530 1
122635 140121 1
122635 96082 1
122635 26952 1
122635 50733 1
91470 1474 1
91470 87590 1
91470 102569 1
91470 39953 1
91470 58878 1
29025 2661 1
29025 130794 1
29025 123354 1
29025 58033 1
29025 81485 1
100605 5125 1
100605 122950 1
100605 106908 1
100605 71533 1
100605 144530 1
102409 500 1
102409 102643 1
102409 112604 1
102409 87745 1
102409 152212 1
41450 769 1
41450 147443 1
41450 114377 1
41450 45857 1
41450 139973 1
62 76913 1
62 23468 1
62 92137 1
18957 479 1
18957 40182 1
18957 107975 1
18957 86896 1
18957 132927 1
54847 44 1
54847 129598 1
54847 83153 1
54847 44215 1
54847 87570 1
16767 44 1
16767 141802 1
16767 85698 1
16767 99869 1
16767 88927 1
3780 44 1
3780 138729 1
3780 106202 1
3780 51763 1
3780 53203 1
57934 44 1
57934 76707 1
57934 98240 1
57934 36293 1
57934 129344 1
99905 25958 1
99905 53150 1
99905 71463 1
99905 65514 1
99905 98240 1
144012 100173 1
140229 112318 1
3256 100545 1
3256 150987 1
3256 146129 1
3256 129720 1
3256 89594 1
76006 1041 1
76006 134494 1
76006 89386 1
76006 67923 1
76006 82225 1
63590 684 1
63590 68674 1
63590 141808 1
63590 43908 1
63590 62994 1
4746 56952 1
104255 56952 1
135497 1701 1
135497 135320 1
135497 122099 1
135497 74140 1
135497 115008 1
152278 93174 1
87579 1527 1
87579 102238 1
87579 133438 1
87579 70119 1
87579 138915 1
1634 84604 1
1634 112318 1
37523 2709 1
37523 44181 1
37523 103636 1
37523 92888 1
37523 91968 1
51156 20467 1
51156 27334 1
51156 112318 1
231 23810 1
231 78191 1
231 151498 1
231 42401 1
231 119670 1
37 54257 1
37 49484 1
37 141820 1
37 103654 1
39752 1072 1
39752 16109 1
39752 33003 1
39752 30126 1
39752 56533 1
61020 45968 1
61020 95871 1
115008 2158 1
115008 101562 1
115008 138612 1
115008 50412 1
115008 80863 1
105897 9986 1
105897 149667 1
154075 149667 1
2924 97555 1
2924 149667 1
2924 3079 1
2924 111274 1
2924 9181 1
53855 2501 1
53855 99444 1
53855 104132 1
53855 52855 1
53855 104246 1
131565 566 1
131565 141792 1
131565 98380 1
131565 63492 1
131565 94765 1
29923 96082 1
37694 1123 1
37694 134872 1
37694 35137 1
37694 8867 1
37694 89580 1
150987 186 1
150987 103710 1
150987 76233 1
150987 30582 1
150987 130488 1
53351 1508 1
53351 122874 1
53351 23945 1
53351 133466 1
53351 130488 1
77310 15456 1
77310 114805 1
77310 88636 1
77310 111466 1
77310 123038 1
43363 733 1
43363 133998 1
43363 86590 1
43363 143467 1
43363 127794 1
44181 37523 1
36502 1072 1
36502 40193 1
36502 140614 1
36502 78324 1
36502 58873 1
38138 855 1
38138 50169 1
38138 97109 1
38138 123668 1
38138 129597 1
148141 34155 1
148141 37279 1
148141 82432 1
148141 78887 1
148141 98753 1
101105 11639 1
101105 88636 1
101105 136679 1
2945 35 1
2945 135339 1
2945 85368 1
2945 13860 1
2945 11645 1
41149 1072 1
41149 7272 1
41149 25418 1
98629 25418 1
4598 148 1
4598 31742 1
4598 45426 1
4598 49948 1
4598 95456 1
90079 12723 1
90079 153447 1
90079 90774 1
90079 63221 1
90079 98240 1
92822 528 1
92822 135339 1
92822 139032 1
92822 34260 1
92822 47956 1
63460 1183 1
63460 151365 1
63460 70425 1
63460 36224 1
63460 143374 1
1701 166 1
1701 53614 1
1701 23495 1
1701 48170 1
1701 111297 1
44256 5833 1
44256 113258 1
44256 147919 1
44256 79769 1
44256 121666 1
88023 643 1
88023 131562 1
88023 91447 1
88023 74907 1
88023 137120 1
23810 231 1
11209 842 1
11209 13550 1
11209 127414 1
11209 26922 1
11209 140865 1
3438 355 1
3438 150987 1
3438 59184 1
3438 143139 1
3438 46613 1
87570 4806 1
87570 109384 1
87570 115008 1
87570 54352 1
87570 79593 1
113334 1362 1
113334 141985 1
113334 96617 1
113334 31971 1
113334 47198 1
1992 956 1
1992 114287 1
1992 47609 1
1992 117806 1
1992 72272 1
122819 11641 1
122819 35879 1
122819 149713 1
122819 63590 1
122819 142485 1
528 116672 1
528 138594 1
528 119728 1
528 63494 1
528 127424 1
30385 1466 1
30385 106874 1
30385 52424 1
30385 63009 1
30385 126752 1
99023 8361 1
99023 8909 1
99023 81542 1
99023 39526 1
99023 125011 1
73665 1146 1
73665 33187 1
73665 64145 1
73665 52783 1
73665 133167 1
92888 37523 1
92888 146710 1
141808 3087 1
141808 11641 1
141808 68160 1
141808 63590 1
141808 117012 1
150263 127544 1
132949 11858 1
132949 15566 1
132949 49771 1
132949 48020 1
132949 72041 1
842 526 1
842 150913 1
842 49316 1
842 107955 1
842 64319 1
10763 12256 1
10763 42945 1
10763 82017 1
10763 83366 1
10763 107376 1
83156 2170 1
83156 41308 1
83156 104993 1
83156 84977 1
83156 125067 1
112604 102409 1
114638 436 1
114638 9812 1
114638 44029 1
114638 43139 1
114638 75445 1
13906 436 1
13906 64195 1
13906 63860 1
13906 150297 1
13906 127276 1
413 36992 1
413 126963 1
413 57225 1
413 48870 1
413 46460 1
97519 3079 1
97519 11660 1
97519 149667 1
97519 47306 1
97519 14828 1
103654 37 1
103654 144894 1
103654 144446 1
103654 67125 1
103654 113973 1
148662 36866 1
93038 29247 1
104395 6827 1
104395 34461 1
104395 99230 1
104395 60857 1
104395 36866 1
40182 1243 1
40182 18957 1
40182 93109 1
40182 98761 1
40182 73149 1
129344 2884 1
129344 129651 1
129344 105036 1
129344 61445 1
129344 101796 1
110681 49927 1
110681 125011 1
110681 149094 1
110681 143894 1
110681 125844 1
104546 2981 1
104546 122078 1
104546 100718 1
104546 55076 1
104546 91196 1
3619 143744 1
3619 37909 1
3619 115679 1
3619 131512 1
3619 53945 1
69488 3665 1
69488 101984 1
69488 78534 1
69488 122497 1
69488 135809 1
26952 3790 1
26952 124234 1
26952 105795 1
26952 57609 1
26952 142383 1
71533 23430 1
71533 103630 1
71533 100605 1
109288 68978 1
109288 115393 1
109288 117522 1
109288 152199 1
43848 114063 1
67570 114493 1
62954 3053 1
62954 149808 1
62954 84693 1
62954 29781 1
62954 59393 1
13874 550 1
13874 119061 1
13874 81753 1
13874 95405 1
13874 135376 1
119683 6078 1
119683 144458 1
119683 112803 1
119683 72126 1
119683 110378 1
2709 37523 1
2709 83269 1
2709 52718 1
151722 27705 1
151722 120440 1
151722 152199 1
40518 989 1
40518 151688 1
40518 80716 1
40518 16767 1
40518 62420 1
72557 142811 1
72557 112180 1
72557 114063 1
86872 10799 1
86872 10875 1
86872 89798 1
86872 137012 1
86872 52783 1
146570 114063 1
122030 83956 1
100988 330 1
100988 114063 1
100988 131795 1
100988 40732 1
100988 62465 1
40047 504 1
40047 86652 1
40047 107995 1
40047 92101 1
40047 91349 1
2010 134659 1
147150 2250 1
147150 121070 1
147150 102273 1
147150 51683 1
147150 96817 1
102569 91470 1
102569 152339 1
42078 131 1
42078 91772 1
42078 144848 1
42078 112018 1
42078 80715 1
108336 24150 1
108336 64331 1
108336 136738 1
108336 104143 1
108336 81641 1
2442 770 1
2442 65661 1
2442 93525 1
2442 134040 1
2442 16461 1
102238 25794 1
102238 87579 1
102238 148162 1
147314 131 1
147314 147450 1
147314 106843 1
147314 71742 1
147314 102739 1
65514 1037 1
65514 121184 1
65514 99905 1
65514 55825 1
65514 135336 1
26383 2929 1
26383 124714 1
26383 71631 1
26383 110250 1
26383 128328 1
2661 79840 1
2661 29025 1
2661 98450 1
2661 6827 1
97057 615 1
97057 114825 1
97057 102477 1
97057 49670 1
97057 70596 1
7486 28776 1
7486 136738 1
148001 3370 1
148001 139311 1
148001 95793 1
148001 63439 1
148001 91447 1
17530 2482 1
17530 103390 1
17530 60917 1
17530 49821 1
17530 38715 1
91968 37523 1
91968 56511 1
4139 149713 1
4139 149156 1
4139 62806 1
4139 137990 1
4139 122187 1
45857 41450 1
89709 148 1
89709 90646 1
89709 49534 1
89709 19322 1
89709 134188 1
64 125440 1
64 10219 1
64 96989 1
64 152507 1
64 53588 1
87590 50345 1
87590 73944 1
87590 91470 1
152212 102409 1
750 96082 1
750 17565 1
750 123150 1
69053 114805 1
114379 51 1
114379 103630 1
114379 49008 1
114379 17591 1
114379 84170 1
74706 1661 1
74706 76776 1
74706 134437 1
74706 36830 1
74706 97810 1
111394 1114 1
111394 125037 1
111394 136092 1
111394 56303 1
111394 109799 1
150249 1377 1
150249 150557 1
150249 104015 1
150249 70825 1
150249 101718 1
145749 36 1
145749 135746 1
145749 111252 1
145749 75014 1
145749 101352 1
43908 7588 1
43908 107381 1
43908 115528 1
43908 86640 1
43908 78400 1
9697 95871 1
90119 1725 1
90119 89249 1
90119 102453 1
90119 31900 1
90119 48965 1
134658 14792 1
134658 30634 1
134658 49051 1
134658 37976 1
134658 62583 1
1527 117856 1
1527 110161 1
1527 152254 1
1527 105733 1
1527 87579 1
99869 4991 1
99869 140789 1
99869 68813 1
99869 18886 1
99869 126076 1
40861 4583 1
40861 65661 1
40861 102739 1
40861 81558 1
40861 150987 1
663 52121 1
663 45930 1
663 6508 1
663 88494 1
71762 10799 1
136835 3063 1
136835 116697 1
136835 127807 1
136835 76707 1
136835 116694 1
51763 44 1
51763 96242 1
51763 147590 1
51763 26760 1
51763 69123 1
87612 1841 1
87612 78118 1
87612 135001 1
87612 31005 1
87612 47127 1
4773 102739 1
4773 29247 1
42401 231 1
42401 20634 1
42401 43363 1
42401 69250 1
42401 99668 1
38139 2943 1
38139 49319 1
38139 78928 1
38139 42783 1
38139 99529 1
75949 675 1
75949 107243 1
75949 61810 1
75949 20569 1
75949 106245 1
68586 18275 1
68586 37204 1
68586 89213 1
684 33024 1
684 63590 1
100889 125938 1
124112 4335 1
124112 134312 1
124112 121282 1
124112 67128 1
124112 119047 1
106202 2929 1
106202 3780 1
106202 68843 1
106202 46239 1
106202 30538 1
138057 8780 1
138057 71356 1
76707 1250 1
76707 8623 1
76707 24379 1
76707 23162 1
76707 57934 1
89386 29235 1
89386 47330 1
89386 97652 1
89386 107728 1
89386 144422 1
58033 29025 1
59227 3163 1
59227 24920 1
59227 51488 1
59227 47844 1
59227 59720 1
16351 4543 1
16351 35701 1
16351 84306 1
16351 50346 1
16351 100620 1
561 145090 1
561 114493 1
561 70798 1
90502 219 1
90502 133084 1
90502 137329 1
90502 66636 1
90502 104986 1
149713 167 1
149713 121298 1
149713 99063 1
149713 66710 1
149713 95553 1
89476 15627 1
89476 33655 1
89476 115371 1
89476 114493 1
73037 1609 1
73037 133457 1
73037 96506 1
73037 53026 1
73037 93087 1
52995 144848 1
52995 97000 1
140121 3087 1
140121 11694 1
140121 53761 1
140121 44432 1
140121 60360 1
150867 44 1
150867 104143 1
150867 132430 1
150867 43597 1
150867 74992 1
134494 5875 1
134494 7758 1
134494 70543 1
134494 52057 1
134494 95687 1
78177 7113 1
78177 153006 1
78177 112572 1
78177 75807 1
78177 103144 1
39953 4344 1
39953 116862 1
39953 122084 1
39953 95920 1
39953 84942 1
58878 36694 1
58878 72723 1
58878 125880 1
58878 101287 1
58878 91470 1
123354 1104 1
123354 128277 1
123354 83105 1
123354 46811 1
123354 79746 1
88927 8725 1
88927 16767 1
88927 152119 1
88927 65088 1
88927 142472 1
64450 3739 1
64450 140286 1
64450 111297 1
64450 58335 1
64450 114420 1
130794 2902 1
130794 115570 1
130794 147497 1
130794 51455 1
130794 76707 1
99161 17194 1
99161 74480 1
99161 83373 1
151498 231 1
151498 558 1
151498 10900 1
151498 118127 1
151498 118284 1
36933 1961 1
36933 91470 1
36933 104188 1
36933 72084 1
36933 60074 1
52057 257 1
52057 86724 1
52057 93279 1
52057 79576 1
52057 124714 1
116732 65593 1
116732 152199 1
74140 1123 1
74140 122996 1
74140 92713 1
74140 36270 1
74140 145100 1
122950 11780 1
122950 35680 1
122950 103630 1
122950 100605 1
122950 143552 1
107030 131 1
107030 111400 1
107030 111384 1
107030 80715 1
107030 121985 1
102643 102409 1
87745 102409 1
87745 108914 1
20467 2710 1
20467 132305 1
20467 149328 1
20467 45602 1
20467 136121 1
50733 1250 1
50733 109320 1
50733 124113 1
50733 48581 1
50733 147476 1
143069 22613 1
143069 23909 1
143069 143081 1
143069 130160 1
143069 48020 1
139973 109 1
139973 107862 1
139973 135976 1
139973 45631 1
139973 68612 1
76719 5510 1
76719 18275 1
76719 26625 1
76719 81558 1
76719 129147 1
76913 62 1
76913 77679 1
76913 96449 1
76913 58646 1
76913 126256 1
128406 125938 1
53150 1707 1
53150 152179 1
53150 64927 1
53150 52190 1
53150 142283 1
2807 197 1
2807 16740 1
2807 83924 1
2807 15786 1
2807 93511 1
22498 10465 1
22498 147370 1
22498 131033 1
22498 123579 1
22498 68565 1
479 97536 1
479 130155 1
479 5773 1
479 151210 1
479 67783 1
1474 83843 1
1474 114495 1
1474 96444 1
1474 81590 1
1474 85325 1
74024 1229 1
74024 89935 1
74024 106570 1
74024 42795 1
74024 77578 1
49484 37 1
49484 107575 1
49484 3963 1
49484 53295 1
49484 95291 1
37934 83373 1
141820 37 1
141820 108561 1
141820 138443 1
141820 48748 1
141820 71020 1
100826 5820 1
100826 122583 1
100826 110389 1
100826 95629 1
100826 119149 1
103636 37523 1
106908 37401 1
106908 41603 1
106908 64261 1
106908 62745 1
106908 103630 1
114377 41450 1
107975 18957 1
107975 56341 1
107975 128251 1
59732 257 1
59732 5510 1
59732 112514 1
59732 18403 1
59732 63694 1
3699 2245 1
3699 134240 1
3699 123912 1
3699 132573 1
3699 119117 1
316 25857 1
316 122874 1
316 50666 1
316 101047 1
316 97630 1
129598 2085 1
129598 134295 1
129598 110185 1
129598 59691 1
129598 106014 1
44215 3559 1
44215 4076 1
44215 22588 1
44215 98374 1
44215 146601 1
1530 1123 1
1530 21626 1
1530 48121 1
1530 80173 1
1530 116048 1
138729 3559 1
138729 136517 1
138729 105302 1
138729 72779 1
138729 98240 1
92137 62 1
92137 141523 1
92137 104744 1
92137 60618 1
92137 117638 1
41425 35 1
41425 43270 1
41425 118284 1
41425 17004 1
41425 71375 1
146129 3256 1
146129 31514 1
146129 48982 1
146129 39660 1
146129 96096 1
5125 3088 1
5125 143998 1
5125 59764 1
5125 5286 1
5125 130513 1
122099 842 1
122099 141894 1
122099 98329 1
122099 65143 1
122099 94448 1
85698 6868 1
85698 88989 1
85698 101234 1
85698 45051 1
85698 125076 1
132861 17513 1
132861 23430 1
132861 71850 1
132861 53909 1
132861 114805 1
53203 3780 1
500 102409 1
36293 1015 1
36293 81397 1
36293 114379 1
36293 48148 1
36293 108221 1
25958 18589 1
25958 20620 1
25958 55684 1
25958 147261 1
25958 63216 1
129720 2103 1
129720 132787 1
129720 91058 1
129720 45930 1
129720 82578 1
20926 18275 1
71463 558 1
71463 75755 1
71463 134969 1
71463 153987 1
71463 121704 1
121810 2856 1
121810 128627 1
121810 119672 1
121810 68343 1
121810 109030 1
76239 40198 1
76239 106306 1
71512 18275 1
71512 31476 1
71512 135736 1
71512 148442 1
70119 62383 1
70119 107762 1
70119 87579 1
119670 231 1
119670 1493 1
119670 23244 1
119670 18861 1
119670 52013 1
67923 3321 1
67923 10144 1
67923 51966 1
67923 44405 1
67923 80066 1
82225 76006 1
62994 63590 1
58218 1607 1
58218 116602 1
58218 153816 1
58218 70926 1
58218 97857 1
95841 635 1
95841 101867 1
95841 99257 1
95841 85421 1
95841 130358 1
140422 51959 1
140422 52121 1
140422 71585 1
89594 1439 1
89594 3256 1
89594 38120 1
89594 26952 1
89594 52901 1
133438 87579 1
79648 8780 1
79648 90121 1
79648 132573 1
138915 4806 1
138915 9189 1
138915 73516 1
138915 87579 1
78191 231 1
73216 69488 1
73216 150731 1
73216 149597 1
150 109827 1
150 120183 1
150 107354 1
150 17068 1
150 135126 1
1377 1164 1
1377 78789 1
1377 84106 1
1377 112943 1
1377 75846 1
41424 29247 1
143674 2445 1
143674 90415 1
143674 122936 1
143674 40078 1
143674 62754 1
1342 316 1
1342 17014 1
1342 93926 1
1342 122924 1
1342 63949 1
83153 989 1
83153 134266 1
83153 86261 1
83153 44786 1
83153 81088 1
38572 312 1
38572 49228 1
38572 124255 1
38572 84482 1
38572 88349 1
86931 15193 1
86931 18057 1
86931 91665 1
86931 59029 1
86931 27727 1
1041 37587 1
1041 71494 1
1041 76006 1
1041 1935 1
99926 5541 1
99926 129760 1
99926 99365 1
99926 57509 1
99926 81858 1
71867 257 1
67887 2583 1
67887 35879 1
67887 135168 1
102865 43139 1
102865 114766 1
32 152199 1
42568 127544 1
42568 55118 1
118003 131 1
118003 127578 1
118003 102324 1
118003 58712 1
118003 88186 1
1847 18057 1
1847 31788 1
82243 34694 1
82243 61197 1
82243 134659 1
82243 130147 1
144530 2929 1
144530 7889 1
144530 100605 1
144530 99257 1
144530 101451 1
52914 1377 1
52914 96628 1
52914 122635 1
52914 82796 1
52914 153918 1
125536 1279 1
125536 150987 1
125536 104186 1
125536 82277 1
125536 99869 1
135320 1421 1
135320 129844 1
135320 86917 1
135320 64802 1
135320 84844 1
84604 1634 1
84604 7144 1
84604 18284 1
84604 132408 1
84604 139067 1
134093 83373 1
101782 2945 1
101782 135164 1
101782 148872 1
101782 63949 1
101782 148512 1
51833 2895 1
51833 3763 1
51833 10209 1
51833 123932 1
51833 92840 1
72043 10164 1
72043 13634 1
72043 83956 1
72043 63806 1
72043 132674 1
147443 41450 1
147443 104538 1
147443 113027 1
18199 7019 1
18199 91772 1
18199 86871 1
18199 104557 1
18199 93389 1
102177 2782 1
102177 105036 1
102177 80999 1
102177 46075 1
102177 63461 1
134813 6113 1
134813 145385 1
134813 95551 1
134813 49517 1
134813 85156 1
138964 10164 1
138964 38577 1
138964 61748 1
138964 52383 1
138964 83956 1
5480 7522 1
5480 83956 1
5480 30638 1
78886 136738 1
18589 436 1
18589 88926 1
18589 40006 1
18589 143369 1
18589 150697 1
114556 148 1
114556 129534 1
114556 136738 1
114556 62806 1
114556 108510 1
132283 44 1
132283 151983 1
132283 88184 1
132283 51350 1
132283 85349 1
72389 3313 1
72389 7144 1
72389 29571 1
72389 89132 1
72389 72495 1
96935 1072 1
96935 3087 1
96935 89086 1
96935 79172 1
96935 134224 1
132927 312 1
132927 2845 1
132927 18957 1
132927 9180 1
132927 29879 1
49546 21 1
49546 125941 1
49546 99239 1
49546 48020 1
49546 140852 1
114420 64 1
114420 88494 1
114420 110451 1
114420 47521 1
114420 57766 1
221 97912 1
39076 10423 1
39076 11873 1
39076 53206 1
39076 137426 1
39076 39623 1
7933 989 1
7933 39590 1
7933 60006 1
7933 90135 1
7933 133344 1
16995 794 1
16995 64086 1
16995 145342 1
16995 138671 1
16995 108088 1
1296 44 1
1296 12394 1
1296 125082 1
1296 98463 1
1296 41425 1
90867 36866 1
102952 83956 1
102952 106967 1
110976 257 1
110976 9106 1
110976 51772 1
110976 50892 1
110976 41005 1
115767 97912 1
63415 21235 1
63415 32470 1
63415 125011 1
63415 111996 1
63415 36100 1
80402 6294 1
80402 92407 1
80402 122912 1
80402 64094 1
80402 104442 1
82989 5806 1
82989 9564 1
82989 46101 1
82989 107122 1
82989 122800 1
68674 11800 1
68674 38984 1
68674 63590 1
139480 83367 1
139480 103684 1
139480 104867 1
82984 59510 1
82984 82026 1
82984 124185 1
82984 115400 1
82984 99198 1
108888 1597 1
108888 137249 1
108888 111793 1
108888 52683 1
108888 86254 1
115023 2937 1
115023 119488 1
115023 91747 1
115023 52248 1
115023 85482 1
81485 167 1
81485 122337 1
81485 99703 1
81485 61676 1
81485 128898 1
71895 13660 1
71895 15226 1
71895 45802 1
71895 29247 1
71895 60973 1
135699 2461 1
135699 98424 1
135699 130129 1
135699 48900 1
135699 61564 1
65351 14473 1
65351 18384 1
65351 57800 1
65351 34234 1
65351 122635 1
40006 968 1
40006 136928 1
40006 94213 1
40006 18512 1
40006 132241 1
145874 257 1
145874 51724 1
145874 148193 1
145874 110109 1
145874 62502 1
32444 127544 1
147373 47706 1
147373 114199 1
147373 134659 1
147373 152449 1
52878 1123 1
52878 55957 1
52878 82101 1
52878 51221 1
52878 134958 1
119787 1072 1
119787 150573 1
119787 108954 1
119787 74971 1
119787 101094 1
74237 1899 1
74237 80705 1
74237 144098 1
74237 47868 1
74237 128898 1
103390 862 1
103390 130488 1
103390 96782 1
103390 34234 1
103390 49043 1
86896 18957 1
188 114805 1
188 16310 1
188 49871 1
47223 436 1
134385 25418 1
27334 3325 1
27334 43966 1
27334 123080 1
27334 133914 1
27334 62014 1
100545 862 1
100545 126592 1
100545 90978 1
100545 32515 1
100545 55499 1
58063 149388 1
67925 48020 1
67925 101788 1
67925 112839 1
152588 7531 1
152588 9341 1
152588 32818 1
152588 110656 1
152588 111684 1
63199 1493 1
63199 107342 1
63199 97912 1
63199 50444 1
63199 75801 1
102848 978 1
102848 105564 1
102848 79149 1
102848 48724 1
102848 70759 1
89676 131 1
89676 144594 1
89676 138169 1
89676 66282 1
89676 129185 1
58964 827 1
58964 84067 1
58964 81316 1
58964 47000 1
58964 151364 1
61418 127544 1
113858 5676 1
113858 144855 1
113858 104914 1
113858 44301 1
113858 95214 1
154056 1072 1
154056 3087 1
154056 22044 1
154056 118706 1
154056 125941 1
62456 1100 1
62456 96143 1
62456 114719 1
62456 25385 1
62456 41977 1
141802 3340 1
141802 111789 1
141802 141815 1
141802 40312 1
141802 80768 1
5541 99926 1
118706 95687 1
55825 65514 1
59029 3699 1
59029 29781 1
41308 83156 1
84482 312 1
84482 88023 1
68813 99869 1
62754 528 1
104538 147443 1
40078 122936 1
35 2945 1
90415 130488 1
2445 143674 1
84106 1377 1
17068 150 1
17068 137426 1
17068 107354 1
120183 150 1
120183 107354 1
120183 53206 1
109827 150 1
27727 49043 1
27727 23945 1
150731 10465 1
38120 1439 1
47844 528 1
1439 842 1
71585 140422 1
85421 1701 1
99257 150297 1
8725 88927 1
102739 2245 1
101867 57609 1
635 95841 1
116602 15193 1
116602 40861 1
116602 58218 1
144458 119683 1
50444 1072 1
23244 770 1
128627 121810 1
153987 71463 1
134969 152199 1
2103 116048 1
63216 52190 1
20620 25958 1
104188 143081 1
64145 7588 1
64145 73665 1
114495 1474 1
48148 148 1
133457 73037 1
107342 63199 1
53909 112318 1
130513 5125 1
135736 44 1
135736 107955 1
125076 85698 1
45051 85698 1
88989 85698 1
132787 129720 1
6868 52013 1
141894 62754 1
141894 122099 1
96628 52914 1
59764 5125 1
3088 5125 1
46613 862 1
96096 855 1
96096 135497 1
89132 72389 1
74480 75949 1
53588 64 1
53588 122800 1
17004 98374 1
105795 26952 1
107762 88494 1
117638 92137 1
104744 92137 1
141523 92137 1
141523 95629 1
124113 842 1
124113 50169 1
105302 13660 1
136517 733 1
101234 85698 1
80173 1530 1
80173 84693 1
2856 121810 1
1114 111394 1
72495 72389 1
98374 1296 1
1493 81858 1
1493 137426 1
106014 129598 1
114719 62456 1
59691 129598 1
2085 38715 1
2085 129598 1
97630 316 1
92407 64 1
92407 80402 1
50666 316 1
148162 842 1
119117 3699 1
132573 147370 1
3739 64450 1
70798 561 1
70798 74237 1
80715 148 1
80715 42078 1
140865 11209 1
110389 59029 1
122583 100826 1
122583 29879 1
122583 110389 1
48748 141820 1
48748 99869 1
138443 141820 1
126256 76913 1
95291 558 1
95291 49484 1
95291 115400 1
53295 49484 1
21626 1530 1
21626 10799 1
89935 74024 1
85325 1474 1
81590 1243 1
81590 1474 1
10209 93511 1
83843 1474 1
151210 479 1
151210 10799 1
97536 479 1
123579 528 1
10465 126592 1
10465 150731 1
62745 3438 1
12256 10763 1
12256 62456 1
101047 316 1
197 2807 1
142283 53150 1
58646 76913 1
1935 1041 1
1935 122078 1
26625 7933 1
26625 147450 1
64927 53150 1
61445 14792 1
61445 129344 1
5510 103710 1
37401 842 1
111789 141802 1
125880 1123 1
124234 91772 1
1607 58218 1
34260 9812 1
1183 63460 1
1183 122078 1
84306 16351 1
104132 53855 1
81088 138169 1
148 114556 1
70926 58218 1
70926 43270 1
150913 842 1
150913 116672 1
150913 75755 1
38715 11209 1
54352 87570 1
86590 43363 1
93109 1243 1
93109 150867 1
127794 43363 1
121298 149713 1
77679 76913 1
104015 150249 1
109030 121810 1
91747 115023 1
2250 147150 1
68343 62583 1
78789 1377 1
104993 83156 1
52855 53855 1
106843 147314 1
133998 43363 1
113973 3559 1
52248 115023 1
17014 1342 1
79576 122800 1
1164 842 1
34155 528 1
15226 148 1
15226 34461 1
78887 842 1
78887 148141 1
47521 114420 1
8623 3763 1
19322 558 1
19322 115393 1
119728 528 1
11645 2945 1
101352 145749 1
88184 44 1
88184 125440 1
5286 5125 1
49821 143081 1
124714 150 1
127414 842 1
127414 135497 1
127414 38120 1
123932 51833 1
36694 842 1
12723 90079 1
16109 64 1
137249 108888 1
36224 63460 1
5773 479 1
5773 23945 1
5773 112318 1
550 13874 1
48870 413 1
148512 101782 1
148512 103390 1
148512 137990 1
46460 413 1
46460 81485 1
51683 147150 1
100718 104546 1
35701 16351 1
1707 53150 1
2929 106202 1
4076 842 1
4076 83373 1
112018 1243 1
47000 58964 1
63461 2929 1
63461 102177 1
70425 129651 1
62420 29781 1
132408 84604 1
145385 134813 1
135809 69488 1
72041 132949 1
2158 115008 1
2158 51221 1
2158 145100 1
14473 1164 1
14473 103390 1
63221 90079 1
16310 188 1
16310 129760 1
122078 1183 1
29571 72389 1
53945 3619 1
144894 103654 1
144894 90502 1
1279 125536 1
86871 18199 1
122497 69488 1
615 97057 1
152254 1527 1
25385 3559 1
42795 74024 1
1841 87612 1
51 114379 1
37909 3619 1
37909 127276 1
122800 1037 1
122800 82989 1
96242 316 1
101718 99869 1
770 2442 1
770 23244 1
107381 24150 1
107381 27727 1
49771 103710 1
3370 148001 1
74971 41005 1
74907 231 1
152179 53150 1
6508 663 1
34234 1342 1
81753 13874 1
113027 153006 1
129651 129344 1
91349 40047 1
116862 39953 1
72126 119683 1
110378 119683 1
166 1701 1
989 7933 1
151688 40518 1
151688 84170 1
151688 90121 1
68565 22498 1
68565 43139 1
68565 85698 1
142811 107381 1
102477 97057 1
89798 109384 1
330 100988 1
138594 528 1
121184 65514 1
125844 110681 1
108561 111394 1
108561 141820 1
93525 316 1
93525 69123 1
93525 60006 1
96817 147150 1
76776 74706 1
149808 5510 1
112180 436 1
152507 64 1
134266 52190 1
51966 59184 1
117806 1992 1
63009 558 1
63009 57225 1
130129 58712 1
130129 95214 1
102273 147150 1
126963 413 1
75801 842 1
30582 1377 1
30582 150987 1
81641 62745 1
112572 78177 1
16461 2442 1
16461 99444 1
70596 97057 1
78534 69488 1
100620 16351 1
30634 62806 1
109320 50733 1
109320 146601 1
99444 53855 1
12394 312 1
11858 132949 1
11858 135339 1
135376 13874 1
28776 1072 1
89249 842 1
89249 143081 1
86652 40047 1
149156 4139 1
75755 1336 1
75755 143674 1
134188 842 1
134188 105036 1
134188 57934 1
50169 842 1
50169 130488 1
50169 26760 1
43139 68565 1
48900 90119 1
17565 750 1
23945 855 1
23945 53351 1
3053 88184 1
3053 62456 1
115528 1377 1
92101 40047 1
111252 145749 1
90774 90079 1
107862 139973 1
1661 74706 1
143894 2103 1
143894 52121 1
138671 58964 1
36830 74706 1
40312 74024 1
40312 141802 1
137426 13660 1
97810 74706 1
70825 150249 1
40732 100988 1
96444 1474 1
135976 139973 1
7588 101398 1
47956 1439 1
47956 92822 1
61676 81485 1
46101 98240 1
81858 35 1
88186 3438 1
88186 118003 1
64319 842 1
82277 125536 1
31788 1847 1
64331 74992 1
49517 134813 1
94213 152588 1
59393 1164 1
59393 62954 1
104186 125536 1
129844 316 1
129844 96096 1
7144 1899 1
18284 84604 1
148872 101782 1
135126 150 1
150557 62583 1
150557 150249 1
60973 100988 1
60973 71895 1
2895 51833 1
9341 675 1
9341 126752 1
134437 74706 1
88349 38572 1
132674 1377 1
132674 103144 1
134295 129598 1
138169 1072 1
138169 147450 1
93389 2807 1
93389 79840 1
11780 137426 1
130488 53351 1
80999 102177 1
80999 61810 1
46075 102177 1
6113 134813 1
85156 134813 1
143139 3438 1
95405 13874 1
53206 120183 1
3665 69488 1
134240 62456 1
134240 99444 1
127276 125440 1
111400 5676 1
111400 52718 1
48724 9180 1
48724 125082 1
129534 114556 1
151983 132283 1
58712 131033 1
52190 436 1
111384 1037 1
130358 95841 1
51350 132283 1
47868 104867 1
21 49546 1
2981 104546 1
126592 100545 1
91772 436 1
91772 18199 1
140852 26890 1
140852 49546 1
53614 1701 1
11641 44 1
2782 102177 1
827 58964 1
41977 43139 1
41977 62456 1
9180 48724 1
29879 1296 1
29879 54847 1
147261 25857 1
147261 25958 1
99239 4598 1
10423 1661 1
36 145749 1
104557 18199 1
104557 126752 1
49948 4598 1
49948 11694 1
49948 40861 1
95214 23162 1
95214 107243 1
144594 89676 1
39590 7933 1
39590 37401 1
90135 116048 1
90135 50733 1
4543 16351 1
133344 7933 1
60917 129720 1
104442 48965 1
104442 84693 1
145342 16995 1
49051 126592 1
108088 16995 1
125082 1296 1
123150 750 1
36100 63415 1
111996 63415 1
9564 82989 1
107122 1164 1
107122 1701 1
107122 82989 1
82432 842 1
147497 130794 1
57225 413 1
57225 63009 1
63494 528 1
63494 29879 1
101796 129344 1
86254 108888 1
2937 115023 1
31742 41425 1
4583 64 1
4583 40518 1
55684 25958 1
64086 16995 1
1100 62456 1
49871 188 1
1123 125880 1
85482 74480 1
85482 115023 1
85482 94213 1
114287 1992 1
2461 135699 1
98424 135699 1
92840 71375 1
57800 116048 1
57800 60917 1
57800 45426 1
123668 38138 1
88494 116672 1
129760 78118 1
137990 4139 1
137990 52424 1
18512 132241 1
18512 40006 1
110109 2945 1
132305 20467 1
49043 103390 1
55957 52878 1
143744 3619 1
150573 119787 1
1899 80768 1
124185 135336 1
52683 108888 1
52683 85421 1
5676 113858 1
153816 143674 1
13550 11209 1
3325 27334 1
102453 151364 1
43966 27334 1
64802 135320 1
90978 100545 1
32515 100545 1
101788 1123 1
978 102848 1
79149 102848 1
70759 102848 1
66282 89676 1
129185 89676 1
84067 58964 1
84067 138671 1
63492 131565 1
75014 95871 1
75014 145749 1
130155 479 1
80768 1377 1
80768 1899 1
38984 99402 1
44301 113858 1
127424 528 1
127424 103397 1
127424 90838 1
127424 142211 1
22044 127227 1
22044 45326 1
3340 882 1
3340 56023 1
4806 1296 1
4806 47167 1
4806 12394 1
4806 6175 1
4806 127701 1
1466 129670 1
1466 127599 1
1466 66375 1
1466 92606 1
6078 119683 1
6078 56087 1
6078 67638 1
855 96096 1
855 5698 1
855 23945 1
855 75688 1
2501 103548 1
2501 53855 1
2501 124230 1
2501 144285 1
35680 1583 1
35680 109099 1
35680 98857 1
97555 202 1
97555 130159 1
97555 98468 1
97555 68099 1
97555 149138 1
85368 1950 1
85368 140386 1
85368 153989 1
85368 65009 1
85368 91182 1
111274 101164 1
643 120835 1
643 142383 1
37204 138080 1
9181 1590 1
9181 84446 1
9181 67253 1
118127 122864 1
118127 132489 1
32818 54345 1
32818 52970 1
113258 44256 1
122874 54345 1
122874 82308 1
131512 3619 1
24150 94017 1
24150 31517 1
24150 99510 1
107995 40047 1
132430 96239 1
132430 85758 1
90646 4598 1
90646 123386 1
90646 66040 1
90646 95920 1
98450 135336 1
98450 46279 1
98450 60006 1
80863 1566 1
80863 108178 1
80863 86208 1
80863 65593 1
50412 842 1
50412 116592 1
50412 71742 1
50412 127852 1
107955 842 1
107955 60099 1
1597 108888 1
1597 125151 1
1597 52999 1
50345 8725 1
50345 125003 1
50345 143114 1
98380 13670 1
98380 95137 1
98380 131565 1
99063 149713 1
62502 9336 1
62502 119872 1
62502 50247 1
55499 100545 1
139067 11780 1
139067 37105 1
15456 511 1
15456 137065 1
101562 6968 1
101562 49501 1
101562 62861 1
151365 63460 1
151365 147369 1
10219 64 1
47198 13693 1
47198 16126 1
63439 16945 1
63439 55039 1
63439 148001 1
63439 79265 1
63439 56087 1
129597 23330 1
129597 38138 1
129597 130794 1
23430 132861 1
23430 139437 1
23430 126788 1
107376 10763 1
101094 231 1
101094 102177 1
101094 69250 1
109799 111394 1
111793 1620 1
111793 1899 1
111793 32594 1
111793 146146 1
106570 36100 1
106570 44067 1
106570 74024 1
106570 87616 1
84170 142972 1
84170 152724 1
84170 151688 1
47609 1992 1
96989 64 1
52783 157 1
52783 93492 1
52783 151874 1
52783 34436 1
52783 52954 1
71850 96 1
71850 102783 1
71850 135741 1
33003 202 1
33003 107740 1
95551 62456 1
95551 134813 1
121666 44256 1
1508 144345 1
1508 61603 1
6827 114765 1
6827 72426 1
6827 120430 1
6827 32818 1
566 131565 1
142383 643 1
142383 101955 1
142383 127128 1
142383 39652 1
142383 69578 1
1362 113334 1
35137 1377 1
35137 62437 1
35137 108954 1
35137 141894 1
122187 130155 1
136092 111394 1
67783 479 1
18403 7455 1
18403 8758 1
18403 154846 1
18403 74857 1
122924 1342 1
122924 126110 1
122924 100066 1
122924 49885 1
41005 5479 1
41005 151697 1
125440 64 1
125440 76569 1
125440 110840 1
44786 3238 1
44786 132652 1
123038 2710 1
123038 81908 1
123038 55663 1
98463 1296 1
98463 18996 1
98463 150533 1
98463 122505 1
67125 1164 1
67125 40193 1
123912 1846 1
123912 138333 1
123912 38038 1
123912 72703 1
42783 38139 1
51488 621 1
51488 66105 1
111297 485 1
111297 149597 1
111297 100720 1
111297 54512 1
1015 83841 1
1015 36293 1
1015 152677 1
64195 3763 1
64195 123354 1
64195 113738 1
64195 62687 1
64195 88633 1
112943 316 1
112943 110100 1
112943 99869 1
51724 1862 1
51724 65514 1
51724 134969 1
51724 135168 1
128328 26383 1
134872 145770 1
134872 110430 1
134872 59633 1
134872 98684 1
46811 123354 1
121704 71463 1
73944 320 1
73944 87590 1
73944 124035 1
31971 44 1
31971 76527 1
31971 69912 1
31971 148801 1
733 37714 1
733 141878 1
133466 91892 1
133466 45987 1
133466 57432 1
131795 148 1
131795 3838 1
131795 13797 1
131795 107030 1
48965 312 1
48965 104442 1
48965 35195 1
108221 1899 1
108221 9387 1
108221 16241 1
108221 72279 1
7019 81088 1
7019 18199 1
7019 47029 1
78400 59925 1
111466 1813 1
111466 67390 1
111466 99668 1
96449 76913 1
8867 17275 1
8867 37694 1
119149 257 1
119149 25945 1
119149 100826 1
119149 38022 1
141792 131565 1
125037 134026 1
125037 111439 1
125037 100019 1
143467 43363 1
48170 1701 1
48170 51916 1
48170 89535 1
56303 111394 1
55076 7050 1
55076 141513 1
147919 44256 1
147919 64513 1
111684 124974 1
111684 93999 1
111684 91772 1
49008 1830 1
49008 114379 1
49008 104485 1
131562 100310 1
131562 74543 1
91447 3790 1
91447 122917 1
91447 22498 1
91447 106442 1
34461 90398 1
26922 11209 1
26922 87235 1
26922 125799 1
112514 167 1
112514 69599 1
355 68160 1
355 141574 1
355 3438 1
355 10989 1
355 105707 1
72779 1084 1
72779 104319 1
72779 99107 1
72779 88108 1
5833 44256 1
116672 528 1
116672 88494 1
116672 53645 1
72272 1992 1
3963 49484 1
3963 138802 1
59184 35 1
59184 21684 1
95553 149713 1
95553 141574 1
83366 10763 1
153006 74220 1
99703 5227 1
99703 118461 1
99703 85427 1
99703 146736 1
146710 4121 1
146710 114063 1
47127 114197 1
47127 118575 1
77578 74024 1
84942 39953 1
107575 49484 1
141985 656 1
141985 113334 1
141985 147976 1
141985 57698 1
51455 130794 1
4344 17552 1
4344 39953 1
4344 98028 1
862 71680 1
862 68306 1
862 25246 1
23495 1701 1
96617 113334 1
47330 2710 1
47330 151311 1
47330 146601 1
47330 48376 1
136121 3188 1
143374 63460 1
79593 35879 1
11694 2651 1
11694 62905 1
11694 73141 1
144446 103654 1
2902 130794 1
42945 10763 1
15786 2807 1
108914 3924 1
108914 32047 1
96506 73037 1
94765 60633 1
94765 131565 1
82578 39172 1
82578 58970 1
82578 56099 1
82578 134273 1
11800 60408 1
11800 100683 1
11800 38061 1
11800 136002 1
97109 27215 1
97109 149667 1
135164 34609 1
135164 101782 1
9812 1123 1
9812 48713 1
9812 114907 1
108510 1462 1
108510 100720 1
49316 842 1
49316 86746 1
49316 123288 1
129147 216 1
129147 95793 1
129147 113153 1
129147 53247 1
129147 76719 1
57766 3647 1
57766 152955 1
57766 114379 1
57766 55644 1
60618 92137 1
104143 7588 1
104143 18057 1
79769 9180 1
79769 24795 1
219 90502 1
95687 824 1
95687 118706 1
142485 4691 1
142485 105792 1
153447 101750 1
153447 90079 1
147370 4552 1
147370 6861 1
147370 32267 1
147370 22498 1
147370 125907 1
122996 18384 1
122996 74140 1
122996 111384 1
49670 3311 1
49670 25138 1
49670 56615 1
2884 1202 1
2884 40348 1
3559 986 1
3559 75558 1
3559 101023 1
3559 78174 1
125067 83156 1
81542 145252 1
81542 123115 1
81542 81585 1
86640 43908 1
86640 145878 1
115679 3619 1
151364 1144 1
151364 131471 1
151364 83816 1
15566 132949 1
82017 10763 1
119061 13874 1
119061 38415 1
119061 93925 1
119061 91370 1
106874 11915 1
10875 3265 1
10875 14075 1
10875 66781 1
10875 98033 1
10875 86872 1
2170 12765 1
2170 138207 1
2170 61657 1
116697 57162 1
84977 231 1
84977 137727 1
109384 129598 1
109384 88184 1
83269 2709 1
83269 140774 1
83269 89491 1
83269 56083 1
83269 85670 1
95456 104222 1
95456 113176 1
58873 106364 1
58873 110904 1
58873 37871 1
25794 7046 1
25794 7874 1
60360 1377 1
60360 123329 1
60360 57800 1
60360 109043 1
105564 102848 1
105564 116697 1
1104 123354 1
2845 122003 1
2845 40100 1
2845 132927 1
45426 1898 1
45426 35553 1
34694 130118 1
95629 142834 1
95629 122157 1
95629 57532 1
62014 27334 1
68978 54511 1
86261 140286 1
86261 139274 1
68160 355 1
68160 100836 1
68160 90431 1
68160 53005 1
126752 1587 1
126752 146836 1
126752 104557 1
107728 5336 1
107728 128465 1
107728 95726 1
107728 60420 1
104246 35884 1
104246 41440 1
104246 66781 1
104246 58970 1
2245 47360 1
2245 138921 1
2245 127836 1
2245 11438 1
504 153399 1
504 153434 1
504 40047 1
44029 114638 1
44029 121964 1
44029 141228 1
44029 133415 1
75445 2511 1
75445 93389 1
75445 151210 1
75445 132974 1
37587 1041 1
37587 7096 1
37587 50759 1
37587 137638 1
37587 89770 1
18886 99869 1
99668 4203 1
99668 89086 1
36992 413 1
31900 9034 1
31900 40006 1
94448 1701 1
94448 92314 1
94448 123912 1
14792 13384 1
14792 102815 1
43597 1259 1
43597 150867 1
83924 764 1
83924 90398 1
69250 10212 1
69250 65004 1
30126 7588 1
30126 61989 1
30126 106960 1
23162 121045 1
23162 151447 1
23162 24770 1
167 27413 1
167 57066 1
167 56776 1
167 132347 1
134224 4592 1
134224 134999 1
134224 98781 1
134224 91123 1
23909 61394 1
23909 58793 1
84844 147301 1
84844 96779 1
4991 138581 1
4991 31430 1
4991 123556 1
4991 21822 1
140789 3790 1
140789 124176 1
140789 65661 1
126076 38120 1
126076 66577 1
126076 111307 1
126076 99869 1
81558 1631 1
81558 107796 1
81558 18275 1
137120 148 1
137120 112915 1
137120 54345 1
137120 74024 1
3063 74857 1
3063 136835 1
3063 39417 1
127807 136835 1
145090 561 1
145090 74424 1
71020 141820 1
116694 4335 1
116694 81690 1
116694 50480 1
116694 154684 1
3087 99515 1
102324 118003 1
147590 132504 1
147590 78928 1
147590 68574 1
26760 558 1
26760 152927 1
26760 29867 1
39526 1862 1
39526 40663 1
39526 57831 1
39526 151504 1
69123 93525 1
75807 842 1
75807 153566 1
68843 117127 1
68843 82201 1
135001 176 1
135001 136632 1
135001 87612 1
3321 675 1
3321 115387 1
3321 89966 1
3321 105437 1
25857 61814 1
25857 86096 1
25857 40505 1
20634 136258 1
20634 111638 1
20634 39606 1
145100 2158 1
145100 111586 1
145100 52526 1
145100 88184 1
5820 7889 1
5820 100826 1
61810 3763 1
61810 98545 1
61810 74050 1
61810 102108 1
117522 109977 1
117522 103941 1
2943 107801 1
2943 38139 1
43270 4600 1
43270 124372 1
43270 91476 1
43270 85007 1
43270 119493 1
150297 99257 1
150297 47732 1
150297 69587 1
49319 38139 1
5806 38675 1
5806 99239 1
5806 82989 1
78928 38608 1
78928 38139 1
81397 5278 1
81397 7096 1
81397 11138 1
81397 81759 1
81397 87138 1
71742 22759 1
71742 26238 1
71742 124793 1
97857 58218 1
99529 38139 1
107243 2380 1
107243 95214 1
122912 80402 1
64094 46893 1
64094 67480 1
20569 137664 1
20569 125880 1
20569 75949 1
89213 4429 1
89213 119921 1
89213 66533 1
89213 143369 1
33024 684 1
33024 91920 1
33024 122171 1
93926 1342 1
93926 17014 1
93926 60306 1
134312 124112 1
107354 150 1
107354 127996 1
107354 55994 1
107354 91239 1
121282 124112 1
67128 124112 1
119047 98146 1
119047 110512 1
119047 124112 1
110656 120310 1
110656 139676 1
46239 825 1
46239 62456 1
46239 85764 1
46239 70934 1
115371 443 1
115371 121456 1
115371 103843 1
121070 141513 1
121070 96529 1
30538 39916 1
30538 115276 1
30538 137932 1
30538 56388 1
71356 58698 1
71356 86173 1
63949 1342 1
63949 83065 1
63949 116048 1
63949 138000 1
105733 1527 1
105733 149085 1
105733 88445 1
1250 64323 1
1250 50733 1
112803 49885 1
112803 123150 1
112803 119683 1
112803 115427 1
29235 7758 1
29235 46460 1
29235 95920 1
29235 111438 1
57609 10471 1
57609 114379 1
57609 57874 1
97652 224 1
97652 117203 1
97652 70522 1
114825 97057 1
144422 17746 1
144422 33631 1
144422 147085 1
3163 675 1
3163 59227 1
3163 120888 1
24920 1583 1
24920 18419 1
24920 144013 1
17513 2402 1
17513 59175 1
17513 116078 1
17513 69781 1
17513 145584 1
526 146048 1
526 146241 1
104986 90502 1
91058 129720 1
59720 108415 1
59720 52442 1
59720 61238 1
70543 93389 1
70543 154207 1
133914 18996 1
133914 27334 1
133914 124314 1
133914 29901 1
50346 16351 1
110451 7272 1
110451 114420 1
110451 105879 1
110451 66375 1
133084 90502 1
110161 1527 1
110161 9541 1
110161 20739 1
110161 98803 1
110161 108822 1
66636 90502 1
143998 5125 1
143998 131043 1
143998 85349 1
15627 855 1
15627 55000 1
15627 64558 1
15627 27084 1
44432 46460 1
44432 23162 1
33655 12394 1
33655 108954 1
33655 74205 1
105036 5954 1
105036 131777 1
105036 101094 1
105036 66664 1
105036 91582 1
1609 73037 1
60074 70 1
60074 98750 1
60074 24940 1
44405 85713 1
44405 114556 1
44405 116433 1
53026 151508 1
53026 54289 1
53026 24823 1
53026 43908 1
97000 3769 1
97000 119000 1
97000 52995 1
137329 1202 1
137329 133080 1
137329 108127 1
53761 89585 1
53761 140121 1
74992 1296 1
74992 37976 1
5875 1309 1
5875 22129 1
152119 1112 1
152119 62105 1
152119 85333 1
794 16995 1
7758 21977 1
7758 30784 1
141815 95978 1
141815 71731 1
7113 44 1
7113 116514 1
7113 39652 1
7113 128879 1
103144 789 1
103144 108553 1
103144 97965 1
73516 5058 1
73516 89438 1
73516 138915 1
73516 53702 1
73516 135704 1
122084 39953 1
6294 80402 1
16740 2807 1
101984 136254 1
101984 69488 1
140286 8147 1
140286 32764 1
140286 56952 1
93279 788 1
93279 69522 1
95920 1474 1
95920 13906 1
95920 39953 1
95920 34988 1
95920 91470 1
72723 4525 1
72723 72542 1
72723 95914 1
101287 414 1
101287 150481 1
101287 93027 1
36270 139739 1
36270 29867 1
63860 13906 1
128277 6790 1
128277 93326 1
83105 123354 1
124255 38572 1
124255 99543 1
137012 38061 1
137012 72879 1
11660 54345 1
11660 95173 1
91196 110027 1
91196 61853 1
45930 663 1
45930 85847 1
45930 42152 1
45930 153006 1
115570 109250 1
115570 111466 1
143552 5373 1
143552 73500 1
143552 96988 1
7522 5480 1
7522 74528 1
7522 112400 1
7522 132565 1
558 71463 1
558 95291 1
558 9164 1
104914 113858 1
10900 842 1
10900 77251 1
10900 37694 1
118284 2890 1
118284 154513 1
118284 113179 1
1961 107801 1
1961 36933 1
1961 84146 1
72084 36933 1
72084 50759 1
112839 136628 1
112839 79368 1
37976 74992 1
37976 55642 1
37976 119344 1
86724 134133 1
86724 52692 1
86724 125856 1
122936 3880 1
122936 143674 1
122936 51819 1
65593 44 1
65593 97381 1
82796 7874 1
82796 51342 1
82796 120798 1
82796 60360 1
2710 85762 1
2710 31602 1
2710 132528 1
2710 24267 1
45602 20467 1
119672 1133 1
119672 112213 1
119672 83281 1
119672 54829 1
48581 558 1
48581 52013 1
48581 107354 1
48581 34973 1
48581 91905 1
147476 50733 1
98329 14828 1
98329 122099 1
98329 87235 1
98329 66080 1
130160 4598 1
130160 143069 1
130160 73070 1
130160 101072 1
65143 4598 1
65143 76014 1
65143 122099 1
65143 99869 1
109 148815 1
109 139973 1
