46837 72439 1
72439 65840 1
72439 133637 1
72439 100521 1
72439 145813 1
72439 122602 1
145813 7366 1
145813 88783 1
145813 26089 1
145813 167 1
145813 152349 1
122602 72439 1
133637 35823 1
133637 131743 1
133637 51012 1
133637 127278 1
133637 68679 1
65840 110849 1
65840 89249 1
65840 149156 1
65840 102867 1
65840 94089 1
100521 72439 1
51012 1330 1
51012 133637 1
35823 22727 1
35823 130159 1
35823 33550 1
35823 77933 1
35823 49846 1
110849 30076 1
110849 65840 1
152349 60555 1
152349 84525 1
152349 94137 1
152349 119173 1
152349 104857 1
131743 60911 1
131743 98240 1
131743 104538 1
131743 85311 1
131743 131538 1
102867 65840 1
89249 81872 1
89249 98194 1
89249 102041 1
89249 109322 1
89249 95321 1
68679 133637 1
149156 60183 1
149156 97988 1
149156 105147 1
149156 139540 1
149156 121454 1
88783 85988 1
88783 133144 1
88783 142905 1
88783 135572 1
88783 99819 1
7366 13866 1
7366 127681 1
7366 89163 1
7366 79114 1
7366 14320 1
167 22858 1
167 132347 1
167 57066 1
167 90298 1
167 4820 1
26089 85550 1
26089 130118 1
26089 113738 1
26089 83960 1
26089 97284 1
94089 65840 1
94089 35241 1
94089 91000 1
94089 24577 1
94089 150697 1
127278 41289 1
127278 119790 1
127278 58001 1
127278 3790 1
127278 129261 1
130118 154012 1
130118 61619 1
130118 125880 1
130118 6020 1
130118 130437 1
132347 167 1
132347 67643 1
79114 7366 1
127681 84192 1
127681 75838 1
127681 7366 1
22727 74163 1
22727 144844 1
22727 108751 1
22727 125823 1
22727 93491 1
13866 91166 1
13866 74329 1
13866 128094 1
13866 46801 1
13866 107120 1
60911 37937 1
60911 71640 1
60911 53797 1
60911 94166 1
60911 114349 1
119790 150419 1
119790 127278 1
58001 127278 1
98240 24352 1
98240 89011 1
98240 36864 1
98240 87570 1
98240 122917 1
85550 51789 1
85550 80390 1
85550 118791 1
85550 85690 1
85550 113334 1
130159 35671 1
130159 112765 1
130159 46467 1
130159 112514 1
130159 57894 1
60555 20130 1
60555 93207 1
60555 118679 1
60555 126483 1
60555 90832 1
84525 60555 1
84525 152349 1
84525 88306 1
84525 139889 1
84525 128985 1
109322 89249 1
109322 126005 1
104857 45077 1
104857 119668 1
104857 60924 1
104857 95245 1
104857 73647 1
94137 54552 1
94137 133651 1
94137 114458 1
94137 117605 1
94137 131008 1
24577 128178 1
24577 135889 1
24577 119511 1
24577 140769 1
24577 80631 1
121454 44746 1
121454 35015 1
121454 149156 1
121454 9690 1
85311 59323 1
85311 131743 1
14320 7366 1
99819 80100 1
99819 44173 1
99819 88783 1
99819 31062 1
30076 102687 1
30076 113334 1
30076 139968 1
30076 47667 1
30076 137705 1
131538 25539 1
131538 105516 1
131538 44029 1
131538 105147 1
131538 138480 1
89163 79666 1
89163 130179 1
89163 103718 1
89163 125812 1
89163 125197 1
102041 89249 1
83960 18589 1
83960 100446 1
83960 34694 1
83960 6087 1
83960 154168 1
97284 76002 1
97284 70207 1
97284 145440 1
97284 26089 1
91000 74050 1
91000 150556 1
91000 154792 1
91000 123279 1
91000 150971 1
105147 66144 1
105147 94162 1
105147 102687 1
105147 112721 1
105147 124591 1
119173 95142 1
119173 65315 1
119173 152349 1
119173 22239 1
119173 120464 1
129261 110825 1
129261 132789 1
129261 128147 1
129261 23888 1
129261 134133 1
90298 52092 1
90298 121583 1
90298 129760 1
90298 167 1
90298 123515 1
150697 79311 1
150697 102038 1
150697 105798 1
150697 100115 1
150697 140386 1
41289 111684 1
41289 41394 1
41289 146744 1
41289 138085 1
41289 98263 1
60183 149156 1
3790 70176 1
3790 82609 1
3790 115006 1
3790 45744 1
3790 86257 1
77933 78853 1
77933 108569 1
77933 89661 1
77933 122278 1
77933 94713 1
49846 55688 1
49846 99004 1
49846 126305 1
49846 91772 1
49846 133089 1
33550 108454 1
33550 119738 1
33550 58823 1
33550 151152 1
33550 64354 1
104538 45911 1
104538 141554 1
104538 76006 1
104538 121066 1
104538 93268 1
1330 35846 1
1330 107611 1
1330 149111 1
1330 40587 1
1330 90398 1
97988 149156 1
133144 88783 1
133144 81088 1
133144 131528 1
133144 28257 1
133144 146963 1
81872 23944 1
81872 82432 1
81872 35671 1
81872 81858 1
81872 109428 1
4820 125082 1
4820 86544 1
4820 96779 1
4820 167 1
95321 89249 1
57066 48900 1
57066 135699 1
57066 131695 1
57066 95363 1
57066 149465 1
98194 60562 1
98194 76221 1
98194 79501 1
98194 101956 1
98194 127278 1
35241 114460 1
35241 87647 1
35241 141889 1
35241 43830 1
35241 154088 1
113738 19992 1
113738 59967 1
113738 26089 1
113738 7629 1
113738 78969 1
139540 152349 1
139540 66413 1
139540 149156 1
139540 3903 1
139540 120458 1
85988 88783 1
142905 88783 1
22858 89506 1
22858 118012 1
22858 61614 1
22858 98626 1
22858 55489 1
135572 48396 1
135572 46434 1
135572 88783 1
135572 4852 1
89506 22858 1
120458 74098 1
120458 96831 1
120458 101955 1
120458 88230 1
120458 150297 1
66413 75136 1
66413 73629 1
66413 103589 1
66413 139540 1
66413 78795 1
78969 51155 1
78969 68069 1
78969 70210 1
78969 137537 1
78969 119067 1
154088 35241 1
154088 35303 1
76221 55112 1
76221 70859 1
76221 106377 1
76221 99274 1
76221 137116 1
149465 47408 1
149465 88552 1
149465 90547 1
149465 82169 1
149465 134055 1
95363 68385 1
95363 132995 1
95363 113041 1
95363 135642 1
95363 123062 1
135699 49821 1
135699 61564 1
135699 70011 1
135699 112765 1
135699 95613 1
48900 65802 1
48900 96937 1
48900 144308 1
48900 108414 1
48900 95189 1
125082 47380 1
125082 65737 1
125082 73546 1
125082 105798 1
125082 82117 1
109428 52734 1
109428 63216 1
109428 74205 1
109428 107606 1
109428 96082 1
57894 114840 1
57894 137146 1
57894 114629 1
57894 151732 1
57894 62572 1
23944 136397 1
23944 72271 1
23944 93327 1
23944 141815 1
23944 49518 1
117605 31966 1
117605 107224 1
117605 44853 1
117605 105250 1
117605 154742 1
81088 74573 1
81088 91810 1
81088 138169 1
81088 133144 1
81088 88414 1
90398 61633 1
90398 83753 1
90398 87030 1
90398 152182 1
90398 143045 1
149111 18138 1
149111 9349 1
149111 99591 1
149111 1330 1
149111 102274 1
107611 1330 1
87570 56413 1
87570 79593 1
87570 115008 1
87570 138065 1
87570 153403 1
93268 78406 1
93268 140576 1
93268 142644 1
93268 109335 1
93268 149483 1
96779 76021 1
96779 128404 1
96779 133332 1
96779 103738 1
96779 102883 1
141554 74237 1
141554 89084 1
141554 92686 1
141554 84020 1
141554 132473 1
45911 45104 1
45911 104538 1
64354 33550 1
64354 95135 1
28257 109234 1
28257 33361 1
28257 119279 1
28257 1466 1
28257 70133 1
108454 33550 1
133089 49846 1
119738 54261 1
119738 92822 1
119738 69123 1
119738 33550 1
119738 107908 1
126305 64450 1
126305 89510 1
126305 100009 1
126305 84174 1
126305 122337 1
146963 139558 1
146963 58000 1
146963 131485 1
146963 1352 1
146963 146116 1
99004 38185 1
99004 148757 1
99004 57766 1
99004 137334 1
99004 70300 1
93491 87553 1
93491 33653 1
93491 22727 1
131528 81485 1
131528 107773 1
131528 122059 1
131528 102353 1
131528 143815 1
94713 84354 1
94713 77933 1
94713 32827 1
86257 56910 1
86257 78716 1
86257 105108 1
86257 112215 1
86257 97952 1
45744 129760 1
45744 121079 1
45744 60702 1
45744 77278 1
45744 52646 1
98263 132728 1
98263 46758 1
98263 99297 1
98263 45546 1
98263 61848 1
131695 16955 1
131695 104537 1
131695 39000 1
131695 1254 1
131695 129973 1
86544 54415 1
86544 74140 1
86544 153006 1
86544 111448 1
86544 117882 1
138085 32959 1
138085 122337 1
138085 49051 1
138085 120708 1
138085 58312 1
146744 41289 1
141889 56022 1
141889 35241 1
141889 96845 1
141889 8820 1
141889 137158 1
41394 145679 1
41394 146710 1
41394 41289 1
111684 68021 1
111684 91772 1
111684 93999 1
111684 120667 1
111684 152588 1
124591 108968 1
124591 105147 1
124591 152678 1
124591 73691 1
73647 69079 1
73647 145286 1
73647 125867 1
73647 134240 1
73647 81091 1
140386 77106 1
140386 95798 1
140386 101877 1
140386 150697 1
140386 134829 1
79311 150697 1
129760 125364 1
129760 46813 1
129760 140600 1
129760 46450 1
129760 66080 1
52092 110464 1
52092 101832 1
52092 123320 1
52092 149097 1
52092 108384 1
134133 86983 1
134133 106521 1
134133 109515 1
134133 103479 1
134133 152888 1
23888 130907 1
23888 74286 1
23888 128694 1
23888 50985 1
23888 36892 1
132789 74377 1
132789 105806 1
132789 112875 1
132789 100640 1
132789 149120 1
110825 75526 1
110825 149134 1
110825 140201 1
110825 100351 1
110825 128096 1
65315 52440 1
65315 86930 1
65315 131192 1
65315 118680 1
65315 101559 1
87647 135001 1
87647 35241 1
87647 34737 1
112721 67178 1
112721 134988 1
112721 95714 1
112721 37366 1
112721 105147 1
114460 32325 1
114460 32198 1
114460 57053 1
114460 14840 1
114460 93087 1
94162 68050 1
94162 97922 1
94162 113305 1
94162 150127 1
94162 110923 1
105798 54345 1
105798 74480 1
105798 79172 1
105798 139484 1
105798 138736 1
150971 91000 1
123279 91000 1
123279 76945 1
123279 130573 1
123279 12465 1
154792 91000 1
154792 87951 1
154792 21177 1
95142 68224 1
95142 89424 1
95142 111240 1
95142 121852 1
95142 131909 1
70207 97284 1
70207 135992 1
70207 127169 1
70207 73258 1
70207 79840 1
76002 68061 1
76002 140846 1
76002 126888 1
76002 139282 1
76002 140250 1
115006 45673 1
115006 71359 1
115006 80524 1
115006 131538 1
115006 107812 1
128094 47215 1
128094 81872 1
128094 97449 1
128094 78022 1
128094 119625 1
154168 70907 1
154168 111793 1
154168 117728 1
154168 103860 1
154168 142010 1
112514 50010 1
112514 147439 1
112514 77155 1
112514 132326 1
112514 91933 1
79501 76166 1
79501 143399 1
79501 95156 1
79501 96113 1
79501 81102 1
46467 38385 1
46467 50922 1
46467 78118 1
46467 51689 1
46467 141634 1
44173 130343 1
44173 150219 1
44173 119123 1
44173 148166 1
44173 50550 1
121583 69752 1
121583 98741 1
121583 105156 1
121583 96523 1
121583 128572 1
80390 61335 1
80390 69123 1
80390 76496 1
80390 89070 1
80390 123943 1
51789 20445 1
51789 147576 1
51789 35137 1
51789 109428 1
51789 67232 1
78853 119716 1
78853 77933 1
78853 64901 1
36864 57877 1
36864 52848 1
36864 82347 1
36864 107716 1
36864 146484 1
85690 35510 1
85690 95611 1
85690 43066 1
85690 11497 1
85690 67125 1
58823 148615 1
58823 98603 1
58823 117853 1
58823 146601 1
58823 98450 1
126483 90818 1
126483 33107 1
126483 86960 1
126483 5569 1
126483 120905 1
9690 32266 1
9690 111297 1
9690 53683 1
9690 62143 1
9690 112397 1
121066 49488 1
121066 44013 1
121066 104538 1
121066 25557 1
24352 153006 1
24352 45377 1
24352 71246 1
24352 49785 1
24352 127205 1
126005 66769 1
126005 105031 1
126005 111322 1
126005 102715 1
126005 141513 1
98626 22858 1
95245 141802 1
95245 104857 1
95245 99310 1
95245 46219 1
114349 60911 1
61614 22858 1
34694 126147 1
34694 54334 1
34694 130118 1
34694 111160 1
34694 82243 1
101956 51221 1
101956 126610 1
101956 80747 1
101956 130960 1
101956 131920 1
59967 124521 1
59967 36619 1
59967 80991 1
59967 125891 1
59967 132352 1
125812 10928 1
125812 132573 1
125812 89163 1
125812 7096 1
125812 91431 1
118679 117522 1
118679 60555 1
118679 57819 1
93207 60340 1
93207 98723 1
93207 151996 1
93207 118684 1
93207 153965 1
102687 15726 1
102687 116580 1
102687 34998 1
102687 13745 1
102687 151351 1
138480 32237 1
138480 103118 1
138480 44499 1
138480 13797 1
138480 127482 1
80100 144192 1
80100 138663 1
80100 150113 1
80100 149662 1
80100 99819 1
74329 152586 1
74329 76062 1
74329 82118 1
74329 119471 1
74329 113520 1
118012 48533 1
118012 80733 1
118012 83186 1
118012 106619 1
118012 99765 1
59323 65750 1
59323 93890 1
59323 64586 1
59323 85311 1
59323 94448 1
79666 13090 1
79666 89163 1
131008 91400 1
131008 125891 1
131008 145440 1
131008 108458 1
131008 91931 1
60562 58777 1
60562 98194 1
60562 134040 1
60562 91346 1
60562 86446 1
67643 51621 1
67643 92582 1
67643 68021 1
67643 132447 1
67643 114119 1
145440 61604 1
145440 91161 1
145440 97284 1
145440 154228 1
145440 130783 1
44746 115344 1
44746 80420 1
44746 130482 1
44746 108758 1
44746 47121 1
4852 30130 1
4852 28744 1
4852 133708 1
4852 77126 1
4852 76307 1
66144 14025 1
66144 116896 1
66144 105147 1
66144 5523 1
66144 98352 1
140769 24577 1
31062 151095 1
31062 137426 1
31062 127570 1
31062 2000 1
31062 89400 1
100115 26352 1
100115 23226 1
100115 150697 1
100115 7450 1
139968 30076 1
119511 24577 1
89661 28815 1
89661 101243 1
89661 44049 1
89661 103546 1
89661 64261 1
151152 33550 1
108569 90795 1
108569 85572 1
108569 77933 1
128178 5278 1
128178 24577 1
74050 61810 1
74050 34988 1
74050 133148 1
74050 12451 1
74050 91000 1
35015 84504 1
35015 92078 1
35015 101814 1
35015 107740 1
35015 68173 1
40587 1330 1
128147 48466 1
128147 62380 1
128147 64586 1
128147 107853 1
128147 86712 1
37937 106938 1
37937 99037 1
37937 143210 1
37937 38613 1
37937 94908 1
55489 127769 1
55489 113595 1
55489 59971 1
55489 124723 1
55489 85248 1
55688 99559 1
55688 53262 1
55688 86437 1
55688 7212 1
55688 120430 1
130437 52340 1
130437 76221 1
130437 84111 1
130437 124308 1
130437 101955 1
122278 77933 1
19992 81306 1
19992 69681 1
19992 31546 1
19992 39389 1
19992 130639 1
60924 54079 1
60924 124308 1
60924 66971 1
60924 118975 1
60924 136754 1
120464 36481 1
120464 121634 1
120464 68198 1
120464 134558 1
120464 83479 1
81858 26232 1
81858 113891 1
81858 46758 1
81858 140113 1
81858 147147 1
119668 104857 1
119668 69913 1
119668 141980 1
119668 23158 1
54552 42109 1
54552 140634 1
54552 95535 1
54552 96230 1
54552 117854 1
125197 31772 1
125197 94500 1
125197 48751 1
125197 17482 1
125197 50477 1
35846 101955 1
35846 23226 1
35846 139655 1
35846 1330 1
35846 121515 1
108751 23307 1
108751 95306 1
108751 44977 1
108751 17847 1
108751 50217 1
125823 89201 1
125823 22727 1
125823 127499 1
125823 20417 1
139889 84525 1
139889 60608 1
139889 27474 1
105516 60417 1
105516 86001 1
105516 106245 1
105516 76862 1
105516 122986 1
82432 141715 1
82432 109215 1
82432 115790 1
82432 82743 1
82432 133266 1
47667 147611 1
47667 69826 1
47667 48593 1
47667 121523 1
47667 90598 1
90832 81759 1
90832 112787 1
90832 98983 1
90832 95629 1
90832 138935 1
122917 74468 1
122917 98240 1
122917 103084 1
122917 138750 1
122917 154300 1
88306 73329 1
88306 151944 1
88306 131290 1
88306 100991 1
88306 122586 1
107120 83293 1
107120 119833 1
107120 125241 1
107120 137737 1
107120 127468 1
89011 98240 1
137705 30076 1
18589 82700 1
18589 52345 1
18589 134428 1
18589 31849 1
18589 36781 1
7629 15326 1
7629 57934 1
7629 110042 1
7629 130167 1
7629 123510 1
53797 28691 1
53797 101955 1
53797 60911 1
53797 13199 1
53797 75755 1
46434 86295 1
46434 76787 1
46434 131104 1
46434 111741 1
46434 95973 1
25539 118791 1
25539 73691 1
25539 47403 1
25539 80969 1
25539 125941 1
118791 36653 1
118791 126752 1
118791 61810 1
118791 135440 1
118791 71640 1
76006 70543 1
76006 82225 1
76006 89386 1
76006 126610 1
76006 121553 1
123515 61676 1
123515 91296 1
123515 102385 1
123515 84334 1
123515 141513 1
74163 101946 1
74163 120816 1
74163 22727 1
135889 24577 1
144844 22727 1
46801 13866 1
80631 55897 1
80631 77089 1
80631 143877 1
80631 94562 1
80631 107963 1
35671 137012 1
35671 137936 1
35671 98263 1
35671 136397 1
35671 70637 1
6020 65334 1
6020 44746 1
6020 36819 1
6020 54856 1
6020 151667 1
44029 44677 1
44029 133415 1
44029 90646 1
44029 69978 1
44029 129350 1
43830 16357 1
43830 35241 1
82609 68069 1
82609 118941 1
82609 140598 1
82609 130181 1
82609 130159 1
91166 73151 1
91166 88217 1
91166 145625 1
91166 138870 1
91166 139351 1
3903 147680 1
3903 118228 1
3903 9690 1
3903 66508 1
3903 7795 1
133651 79018 1
133651 95361 1
133651 101207 1
133651 145473 1
133651 114463 1
150556 91000 1
125880 49107 1
125880 67857 1
125880 76014 1
125880 106833 1
125880 98001 1
94166 122612 1
94166 146064 1
94166 119516 1
94166 60911 1
48396 111367 1
48396 84145 1
48396 136642 1
48396 57162 1
48396 55146 1
103718 61619 1
103718 21186 1
103718 103534 1
103718 2264 1
103718 89163 1
112765 60200 1
112765 93752 1
112765 108287 1
112765 80485 1
112765 141513 1
20130 94734 1
20130 68082 1
20130 86836 1
20130 135339 1
20130 144690 1
22239 68633 1
22239 152513 1
22239 28109 1
22239 135321 1
22239 55658 1
100446 65890 1
100446 91005 1
100446 130552 1
100446 86589 1
100446 129760 1
102038 150697 1
61619 98407 1
61619 91331 1
61619 130118 1
61619 76862 1
61619 80999 1
70176 51929 1
70176 110553 1
70176 134487 1
70176 97655 1
70176 140243 1
154012 47008 1
154012 66707 1
154012 88633 1
154012 65253 1
154012 130773 1
6087 17984 1
6087 18078 1
6087 140605 1
6087 5621 1
6087 41592 1
71640 52938 1
71640 65904 1
71640 69001 1
71640 100301 1
71640 74660 1
150419 51975 1
150419 102981 1
150419 110706 1
150419 97447 1
150419 151370 1
45077 31224 1
45077 95276 1
45077 53380 1
45077 25776 1
45077 57382 1
113334 33284 1
113334 144284 1
113334 49578 1
113334 127894 1
113334 66468 1
75838 108172 1
75838 114239 1
75838 99468 1
75838 149431 1
75838 133869 1
130179 89163 1
130179 112554 1
91772 18644 1
91772 81069 1
91772 29235 1
91772 80173 1
91772 133434 1
128985 120216 1
128985 84525 1
128985 132818 1
128985 40198 1
114458 94137 1
114458 120458 1
84192 58500 1
84192 136210 1
84192 133659 1
84192 79975 1
84192 96869 1
13797 49107 1
13797 138480 1
75136 77106 1
75136 66413 1
13745 51929 1
13745 81485 1
15726 81872 1
133415 89070 1
60340 93207 1
134428 104538 1
132573 91431 1
18078 6087 1
36619 59967 1
126610 126752 1
139282 76002 1
54334 34694 1
128404 96779 1
104537 131695 1
102715 50550 1
102715 90398 1
51689 46467 1
118684 93207 1
111322 126005 1
44499 136397 1
44499 139351 1
105031 126005 1
92686 141554 1
127205 95276 1
118975 60924 1
130960 101956 1
71246 24352 1
135440 107224 1
135440 118791 1
149431 75838 1
149431 132789 1
32266 93207 1
88230 137116 1
137012 82169 1
137012 112514 1
120905 126483 1
90818 86960 1
90818 126483 1
117853 48466 1
105806 132789 1
11497 74205 1
95611 85690 1
146484 36864 1
91400 131008 1
64901 78853 1
76496 80390 1
150219 44173 1
131290 88306 1
105156 121583 1
98741 121583 1
148166 44173 1
119123 44173 1
115008 51221 1
115008 84111 1
130343 44173 1
141634 46467 1
141634 128094 1
106245 130783 1
106245 61619 1
106245 111741 1
81102 79501 1
130482 44746 1
25557 68050 1
147439 91400 1
147439 112514 1
108758 44029 1
52848 76945 1
103860 154168 1
111793 154168 1
140598 82609 1
119625 128094 1
113041 95363 1
47215 128094 1
132352 59967 1
143399 79501 1
135992 70207 1
80524 115006 1
123320 52092 1
20445 51789 1
71359 45104 1
71359 135339 1
45673 115006 1
84354 51155 1
108384 34737 1
140250 76002 1
5278 128178 1
126888 24352 1
126888 76002 1
57819 57934 1
103084 122917 1
70907 154168 1
51155 26089 1
140846 93268 1
68061 76002 1
31849 52848 1
31849 130118 1
31849 131538 1
73258 57934 1
127169 70207 1
121852 95142 1
111240 95142 1
89424 95142 1
96831 120458 1
68224 95142 1
136397 23944 1
123943 122586 1
87951 21177 1
138736 51789 1
138736 99004 1
74480 99004 1
110923 134829 1
82118 74329 1
97922 94162 1
122612 94166 1
52938 71640 1
32325 47403 1
32325 91931 1
84174 100991 1
126147 34694 1
126147 32959 1
126147 106619 1
34737 108384 1
131920 107740 1
69752 121583 1
86930 65315 1
128572 121583 1
100351 110825 1
140201 110825 1
75526 110825 1
152888 134133 1
93087 114460 1
93087 132818 1
149120 131192 1
100640 132789 1
50985 23888 1
122586 123943 1
68050 25557 1
17847 108751 1
74286 23888 1
153965 93207 1
98001 125880 1
65904 71640 1
2000 31062 1
86983 134133 1
49488 66080 1
49488 98240 1
133434 91772 1
96523 121583 1
114629 57894 1
78118 105798 1
55897 136397 1
55897 98263 1
149097 52092 1
131909 95142 1
10928 71640 1
112875 132789 1
115344 152678 1
101832 52092 1
34998 102687 1
92078 98240 1
33107 126483 1
76021 7096 1
83293 107120 1
137737 107120 1
56910 86257 1
39000 131695 1
18138 60608 1
107606 109428 1
77155 112514 1
65737 80390 1
65737 125082 1
153403 87570 1
64450 111297 1
94562 80631 1
61633 107812 1
60200 112765 1
147576 51789 1
144284 113334 1
118680 65315 1
88414 81088 1
47403 32325 1
47403 25539 1
74573 119279 1
154742 117605 1
105250 89661 1
134055 149465 1
107716 36864 1
101955 88230 1
127468 35241 1
127468 6020 1
127468 107120 1
112215 86257 1
44853 117605 1
109515 134133 1
70210 84111 1
70210 80999 1
122059 131528 1
101559 65315 1
82169 137012 1
151732 57894 1
102883 96779 1
143210 112554 1
137146 46434 1
137146 57894 1
46758 81858 1
72271 23944 1
135642 47121 1
135642 95363 1
149662 80100 1
55112 18644 1
55112 76221 1
101877 140386 1
35303 154088 1
144192 80100 1
74237 54345 1
117728 154168 1
32959 138085 1
32959 61619 1
80747 81858 1
95189 48900 1
36892 23888 1
134829 110923 1
78795 66413 1
1352 146963 1
99297 99037 1
99297 98263 1
137334 99004 1
95361 133651 1
50010 112514 1
83753 90398 1
83753 52340 1
103589 66413 1
101814 35015 1
95135 94137 1
77089 80631 1
33361 28257 1
36653 88230 1
93999 111684 1
113520 74329 1
68173 35015 1
68173 32325 1
68173 79018 1
93890 59323 1
90598 105147 1
64586 128147 1
64586 59323 1
47408 149465 1
103479 134133 1
91931 145473 1
96869 84192 1
130783 96230 1
78022 128094 1
112787 90832 1
48593 35015 1
58000 146963 1
147611 47667 1
127894 113334 1
29235 111160 1
122986 105516 1
108172 75838 1
74098 106245 1
119067 78969 1
126752 61619 1
58500 84192 1
89400 31062 1
54079 60924 1
93752 112765 1
145286 113891 1
145286 73647 1
86712 128147 1
38613 37937 1
127769 55489 1
113595 55489 1
113595 120708 1
85248 55489 1
85248 26089 1
125941 102687 1
121523 105147 1
136210 84192 1
117854 54552 1
124308 57162 1
111367 48396 1
130639 19992 1
66971 60924 1
68198 120464 1
124521 59967 1
76787 46434 1
121634 120464 1
147147 148166 1
95613 135699 1
95613 112514 1
138935 90832 1
83479 108968 1
83479 125891 1
115790 82432 1
125867 46467 1
125867 73647 1
106938 37937 1
36481 120464 1
62380 130773 1
110706 150419 1
140634 54552 1
140634 154012 1
140634 83479 1
140634 96230 1
94500 125197 1
145625 91166 1
121515 108458 1
36819 80390 1
36819 6020 1
80991 59967 1
80991 78969 1
17482 125197 1
84145 48396 1
140113 81858 1
97655 70176 1
144690 84334 1
114239 75838 1
86836 20130 1
61810 121523 1
52646 45744 1
99468 75838 1
39389 19992 1
76862 126752 1
76862 91166 1
133266 82432 1
98983 95629 1
98983 127205 1
95629 90832 1
74468 122917 1
57934 73258 1
130167 38185 1
130167 7629 1
101946 74163 1
101946 130573 1
84504 137426 1
86295 131528 1
86295 46434 1
60417 105516 1
131104 46434 1
30130 4852 1
89386 76006 1
89386 29235 1
111741 106245 1
73329 28815 1
73329 88306 1
70543 100301 1
70543 118791 1
34988 74050 1
109215 82432 1
121553 76006 1
88633 51155 1
88633 70210 1
88633 154012 1
70637 35671 1
86001 105516 1
142644 93268 1
102274 111160 1
150127 84334 1
151667 6020 1
44677 44029 1
100301 49846 1
59971 55489 1
69978 44029 1
65334 6020 1
80733 118012 1
73151 91166 1
138870 91166 1
147680 96230 1
135001 77278 1
83186 118012 1
82225 76006 1
114463 106245 1
114463 103534 1
67857 9349 1
138750 122917 1
151095 31062 1
127570 31062 1
55146 48396 1
144308 125941 1
108287 112765 1
80485 100009 1
113305 94162 1
58777 60562 1
98450 91346 1
1466 28257 1
55658 22239 1
106833 119716 1
140576 93268 1
98603 58823 1
80420 137116 1
143815 131528 1
94908 37937 1
25776 74140 1
25776 113891 1
101207 133651 1
91331 76006 1
51929 70176 1
110553 70176 1
23158 98352 1
17984 6087 1
76062 74329 1
140605 6087 1
41592 6087 1
51975 150419 1
50477 125197 1
123510 7629 1
139351 44499 1
33284 113334 1
141715 82432 1
97952 86257 1
49578 99765 1
139558 146963 1
82243 34694 1
133869 75838 1
48533 118012 1
69826 51929 1
99274 93087 1
49785 113891 1
49785 24352 1
79975 84192 1
119471 74329 1
42109 54552 1
76945 123279 1
76945 153006 1
92582 68021 1
92582 130159 1
65253 154012 1
128694 23888 1
124723 55489 1
81091 91346 1
73691 91931 1
73691 98194 1
152182 90398 1
107740 35671 1
99765 49578 1
99765 118012 1
110464 52092 1
97447 150419 1
140243 70176 1
133659 84192 1
119716 131538 1
7096 139351 1
8820 25557 1
56022 95189 1
49051 151944 1
56413 87570 1
111448 86544 1
69079 73647 1
28744 4852 1
129973 131695 1
82743 82432 1
114840 57894 1
1254 131695 1
130907 23888 1
65890 43066 1
102353 131528 1
137936 35671 1
16955 131695 1
152586 74329 1
49518 23944 1
108414 48900 1
130773 154012 1
77278 76014 1
58312 138085 1
77126 4852 1
105108 86257 1
62572 57894 1
136642 48396 1
138663 80100 1
131192 149120 1
97449 128094 1
69681 84111 1
69681 19992 1
52440 65315 1
76307 4852 1
107773 131528 1
50922 46467 1
65750 59323 1
80999 118791 1
80999 70210 1
88217 91166 1
57766 99004 1
57766 75755 1
101243 89661 1
38185 89661 1
154228 96230 1
150113 80100 1
148615 51789 1
91005 141815 1
131485 146963 1
66468 113334 1
7212 54552 1
78716 86257 1
128096 110825 1
94448 98450 1
112554 143210 1
74377 132789 1
38385 22858 1
38385 46467 1
47008 154012 1
70133 28257 1
95156 79501 1
150297 51789 1
150297 101955 1
91810 81088 1
132473 141554 1
84020 141554 1
114119 67643 1
5569 126483 1
88552 149465 1
103738 96779 1
61564 107740 1
67232 51789 1
66508 3903 1
65802 48900 1
123062 95363 1
137537 78969 1
100009 126305 1
47121 88230 1
31772 125197 1
119833 107120 1
137116 126752 1
137116 137334 1
82117 125082 1
89070 133415 1
138065 87570 1
133332 96779 1
133148 114463 1
133148 55314 1
96113 79501 1
108458 73309 1
108458 78122 1
108458 127917 1
78406 93268 1
149483 93268 1
149483 123894 1
73629 134988 1
73629 66413 1
133708 4852 1
70859 63257 1
70859 117563 1
118228 49104 1
118228 82978 1
118228 3903 1
118228 84525 1
130573 56593 1
130573 67390 1
130573 111748 1
130573 100254 1
102981 150419 1
66769 126005 1
12451 23900 1
12451 16418 1
12451 149084 1
12451 144969 1
12451 27504 1
