112055 105906 1
105906 151875 1
105906 4966 1
105906 61105 1
105906 153821 1
105906 104366 1
153821 105906 1
4966 105906 1
4966 108194 1
104366 88698 1
104366 53206 1
104366 105906 1
104366 122277 1
104366 89860 1
151875 105906 1
61105 105906 1
88698 154435 1
88698 8576 1
88698 37125 1
88698 110742 1
88698 140716 1
108194 130478 1
108194 314 1
108194 41702 1
108194 107883 1
108194 89431 1
53206 102753 1
53206 1543 1
53206 37125 1
53206 104366 1
53206 66080 1
122277 149075 1
122277 3686 1
122277 40717 1
122277 104366 1
122277 85669 1
89860 26035 1
89860 1489 1
89860 58492 1
89860 139507 1
89860 139037 1
314 122639 1
314 94 1
314 1430 1
314 84504 1
314 24307 1
1489 48047 1
1489 80427 1
1489 89860 1
85669 143077 1
85669 64163 1
85669 67382 1
85669 122277 1
3686 122277 1
66080 49767 1
66080 101220 1
66080 57573 1
66080 129760 1
66080 84146 1
139507 89860 1
139507 65047 1
102753 135372 1
102753 6924 1
102753 97603 1
102753 124230 1
102753 53206 1
149075 122277 1
110742 88698 1
8576 104598 1
8576 88698 1
89431 131800 1
89431 1772 1
89431 39165 1
89431 122388 1
89431 112131 1
40717 134199 1
40717 91315 1
40717 122277 1
107883 108194 1
154435 88698 1
41702 108194 1
37125 68370 1
37125 1583 1
37125 127489 1
37125 122913 1
37125 154423 1
58492 128011 1
58492 25049 1
58492 137696 1
58492 153521 1
58492 89860 1
140716 88698 1
139037 46676 1
139037 6135 1
139037 41032 1
139037 89860 1
139037 47222 1
1543 103534 1
1543 110720 1
1543 12451 1
1543 47122 1
1543 152845 1
130478 150112 1
130478 108194 1
130478 120465 1
26035 89860 1
47222 111849 1
47222 393 1
47222 44766 1
47222 119655 1
47222 139037 1
41032 52833 1
41032 2176 1
41032 101144 1
41032 94668 1
41032 150208 1
25049 79979 1
25049 4311 1
25049 62745 1
25049 26840 1
25049 100295 1
84504 88012 1
84504 314 1
84504 106105 1
84504 135745 1
84504 74424 1
57573 108954 1
57573 1439 1
57573 46945 1
57573 154400 1
57573 129718 1
1430 35609 1
1430 314 1
1430 35560 1
1430 107985 1
1430 19656 1
64163 55640 1
64163 104326 1
64163 93459 1
64163 148060 1
64163 43083 1
128011 107736 1
128011 1739 1
128011 26741 1
128011 88130 1
128011 81626 1
101220 38984 1
101220 19872 1
101220 34260 1
101220 66080 1
84146 116561 1
84146 1961 1
84146 49767 1
84146 153252 1
84146 136981 1
6924 107484 1
6924 1680 1
6924 17393 1
6924 34634 1
6924 101182 1
67382 137426 1
67382 759 1
67382 47425 1
67382 130740 1
67382 85669 1
97603 145619 1
97603 948 1
97603 40276 1
97603 129180 1
97603 148632 1
65047 34602 1
65047 3699 1
65047 63672 1
65047 26753 1
65047 147517 1
24307 125005 1
24307 314 1
24307 139230 1
24307 113930 1
24307 130806 1
135372 118316 1
135372 6292 1
135372 136329 1
135372 106124 1
135372 97536 1
143077 134989 1
143077 2797 1
143077 56164 1
143077 111871 1
143077 99492 1
124230 74479 1
124230 415 1
124230 112032 1
124230 53482 1
124230 51507 1
152845 125229 1
152845 1201 1
152845 48013 1
152845 109945 1
152845 104385 1
103534 99370 1
103534 1409 1
103534 144324 1
103534 84263 1
103534 82347 1
12451 27753 1
12451 1220 1
12451 145565 1
12451 80980 1
12451 144969 1
110720 79749 1
110720 152792 1
110720 97348 1
110720 145483 1
110720 57411 1
49767 53080 1
49767 842 1
49767 42435 1
49767 126473 1
49767 84146 1
91315 139215 1
91315 1034 1
91315 48520 1
91315 151748 1
91315 154768 1
47122 75003 1
47122 1543 1
47122 35967 1
47122 125105 1
47122 138789 1
120465 106360 1
120465 1986 1
120465 149724 1
120465 70875 1
120465 60050 1
94 126696 1
94 76928 1
94 136869 1
94 26327 1
94 140622 1
129760 23549 1
129760 128097 1
129760 28413 1
129760 135292 1
129760 61676 1
122388 89431 1
122913 69123 1
122913 1439 1
122913 88946 1
122913 134206 1
122913 50905 1
80427 25798 1
80427 1489 1
80427 40697 1
80427 20880 1
80427 72110 1
48047 127697 1
48047 1489 1
48047 43585 1
48047 126281 1
48047 74463 1
104598 133953 1
104598 2198 1
104598 31773 1
104598 134794 1
104598 81858 1
1772 89431 1
150112 132859 1
150112 1036 1
150112 51233 1
150112 115291 1
150112 101073 1
137696 124289 1
137696 10488 1
137696 45347 1
137696 107713 1
137696 90950 1
131800 153170 1
131800 89431 1
131800 105979 1
39165 89431 1
134199 148613 1
134199 253 1
134199 40717 1
134199 105777 1
134199 85715 1
68370 69751 1
68370 150 1
68370 66291 1
68370 135620 1
68370 18224 1
122639 103679 1
122639 314 1
122639 131268 1
122639 81304 1
122639 63507 1
1583 25103 1
1583 35680 1
1583 107354 1
1583 1739 1
1583 37125 1
127489 37125 1
6135 102512 1
6135 60801 1
6135 24489 1
6135 60374 1
6135 95686 1
154423 5837 1
154423 3331 1
154423 125770 1
154423 92553 1
154423 37125 1
112131 89431 1
153521 52843 1
153521 9461 1
153521 80092 1
153521 48644 1
153521 114379 1
46676 139037 1
46676 9968 1
46676 82615 1
46676 94980 1
46676 81562 1
125770 153843 1
125770 3050 1
125770 48233 1
125770 116795 1
125770 107789 1
5837 54760 1
5837 1768 1
5837 101536 1
5837 118273 1
5837 65484 1
95686 6135 1
60801 6135 1
130740 67382 1
107354 120227 1
107354 150 1
107354 20358 1
107354 93754 1
107354 84006 1
81304 122639 1
103679 122639 1
103679 101554 1
103679 136129 1
105979 112435 1
105979 528 1
105979 138610 1
105979 96800 1
105979 91171 1
153170 129744 1
153170 4386 1
153170 61132 1
153170 104829 1
153170 94761 1
124289 137696 1
1036 150112 1
132859 150112 1
134794 104598 1
2198 104598 1
72110 104261 1
72110 34252 1
72110 80427 1
20880 80427 1
88946 141388 1
88946 7051 1
88946 135018 1
88946 132523 1
88946 136986 1
115291 110753 1
115291 1507 1
115291 154434 1
115291 92116 1
115291 76780 1
69123 118969 1
69123 1325 1
69123 147686 1
69123 144920 1
69123 95753 1
137426 25801 1
137426 130530 1
137426 30048 1
137426 144676 1
137426 64348 1
61676 119784 1
61676 2105 1
61676 40006 1
61676 108758 1
61676 122635 1
28413 62933 1
28413 129760 1
28413 29405 1
28413 35466 1
28413 94728 1
2797 61941 1
2797 17579 1
2797 143077 1
111849 47222 1
111849 16359 1
136869 96116 1
136869 94 1
136869 130079 1
136869 131055 1
136869 100639 1
10488 137696 1
128097 127395 1
128097 969 1
128097 152424 1
128097 92582 1
128097 85602 1
35680 28450 1
35680 1583 1
35680 105604 1
35680 107661 1
35680 92292 1
26327 83282 1
26327 94 1
26327 122636 1
26327 59492 1
60050 79895 1
60050 1466 1
60050 128352 1
60050 113583 1
60050 147607 1
70875 120465 1
149724 120465 1
1986 120465 1
27753 147147 1
27753 12451 1
27753 96674 1
80092 153521 1
80092 17270 1
80092 148017 1
80092 87553 1
80092 90174 1
106360 120465 1
106360 31966 1
125105 116391 1
125105 47122 1
125105 71183 1
85715 134199 1
85715 136254 1
154768 91315 1
48520 91315 1
1034 91315 1
76928 111700 1
76928 94 1
76928 17217 1
76928 94054 1
139215 91315 1
9461 57934 1
9461 126752 1
9461 76903 1
9461 110243 1
9461 154163 1
52843 76735 1
52843 9 1
52843 69204 1
52843 69034 1
52843 145438 1
105777 95633 1
105777 1991 1
105777 138745 1
105777 56624 1
105777 129679 1
126473 81091 1
126473 151537 1
126473 107963 1
126473 154460 1
126473 60074 1
106124 135372 1
94980 135749 1
94980 719 1
94980 46266 1
94980 146963 1
94980 84631 1
42435 97852 1
42435 124913 1
42435 107753 1
42435 114379 1
42435 40917 1
74463 59323 1
74463 806 1
74463 48047 1
74463 88402 1
74463 80192 1
97348 69292 1
97348 145090 1
97348 87974 1
97348 152435 1
97348 56023 1
415 124230 1
415 133466 1
415 94444 1
148613 134199 1
152792 110720 1
152792 13733 1
152792 108968 1
81626 128011 1
79749 110720 1
145565 12451 1
94668 36781 1
94668 9047 1
94668 52252 1
94668 109427 1
94668 151224 1
50905 114406 1
50905 537 1
50905 47177 1
50905 84171 1
50905 51000 1
82347 136752 1
82347 4806 1
82347 44215 1
82347 130573 1
82347 79621 1
57411 40663 1
57411 8623 1
57411 57029 1
57411 133555 1
57411 75949 1
43083 64163 1
53080 133466 1
53080 49767 1
53080 150117 1
53080 146750 1
53080 154460 1
116561 126473 1
116561 17246 1
116561 101067 1
116561 109827 1
116561 70760 1
106105 129581 1
106105 1543 1
106105 54567 1
106105 102655 1
106105 96116 1
6292 118127 1
6292 4093 1
6292 53034 1
6292 91771 1
6292 48326 1
26741 128011 1
26741 831 1
26741 100018 1
26741 147150 1
26741 52092 1
75003 47122 1
75003 32672 1
75003 44786 1
75003 147361 1
38984 101220 1
38984 699 1
38984 117379 1
38984 68674 1
38984 85690 1
60374 31151 1
60374 6135 1
107736 132123 1
107736 16908 1
107736 128011 1
107736 149555 1
107736 58910 1
104326 152627 1
104326 675 1
104326 52452 1
104326 128013 1
104326 100698 1
63507 111440 1
63507 3285 1
63507 151029 1
63507 138786 1
63507 74024 1
133953 109161 1
133953 104598 1
133953 107881 1
1220 12451 1
97536 71702 1
97536 100310 1
97536 84918 1
97536 97632 1
97536 50423 1
40276 97603 1
1409 103534 1
1409 51219 1
35609 58920 1
35609 1430 1
135292 144874 1
135292 4825 1
135292 53873 1
135292 113353 1
135292 101835 1
19872 72424 1
19872 1129 1
19872 30358 1
19872 51789 1
19872 132936 1
81562 46676 1
82615 46676 1
82615 8573 1
82615 33359 1
114379 35671 1
114379 60679 1
114379 43333 1
114379 54822 1
114379 81468 1
144324 103534 1
55640 103529 1
55640 3763 1
55640 51584 1
55640 133709 1
55640 139458 1
92553 105666 1
92553 945 1
92553 37839 1
92553 101781 1
92553 151553 1
9968 46676 1
9968 53144 1
9968 110210 1
9968 64558 1
1201 152845 1
90950 137696 1
51507 90506 1
51507 22969 1
51507 59804 1
51507 124230 1
51507 137305 1
125229 57497 1
125229 11648 1
125229 149240 1
125229 152845 1
125229 72409 1
147517 99099 1
147517 48396 1
147517 65047 1
107484 113763 1
107484 3177 1
107484 62383 1
107484 67199 1
107484 23468 1
66291 120791 1
66291 11032 1
66291 42276 1
66291 122679 1
66291 146602 1
109945 93294 1
109945 5417 1
109945 118016 1
109945 116697 1
109945 74424 1
144969 12451 1
136329 97536 1
136329 1377 1
136329 126181 1
136329 83226 1
136329 72909 1
145483 122238 1
145483 656 1
145483 44437 1
145483 99419 1
145483 92864 1
74479 141784 1
74479 312 1
74479 111638 1
74479 70296 1
74479 109037 1
153252 84146 1
139230 116672 1
139230 3981 1
139230 150078 1
139230 105342 1
139230 89224 1
53482 85789 1
53482 8488 1
53482 32430 1
53482 124230 1
53482 61229 1
145619 97603 1
150 129745 1
150 109827 1
150 78461 1
150 62180 1
150 114766 1
93459 37339 1
93459 13062 1
93459 26305 1
93459 120291 1
93459 64163 1
140622 94 1
125005 121196 1
125005 2264 1
125005 151791 1
125005 100574 1
125005 97057 1
111871 143077 1
111871 132979 1
134206 122913 1
17393 6924 1
3699 140335 1
3699 2245 1
3699 88633 1
3699 149388 1
3699 46239 1
104385 152845 1
148632 97603 1
948 154500 1
948 13753 1
948 97603 1
948 25473 1
63672 101252 1
63672 11648 1
63672 109389 1
63672 118968 1
63672 65047 1
99492 143077 1
138789 47122 1
84263 103534 1
759 135767 1
759 42915 1
759 125660 1
759 149517 1
759 56842 1
150208 141779 1
150208 41032 1
113930 118075 1
113930 8692 1
113930 50798 1
113930 112701 1
113930 105152 1
101182 73584 1
101182 6924 1
101182 122449 1
101182 39623 1
101182 24028 1
51233 150112 1
48644 153521 1
48644 18955 1
1680 6924 1
102512 6135 1
135745 84504 1
135745 20781 1
135745 59323 1
80980 116751 1
80980 12451 1
2176 41032 1
136981 138827 1
136981 14540 1
136981 84146 1
99370 103534 1
81858 53058 1
81858 99926 1
81858 65593 1
81858 145031 1
81858 154551 1
74424 70890 1
74424 3 1
74424 136088 1
74424 97907 1
74424 50503 1
47425 67382 1
130806 84504 1
130806 24307 1
130806 149731 1
130806 140968 1
130806 86988 1
34260 78728 1
34260 666 1
34260 92822 1
34260 101220 1
34260 124946 1
26840 25049 1
45347 154588 1
45347 137696 1
45347 112642 1
26753 65047 1
26753 4168 1
62745 136972 1
62745 3438 1
62745 97902 1
62745 114736 1
62745 86182 1
154400 144974 1
154400 2441 1
154400 41850 1
154400 119230 1
154400 100130 1
34602 65047 1
101144 146592 1
101144 2377 1
101144 136142 1
101144 105348 1
101144 84524 1
3331 74725 1
3331 3239 1
3331 60583 1
3331 120163 1
3331 11209 1
35967 63149 1
35967 47122 1
35967 69195 1
35967 93718 1
1739 97761 1
1739 380 1
1739 129057 1
1739 40952 1
1739 5314 1
119655 138827 1
119655 47222 1
119655 74380 1
119655 153397 1
88130 149597 1
88130 498 1
88130 55484 1
88130 151962 1
88130 85660 1
1961 84146 1
1961 7304 1
1961 107801 1
1961 124725 1
1961 36933 1
44766 47222 1
44766 53034 1
34634 46157 1
34634 6924 1
34634 50603 1
34634 117783 1
393 42172 1
393 36786 1
393 132259 1
393 47222 1
393 20982 1
112032 70296 1
112032 23682 1
112032 118322 1
112032 47164 1
112032 99266 1
100295 79738 1
100295 25049 1
100295 58743 1
100295 84611 1
52833 65181 1
52833 41032 1
151748 91315 1
118316 87245 1
118316 52060 1
118316 68843 1
118316 135372 1
25103 36067 1
25103 1583 1
25103 103678 1
25103 34505 1
25103 75582 1
129180 39622 1
129180 19429 1
129180 34231 1
129180 147868 1
129180 97603 1
25798 80427 1
25798 56392 1
131268 122639 1
131268 105979 1
107985 55561 1
107985 1430 1
35560 1430 1
127697 48047 1
127697 13826 1
24489 6135 1
23549 114921 1
23549 2969 1
23549 129760 1
23549 71375 1
23549 149316 1
134989 133170 1
134989 15900 1
134989 67827 1
134989 143077 1
19656 109691 1
19656 1430 1
19656 66807 1
19656 136088 1
19656 53602 1
1439 86255 1
1439 842 1
1439 22698 1
1439 35844 1
1439 57614 1
56164 143077 1
842 115321 1
842 38644 1
842 141507 1
842 84690 1
842 81207 1
46945 56823 1
46945 565 1
46945 78481 1
46945 48612 1
46945 80341 1
79979 60048 1
79979 25049 1
101073 117326 1
101073 3590 1
101073 56276 1
101073 142610 1
101073 112514 1
129718 27688 1
129718 2255 1
129718 102126 1
129718 13187 1
129718 133418 1
107713 140968 1
107713 94 1
107713 116850 1
107713 99990 1
107713 95463 1
88012 83753 1
88012 1684 1
88012 99087 1
88012 141228 1
88012 69664 1
253 137983 1
253 150 1
253 60096 1
253 37746 1
253 94956 1
48013 148406 1
48013 824 1
48013 97467 1
48013 83481 1
48013 57099 1
126696 10875 1
126696 94 1
126696 9679 1
126696 33377 1
126696 29405 1
31773 97110 1
31773 107881 1
31773 104598 1
31773 108839 1
4311 7889 1
4311 635 1
4311 96487 1
4311 131008 1
4311 51641 1
40697 97880 1
40697 6722 1
40697 76296 1
40697 85317 1
40697 153956 1
108954 68082 1
108954 132324 1
108954 81947 1
108954 130320 1
108954 41313 1
69751 107881 1
69751 1756 1
69751 32591 1
69751 108217 1
69751 101671 1
135620 68370 1
135620 1627 1
135620 135005 1
135620 59184 1
135620 115427 1
18224 70495 1
18224 12147 1
18224 148895 1
18224 86967 1
18224 110528 1
126281 68003 1
126281 48047 1
126281 54914 1
126281 116073 1
148060 114133 1
148060 59029 1
148060 135865 1
148060 138094 1
148060 116048 1
43585 48047 1
136142 101144 1
2377 101144 1
100130 154400 1
144974 154400 1
11648 24093 1
114736 62745 1
969 128097 1
4168 8010 1
124946 34260 1
666 34260 1
97907 74424 1
70890 74424 1
65593 81858 1
99926 114379 1
55484 88130 1
14540 53144 1
138827 1468 1
138827 119655 1
104261 72110 1
20781 5837 1
51584 55640 1
144874 135292 1
112701 113930 1
56842 759 1
48612 46945 1
153956 40697 1
149517 759 1
1377 97632 1
1377 50089 1
125660 759 1
154551 81858 1
118968 831 1
25473 948 1
13753 948 1
131008 32325 1
131008 4311 1
8692 113930 1
149388 3699 1
140335 3699 1
88633 121523 1
88633 129760 1
78728 34260 1
154500 948 1
132979 111871 1
120291 23180 1
26305 5409 1
114766 150 1
114766 101933 1
147686 97536 1
62180 150 1
35844 1439 1
35844 61328 1
78461 53206 1
78461 150 1
8488 53482 1
85789 1132 1
89224 139230 1
100698 104326 1
136088 528 1
3981 56023 1
3981 1543 1
75582 25103 1
70296 842 1
70296 95463 1
88402 118547 1
67827 134989 1
312 62937 1
56276 101073 1
57099 48013 1
57099 97348 1
92864 145483 1
99419 145483 1
656 129760 1
656 145483 1
83226 136329 1
154588 52570 1
137305 51507 1
136972 62745 1
93294 150078 1
93294 109945 1
146602 66291 1
120791 66291 1
67199 108954 1
4825 135292 1
59804 71702 1
22969 56392 1
22969 146750 1
90506 51507 1
61229 53482 1
118016 109945 1
137983 253 1
137983 150251 1
95753 312 1
130573 3262 1
91171 105979 1
73584 701 1
56023 131055 1
68674 38984 1
109427 116048 1
109427 94668 1
380 1739 1
48233 125770 1
48233 51219 1
136986 115321 1
136986 2245 1
109827 150 1
109827 129922 1
148895 18224 1
148895 52843 1
93754 107354 1
86988 51725 1
86988 139981 1
1507 115291 1
32591 69751 1
52252 94668 1
54567 106105 1
62383 107484 1
116391 50577 1
105152 113930 1
87974 60562 1
112514 89976 1
112514 96386 1
105348 101144 1
132936 19872 1
8623 3763 1
42915 759 1
39623 4767 1
39623 101182 1
39623 97329 1
56392 58812 1
56392 140965 1
96674 92367 1
133709 55640 1
69034 122449 1
69034 18275 1
69034 52843 1
69034 108543 1
107661 35680 1
138745 253 1
138745 106543 1
51219 955 1
51219 48233 1
128352 60050 1
118127 42969 1
118127 112981 1
118127 102157 1
110243 337 1
110243 126264 1
129057 58910 1
129057 1739 1
76296 2749 1
76296 108191 1
100018 926 1
100018 46068 1
100018 110709 1
17270 227 1
17270 88059 1
17270 27709 1
30358 103065 1
30358 139028 1
79738 3295 1
138610 122964 1
138610 105979 1
138610 67199 1
153397 694 1
153397 54155 1
130079 27503 1
130079 314 1
130079 61500 1
130079 122929 1
71183 5564 1
71183 53624 1
71183 78125 1
71183 98181 1
84631 118107 1
84631 53351 1
84631 105506 1
51000 50905 1
34231 150154 1
34231 49105 1
97852 147009 1
97852 109113 1
69292 97348 1
69292 152151 1
69292 92356 1
121196 128667 1
121196 152599 1
146963 49488 1
146963 94980 1
146963 48118 1
133466 415 1
133466 98864 1
133466 53894 1
97632 1377 1
97632 24468 1
97632 82120 1
699 38984 1
84171 50905 1
116073 37829 1
116073 98942 1
4806 143703 1
4806 54482 1
133555 138437 1
117783 123385 1
117783 101503 1
117783 89860 1
101067 146750 1
101067 82195 1
117379 38984 1
3239 3331 1
120163 3331 1
116048 94382 1
44437 145483 1
60074 126473 1
95463 6937 1
95463 103266 1
95463 94942 1
61941 2797 1
61941 93509 1
56624 111059 1
56624 37230 1
56624 106289 1
97761 58910 1
97761 1739 1
107963 53804 1
107963 126473 1
116697 10803 1
103529 55640 1
151791 125005 1
7304 153363 1
7304 1961 1
7304 112760 1
124913 126217 1
124913 111507 1
5314 43595 1
5314 1739 1
5314 58910 1
13733 140140 1
565 46945 1
149597 107354 1
149597 63943 1
151962 60422 1
151962 498 1
151962 144817 1
151553 1684 1
151553 72165 1
151553 37548 1
124725 1961 1
94444 415 1
36933 1961 1
36933 125103 1
141228 41901 1
141228 86049 1
36786 393 1
36786 23143 1
132259 393 1
132259 40916 1
146750 2961 1
146750 104787 1
146750 97757 1
1991 3688 1
152435 147884 1
152435 97348 1
23682 120073 1
112435 76289 1
112435 105979 1
112435 154742 1
100574 125005 1
154460 53080 1
154460 111941 1
84611 79593 1
84611 113861 1
36067 25103 1
103678 25103 1
34505 117607 1
34505 107717 1
52092 66129 1
52092 3796 1
52092 106885 1
42276 153548 1
42276 89661 1
59323 74463 1
59323 498 1
79621 64499 1
39622 129180 1
39622 83456 1
39622 138491 1
15900 2288 1
42172 393 1
83481 48013 1
635 4311 1
9047 94668 1
114921 23549 1
71375 49927 1
146592 81091 1
85690 38984 1
104829 153170 1
69195 140968 1
107801 129707 1
107801 1961 1
13187 129718 1
141507 842 1
141507 109626 1
81207 842 1
81207 40727 1
56823 46945 1
56823 48326 1
84690 842 1
117326 101073 1
4386 153170 1
50603 111518 1
40952 152599 1
40952 1739 1
40952 75951 1
12147 18224 1
3590 101073 1
31966 37746 1
2969 23549 1
19429 29485 1
142610 3262 1
142610 101073 1
27688 129718 1
102126 129718 1
102126 2255 1
149316 146377 1
72424 19872 1
2255 57573 1
2255 141976 1
61132 153170 1
136752 82347 1
86255 89431 1
86255 1439 1
133418 129718 1
83753 88012 1
20982 393 1
99990 842 1
1684 151553 1
135018 88946 1
148406 48013 1
47177 50905 1
69664 88012 1
69664 719 1
69664 72561 1
48396 147517 1
140968 130806 1
37746 253 1
7889 131008 1
824 48013 1
151224 94668 1
51641 4311 1
51641 109037 1
72909 842 1
116672 70296 1
116672 528 1
498 88130 1
498 24028 1
498 1739 1
498 151962 1
10875 126696 1
108217 69751 1
60096 253 1
60096 46950 1
97110 31773 1
11209 842 1
80341 46945 1
6722 40697 1
129745 129922 1
129745 150 1
129745 107354 1
129745 84006 1
132324 842 1
70495 18224 1
70495 141507 1
1756 69751 1
135005 126906 1
110528 18224 1
65484 5837 1
90174 128687 1
90174 89661 1
7051 133945 1
7051 47164 1
118969 69123 1
33377 1325 1
68003 701 1
81091 100605 1
135865 91582 1
81468 114379 1
109389 87262 1
20358 137426 1
20358 129922 1
101835 135292 1
40663 71463 1
17579 2510 1
78481 46945 1
118273 5837 1
119784 61676 1
62933 470 1
122238 145483 1
59492 61433 1
3050 125770 1
94956 253 1
101536 5837 1
151537 89661 1
74725 3331 1
141388 88946 1
153843 125770 1
116795 48013 1
33359 98884 1
76780 115291 1
118075 113930 1
53058 81858 1
53058 131377 1
96487 56624 1
96487 113861 1
76735 52843 1
719 69664 1
719 94980 1
24028 498 1
24028 88130 1
59029 106462 1
68082 82013 1
46157 147765 1
120227 150 1
120227 107354 1
111638 103575 1
129744 153170 1
92582 128097 1
92582 4093 1
92292 35680 1
94761 119421 1
94761 110720 1
136129 314 1
136129 103679 1
84006 150 1
101554 115263 1
144920 69123 1
69204 3298 1
95633 129581 1
17246 842 1
38644 842 1
528 116672 1
151029 63507 1
97902 62745 1
144676 2862 1
58910 1739 1
58910 97761 1
22698 1439 1
22698 98127 1
22698 43983 1
64348 137426 1
138786 63507 1
152424 128097 1
96800 105979 1
96800 57053 1
96116 314 1
4093 253 1
3 74424 1
70760 842 1
108968 94054 1
136254 80427 1
2105 61676 1
113353 135292 1
105604 35680 1
111700 2639 1
50798 113930 1
3763 94 1
110753 115291 1
1325 115321 1
40006 94728 1
145438 1583 1
40917 46308 1
86182 62745 1
94728 113891 1
53034 6292 1
53034 136088 1
92116 115291 1
51789 65593 1
100639 136869 1
101671 69751 1
54760 5837 1
147147 136648 1
127395 128097 1
129581 106105 1
129581 95633 1
85602 128097 1
28450 35680 1
105342 54914 1
113583 60050 1
113583 806 1
114406 50905 1
9 52843 1
122636 98729 1
76903 32430 1
76903 72870 1
64558 151716 1
147607 114805 1
147607 60050 1
122635 61805 1
122635 50423 1
831 85464 1
3285 63507 1
32672 149362 1
41850 154400 1
31151 60374 1
72409 135005 1
60583 3331 1
128013 104326 1
149555 75949 1
84524 101144 1
152627 104326 1
102655 106105 1
52452 104326 1
5417 109945 1
111440 63507 1
74024 143924 1
85660 88130 1
107881 133953 1
116751 675 1
116751 80980 1
3177 107484 1
71702 108954 1
1768 5837 1
945 92553 1
58920 35609 1
53873 135292 1
53873 121070 1
1129 19872 1
537 50905 1
43333 114379 1
122679 66291 1
122679 152898 1
122679 104332 1
122679 100720 1
2441 154400 1
2441 37195 1
2441 7852 1
135767 121753 1
135767 153595 1
135767 103307 1
92822 72255 1
92822 119738 1
92822 82822 1
92822 110651 1
92822 47824 1
139458 55640 1
32430 8987 1
32430 146358 1
32430 76903 1
11032 7531 1
11032 103548 1
105666 92553 1
1627 93725 1
1627 10473 1
1627 21104 1
37839 92553 1
119230 50847 1
119230 144836 1
119230 119047 1
101781 41136 1
101781 92553 1
101781 110953 1
86967 18224 1
86967 42915 1
53144 106521 1
53144 133784 1
53144 90168 1
53144 126318 1
13062 90726 1
13062 1728 1
59184 91033 1
59184 122907 1
59184 36431 1
110210 124366 1
110210 2490 1
110210 61930 1
110210 148770 1
