0.0000 0.0023 0.0257 0.1553 0.3492 0.2992 0.1242 0.0349 0.0077 0.0013 0.0002 0.0001 0.0000 0.0000 0.0000 0.0000 0.0000 0.0000 0.0000 0.0000 0.0000 0.0000 0.0000 0.0000 0.0000 0.0000 LCC_Landmark_Degree_2136_subset.txt
0.0000 0.0017 0.0200 0.1349 0.3404 0.3153 0.1377 0.0394 0.0087 0.0015 0.0003 0.0001 0.0000 0.0000 0.0000 0.0000 0.0000 0.0000 0.0000 0.0000 0.0000 0.0000 0.0000 0.0000 0.0000 0.0000 LCC_Landmark_Degree_4272_subset.txt
0.0000 0.0011 0.0131 0.1015 0.3098 0.3431 0.1677 0.0499 0.0113 0.0021 0.0004 0.0001 0.0000 0.0000 0.0000 0.0000 0.0000 0.0000 0.0000 0.0000 0.0000 0.0000 0.0000 0.0000 0.0000 0.0000 LCC_Landmark_Degree_8545_subset.txt
0.0000 0.0004 0.0046 0.0415 0.1869 0.3412 0.2663 0.1148 0.0346 0.0078 0.0016 0.0003 0.0001 0.0000 0.0000 0.0000 0.0000 0.0000 0.0000 0.0000 0.0000 0.0000 0.0000 0.0000 0.0000 0.0000 LCC_Landmark_Uniform_2136_subset.txt
0.0000 0.0004 0.0047 0.0428 0.1883 0.3385 0.2654 0.1157 0.0347 0.0078 0.0014 0.0002 0.0000 0.0000 0.0000 0.0000 0.0000 0.0000 0.0000 0.0000 0.0000 0.0000 0.0000 0.0000 0.0000 0.0000 LCC_Landmark_Uniform_4272_subset.txt
0.0000 0.0004 0.0046 0.0422 0.1876 0.3407 0.2660 0.1144 0.0343 0.0080 0.0015 0.0003 0.0000 0.0000 0.0000 0.0000 0.0000 0.0000 0.0000 0.0000 0.0000 0.0000 0.0000 0.0000 0.0000 0.0000 LCC_Landmark_Uniform_8545_subset.txt
0.0000 0.0040 0.0338 0.1878 0.3797 0.2813 0.0916 0.0184 0.0030 0.0004 0.0001 0.0000 0.0000 0.0000 0.0000 0.0000 0.0000 0.0000 0.0000 0.0000 0.0000 0.0000 0.0000 0.0000 0.0000 0.0000 LCC_Randomwalk_2136_subset.txt
0.0000 0.0023 0.0239 0.1572 0.3757 0.3109 0.1060 0.0208 0.0028 0.0003 0.0000 0.0000 0.0000 0.0000 0.0000 0.0000 0.0000 0.0000 0.0000 0.0000 0.0000 0.0000 0.0000 0.0000 0.0000 0.0000 LCC_Randomwalk_4272_subset.txt
0.0000 0.0012 0.0148 0.1148 0.3452 0.3512 0.1383 0.0295 0.0043 0.0005 0.0001 0.0000 0.0000 0.0000 0.0000 0.0000 0.0000 0.0000 0.0000 0.0000 0.0000 0.0000 0.0000 0.0000 0.0000 0.0000 LCC_Randomwalk_8545_subset.txt
0.0000 0.0038 0.0349 0.2008 0.4089 0.2714 0.0698 0.0096 0.0007 0.0000 0.0000 0.0000 0.0000 0.0000 0.0000 0.0000 0.0000 0.0000 0.0000 0.0000 0.0000 0.0000 0.0000 0.0000 0.0000 0.0000 LCC_Snowball_2136_subset.txt
0.0000 0.0023 0.0248 0.1651 0.3918 0.3068 0.0928 0.0149 0.0015 0.0001 0.0000 0.0000 0.0000 0.0000 0.0000 0.0000 0.0000 0.0000 0.0000 0.0000 0.0000 0.0000 0.0000 0.0000 0.0000 0.0000 LCC_Snowball_4272_subset.txt
0.0000 0.0012 0.0136 0.1074 0.3350 0.3597 0.1475 0.0307 0.0044 0.0005 0.0000 0.0000 0.0000 0.0000 0.0000 0.0000 0.0000 0.0000 0.0000 0.0000 0.0000 0.0000 0.0000 0.0000 0.0000 0.0000 LCC_Snowball_8545_subset.txt
