0.0000 0.0004 0.0047 0.0426 0.1883 0.3395 0.2651 0.1145 0.0346 0.0082 0.0016 0.0003 0.0000 0.0000 0.0000 0.0000 0.0000 0.0000 0.0000 0.0000 0.0000 0.0000 0.0000 0.0000 0.0000 0.0000 LCC
0.0000 0.0028 0.0207 0.0877 0.1898 0.2717 0.2253 0.1240 0.0506 0.0183 0.0064 0.0020 0.0005 0.0001 0.0000 0.0000 0.0000 0.0000 0.0000 0.0000 0.0000 0.0000 0.0000 0.0000 0.0000 0.0000 LandmarkDApsp_500
0.0000 0.0027 0.0201 0.0908 0.2143 0.2760 0.2091 0.1117 0.0477 0.0181 0.0064 0.0022 0.0006 0.0002 0.0000 0.0000 0.0000 0.0000 0.0000 0.0000 0.0000 0.0000 0.0000 0.0000 0.0000 0.0000 LandmarkDApsp_1000
0.0000 0.0024 0.0203 0.1008 0.2333 0.2763 0.1969 0.1020 0.0432 0.0159 0.0057 0.0021 0.0007 0.0002 0.0000 0.0000 0.0000 0.0000 0.0000 0.0000 0.0000 0.0000 0.0000 0.0000 0.0000 0.0000 LandmarkDApsp_2000
0.0000 0.0004 0.0034 0.0215 0.0498 0.1096 0.1932 0.2234 0.1726 0.1108 0.0624 0.0307 0.0135 0.0054 0.0021 0.0008 0.0003 0.0001 0.0000 0.0000 0.0000 0.0000 0.0000 0.0000 0.0000 0.0000 LandmarkUApsp_500
0.0000 0.0004 0.0030 0.0150 0.0360 0.0991 0.1801 0.2089 0.1872 0.1295 0.0732 0.0377 0.0179 0.0077 0.0029 0.0010 0.0003 0.0001 0.0000 0.0000 0.0000 0.0000 0.0000 0.0000 0.0000 0.0000 LandmarkUApsp_1000
0.0000 0.0004 0.0024 0.0098 0.0286 0.0822 0.1553 0.2034 0.1989 0.1457 0.0880 0.0461 0.0219 0.0101 0.0045 0.0018 0.0007 0.0002 0.0001 0.0000 0.0000 0.0000 0.0000 0.0000 0.0000 0.0000 LandmarkUApsp_2000
0.0000 0.0047 0.0067 0.0080 0.0092 0.0107 0.0125 0.0143 0.0162 0.0181 0.0201 0.0223 0.0243 0.0266 0.0291 0.0311 0.0332 0.0349 0.0358 0.0365 0.0368 0.0366 0.0365 0.0363 0.0356 0.0344 RandomWalk_500
0.0000 0.0024 0.0037 0.0050 0.0063 0.0081 0.0102 0.0129 0.0160 0.0197 0.0240 0.0281 0.0321 0.0359 0.0394 0.0424 0.0447 0.0467 0.0477 0.0477 0.0473 0.0462 0.0446 0.0424 0.0398 0.0368 RandomWalk_1000
0.0000 0.0013 0.0024 0.0039 0.0062 0.0100 0.0157 0.0237 0.0341 0.0460 0.0583 0.0692 0.0771 0.0817 0.0829 0.0803 0.0745 0.0665 0.0573 0.0480 0.0388 0.0306 0.0235 0.0177 0.0132 0.0098 RandomWalk_2000
0.0000 0.0063 0.0182 0.0395 0.0801 0.1277 0.1703 0.1840 0.1716 0.1190 0.0641 0.0157 0.0034 0.0000 0.0000 0.0000 0.0000 0.0000 0.0000 0.0000 0.0000 0.0000 0.0000 0.0000 0.0000 0.0000 Snowball_500
0.0000 0.0036 0.0120 0.0331 0.0807 0.1462 0.1950 0.1971 0.1593 0.0962 0.0527 0.0194 0.0046 0.0000 0.0000 0.0000 0.0000 0.0000 0.0000 0.0000 0.0000 0.0000 0.0000 0.0000 0.0000 0.0000 Snowball_1000
0.0000 0.0018 0.0063 0.0187 0.0506 0.1086 0.1772 0.2152 0.1957 0.1329 0.0662 0.0218 0.0045 0.0005 0.0000 0.0000 0.0000 0.0000 0.0000 0.0000 0.0000 0.0000 0.0000 0.0000 0.0000 0.0000 Snowball_2000
